{
"lowlevel": {
    "average_loudness": 0.99068403244,
    "barkbands_crest": {
        "dmean": 2.33308839798,
        "dmean2": 3.43810153008,
        "dvar": 6.54935693741,
        "dvar2": 16.2045936584,
        "max": 26.9614372253,
        "mean": 18.7084770203,
        "median": 21.1393527985,
        "min": 4.78069782257,
        "var": 54.8027114868
    },
    "barkbands_flatness_db": {
        "dmean": 0.0395662486553,
        "dmean2": 0.0431443825364,
        "dvar": 0.00122178136371,
        "dvar2": 0.00209290045314,
        "max": 0.58202534914,
        "mean": 0.303365916014,
        "median": 0.25996029377,
        "min": 0.0736000165343,
        "var": 0.0226680319756
    },
    "barkbands_kurtosis": {
        "dmean": 329.058380127,
        "dmean2": 400.158843994,
        "dvar": 627058.125,
        "dvar2": 996732.75,
        "max": 6830.90625,
        "mean": 486.923034668,
        "median": 43.4978218079,
        "min": -1.14458358288,
        "var": 1501583.875
    },
    "barkbands_skewness": {
        "dmean": 4.14019203186,
        "dmean2": 4.74127912521,
        "dvar": 44.2786483765,
        "dvar2": 70.0839004517,
        "max": 76.7939987183,
        "mean": 10.6663513184,
        "median": 5.86059713364,
        "min": 0.0563930422068,
        "var": 208.304351807
    },
    "barkbands_spread": {
        "dmean": 2.56917047501,
        "dmean2": 3.45750880241,
        "dvar": 16.5960140228,
        "dvar2": 45.9646606445,
        "max": 36.0363769531,
        "mean": 6.01808261871,
        "median": 2.32514595985,
        "min": 0.0217591505498,
        "var": 62.5132255554
    },
    "dissonance": {
        "dmean": 0.0380865558982,
        "dmean2": 0.0579691119492,
        "dvar": 0.00122070440557,
        "dvar2": 0.00326606095769,
        "max": 0.488481879234,
        "mean": 0.374361157417,
        "median": 0.398060768843,
        "min": 0.131900027394,
        "var": 0.00775098940358
    },
    "dynamic_complexity": 13.7089176178,
    "erbbands_crest": {
        "dmean": 3.08777308464,
        "dmean2": 4.83465099335,
        "dvar": 11.4144334793,
        "dvar2": 24.4682006836,
        "max": 31.604598999,
        "mean": 17.4310264587,
        "median": 17.2222175598,
        "min": 3.8016462326,
        "var": 99.2668304443
    },
    "erbbands_flatness_db": {
        "dmean": 0.0296945311129,
        "dmean2": 0.0311041455716,
        "dvar": 0.000725262158085,
        "dvar2": 0.00107291270979,
        "max": 0.4936632514,
        "mean": 0.277278840542,
        "median": 0.249714270234,
        "min": 0.1115539819,
        "var": 0.0120979929343
    },
    "erbbands_kurtosis": {
        "dmean": 24.0517234802,
        "dmean2": 27.919467926,
        "dvar": 2240.42260742,
        "dvar2": 3739.78759766,
        "max": 503.146270752,
        "mean": 47.4611320496,
        "median": 3.18361949921,
        "min": -1.39279651642,
        "var": 11296.46875
    },
    "erbbands_skewness": {
        "dmean": 1.12853837013,
        "dmean2": 1.36538004875,
        "dvar": 1.79701328278,
        "dvar2": 4.08190202713,
        "max": 17.1239471436,
        "mean": 3.36816096306,
        "median": 1.77987670898,
        "min": -0.654890239239,
        "var": 16.8589344025
    },
    "erbbands_spread": {
        "dmean": 4.03049182892,
        "dmean2": 5.73032140732,
        "dvar": 20.4546833038,
        "dvar2": 46.2457618713,
        "max": 56.1661758423,
        "mean": 15.2451457977,
        "median": 13.1467323303,
        "min": 0.438473403454,
        "var": 185.514541626
    },
    "hfc": {
        "dmean": 1.07132232189,
        "dmean2": 1.03769731522,
        "dvar": 5.46123170853,
        "dvar2": 4.66042566299,
        "max": 20.1095714569,
        "mean": 1.80184030533,
        "median": 0.173363417387,
        "min": 0.00292167370208,
        "var": 18.551525116
    },
    "melbands_crest": {
        "dmean": 3.12518429756,
        "dmean2": 4.47363424301,
        "dvar": 9.67843914032,
        "dvar2": 21.6907348633,
        "max": 33.424747467,
        "mean": 23.1920413971,
        "median": 26.918762207,
        "min": 5.85658168793,
        "var": 74.6476593018
    },
    "melbands_flatness_db": {
        "dmean": 0.0439811423421,
        "dmean2": 0.0480401925743,
        "dvar": 0.00137090007775,
        "dvar2": 0.00259086559527,
        "max": 0.694552481174,
        "mean": 0.402919620275,
        "median": 0.370341420174,
        "min": 0.127286493778,
        "var": 0.0246508009732
    },
    "melbands_kurtosis": {
        "dmean": 27.7142543793,
        "dmean2": 30.4424877167,
        "dvar": 1579.08752441,
        "dvar2": 1771.06384277,
        "max": 392.205627441,
        "mean": 68.3945159912,
        "median": 25.3917655945,
        "min": -0.344883441925,
        "var": 8697.84375
    },
    "melbands_skewness": {
        "dmean": 1.31947505474,
        "dmean2": 1.70537543297,
        "dvar": 1.90406286716,
        "dvar2": 3.6762008667,
        "max": 11.1036844254,
        "mean": 4.24167156219,
        "median": 3.22067737579,
        "min": 0.475712805986,
        "var": 7.15984344482
    },
    "melbands_spread": {
        "dmean": 2.72145199776,
        "dmean2": 3.64635038376,
        "dvar": 24.627117157,
        "dvar2": 50.4146003723,
        "max": 46.6102218628,
        "mean": 6.28382730484,
        "median": 2.51987743378,
        "min": 0.1699937433,
        "var": 73.2253646851
    },
    "pitch_salience": {
        "dmean": 0.0842303782701,
        "dmean2": 0.126872196794,
        "dvar": 0.00750903692096,
        "dvar2": 0.0208794493228,
        "max": 0.755416870117,
        "mean": 0.355105608702,
        "median": 0.380946069956,
        "min": 0.0302016288042,
        "var": 0.047168944031
    },
    "silence_rate_20dB": {
        "dmean": 0,
        "dmean2": 0,
        "dvar": 0,
        "dvar2": 0,
        "max": 1,
        "mean": 1,
        "median": 1,
        "min": 1,
        "var": 0
    },
    "silence_rate_30dB": {
        "dmean": 0,
        "dmean2": 0,
        "dvar": 0,
        "dvar2": 0,
        "max": 1,
        "mean": 1,
        "median": 1,
        "min": 1,
        "var": 0
    },
    "silence_rate_60dB": {
        "dmean": 0.0750000029802,
        "dmean2": 0.151898726821,
        "dvar": 0.0693748742342,
        "dvar2": 0.128825485706,
        "max": 1,
        "mean": 0.76543211937,
        "median": 1,
        "min": 0,
        "var": 0.179545879364
    },
    "spectral_centroid": {
        "dmean": 107.982406616,
        "dmean2": 157.452850342,
        "dvar": 52580.3671875,
        "dvar2": 107028.101562,
        "max": 2261.90698242,
        "mean": 465.93145752,
        "median": 297.5546875,
        "min": 228.577926636,
        "var": 133879.125
    },
    "spectral_complexity": {
        "dmean": 0.725000023842,
        "dmean2": 1.22784805298,
        "dvar": 1.474375844,
        "dvar2": 2.96074390411,
        "max": 12,
        "mean": 1.65432095528,
        "median": 1,
        "min": 0,
        "var": 4.5224852562
    },
    "spectral_decrease": {
        "dmean": 1.15890164132e-09,
        "dmean2": 1.10676312559e-09,
        "dvar": 6.30430533978e-18,
        "dvar2": 5.40263297717e-18,
        "max": -7.86811750735e-13,
        "mean": -1.90029059155e-09,
        "median": -1.12388619244e-10,
        "min": -2.23580887138e-08,
        "var": 2.13474603497e-17
    },
    "spectral_energy": {
        "dmean": 0.00447089504451,
        "dmean2": 0.0042711305432,
        "dvar": 9.3860013294e-05,
        "dvar2": 8.04222145234e-05,
        "max": 0.0862081423402,
        "mean": 0.00733552733436,
        "median": 0.000443718454335,
        "min": 3.4586178117e-06,
        "var": 0.00031785047031
    },
    "spectral_energyband_high": {
        "dmean": 1.86577963746e-07,
        "dmean2": 2.56882145777e-07,
        "dvar": 1.234241523e-13,
        "dvar2": 2.24090914553e-13,
        "max": 2.49280014941e-06,
        "mean": 3.88656275163e-07,
        "median": 1.73853109686e-07,
        "min": 5.30266923704e-08,
        "var": 2.84124367913e-13
    },
    "spectral_energyband_low": {
        "dmean": 7.7792628872e-06,
        "dmean2": 1.04855907921e-05,
        "dvar": 1.50480544692e-10,
        "dvar2": 2.45861747628e-10,
        "max": 0.000103390892036,
        "mean": 1.08946887849e-05,
        "median": 1.86873739949e-06,
        "min": 9.14237290317e-08,
        "var": 3.71115360664e-10
    },
    "spectral_energyband_middle_high": {
        "dmean": 2.88342034764e-05,
        "dmean2": 3.69165027223e-05,
        "dvar": 6.57380638813e-09,
        "dvar2": 1.17460103866e-08,
        "max": 0.000760994851589,
        "mean": 4.8029312893e-05,
        "median": 4.69587166663e-06,
        "min": 3.59132918959e-08,
        "var": 1.30433388534e-08
    },
    "spectral_energyband_middle_low": {
        "dmean": 0.00445239711553,
        "dmean2": 0.00425253389403,
        "dvar": 9.29022935452e-05,
        "dvar2": 7.95821615611e-05,
        "max": 0.085971146822,
        "mean": 0.00728526106104,
        "median": 0.000371713453205,
        "min": 2.19460207518e-06,
        "var": 0.00031486627995
    },
    "spectral_entropy": {
        "dmean": 0.359122216702,
        "dmean2": 0.378096580505,
        "dvar": 0.116574302316,
        "dvar2": 0.199857100844,
        "max": 7.81156015396,
        "mean": 5.85552358627,
        "median": 6.23738336563,
        "min": 3.29621958733,
        "var": 1.82961928844
    },
    "spectral_flux": {
        "dmean": 0.0124294208363,
        "dmean2": 0.0177358873188,
        "dvar": 0.000333867908921,
        "dvar2": 0.000691528257448,
        "max": 0.128041669726,
        "mean": 0.0221354793757,
        "median": 0.00931144878268,
        "min": 0.00132713036146,
        "var": 0.000830755743664
    },
    "spectral_kurtosis": {
        "dmean": 11.2563047409,
        "dmean2": 15.2812824249,
        "dvar": 200.683563232,
        "dvar2": 445.133850098,
        "max": 134.308609009,
        "mean": 36.4243469238,
        "median": 23.4043292999,
        "min": 4.84331989288,
        "var": 1099.02429199
    },
    "spectral_rms": {
        "dmean": 0.000570850563236,
        "dmean2": 0.000484265241539,
        "dvar": 7.94316008523e-07,
        "dvar2": 4.93983975502e-07,
        "max": 0.00917090568691,
        "mean": 0.00152638484724,
        "median": 0.000657948374283,
        "min": 5.80883934163e-05,
        "var": 4.82676341562e-06
    },
    "spectral_rolloff": {
        "dmean": 186.53137207,
        "dmean2": 275.297912598,
        "dvar": 128786.164062,
        "dvar2": 318255.90625,
        "max": 3100.78125,
        "mean": 546.571166992,
        "median": 366.064453125,
        "min": 215.33203125,
        "var": 233025.15625
    },
    "spectral_skewness": {
        "dmean": 0.812055885792,
        "dmean2": 1.12436294556,
        "dvar": 0.783088803291,
        "dvar2": 1.66718959808,
        "max": 9.86440849304,
        "mean": 4.4709239006,
        "median": 3.72840595245,
        "min": 1.48539435863,
        "var": 5.18934631348
    },
    "spectral_spread": {
        "dmean": 619043.9375,
        "dmean2": 758403.375,
        "dvar": 442019282944,
        "dvar2": 710595444736,
        "max": 7705481.5,
        "mean": 3075376.25,
        "median": 2530793,
        "min": 957349.375,
        "var": 2.36321846067e+12
    },
    "spectral_strongpeak": {
        "dmean": 0.169542834163,
        "dmean2": 0.154999002814,
        "dvar": 0.0651872903109,
        "dvar2": 0.0412714779377,
        "max": 2.66422748566,
        "mean": 0.418212741613,
        "median": 0.12477362901,
        "min": 0.00557750323787,
        "var": 0.412405967712
    },
    "zerocrossingrate": {
        "dmean": 0.00612792978063,
        "dmean2": 0.00653307931498,
        "dvar": 6.06471367064e-05,
        "dvar2": 8.02553331596e-05,
        "max": 0.126953125,
        "mean": 0.0305386763066,
        "median": 0.01953125,
        "min": 0.009765625,
        "var": 0.000691302353516
    },
    "barkbands": {
        "dmean": [3.89829978076e-07, 4.28502069383e-08, 1.76486696546e-06, 1.84936034202e-05, 0.0043254266493, 0.000169391874806, 5.21068504895e-05, 2.19515059143e-05, 2.2415040803e-05, 7.72287694417e-06, 7.68410427554e-06, 6.46782655167e-06, 6.30625936537e-06, 4.77101048091e-06, 1.98176030608e-06, 1.08693109269e-06, 9.7917165931e-07, 4.74646640214e-07, 5.12759754656e-07, 2.18071178892e-07, 4.63343781121e-08, 2.08134736113e-08, 1.57485935404e-08, 2.01524272825e-08, 2.39540067781e-08, 1.54244297335e-08, 1.23329826351e-08],
        "dmean2": [6.5848473696e-07, 6.68898465506e-08, 2.53023631558e-06, 2.67755003733e-05, 0.00407673045993, 0.000296710175462, 5.84192821407e-05, 3.48338180629e-05, 2.95067129628e-05, 9.74033537204e-06, 1.26974900923e-05, 1.08982121674e-05, 1.01986161098e-05, 7.28097393221e-06, 3.15613033308e-06, 1.77923925548e-06, 1.54305314481e-06, 7.47272110857e-07, 6.10949484781e-07, 2.97091673929e-07, 6.18133526586e-08, 2.92951760628e-08, 2.60083332648e-08, 3.17991570853e-08, 3.74474069531e-08, 2.55940957317e-08, 2.10444390802e-08],
        "dvar": [3.00794843677e-13, 5.29548608536e-15, 1.6008732534e-11, 1.66009039848e-09, 8.71579832165e-05, 2.11243587955e-07, 2.89764496841e-08, 2.65040278613e-09, 3.9348391212e-09, 3.09577002922e-10, 4.61853527645e-10, 6.40929642692e-10, 7.36531446943e-10, 2.8807609076e-10, 4.35322715375e-11, 1.26199137945e-11, 8.61809408559e-12, 1.23960358037e-12, 1.71095234335e-12, 3.35122907072e-13, 1.14637549196e-14, 2.65958604559e-15, 1.72084854691e-15, 1.33604730232e-15, 2.18499750865e-15, 2.46338653347e-15, 1.15195699968e-16],
        "dvar2": [9.97277455929e-13, 9.96591521872e-15, 3.31842574253e-11, 3.25925952893e-09, 7.49877362978e-05, 5.62195850762e-07, 4.63095837233e-08, 5.38015410001e-09, 7.94063037546e-09, 6.01129646061e-10, 1.1866316818e-09, 1.72948189103e-09, 1.85832760291e-09, 4.40982417249e-10, 7.34457980545e-11, 3.0958059033e-11, 2.34774318042e-11, 2.58816839488e-12, 3.21236180018e-12, 7.32277574082e-13, 1.67276183004e-14, 5.01415637391e-15, 4.85678146395e-15, 3.82160005274e-15, 5.85703250697e-15, 7.20886363299e-15, 2.29719199883e-16],
        "max": [2.92421236736e-06, 5.24394863533e-07, 3.35713666573e-05, 0.000282766239252, 0.0849893763661, 0.00314682163298, 0.00171125459019, 0.000419427960878, 0.00064172729617, 0.000181487601367, 0.000174054526724, 0.000197172310436, 0.000218415138079, 0.000134516085382, 5.4122749134e-05, 3.03873875964e-05, 2.44907714659e-05, 7.81765811553e-06, 9.74568047241e-06, 4.06698063671e-06, 8.31336706142e-07, 4.11465805428e-07, 3.10236231371e-07, 2.16948663478e-07, 2.85369679887e-07, 3.47493795516e-07, 1.15536543888e-07],
        "mean": [3.91446832282e-07, 5.05873032353e-08, 1.74797071395e-06, 2.34827148233e-05, 0.00693682022393, 0.00019632227486, 6.07085494266e-05, 3.56166201527e-05, 3.13627569994e-05, 1.21801467685e-05, 9.99529129331e-06, 6.89860735292e-06, 5.84371400691e-06, 6.505536021e-06, 2.9134248507e-06, 1.66636698395e-06, 1.07190453491e-06, 6.85790098487e-07, 6.59505758449e-07, 2.81407210423e-07, 7.67070318375e-08, 3.40433103929e-08, 2.24685194894e-08, 2.93297635068e-08, 3.3842347591e-08, 2.21965468228e-08, 9.37738491302e-08],
        "median": [2.09690782071e-07, 3.02877722902e-08, 2.73965611086e-07, 3.74846695195e-06, 0.000148366903886, 1.75104196387e-05, 2.17154979509e-06, 2.25304847845e-06, 3.45129228663e-06, 1.70364421592e-06, 7.99386270955e-07, 3.99505950099e-07, 2.37009857074e-07, 2.19150649627e-07, 2.05140651133e-07, 1.51207046883e-07, 1.13674268221e-07, 7.6931463866e-08, 6.95387782912e-08, 2.82710317379e-08, 1.65011773134e-08, 9.0359373317e-09, 1.1289323254e-08, 1.48942982392e-08, 1.78644583571e-08, 1.18540297578e-08, 9.53305487883e-08],
        "min": [7.31574401058e-09, 3.5703349166e-09, 2.85683432466e-09, 2.27303775802e-08, 5.59320312732e-07, 6.92679407166e-08, 2.24372112001e-08, 3.25230367082e-08, 1.78517822746e-08, 6.39098418631e-09, 2.02894812062e-09, 3.12668801961e-09, 1.41700806644e-09, 9.98158333765e-10, 1.53779033951e-09, 1.16350362678e-09, 1.12013187614e-09, 1.70460678905e-09, 2.4819262201e-09, 2.82707546262e-09, 2.35720531983e-09, 1.44971878946e-09, 1.83285853161e-09, 2.05710404266e-09, 2.73226352654e-09, 4.03724964571e-09, 3.97891000148e-08],
        "var": [2.86023754594e-13, 5.88650247727e-15, 2.02440651048e-11, 2.70183031503e-09, 0.000294051133096, 2.61455710415e-07, 5.28372510189e-08, 7.79567255194e-09, 7.4298300845e-09, 6.50611176045e-10, 6.3464755673e-10, 5.39750910633e-10, 6.69071575921e-10, 4.88771578766e-10, 7.81669312611e-11, 2.08462240525e-11, 1.04889456495e-11, 2.53141214587e-12, 3.25229079778e-12, 5.3321632049e-13, 2.88373654383e-14, 5.50266907371e-15, 1.6422413483e-15, 1.42392760587e-15, 2.23300924192e-15, 1.55557092543e-15, 1.55943622794e-16]
    },
    "erbbands": {
        "dmean": [1.55214183906e-05, 0.000138968942338, 0.00297566619702, 0.104351595044, 5.03367519379, 23.1826305389, 2.25108647346, 1.81606328487, 0.885104298592, 0.696310400963, 0.357086002827, 0.659103751183, 0.183002844453, 0.257515847683, 0.383610397577, 0.240620225668, 0.339216768742, 0.232337504625, 0.22526165843, 0.0794741809368, 0.060913760215, 0.0551095530391, 0.0253609716892, 0.0272172745317, 0.0194007735699, 0.00785601139069, 0.00278877513483, 0.00161450915039, 0.000837692990899, 0.000428698200267, 0.000525339099113, 0.00032413151348, 0.000443589728093, 0.000321928760968, 0.000137173541589, 7.49202226871e-05, 2.75417369267e-05, 4.00074850404e-06, 3.21881225318e-06, 5.04854824612e-06],
        "dmean2": [1.60006620717e-05, 0.000135367867188, 0.00318147987127, 0.11528198421, 5.1186299324, 21.5159606934, 2.30354452133, 2.90143609047, 1.09810769558, 0.851981937885, 0.586414396763, 0.856133162975, 0.204601600766, 0.344993621111, 0.66194164753, 0.375133723021, 0.537464857101, 0.329123675823, 0.275555700064, 0.0972447618842, 0.0866508483887, 0.0843489468098, 0.0375858694315, 0.0336832143366, 0.0281730461866, 0.0101461876184, 0.00347774778493, 0.00212147645652, 0.00122773624025, 0.000610161456279, 0.000881392741576, 0.000485715427203, 0.000733635853976, 0.000530638266355, 0.00020936394867, 0.000111975037726, 4.92662729812e-05, 6.52239987176e-06, 4.03139210903e-06, 4.91771743327e-06],
        "dvar": [8.81477835168e-10, 6.91351118576e-08, 2.266996853e-05, 0.0299189891666, 116.371459961, 2531.83056641, 22.6706447601, 23.6203308105, 6.60131931305, 3.9342417717, 0.720268309116, 4.00799608231, 0.104290083051, 0.366504341364, 1.37594866753, 0.790088772774, 2.15119242668, 0.523520827293, 0.696565270424, 0.0501115731895, 0.037169482559, 0.0298102702945, 0.00394931295887, 0.00396733405069, 0.00296530267224, 0.000400199787691, 4.11985129176e-05, 1.28870642584e-05, 4.28834482591e-06, 1.54044028022e-06, 1.683320761e-06, 2.48463265962e-07, 9.49839886744e-07, 5.73012698624e-07, 5.87895279125e-08, 2.23806715383e-08, 1.39501450391e-08, 4.03190883458e-11, 1.7155169646e-11, 1.11885722909e-10],
        "dvar2": [8.05966016149e-10, 6.27740419645e-08, 2.06292534131e-05, 0.0297076739371, 110.741226196, 2112.37353516, 22.0651741028, 60.3647537231, 10.3577518463, 5.7204990387, 1.52729976177, 8.10699748993, 0.158400505781, 0.763018429279, 3.81964468956, 1.95744752884, 5.30198192596, 1.07224941254, 1.04974591732, 0.0834456682205, 0.0860258862376, 0.078548759222, 0.00837318599224, 0.00528771569952, 0.00570960948244, 0.000552238663658, 5.61772176297e-05, 2.42210589931e-05, 7.33204024073e-06, 3.49206834471e-06, 4.92126400786e-06, 6.36727008896e-07, 2.85745886686e-06, 1.64668756497e-06, 1.41387133112e-07, 5.49832677166e-08, 4.14302796514e-08, 1.16087604807e-10, 1.74352390164e-11, 9.43951722343e-11],
        "max": [0.00027584497002, 0.00238101766445, 0.0407732836902, 1.51767003536, 94.6706008911, 461.055084229, 42.446395874, 32.8127174377, 23.4870967865, 20.4153823853, 7.15470838547, 20.2856712341, 2.81514167786, 4.58322525024, 8.80185604095, 7.42409706116, 11.9955406189, 6.15467119217, 7.87349748611, 2.26215410233, 1.68014550209, 1.4600584507, 0.502605021, 0.483271688223, 0.421130567789, 0.170776665211, 0.0480818301439, 0.0269519966096, 0.0161905456334, 0.0103186089545, 0.00887060444802, 0.00332987727597, 0.00592035753652, 0.00518321665004, 0.00156127859373, 0.000933594303206, 0.000815936829895, 6.05841232755e-05, 5.09893798153e-05, 9.61645928328e-05],
        "mean": [2.51859491982e-05, 0.000220835121581, 0.00473244860768, 0.157561317086, 7.62827157974, 37.8371543884, 3.89830946922, 2.11355471611, 1.11304402351, 0.944714009762, 0.645134985447, 0.882144510746, 0.316900223494, 0.397720903158, 0.451939046383, 0.291127085686, 0.326735496521, 0.26915961504, 0.273738354445, 0.13122446835, 0.0867983922362, 0.0615098699927, 0.0358400605619, 0.041742682457, 0.0264833737165, 0.0126219503582, 0.00472202617675, 0.0023743910715, 0.00137092545629, 0.000681232719216, 0.000673957925756, 0.000525994691998, 0.000574378587771, 0.000428225292126, 0.000205156960874, 0.000106067273009, 3.77432588721e-05, 1.91607414308e-05, 1.37133056342e-05, 9.88104329736e-06],
        "median": [5.09905976287e-06, 3.74595729227e-05, 0.000928433262743, 0.0275234635919, 0.294137716293, 0.609340965748, 0.334483593702, 0.203617751598, 0.0466761626303, 0.0619952902198, 0.0570138730109, 0.0804623961449, 0.0492731370032, 0.0426071956754, 0.0375033169985, 0.0184827372432, 0.0143477711827, 0.0106887863949, 0.0162332225591, 0.00919907353818, 0.0101762628183, 0.00666132569313, 0.00395895214751, 0.0044969515875, 0.00262998300605, 0.00133881811053, 0.000875090248883, 0.00050937657943, 0.000342907034792, 0.000279561354546, 0.000308439222863, 0.000265236798441, 0.00028003344778, 0.000208746481803, 0.000105519073259, 5.12938386237e-05, 2.30367350014e-05, 1.87291079783e-05, 1.08512194856e-05, 2.33185596699e-06],
        "min": [3.27310800685e-07, 1.62700359851e-06, 1.01730893221e-05, 0.000158695169375, 0.00308379810303, 0.00131702632643, 0.00141646864358, 0.00131858722307, 0.000518039159942, 0.000495646032505, 0.000536550127435, 0.000307622627588, 0.000247574411333, 0.000177701280336, 0.000142680830322, 0.000137411610922, 7.92784558143e-05, 6.02875261393e-05, 8.70383228175e-05, 9.80627009994e-05, 8.09566990938e-05, 4.60780502181e-05, 7.80586415203e-05, 0.000141652359162, 0.00010569665028, 0.000113884023449, 0.000108638341771, 7.94750521891e-05, 4.76018394693e-05, 5.08749908477e-05, 5.023223639e-05, 3.28303103743e-05, 3.88553053199e-05, 2.69444353762e-05, 2.29195975407e-05, 9.80099230219e-06, 8.27873736853e-06, 8.09483663033e-06, 4.18049921791e-06, 7.94700213191e-07],
        "var": [2.92047075412e-09, 2.27037077138e-07, 7.29254898033e-05, 0.0922357290983, 354.427520752, 8775.53320312, 81.430480957, 31.1803836823, 12.6942558289, 8.70446777344, 2.3153924942, 7.32382106781, 0.321458309889, 0.653908491135, 1.49283528328, 0.839952170849, 2.05107903481, 0.720944106579, 1.16511535645, 0.129187867045, 0.0568727552891, 0.036242954433, 0.00736049609259, 0.0108329253271, 0.00523441331461, 0.000999442883767, 0.000112492271001, 2.7477135518e-05, 9.40405880101e-06, 2.13101884583e-06, 1.36795131311e-06, 4.01995862376e-07, 7.39995584809e-07, 4.58897289946e-07, 7.35000043051e-08, 2.50767531185e-08, 7.84561748901e-09, 3.34271638147e-11, 6.71699779131e-11, 3.83548248717e-10]
    },
    "gfcc": {
        "mean": [-325.816589355, 118.663131714, -76.1663131714, -25.1848087311, -52.74792099, -32.3192749023, -52.477142334, -26.3849258423, -39.5926513672, -25.5563926697, -18.5551509857, -14.3735847473, -5.64455318451],
        "cov": [[6789.62255859, 2497.46704102, -1871.98144531, -749.819580078, 20.4229240417, -209.372894287, -82.7376556396, -149.845489502, -223.501464844, -105.75327301, -51.6821517944, -350.267730713, -36.8206481934], [2497.46704102, 1908.0480957, -36.0444145203, -652.551147461, -122.071937561, -271.381011963, -132.142364502, -317.593963623, -124.034767151, -114.824462891, 41.6948890686, -87.4692077637, 76.4220428467], [-1871.98144531, -36.0444145203, 1931.5234375, 419.891906738, -251.808639526, -161.578857422, -308.412811279, -325.734558105, -109.921463013, -98.1881942749, 49.5402030945, 129.425384521, 120.717674255], [-749.819580078, -652.551147461, 419.891906738, 601.53137207, 41.6058120728, -1.73376333714, -96.788734436, -7.63707447052, -26.1258811951, 4.62803983688, -23.3841686249, 20.2444229126, -9.76585960388], [20.4229240417, -122.071937561, -251.808639526, 41.6058120728, 155.275192261, 36.9530754089, 56.348777771, 47.5011711121, 15.4200897217, 0.0075176237151, -8.93557548523, -10.6731567383, -14.8729372025], [-209.372894287, -271.381011963, -161.578857422, -1.73376333714, 36.9530754089, 163.081817627, 94.5657348633, 104.656616211, 16.4085884094, 8.79117298126, -20.3611545563, 0.514268875122, -30.4212703705], [-82.7376556396, -132.142364502, -308.412811279, -96.788734436, 56.348777771, 94.5657348633, 133.7762146, 108.20426178, 48.4332351685, 33.7026290894, -1.40386772156, -2.68965792656, -20.1684417725], [-149.845489502, -317.593963623, -325.734558105, -7.63707447052, 47.5011711121, 104.656616211, 108.20426178, 160.980957031, 62.0679855347, 45.3516387939, -17.8003444672, -7.47952127457, -36.8403968811], [-223.501464844, -124.034767151, -109.921463013, -26.1258811951, 15.4200897217, 16.4085884094, 48.4332351685, 62.0679855347, 57.9126091003, 39.8493232727, 7.06345272064, 4.44968652725, -9.99353313446], [-105.75327301, -114.824462891, -98.1881942749, 4.62803983688, 0.0075176237151, 8.79117298126, 33.7026290894, 45.3516387939, 39.8493232727, 57.0715637207, 18.9516162872, 0.934623897076, -8.74309539795], [-51.6821517944, 41.6948890686, 49.5402030945, -23.3841686249, -8.93557548523, -20.3611545563, -1.40386772156, -17.8003444672, 7.06345272064, 18.9516162872, 50.8133163452, 23.4167900085, 18.7921104431], [-350.267730713, -87.4692077637, 129.425384521, 20.2444229126, -10.6731567383, 0.514268875122, -2.68965792656, -7.47952127457, 4.44968652725, 0.934623897076, 23.4167900085, 42.5561828613, 15.3859987259], [-36.8206481934, 76.4220428467, 120.717674255, -9.76585960388, -14.8729372025, -30.4212703705, -20.1684417725, -36.8403968811, -9.99353313446, -8.74309539795, 18.7921104431, 15.3859987259, 39.4038658142]],
        "icov": [[0.00406892411411, -0.00643146783113, 0.0053634676151, -0.0049983933568, 0.00375412241556, -0.00277978437953, 0.00696737645194, -0.00771849788725, 0.0115312468261, -0.000317910977174, -0.00553308846429, 0.00971489865333, -0.00407448364422], [-0.00643146783113, 0.0136172343045, -0.00848997943103, 0.0110665755346, -0.00535777956247, 0.00741605320945, -0.0122934104875, 0.0157165527344, -0.015972211957, 0.00429758103564, 0.00443911412731, -0.00683660479262, 0.00589296082035], [0.0053634676151, -0.00848997943103, 0.00939682777971, -0.00833110418171, 0.00785855110735, -0.00582007644698, 0.0103142717853, -0.0054672723636, 0.0104264449328, 0.00250945100561, -0.00692491559312, 0.00932302419096, -0.0078712226823], [-0.0049983933568, 0.0110665755346, -0.00833110418171, 0.0135644562542, -0.00885732099414, 0.00641487771645, -0.00463833659887, 0.00762679567561, -0.00563183473423, -0.00394027773291, 0.00647037243471, -0.00581546453759, 0.00599938305095], [0.00375412241556, -0.00535777956247, 0.00785855110735, -0.00885732099414, 0.0174975525588, -0.00254509947263, -0.000954933930188, -0.000658069096971, 0.0022215989884, 0.0127575555816, -0.0101555269212, 0.0113357976079, -0.0050248503685], [-0.00277978437953, 0.00741605320945, -0.00582007644698, 0.00641487771645, -0.00254509947263, 0.0245450213552, -0.0188449267298, -0.00501837441698, 0.0103251105174, 0.00478676427156, 0.000367301661754, -0.000992504297756, 0.00998427718878], [0.00696737645194, -0.0122934104875, 0.0103142717853, -0.00463833659887, -0.000954933930188, -0.0188449267298, 0.0477032437921, -0.0214817039669, 0.0113830436021, -0.00984515063465, -0.00640164129436, 0.00934444740415, -0.0128657082096], [-0.00771849788725, 0.0157165527344, -0.0054672723636, 0.00762679567561, -0.000658069096971, -0.00501837441698, -0.0214817039669, 0.0561518333852, -0.0467793755233, 0.00548312533647, 0.0139454007149, -0.0152456788346, 0.00698136538267], [0.0115312468261, -0.015972211957, 0.0104264449328, -0.00563183473423, 0.0022215989884, 0.0103251105174, 0.0113830436021, -0.0467793755233, 0.103537589312, -0.0340192131698, -0.00959016941488, 0.0235663857311, -0.00660307053477], [-0.000317910977174, 0.00429758103564, 0.00250945100561, -0.00394027773291, 0.0127575555816, 0.00478676427156, -0.00984515063465, 0.00548312533647, -0.0340192131698, 0.0667742043734, -0.0352179706097, 0.0235748942941, 0.00508040981367], [-0.00553308846429, 0.00443911412731, -0.00692491559312, 0.00647037243471, -0.0101555269212, 0.000367301661754, -0.00640164129436, 0.0139454007149, -0.00959016941488, -0.0352179706097, 0.0625590309501, -0.0496135540307, -0.00545812631026], [0.00971489865333, -0.00683660479262, 0.00932302419096, -0.00581546453759, 0.0113357976079, -0.000992504297756, 0.00934444740415, -0.0152456788346, 0.0235663857311, 0.0235748942941, -0.0496135540307, 0.0945744588971, -0.0156840253621], [-0.00407448364422, 0.00589296082035, -0.0078712226823, 0.00599938305095, -0.0050248503685, 0.00998427718878, -0.0128657082096, 0.00698136538267, -0.00660307053477, 0.00508040981367, -0.00545812631026, -0.0156840253621, 0.0496762767434]]
    },
    "melbands": {
        "dmean": [2.83685128721e-08, 4.01983157872e-07, 2.59579737758e-05, 0.00120129808784, 0.000225414289162, 3.70443958673e-05, 1.48272720253e-05, 7.74347336119e-06, 2.69517158813e-06, 4.00457156502e-06, 8.39191216073e-07, 1.13393855372e-06, 1.09604047793e-06, 1.05503465875e-06, 3.83834446893e-07, 6.98868007021e-07, 4.36224723899e-07, 4.39757911863e-07, 1.6544403536e-07, 7.2772664339e-08, 7.45705364125e-08, 6.18968840627e-08, 3.39378267711e-08, 2.00292920027e-08, 2.31821566388e-08, 1.8646606037e-08, 1.12424460852e-08, 4.10080058799e-09, 2.01568517433e-09, 9.04812835767e-10, 9.86364545597e-10, 5.59685187085e-10, 2.86646539838e-10, 2.35825248218e-10, 3.46452116995e-10, 2.19130158463e-10, 2.0227546027e-10, 2.95313190568e-10, 3.26080884516e-10, 2.60389459994e-10],
        "dmean2": [4.7163851491e-08, 5.79777747589e-07, 3.08473681798e-05, 0.0011474651983, 0.000213044491829, 6.15345052211e-05, 1.72608579305e-05, 9.98662471829e-06, 4.1406242417e-06, 5.27698421138e-06, 9.90468606688e-07, 1.47958257912e-06, 1.84764689948e-06, 1.86486659004e-06, 5.15650924626e-07, 1.1012533605e-06, 7.15365956694e-07, 5.23128107943e-07, 2.43795653887e-07, 1.12011733222e-07, 1.11450447093e-07, 9.9164829237e-08, 5.0787846817e-08, 2.8548965858e-08, 2.82574568189e-08, 2.51684753039e-08, 1.62130735504e-08, 4.36245395363e-09, 2.67220134909e-09, 1.3278503852e-09, 1.38685551931e-09, 8.83697837128e-10, 4.23039742126e-10, 3.59050206233e-10, 5.91274251782e-10, 3.35576066934e-10, 3.0614782931e-10, 4.99287500233e-10, 5.51334367049e-10, 4.2502534825e-10],
        "dvar": [1.09742043926e-15, 8.33620499019e-13, 1.95029370431e-09, 6.72996839057e-06, 2.38749805703e-07, 9.9586836555e-09, 1.86290471937e-09, 4.19636936311e-10, 3.19682232075e-11, 1.46551937252e-10, 2.22069454839e-12, 6.63243505256e-12, 8.7784996286e-12, 1.74158465427e-11, 1.95008549239e-12, 8.7398421833e-12, 1.92004485228e-12, 2.73521548293e-12, 1.86447022101e-13, 4.10181871108e-14, 6.27585413108e-14, 3.31933712829e-14, 1.05844644166e-14, 2.0586699561e-15, 2.78767775601e-15, 3.08390762403e-15, 1.12037185576e-15, 1.02723159672e-16, 2.20345529625e-17, 4.75254511632e-18, 5.19657690991e-18, 2.12731724997e-18, 5.76985464023e-19, 5.1881124741e-19, 7.83750735262e-19, 1.36418032086e-19, 8.27756149314e-20, 3.95237391532e-19, 5.00763355516e-19, 4.41685547481e-19],
        "dvar2": [3.06955105085e-15, 1.74466539306e-12, 2.4578430402e-09, 5.87440172239e-06, 1.92729913806e-07, 2.60242245531e-08, 2.89706258982e-09, 6.15680395555e-10, 6.62980642607e-11, 2.95549529294e-10, 3.46007077157e-12, 1.33000008576e-11, 2.32327820177e-11, 4.85753867685e-11, 4.284115597e-12, 2.10195923167e-11, 4.87688145076e-12, 4.16935670017e-12, 3.54556959964e-13, 9.58490285839e-14, 1.56063245551e-13, 9.26849810551e-14, 2.45223153307e-14, 4.25176615852e-15, 3.63736615155e-15, 6.6314992946e-15, 2.54003496838e-15, 1.05758144897e-16, 3.30409586361e-17, 7.99688520432e-18, 1.07259385064e-17, 4.39071522328e-18, 1.05229812645e-18, 1.33609852134e-18, 2.31339959377e-18, 3.82128284883e-19, 2.1514735088e-19, 1.18812842086e-18, 1.49166979127e-18, 1.26878401066e-18],
        "max": [2.02169360364e-07, 7.65846016293e-06, 0.000338900426868, 0.0234916210175, 0.00448559550568, 0.000677107542288, 0.000411643704865, 0.000212006954825, 5.42926500202e-05, 0.00012210427667, 1.5921139493e-05, 2.25335534196e-05, 2.23358529183e-05, 3.18428647006e-05, 1.30006264953e-05, 2.39844430325e-05, 1.11631952677e-05, 1.54872432176e-05, 3.51252197106e-06, 1.81848099601e-06, 2.07311336453e-06, 1.4740090819e-06, 8.6092472884e-07, 3.46508954863e-07, 4.21274620521e-07, 4.41570989551e-07, 2.4261041176e-07, 1.00403710235e-07, 3.83215166266e-08, 1.61428737044e-08, 1.78255437078e-08, 1.14934390893e-08, 6.92255852641e-09, 5.85698467503e-09, 5.84755932564e-09, 2.53519982785e-09, 1.90554083623e-09, 3.7954408505e-09, 4.09113587452e-09, 4.71905181598e-09],
        "mean": [3.80021383251e-08, 4.02425030188e-07, 3.58155994036e-05, 0.00190607178956, 0.000387448002584, 4.17006594944e-05, 1.8039427232e-05, 1.07289088191e-05, 4.71232260679e-06, 5.39201255378e-06, 1.47856280819e-06, 1.69951999851e-06, 1.37416691359e-06, 1.04748858121e-06, 5.40902249213e-07, 6.65834079427e-07, 4.5950523031e-07, 4.94335040457e-07, 2.2757346585e-07, 1.16743933631e-07, 9.44719289464e-08, 6.39460253637e-08, 4.239051421e-08, 2.81528507173e-08, 3.47471065254e-08, 2.3030551688e-08, 1.34998110468e-08, 6.83091361253e-09, 3.29783378383e-09, 1.53686574578e-09, 1.34516653372e-09, 8.7038176666e-10, 4.40407293967e-10, 3.45470235752e-10, 4.00511179777e-10, 3.28124305504e-10, 3.08300995844e-10, 3.85558002192e-10, 4.04103112084e-10, 3.45725587048e-10],
        "median": [2.5917206159e-08, 6.91025050514e-08, 6.81076016917e-06, 4.11110486311e-05, 1.94476415345e-05, 3.85121120416e-06, 5.83532141718e-07, 7.85935014846e-07, 4.60316158524e-07, 4.55755497342e-07, 2.41077231067e-07, 2.0625108732e-07, 1.31890089961e-07, 5.96159068778e-08, 3.48942812423e-08, 1.70930540833e-08, 1.72344609695e-08, 2.28153957949e-08, 1.66878102448e-08, 9.30337673566e-09, 1.1839584424e-08, 7.37364747039e-09, 3.47360074038e-09, 3.84963305677e-09, 3.86308007805e-09, 2.07398542784e-09, 1.28550603495e-09, 8.3556334074e-10, 5.04566888271e-10, 3.85943416115e-10, 2.74865130656e-10, 2.10953837732e-10, 1.50065529447e-10, 1.4337959986e-10, 1.57606927509e-10, 1.63561719724e-10, 1.63421901012e-10, 1.88352222708e-10, 1.98505961668e-10, 1.66164665361e-10],
        "min": [2.79668466163e-09, 1.1380510978e-09, 2.3846460806e-08, 1.56987766786e-07, 4.42661871602e-08, 1.19743344129e-08, 5.39033706559e-09, 4.85841455955e-09, 4.66460514659e-09, 1.95705651684e-09, 1.12102549465e-09, 6.38967767586e-10, 3.37374489456e-10, 4.72416494812e-10, 2.17109177858e-10, 1.53435750216e-10, 9.95872412313e-11, 1.37131722644e-10, 1.27959934315e-10, 7.54981979711e-11, 1.01606431602e-10, 4.63074197044e-11, 4.8266592112e-11, 8.65859189902e-11, 1.20223969668e-10, 5.76203286473e-11, 9.06961589164e-11, 7.45040765193e-11, 7.18072407091e-11, 5.31447490182e-11, 3.75729274082e-11, 2.73134466433e-11, 2.31058193412e-11, 2.77649275099e-11, 2.96238172881e-11, 2.89485744404e-11, 1.57046615296e-11, 2.31631918507e-11, 3.02795254148e-11, 2.12987145282e-11],
        "var": [1.47282268863e-15, 1.04318723798e-12, 4.78460782105e-09, 2.23308215936e-05, 8.77294212387e-07, 1.24246151145e-08, 3.60334651006e-09, 1.01459574076e-09, 1.10085468519e-10, 2.70149985715e-10, 6.85258143632e-12, 1.26106425649e-11, 1.13250867018e-11, 1.3756840285e-11, 2.98293421214e-12, 8.43991196375e-12, 2.00810158432e-12, 4.36813259175e-12, 3.72492428612e-13, 9.31136813704e-14, 7.72221709863e-14, 3.83084033516e-14, 1.41282495211e-14, 4.52522396928e-15, 7.59935852717e-15, 4.53639929847e-15, 1.50445746339e-15, 3.07393179938e-16, 5.76293754915e-17, 1.059159114e-17, 9.66815565551e-18, 4.03129242583e-18, 9.72501460325e-19, 5.89469635719e-19, 5.73586113597e-19, 1.87970499875e-19, 1.32512007686e-19, 3.14296760467e-19, 3.81978074054e-19, 3.46442653432e-19]
    },
    "mfcc": {
        "mean": [-968.642150879, 146.649047852, 24.3084106445, -1.24116742611, -5.09761619568, -16.770357132, -17.5970916748, -19.4994506836, -22.5143756866, -21.790927887, -21.8785362244, -22.0321598053, -17.7705039978],
        "cov": [[5347.27587891, 2739.48022461, -1927.44921875, -889.724304199, -409.857910156, -545.572937012, -155.517044067, -312.151428223, -304.403747559, -117.962783813, -191.882247925, -249.534133911, -174.859451294], [2739.48022461, 2058.62182617, -392.267211914, -596.462036133, -347.049713135, -343.394348145, -216.940475464, -290.727966309, -311.229980469, -215.630615234, -218.276763916, -179.420013428, -158.890426636], [-1927.44921875, -392.267211914, 1439.6574707, 424.035308838, 55.6951980591, 112.853881836, -108.185386658, -106.003196716, -120.580322266, -163.451629639, -85.6402511597, 11.7120504379, -33.4881706238], [-889.724304199, -596.462036133, 424.035308838, 557.971069336, 223.661407471, 71.9730987549, -2.83559846878, -50.6488113403, -34.680393219, -33.4539718628, -16.4049072266, 22.3759422302, 11.7624530792], [-409.857910156, -347.049713135, 55.6951980591, 223.661407471, 171.658355713, 64.8751754761, 26.6490783691, 32.2546081543, 31.5591030121, 22.2142047882, 12.5698785782, 14.3571071625, 14.8533658981], [-545.572937012, -343.394348145, 112.853881836, 71.9730987549, 64.8751754761, 119.298294067, 74.291847229, 72.170753479, 68.006729126, 42.6210517883, 37.4403877258, 21.5378017426, 15.2026748657], [-155.517044067, -216.940475464, -108.185386658, -2.83559846878, 26.6490783691, 74.291847229, 96.6859283447, 91.0282821655, 76.1994781494, 57.592590332, 45.9336013794, 18.4078178406, 18.6001224518], [-312.151428223, -290.727966309, -106.003196716, -50.6488113403, 32.2546081543, 72.170753479, 91.0282821655, 146.125823975, 128.087997437, 86.4963302612, 70.9727935791, 34.3907814026, 32.3827438354], [-304.403747559, -311.229980469, -120.580322266, -34.680393219, 31.5591030121, 68.006729126, 76.1994781494, 128.087997437, 146.794036865, 115.122146606, 78.6469268799, 41.481300354, 44.5309371948], [-117.962783813, -215.630615234, -163.451629639, -33.4539718628, 22.2142047882, 42.6210517883, 57.592590332, 86.4963302612, 115.122146606, 111.870117188, 74.4954071045, 35.5105934143, 45.733455658], [-191.882247925, -218.276763916, -85.6402511597, -16.4049072266, 12.5698785782, 37.4403877258, 45.9336013794, 70.9727935791, 78.6469268799, 74.4954071045, 73.4911956787, 45.1659355164, 40.4333992004], [-249.534133911, -179.420013428, 11.7120504379, 22.3759422302, 14.3571071625, 21.5378017426, 18.4078178406, 34.3907814026, 41.481300354, 35.5105934143, 45.1659355164, 64.4357299805, 55.9838256836], [-174.859451294, -158.890426636, -33.4881706238, 11.7624530792, 14.8533658981, 15.2026748657, 18.6001224518, 32.3827438354, 44.5309371948, 45.733455658, 40.4333992004, 55.9838256836, 72.5730743408]],
