{
"lowlevel": {
    "average_loudness": 0.881358444691,
    "barkbands_crest": {
        "dmean": 3.837703228,
        "dmean2": 6.46894168854,
        "dvar": 10.2878475189,
        "dvar2": 28.1406173706,
        "max": 24.1717605591,
        "mean": 10.0375766754,
        "median": 9.42986297607,
        "min": 2.77267289162,
        "var": 18.6771411896
    },
    "barkbands_flatness_db": {
        "dmean": 0.0246217753738,
        "dmean2": 0.0397521518171,
        "dvar": 0.000464215292595,
        "dvar2": 0.00111444143113,
        "max": 0.232805728912,
        "mean": 0.131117388606,
        "median": 0.135186344385,
        "min": 0.0352264605463,
        "var": 0.00173186592292
    },
    "barkbands_kurtosis": {
        "dmean": 2.86724686623,
        "dmean2": 4.79281616211,
        "dvar": 13.8022670746,
        "dvar2": 36.7582359314,
        "max": 28.1463260651,
        "mean": 2.97126865387,
        "median": 1.52803564072,
        "min": -1.69818353653,
        "var": 24.7135868073
    },
    "barkbands_skewness": {
        "dmean": 0.695900380611,
        "dmean2": 1.12321031094,
        "dvar": 0.464235723019,
        "dvar2": 1.27158153057,
        "max": 4.32914018631,
        "mean": 1.12321698666,
        "median": 1.05057179928,
        "min": -3.68655610085,
        "var": 1.29643881321
    },
    "barkbands_spread": {
        "dmean": 7.64146900177,
        "dmean2": 11.9156827927,
        "dvar": 52.6633453369,
        "dvar2": 133.661560059,
        "max": 59.8557891846,
        "mean": 24.2509078979,
        "median": 22.2349014282,
        "min": 4.19610357285,
        "var": 183.412704468
    },
    "dissonance": {
        "dmean": 0.0307776592672,
        "dmean2": 0.0531229004264,
        "dvar": 0.000926936103497,
        "dvar2": 0.00235430314206,
        "max": 0.499938696623,
        "mean": 0.461533427238,
        "median": 0.471063017845,
        "min": 0.292144238949,
        "var": 0.00121609633788
    },
    "dynamic_complexity": 3.63807225227,
    "erbbands_crest": {
        "dmean": 3.65958189964,
        "dmean2": 6.0625834465,
        "dvar": 11.154337883,
        "dvar2": 26.4597702026,
        "max": 28.5125751495,
        "mean": 11.2010526657,
        "median": 10.1373281479,
        "min": 3.80493998528,
        "var": 25.7386856079
    },
    "erbbands_flatness_db": {
        "dmean": 0.0222112964839,
        "dmean2": 0.033538620919,
        "dvar": 0.000388143613236,
        "dvar2": 0.000855618913192,
        "max": 0.29540476203,
        "mean": 0.183572277427,
        "median": 0.185216024518,
        "min": 0.105829834938,
        "var": 0.00167249864899
    },
    "erbbands_kurtosis": {
        "dmean": 1.70937120914,
        "dmean2": 2.77585935593,
        "dvar": 6.96611690521,
        "dvar2": 17.8762760162,
        "max": 17.9022083282,
        "mean": 0.971949636936,
        "median": -0.0346262454987,
        "min": -1.73273360729,
        "var": 9.01419353485
    },
    "erbbands_skewness": {
        "dmean": 0.567517101765,
        "dmean2": 0.935788452625,
        "dvar": 0.328483730555,
        "dvar2": 0.947825074196,
        "max": 3.11020088196,
        "mean": 0.631032407284,
        "median": 0.672113180161,
        "min": -4.05065727234,
        "var": 0.694041073322
    },
    "erbbands_spread": {
        "dmean": 10.0847854614,
        "dmean2": 15.1287460327,
        "dvar": 75.4626159668,
        "dvar2": 176.452224731,
        "max": 83.8725967407,
        "mean": 39.389415741,
        "median": 39.0289077759,
        "min": 5.60652112961,
        "var": 334.683441162
    },
    "hfc": {
        "dmean": 25.9584007263,
        "dmean2": 45.0540390015,
        "dvar": 6733.77539062,
        "dvar2": 19292.3652344,
        "max": 755.443115234,
        "mean": 29.131072998,
        "median": 8.70592880249,
        "min": 0.20458842814,
        "var": 5006.36132812
    },
    "melbands_crest": {
        "dmean": 3.83396196365,
        "dmean2": 6.51528644562,
        "dvar": 10.1142311096,
        "dvar2": 24.6349601746,
        "max": 28.1875801086,
        "mean": 11.7479114532,
        "median": 10.9965143204,
        "min": 2.65098762512,
        "var": 20.2679576874
    },
    "melbands_flatness_db": {
        "dmean": 0.0303043480963,
        "dmean2": 0.0479022152722,
        "dvar": 0.000822387228254,
        "dvar2": 0.00185851485003,
        "max": 0.312463492155,
        "mean": 0.182743355632,
        "median": 0.195477977395,
        "min": 0.0274627171457,
        "var": 0.00445114914328
    },
    "melbands_kurtosis": {
        "dmean": 5.33835983276,
        "dmean2": 8.92073535919,
        "dvar": 43.0285720825,
        "dvar2": 113.941734314,
        "max": 50.6090354919,
        "mean": 7.68334054947,
        "median": 5.06286907196,
        "min": -1.60635733604,
        "var": 72.9831771851
    },
    "melbands_skewness": {
        "dmean": 0.794920146465,
        "dmean2": 1.25958955288,
        "dvar": 0.480130255222,
        "dvar2": 1.26257395744,
        "max": 5.93651628494,
        "mean": 1.98278176785,
        "median": 1.84077692032,
        "min": -1.50700068474,
        "var": 1.46901857853
    },
    "melbands_spread": {
        "dmean": 14.6274051666,
        "dmean2": 23.4499530792,
        "dvar": 413.565368652,
        "dvar2": 1113.10424805,
        "max": 169.948287964,
        "mean": 33.8862724304,
        "median": 22.9354858398,
        "min": 3.85622167587,
        "var": 891.234741211
    },
    "pitch_salience": {
        "dmean": 0.0986919254065,
        "dmean2": 0.161710262299,
        "dvar": 0.00682596722618,
        "dvar2": 0.0176963675767,
        "max": 0.879815161228,
        "mean": 0.578630626202,
        "median": 0.588181376457,
        "min": 0.181496337056,
        "var": 0.0167403649539
    },
    "silence_rate_20dB": {
        "dmean": 0,
        "dmean2": 0,
        "dvar": 0,
        "dvar2": 0,
        "max": 1,
        "mean": 1,
        "median": 1,
        "min": 1,
        "var": 0
    },
    "silence_rate_30dB": {
        "dmean": 0,
        "dmean2": 0,
        "dvar": 0,
        "dvar2": 0,
        "max": 1,
        "mean": 1,
        "median": 1,
        "min": 1,
        "var": 0
    },
    "silence_rate_60dB": {
        "dmean": 0.109523810446,
        "dmean2": 0.215311005712,
        "dvar": 0.0975282937288,
        "dvar2": 0.188090935349,
        "max": 1,
        "mean": 0.189573466778,
        "median": 0,
        "min": 0,
        "var": 0.153635427356
    },
    "spectral_centroid": {
        "dmean": 435.459625244,
        "dmean2": 685.604125977,
        "dvar": 263687.21875,
        "dvar2": 712759.4375,
        "max": 5461.71191406,
        "mean": 1708.06445312,
        "median": 1490.73669434,
        "min": 489.657470703,
        "var": 848204.5
    },
    "spectral_complexity": {
        "dmean": 3.94761896133,
        "dmean2": 6.41626787186,
        "dvar": 28.4782085419,
        "dvar2": 68.9128723145,
        "max": 46,
        "mean": 12.800948143,
        "median": 10,
        "min": 0,
        "var": 66.349067688
    },
    "spectral_decrease": {
        "dmean": 1.05367170544e-09,
        "dmean2": 1.67226499315e-09,
        "dvar": 2.36643324477e-18,
        "dvar2": 7.04428333139e-18,
        "max": -1.79197108541e-11,
        "mean": -2.36446173751e-09,
        "median": -1.46331413653e-09,
        "min": -1.51914694158e-08,
        "var": 6.34275228107e-18
    },
    "spectral_energy": {
        "dmean": 0.00605724425986,
        "dmean2": 0.00992743577808,
        "dvar": 0.000135267342557,
        "dvar2": 0.000390042609069,
        "max": 0.102520368993,
        "mean": 0.0115663055331,
        "median": 0.00676951743662,
        "min": 8.61899679876e-05,
        "var": 0.000206069380511
    },
    "spectral_energyband_high": {
        "dmean": 0.00290643284097,
        "dmean2": 0.0050547234714,
        "dvar": 0.000102852740383,
        "dvar2": 0.000299160601571,
        "max": 0.0963421091437,
        "mean": 0.00277892337181,
        "median": 0.000488301739097,
        "min": 1.14301828944e-05,
        "var": 6.89627268002e-05
    },
    "spectral_energyband_low": {
        "dmean": 3.82764301321e-05,
        "dmean2": 6.42051745672e-05,
        "dvar": 4.04487332517e-09,
        "dvar2": 1.10417923693e-08,
        "max": 0.000526923977304,
        "mean": 5.16676227562e-05,
        "median": 3.1284893339e-05,
        "min": 1.05703850295e-06,
        "var": 4.63328531097e-09
    },
    "spectral_energyband_middle_high": {
        "dmean": 0.00267829047516,
        "dmean2": 0.00451157987118,
        "dvar": 3.04693094222e-05,
        "dvar2": 8.50595388329e-05,
        "max": 0.0539454221725,
        "mean": 0.0044371415861,
        "median": 0.00213678483851,
        "min": 4.25848811574e-05,
        "var": 4.78095826111e-05
    },
    "spectral_energyband_middle_low": {
        "dmean": 0.00189462373964,
        "dmean2": 0.00305690825917,
        "dvar": 5.79853985982e-06,
        "dvar2": 1.41956388688e-05,
        "max": 0.0295428559184,
        "mean": 0.00432394258678,
        "median": 0.00270924251527,
        "min": 2.45838655246e-05,
        "var": 1.94221847778e-05
    },
    "spectral_entropy": {
        "dmean": 0.218558132648,
        "dmean2": 0.329920440912,
        "dvar": 0.0479965545237,
        "dvar2": 0.0995342731476,
        "max": 8.72944545746,
        "mean": 7.40355920792,
        "median": 7.2641453743,
        "min": 6.39100694656,
        "var": 0.293756872416
    },
    "spectral_flux": {
        "dmean": 0.0182521846145,
        "dmean2": 0.0296213310212,
        "dvar": 0.000722784374375,
        "dvar2": 0.00141119363252,
        "max": 0.293160229921,
        "mean": 0.0643791779876,
        "median": 0.052623193711,
        "min": 0.019463473931,
        "var": 0.00174302328378
    },
    "spectral_kurtosis": {
        "dmean": 1.55838656425,
        "dmean2": 2.25996375084,
        "dvar": 2.71335554123,
        "dvar2": 5.6895365715,
        "max": 24.5732383728,
        "mean": 5.66747808456,
        "median": 4.07774162292,
        "min": -0.0323979854584,
        "var": 18.9067993164
    },
    "spectral_rms": {
        "dmean": 0.00074730173219,
        "dmean2": 0.00115588563494,
        "dvar": 8.86914278908e-07,
        "dvar2": 2.52302265835e-06,
        "max": 0.0100009934977,
        "mean": 0.00295953010209,
        "median": 0.00256990408525,
        "min": 0.000289978925139,
        "var": 2.52537984125e-06
    },
    "spectral_rolloff": {
        "dmean": 1268.81811523,
        "dmean2": 2145.59228516,
        "dvar": 3811237,
        "dvar2": 9185674,
        "max": 12316.9921875,
        "mean": 3075.37036133,
        "median": 1205.859375,
        "min": 409.130859375,
        "var": 7855798
    },
    "spectral_skewness": {
        "dmean": 0.247344464064,
        "dmean2": 0.365378081799,
        "dvar": 0.0562925338745,
        "dvar2": 0.109037935734,
        "max": 4.07527971268,
        "mean": 1.78074228764,
        "median": 1.65456092358,
        "min": 0.591518998146,
        "var": 0.438298553228
    },
    "spectral_spread": {
        "dmean": 707723.9375,
        "dmean2": 1037499.125,
        "dvar": 532912439296,
        "dvar2": 1.07644642918e+12,
        "max": 11791328,
        "mean": 5292480.5,
        "median": 5165011.5,
        "min": 2979775.75,
        "var": 1.91476714701e+12
    },
    "spectral_strongpeak": {
        "dmean": 1.49021971226,
        "dmean2": 2.54543566704,
        "dvar": 10.9891195297,
        "dvar2": 31.3014431,
        "max": 30.3393859863,
        "mean": 2.04600071907,
        "median": 0.864289045334,
        "min": 0.0347337909043,
        "var": 11.7941141129
    },
    "zerocrossingrate": {
        "dmean": 0.0177827384323,
        "dmean2": 0.0201480258256,
        "dvar": 0.000372333801351,
        "dvar2": 0.000470908125862,
        "max": 0.30712890625,
        "mean": 0.104547724128,
        "median": 0.0869140625,
        "min": 0.0322265625,
        "var": 0.00259833247401
    },
    "barkbands": {
        "dmean": [2.83993631456e-05, 2.86797740046e-06, 1.35707077789e-05, 5.49374599359e-05, 0.00037111210986, 0.00137661653571, 0.000453847576864, 0.000365115352906, 0.00033763149986, 0.000123528559925, 0.000507123535499, 0.00183223630302, 6.28218840575e-05, 4.06397448387e-05, 6.20245918981e-05, 0.000132119414047, 8.91992385732e-05, 0.000295352161629, 0.000121008735732, 0.000174976827111, 0.000575430574827, 0.000168974875123, 0.00097108213231, 0.000604576780461, 0.000485000025947, 0.000138675168273, 7.60395196266e-05],
        "dmean2": [4.59720868093e-05, 4.95983613291e-06, 2.33275786741e-05, 9.11204042495e-05, 0.000645443273243, 0.00240181759, 0.000739702489227, 0.000603343243711, 0.000582983542699, 0.000204090189072, 0.00083351606736, 0.00299372943118, 0.000109892542241, 7.30294850655e-05, 0.00010782602476, 0.000243866248638, 0.000150530788233, 0.000480753195006, 0.000220172238187, 0.000312498304993, 0.000925709784497, 0.000298971193843, 0.00185805105139, 0.00104240013752, 0.000875552068464, 0.000255867897067, 0.000146514954395],
        "dvar": [2.08555972492e-09, 1.03052965467e-11, 1.26635102404e-09, 5.42644862378e-09, 2.01374376729e-07, 3.64406309927e-06, 4.49103055189e-07, 2.18506471583e-07, 5.15110514243e-07, 5.57786137279e-08, 1.08789356545e-06, 1.57567865244e-05, 7.93815768674e-09, 8.95955665214e-09, 2.58976768919e-08, 4.22528358968e-07, 1.04503428133e-07, 4.23376889103e-07, 1.04053071937e-07, 2.49728458357e-07, 1.42534668157e-06, 2.38301311128e-07, 6.28939305898e-05, 2.61190325546e-06, 2.88014689431e-06, 1.60165498642e-07, 2.53027138797e-07],
        "dvar2": [3.97860855372e-09, 2.58413464238e-11, 3.459944109e-09, 1.41573455181e-08, 5.86584633311e-07, 1.01851383079e-05, 1.20722359043e-06, 5.43356350136e-07, 1.43040267631e-06, 1.35064453843e-07, 3.37845540344e-06, 4.41282827524e-05, 2.12682653711e-08, 2.6107546347e-08, 7.44442587575e-08, 1.2205848634e-06, 2.79704437389e-07, 1.20170898299e-06, 3.00002113818e-07, 7.1534992685e-07, 3.84253235097e-06, 6.44261319849e-07, 0.000186260760529, 6.50659330859e-06, 6.52762810205e-06, 4.76500900959e-07, 7.52144842409e-07],
        "max": [0.00049669155851, 2.95109130093e-05, 0.00038606041926, 0.000485174823552, 0.00317357247695, 0.0163533966988, 0.00677424296737, 0.0033960561268, 0.0074786436744, 0.00265986099839, 0.0090519906953, 0.0365287475288, 0.000791921571363, 0.000868495670147, 0.00118567654863, 0.00686384364963, 0.00308876344934, 0.00722149480134, 0.00210971268825, 0.00373602169566, 0.0104752928019, 0.00427435990423, 0.0837295502424, 0.0142327779904, 0.0172450207174, 0.00276433653198, 0.00515035819262],
        "mean": [3.13059172186e-05, 3.88770331483e-06, 1.3883277461e-05, 6.2329811044e-05, 0.000583450717386, 0.00196047127247, 0.000694704824127, 0.000570042349864, 0.000405772560043, 0.000166428406374, 0.000607135181781, 0.0026843410451, 9.96274320642e-05, 4.5556033001e-05, 5.81101376156e-05, 0.000108998341602, 8.36570325191e-05, 0.000411067623645, 0.00010814864072, 0.00015972708934, 0.000790345773567, 0.000164076991496, 0.00059172679903, 0.000598254031502, 0.000396779680159, 0.000102601989056, 5.77759565203e-05],
        "median": [1.45360663737e-05, 2.82057385448e-06, 4.16625334765e-06, 2.7651023629e-05, 0.000385893916246, 0.000941792211961, 0.000352537434082, 0.000324361462845, 0.000178424903424, 7.29861858417e-05, 0.00018784571148, 0.00106364069507, 4.80054113723e-05, 1.72914424184e-05, 1.07647128971e-05, 1.14611930258e-05, 1.29032214318e-05, 0.000134347123094, 7.7514878285e-06, 9.51750553213e-06, 0.000229636993026, 2.27067412197e-05, 4.54125529359e-06, 4.51277337561e-05, 7.7837767094e-06, 4.86018507218e-06, 9.99130861601e-06],
        "min": [8.22699988134e-08, 1.91332929944e-07, 1.35764452125e-07, 4.92357969506e-07, 6.88331920173e-06, 6.71550833431e-06, 5.4096481108e-06, 2.70245595857e-06, 8.53741880746e-07, 1.31842125484e-06, 5.77080481889e-06, 1.18426405606e-05, 3.79570178666e-06, 7.71351267304e-07, 3.99206754764e-07, 1.28477068984e-07, 3.58263775979e-07, 4.66302299174e-06, 4.58049356666e-07, 2.15434454276e-07, 1.97655913325e-06, 1.47751762825e-07, 1.67238127347e-07, 5.53147003757e-07, 3.34948964564e-07, 8.45645899972e-08, 2.03398116128e-07],
        "var": [3.29854410452e-09, 1.36972863607e-11, 1.10179121382e-09, 7.38931360544e-09, 3.51333454773e-07, 6.95252310834e-06, 8.77731793025e-07, 4.15662384512e-07, 5.3052315252e-07, 9.70135829448e-08, 1.27517137116e-06, 2.17130418605e-05, 1.65655986706e-08, 7.48402051443e-09, 2.27188916568e-08, 2.5774494361e-07, 8.33601632166e-08, 7.66779919559e-07, 8.91054057206e-08, 2.13512237224e-07, 2.22617586587e-06, 2.1779946735e-07, 3.33262323693e-05, 2.87671355181e-06, 2.86759222945e-06, 1.08320868719e-07, 1.32921897489e-07]
    },
    "erbbands": {
        "dmean": [0.000175249311724, 0.000635272881482, 0.00967622827739, 0.0994117856026, 0.455183893442, 1.74384939671, 4.56345319748, 15.0326499939, 6.6001791954, 7.97582435608, 7.61801528931, 6.59013938904, 5.41852903366, 4.49730539322, 71.1288146973, 34.3345870972, 3.76964187622, 2.07520008087, 3.38871479034, 2.97118377686, 8.41223907471, 6.25799608231, 16.308298111, 6.37201452255, 7.71350908279, 8.4158115387, 10.9347934723, 29.4082164764, 7.61136817932, 11.2965459824, 37.3614006042, 17.2147808075, 6.2494726181, 5.12856340408, 3.16759085655, 1.18334102631, 0.187001362443, 0.0611187927425, 0.0170470494777, 0.000454689055914],
        "dmean2": [0.000293208373478, 0.0010866583325, 0.016493273899, 0.165431678295, 0.777858972549, 2.96366119385, 7.64430093765, 26.6155109406, 10.8837718964, 12.9818611145, 12.1304330826, 11.2369527817, 9.13211536407, 7.40624904633, 116.277038574, 56.6999092102, 5.82185459137, 3.6574485302, 6.06997776031, 5.15841007233, 15.6596317291, 10.673491478, 26.6414222717, 11.0118122101, 13.9764881134, 15.0242519379, 19.5495681763, 45.6620407104, 12.7153930664, 21.0694789886, 71.6928710938, 29.6729354858, 11.219581604, 9.16635227203, 5.72553443909, 2.13132786751, 0.336514860392, 0.113604009151, 0.0327469371259, 0.000861172098666],
        "dvar": [3.76789479617e-08, 1.05426966002e-06, 0.000629931921139, 0.020987233147, 0.363371312618, 5.1882853508, 37.0821914673, 511.419219971, 74.4001922607, 263.506134033, 91.6812210083, 162.170669556, 161.673568726, 64.6693115234, 27388.1699219, 4776.65283203, 29.1883392334, 16.7621212006, 89.7160186768, 52.5195045471, 1961.72375488, 506.379760742, 1384.22302246, 180.105285645, 468.984649658, 571.342529297, 861.97454834, 4497.85595703, 343.448242188, 4304.56591797, 96638.7421875, 2798.2277832, 228.92237854, 499.167358398, 109.687339783, 14.0334386826, 0.27697789669, 0.115380905569, 0.0144818713889, 7.77402237873e-06],
        "dvar2": [9.19464042681e-08, 2.62172852672e-06, 0.00175084150396, 0.0552521198988, 0.890198409557, 15.4980583191, 104.600074768, 1492.97021484, 191.537796021, 734.154602051, 193.379959106, 461.16619873, 414.955993652, 170.337234497, 81432.375, 12877.4853516, 60.6964759827, 48.9458351135, 261.910186768, 145.546310425, 5654.58251953, 1397.99658203, 3928.36816406, 516.13293457, 1341.37365723, 1623.66223145, 2448.96264648, 11501.1660156, 955.247070312, 12705.9775391, 286223.28125, 6975.50244141, 596.448425293, 1161.25671387, 247.587036133, 39.6220321655, 0.803251564503, 0.339771300554, 0.0432187616825, 2.31845642702e-05],
        "max": [0.00160108017735, 0.0132894227281, 0.277979522943, 0.922399640083, 4.48010206223, 17.2973594666, 59.0291786194, 199.425216675, 75.1799316406, 166.796813965, 90.3358306885, 131.621368408, 153.141403198, 82.0215759277, 1526.79858398, 649.844421387, 61.0262374878, 31.068983078, 68.6410140991, 48.704246521, 466.430511475, 208.122573853, 402.843933105, 95.8496322632, 167.588775635, 176.816238403, 243.832000732, 652.125732422, 168.463226318, 668.235595703, 3283.03369141, 496.06729126, 88.6874008179, 226.265228271, 101.537254333, 28.4610595703, 3.23828077316, 3.44216322899, 1.23286366463, 0.0288819726557],
        "mean": [0.000232241451158, 0.000880389939994, 0.0112782334909, 0.1234620139, 0.59936273098, 2.51577877998, 7.2942404747, 18.7957820892, 11.2758636475, 11.2729892731, 13.1103963852, 8.36579608917, 6.55013132095, 7.93510818481, 94.98853302, 55.4178886414, 7.24471569061, 2.74981832504, 3.07503581047, 3.13837361336, 6.83351182938, 6.58148670197, 22.7301082611, 7.59562158585, 6.94633293152, 7.6629743576, 11.166261673, 42.2311058044, 8.50125789642, 7.93228006363, 23.2314033508, 17.5645637512, 5.10735940933, 4.19457674026, 2.7344918251, 0.863537728786, 0.143066778779, 0.0465993210673, 0.0113858589903, 0.000465806107968],
        "median": [0.000163339704159, 0.000646425643936, 0.00447752559558, 0.0586267895997, 0.297352403402, 1.67333078384, 4.54233121872, 8.64013576508, 5.75665712357, 5.15082025528, 7.50970029831, 3.72040176392, 2.83693122864, 3.8207192421, 29.9677944183, 25.2953128815, 3.6082918644, 1.2406514883, 0.787471175194, 0.571470320225, 0.656576752663, 1.5326192379, 6.96268987656, 1.76412832737, 0.386209100485, 0.465042620897, 2.06899380684, 11.6049909592, 2.00728130341, 0.208902701735, 0.552916824818, 1.48302531242, 0.227885380387, 0.0647533759475, 0.0722985640168, 0.020072709769, 0.00728954607621, 0.00385814276524, 0.00115689670201, 0.000195711676497],
        "min": [1.03638367364e-05, 6.18886988377e-05, 0.00019749609055, 0.00148656812962, 0.00731385406107, 0.0275316145271, 0.0460094846785, 0.057694286108, 0.0845316872001, 0.0913253054023, 0.0424891710281, 0.0192794054747, 0.0312840081751, 0.0759190320969, 0.376690000296, 0.44882813096, 0.201442807913, 0.0626454725862, 0.0312402881682, 0.0106896953657, 0.00852540228516, 0.0637174099684, 0.244631007314, 0.106166429818, 0.0168306417763, 0.00974998157471, 0.0294530522078, 0.104294784367, 0.0142791662365, 0.00422031106427, 0.00676383869722, 0.0116361938417, 0.00595609098673, 0.00255699804984, 0.00208787294105, 0.000312592746923, 0.000171123785549, 8.19427223178e-05, 2.20868078031e-05, 4.053369139e-06],
        "var": [5.63775799378e-08, 1.16750413781e-06, 0.000556335435249, 0.0295888390392, 0.554527282715, 7.94951105118, 74.8436355591, 769.620239258, 178.839996338, 343.422790527, 222.91317749, 181.942001343, 178.838043213, 151.098419189, 31881.3320312, 7724.18701172, 94.0818481445, 19.1728134155, 65.2777023315, 52.430606842, 1170.29907227, 401.91104126, 2447.55249023, 232.496353149, 407.794067383, 474.02355957, 701.66394043, 7416.19189453, 355.250457764, 2395.30883789, 51016.28125, 3137.16210938, 203.874420166, 467.626251221, 111.782623291, 10.1667957306, 0.192428097129, 0.0649449378252, 0.0074720075354, 4.05248238167e-06]
    },
    "gfcc": {
        "mean": [-44.5001220703, 32.4981918335, -116.615272522, -18.5679836273, -92.559677124, -17.1845397949, -35.6196250916, -15.2836437225, -34.5295410156, -8.91596508026, -2.32766437531, 15.4588384628, -7.13188028336],
        "cov": [[4566.5859375, -2039.8458252, -559.496948242, 553.308410645, -489.925964355, 496.631835938, -626.530700684, 272.738464355, -287.731140137, 105.126472473, -427.093444824, -194.123794556, -124.998924255], [-2039.8458252, 1508.52453613, 228.409286499, -463.535827637, 152.599853516, -332.380401611, 351.571014404, -195.222549438, 109.405357361, -66.3795700073, 196.38671875, 100.639144897, 69.1892700195], [-559.496948242, 228.409286499, 256.510681152, -16.6049613953, 101.16091156, -88.5540390015, 0.890025675297, -27.0249958038, 33.5343475342, 4.75859451294, 40.1200408936, -1.04442691803, 28.8834590912], [553.308410645, -463.535827637, -16.6049613953, 360.517272949, -11.866560936, 110.109306335, -145.896789551, 42.0828819275, -29.296918869, 22.8287830353, -89.7818527222, -65.576210022, -1.61744070053], [-489.925964355, 152.599853516, 101.16091156, -11.866560936, 215.718673706, -36.7209854126, 16.4094486237, -6.57827711105, 1.27298629284, -8.19973468781, 20.9741001129, 5.71931743622, 0.824880897999], [496.631835938, -332.380401611, -88.5540390015, 110.109306335, -36.7209854126, 182.922668457, -55.6729431152, 22.5822963715, -34.731803894, 2.68080592155, -35.4356880188, -16.4190216064, -20.5442409515], [-626.530700684, 351.571014404, 0.890025675297, -145.896789551, 16.4094486237, -55.6729431152, 207.369644165, -43.7755470276, 58.5724983215, -33.9887580872, 71.6198272705, 51.6980857849, 1.31241691113], [272.738464355, -195.222549438, -27.0249958038, 42.0828819275, -6.57827711105, 22.5822963715, -43.7755470276, 117.955108643, -7.65442705154, 19.7284183502, -16.819393158, -24.5736103058, -15.5358257294], [-287.731140137, 109.405357361, 33.5343475342, -29.296918869, 1.27298629284, -34.731803894, 58.5724983215, -7.65442705154, 86.4783401489, 3.62147498131, 20.8219928741, -0.963229954243, 10.0076818466], [105.126472473, -66.3795700073, 4.75859451294, 22.8287830353, -8.19973468781, 2.68080592155, -33.9887580872, 19.7284183502, 3.62147498131, 77.6365356445, -12.3857774734, -19.2710514069, 23.3414897919], [-427.093444824, 196.38671875, 40.1200408936, -89.7818527222, 20.9741001129, -35.4356880188, 71.6198272705, -16.819393158, 20.8219928741, -12.3857774734, 116.334579468, 58.5138053894, 13.0212316513], [-194.123794556, 100.639144897, -1.04442691803, -65.576210022, 5.71931743622, -16.4190216064, 51.6980857849, -24.5736103058, -0.963229954243, -19.2710514069, 58.5138053894, 97.722618103, 11.6655387878], [-124.998924255, 69.1892700195, 28.8834590912, -1.61744070053, 0.824880897999, -20.5442409515, 1.31241691113, -15.5358257294, 10.0076818466, 23.3414897919, 13.0212316513, 11.6655387878, 63.1847114563]],
        "icov": [[0.00161625444889, 0.000635868753307, 0.00100643467158, 0.00043512971024, 0.00216010119766, -0.000923514890019, 0.00220863288268, -0.000935571559239, 0.00165590073448, -0.000455412082374, 0.00248523871414, -0.00049979321193, 0.000933908624575], [0.000635868753307, 0.00328643270768, -0.000340893195244, 0.00178203021642, -6.05138438914e-06, 0.00232514925301, -0.00180575891864, 0.00216777366586, 0.00127822160721, 0.000731832173187, -0.000318222708302, 0.00148812320549, -0.00149471580517], [0.00100643467158, -0.000340893195244, 0.00759195676073, -0.000605271663517, -0.00108816707507, 0.00130236672703, 0.00409862399101, 0.000178960108315, -0.00134045211598, -0.000119592434203, -0.000778804242145, 0.000665502448101, -0.000431002874393], [0.00043512971024, 0.00178203021642, -0.000605271663517, 0.00590929063037, -0.000135797803523, -0.00123543723021, 0.00153760309331, 0.000618847552687, -0.000281213608105, 0.00102175551001, 0.00176928623114, 0.0014987437753, -0.00191654067021], [0.00216010119766, -6.05138438914e-06, -0.00108816707507, -0.000135797803523, 0.0090815667063, -0.00182385602966, 0.00264240545221, -0.00242164102383, 0.00352951977402, -0.000698233372532, 0.00368312676437, -0.00126729242038, 0.00258588860743], [-0.000923514890019, 0.00232514925301, 0.00130236672703, -0.00123543723021, -0.00182385602966, 0.0114917457104, -0.0031199271325, 0.00299083115533, 0.0009418061818, 0.000774133193772, -0.00339816487394, 0.00164982536808, -0.000479040638311], [0.00220863288268, -0.00180575891864, 0.00409862399101, 0.00153760309331, 0.00264240545221, -0.0031199271325, 0.0159597788006, -0.00156261981465, -0.00457085156813, 0.00117317656986, 0.00176287500653, -0.00345711736009, 0.00331339682452], [-0.000935571559239, 0.00216777366586, 0.000178960108315, 0.000618847552687, -0.00242164102383, 0.00299083115533, -0.00156261981465, 0.0131434584036, -0.00129363767337, -0.00159058731515, -0.0040787961334, 0.00309400237165, 0.00103945692535], [0.00165590073448, 0.00127822160721, -0.00134045211598, -0.000281213608105, 0.00352951977402, 0.0009418061818, -0.00457085156813, -0.00129363767337, 0.0190098173916, -0.00212528882548, 0.00148892367724, 0.00275356834754, -0.000522266374901], [-0.000455412082374, 0.000731832173187, -0.000119592434203, 0.00102175551001, -0.000698233372532, 0.000774133193772, 0.00117317656986, -0.00159058731515, -0.00212528882548, 0.0179494488984, -0.0011307457462, 0.00338222691789, -0.00846176873893], [0.00248523871414, -0.000318222708302, -0.000778804242145, 0.00176928623114, 0.00368312676437, -0.00339816487394, 0.00176287500653, -0.0040787961334, 0.00148892367724, -0.0011307457462, 0.0204893257469, -0.00890668574721, 0.0010776615236], [-0.00049979321193, 0.00148812320549, 0.000665502448101, 0.0014987437753, -0.00126729242038, 0.00164982536808, -0.00345711736009, 0.00309400237165, 0.00275356834754, 0.00338222691789, -0.00890668574721, 0.0182696972042, -0.00472173886374], [0.000933908624575, -0.00149471580517, -0.000431002874393, -0.00191654067021, 0.00258588860743, -0.000479040638311, 0.00331339682452, 0.00103945692535, -0.000522266374901, -0.00846176873893, 0.0010776615236, -0.00472173886374, 0.0233144480735]]
    },
    "melbands": {
        "dmean": [2.0491761461e-06, 3.58232364306e-06, 2.47509688052e-05, 6.96097922628e-05, 0.00013463961659, 0.000307214446366, 0.000102664504084, 8.21968424134e-05, 6.06662761129e-05, 4.25180915045e-05, 2.71965909633e-05, 1.60274521477e-05, 0.000158580500283, 0.000226788280997, 2.55007362284e-05, 5.2067289289e-06, 3.74151227334e-06, 5.33647289558e-06, 4.02607247452e-06, 5.92421565671e-06, 1.0051217032e-05, 5.2948753364e-06, 1.17096169561e-05, 1.6150479496e-05, 3.86950750908e-06, 4.67530708192e-06, 6.48514287604e-06, 5.15649117006e-06, 6.39361542198e-06, 1.02747353594e-05, 1.93375944946e-05, 4.79441814605e-06, 1.96026940102e-06, 6.66989535603e-06, 3.04341247102e-05, 8.79165418155e-06, 9.21608534554e-06, 4.29970759797e-06, 3.58064721695e-06, 4.76354807688e-06],
        "dmean2": [3.30812554239e-06, 6.077028047e-06, 4.09757885791e-05, 0.000116974355478, 0.000225167372264, 0.000534077058546, 0.000165704303072, 0.000131825610879, 9.40559693845e-05, 7.41392868804e-05, 4.56695270259e-05, 2.70542641374e-05, 0.000258514395682, 0.000377460819436, 4.23838937422e-05, 8.74187298905e-06, 6.66333562549e-06, 9.54145252763e-06, 6.98591338733e-06, 1.04750324681e-05, 1.86966699403e-05, 9.1187785074e-06, 2.05937849387e-05, 2.55836403085e-05, 6.92538833391e-06, 8.62717388372e-06, 1.16271812658e-05, 9.19974445424e-06, 1.1517799976e-05, 1.69989543792e-05, 2.9477318094e-05, 8.10067740531e-06, 3.42704652212e-06, 1.2505095583e-05, 5.92078649788e-05, 1.49332327055e-05, 1.59396640811e-05, 7.80824575486e-06, 6.48114473734e-06, 8.45683189254e-06],
        "dvar": [6.73628774289e-12, 9.27972143572e-11, 1.04223374375e-09, 6.77194700316e-09, 2.73025104747e-08, 1.93981406937e-07, 1.79262666933e-08, 2.42179076793e-08, 6.23590246107e-09, 8.53390247357e-09, 4.11090139707e-09, 1.06941810962e-09, 1.34990116862e-07, 2.44541155325e-07, 2.68116240321e-09, 5.78010694863e-11, 6.16860590386e-11, 2.38819686249e-10, 9.68699009896e-11, 4.38703351424e-10, 2.9688451697e-09, 4.15841000523e-10, 1.20479293209e-09, 1.38051614584e-09, 9.39701649827e-11, 1.83597678727e-10, 4.07273464953e-10, 2.09679398844e-10, 3.4517094738e-10, 5.08959818735e-10, 2.08641548483e-09, 1.63477203996e-10, 5.26974332227e-11, 1.49769885383e-09, 7.55819229425e-08, 8.12603317968e-10, 7.66146146525e-10, 1.37342165418e-10, 1.17869741745e-10, 5.77760450593e-10],
        "dvar2": [1.49062828053e-11, 2.54085030793e-10, 2.65214361583e-09, 1.87015753994e-08, 7.60536593702e-08, 5.6373909274e-07, 4.54706210462e-08, 6.68111397317e-08, 1.32222091054e-08, 2.4608233673e-08, 1.03565209741e-08, 2.74838729553e-09, 4.04336134352e-07, 6.93493404924e-07, 7.71401076349e-09, 1.57781052113e-10, 1.81629170037e-10, 7.00152380517e-10, 2.68225164302e-10, 1.26486987551e-09, 8.55952375645e-09, 1.14129172779e-09, 3.4663234505e-09, 3.55225027171e-09, 2.75312606046e-10, 5.20865905962e-10, 1.14992371181e-09, 6.00496319336e-10, 9.70241109677e-10, 1.35363398268e-09, 5.18822895756e-09, 4.36954417093e-10, 1.48029311031e-10, 4.41252812067e-09, 2.23790863174e-07, 2.02520356041e-09, 1.92827243062e-09, 3.43652217794e-10, 3.25552695912e-10, 1.32780397788e-09],
        "max": [2.69701067737e-05, 0.000108897176688, 0.000204312382266, 0.000626971828751, 0.00158600939903, 0.00392007362098, 0.00132358446717, 0.00158237467986, 0.000840038585011, 0.000963420781773, 0.000774149782956, 0.000356196513167, 0.00337732676417, 0.00453822873533, 0.000538383086678, 7.12303808541e-05, 6.09740854998e-05, 0.000117992378364, 7.03979894752e-05, 0.000202061593882, 0.00057554396335, 0.000189308804693, 0.000333047559252, 0.000515583669767, 7.881194324e-05, 8.82349850144e-05, 0.000173639462446, 9.81316916295e-05, 0.000130862375954, 0.000198412904865, 0.000415012968006, 0.000111742207082, 7.51724874135e-05, 0.000395021459553, 0.00290394388139, 0.000240694178501, 0.000256159022683, 8.19478664198e-05, 7.73024876253e-05, 0.000248626689427],
        "mean": [2.85398664346e-06, 3.95270308218e-06, 3.08315793518e-05, 0.000102301943116, 0.000234668128542, 0.000405146216508, 0.000167286882061, 0.000122346624266, 0.000103295504232, 5.03537630721e-05, 3.18175261782e-05, 2.3173268346e-05, 0.000211519247387, 0.000330216687871, 3.41419690812e-05, 7.96182939666e-06, 4.3980371629e-06, 4.7527209972e-06, 4.02292471335e-06, 5.48282787349e-06, 8.04590490588e-06, 4.75210163131e-06, 1.44999521581e-05, 2.2593916583e-05, 3.67601933249e-06, 4.21352660851e-06, 5.83085784456e-06, 4.62977004645e-06, 5.40873907084e-06, 1.38147561302e-05, 2.68074600172e-05, 5.09923756908e-06, 1.67785390204e-06, 4.65744278699e-06, 1.76699159056e-05, 9.14800784813e-06, 9.26892153075e-06, 3.50897880708e-06, 2.60911224359e-06, 3.93894379158e-06],
        "median": [1.92872971638e-06, 1.60430931828e-06, 1.26205522974e-05, 6.3564220909e-05, 0.000144746139995, 0.000184990669368, 8.15275416244e-05, 5.64102738281e-05, 5.61452070542e-05, 2.3257045541e-05, 1.31449251057e-05, 8.87424539542e-06, 6.47982451483e-05, 0.000122984682093, 1.51785734488e-05, 3.76063621843e-06, 1.75278580627e-06, 1.23121208162e-06, 8.02520048637e-07, 6.88230556989e-07, 6.92122625878e-07, 7.1738367069e-07, 4.08904452343e-06, 6.23886353424e-06, 4.29886341635e-07, 2.67443283519e-07, 2.08098768439e-07, 2.62625803771e-07, 4.22551266865e-07, 3.41649320035e-06, 7.20059051673e-06, 9.05871786472e-07, 3.8322802709e-08, 5.67680977781e-08, 7.50343289724e-08, 7.64800972775e-07, 7.53146196075e-07, 1.21380878682e-07, 3.90911552017e-08, 3.48925262017e-08],
        "min": [9.66464526186e-08, 6.27035348089e-08, 3.60990611625e-07, 1.20179197438e-06, 1.61008631494e-06, 1.30191835979e-06, 1.31892068111e-06, 9.34290312671e-07, 2.73734599432e-07, 1.23028101484e-07, 1.54225460847e-07, 2.47005090159e-07, 1.00621969068e-06, 1.26361999264e-06, 1.00240890788e-06, 2.05084290883e-07, 6.18774436134e-08, 5.01964905197e-08, 2.52207463802e-08, 1.01325863255e-08, 7.43366657119e-09, 1.44720404549e-08, 1.14006731167e-07, 2.74055167893e-07, 2.36786021901e-08, 1.74009500142e-08, 4.71716132822e-09, 4.95162399972e-09, 1.42908200829e-08, 3.61245895419e-08, 5.960272631e-08, 4.79353712279e-09, 1.6141811221e-09, 1.90340299078e-09, 2.07079819958e-09, 7.05611880036e-09, 7.07234271147e-09, 2.92856272566e-09, 1.22143162251e-09, 1.80202563982e-09],
        "var": [1.10459402042e-11, 7.91564799818e-11, 1.62132762771e-09, 1.2042165487e-08, 6.78387976905e-08, 3.26593550426e-07, 4.27457180763e-08, 3.45830812876e-08, 1.56335389079e-08, 7.99995536482e-09, 4.55812632083e-09, 1.86106274835e-09, 1.59065351113e-07, 3.2298535757e-07, 3.52224893696e-09, 1.23733731594e-10, 5.87803902774e-11, 1.64839544792e-10, 9.54594181479e-11, 3.14952453007e-10, 1.7568205779e-09, 3.07158409818e-10, 1.18923648706e-09, 2.81411516312e-09, 8.20507273236e-11, 1.54563237209e-10, 3.40108913255e-10, 1.73256894942e-10, 2.6726867941e-10, 7.74925901226e-10, 3.20310400426e-09, 1.64942795533e-10, 3.97826771525e-11, 8.39325331459e-10, 3.98393993351e-08, 9.12177833268e-10, 8.28566049105e-10, 1.29691229978e-10, 8.76248518189e-11, 5.41585332137e-10]
    },
    "mfcc": {
        "mean": [-702.797241211, 99.153175354, 1.39966320992, -8.57387828827, -36.9950561523, -15.7960538864, -9.5526676178, -8.33896446228, -18.5084400177, -33.3092498779, -13.2618227005, 22.9850692749, -18.6464309692],
        "cov": [[5504.90380859, -2618.53125, -209.721389771, -111.381538391, 171.458953857, -29.5736427307, -176.468414307, -90.5447235107, 16.7666530609, 322.552429199, -244.268325806, -529.282836914, 417.829467773], [-2618.53125, 1939.35571289, 44.6182632446, -87.0418777466, -290.385498047, -51.4212532043, 84.2842254639, 11.3282346725, -22.6227684021, -257.693237305, 140.495697021, 330.827392578, -361.194946289], [-209.721389771, 44.6182632446, 146.562026978, 51.4692573547, 33.5996780396, -11.0771398544, -11.2667617798, -19.9474906921, -2.77140426636, 15.6165542603, -14.5952043533, 2.54659557343, -18.5262832642], [-111.381538391, -87.0418777466, 51.4692573547, 178.673141479, 96.2757644653, 18.5120601654, -17.1729316711, -18.2821884155, 5.19507408142, 47.5611343384, -29.4629096985, -66.9064331055, 67.3025436401], [171.458953857, -290.385498047, 33.5996780396, 96.2757644653, 219.850601196, 30.6188564301, -3.99564552307, -16.6907176971, -0.954011917114, 61.3691902161, -40.5733833313, -97.0311584473, 115.574966431], [-29.5736427307, -51.4212532043, -11.0771398544, 18.5120601654, 30.6188564301, 111.692481995, 2.53106856346, 8.15615177155, -2.34279918671, -15.5102176666, -25.7483882904, 13.7061748505, 8.81398105621], [-176.468414307, 84.2842254639, -11.2667617798, -17.1729316711, -3.99564552307, 2.53106856346, 80.5696716309, 18.0717868805, -4.43396806717, -26.3604545593, 24.8200035095, 38.5395584106, -15.3111534119], [-90.5447235107, 11.3282346725, -19.9474906921, -18.2821884155, -16.6907176971, 8.15615177155, 18.0717868805, 96.3459320068, -0.61909288168, -32.8531150818, 22.681640625, 35.3527069092, -11.3616323471], [16.7666530609, -22.6227684021, -2.77140426636, 5.19507408142, -0.954011917114, -2.34279918671, -4.43396806717, -0.61909288168, 73.0027618408, 21.3607635498, 8.27872943878, 0.729708135128, -10.9770393372], [322.552429199, -257.693237305, 15.6165542603, 47.5611343384, 61.3691902161, -15.5102176666, -26.3604545593, -32.8531150818, 21.3607635498, 164.044006348, -27.9404907227, -114.957717896, 101.219985962], [-244.268325806, 140.495697021, -14.5952043533, -29.4629096985, -40.5733833313, -25.7483882904, 24.8200035095, 22.681640625, 8.27872943878, -27.9404907227, 93.6585845947, 42.7278556824, -41.2562065125], [-529.282836914, 330.827392578, 2.54659557343, -66.9064331055, -97.0311584473, 13.7061748505, 38.5395584106, 35.3527069092, 0.729708135128, -114.957717896, 42.7278556824, 234.22479248, -177.20098877], [417.829467773, -361.194946289, -18.5262832642, 67.3025436401, 115.574966431, 8.81398105621, -15.3111534119, -11.3616323471, -10.9770393372, 101.219985962, -41.2562065125, -177.20098877, 256.861602783]],
