{
"lowlevel": {
    "average_loudness": 0.96965700388,
    "barkbands_crest": {
        "dmean": 2.10911870003,
        "dmean2": 3.68351769447,
        "dvar": 3.73650860786,
        "dvar2": 9.92191028595,
        "max": 15.9855203629,
        "mean": 6.42587900162,
        "median": 5.76292705536,
        "min": 2.17278432846,
        "var": 11.0572786331
    },
    "barkbands_flatness_db": {
        "dmean": 0.0148149812594,
        "dmean2": 0.0231258813292,
        "dvar": 0.000191728089703,
        "dvar2": 0.00039146313793,
        "max": 0.193643063307,
        "mean": 0.0739373415709,
        "median": 0.0599693544209,
        "min": 0.0256770495325,
        "var": 0.00191451667342
    },
    "barkbands_kurtosis": {
        "dmean": 2.49482512474,
        "dmean2": 3.6761841774,
        "dvar": 11.347738266,
        "dvar2": 27.3769264221,
        "max": 29.3320159912,
        "mean": 4.00085401535,
        "median": 0.623247146606,
        "min": -1.33642458916,
        "var": 40.9114341736
    },
    "barkbands_skewness": {
        "dmean": 0.493450075388,
        "dmean2": 0.753662705421,
        "dvar": 0.17923425138,
        "dvar2": 0.379712104797,
        "max": 4.74050617218,
        "mean": 1.42069840431,
        "median": 1.18756473064,
        "min": -0.54788184166,
        "var": 1.44737195969
    },
    "barkbands_spread": {
        "dmean": 5.23324680328,
        "dmean2": 8.06308555603,
        "dvar": 24.3398017883,
        "dvar2": 56.3958816528,
        "max": 58.2650108337,
        "mean": 27.0621986389,
        "median": 29.6192378998,
        "min": 5.49401569366,
        "var": 133.00730896
    },
    "dissonance": {
        "dmean": 0.0118435323238,
        "dmean2": 0.0193574633449,
        "dvar": 0.000210335769225,
        "dvar2": 0.000372297421563,
        "max": 0.499603807926,
        "mean": 0.481821358204,
        "median": 0.487048983574,
        "min": 0.367165982723,
        "var": 0.000300983316265
    },
    "dynamic_complexity": 2.91855478287,
    "erbbands_crest": {
        "dmean": 1.23723006248,
        "dmean2": 2.19031023979,
        "dvar": 1.44499623775,
        "dvar2": 4.38956212997,
        "max": 9.91356372833,
        "mean": 4.86187887192,
        "median": 4.60604572296,
        "min": 2.74036216736,
        "var": 1.868516922
    },
    "erbbands_flatness_db": {
        "dmean": 0.0135225644335,
        "dmean2": 0.0222597531974,
        "dvar": 0.000141077980516,
        "dvar2": 0.000353025505319,
        "max": 0.18339946866,
        "mean": 0.110622912645,
        "median": 0.109738856554,
        "min": 0.0659462213516,
        "var": 0.000454279826954
    },
    "erbbands_kurtosis": {
        "dmean": 0.665290951729,
        "dmean2": 1.08263289928,
        "dvar": 0.495729774237,
        "dvar2": 1.51154816151,
        "max": 3.49572467804,
        "mean": -0.0804171785712,
        "median": -0.232937335968,
        "min": -1.09684860706,
        "var": 0.562074244022
    },
    "erbbands_skewness": {
        "dmean": 0.311955153942,
        "dmean2": 0.499954044819,
        "dvar": 0.060048520565,
        "dvar2": 0.157407790422,
        "max": 1.65086317062,
        "mean": 0.0790124461055,
        "median": 0.00755888689309,
        "min": -1.10479998589,
        "var": 0.256940692663
    },
    "erbbands_spread": {
        "dmean": 6.88152503967,
        "dmean2": 11.501704216,
        "dvar": 35.0441207886,
        "dvar2": 99.8229370117,
        "max": 55.0073242188,
        "mean": 35.5221748352,
        "median": 34.7946205139,
        "min": 16.9307518005,
        "var": 74.3146820068
    },
    "hfc": {
        "dmean": 6.57939720154,
        "dmean2": 9.53497219086,
        "dvar": 155.348464966,
        "dvar2": 305.684844971,
        "max": 121.99307251,
        "mean": 17.8586273193,
        "median": 12.9495973587,
        "min": 0.830018997192,
        "var": 316.226806641
    },
    "melbands_crest": {
        "dmean": 2.96387720108,
        "dmean2": 4.90953636169,
        "dvar": 6.36030292511,
        "dvar2": 20.3247051239,
        "max": 22.80443573,
        "mean": 10.4578857422,
        "median": 10.1561899185,
        "min": 3.37185573578,
        "var": 23.5777606964
    },
    "melbands_flatness_db": {
        "dmean": 0.0234687514603,
        "dmean2": 0.0356377661228,
        "dvar": 0.000441314798081,
        "dvar2": 0.00077814841643,
        "max": 0.321051627398,
        "mean": 0.155998378992,
        "median": 0.143883436918,
        "min": 0.0588708929718,
        "var": 0.00513357715681
    },
    "melbands_kurtosis": {
        "dmean": 3.93623876572,
        "dmean2": 6.74226093292,
        "dvar": 20.7421989441,
        "dvar2": 52.5576515198,
        "max": 44.250289917,
        "mean": 7.73486089706,
        "median": 4.66320180893,
        "min": -1.16935837269,
        "var": 69.4249954224
    },
    "melbands_skewness": {
        "dmean": 0.589626133442,
        "dmean2": 0.966481268406,
        "dvar": 0.242124721408,
        "dvar2": 0.648912250996,
        "max": 5.29378652573,
        "mean": 2.11184668541,
        "median": 1.98346459866,
        "min": 0.129708573222,
        "var": 1.37743699551
    },
    "melbands_spread": {
        "dmean": 7.52405643463,
        "dmean2": 12.248292923,
        "dvar": 62.9309120178,
        "dvar2": 133.115402222,
        "max": 70.5189590454,
        "mean": 29.4013462067,
        "median": 29.2519817352,
        "min": 3.91743373871,
        "var": 342.401641846
    },
    "pitch_salience": {
        "dmean": 0.0602461099625,
        "dmean2": 0.102478675544,
        "dvar": 0.00317176361568,
        "dvar2": 0.00919411797076,
        "max": 0.865763366222,
        "mean": 0.696226119995,
        "median": 0.725784659386,
        "min": 0.42266947031,
        "var": 0.00869840104133
    },
    "silence_rate_20dB": {
        "dmean": 0,
        "dmean2": 0,
        "dvar": 0,
        "dvar2": 0,
        "max": 1,
        "mean": 1,
        "median": 1,
        "min": 1,
        "var": 0
    },
    "silence_rate_30dB": {
        "dmean": 0,
        "dmean2": 0,
        "dvar": 0,
        "dvar2": 0,
        "max": 1,
        "mean": 1,
        "median": 1,
        "min": 1,
        "var": 0
    },
    "silence_rate_60dB": {
        "dmean": 0.0583333335817,
        "dmean2": 0.117647059262,
        "dvar": 0.0549304932356,
        "dvar2": 0.154226526618,
        "max": 1,
        "mean": 0.0661156997085,
        "median": 0,
        "min": 0,
        "var": 0.0617443211377
    },
    "spectral_centroid": {
        "dmean": 273.390014648,
        "dmean2": 421.159393311,
        "dvar": 57949.4296875,
        "dvar2": 103173.632812,
        "max": 2735.59716797,
        "mean": 1510.73583984,
        "median": 1643.75720215,
        "min": 365.318023682,
        "var": 488690.09375
    },
    "spectral_complexity": {
        "dmean": 6.27500009537,
        "dmean2": 8.97478961945,
        "dvar": 35.9827232361,
        "dvar2": 48.7976837158,
        "max": 56,
        "mean": 23.8429756165,
        "median": 22,
        "min": 1,
        "var": 169.405090332
    },
    "spectral_decrease": {
        "dmean": 1.7606203162e-09,
        "dmean2": 2.80182121948e-09,
        "dvar": 4.7210713076e-18,
        "dvar2": 9.68187940905e-18,
        "max": -2.36047681401e-10,
        "mean": -4.83134421358e-09,
        "median": -3.27096860708e-09,
        "min": -2.67241215823e-08,
        "var": 2.17458206066e-17
    },
    "spectral_energy": {
        "dmean": 0.00716472323984,
        "dmean2": 0.0113045545295,
        "dvar": 7.54491557018e-05,
        "dvar2": 0.000152229156811,
        "max": 0.103676043451,
        "mean": 0.0198544487357,
        "median": 0.0134283546358,
        "min": 0.000966184248682,
        "var": 0.000339132733643
    },
    "spectral_energyband_high": {
        "dmean": 0.000235882587731,
        "dmean2": 0.000313385447953,
        "dvar": 1.60384132641e-07,
        "dvar2": 2.89636176376e-07,
        "max": 0.00369144324213,
        "mean": 0.000546550727449,
        "median": 0.000339659076417,
        "min": 2.04836633202e-05,
        "var": 3.95191648295e-07
    },
    "spectral_energyband_low": {
        "dmean": 0.00414108950645,
        "dmean2": 0.00705959601328,
        "dvar": 3.52196329914e-05,
        "dvar2": 8.5829073214e-05,
        "max": 0.0583984255791,
        "mean": 0.00748465536162,
        "median": 0.00336609315127,
        "min": 0.000119640411867,
        "var": 0.000106490057078
    },
    "spectral_energyband_middle_high": {
        "dmean": 0.00246535451151,
        "dmean2": 0.00354258343577,
        "dvar": 2.96162088489e-05,
        "dvar2": 6.53136594337e-05,
        "max": 0.0525613725185,
        "mean": 0.00453066872433,
        "median": 0.0025684738066,
        "min": 0.000262012414169,
        "var": 4.76445602544e-05
    },
    "spectral_energyband_middle_low": {
        "dmean": 0.0035332145635,
        "dmean2": 0.00543565303087,
        "dvar": 2.13249204535e-05,
        "dvar2": 4.65922203148e-05,
        "max": 0.0559243001044,
        "mean": 0.00880931131542,
        "median": 0.0049231373705,
        "min": 0.000402725854656,
        "var": 9.48878441704e-05
    },
    "spectral_entropy": {
        "dmean": 0.119990028441,
        "dmean2": 0.183390155435,
        "dvar": 0.0169828403741,
        "dvar2": 0.038044642657,
        "max": 8.40404033661,
        "mean": 7.84093761444,
        "median": 7.95183849335,
        "min": 6.94649600983,
        "var": 0.0918008685112
    },
    "spectral_flux": {
        "dmean": 0.0156951695681,
        "dmean2": 0.0257299132645,
        "dvar": 0.000360679085134,
        "dvar2": 0.00105292536318,
        "max": 0.22407977283,
        "mean": 0.0777043327689,
        "median": 0.0700430572033,
        "min": 0.0252872165293,
        "var": 0.00112058466766
    },
    "spectral_kurtosis": {
        "dmean": 1.71426975727,
        "dmean2": 2.64244127274,
        "dvar": 4.25914287567,
        "dvar2": 10.6379566193,
        "max": 21.1585350037,
        "mean": 7.83189725876,
        "median": 7.23336029053,
        "min": 3.52277374268,
        "var": 7.97815561295
    },
    "spectral_rms": {
        "dmean": 0.000753517088015,
        "dmean2": 0.00118481309619,
        "dvar": 5.54608561742e-07,
        "dvar2": 9.29171108055e-07,
        "max": 0.010057204403,
        "mean": 0.0039938390255,
        "median": 0.00361950742081,
        "min": 0.000970885565039,
        "var": 3.4194536056e-06
    },
    "spectral_rolloff": {
        "dmean": 446.813812256,
        "dmean2": 746.243041992,
        "dvar": 218850.6875,
        "dvar2": 435705.53125,
        "max": 3897.50976562,
        "mean": 1800.42443848,
        "median": 2045.65429688,
        "min": 236.865234375,
        "var": 1308803.625
    },
    "spectral_skewness": {
        "dmean": 0.216200158,
        "dmean2": 0.299694001675,
        "dvar": 0.0597061701119,
        "dvar2": 0.147524401546,
        "max": 3.2656416893,
        "mean": 1.99480772018,
        "median": 1.91836977005,
        "min": 1.38354825974,
        "var": 0.165276408195
    },
    "spectral_spread": {
        "dmean": 605755.25,
        "dmean2": 965474.6875,
        "dvar": 810674946048,
        "dvar2": 975153528832,
        "max": 12973737,
        "mean": 4550316.5,
        "median": 4349150.5,
        "min": 2362878.25,
        "var": 1.15247205581e+12
    },
    "spectral_strongpeak": {
        "dmean": 0.202805787325,
        "dmean2": 0.345280230045,
        "dvar": 0.0462129786611,
        "dvar2": 0.125038042665,
        "max": 1.38189554214,
        "mean": 0.336892485619,
        "median": 0.247177898884,
        "min": 0,
        "var": 0.0893605649471
    },
    "zerocrossingrate": {
        "dmean": 0.0120727540925,
        "dmean2": 0.0158999152482,
        "dvar": 0.000136303773616,
        "dvar2": 0.000175278182724,
        "max": 0.18896484375,
        "mean": 0.0943068861961,
        "median": 0.09423828125,
        "min": 0.017578125,
        "var": 0.00147484673653
    },
    "barkbands": {
        "dmean": [0.000437441194663, 0.000784157251474, 0.0028435557615, 0.00158477027435, 0.00168079184368, 0.000748676306102, 0.000477841997053, 0.000441915093688, 0.000483466748847, 0.000271824130323, 0.000249526987318, 0.000451259256806, 0.000345795997418, 0.000323180429405, 0.000260463013547, 0.000460731942439, 0.000310349598294, 0.000225491516176, 0.000311450945446, 0.000160717667313, 9.61361656664e-05, 3.34659816872e-05, 1.94773310795e-05, 2.77148483292e-05, 2.70396303677e-05, 5.73569423068e-06, 1.21986977319e-05],
        "dmean2": [0.000724606215954, 0.00124059291556, 0.00511441193521, 0.00256745237857, 0.00276071368717, 0.00122696033213, 0.000805993622635, 0.000793068495113, 0.000786096556112, 0.000444124278147, 0.000425029022153, 0.000751362007577, 0.00060287269298, 0.000532949983608, 0.000397266849177, 0.000754013541155, 0.000523238675669, 0.000354261690518, 0.000498191162478, 0.000238468448515, 0.000138697971124, 4.62085845356e-05, 2.98566519632e-05, 4.64059630758e-05, 4.41967313236e-05, 9.28253939492e-06, 2.07189168577e-05],
        "dvar": [3.45658321521e-07, 1.10524479169e-06, 1.87260411622e-05, 4.77940784549e-06, 7.75757871452e-06, 6.40938139895e-07, 3.64317173762e-07, 3.8263064539e-07, 3.94930509628e-07, 1.45023051346e-07, 3.48082153323e-07, 8.22170989068e-07, 5.28639532149e-07, 4.19927800976e-07, 1.35018538572e-07, 1.56562077791e-06, 4.7263694114e-07, 3.09266596332e-07, 5.55633107524e-07, 6.54292477975e-08, 2.91171815547e-08, 4.10895806269e-09, 9.93378268532e-10, 5.05642372417e-09, 4.33525748633e-09, 5.78993311628e-11, 1.45843725985e-10],
        "dvar2": [7.88817374087e-07, 2.49547156272e-06, 5.00694368384e-05, 1.41036434798e-05, 1.84725595318e-05, 1.64566267813e-06, 1.00969509731e-06, 1.09424138373e-06, 1.13081785003e-06, 3.68058607592e-07, 9.87505927696e-07, 2.02201499633e-06, 1.52332506786e-06, 1.01515513506e-06, 3.09301867674e-07, 3.7945578697e-06, 1.00062618458e-06, 6.42644010895e-07, 1.44414400438e-06, 1.35342901331e-07, 6.22744806833e-08, 8.34853342013e-09, 2.2972901359e-09, 1.46226106779e-08, 1.17271223843e-08, 1.26737315087e-10, 3.20224069483e-10],
        "max": [0.00491062784567, 0.00904128979892, 0.0352954789996, 0.0188504178077, 0.0264079850167, 0.00474043935537, 0.00436209095642, 0.00528569659218, 0.00434000091627, 0.00335167744197, 0.00494460668415, 0.00670013716444, 0.00582840153947, 0.00432656705379, 0.00311719649471, 0.0113495429978, 0.00585650606081, 0.00541547872126, 0.00579818012193, 0.00208201026544, 0.00139373471029, 0.00059653329663, 0.000255177059444, 0.000623942003585, 0.000598163926043, 6.28959314781e-05, 0.000132524975925],
        "mean": [0.00047874453594, 0.00146630569361, 0.00402350723743, 0.00249298289418, 0.00305359647609, 0.00100465875585, 0.000712978071533, 0.000652113056276, 0.000764485157561, 0.000379134668037, 0.000364336679922, 0.000543865666259, 0.000464427750558, 0.000434213783592, 0.000388790940633, 0.000636651238892, 0.00047458516201, 0.000353556359187, 0.000414400245063, 0.000260436325334, 0.000150708219735, 5.61947636015e-05, 3.59442019544e-05, 4.35163092334e-05, 4.06717699661e-05, 1.4906542674e-05, 9.37452787184e-05],
        "median": [0.000188688078197, 0.000520645931829, 0.00101670471486, 0.000994786852971, 0.000975093629677, 0.000679920776747, 0.000483849929878, 0.000426841288572, 0.000514968647622, 0.000220964313485, 0.00020330924599, 0.000309951778036, 0.00022901763441, 0.000193665822735, 0.000214285464608, 0.00027586374199, 0.000237277970882, 0.000144737088704, 0.000179813680006, 0.000110851389763, 5.61652450415e-05, 2.60144006461e-05, 2.0935503926e-05, 2.67452669505e-05, 2.30845744227e-05, 1.15479106171e-05, 9.43586783251e-05],
        "min": [4.32002070738e-06, 1.80329443538e-05, 5.45589091416e-06, 1.00006509456e-05, 5.36762090633e-05, 6.5476349846e-05, 2.50802586379e-05, 1.23875661302e-05, 4.12388326367e-05, 2.93195153063e-05, 2.69659140031e-05, 2.12554714381e-05, 2.49303593591e-05, 1.64451212186e-05, 1.42334783959e-05, 1.02657668322e-05, 1.03442998807e-05, 1.11880071927e-05, 1.08526255644e-05, 9.66023071669e-06, 5.15121564604e-06, 2.33628952628e-06, 9.62311105468e-07, 5.98429153342e-07, 5.23053529378e-07, 5.06938135914e-07, 2.39465907725e-06],
        "var": [5.56227462312e-07, 3.5445548292e-06, 3.8529822632e-05, 1.19828773677e-05, 2.33238406508e-05, 9.16313183552e-07, 5.43177009149e-07, 5.4047904996e-07, 5.60126864002e-07, 2.30743680163e-07, 3.11337174708e-07, 7.21818025795e-07, 4.8343895287e-07, 4.67263163273e-07, 2.26056315e-07, 2.06206027542e-06, 7.65092238453e-07, 4.93387915412e-07, 6.58519809349e-07, 1.52912122076e-07, 5.70178322334e-08, 7.82308884339e-09, 2.06711825435e-09, 4.60020022075e-09, 4.36763158973e-09, 1.01175019751e-10, 1.94381261087e-10]
    },
    "erbbands": {
        "dmean": [0.0188611391932, 0.226134359837, 2.18822646141, 5.28677034378, 3.82037138939, 6.84907722473, 9.3467502594, 5.77613687515, 6.0924372673, 8.94522666931, 9.05597019196, 10.9078874588, 10.0077829361, 7.30129575729, 12.0541543961, 17.9780197144, 14.5342359543, 20.131652832, 13.2536859512, 11.5391759872, 27.3941917419, 17.3681983948, 12.6683712006, 17.6500968933, 10.9390888214, 7.65103960037, 4.82273960114, 2.54957580566, 1.39782166481, 0.727457761765, 0.55986648798, 0.443350315094, 0.534969747066, 0.431632578373, 0.145723730326, 0.0458068214357, 0.00599551014602, 0.00260532973334, 0.00144149072003, 0.000299048580928],
        "dmean2": [0.0242939442396, 0.363903075457, 3.95399284363, 8.73374843597, 6.32608413696, 11.5242404938, 15.8624839783, 9.96233463287, 10.5623683929, 15.4079370499, 15.6960802078, 17.7681789398, 16.2048797607, 12.490942955, 21.0635967255, 29.5960025787, 24.7092094421, 34.4098358154, 20.9664268494, 18.9269752502, 45.4090766907, 28.5428924561, 19.0879936218, 28.6094207764, 16.9736022949, 11.6665935516, 6.90427827835, 3.53383684158, 1.87208485603, 1.02575659752, 0.876367747784, 0.713904440403, 0.914310514927, 0.7566421628, 0.239755347371, 0.0752097591758, 0.00891700480133, 0.00439650565386, 0.00239097839221, 0.000517880602274],
        "dvar": [0.000834229635075, 0.0816508755088, 10.1345367432, 60.6040725708, 38.5052947998, 173.656524658, 202.378860474, 48.4073028564, 75.7073898315, 112.808937073, 167.082611084, 189.179946899, 137.759475708, 244.772277832, 524.068359375, 1726.71887207, 1080.22912598, 1725.17321777, 354.103393555, 892.877380371, 5790.14013672, 1374.39404297, 798.892333984, 2324.13452148, 454.367034912, 169.599807739, 73.4837799072, 15.9386959076, 7.81316947937, 1.57072079182, 0.828280329704, 0.441045820713, 2.45619702339, 2.17063808441, 0.0604894831777, 0.00463711936027, 5.0022637879e-05, 5.50690810996e-06, 1.64280527315e-06, 7.18994357385e-08],
        "dvar2": [0.00110765337013, 0.235195428133, 28.8715343475, 144.622375488, 107.545120239, 449.227752686, 492.480072021, 123.27155304, 206.797622681, 316.711456299, 445.991943359, 510.197296143, 370.589263916, 635.385192871, 1370.70117188, 4258.18212891, 3077.04052734, 4513.76513672, 772.10168457, 1693.84741211, 14216.8974609, 3058.2487793, 1786.5904541, 5756.10449219, 1057.2824707, 322.182281494, 136.961959839, 33.2695083618, 17.2112293243, 3.4808049202, 1.93951356411, 1.07385742664, 7.16565322876, 6.28609895706, 0.131594538689, 0.0100406482816, 0.000115875220217, 1.09043467091e-05, 3.22344249071e-06, 1.83003649568e-07],
        "max": [0.317691415548, 2.05180239677, 22.3285179138, 82.8009109497, 40.7829666138, 106.350257874, 169.673828125, 42.8704414368, 59.329875946, 64.1699523926, 114.385345459, 99.0300750732, 82.3982849121, 135.616607666, 188.760635376, 314.558959961, 273.293487549, 272.653411865, 140.570068359, 276.429229736, 667.175964355, 290.773223877, 282.010528564, 421.60635376, 153.478759766, 103.282211304, 75.0672073364, 34.4393234253, 26.9363918304, 10.3199005127, 7.51845312119, 6.05231523514, 13.2420883179, 12.6246461868, 2.03658914566, 0.479920089245, 0.0682904943824, 0.0244102962315, 0.0132743772119, 0.00279035721906],
        "mean": [0.0409874282777, 0.386282086372, 3.07345032692, 8.92064285278, 5.65662765503, 10.5571269989, 14.9853620529, 7.41617584229, 9.28059196472, 12.8513870239, 14.1226434708, 17.3300571442, 15.513633728, 11.8825674057, 17.7828769684, 22.3735733032, 20.8300304413, 24.8608417511, 20.7558784485, 20.7165126801, 38.6391868591, 26.5319480896, 19.7128047943, 23.0077571869, 16.8332138062, 12.8552379608, 8.03801059723, 4.30276107788, 2.22861719131, 1.24532675743, 1.02526164055, 0.864328861237, 0.737015426159, 0.547429263592, 0.243673890829, 0.0791509002447, 0.0220189355314, 0.0176309905946, 0.010317071341, 0.00187557248864],
        "median": [0.0149132488295, 0.149590477347, 0.940189480782, 3.36257505417, 2.73502206802, 3.11337542534, 6.4423661232, 5.2215886116, 6.43069458008, 8.86686897278, 8.65612506866, 12.6762180328, 11.3705940247, 7.54480600357, 11.6358537674, 11.9202156067, 9.91275882721, 11.612154007, 12.1195707321, 11.6157913208, 15.1025543213, 13.3212690353, 8.80516147614, 9.49060916901, 6.97187852859, 5.68235015869, 3.05597114563, 1.91867744923, 0.970588386059, 0.572012066841, 0.608805954456, 0.566735625267, 0.428433030844, 0.290758341551, 0.137534081936, 0.0456301346421, 0.019377399236, 0.0175341498107, 0.0102202706039, 0.00188881182112],
        "min": [0.000987857230939, 0.00338527653366, 0.00806616153568, 0.0467387773097, 0.0940276235342, 0.167500123382, 0.236527577043, 0.596158981323, 0.38989251852, 0.386178284883, 0.659713506699, 1.17942774296, 1.05895698071, 0.93541097641, 0.636656999588, 1.1398832798, 1.46051537991, 1.12687122822, 0.975678920746, 0.665684640408, 0.565847873688, 0.548650741577, 0.73332118988, 0.342086642981, 0.410598903894, 0.537527382374, 0.237369060516, 0.177148461342, 0.0785273239017, 0.0440555438399, 0.0223604422063, 0.0156602691859, 0.00887448433787, 0.00553482305259, 0.0031342508737, 0.00194770877715, 0.00101892056409, 0.000432420783909, 0.000268607545877, 5.26095464011e-05],
        "var": [0.00373206404038, 0.225969538093, 18.5972175598, 187.473342896, 65.5802993774, 319.391937256, 606.47644043, 57.2545166016, 95.0321350098, 153.252609253, 260.392364502, 297.18762207, 217.057861328, 292.806030273, 564.756835938, 1464.94030762, 1012.94622803, 1579.52685547, 596.811035156, 1404.60766602, 7826.05322266, 2129.90014648, 1297.57775879, 2731.26782227, 761.285888672, 384.669799805, 160.043548584, 36.3535652161, 13.5425138474, 3.16064095497, 1.65135121346, 0.951374292374, 1.83066523075, 1.51131927967, 0.10139528662, 0.0075437920168, 0.000105089908175, 8.33421927382e-06, 2.67219206762e-06, 9.549260227e-08]
    },
    "gfcc": {
        "mean": [20.9985351562, 64.6416244507, -101.397850037, 5.48393535614, -32.4598731995, -8.67360401154, -26.716342926, -1.69991457462, -19.0438537598, -6.90107965469, -9.56891059875, -10.7316656113, -7.33818674088],
        "cov": [[1682.45812988, 33.7651939392, -452.733001709, 282.162780762, -101.263618469, 23.1886558533, -80.479347229, 47.6283683777, -91.6522216797, -16.2603969574, -64.1425170898, -20.8140182495, -1.92044985294], [33.7651939392, 802.049194336, 558.642272949, 36.9159507751, 157.178283691, -30.2626075745, 82.1437225342, -4.8783159256, -3.21473741531, -76.9923019409, -51.0407218933, -17.8421669006, -41.2221412659], [-452.733001709, 558.642272949, 737.684265137, -13.7348661423, 124.685256958, 8.7713842392, 60.1152877808, 12.4650678635, 18.282623291, -66.5824203491, -25.9980430603, -32.3328819275, -31.2109260559], [282.162780762, 36.9159507751, -13.7348661423, 144.447753906, 20.1795845032, 22.5548648834, 3.56036734581, 7.08892202377, -9.83945274353, 0.486100554466, -19.0028343201, -11.1258420944, -9.95910739899], [-101.263618469, 157.178283691, 124.685256958, 20.1795845032, 100.501319885, 7.51516962051, 33.2444114685, -15.0222530365, 10.1704502106, -11.4432582855, -5.75530767441, -1.20323681831, -13.5314292908], [23.1886558533, -30.2626075745, 8.7713842392, 22.5548648834, 7.51516962051, 46.5130233765, 4.10108423233, 12.3138847351, -1.84886753559, 0.399048686028, 0.150182694197, -6.42252206802, -0.486474215984], [-80.479347229, 82.1437225342, 60.1152877808, 3.56036734581, 33.2444114685, 4.10108423233, 47.0811767578, 4.94880104065, 16.5938796997, -1.8820027113, -1.84721207619, 2.06963467598, -6.76070690155], [47.6283683777, -4.8783159256, 12.4650678635, 7.08892202377, -15.0222530365, 12.3138847351, 4.94880104065, 39.3037528992, 15.8129787445, 6.38055181503, 2.86659169197, -1.96934020519, 1.89833807945], [-91.6522216797, -3.21473741531, 18.282623291, -9.83945274353, 10.1704502106, -1.84886753559, 16.5938796997, 15.8129787445, 37.9449043274, 19.4887714386, 12.4959135056, 8.05414390564, 1.23752427101], [-16.2603969574, -76.9923019409, -66.5824203491, 0.486100554466, -11.4432582855, 0.399048686028, -1.8820027113, 6.38055181503, 19.4887714386, 42.6714286804, 25.5687618256, 13.2454957962, 6.08936452866], [-64.1425170898, -51.0407218933, -25.9980430603, -19.0028343201, -5.75530767441, 0.150182694197, -1.84721207619, 2.86659169197, 12.4959135056, 25.5687618256, 33.3965988159, 17.8199329376, 8.2679567337], [-20.8140182495, -17.8421669006, -32.3328819275, -11.1258420944, -1.20323681831, -6.42252206802, 2.06963467598, -1.96934020519, 8.05414390564, 13.2454957962, 17.8199329376, 31.0025062561, 16.9938430786], [-1.92044985294, -41.2221412659, -31.2109260559, -9.95910739899, -13.5314292908, -0.486474215984, -6.76070690155, 1.89833807945, 1.23752427101, 6.08936452866, 8.2679567337, 16.9938430786, 24.3997573853]],
        "icov": [[0.00353485136293, -0.00409134058282, 0.00441636145115, -0.00515245972201, 0.00271099829115, -0.00198721163906, 0.0056489049457, -0.00566396070644, 0.00302334968001, 0.00123530626297, -1.49043817146e-05, 0.000757526722737, -0.000602243002504], [-0.00409134058282, 0.00971608422697, -0.00808827485889, 0.00519376806915, -0.00702169816941, 0.00804010778666, -0.00986273121089, 0.00223847595043, 0.00258398288861, -0.00197634822689, 0.00453278562054, -0.00646006967872, 0.00455144234002], [0.00441636145115, -0.00808827485889, 0.00961861945689, -0.00568728707731, 0.00319083523937, -0.00529862195253, 0.00835900381207, -0.00621773302555, -0.00121746351942, 0.00652271183208, -0.0054291379638, 0.00688261771575, -0.00339104305021], [-0.00515245972201, 0.00519376806915, -0.00568728707731, 0.0177610684186, -0.0070466035977, -0.00131698290352, -0.00703825056553, 0.00423069344833, 0.0011795948958, -0.0107734687626, 0.010606655851, -0.00367831392214, 0.00372680230066], [0.00271099829115, -0.00702169816941, 0.00319083523937, -0.0070466035977, 0.0266846772283, -0.0117267714813, -0.000825493305456, 0.0140997422859, -0.0125165777281, 0.00675610871986, -0.00456014228985, -0.00110224762466, 0.00405666511506], [-0.00198721163906, 0.00804010778666, -0.00529862195253, -0.00131698290352, -0.0117267714813, 0.0374113805592, -0.0104067632928, -0.014345494099, 0.0147125571966, -0.0017299358733, -0.00434923311695, 0.00635507609695, -0.00468006171286], [0.0056489049457, -0.00986273121089, 0.00835900381207, -0.00703825056553, -0.000825493305456, -0.0104067632928, 0.0466215051711, -0.00909010134637, -0.0127476425841, 0.00515246251598, 0.00423896405846, -0.00688752392307, 0.00728281866759], [-0.00566396070644, 0.00223847595043, -0.00621773302555, 0.00423069344833, 0.0140997422859, -0.014345494099, -0.00909010134637, 0.0601861551404, -0.0374944545329, 0.00598931871355, -0.00693098455667, 0.00902972742915, -0.00609201192856], [0.00302334968001, 0.00258398288861, -0.00121746351942, 0.0011795948958, -0.0125165777281, 0.0147125571966, -0.0127476425841, -0.0374944545329, 0.0754185691476, -0.0332834459841, 0.0117050120607, -0.0107303457335, 0.00425304239616], [0.00123530626297, -0.00197634822689, 0.00652271183208, -0.0107734687626, 0.00675610871986, -0.0017299358733, 0.00515246251598, 0.00598931871355, -0.0332834459841, 0.0740248113871, -0.0491888001561, 0.00805344525725, -0.00034883688204], [-1.49043817146e-05, 0.00453278562054, -0.0054291379638, 0.010606655851, -0.00456014228985, -0.00434923311695, 0.00423896405846, -0.00693098455667, 0.0117050120607, -0.0491888001561, 0.0918377861381, -0.0444586612284, 0.0156664513052], [0.000757526722737, -0.00646006967872, 0.00688261771575, -0.00367831392214, -0.00110224762466, 0.00635507609695, -0.00688752392307, 0.00902972742915, -0.0107303457335, 0.00805344525725, -0.0444586612284, 0.0943043008447, -0.0587286129594], [-0.000602243002504, 0.00455144234002, -0.00339104305021, 0.00372680230066, 0.00405666511506, -0.00468006171286, 0.00728281866759, -0.00609201192856, 0.00425304239616, -0.00034883688204, 0.0156664513052, -0.0587286129594, 0.0859236121178]]
    },
    "melbands": {
        "dmean": [0.000192483261344, 0.000881747284438, 0.000769916397985, 0.00033200866892, 0.000325103814248, 0.000128941217554, 9.31443282752e-05, 0.000100428886071, 7.42336269468e-05, 7.08491206751e-05, 5.11444486619e-05, 3.03745346173e-05, 3.6540786823e-05, 5.23605485796e-05, 4.242650175e-05, 3.36005323334e-05, 3.8201258576e-05, 2.03965828405e-05, 1.85565804713e-05, 2.36556188611e-05, 3.30001821567e-05, 2.07877346838e-05, 1.21336479424e-05, 1.12012867248e-05, 1.54726676556e-05, 1.04586188172e-05, 6.13769861957e-06, 4.82416498926e-06, 3.1025010685e-06, 2.54222072726e-06, 1.16142905426e-06, 8.39675408315e-07, 5.67085010061e-07, 3.46620112168e-07, 3.09589637482e-07, 3.55064599944e-07, 2.58323780145e-07, 3.35245971428e-07, 4.95388064792e-07, 3.3439556546e-07],
        "dmean2": [0.000280432403088, 0.00158399972133, 0.0013041025959, 0.00056566495914, 0.000541128916666, 0.000219651206862, 0.000160231327754, 0.000176772868144, 0.000126501079649, 0.000118418218335, 8.37072511786e-05, 5.18950873811e-05, 6.37725534034e-05, 8.78373029991e-05, 7.05388156348e-05, 5.95907586103e-05, 6.43479652354e-05, 3.33623647748e-05, 2.79375763057e-05, 3.66120402759e-05, 5.49085198145e-05, 3.36702723871e-05, 1.77245892701e-05, 1.82771636901e-05, 2.49928434641e-05, 1.74060314748e-05, 9.11061306397e-06, 7.19272657079e-06, 4.57896294392e-06, 3.6909652863e-06, 1.66095549048e-06, 1.15796729006e-06, 8.23743732781e-07, 5.07116226345e-07, 4.91819662329e-07, 5.95349320065e-07, 4.03598448884e-07, 5.57126327294e-07, 8.87886244527e-07, 5.85486645832e-07],
        "dvar": [7.27932132349e-08, 1.56705016252e-06, 1.22129256397e-06, 2.85024697178e-07, 2.98401744203e-07, 2.25877148097e-08, 1.67095279835e-08, 1.38824809426e-08, 1.01750439185e-08, 8.47738412801e-09, 3.75894426696e-09, 4.00047106552e-09, 6.24605966948e-09, 1.0374620274e-08, 8.69233840461e-09, 4.5076320454e-09, 6.1022196185e-09, 9.34891830617e-10, 7.95403021225e-10, 4.30651692085e-09, 8.38364755396e-09, 1.81716308667e-09, 5.82605963473e-10, 9.24271659208e-10, 1.82217374523e-09, 4.92592910906e-10, 1.0837272052e-10, 6.62303337173e-11, 2.76861970849e-11, 2.05209564619e-11, 3.38546443483e-12, 2.61197422198e-12, 1.50206930227e-12, 3.17280381655e-13, 2.56726904275e-13, 3.86258679121e-13, 1.27702305653e-13, 6.0519574378e-13, 3.39586149999e-12, 1.1770460908e-12],
        "dvar2": [1.19060658221e-07, 4.39011273556e-06, 3.03375031763e-06, 7.60667603572e-07, 6.87730334903e-07, 5.67070941315e-08, 4.57631621487e-08, 3.87333045637e-08, 2.66559343487e-08, 2.31281021001e-08, 9.99483962261e-09, 1.04503499188e-08, 1.70466201155e-08, 2.51118095207e-08, 2.28849117434e-08, 1.31306094886e-08, 1.54803672103e-08, 2.12937356636e-09, 1.80114323456e-09, 1.00334327513e-08, 2.04511536595e-08, 4.18686019188e-09, 1.45865541867e-09, 1.90220661445e-09, 4.6391326336e-09, 1.25319032929e-09, 2.3761789758e-10, 1.22020310522e-10, 4.91343354891e-11, 4.17788546814e-11, 7.54914880607e-12, 5.55229300037e-12, 3.35973956989e-12, 6.62948157742e-13, 5.87920066363e-13, 1.02984938286e-12, 2.83560474363e-13, 1.7367705581e-12, 9.9895482511e-12, 3.40182157617e-12],
        "max": [0.00267035979778, 0.00915452465415, 0.0114686395973, 0.00430898275226, 0.00662455521524, 0.000972653739154, 0.000899098988157, 0.000752294086851, 0.000851248507388, 0.000598440645263, 0.000422893004725, 0.000550433585886, 0.000675845600199, 0.000739613198675, 0.000707995437551, 0.000491016427986, 0.000493482453749, 0.000232628546655, 0.000258937856415, 0.000642527418677, 0.000798064924311, 0.000332053867169, 0.00025767943589, 0.000282732653432, 0.00037212917232, 0.000149069586769, 8.59206265886e-05, 6.09807539149e-05, 4.40271032858e-05, 3.86124447687e-05, 1.5493191313e-05, 1.44424493556e-05, 1.20388031064e-05, 4.4914982027e-06, 3.73528405362e-06, 5.35839899385e-06, 3.41350346389e-06, 6.59900069877e-06, 1.53879173013e-05, 9.3010121418e-06],
        "mean": [0.000409740488976, 0.00129451986868, 0.00141110841651, 0.000500256952364, 0.000575205369387, 0.000169119346538, 0.000144964331412, 0.000142137650982, 0.000113183668873, 0.000110963483166, 7.5870026194e-05, 4.65541779704e-05, 5.42832203791e-05, 6.32588853478e-05, 5.32233316335e-05, 4.45890327683e-05, 4.55076042272e-05, 3.15712677548e-05, 2.77620747511e-05, 3.39743855875e-05, 4.69292208436e-05, 2.95342251775e-05, 1.80557435669e-05, 1.69766608451e-05, 1.91983072e-05, 1.42275866892e-05, 9.6644007499e-06, 8.10631900094e-06, 5.22288064531e-06, 3.81448603548e-06, 2.02520777748e-06, 1.32163268063e-06, 8.82761639787e-07, 6.07788990692e-07, 5.7915775642e-07, 5.77521689138e-07, 5.12274198172e-07, 4.83074529711e-07, 5.58439865017e-07, 4.31330079209e-07],
        "median": [0.000161890420713, 0.000465249526314, 0.000576537684537, 0.000180667120731, 0.000232265432714, 0.000110193497676, 0.000100953511719, 0.000103208520159, 6.03000698902e-05, 8.1649661297e-05, 5.46270166524e-05, 2.68118819804e-05, 3.28667229041e-05, 3.40332808264e-05, 2.65354483417e-05, 2.02816027013e-05, 2.03929357667e-05, 1.8670449208e-05, 1.54129229486e-05, 1.6705447706e-05, 1.82338844752e-05, 1.47136206579e-05, 9.30502847041e-06, 6.73585009281e-06, 7.48477759771e-06, 5.54559710508e-06, 4.17451519752e-06, 3.39321741194e-06, 2.21001278078e-06, 1.50408720856e-06, 1.01175555756e-06, 6.18467026925e-07, 3.79260512773e-07, 3.10083123622e-07, 3.30716119379e-07, 3.90790916072e-07, 3.29038556401e-07, 2.89181116386e-07, 2.74851771564e-07, 2.2126856436e-07],
        "min": [8.93281685421e-06, 3.03694969261e-06, 6.79487084199e-06, 8.60850650497e-06, 1.64168704941e-05, 1.41808113767e-05, 6.73359545544e-06, 3.91227558794e-06, 5.591358331e-06, 6.78794367559e-06, 5.2352665989e-06, 3.57729231837e-06, 2.81608549813e-06, 1.6331983943e-06, 2.49918980444e-06, 3.47918535226e-06, 1.67417874763e-06, 1.32190200475e-06, 9.57083216235e-07, 7.75863554736e-07, 6.36828701772e-07, 5.51709888441e-07, 6.57224916267e-07, 4.20227621589e-07, 1.62789135061e-07, 3.56842150495e-07, 2.74944625289e-07, 3.46939060591e-07, 1.47865591771e-07, 1.09309453933e-07, 1.00270135306e-07, 3.65434900118e-08, 3.12304635486e-08, 2.10719779403e-08, 1.20062821907e-08, 1.36619195956e-08, 7.71651098574e-09, 6.26356788658e-09, 7.01393521041e-09, 3.69779362686e-09],
        "var": [2.95735020472e-07, 3.13946748065e-06, 3.94942344428e-06, 5.08856828674e-07, 1.00855913843e-06, 2.83167178594e-08, 2.2153741952e-08, 1.94343954263e-08, 1.69808576089e-08, 1.19330882953e-08, 5.56546142505e-09, 4.76883421641e-09, 6.05185412894e-09, 9.67742685987e-09, 7.84664067055e-09, 4.23655821535e-09, 5.70301228464e-09, 1.46496259568e-09, 1.29607102828e-09, 5.66533131519e-09, 1.17468621497e-08, 2.68502486911e-09, 9.34285870891e-10, 1.33995647911e-09, 2.02343142242e-09, 6.46633024903e-10, 2.2928260679e-10, 1.50266493693e-10, 6.29125987417e-11, 4.07359979082e-11, 7.19365322518e-12, 4.59167990088e-12, 2.44935235288e-12, 6.78882731281e-13, 5.34283717529e-13, 5.56457061419e-13, 3.23749111287e-13, 5.3763818484e-13, 2.1546323753e-12, 8.38430128276e-13]
    },
    "mfcc": {
        "mean": [-635.928405762, 121.615341187, -12.7051067352, 19.5061302185, 7.88341283798, -2.76181912422, 4.39687919617, -2.50841379166, -0.656292498112, 0.725692152977, -3.66788768768, 1.09093761444, -3.1021502018],
        "cov": [[2242.90380859, -448.757904053, -466.084014893, 117.879997253, -80.8176422119, -17.0708847046, -24.1434516907, -17.0439319611, -5.56901502609, -50.2920532227, -26.1393146515, -27.827091217, 15.5528001785], [-448.757904053, 852.653686523, 439.570098877, 139.136795044, 117.267860413, 31.1806964874, 58.7064666748, 80.2207870483, 30.8389549255, 5.65165710449, -9.71241950989, -26.9298820496, -43.9451293945], [-466.084014893, 439.570098877, 468.204650879, 75.5842590332, 99.2507019043, 7.36977386475, 47.2899017334, 50.8981056213, 27.7188396454, 24.4988479614, -0.259605228901, -14.3901510239, -43.2219467163], [117.879997253, 139.136795044, 75.5842590332, 125.243270874, 38.4458808899, 35.5755615234, 15.4537267685, 19.9227237701, 14.5619087219, -1.62729763985, 5.89828491211, -4.56574583054, -10.9897823334], [-80.8176422119, 117.267860413, 99.2507019043, 38.4458808899, 72.4609069824, 26.0084171295, 21.5615673065, 15.9497528076, 7.34585285187, 5.75118732452, 0.57705271244, -2.63825535774, -13.6237220764], [-17.0708847046, 31.1806964874, 7.36977386475, 35.5755615234, 26.0084171295, 51.9604492188, 19.0080432892, 8.00381374359, 4.5218205452, -1.84166181087, 1.5690356493, 2.02906942368, -3.48277187347], [-24.1434516907, 58.7064666748, 47.2899017334, 15.4537267685, 21.5615673065, 19.0080432892, 33.1498832703, 14.0005273819, 4.50424003601, 1.71136415005, 0.0250463970006, -2.82732892036, -5.73141813278], [-17.0439319611, 80.2207870483, 50.8981056213, 19.9227237701, 15.9497528076, 8.00381374359, 14.0005273819, 37.4396781921, 16.9398269653, 4.89272737503, -3.64699912071, -3.58565402031, -2.97326040268], [-5.56901502609, 30.8389549255, 27.7188396454, 14.5619087219, 7.34585285187, 4.5218205452, 4.50424003601, 16.9398269653, 25.672794342, 11.4707736969, 2.1376478672, 0.646775364876, -2.18665361404], [-50.2920532227, 5.65165710449, 24.4988479614, -1.62729763985, 5.75118732452, -1.84166181087, 1.71136415005, 4.89272737503, 11.4707736969, 27.4727077484, 10.0230646133, 5.53803491592, 1.33240711689], [-26.1393146515, -9.71241950989, -0.259605228901, 5.89828491211, 0.57705271244, 1.5690356493, 0.0250463970006, -3.64699912071, 2.1376478672, 10.0230646133, 27.7403297424, 17.8906879425, 6.06629085541], [-27.827091217, -26.9298820496, -14.3901510239, -4.56574583054, -2.63825535774, 2.02906942368, -2.82732892036, -3.58565402031, 0.646775364876, 5.53803491592, 17.8906879425, 29.9822616577, 10.2672100067], [15.5528001785, -43.9451293945, -43.2219467163, -10.9897823334, -13.6237220764, -3.48277187347, -5.73141813278, -2.97326040268, -2.18665361404, 1.33240711689, 6.06629085541, 10.2672100067, 23.6235275269]],
