{
"lowlevel": {
    "average_loudness": 0.99068403244,
    "barkbands_crest": {
        "dmean": 2.46442914009,
        "dmean2": 3.39729738235,
        "dvar": 4.63232851028,
        "dvar2": 8.35014343262,
        "max": 25.7172527313,
        "mean": 15.9829435349,
        "median": 16.2951984406,
        "min": 6.8365483284,
        "var": 15.4346971512
    },
    "barkbands_flatness_db": {
        "dmean": 0.0248976293951,
        "dmean2": 0.0331110693514,
        "dvar": 0.000813131628092,
        "dvar2": 0.00122030428611,
        "max": 0.370082944632,
        "mean": 0.257465720177,
        "median": 0.247923627496,
        "min": 0.126686781645,
        "var": 0.00311424490064
    },
    "barkbands_kurtosis": {
        "dmean": 5.77505254745,
        "dmean2": 8.23132705688,
        "dvar": 103.166213989,
        "dvar2": 164.529296875,
        "max": 84.5143280029,
        "mean": 8.4579668045,
        "median": 4.31517314911,
        "min": -0.936718702316,
        "var": 215.747344971
    },
    "barkbands_skewness": {
        "dmean": 0.747155785561,
        "dmean2": 0.947031915188,
        "dvar": 0.430946081877,
        "dvar2": 1.02174186707,
        "max": 7.20311450958,
        "mean": 2.0664741993,
        "median": 2.0611884594,
        "min": 0.283760040998,
        "var": 1.85199534893
    },
    "barkbands_spread": {
        "dmean": 2.17492389679,
        "dmean2": 3.17171502113,
        "dvar": 3.53383564949,
        "dvar2": 11.561788559,
        "max": 15.5941448212,
        "mean": 7.3088092804,
        "median": 7.14333438873,
        "min": 0.629441618919,
        "var": 13.5663452148
    },
    "dissonance": {
        "dmean": 0.0345716513693,
        "dmean2": 0.0586516074836,
        "dvar": 0.00157374271657,
        "dvar2": 0.00384244625457,
        "max": 0.499414354563,
        "mean": 0.442715555429,
        "median": 0.452686548233,
        "min": 0.253113895655,
        "var": 0.00260373041965
    },
    "dynamic_complexity": 9.98615932465,
    "erbbands_crest": {
        "dmean": 3.55789709091,
        "dmean2": 5.11752176285,
        "dvar": 8.58151721954,
        "dvar2": 23.2276821136,
        "max": 33.2587089539,
        "mean": 22.8608493805,
        "median": 23.5812397003,
        "min": 7.79630994797,
        "var": 39.5218315125
    },
    "erbbands_flatness_db": {
        "dmean": 0.0230168737471,
        "dmean2": 0.0297993421555,
        "dvar": 0.000622406194452,
        "dvar2": 0.0010966634145,
        "max": 0.450891703367,
        "mean": 0.345401287079,
        "median": 0.339047521353,
        "min": 0.235308870673,
        "var": 0.00220649619587
    },
    "erbbands_kurtosis": {
        "dmean": 4.07299995422,
        "dmean2": 5.58516073227,
        "dvar": 31.5863399506,
        "dvar2": 56.6043357849,
        "max": 49.9893455505,
        "mean": 5.80153083801,
        "median": 3.17970752716,
        "min": -1.00402641296,
        "var": 78.6842193604
    },
    "erbbands_skewness": {
        "dmean": 0.665635049343,
        "dmean2": 0.87612003088,
        "dvar": 0.28021556139,
        "dvar2": 0.588658094406,
        "max": 6.03781414032,
        "mean": 1.97247731686,
        "median": 1.87995314598,
        "min": 0.124510534108,
        "var": 1.7054567337
    },
    "erbbands_spread": {
        "dmean": 3.25858736038,
        "dmean2": 5.08244657516,
        "dvar": 8.36531257629,
        "dvar2": 25.5425682068,
        "max": 22.7889633179,
        "mean": 11.4463920593,
        "median": 10.6636676788,
        "min": 1.32137072086,
        "var": 28.481962204
    },
    "hfc": {
        "dmean": 3.08260631561,
        "dmean2": 3.49410772324,
        "dvar": 21.6617851257,
        "dvar2": 27.982460022,
        "max": 74.6225814819,
        "mean": 16.1957969666,
        "median": 3.33927702904,
        "min": 0.0150509830564,
        "var": 508.541046143
    },
    "melbands_crest": {
        "dmean": 3.0600438118,
        "dmean2": 4.37023115158,
        "dvar": 6.92381715775,
        "dvar2": 19.1135826111,
        "max": 34.5418663025,
        "mean": 26.1071872711,
        "median": 26.7683124542,
        "min": 13.1873130798,
        "var": 28.3557109833
    },
    "melbands_flatness_db": {
        "dmean": 0.0264517553151,
        "dmean2": 0.033550940454,
        "dvar": 0.000695294816978,
        "dvar2": 0.00123498798348,
        "max": 0.398912966251,
        "mean": 0.259369403124,
        "median": 0.248089268804,
        "min": 0.152879327536,
        "var": 0.00360447238199
    },
    "melbands_kurtosis": {
        "dmean": 10.0012235641,
        "dmean2": 14.7482557297,
        "dvar": 179.581100464,
        "dvar2": 351.486450195,
        "max": 91.4051971436,
        "mean": 17.6132831573,
        "median": 12.2938394547,
        "min": 0.0890245437622,
        "var": 431.391876221
    },
    "melbands_skewness": {
        "dmean": 0.981887161732,
        "dmean2": 1.20592463017,
        "dvar": 0.592022538185,
        "dvar2": 1.53111147881,
        "max": 8.63490486145,
        "mean": 3.05853629112,
        "median": 3.01467990875,
        "min": 0.385814934969,
        "var": 3.11803770065
    },
    "melbands_spread": {
        "dmean": 3.33531427383,
        "dmean2": 4.775847435,
        "dvar": 8.49090385437,
        "dvar2": 24.5402393341,
        "max": 29.5926132202,
        "mean": 10.2761230469,
        "median": 8.69306373596,
        "min": 0.90445458889,
        "var": 45.2670059204
    },
    "pitch_salience": {
        "dmean": 0.0939253941178,
        "dmean2": 0.128470078111,
        "dvar": 0.00470383977517,
        "dvar2": 0.0104896137491,
        "max": 0.774376392365,
        "mean": 0.434352755547,
        "median": 0.457402139902,
        "min": 0.0999314785004,
        "var": 0.0262944009155
    },
    "silence_rate_20dB": {
        "dmean": 0,
        "dmean2": 0,
        "dvar": 0,
        "dvar2": 0,
        "max": 1,
        "mean": 1,
        "median": 1,
        "min": 1,
        "var": 0
    },
    "silence_rate_30dB": {
        "dmean": 0,
        "dmean2": 0,
        "dvar": 0,
        "dvar2": 0,
        "max": 1,
        "mean": 1,
        "median": 1,
        "min": 1,
        "var": 0
    },
    "silence_rate_60dB": {
        "dmean": 0.0666666701436,
        "dmean2": 0.135593220592,
        "dvar": 0.0622221902013,
        "dvar2": 0.117207609117,
        "max": 1,
        "mean": 0.557377040386,
        "median": 1,
        "min": 0,
        "var": 0.246707826853
    },
    "spectral_centroid": {
        "dmean": 203.737823486,
        "dmean2": 287.508087158,
        "dvar": 30689.6308594,
        "dvar2": 77494.296875,
        "max": 2691.23339844,
        "mean": 1656.77966309,
        "median": 1527.91772461,
        "min": 992.309204102,
        "var": 206159.53125
    },
    "spectral_complexity": {
        "dmean": 1.23333334923,
        "dmean2": 1.72881352901,
        "dvar": 2.17888879776,
        "dvar2": 3.01120424271,
        "max": 23,
        "mean": 5.91803264618,
        "median": 3,
        "min": 0,
        "var": 47.1244316101
    },
    "spectral_decrease": {
        "dmean": 5.93889326606e-10,
        "dmean2": 6.15492434797e-10,
        "dvar": 7.32377184054e-19,
        "dvar2": 7.90717250381e-19,
        "max": -2.37928296856e-12,
        "mean": -2.45867193271e-09,
        "median": -6.06124983538e-10,
        "min": -1.42360185862e-08,
        "var": 1.29990448918e-17
    },
    "spectral_energy": {
        "dmean": 0.00249197287485,
        "dmean2": 0.00260759401135,
        "dvar": 1.26483155327e-05,
        "dvar2": 1.39750163726e-05,
        "max": 0.0604985542595,
        "mean": 0.0107485959306,
        "median": 0.00263739563525,
        "min": 1.03451211544e-05,
        "var": 0.000243136295467
    },
    "spectral_energyband_high": {
        "dmean": 0.000115291557449,
        "dmean2": 0.000145514044561,
        "dvar": 4.87011639905e-08,
        "dvar2": 1.03405646712e-07,
        "max": 0.00211877329275,
        "mean": 0.00035094312625,
        "median": 4.36372138211e-05,
        "min": 1.43811675457e-07,
        "var": 2.93616920999e-07
    },
    "spectral_energyband_low": {
        "dmean": 1.31405627712e-07,
        "dmean2": 1.87274707741e-07,
        "dvar": 1.25965576403e-13,
        "dvar2": 1.25869177277e-13,
        "max": 2.9429386359e-06,
        "mean": 1.59624406137e-07,
        "median": 9.70545883661e-08,
        "min": 9.10591069214e-09,
        "var": 1.36745337818e-13
    },
    "spectral_energyband_middle_high": {
        "dmean": 0.00248548830859,
        "dmean2": 0.00266552274115,
        "dvar": 1.28938509079e-05,
        "dvar2": 1.50553314597e-05,
        "max": 0.0593541413546,
        "mean": 0.0103043392301,
        "median": 0.0026160699781,
        "min": 9.87735074887e-06,
        "var": 0.000228051663726
    },
    "spectral_energyband_middle_low": {
        "dmean": 9.13474505069e-05,
        "dmean2": 0.0001264133316,
        "dvar": 3.34977521277e-08,
        "dvar2": 7.55421467602e-08,
        "max": 0.00119030638598,
        "mean": 0.000176927365828,
        "median": 1.12520983748e-05,
        "min": 2.24917144465e-07,
        "var": 8.94298466392e-08
    },
    "spectral_entropy": {
        "dmean": 0.154242068529,
        "dmean2": 0.197890132666,
        "dvar": 0.0313877724111,
        "dvar2": 0.0359987579286,
        "max": 7.82573318481,
        "mean": 7.05416536331,
        "median": 7.27413368225,
        "min": 5.78050231934,
        "var": 0.326785445213
    },
    "spectral_flux": {
        "dmean": 0.00873202737421,
        "dmean2": 0.0131952967495,
        "dvar": 8.11387362774e-05,
        "dvar2": 0.000230382313021,
        "max": 0.0998990833759,
        "mean": 0.0290446598083,
        "median": 0.0197317264974,
        "min": 0.00203513796441,
        "var": 0.000586653302889
    },
    "spectral_kurtosis": {
        "dmean": 1.49031817913,
        "dmean2": 2.4585082531,
        "dvar": 3.62918186188,
        "dvar2": 11.0609931946,
        "max": 15.3172645569,
        "mean": 6.58302974701,
        "median": 5.69721508026,
        "min": 3.76032686234,
        "var": 6.54126834869
    },
    "spectral_rms": {
        "dmean": 0.000368200417142,
        "dmean2": 0.000375099276425,
        "dvar": 1.39211451256e-07,
        "dvar2": 2.03464082915e-07,
        "max": 0.00768264150247,
        "mean": 0.00243061897345,
        "median": 0.00160407880321,
        "min": 0.000100462937553,
        "var": 4.57852547697e-06
    },
    "spectral_rolloff": {
        "dmean": 368.935546875,
        "dmean2": 680.303222656,
        "dvar": 220981.078125,
        "dvar2": 529114.4375,
        "max": 3639.11132812,
        "mean": 1689.82666016,
        "median": 1787.25585938,
        "min": 925.927734375,
        "var": 582845.8125
    },
    "spectral_skewness": {
        "dmean": 0.189941510558,
        "dmean2": 0.284782469273,
        "dvar": 0.0324787013233,
        "dvar2": 0.0881105065346,
        "max": 2.82223629951,
        "mean": 1.84274113178,
        "median": 1.70598781109,
        "min": 1.44855213165,
        "var": 0.0961322709918
    },
    "spectral_spread": {
        "dmean": 242489.671875,
        "dmean2": 380103.59375,
        "dvar": 54190288896,
        "dvar2": 99425878016,
        "max": 4992997.5,
        "mean": 3489482.25,
        "median": 3468826.25,
        "min": 2535823.5,
        "var": 336696901632
    },
    "spectral_strongpeak": {
        "dmean": 0.649506986141,
        "dmean2": 0.743459761143,
        "dvar": 0.750884115696,
        "dvar2": 1.24197781086,
        "max": 11.1898431778,
        "mean": 2.37250590324,
        "median": 1.10607361794,
        "min": 0.0191166549921,
        "var": 6.78201198578
    },
    "zerocrossingrate": {
        "dmean": 0.0086669921875,
        "dmean2": 0.00819319393486,
        "dvar": 5.56280210731e-05,
        "dvar2": 5.41983426956e-05,
        "max": 0.12060546875,
        "mean": 0.0634045228362,
        "median": 0.0625,
        "min": 0.01318359375,
        "var": 0.000498387380503
    },
    "barkbands": {
        "dmean": [2.91036315048e-07, 3.02783682571e-08, 2.35767529944e-08, 4.00849664572e-08, 1.01271257336e-06, 2.71234875981e-06, 1.52979021095e-06, 2.72167790172e-06, 2.29195011343e-05, 0.00160705065355, 0.00102901773062, 1.17088102343e-05, 4.66373512609e-06, 8.19079941721e-05, 0.00100815191399, 1.91156686924e-05, 6.71241505188e-05, 0.000156836787937, 0.000159095536219, 3.32561758114e-05, 0.000104244070826, 2.99152652588e-05, 1.18763327919e-05, 9.6480589491e-06, 7.82461393101e-06, 1.68986866811e-06, 1.86245785017e-07],
        "dmean2": [4.8452466217e-07, 3.68386423588e-08, 3.0587294475e-08, 5.94862612502e-08, 1.52355778482e-06, 4.13390034737e-06, 2.51740812018e-06, 4.4351595534e-06, 3.40368605976e-05, 0.00148440303747, 0.00103999010753, 1.91509661818e-05, 8.2074866441e-06, 0.000117110386782, 0.00171501294244, 2.86355771095e-05, 7.38194939913e-05, 0.000213881707168, 0.000229858545936, 4.60959381599e-05, 0.000149689221871, 4.47765669378e-05, 1.86262914212e-05, 1.40700303746e-05, 1.09350621642e-05, 2.35112975133e-06, 2.54462179328e-07],
        "dvar": [8.90460597511e-14, 2.75014928365e-14, 1.17794551104e-14, 1.62655177819e-14, 3.28982284123e-12, 1.99895152514e-11, 6.08079081879e-12, 2.18024331228e-11, 1.69236480385e-09, 5.68986843064e-06, 3.50691038875e-06, 4.06272487874e-10, 6.25009072275e-11, 3.11122292374e-08, 5.87935755902e-06, 1.03735930956e-09, 1.89537487927e-08, 9.29268750838e-08, 7.19819794881e-08, 3.11262637887e-09, 4.84292250746e-08, 4.07625044829e-09, 5.11530484637e-10, 3.65435820493e-10, 1.46802597856e-10, 9.12937607456e-12, 1.3323654788e-13],
        "dvar2": [2.93166478506e-13, 2.76541501965e-14, 1.20479510022e-14, 1.80955375467e-14, 8.51723899742e-12, 5.28645044406e-11, 1.64306727946e-11, 6.354207438e-11, 2.84491541436e-09, 4.23493156632e-06, 4.11128894484e-06, 1.39840683477e-09, 1.72040562352e-10, 6.98463793469e-08, 1.04778455352e-05, 2.32883468065e-09, 2.48126621472e-08, 1.86583250184e-07, 1.24967272086e-07, 6.37190389341e-09, 1.18360290458e-07, 7.82584574921e-09, 1.38975486674e-09, 8.83122130979e-10, 2.91781071526e-10, 2.09856819422e-11, 2.43891739487e-13],
        "max": [1.31158003569e-06, 1.31380068069e-06, 8.52276571095e-07, 9.87571183941e-07, 1.35037626023e-05, 3.41890336131e-05, 1.65373239724e-05, 2.46054987656e-05, 0.000331011309754, 0.033626396209, 0.0178381502628, 0.000141351294587, 6.20859354967e-05, 0.0015622045612, 0.0214175153524, 0.000332691823132, 0.00144399143755, 0.00228702905588, 0.0025780594442, 0.000520986155607, 0.00177177600563, 0.000462676689494, 0.000172632135218, 0.000189285376109, 0.000122726938571, 2.86170725303e-05, 3.26110671267e-06],
        "mean": [2.67117968633e-07, 3.3826811574e-08, 2.42187248034e-08, 4.43928733773e-08, 1.66599886597e-06, 4.71266912427e-06, 2.32344882534e-06, 3.72655972569e-06, 4.39137911599e-05, 0.00433560274541, 0.00226954417303, 2.243255949e-05, 1.15287684821e-05, 0.000119271797303, 0.00254561030306, 4.29747742601e-05, 0.000165279387147, 0.000364314386388, 0.000407518848078, 8.65136389621e-05, 0.000177337336936, 5.38077001693e-05, 2.85140358756e-05, 3.0374920243e-05, 2.53558755503e-05, 5.21440324519e-06, 6.9026083338e-07],
        "median": [1.51651619262e-07, 1.11499467437e-08, 7.58432605608e-09, 1.7942015873e-08, 1.56959629294e-07, 1.43676300013e-06, 6.93054687417e-07, 5.13062730079e-07, 2.63231413555e-06, 0.0011314721778, 0.000306513102259, 4.80344033349e-06, 4.10703296438e-06, 5.58951705898e-06, 0.000416854891228, 5.09762776346e-06, 1.08398980956e-05, 4.43819844804e-05, 2.94695328193e-05, 9.30623809836e-06, 1.38854511533e-05, 5.03098044646e-06, 2.84988027488e-06, 3.02288412968e-06, 2.95036920761e-06, 5.49221965684e-07, 6.34555519241e-08],
        "min": [2.34780306307e-09, 1.05135389283e-09, 6.39888642073e-10, 1.59373192421e-09, 7.74154518268e-09, 2.43217996854e-08, 1.26463861605e-08, 1.16456764232e-08, 2.35887060995e-08, 4.79382106278e-06, 1.04551895674e-06, 3.73775094431e-07, 2.02490156198e-07, 9.52617540406e-08, 4.36470941167e-07, 1.78104599513e-07, 8.66968079549e-08, 1.43415761045e-07, 1.34541778607e-07, 7.27330160544e-08, 4.8584347212e-08, 1.06117159504e-08, 5.88014659186e-09, 6.9117223056e-09, 6.86332324307e-09, 2.1779453796e-09, 5.39457767346e-09],
        "var": [9.56280952862e-14, 2.7377744711e-14, 1.1575778415e-14, 1.61170786461e-14, 7.7089419917e-12, 4.33946142908e-11, 1.06994040364e-11, 3.5386683167e-11, 5.99875660257e-09, 5.79512561671e-05, 1.74825272552e-05, 1.17549758816e-09, 2.22552379303e-10, 6.81819685155e-08, 2.00527647394e-05, 4.29527657886e-09, 1.05849011334e-07, 3.75912946993e-07, 4.22968895464e-07, 1.8848400174e-08, 1.11245988421e-07, 8.73031780202e-09, 1.91697946406e-09, 2.08188999373e-09, 1.35573607896e-09, 6.30417315572e-11, 1.14711983402e-12]
    },
    "erbbands": {
        "dmean": [1.75823254267e-06, 5.69960684516e-06, 2.20331421588e-05, 9.04054104467e-05, 0.00104300852399, 0.00484919268638, 0.0153608070686, 0.0241641402245, 0.0171793811023, 0.0354879051447, 0.0716922432184, 0.684926629066, 8.14454746246, 103.24180603, 11.2263069153, 0.553582727909, 0.244534954429, 1.70216202736, 40.5004119873, 20.913444519, 1.32165229321, 4.99259328842, 9.54657840729, 1.58376002312, 10.4877176285, 1.59039163589, 6.70628643036, 0.985912322998, 1.1071625948, 0.432722836733, 0.304852038622, 0.199178859591, 0.189954221249, 0.0991597697139, 0.063653498888, 0.0160253811628, 0.00163361278828, 0.00027950812364, 3.50302798324e-05, 3.63211506738e-06],
        "dmean2": [2.4894843591e-06, 6.77922571413e-06, 2.77308263321e-05, 0.000128057654365, 0.00166385562625, 0.00818020571023, 0.0285091232508, 0.0343060009181, 0.0280595403165, 0.0531430505216, 0.118747018278, 1.00188803673, 8.67120170593, 99.9980621338, 11.7543697357, 0.788263678551, 0.429827421904, 2.47071576118, 62.1668510437, 37.1454582214, 1.97781991959, 5.83997869492, 12.9769029617, 2.37639403343, 15.1645593643, 1.53663229942, 9.90135478973, 1.39585149288, 1.58670830727, 0.68736499548, 0.49048858881, 0.259343355894, 0.31704813242, 0.139300689101, 0.100284636021, 0.0221045948565, 0.00248330039904, 0.000408863299526, 5.03849041706e-05, 4.02829118684e-06],
        "dvar": [3.4824036016e-11, 1.09011621952e-09, 1.22155778826e-08, 9.15959716963e-08, 3.84244822271e-06, 8.38073028717e-05, 0.000662022561301, 0.00152731291018, 0.00113906851038, 0.00292204623111, 0.0155086033046, 1.68586015701, 130.127746582, 27428.2265625, 343.834991455, 0.644707143307, 0.157026425004, 8.86198997498, 6634.74023438, 2981.3527832, 4.57466220856, 77.8444061279, 361.610473633, 7.99624586105, 328.157836914, 7.42631816864, 209.505203247, 3.36810779572, 5.60142421722, 0.617241799831, 0.310141414404, 0.252934783697, 0.14745657146, 0.0228108428419, 0.0122463358566, 0.000778927118517, 6.25035363555e-06, 2.5614613719e-07, 4.46519266006e-09, 3.04169502086e-11],
        "dvar2": [3.43545712711e-11, 1.09779085822e-09, 1.24541159607e-08, 9.7710582736e-08, 1.00892375485e-05, 0.000208440382266, 0.00201825425029, 0.0035971023608, 0.00284251361154, 0.00687261065468, 0.0446908064187, 3.52067470551, 206.343292236, 23363.1640625, 375.201690674, 1.4519559145, 0.418168336153, 19.3890972137, 11796.8720703, 5601.76708984, 8.34052562714, 115.968978882, 689.550109863, 15.5947704315, 573.960144043, 9.31904792786, 511.461578369, 6.68697071075, 10.7139883041, 1.59558129311, 0.835616052151, 0.530750691891, 0.37360560894, 0.0528722666204, 0.032907679677, 0.00158409145661, 1.51170079334e-05, 4.34455671439e-07, 9.25869958479e-09, 3.67247066091e-11],
        "max": [4.83037147205e-05, 0.000260265078396, 0.000867786817253, 0.00237682485022, 0.0122394291684, 0.060412209481, 0.147936299443, 0.302628040314, 0.2477350384, 0.33567789197, 0.858164846897, 11.0933532715, 138.846466064, 2049.18725586, 206.062225342, 8.459025383, 3.80191159248, 26.5461425781, 745.527709961, 454.993164062, 19.0465316772, 95.514831543, 147.582290649, 29.6185951233, 171.657363892, 35.4195022583, 117.074928284, 12.8727378845, 18.018655777, 5.94339752197, 4.80852985382, 4.91514873505, 2.55134177208, 1.43147826195, 0.86585599184, 0.284248530865, 0.0243451427668, 0.00541837094352, 0.000661271682475, 9.26389402593e-05],
        "mean": [2.11288556784e-06, 6.1115410972e-06, 2.45923529292e-05, 0.000115566355817, 0.00158652977552, 0.00752725917846, 0.0211894866079, 0.0398848690093, 0.0316594131291, 0.0537308603525, 0.141648054123, 1.51274430752, 20.3047351837, 267.789154053, 29.0028457642, 1.76645469666, 0.726643204689, 3.92575669289, 94.2434310913, 58.8752784729, 4.07204341888, 12.307094574, 23.9457492828, 5.26058292389, 27.29429245, 5.93300914764, 11.2488489151, 2.42006778717, 1.90707588196, 1.11740064621, 0.784660160542, 0.607149839401, 0.527279853821, 0.316278219223, 0.169847473502, 0.0488307960331, 0.00522328959778, 0.000972178590018, 0.000127712963149, 1.8187745809e-05],
        "median": [1.1076674582e-06, 1.33198341246e-06, 8.31137094792e-06, 4.81982933707e-05, 0.000171019972186, 0.000816959596705, 0.00557929975912, 0.0113545516506, 0.00826316513121, 0.012331455946, 0.0337553918362, 0.37911272049, 7.43936681747, 59.7310676575, 6.21023893356, 0.48268198967, 0.210126161575, 0.899493634701, 14.968957901, 6.76991319656, 0.654200077057, 2.16288304329, 2.65399479866, 0.509477496147, 1.93902957439, 0.695140659809, 0.80552148819, 0.263343006372, 0.153489932418, 0.0951516404748, 0.09881927073, 0.074871905148, 0.0622791647911, 0.0366055220366, 0.0177996307611, 0.00452161766589, 0.000473103107652, 0.000103803562524, 1.24406242321e-05, 4.06596018365e-06],
        "min": [8.40635294708e-08, 1.36872557732e-07, 8.31008321711e-07, 3.80268625122e-06, 8.41658766149e-06, 4.77429712191e-05, 0.000148079401697, 0.000220157235162, 0.000217184860958, 0.000229135373957, 0.000379583798349, 0.00124163727742, 0.0350583866239, 0.191271349788, 0.0323492400348, 0.0247564483434, 0.0115917362273, 0.00559070287272, 0.0170466620475, 0.015142348595, 0.0101805953309, 0.00767615158111, 0.00964953098446, 0.00505665736273, 0.00791794341058, 0.00400569569319, 0.00286502204835, 0.00105542945676, 0.000504415365867, 0.000258885731455, 0.00012577988673, 0.000129431122332, 0.000117769763165, 6.80660450598e-05, 4.92520775879e-05, 1.13823480206e-05, 3.26510803461e-06, 2.29351167036e-06, 8.82778181222e-07, 1.0163788744e-07],
        "var": [3.66366242899e-11, 1.07978825881e-09, 1.19971819146e-08, 9.22506799839e-08, 7.93836989033e-06, 0.000168726910488, 0.000881390937138, 0.00347311818041, 0.00198437902145, 0.00645646825433, 0.0431559160352, 7.02836847305, 1066.31347656, 220890.75, 2339.90820312, 5.40895795822, 0.85721975565, 31.3427181244, 24061.5976562, 10193.5175781, 31.2557220459, 447.235626221, 1783.10498047, 66.9108810425, 1901.49291992, 78.1757278442, 468.507171631, 14.4040288925, 11.7405576706, 2.76894521713, 1.42687928677, 0.973467648029, 0.625788092613, 0.207000300288, 0.0637524649501, 0.00566636724398, 5.84186527703e-05, 2.3498007522e-06, 3.89445133919e-08, 6.59196974784e-10]
    },
    "gfcc": {
        "mean": [-204.748962402, -27.1751308441, -224.647079468, -28.8904762268, -72.680229187, 10.3865690231, -24.9645214081, 14.046626091, -36.0905723572, -17.7735366821, -22.2181224823, 6.50544786453, 25.1978626251],
        "cov": [[15645.5068359, -4332.16845703, -2003.63989258, -79.0386047363, -1637.7310791, -412.504516602, -1552.7845459, 149.909713745, -371.504058838, 441.775085449, -891.25567627, -213.801330566, 93.0613708496], [-4332.16845703, 1451.3013916, 647.782104492, 49.9879226685, 473.121887207, 108.473426819, 458.663482666, -34.713973999, 103.791641235, -148.859634399, 248.571121216, 38.4360389709, -54.4809913635], [-2003.63989258, 647.782104492, 401.74130249, 34.4196624756, 212.218780518, 50.5627059937, 195.041244507, -30.1131095886, 29.2714881897, -48.2362213135, 109.48400116, 5.59284925461, -67.8167648315], [-79.0386047363, 49.9879226685, 34.4196624756, 78.3243331909, 37.7079124451, -22.2156982422, -5.21906042099, -13.380033493, 6.32130527496, 3.17196416855, -6.11557483673, -11.3353748322, -21.3621101379], [-1637.7310791, 473.121887207, 212.218780518, 37.7079124451, 260.074401855, 51.4229125977, 167.914611816, -40.8521728516, 64.16431427, -55.8070030212, 87.4328918457, 22.0446472168, 3.78644251823], [-412.504516602, 108.473426819, 50.5627059937, -22.2156982422, 51.4229125977, 108.707107544, 83.3846282959, 31.3131523132, 46.7896995544, -14.6595668793, 16.983549118, 13.5682945251, 23.3802528381], [-1552.7845459, 458.663482666, 195.041244507, -5.21906042099, 167.914611816, 83.3846282959, 233.351333618, 11.4178276062, 30.8557739258, -84.5949859619, 89.2866516113, 23.983215332, 14.12616539], [149.909713745, -34.713973999, -30.1131095886, -13.380033493, -40.8521728516, 31.3131523132, 11.4178276062, 78.8999328613, 11.641292572, -2.6643614769, -7.04673242569, 16.2954959869, 4.15498256683], [-371.504058838, 103.791641235, 29.2714881897, 6.32130527496, 64.16431427, 46.7896995544, 30.8557739258, 11.641292572, 68.0548324585, 13.9380292892, 20.160697937, 17.3803024292, 10.8839635849], [441.775085449, -148.859634399, -48.2362213135, 3.17196416855, -55.8070030212, -14.6595668793, -84.5949859619, -2.6643614769, 13.9380292892, 77.1907577515, -23.4861450195, -3.30738139153, -3.11607646942], [-891.25567627, 248.571121216, 109.48400116, -6.11557483673, 87.4328918457, 16.983549118, 89.2866516113, -7.04673242569, 20.160697937, -23.4861450195, 81.607963562, 27.0106258392, 0.0968471542001], [-213.801330566, 38.4360389709, 5.59284925461, -11.3353748322, 22.0446472168, 13.5682945251, 23.983215332, 16.2954959869, 17.3803024292, -3.30738139153, 27.0106258392, 36.3227806091, 25.5745811462], [93.0613708496, -54.4809913635, -67.8167648315, -21.3621101379, 3.78644251823, 23.3802528381, 14.12616539, 4.15498256683, 10.8839635849, -3.11607646942, 0.0968471542001, 25.5745811462, 65.6776657104]],
        "icov": [[0.000721798394807, 0.000941097328905, 2.39647233684e-05, -0.000648717687, 0.0013814723352, -0.0001390963007, 0.0019267515745, -0.000626965018455, -0.000198449270101, 0.00120662827976, 0.00122383632697, 0.00149959709961, -0.00132882269099], [0.000941097328905, 0.00857013929635, -0.009133329615, -0.000261106673861, 0.00150987680536, 0.00758404703811, -0.00136432319414, -0.00438964413479, -0.0110048148781, 0.00692355679348, -0.00522672152147, 0.0129120014608, -0.00882378686219], [2.39647233684e-05, -0.009133329615, 0.0247107744217, -0.00177319080103, -0.00570779666305, -0.0157104954123, -0.00356463948265, 0.00928299222142, 0.0223744399846, -0.0146701009944, 0.00723542785272, -0.0245808754116, 0.0285869389772], [-0.000648717687, -0.000261106673861, -0.00177319080103, 0.0204209722579, -0.00734153902158, 0.00825441721827, -0.00249497569166, -0.00246991822496, -0.00371060962789, -0.00266320537776, 0.00570878572762, 0.0021796610672, 0.00332279875875], [0.0013814723352, 0.00150987680536, -0.00570779666305, -0.00734153902158, 0.0245745424181, 0.00317411357537, -0.00114223489072, 0.00984556041658, -0.0200277473778, 0.0127892224118, 0.000841910659801, 0.00151974475011, -0.00857774820179], [-0.0001390963007, 0.00758404703811, -0.0157104954123, 0.00825441721827, 0.00317411357537, 0.0371205955744, -0.0120630301535, -0.0111803142354, -0.0316623933613, 0.00696589937434, 0.000241742629441, 0.0235434193164, -0.0207351967692], [0.0019267515745, -0.00136432319414, -0.00356463948265, -0.00249497569166, -0.00114223489072, -0.0120630301535, 0.0366510264575, -0.011106941849, 0.00723426602781, 0.0164796821773, -0.0101522356272, 0.0169140100479, -0.0181625634432], [-0.000626965018455, -0.00438964413479, 0.00928299222142, -0.00246991822496, 0.00984556041658, -0.0111803142354, -0.011106941849, 0.0337761826813, -0.000628944253549, -0.00162755977362, 0.0126929208636, -0.0371725000441, 0.0241766739637], [-0.000198449270101, -0.0110048148781, 0.0223744399846, -0.00371060962789, -0.0200277473778, -0.0316623933613, 0.00723426602781, -0.000628944253549, 0.0666745454073, -0.0290134623647, 0.00631406763569, -0.030299698934, 0.0233220681548], [0.00120662827976, 0.00692355679348, -0.0146701009944, -0.00266320537776, 0.0127892224118, 0.00696589937434, 0.0164796821773, -0.00162755977362, -0.0290134623647, 0.0415621958673, -0.00855560787022, 0.0179922617972, -0.0188527498394], [0.00122383632697, -0.00522672152147, 0.00723542785272, 0.00570878572762, 0.000841910659801, 0.000241742629441, -0.0101522356272, 0.0126929208636, 0.00631406763569, -0.00855560787022, 0.0542519167066, -0.0446748882532, 0.0203680358827], [0.00149959709961, 0.0129120014608, -0.0245808754116, 0.0021796610672, 0.00151974475011, 0.0235434193164, 0.0169140100479, -0.0371725000441, -0.030299698934, 0.0179922617972, -0.0446748882532, 0.118928045034, -0.0662108808756], [-0.00132882269099, -0.00882378686219, 0.0285869389772, 0.00332279875875, -0.00857774820179, -0.0207351967692, -0.0181625634432, 0.0241766739637, 0.0233220681548, -0.0188527498394, 0.0203680358827, -0.0662108808756, 0.0716337263584]]
    },
    "melbands": {
        "dmean": [2.18515392447e-08, 1.01196633295e-08, 2.81428071958e-08, 2.28743175512e-07, 4.18445267769e-07, 5.20686114669e-07, 2.71248694617e-07, 4.13907940811e-07, 6.80533901232e-07, 4.46308649771e-06, 2.66812166956e-05, 0.000409706495702, 7.08154693712e-05, 1.56798898843e-06, 5.53620111532e-07, 5.54218217985e-07, 1.79395226496e-06, 5.02158509335e-05, 8.13019432826e-05, 2.75890170087e-06, 9.5129331612e-07, 4.68385451313e-06, 1.18940988614e-05, 4.32355182056e-06, 1.05424430785e-06, 6.82880090608e-06, 5.41575172974e-06, 6.26181247299e-07, 4.33693730884e-06, 2.02447836273e-06, 6.71508644245e-07, 9.38416064855e-07, 1.75132967684e-07, 2.60371791683e-07, 1.60100555036e-07, 1.4623519462e-07, 1.67578875221e-07, 1.16388910953e-07, 1.28605222471e-07, 9.04388954837e-08],
        "dmean2": [3.25605071794e-08, 1.25397177086e-08, 4.60959306281e-08, 3.65807892422e-07, 7.51376603603e-07, 7.19719082554e-07, 4.4695843826e-07, 6.08263917456e-07, 1.11350220777e-06, 6.99985866959e-06, 3.28449204972e-05, 0.00039508723421, 7.22963159205e-05, 2.66051392828e-06, 8.82942572389e-07, 9.1495576271e-07, 2.7471633075e-06, 7.35391076887e-05, 0.000145928395796, 3.30802708959e-06, 1.63733216141e-06, 5.1120232456e-06, 1.74586421053e-05, 6.035572369e-06, 1.70269038335e-06, 1.00179613582e-05, 7.66264383856e-06, 7.76294541538e-07, 6.27434292255e-06, 3.02664989249e-06, 9.58018176789e-07, 1.36718676913e-06, 2.53296235542e-07, 4.3448295628e-07, 2.56233533946e-07, 2.29105168614e-07, 2.45821155431e-07, 1.9142663632e-07, 2.12509377207e-07, 1.30945807086e-07],
        "dvar": [2.47089865692e-15, 2.87009766166e-15, 4.53891456281e-15, 1.92624385951e-13, 5.26045678372e-13, 6.74238334435e-13, 2.59173352267e-13, 3.78930773478e-13, 1.37709483573e-12, 7.2226405412e-11, 2.12521222842e-09, 4.22835455538e-07, 1.48008183487e-08, 7.98549854714e-12, 7.92611527627e-13, 1.0647649212e-12, 1.47603769485e-11, 8.29676860548e-09, 4.66400820187e-08, 3.96344172759e-11, 2.15879788004e-12, 1.19323287362e-10, 4.46280901123e-10, 8.86591494664e-11, 4.37533516362e-12, 1.46952311431e-10, 7.91892801333e-11, 1.57423076311e-12, 7.17201575906e-11, 2.48881904669e-11, 1.77299971579e-12, 4.48423112878e-12, 1.12551671271e-13, 2.72561595689e-13, 7.70363184051e-14, 6.54989774983e-14, 1.74493191706e-13, 5.10636793808e-14, 5.97489587103e-14, 2.16844381671e-14],
        "dvar2": [2.58552211996e-15, 2.90606543346e-15, 6.71880298048e-15, 5.1473105292e-13, 1.54212189893e-12, 1.6121641782e-12, 6.47272491681e-13, 9.40988606479e-13, 4.21260639219e-12, 1.40303102469e-10, 4.61855664824e-09, 3.52739846221e-07, 1.67860711997e-08, 2.61406694901e-11, 2.10886321426e-12, 2.88036153089e-12, 3.45285154635e-11, 1.49289185458e-08, 8.51535304491e-08, 5.56311281763e-11, 5.36403647194e-12, 2.1000808037e-10, 9.12332931424e-10, 1.6794861335e-10, 1.09590921407e-11, 2.67922184438e-10, 1.54921034334e-10, 2.0976696942e-12, 1.66320887618e-10, 6.38980951484e-11, 3.28306088912e-12, 8.70671069964e-12, 1.80674092766e-13, 7.2230063727e-13, 2.05925256231e-13, 1.71230122637e-13, 3.44535706388e-13, 1.21541096415e-13, 1.63406668838e-13, 5.07298365913e-14],
        "max": [4.15095797734e-07, 4.21299773734e-07, 4.67501394041e-07, 2.82461974166e-06, 4.29109149991e-06, 6.52925564282e-06, 3.69554345525e-06, 3.65203572983e-06, 8.14199484012e-06, 6.4449654019e-05, 0.000427083432442, 0.00817967671901, 0.00126971490681, 1.9281555069e-05, 7.82507049735e-06, 7.63722800912e-06, 3.20088583976e-05, 0.000827379000839, 0.00183815392666, 6.11203286098e-05, 1.02876147139e-05, 0.00011056970834, 0.000168160579051, 8.67971612024e-05, 1.74577653524e-05, 0.000122108060168, 7.61447663535e-05, 1.27216226247e-05, 6.58646895317e-05, 3.92563342757e-05, 9.74349313765e-06, 1.59850242198e-05, 3.35404502039e-06, 3.41936697623e-06, 2.51506526183e-06, 2.27371742767e-06, 3.60390163223e-06, 1.66521942901e-06, 1.44816760894e-06, 1.35316679462e-06],
        "mean": [2.56018317657e-08, 1.08880877647e-08, 3.12350394438e-08, 3.32286930416e-07, 6.40538530661e-07, 8.98375049019e-07, 4.90698766953e-07, 6.08044160799e-07, 9.66727043306e-07, 8.3553713921e-06, 5.33865058969e-05, 0.00106763816439, 0.000170333267306, 2.99193311548e-06, 1.51291806105e-06, 1.33349146836e-06, 3.25636074194e-06, 0.000112836998596, 0.000210054262425, 8.19861998025e-06, 2.17915135181e-06, 9.2991940619e-06, 2.67614395852e-05, 1.17292120194e-05, 2.40414510699e-06, 1.61456227943e-05, 1.52911743498e-05, 1.66026723036e-06, 7.21383912605e-06, 3.4182348827e-06, 1.14458237022e-06, 1.43125930663e-06, 5.24981942363e-07, 5.66242135847e-07, 4.05693469929e-07, 3.77939898044e-07, 3.90632749259e-07, 3.50859977516e-07, 2.97239495239e-07, 2.61756127884e-07],
        "median": [1.55296078219e-08, 2.75404854477e-09, 8.23714962905e-09, 2.29380763273e-08, 1.592237453e-07, 2.81421421278e-07, 1.53753688892e-07, 1.27459415467e-07, 1.34521954465e-07, 3.31518066332e-07, 1.28952251544e-05, 0.000244875642238, 2.9564514989e-05, 7.86347186477e-07, 5.05024218e-07, 3.50983896169e-07, 3.8697712057e-07, 2.04257030418e-05, 3.10293180519e-05, 4.34447429143e-07, 3.20990494629e-07, 5.2025052355e-07, 4.08228470405e-06, 6.82603626956e-07, 1.63131417708e-07, 1.15406749046e-06, 9.71548161033e-07, 1.14475717794e-07, 6.12898816144e-07, 2.19651539624e-07, 1.32600817437e-07, 1.01315137613e-07, 4.92168688027e-08, 5.13035232075e-08, 4.45073382593e-08, 4.62038407534e-08, 4.26780992768e-08, 4.10545943907e-08, 2.78172489487e-08, 2.89499180184e-08],
        "min": [6.89829082745e-10, 3.54695967042e-10, 8.61821503051e-10, 7.95943089216e-10, 5.12389597418e-09, 4.88791274122e-09, 2.92206503438e-09, 2.40165332066e-09, 3.08503622648e-09, 3.34497363141e-09, 1.63033263334e-07, 8.29196551422e-07, 1.31611898269e-07, 3.90783370108e-08, 3.56898191001e-08, 1.63261688613e-08, 6.43028563729e-09, 2.23322658144e-08, 3.48617916757e-08, 1.1712744552e-08, 9.56532719698e-09, 5.69816904772e-09, 1.3083140793e-08, 5.24786214484e-09, 3.51355922135e-09, 4.7647970014e-09, 3.28256666293e-09, 2.1536341599e-09, 1.80552850448e-09, 7.9541145892e-10, 4.72146155506e-10, 2.83614576269e-10, 1.70685438006e-10, 1.32911029405e-10, 7.11820255517e-11, 6.07049688295e-11, 8.53521350819e-11, 8.10016706487e-11, 7.31965321688e-11, 5.04480797414e-11],
        "var": [2.80610220492e-15, 2.82702688333e-15, 4.71650433756e-15, 3.7062247802e-13, 8.01102782201e-13, 1.66258619285e-12, 4.6173590125e-13, 8.25840264229e-13, 2.46124041287e-12, 2.36648201035e-10, 7.81023246077e-09, 3.49897095475e-06, 8.75881696061e-08, 2.1343048856e-11, 3.7307266651e-12, 3.66839414748e-12, 3.41833436557e-11, 3.12090904231e-08, 1.49254873349e-07, 2.41201780771e-10, 8.7402481086e-12, 4.08233974403e-10, 1.82150006189e-09, 5.08860620307e-10, 1.37352976215e-11, 7.4420969387e-10, 5.34379041017e-10, 8.34953113593e-12, 1.74675690578e-10, 4.95202004402e-11, 3.99253069841e-12, 7.94260490711e-12, 7.55479012682e-13, 7.61641888881e-13, 3.81175722496e-13, 3.23235877083e-13, 4.75948436478e-13, 2.73898823544e-13, 1.99213556892e-13, 1.47169982364e-13]
    },
    "mfcc": {
        "mean": [-829.255981445, 23.1750144958, -87.2788085938, -34.6890716553, -31.4254207611, -17.9313831329, 6.19105195999, 9.37208938599, 9.73673343658, -3.2288813591, -27.9498653412, -30.7733631134, -7.71758699417],
        "cov": [[15644.2236328, -3572.85302734, -1513.50476074, -329.366760254, -996.085876465, -1011.60552979, -1181.74072266, -955.168762207, -54.6612129211, 212.144042969, -377.601409912, -829.275634766, -683.10559082], [-3572.85302734, 1070.94665527, 358.15838623, 93.1752166748, 226.830673218, 217.23727417, 281.442260742, 236.365814209, 25.6126384735, -31.0739383698, 117.724555969, 221.836898804, 132.882659912], [-1513.50476074, 358.15838623, 256.607208252, 9.25255489349, 116.174079895, 125.709632874, 115.42098999, 92.620475769, -6.74954128265, -10.3252782822, 45.1287460327, 80.587677002, 78.4060287476], [-329.366760254, 93.1752166748, 9.25255489349, 103.870689392, 31.6774368286, 26.550825119, 26.7362747192, 8.68964767456, 11.2491140366, -17.6918735504, 5.18351268768, 9.69732570648, -8.47359085083], [-996.085876465, 226.830673218, 116.174079895, 31.6774368286, 123.649246216, 87.3053359985, 76.0234603882, 69.9719924927, -5.87055540085, -15.5722341537, 29.1016941071, 51.9095649719, 52.4475250244], [-1011.60552979, 217.23727417, 125.709632874, 26.550825119, 87.3053359985, 125.427619934, 81.0844955444, 67.9457321167, 18.3989486694, -0.532770454884, 18.7348327637, 28.6177406311, 50.3786468506], [-1181.74072266, 281.442260742, 115.42098999, 26.7362747192, 76.0234603882, 81.0844955444, 134.804885864, 100.934883118, 4.09133625031, -19.8157024384, 14.2701597214, 59.3047866821, 62.4011497498], [-955.168762207, 236.365814209, 92.620475769, 8.68964767456, 69.9719924927, 67.9457321167, 100.934883118, 136.723907471, 40.7858924866, 3.4764945507, 15.9339885712, 41.0499916077, 45.2243614197], [-54.6612129211, 25.6126384735, -6.74954128265, 11.2491140366, -5.87055540085, 18.3989486694, 4.09133625031, 40.7858924866, 71.0488128662, 22.6124095917, 2.32462024689, -4.42384624481, -22.780210495], [212.144042969, -31.0739383698, -10.3252782822, -17.6918735504, -15.5722341537, -0.532770454884, -19.8157024384, 3.4764945507, 22.6124095917, 34.5437202454, 3.39799928665, -13.9475097656, -6.21143865585], [-377.601409912, 117.724555969, 45.1287460327, 5.18351268768, 29.1016941071, 18.7348327637, 14.2701597214, 15.9339885712, 2.32462024689, 3.39799928665, 58.5202903748, 47.677646637, 12.9588737488], [-829.275634766, 221.836898804, 80.587677002, 9.69732570648, 51.9095649719, 28.6177406311, 59.3047866821, 41.0499916077, -4.42384624481, -13.9475097656, 47.677646637, 94.2487716675, 35.0321006775], [-683.10559082, 132.882659912, 78.4060287476, -8.47359085083, 52.4475250244, 50.3786468506, 62.4011497498, 45.2243614197, -22.780210495, -6.21143865585, 12.9588737488, 35.0321006775, 87.3592681885]],
