{
"lowlevel": {
    "average_loudness": 0.836466193199,
    "barkbands_crest": {
        "dmean": 3.30177021027,
        "dmean2": 5.63712406158,
        "dvar": 7.04153966904,
        "dvar2": 20.3068313599,
        "max": 20.8324604034,
        "mean": 10.6182546616,
        "median": 10.3403339386,
        "min": 4.15943861008,
        "var": 15.6967945099
    },
    "barkbands_flatness_db": {
        "dmean": 0.0249321963638,
        "dmean2": 0.0415670126677,
        "dvar": 0.000475622597151,
        "dvar2": 0.00125702109654,
        "max": 0.280881434679,
        "mean": 0.142927154899,
        "median": 0.140990167856,
        "min": 0.0368455462158,
        "var": 0.00328578893095
    },
    "barkbands_kurtosis": {
        "dmean": 4.2452583313,
        "dmean2": 6.97313785553,
        "dvar": 52.3874969482,
        "dvar2": 122.753211975,
        "max": 87.3713302612,
        "mean": 7.77947950363,
        "median": 4.09364414215,
        "min": -1.68695342541,
        "var": 134.710235596
    },
    "barkbands_skewness": {
        "dmean": 0.667261362076,
        "dmean2": 1.11589765549,
        "dvar": 0.396991401911,
        "dvar2": 0.853885948658,
        "max": 7.85664081573,
        "mean": 2.07988071442,
        "median": 1.84438276291,
        "min": -0.0475811734796,
        "var": 1.84310734272
    },
    "barkbands_spread": {
        "dmean": 5.649310112,
        "dmean2": 9.02264118195,
        "dvar": 76.9628143311,
        "dvar2": 167.657363892,
        "max": 72.9461364746,
        "mean": 18.1377239227,
        "median": 13.7024087906,
        "min": 1.60452926159,
        "var": 270.767333984
    },
    "dissonance": {
        "dmean": 0.0269566308707,
        "dmean2": 0.0466655530035,
        "dvar": 0.00106688623782,
        "dvar2": 0.00248038419522,
        "max": 0.4990016222,
        "mean": 0.462160170078,
        "median": 0.47086250782,
        "min": 0.222321987152,
        "var": 0.00134454050567
    },
    "dynamic_complexity": 13.178109169,
    "erbbands_crest": {
        "dmean": 2.48068785667,
        "dmean2": 4.03655815125,
        "dvar": 4.27385425568,
        "dvar2": 11.4434604645,
        "max": 15.8124485016,
        "mean": 8.14457798004,
        "median": 8.02635955811,
        "min": 3.0801243782,
        "var": 8.44648265839
    },
    "erbbands_flatness_db": {
        "dmean": 0.0182802155614,
        "dmean2": 0.0302205644548,
        "dvar": 0.000262282352196,
        "dvar2": 0.000758125795983,
        "max": 0.269122153521,
        "mean": 0.175141394138,
        "median": 0.174475505948,
        "min": 0.0883530601859,
        "var": 0.00176297675353
    },
    "erbbands_kurtosis": {
        "dmean": 0.991354763508,
        "dmean2": 1.78388881683,
        "dvar": 2.62053012848,
        "dvar2": 6.94483613968,
        "max": 15.3941707611,
        "mean": 0.735690772533,
        "median": 0.0185885429382,
        "min": -1.69218313694,
        "var": 5.08907079697
    },
    "erbbands_skewness": {
        "dmean": 0.40897205472,
        "dmean2": 0.671496868134,
        "dvar": 0.158322677016,
        "dvar2": 0.329987466335,
        "max": 3.62361478806,
        "mean": 0.748934805393,
        "median": 0.638971686363,
        "min": -1.17676591873,
        "var": 0.672414898872
    },
    "erbbands_spread": {
        "dmean": 6.77152442932,
        "dmean2": 11.5388669968,
        "dvar": 53.6695175171,
        "dvar2": 114.71295166,
        "max": 82.3642044067,
        "mean": 35.1389007568,
        "median": 30.8127822876,
        "min": 12.3011541367,
        "var": 319.792327881
    },
    "hfc": {
        "dmean": 4.54928255081,
        "dmean2": 6.44443464279,
        "dvar": 276.739440918,
        "dvar2": 634.228637695,
        "max": 173.008834839,
        "mean": 5.16452646255,
        "median": 0.223796084523,
        "min": 0.000143796831253,
        "var": 362.853973389
    },
    "melbands_crest": {
        "dmean": 4.22340345383,
        "dmean2": 7.42511796951,
        "dvar": 13.2377986908,
        "dvar2": 38.2440185547,
        "max": 28.1838665009,
        "mean": 14.0246696472,
        "median": 13.2055521011,
        "min": 5.17819690704,
        "var": 23.1133308411
    },
    "melbands_flatness_db": {
        "dmean": 0.029164372012,
        "dmean2": 0.0489660948515,
        "dvar": 0.000685302366037,
        "dvar2": 0.00156611425336,
        "max": 0.35880279541,
        "mean": 0.208147197962,
        "median": 0.208634272218,
        "min": 0.0690286532044,
        "var": 0.00514888158068
    },
    "melbands_kurtosis": {
        "dmean": 5.8329372406,
        "dmean2": 9.75102329254,
        "dvar": 38.556678772,
        "dvar2": 67.9905776978,
        "max": 79.6577682495,
        "mean": 13.5409612656,
        "median": 9.49522972107,
        "min": -0.754935503006,
        "var": 195.297241211
    },
    "melbands_skewness": {
        "dmean": 0.681031286716,
        "dmean2": 1.17816710472,
        "dvar": 0.375708311796,
        "dvar2": 0.926324367523,
        "max": 6.94313716888,
        "mean": 2.76970982552,
        "median": 2.47107219696,
        "min": 0.67772936821,
        "var": 1.32592284679
    },
    "melbands_spread": {
        "dmean": 7.80729627609,
        "dmean2": 13.628455162,
        "dvar": 182.541320801,
        "dvar2": 472.780914307,
        "max": 93.2807235718,
        "mean": 18.4312725067,
        "median": 12.5515317917,
        "min": 1.75896561146,
        "var": 297.427398682
    },
    "pitch_salience": {
        "dmean": 0.0891745388508,
        "dmean2": 0.155375510454,
        "dvar": 0.00613835407421,
        "dvar2": 0.0160946063697,
        "max": 0.87248468399,
        "mean": 0.614421546459,
        "median": 0.606680750847,
        "min": 0.340309232473,
        "var": 0.0101166330278
    },
    "silence_rate_20dB": {
        "dmean": 0,
        "dmean2": 0,
        "dvar": 0,
        "dvar2": 0,
        "max": 1,
        "mean": 1,
        "median": 1,
        "min": 1,
        "var": 0
    },
    "silence_rate_30dB": {
        "dmean": 0.0333333350718,
        "dmean2": 0.0672268941998,
        "dvar": 0.0322221666574,
        "dvar2": 0.0627074465156,
        "max": 1,
        "mean": 0.966942131519,
        "median": 1,
        "min": 0,
        "var": 0.0319650880992
    },
    "silence_rate_60dB": {
        "dmean": 0.0500000007451,
        "dmean2": 0.100840337574,
        "dvar": 0.0475000366569,
        "dvar2": 0.0906715169549,
        "max": 1,
        "mean": 0.719008266926,
        "median": 1,
        "min": 0,
        "var": 0.202035531402
    },
    "spectral_centroid": {
        "dmean": 279.347930908,
        "dmean2": 464.48147583,
        "dvar": 150388.359375,
        "dvar2": 331521.6875,
        "max": 3383.11547852,
        "mean": 1061.71081543,
        "median": 820.591064453,
        "min": 329.88394165,
        "var": 463978.75
    },
    "spectral_complexity": {
        "dmean": 2.1166665554,
        "dmean2": 2.78991603851,
        "dvar": 17.4530315399,
        "dvar2": 28.0147285461,
        "max": 52,
        "mean": 5.31404972076,
        "median": 2,
        "min": 0,
        "var": 91.075012207
    },
    "spectral_decrease": {
        "dmean": 2.22180074338e-09,
        "dmean2": 3.23027116167e-09,
        "dvar": 6.95528994714e-17,
        "dvar2": 1.58541684602e-16,
        "max": -7.47337304888e-14,
        "mean": -2.33391528326e-09,
        "median": -7.61197840871e-11,
        "min": -8.18276433279e-08,
        "var": 7.69657546314e-17
    },
    "spectral_energy": {
        "dmean": 0.00879457965493,
        "dmean2": 0.0127513166517,
        "dvar": 0.0010871575214,
        "dvar2": 0.00247984030284,
        "max": 0.324527829885,
        "mean": 0.00927714724094,
        "median": 0.000297453196254,
        "min": 2.95105195391e-07,
        "var": 0.00121212599333
    },
    "spectral_energyband_high": {
        "dmean": 6.37678822386e-05,
        "dmean2": 9.51561232796e-05,
        "dvar": 4.90733960135e-08,
        "dvar2": 1.34745221203e-07,
        "max": 0.00220416416414,
        "mean": 7.82025381341e-05,
        "median": 4.21933737016e-06,
        "min": 1.24663834811e-09,
        "var": 8.43886098778e-08
    },
    "spectral_energyband_low": {
        "dmean": 0.000194066815311,
        "dmean2": 0.000322834646795,
        "dvar": 8.65161666752e-07,
        "dvar2": 1.99184478333e-06,
        "max": 0.00827603600919,
        "mean": 0.000146700243931,
        "median": 4.08533105656e-06,
        "min": 3.97078743219e-08,
        "var": 7.54003906422e-07
    },
    "spectral_energyband_middle_high": {
        "dmean": 0.000897319987416,
        "dmean2": 0.00115401006769,
        "dvar": 1.12646421258e-05,
        "dvar2": 2.20352558244e-05,
        "max": 0.038411539048,
        "mean": 0.00107772625051,
        "median": 3.50598566001e-05,
        "min": 5.01134032049e-08,
        "var": 1.83924275916e-05
    },
    "spectral_energyband_middle_low": {
        "dmean": 0.0078600384295,
        "dmean2": 0.0115710673854,
        "dvar": 0.000862456508912,
        "dvar2": 0.00198598764837,
        "max": 0.281220346689,
        "mean": 0.00808453373611,
        "median": 0.00025637698127,
        "min": 2.10364603959e-07,
        "var": 0.000919421378057
    },
    "spectral_entropy": {
        "dmean": 0.17333342135,
        "dmean2": 0.292586803436,
        "dvar": 0.0268124137074,
        "dvar2": 0.0613078773022,
        "max": 8.32856082916,
        "mean": 7.43856239319,
        "median": 7.50631475449,
        "min": 6.33584213257,
        "var": 0.225082412362
    },
    "spectral_flux": {
        "dmean": 0.0158171784133,
        "dmean2": 0.0277725085616,
        "dvar": 0.00153749017045,
        "dvar2": 0.00347152212635,
        "max": 0.377562999725,
        "mean": 0.0385068319738,
        "median": 0.0109838312492,
        "min": 0.00150040746666,
        "var": 0.00422046519816
    },
    "spectral_kurtosis": {
        "dmean": 1.80777740479,
        "dmean2": 3.04463648796,
        "dvar": 4.00076389313,
        "dvar2": 11.7995548248,
        "max": 27.0122470856,
        "mean": 7.31181907654,
        "median": 6.09270000458,
        "min": 0.74647808075,
        "var": 26.0027198792
    },
    "spectral_rms": {
        "dmean": 0.000700836244505,
        "dmean2": 0.000973885180429,
        "dvar": 2.53122652794e-06,
        "dvar2": 4.77743924421e-06,
        "max": 0.0177936088294,
        "mean": 0.00159136019647,
        "median": 0.000538700493053,
        "min": 1.69678369275e-05,
        "var": 6.51844902677e-06
    },
    "spectral_rolloff": {
        "dmean": 744.330505371,
        "dmean2": 1257.06848145,
        "dvar": 2384411.5,
        "dvar2": 6635686.5,
        "max": 9776.07421875,
        "mean": 1393.0736084,
        "median": 710.595703125,
        "min": 344.53125,
        "var": 2435730.75
    },
    "spectral_skewness": {
        "dmean": 0.244757577777,
        "dmean2": 0.382752388716,
        "dvar": 0.0487574525177,
        "dvar2": 0.141155853868,
        "max": 4.3800201416,
        "mean": 1.96012103558,
        "median": 1.86550831795,
        "min": 1.00477898121,
        "var": 0.442937254906
    },
    "spectral_spread": {
        "dmean": 514666.9375,
        "dmean2": 783186.8125,
        "dvar": 302599602176,
        "dvar2": 468876787712,
        "max": 8679521,
        "mean": 4148789.75,
        "median": 3753409.25,
        "min": 1984419.625,
        "var": 2.25845103821e+12
    },
    "spectral_strongpeak": {
        "dmean": 0.14708045125,
        "dmean2": 0.233216688037,
        "dvar": 0.109204441309,
        "dvar2": 0.267650067806,
        "max": 2.98735165596,
        "mean": 0.254195600748,
        "median": 0.102439448237,
        "min": 0,
        "var": 0.187443703413
    },
    "zerocrossingrate": {
        "dmean": 0.0100504560396,
        "dmean2": 0.0108119416982,
        "dvar": 0.000144070727401,
        "dvar2": 0.000148998777149,
        "max": 0.158203125,
        "mean": 0.0556842386723,
        "median": 0.04345703125,
        "min": 0.01171875,
        "var": 0.00133513368201
    },
    "barkbands": {
        "dmean": [3.54384837919e-06, 1.44181367432e-05, 7.3693554441e-05, 0.000219898953219, 0.00269946735352, 0.00367774185725, 0.000831201148685, 0.000638319063, 0.000588023918681, 0.000197045344976, 0.000127085862914, 0.000129909807583, 0.000145222336869, 6.4179279434e-05, 0.000100651457615, 8.17336185719e-05, 4.81365641463e-05, 5.20979847352e-05, 6.70870504109e-05, 3.79608318326e-05, 2.02990377147e-05, 8.62480374053e-06, 5.57875546292e-06, 5.94922221353e-06, 9.52598838921e-06, 1.3157275589e-06, 2.31393286754e-07],
        "dmean2": [5.28710552317e-06, 2.47270272666e-05, 0.000126218321384, 0.000381135003408, 0.00455666147172, 0.00552675174549, 0.00126817286946, 0.00106409785803, 0.00100998487324, 0.000286668015178, 0.000184694494237, 0.00018954470579, 0.000246788054937, 9.88313549897e-05, 0.000167628051713, 0.000123659396195, 7.91668499005e-05, 9.18503210414e-05, 0.000105621045805, 5.73555407755e-05, 3.11627409246e-05, 1.29802447191e-05, 8.58595467434e-06, 9.52285972744e-06, 1.61240277521e-05, 2.24809991778e-06, 3.89292040381e-07],
        "dvar": [2.39515941802e-11, 3.14471026996e-09, 1.38098499747e-07, 6.74703926506e-07, 6.49292123853e-05, 0.00027651374694, 5.36889001523e-06, 6.93111542205e-06, 6.667582511e-06, 3.65632018884e-07, 3.54774442712e-07, 2.40497655568e-07, 4.55149717027e-07, 5.41764997308e-08, 2.41465215822e-07, 1.53619993171e-07, 3.69088439811e-08, 4.60151383663e-08, 8.70579270895e-08, 1.53441632733e-08, 4.67417882177e-09, 9.74423652877e-10, 3.9566025456e-10, 5.23603937985e-10, 1.52525625463e-09, 2.62044188432e-11, 7.33478599038e-13],
        "dvar2": [5.47703098153e-11, 8.02506239239e-09, 2.98157033285e-07, 1.5881427089e-06, 0.00016025408695, 0.000622570631094, 1.10288692667e-05, 1.86922388821e-05, 1.79754733836e-05, 6.20427556441e-07, 7.98430278337e-07, 5.21265633324e-07, 1.20985089325e-06, 1.26249830146e-07, 6.66183098019e-07, 3.76172408778e-07, 9.77406457991e-08, 1.04070657869e-07, 2.14287382505e-07, 3.61042431507e-08, 1.35353861452e-08, 2.5788753355e-09, 1.18922294234e-09, 1.47534395811e-09, 4.12996481458e-09, 5.87469448088e-11, 1.64454387608e-12],
        "max": [4.19981370214e-05, 0.000447673402959, 0.00329727097414, 0.00608471408486, 0.0641036778688, 0.168803200126, 0.0196765586734, 0.0248988866806, 0.021773673594, 0.00624225102365, 0.00604833615944, 0.00490010809153, 0.00620290171355, 0.00189512048382, 0.00466221896932, 0.00413962639868, 0.00187738018576, 0.00185902044177, 0.00315038789995, 0.00118777318858, 0.000638523837551, 0.000279864179902, 0.000179460941581, 0.000233139915508, 0.000308095477521, 5.188738578e-05, 7.84562962508e-06],
        "mean": [3.72764839085e-06, 1.01945806819e-05, 5.90850177105e-05, 0.000166768557392, 0.00255740713328, 0.00326209282503, 0.000907207315322, 0.000627007801086, 0.00047917329357, 0.000231385944062, 0.000138326446177, 0.000136149712489, 0.000131340610096, 6.97426439729e-05, 9.30856840569e-05, 9.47426378843e-05, 5.73485194764e-05, 6.8553352321e-05, 7.77179957367e-05, 4.71696366731e-05, 2.35680181504e-05, 1.03233669506e-05, 5.98749147684e-06, 6.86026487529e-06, 1.00142797237e-05, 1.8692788899e-06, 2.93150634434e-07],
        "median": [1.40804559123e-06, 1.70718863046e-07, 5.18463707522e-07, 4.87576880914e-06, 8.77600323292e-05, 7.78299290687e-05, 1.18486423162e-05, 1.14536733236e-05, 7.10306176188e-06, 4.90107322548e-06, 4.43375483883e-06, 3.03003434965e-06, 3.01099794342e-06, 3.18280649481e-06, 2.13978614738e-06, 2.21609525397e-06, 2.23526194532e-06, 1.84321731922e-06, 2.0770107767e-06, 1.70125383647e-06, 9.40044174058e-07, 3.61663353488e-07, 2.30921557431e-07, 3.41960515016e-07, 3.83983717711e-07, 1.08117411912e-07, 4.48553336696e-08],
        "min": [5.88531490209e-09, 4.2145580359e-09, 3.04897063153e-09, 2.52986209759e-09, 4.51001938018e-08, 4.388564534e-08, 1.89721038879e-08, 4.15900780482e-09, 8.84303830162e-09, 2.20608722401e-08, 2.07449808443e-08, 5.66378632882e-09, 1.34719135847e-09, 3.36033700865e-10, 2.13810677496e-10, 5.71957592399e-10, 6.44438113984e-10, 1.12538742214e-10, 1.5887946514e-10, 1.29545527083e-10, 1.45953596431e-10, 6.07288455634e-11, 3.54809376324e-11, 2.96486307727e-11, 6.25101984064e-11, 9.15851144923e-11, 7.74944275417e-10],
        "var": [3.51219435479e-11, 2.47966558398e-09, 1.2898877344e-07, 5.7332505321e-07, 6.66298219585e-05, 0.000276189879514, 7.98343990027e-06, 5.79778588872e-06, 4.98760982737e-06, 6.31928458006e-07, 4.12385020354e-07, 3.0387511174e-07, 3.78875370188e-07, 6.45903455165e-08, 2.04209726462e-07, 2.01108605324e-07, 5.29922239423e-08, 7.64613403703e-08, 1.15656135335e-07, 2.88658110748e-08, 7.59991269916e-09, 1.67637992377e-09, 5.27868748712e-10, 7.7628153905e-10, 1.82209392019e-09, 4.88551213373e-11, 9.380445639e-13]
    },
    "erbbands": {
        "dmean": [0.000248786323937, 0.00458518881351, 0.0522852092981, 0.501133739948, 2.35030674934, 13.2096586227, 26.8906917572, 22.5387496948, 11.56245327, 20.6958885193, 8.6522064209, 12.8639011383, 8.56634235382, 4.85142183304, 6.18757009506, 4.04488801956, 6.36508464813, 4.22098875046, 3.89583110809, 4.72231721878, 4.08073377609, 3.13236856461, 2.44321465492, 4.4985742569, 2.31968927383, 1.69815409184, 1.1145093441, 0.556927919388, 0.334034234285, 0.185298442841, 0.172218903899, 0.116142556071, 0.107700705528, 0.112382315099, 0.0554372631013, 0.0115602314472, 0.00162720924709, 0.000277337880107, 4.23758356192e-05, 1.15679395094e-05],
        "dmean2": [0.00046317151282, 0.00785299018025, 0.0985015854239, 0.822346389294, 3.69865489006, 22.0327453613, 44.6534957886, 30.2787303925, 17.2134380341, 34.4233932495, 13.0528316498, 21.0078353882, 13.1916723251, 6.34603452682, 9.56411552429, 6.16699790955, 10.5427217484, 6.43333625793, 6.40378379822, 7.97110795975, 6.00877857208, 5.16260242462, 4.14139604568, 7.06759262085, 3.47376847267, 2.59099245071, 1.82137024403, 0.737171411514, 0.481861770153, 0.302490472794, 0.268568307161, 0.173384234309, 0.182085722685, 0.192612335086, 0.0971969366074, 0.0194205492735, 0.0026364014484, 0.000497215951327, 7.40564573789e-05, 1.60062645591e-05],
        "dvar": [7.46328908008e-07, 0.000353243784048, 0.0663326457143, 4.41498231888, 50.3998527527, 1651.2857666, 17039.1699219, 7159.87841797, 1110.24182129, 8728.44628906, 616.364868164, 2842.63793945, 755.61126709, 290.267669678, 932.96496582, 207.54624939, 838.409545898, 262.636322021, 278.855651855, 632.065979004, 316.591430664, 160.854263306, 110.47631073, 303.649719238, 84.2659683228, 31.587934494, 15.135512352, 3.11701703072, 1.47382569313, 0.478318274021, 0.366344451904, 0.15695039928, 0.219100698829, 0.207553699613, 0.0559085048735, 0.00202358397655, 4.11075889133e-05, 1.21246478102e-06, 2.72572791005e-08, 1.68165925629e-09],
        "dvar2": [1.86482702702e-06, 0.00086149899289, 0.135349094868, 10.5541830063, 112.889625549, 4305.01025391, 43320.921875, 13041.7080078, 2266.74389648, 22982.6367188, 1431.2232666, 7296.33300781, 1732.95361328, 434.779968262, 1781.21801758, 477.967376709, 2173.42675781, 650.22442627, 749.316772461, 1738.2076416, 696.138671875, 438.445831299, 221.398529053, 799.794311523, 186.918701172, 73.0770797729, 46.6688423157, 7.02303743362, 3.9772901535, 1.35815489292, 1.0805413723, 0.433557122946, 0.608103275299, 0.575438737869, 0.141129255295, 0.0046791206114, 9.99044641503e-05, 2.92736262963e-06, 5.85294515076e-08, 3.65277252889e-09],
        "max": [0.0057525052689, 0.155359819531, 2.07572603226, 17.8303985596, 53.2016181946, 311.136535645, 1234.14868164, 920.958679199, 329.261535645, 870.663513184, 212.121963501, 433.937805176, 248.854614258, 193.48916626, 304.359558105, 128.20753479, 270.623138428, 134.741271973, 166.238967896, 238.231628418, 196.298095703, 125.614265442, 96.5821228027, 177.31451416, 100.995651245, 52.9943466187, 33.5065078735, 18.750459671, 10.8249044418, 6.85406064987, 5.31006860733, 3.89124751091, 4.81197690964, 3.56669616699, 1.99500513077, 0.381519019604, 0.0674980580807, 0.00918528158218, 0.00147786480375, 0.000419701304054],
        "mean": [0.000211713311728, 0.00334019516595, 0.045442186296, 0.391688227654, 2.67113852501, 11.172958374, 23.0265159607, 22.5024299622, 12.2375087738, 18.798166275, 10.4670085907, 11.1614532471, 8.72063541412, 6.07989025116, 7.14630174637, 4.49436903, 5.88741779327, 4.22888088226, 4.04750967026, 4.53855466843, 5.17204427719, 3.5216550827, 3.59239768982, 4.6499209404, 2.9878077507, 2.1311314106, 1.20666313171, 0.787689089775, 0.395038664341, 0.212348386645, 0.189533933997, 0.137777432799, 0.125971496105, 0.114022992551, 0.0649138912559, 0.0161239337176, 0.00216465210542, 0.000338148791343, 5.55245351279e-05, 1.36425987876e-05],
        "median": [1.7883723558e-05, 5.58471656404e-05, 0.000578824256081, 0.0109585635364, 0.146179676056, 0.376541167498, 0.42704346776, 0.656839728355, 0.161509841681, 0.345368385315, 0.220658034086, 0.18420214951, 0.18083024025, 0.238394126296, 0.177842602134, 0.11609326303, 0.137764185667, 0.143774524331, 0.124732002616, 0.124149076641, 0.14007909596, 0.134207516909, 0.10406319052, 0.130822092295, 0.0838273838162, 0.0734633877873, 0.0652737990022, 0.0299890842289, 0.0164367966354, 0.00657162535936, 0.00621116580442, 0.00628150906414, 0.0054207299836, 0.00451868679374, 0.00191196124069, 0.000657259020954, 0.000131760869408, 2.40255794779e-05, 6.99153270034e-06, 1.45997353229e-06],
        "min": [4.99820885125e-07, 1.8731103637e-06, 6.69016753818e-06, 1.37455690492e-05, 1.70283674379e-05, 0.000116345152492, 0.000345723528881, 0.000376693002181, 0.000296597281704, 0.000224535120651, 6.2225102738e-05, 0.000207322140341, 0.000477283145301, 0.000850360724144, 0.000657147611491, 0.000263935973635, 8.12291691545e-05, 2.77430572169e-05, 1.48004528455e-05, 2.04250900424e-05, 3.28496826114e-05, 3.27161287714e-05, 7.24168194211e-06, 8.62973956828e-06, 5.29800308868e-06, 7.75225453253e-06, 6.84271117279e-06, 4.36730579167e-06, 2.32806996792e-06, 1.24753080399e-06, 9.42320298236e-07, 8.84459950612e-07, 3.96308763584e-07, 7.96840367911e-07, 3.45132718849e-07, 1.96503918914e-07, 1.98139318286e-07, 6.96642032949e-08, 8.13037601688e-08, 1.82402590809e-08],
        "var": [6.45559282475e-07, 0.000292543350952, 0.0651238188148, 3.68814110756, 53.7202186584, 1508.87072754, 14230.5898438, 9968.36816406, 1551.29980469, 7146.32617188, 912.515380859, 2363.38964844, 916.341491699, 528.421203613, 1203.51855469, 268.621307373, 727.274353027, 271.197021484, 291.49822998, 522.676757812, 543.208251953, 208.891372681, 199.806396484, 414.725311279, 140.002883911, 58.6360015869, 19.6309299469, 8.37349700928, 2.4942085743, 0.683017134666, 0.516762673855, 0.266154259443, 0.289169609547, 0.232602909207, 0.0777342170477, 0.0037238819059, 7.30300525902e-05, 1.68583062532e-06, 3.6602500586e-08, 2.15425610683e-09]
    },
    "gfcc": {
        "mean": [-217.022140503, 79.6954650879, -125.891639709, -4.24541139603, -73.1711120605, -23.9924201965, -55.2397270203, -8.61327075958, -36.1579933167, -5.38982486725, -14.9858865738, -6.25031042099, -3.54867053032],
        "cov": [[16957.8417969, 1724.99499512, -1426.55383301, 94.7063827515, -1155.77258301, -355.67074585, -972.366271973, -42.1064605713, -476.16998291, -11.428853035, -69.5534439087, -166.178924561, -143.961486816], [1724.99499512, 1808.94372559, -149.419708252, -521.646789551, -37.5670433044, -193.305236816, 37.7911987305, -223.754013062, -85.5079650879, -185.715927124, -44.6553726196, -89.8585968018, -27.8693408966], [-1426.55383301, -149.419708252, 479.67199707, 71.8699111938, 122.042304993, 26.0233688354, 15.6996192932, 12.5916652679, 9.16619682312, -44.9966316223, 1.30736804008, -10.2096624374, -6.23536586761], [94.7063827515, -521.646789551, 71.8699111938, 321.688446045, -1.81814014912, 24.5186042786, -97.62840271, 47.3412399292, -11.3717937469, 41.6884918213, 7.08602237701, 10.2294492722, 7.35876989365], [-1155.77258301, -37.5670433044, 122.042304993, -1.81814014912, 194.3775177, 56.6891822815, 53.1090087891, -10.0923309326, 23.8914775848, -17.8256473541, 13.3446989059, 2.05111241341, 0.874891638756], [-355.67074585, -193.305236816, 26.0233688354, 24.5186042786, 56.6891822815, 163.682785034, 44.161567688, 83.4750213623, 40.0685997009, 26.5711402893, 19.1960754395, -22.02460289, -19.7071704865], [-972.366271973, 37.7911987305, 15.6996192932, -97.62840271, 53.1090087891, 44.161567688, 192.639709473, 30.8714237213, 53.8069725037, 14.6515951157, 16.2610435486, 37.2186088562, 30.295955658], [-42.1064605713, -223.754013062, 12.5916652679, 47.3412399292, -10.0923309326, 83.4750213623, 30.8714237213, 118.150947571, 45.3877410889, 37.0122261047, 17.5055599213, -9.7669916153, -10.1630535126], [-476.16998291, -85.5079650879, 9.16619682312, -11.3717937469, 23.8914775848, 40.0685997009, 53.8069725037, 45.3877410889, 69.7194442749, 26.8323040009, 21.9719467163, 5.19158744812, 1.91940140724], [-11.428853035, -185.715927124, -44.9966316223, 41.6884918213, -17.8256473541, 26.5711402893, 14.6515951157, 37.0122261047, 26.8323040009, 68.5874786377, 23.2741184235, 29.7198982239, 5.04402828217], [-69.5534439087, -44.6553726196, 1.30736804008, 7.08602237701, 13.3446989059, 19.1960754395, 16.2610435486, 17.5055599213, 21.9719467163, 23.2741184235, 41.5959510803, 22.8388442993, 7.76557064056], [-166.178924561, -89.8585968018, -10.2096624374, 10.2294492722, 2.05111241341, -22.02460289, 37.2186088562, -9.7669916153, 5.19158744812, 29.7198982239, 22.8388442993, 95.3523254395, 44.8330001831], [-143.961486816, -27.8693408966, -6.23536586761, 7.35876989365, 0.874891638756, -19.7071704865, 30.295955658, -10.1630535126, 1.91940140724, 5.04402828217, 7.76557064056, 44.8330001831, 51.9686355591]],
        "icov": [[0.000359202240361, -0.00067917042179, 0.00060809252318, -0.000563654000871, 0.00111417914741, -0.000388531567296, 0.00138055207208, -0.00143619836308, 0.00144960649777, -0.000264894013526, -0.000458804774098, -0.000628605776001, 0.000114852118713], [-0.00067917042179, 0.00312822242267, -0.000779642956331, 0.0032571265474, -0.00179245334584, 0.00170643138699, -0.00303251622245, 0.00403306959197, -0.00181588239502, 0.00318444916047, -0.00138885318302, 0.00277988566086, 4.25893449574e-05], [0.00060809252318, -0.000779642956331, 0.00409004185349, -0.00166915135924, 0.000358628953109, 0.000118610878417, 0.00173890392762, -0.00318169104867, 0.00224418309517, 0.00331900757737, -0.0016659629764, -0.0015370559413, 0.00156642892398], [-0.000563654000871, 0.0032571265474, -0.00166915135924, 0.00936834141612, -0.00265645538457, 0.00164187245537, 0.00161821080837, 0.000713595945854, 0.00065616046777, -0.00130150467157, -0.000421248929342, 0.00314512685873, -0.00402625044808], [0.00111417914741, -0.00179245334584, 0.000358628953109, -0.00265645538457, 0.012765401043, -0.00566206173971, 0.00206530839205, 0.00157884065993, 0.00135094253346, 0.00322483526543, -0.00399217987433, -0.00260444055311, 0.00176760263275], [-0.000388531567296, 0.00170643138699, 0.000118610878417, 0.00164187245537, -0.00566206173971, 0.0142846377566, -0.0034118515905, -0.00638862978667, 0.00104021129664, -0.000791886588559, -0.00296057481319, 0.00467428518459, 0.00232078041881], [0.00138055207208, -0.00303251622245, 0.00173890392762, 0.00161821080837, 0.00206530839205, -0.0034118515905, 0.0168975982815, -0.00841931067407, 0.000539269705769, -0.00316315377131, 0.00218829698861, -0.00550479721278, -0.00593915395439], [-0.00143619836308, 0.00403306959197, -0.00318169104867, 0.000713595945854, 0.00157884065993, -0.00638862978667, -0.00841931067407, 0.0281708315015, -0.0134978452697, 0.000657796743326, -0.000794124614913, 0.00561408931389, 0.00137970387004], [0.00144960649777, -0.00181588239502, 0.00224418309517, 0.00065616046777, 0.00135094253346, 0.00104021129664, 0.000539269705769, -0.0134978452697, 0.0354720018804, -0.00797482207417, -0.0110460007563, 0.00333153270185, -0.00112372334115], [-0.000264894013526, 0.00318444916047, 0.00331900757737, -0.00130150467157, 0.00322483526543, -0.000791886588559, -0.00316315377131, 0.000657796743326, -0.00797482207417, 0.0373570658267, -0.0100667038932, -0.00899719819427, 0.00910928845406], [-0.000458804774098, -0.00138885318302, -0.0016659629764, -0.000421248929342, -0.00399217987433, -0.00296057481319, 0.00218829698861, -0.000794124614913, -0.0110460007563, -0.0100667038932, 0.0407745167613, -0.0090952552855, -0.00150389026385], [-0.000628605776001, 0.00277988566086, -0.0015370559413, 0.00314512685873, -0.00260444055311, 0.00467428518459, -0.00550479721278, 0.00561408931389, 0.00333153270185, -0.00899719819427, -0.0090952552855, 0.0281193759292, -0.0169060342014], [0.000114852118713, 4.25893449574e-05, 0.00156642892398, -0.00402625044808, 0.00176760263275, 0.00232078041881, -0.00593915395439, 0.00137970387004, -0.00112372334115, 0.00910928845406, -0.00150389026385, -0.0169060342014, 0.0388907045126]]
    },
    "melbands": {
        "dmean": [3.11177882395e-06, 1.94682124857e-05, 0.000115453563922, 0.000512517639436, 0.000842226785608, 0.000566397851799, 0.000170835017343, 0.000215051783016, 6.16301695118e-05, 8.60770524014e-05, 4.25710641139e-05, 2.05185260711e-05, 1.75238910742e-05, 1.43054476212e-05, 1.36146109071e-05, 1.28909414343e-05, 6.85782697474e-06, 4.93130119139e-06, 8.54677546158e-06, 5.15562396686e-06, 4.69322776553e-06, 3.33175444212e-06, 2.43536146627e-06, 2.42360943048e-06, 4.02423120249e-06, 2.04781417779e-06, 1.38797088312e-06, 9.95440245788e-07, 8.3826091668e-07, 4.95545407375e-07, 2.52660896649e-07, 1.9565739251e-07, 1.35936986112e-07, 9.40181195119e-08, 1.04420514901e-07, 6.82337955027e-08, 7.57637650395e-08, 7.00258766528e-08, 8.98947831729e-08, 1.01053458934e-07],
        "dmean2": [5.52393657927e-06, 3.67443353753e-05, 0.000205144373467, 0.000874217774253, 0.00139978167135, 0.000798105727881, 0.000252057041507, 0.000362365768524, 0.000101836005342, 0.000145464102388, 6.57713608234e-05, 2.56617640844e-05, 2.73318037216e-05, 2.28937606153e-05, 2.34646904573e-05, 2.17565793719e-05, 1.00893103081e-05, 8.13203405414e-06, 1.43334045788e-05, 8.58591556607e-06, 6.90400383974e-06, 5.70808515477e-06, 3.32762965627e-06, 3.93627396988e-06, 6.50418587611e-06, 3.03405249724e-06, 2.00774616133e-06, 1.56106000304e-06, 1.44233376886e-06, 7.78598462148e-07, 3.57537032869e-07, 2.83689928438e-07, 2.27604019187e-07, 1.49744906253e-07, 1.62860104069e-07, 1.05243131543e-07, 1.18343479016e-07, 1.12311447253e-07, 1.59510449294e-07, 1.71956685335e-07],
        "dvar": [1.2308704056e-10, 9.50002654321e-09, 1.5860092617e-07, 2.21953246182e-06, 1.42984608829e-05, 5.10813742949e-06, 2.29241905458e-07, 9.72438670033e-07, 4.36570068985e-08, 1.2790172832e-07, 1.85724697843e-08, 5.10813435994e-09, 7.42240091611e-09, 3.38642047737e-09, 3.20340065585e-09, 3.61096685886e-09, 6.45044573311e-10, 3.65831670512e-10, 1.87623716563e-09, 7.44548256382e-10, 3.95230459471e-10, 1.95861604713e-10, 7.22920542873e-11, 9.13397552038e-11, 2.51364151715e-10, 8.29122187573e-11, 2.42070617024e-11, 1.08284717998e-11, 8.52445024291e-12, 3.44047403414e-12, 7.74798899084e-13, 5.30742604813e-13, 2.5996839772e-13, 1.31026781222e-13, 1.38053278661e-13, 5.2282742751e-14, 7.03245919614e-14, 8.0882525612e-14, 1.65038271135e-13, 1.65183445806e-13],
        "dvar2": [3.08527065007e-10, 1.93256646241e-08, 3.76295247406e-07, 5.34818855158e-06, 3.60317317245e-05, 1.01621399153e-05, 4.67341038757e-07, 2.58719137491e-06, 1.03028746423e-07, 3.36943685397e-07, 4.25957580319e-08, 7.91779175557e-09, 1.37058870919e-08, 5.82307713159e-09, 8.63806803864e-09, 9.56374801575e-09, 1.51171652973e-09, 9.81518311072e-10, 5.18594367449e-09, 1.96138794095e-09, 8.55690351909e-10, 5.68933677947e-10, 1.2240231051e-10, 2.17665011015e-10, 6.82850942457e-10, 1.88462009887e-10, 4.94643284665e-11, 2.64166067493e-11, 2.70567838967e-11, 1.01640302078e-11, 1.40563168743e-12, 1.44380102492e-12, 7.2120759885e-13, 3.81833020063e-13, 4.2200585474e-13, 1.30304770338e-13, 2.04237045028e-13, 2.28923677974e-13, 4.56640205249e-13, 4.55800490667e-13],
        "max": [8.4066465206e-05, 0.000791178725194, 0.0026489647571, 0.0107388477772, 0.0359116233885, 0.0241362266243, 0.00464790314436, 0.00911638326943, 0.00188788806554, 0.00285791768692, 0.00125593377743, 0.000816824613139, 0.000861794862431, 0.000556891318411, 0.000485894095618, 0.000547899806406, 0.000197403423954, 0.000192981198779, 0.00040366727626, 0.000272677978501, 0.000219870882574, 0.000128927989863, 9.93318681139e-05, 8.72877571965e-05, 0.000157703354489, 0.000100870500319, 5.15324209118e-05, 2.89376730507e-05, 2.31711674132e-05, 1.83373722393e-05, 9.80915865512e-06, 6.25812344879e-06, 4.70185568702e-06, 3.60807439392e-06, 3.08599123855e-06, 2.18689274334e-06, 2.48470246333e-06, 2.9361617635e-06, 3.85493513022e-06, 3.17423064189e-06],
        "mean": [2.44934813054e-06, 1.67721209436e-05, 9.96024318738e-05, 0.000486285949592, 0.00074604828842, 0.000536254607141, 0.000184874646948, 0.00019562667876, 7.73961291998e-05, 7.06556456862e-05, 4.25423095294e-05, 2.46887484536e-05, 2.13454422919e-05, 1.70193015947e-05, 1.28084857351e-05, 1.16031033031e-05, 7.20389061826e-06, 5.53426707484e-06, 7.61606270316e-06, 5.75770854994e-06, 5.78469416723e-06, 3.5322811982e-06, 3.42917519447e-06, 3.014009053e-06, 3.96827317672e-06, 2.51533469964e-06, 1.88951923974e-06, 1.24669520574e-06, 8.59208682868e-07, 5.57025032322e-07, 4.08656717354e-07, 2.26599553343e-07, 1.61884045724e-07, 9.94149615963e-08, 1.09183289965e-07, 9.05697632447e-08, 8.31413018432e-08, 7.99167594323e-08, 9.83598766879e-08, 9.88315349559e-08],
        "median": [2.40181549316e-07, 1.9303723775e-07, 5.13062423124e-06, 1.83018128155e-05, 1.54764293256e-05, 1.4803110389e-05, 2.47600678449e-06, 3.4689687709e-06, 1.66148151948e-06, 1.04946536794e-06, 9.10936023502e-07, 8.48891261285e-07, 6.34473963146e-07, 3.99454904709e-07, 2.53521960758e-07, 2.71328985946e-07, 2.54579333614e-07, 1.96517561335e-07, 1.83089539973e-07, 1.54393376306e-07, 1.50077426042e-07, 1.44483749409e-07, 9.42223650213e-08, 8.9112944579e-08, 1.0466365552e-07, 7.07804730382e-08, 4.59295428357e-08, 4.66488110362e-08, 3.99902511106e-08, 1.97369569577e-08, 1.29683206396e-08, 1.06714432846e-08, 5.96586602342e-09, 2.85847745474e-09, 3.86941589881e-09, 3.84745924009e-09, 4.05107414281e-09, 3.63535779258e-09, 3.28969140817e-09, 3.75891140436e-09],
        "min": [3.81938880523e-09, 1.51917212143e-09, 2.22204743494e-09, 3.05346636864e-09, 1.35868258866e-08, 8.3407725171e-09, 4.43314451815e-09, 2.10944417489e-09, 3.80553422108e-10, 1.43954848042e-09, 2.46736586718e-09, 3.48041107046e-09, 2.66292454754e-09, 7.06546765539e-10, 4.60284255155e-10, 1.1433701208e-10, 4.01296981756e-11, 2.51013914515e-11, 1.55816384101e-11, 3.9869503532e-11, 3.98042883376e-11, 4.26090308869e-11, 9.68206851498e-12, 4.38521744958e-12, 7.46050964062e-12, 5.51614786834e-12, 2.15322312931e-12, 6.04419465866e-12, 3.32298121311e-12, 4.87096734475e-12, 1.65152266862e-12, 1.40074421246e-12, 1.07834314395e-12, 5.68054826268e-13, 5.61626754218e-13, 5.97354305777e-13, 5.09402416082e-13, 1.89006511722e-13, 5.04648569027e-13, 7.37036191627e-13],
        "var": [1.02154937287e-10, 9.36071042901e-09, 1.35733458251e-07, 2.21275672629e-06, 1.26276399897e-05, 6.23374444331e-06, 3.330298739e-07, 7.70002486661e-07, 5.4794398352e-08, 1.00049426521e-07, 2.23791882803e-08, 8.95224960829e-09, 1.00774215639e-08, 5.07599384747e-09, 2.83197132411e-09, 2.93946689212e-09, 7.26883053748e-10, 4.52253734462e-10, 1.49452594744e-09, 7.80500608588e-10, 6.79808265236e-10, 2.19254933653e-10, 1.73465547482e-10, 1.42161685202e-10, 3.17020965035e-10, 1.17229698171e-10, 4.88866863657e-11, 1.94624351357e-11, 9.9900062181e-12, 4.66540738334e-12, 2.32753551675e-12, 8.45212029706e-13, 3.98557597515e-13, 1.64012412592e-13, 1.77965416926e-13, 1.05283823651e-13, 1.02442516004e-13, 1.1170705745e-13, 1.87638953312e-13, 1.77565874873e-13]
    },
    "mfcc": {
        "mean": [-855.615844727, 121.765708923, -9.69860935211, 7.45054960251, -10.1896743774, -21.5147266388, -13.2884597778, -20.3600387573, -14.5447301865, -12.3670949936, -13.6500511169, -6.94124317169, -7.95303440094],
        "cov": [[15990.3632812, 2215.0703125, -1178.72692871, -22.2410640717, -686.742492676, -661.379089355, -515.111572266, -517.470214844, -612.133117676, -235.594924927, -287.21887207, -372.648712158, -256.97869873], [2215.0703125, 1627.46057129, -192.504013062, -233.011535645, -232.707138062, -90.2570343018, -100.965713501, -68.7829437256, -158.696060181, -66.4616241455, -80.0904388428, -146.441070557, -133.717025757], [-1178.72692871, -192.504013062, 386.829101562, 30.6633605957, 102.585395813, 30.1531047821, 38.6268692017, 58.5212898254, 29.796453476, 9.4881772995, 8.81092166901, 19.6040287018, 21.2806606293], [-22.2410640717, -233.011535645, 30.6633605957, 225.809844971, 55.4030570984, -14.5017871857, -21.9684791565, -41.9843864441, -18.1088581085, -26.2446174622, -27.8167762756, -25.1380062103, -3.29602599144], [-686.742492676, -232.707138062, 102.585395813, 55.4030570984, 240.316055298, 51.0099639893, 44.8707427979, 19.8905849457, 14.6988048553, 27.3891391754, 28.8660926819, 9.49965763092, 24.4620800018], [-661.379089355, -90.2570343018, 30.1531047821, -14.5017871857, 51.0099639893, 88.5265884399, 48.3094902039, 36.4775466919, 27.5126533508, 11.4456682205, 23.4409713745, 12.7546062469, 13.5647497177], [-515.111572266, -100.965713501, 38.6268692017, -21.9684791565, 44.8707427979, 48.3094902039, 97.8590621948, 53.2486000061, 50.6990585327, 36.6662521362, 28.6476993561, 39.0891036987, 18.3213443756], [-517.470214844, -68.7829437256, 58.5212898254, -41.9843864441, 19.8905849457, 36.4775466919, 53.2486000061, 83.2183990479, 52.5661087036, 31.1524467468, 28.757226944, 29.2623806, 27.5727291107], [-612.133117676, -158.696060181, 29.796453476, -18.1088581085, 14.6988048553, 27.5126533508, 50.6990585327, 52.5661087036, 88.9868927002, 44.5991287231, 34.4710197449, 40.9892311096, 23.0571594238], [-235.594924927, -66.4616241455, 9.4881772995, -26.2446174622, 27.3891391754, 11.4456682205, 36.6662521362, 31.1524467468, 44.5991287231, 68.6887588501, 41.2611656189, 40.1399803162, 15.8868694305], [-287.21887207, -80.0904388428, 8.81092166901, -27.8167762756, 28.8660926819, 23.4409713745, 28.6476993561, 28.757226944, 34.4710197449, 41.2611656189, 64.8106384277, 41.5392837524, 24.0367202759], [-372.648712158, -146.441070557, 19.6040287018, -25.1380062103, 9.49965763092, 12.7546062469, 39.0891036987, 29.2623806, 40.9892311096, 40.1399803162, 41.5392837524, 75.5266418457, 33.478012085], [-256.97869873, -133.717025757, 21.2806606293, -3.29602599144, 24.4620800018, 13.5647497177, 18.3213443756, 27.5727291107, 23.0571594238, 15.8868694305, 24.0367202759, 33.478012085, 57.0284843445]],
