{
"lowlevel": {
    "average_loudness": 0.886310815811,
    "barkbands_crest": {
        "dmean": 1.15452444553,
        "dmean2": 1.93646073341,
        "dvar": 1.94582128525,
        "dvar2": 4.43767404556,
        "max": 12.3245658875,
        "mean": 4.7175655365,
        "median": 4.36910820007,
        "min": 2.60459947586,
        "var": 2.57920694351
    },
    "barkbands_flatness_db": {
        "dmean": 0.0108305178583,
        "dmean2": 0.0159846972674,
        "dvar": 5.83788314543e-05,
        "dvar2": 0.000168506914633,
        "max": 0.129627257586,
        "mean": 0.0837477818131,
        "median": 0.0806040689349,
        "min": 0.0476649813354,
        "var": 0.000384893704904
    },
    "barkbands_kurtosis": {
        "dmean": 0.400130957365,
        "dmean2": 0.669371366501,
        "dvar": 0.180074691772,
        "dvar2": 0.525652289391,
        "max": 3.56853055954,
        "mean": 0.203240901232,
        "median": 0.0804047584534,
        "min": -1.3377699852,
        "var": 0.583202064037
    },
    "barkbands_skewness": {
        "dmean": 0.223394528031,
        "dmean2": 0.357285946608,
        "dvar": 0.0488229691982,
        "dvar2": 0.143565684557,
        "max": 1.13044393063,
        "mean": 0.166844278574,
        "median": 0.190673440695,
        "min": -0.770431697369,
        "var": 0.243767648935
    },
    "barkbands_spread": {
        "dmean": 3.39771461487,
        "dmean2": 5.20498085022,
        "dvar": 8.91872119904,
        "dvar2": 25.7054405212,
        "max": 43.4169387817,
        "mean": 22.4692764282,
        "median": 21.7950458527,
        "min": 12.8820180893,
        "var": 42.4654350281
    },
    "dissonance": {
        "dmean": 0.00803593639284,
        "dmean2": 0.0130594363436,
        "dvar": 0.000131057968247,
        "dvar2": 0.00020274000417,
        "max": 0.499960631132,
        "mean": 0.489261597395,
        "median": 0.493247568607,
        "min": 0.393618732691,
        "var": 0.000170643557794
    },
    "dynamic_complexity": 5.4959821701,
    "erbbands_crest": {
        "dmean": 1.56064915657,
        "dmean2": 2.77221870422,
        "dvar": 3.45583486557,
        "dvar2": 8.93965816498,
        "max": 13.0072650909,
        "mean": 6.33884048462,
        "median": 5.92592000961,
        "min": 2.81500530243,
        "var": 3.61169195175
    },
    "erbbands_flatness_db": {
        "dmean": 0.0103168003261,
        "dmean2": 0.0137180890888,
        "dvar": 5.34344653715e-05,
        "dvar2": 0.000143472352647,
        "max": 0.217917352915,
        "mean": 0.17436248064,
        "median": 0.172825321555,
        "min": 0.137552678585,
        "var": 0.000392453803215
    },
    "erbbands_kurtosis": {
        "dmean": 0.510556101799,
        "dmean2": 0.826557099819,
        "dvar": 0.165570169687,
        "dvar2": 0.484874457121,
        "max": 2.51037979126,
        "mean": 0.800659775734,
        "median": 0.787804603577,
        "min": -1.0447280407,
        "var": 0.442364156246
    },
    "erbbands_skewness": {
        "dmean": 0.168915510178,
        "dmean2": 0.28743276,
        "dvar": 0.0256789848208,
        "dvar2": 0.0603329800069,
        "max": 1.34205818176,
        "mean": 0.442401558161,
        "median": 0.497039973736,
        "min": -0.428057789803,
        "var": 0.122203439474
    },
    "erbbands_spread": {
        "dmean": 3.389939785,
        "dmean2": 4.92037725449,
        "dvar": 9.36371040344,
        "dvar2": 18.4752578735,
        "max": 53.5104064941,
        "mean": 24.2146205902,
        "median": 22.5676383972,
        "min": 12.218788147,
        "var": 57.4722251892
    },
    "hfc": {
        "dmean": 4.63855028152,
        "dmean2": 5.31431102753,
        "dvar": 50.0658302307,
        "dvar2": 59.7100486755,
        "max": 107.802322388,
        "mean": 25.270652771,
        "median": 10.5274133682,
        "min": 0.00438260985538,
        "var": 1135.33117676
    },
    "melbands_crest": {
        "dmean": 1.74382340908,
        "dmean2": 3.09050035477,
        "dvar": 5.0905380249,
        "dvar2": 10.6123142242,
        "max": 19.7454547882,
        "mean": 5.91714429855,
        "median": 5.23372983932,
        "min": 3.24899172783,
        "var": 6.69118976593
    },
    "melbands_flatness_db": {
        "dmean": 0.00981253292412,
        "dmean2": 0.0167336426675,
        "dvar": 0.000101243444078,
        "dvar2": 0.000218377812416,
        "max": 0.13135689497,
        "mean": 0.0759590938687,
        "median": 0.0686938390136,
        "min": 0.0346992723644,
        "var": 0.000474207481602
    },
    "melbands_kurtosis": {
        "dmean": 0.721221387386,
        "dmean2": 1.04857289791,
        "dvar": 0.893536031246,
        "dvar2": 2.16766738892,
        "max": 7.22738170624,
        "mean": 1.29643070698,
        "median": 1.03741168976,
        "min": -0.804296970367,
        "var": 1.88527441025
    },
    "melbands_skewness": {
        "dmean": 0.238964349031,
        "dmean2": 0.374010592699,
        "dvar": 0.0757798701525,
        "dvar2": 0.154229730368,
        "max": 2.60975313187,
        "mean": 0.631238281727,
        "median": 0.600694000721,
        "min": -0.475080966949,
        "var": 0.287854462862
    },
    "melbands_spread": {
        "dmean": 5.73607301712,
        "dmean2": 8.58440971375,
        "dvar": 44.6735992432,
        "dvar2": 105.061904907,
        "max": 92.1076126099,
        "mean": 42.7713050842,
        "median": 40.5261650085,
        "min": 16.2439804077,
        "var": 240.318984985
    },
    "pitch_salience": {
        "dmean": 0.0371211543679,
        "dmean2": 0.0661939680576,
        "dvar": 0.00135329004843,
        "dvar2": 0.00390336546116,
        "max": 0.84045624733,
        "mean": 0.765474677086,
        "median": 0.768321752548,
        "min": 0.533451378345,
        "var": 0.00179126707371
    },
    "silence_rate_20dB": {
        "dmean": 0,
        "dmean2": 0,
        "dvar": 0,
        "dvar2": 0,
        "max": 1,
        "mean": 1,
        "median": 1,
        "min": 1,
        "var": 0
    },
    "silence_rate_30dB": {
        "dmean": 0,
        "dmean2": 0,
        "dvar": 0,
        "dvar2": 0,
        "max": 1,
        "mean": 1,
        "median": 1,
        "min": 1,
        "var": 0
    },
    "silence_rate_60dB": {
        "dmean": 0.111111111939,
        "dmean2": 0.213483139873,
        "dvar": 0.0987653657794,
        "dvar2": 0.212851658463,
        "max": 1,
        "mean": 0.450549453497,
        "median": 0,
        "min": 0,
        "var": 0.247554376721
    },
    "spectral_centroid": {
        "dmean": 147.781784058,
        "dmean2": 222.331939697,
        "dvar": 23804.4589844,
        "dvar2": 56539.2304688,
        "max": 3435.90844727,
        "mean": 2618.85571289,
        "median": 2672.49462891,
        "min": 1465.07775879,
        "var": 315295.625
    },
    "spectral_complexity": {
        "dmean": 3.51111102104,
        "dmean2": 4.46067428589,
        "dvar": 13.6054267883,
        "dvar2": 14.9675569534,
        "max": 49,
        "mean": 17.6923084259,
        "median": 15,
        "min": 0,
        "var": 247.443710327
    },
    "spectral_decrease": {
        "dmean": 2.08741190999e-10,
        "dmean2": 2.63292332381e-10,
        "dvar": 7.23475492817e-20,
        "dvar2": 8.10248483908e-20,
        "max": -5.81238507845e-13,
        "mean": -1.02514285949e-09,
        "median": -5.67503544158e-10,
        "min": -4.16744283527e-09,
        "var": 1.3276909542e-18
    },
    "spectral_energy": {
        "dmean": 0.00114896695595,
        "dmean2": 0.00137568812352,
        "dvar": 2.63142260337e-06,
        "dvar2": 2.75066122413e-06,
        "max": 0.0244252923876,
        "mean": 0.00616125296801,
        "median": 0.00313741108403,
        "min": 2.59124408331e-06,
        "var": 5.43810820091e-05
    },
    "spectral_energyband_high": {
        "dmean": 0.000333826086717,
        "dmean2": 0.000419550691731,
        "dvar": 3.31309990997e-07,
        "dvar2": 4.52647412885e-07,
        "max": 0.00862854532897,
        "mean": 0.0018561767647,
        "median": 0.000615746248513,
        "min": 1.18743891164e-07,
        "var": 6.93007405062e-06
    },
    "spectral_energyband_low": {
        "dmean": 2.31590047406e-06,
        "dmean2": 3.90815648643e-06,
        "dvar": 5.82544429362e-12,
        "dvar2": 1.8021941578e-11,
        "max": 1.56507594511e-05,
        "mean": 3.44886757375e-06,
        "median": 2.86163731289e-06,
        "min": 1.2054404408e-07,
        "var": 7.29140445938e-12
    },
    "spectral_energyband_middle_high": {
        "dmean": 0.000856640457641,
        "dmean2": 0.000997714349069,
        "dvar": 1.16349292512e-06,
        "dvar2": 1.38662744575e-06,
        "max": 0.0157882347703,
        "mean": 0.0039316015318,
        "median": 0.00216984096915,
        "min": 1.85658734608e-06,
        "var": 2.15310119529e-05
    },
    "spectral_energyband_middle_low": {
        "dmean": 0.000173246939084,
        "dmean2": 0.00025989630376,
        "dvar": 3.1354030483e-08,
        "dvar2": 7.20270634247e-08,
        "max": 0.00204322906211,
        "mean": 0.000391775800381,
        "median": 0.000287237373414,
        "min": 4.78449464936e-07,
        "var": 1.37104890996e-07
    },
    "spectral_entropy": {
        "dmean": 0.0597149319947,
        "dmean2": 0.0954133570194,
        "dvar": 0.00227578519844,
        "dvar2": 0.00388917629607,
        "max": 8.51910877228,
        "mean": 8.16403007507,
        "median": 8.17210960388,
        "min": 7.78127384186,
        "var": 0.0166444554925
    },
    "spectral_flux": {
        "dmean": 0.00461776135489,
        "dmean2": 0.00497023947537,
        "dvar": 1.83627380466e-05,
        "dvar2": 1.86247107195e-05,
        "max": 0.106244012713,
        "mean": 0.0428335033357,
        "median": 0.0368682928383,
        "min": 0.00712276762351,
        "var": 0.000775736465584
    },
    "spectral_kurtosis": {
        "dmean": 0.559994578362,
        "dmean2": 0.78894251585,
        "dvar": 0.21964931488,
        "dvar2": 0.385293632746,
        "max": 11.3780231476,
        "mean": 4.2907576561,
        "median": 3.89680767059,
        "min": 0.932670116425,
        "var": 3.18641376495
    },
    "spectral_rms": {
        "dmean": 0.000231156140217,
        "dmean2": 0.000255321705481,
        "dvar": 5.85649608809e-08,
        "dvar2": 4.76142076877e-08,
        "max": 0.00488155242056,
        "mean": 0.00204188423231,
        "median": 0.00174953963142,
        "min": 5.02796501678e-05,
        "var": 1.84168845863e-06
    },
    "spectral_rolloff": {
        "dmean": 796.249755859,
        "dmean2": 1326.10656738,
        "dvar": 999990.3125,
        "dvar2": 2652480.25,
        "max": 10120.6054688,
        "mean": 5811.36132812,
        "median": 5340.234375,
        "min": 1593.45703125,
        "var": 7579463.5
    },
    "spectral_skewness": {
        "dmean": 0.0990242138505,
        "dmean2": 0.124528393149,
        "dvar": 0.00731862708926,
        "dvar2": 0.00925437826663,
        "max": 3.0145471096,
        "mean": 1.77910840511,
        "median": 1.77976810932,
        "min": 1.03955245018,
        "var": 0.0671223774552
    },
    "spectral_spread": {
        "dmean": 406816.96875,
        "dmean2": 523344.28125,
        "dvar": 291888660480,
        "dvar2": 256602898432,
        "max": 10054538,
        "mean": 5703380.5,
        "median": 5659396.5,
        "min": 3495497.5,
        "var": 1.00759293133e+12
    },
    "spectral_strongpeak": {
        "dmean": 0.50552624464,
        "dmean2": 0.813032150269,
        "dvar": 0.481587946415,
        "dvar2": 1.26421022415,
        "max": 5.28445911407,
        "mean": 0.853216290474,
        "median": 0.402728289366,
        "min": 0,
        "var": 1.1696999073
    },
    "zerocrossingrate": {
        "dmean": 0.0115342885256,
        "dmean2": 0.0139352176338,
        "dvar": 0.000231661193538,
        "dvar2": 0.000318179256283,
        "max": 0.2646484375,
        "mean": 0.18026162684,
        "median": 0.18994140625,
        "min": 0.021484375,
        "var": 0.0028792032972
    },
    "barkbands": {
        "dmean": [6.17776458967e-06, 3.69707777281e-07, 3.65276832781e-07, 6.52084622743e-07, 4.47383263236e-06, 2.82365344901e-05, 5.68378236494e-05, 7.88964098319e-05, 8.62655797391e-05, 4.66816345579e-05, 8.16073807073e-05, 0.000114681046398, 0.000111992078018, 0.000162513941177, 0.000138227158459, 0.000161935313372, 0.000218653600314, 0.000353284180164, 0.000261348235654, 0.000170424347743, 7.58287424105e-05, 3.72493559553e-05, 3.49271358573e-05, 0.00012412549404, 0.000143469325849, 2.81342272501e-05, 7.55915334594e-06],
        "dmean2": [1.06302586573e-05, 5.91377499859e-07, 6.35914148006e-07, 1.03783952454e-06, 7.25247036826e-06, 4.7275389079e-05, 8.80890074768e-05, 0.000132989080157, 0.000147491009557, 7.4609190051e-05, 0.000137042137794, 0.000193836298422, 0.000174092900124, 0.000276982231298, 0.000211044331081, 0.000272516830591, 0.000311170850182, 0.000566888367757, 0.000404850405175, 0.000240197157837, 0.000101973011624, 6.04387241765e-05, 6.08126756561e-05, 0.000199209025595, 0.000195486703888, 4.09881868109e-05, 1.1297810488e-05],
        "dvar": [6.97918736692e-11, 1.2819507554e-13, 7.48734977013e-14, 4.28158241283e-13, 4.29416398273e-11, 1.09863429465e-09, 1.08061204429e-08, 1.92113809305e-08, 1.72332867976e-08, 2.55886045686e-09, 1.18101031177e-08, 1.68695635239e-08, 1.09066631282e-08, 3.51283091504e-08, 3.91493344409e-08, 4.60404976366e-08, 1.09059953957e-07, 3.4439386809e-07, 2.66353310963e-07, 1.1559644264e-07, 1.35771873744e-08, 5.02133490343e-09, 5.11255704438e-09, 5.46876890439e-08, 4.31213464935e-08, 1.62976221407e-09, 1.56190671508e-10],
        "dvar2": [2.08326564333e-10, 3.15696877277e-13, 2.45737187109e-13, 1.07221816061e-12, 1.08430896206e-10, 3.03444380734e-09, 2.06199075592e-08, 3.0900885406e-08, 3.71075223882e-08, 6.33882502044e-09, 3.41438095575e-08, 4.3444163822e-08, 2.92912805122e-08, 9.38865767353e-08, 1.13663944035e-07, 1.20939489534e-07, 2.47631646744e-07, 9.01582325241e-07, 6.25185123226e-07, 3.17804762062e-07, 2.70868962815e-08, 1.43656935236e-08, 1.34028423915e-08, 1.48544657463e-07, 1.04779878995e-07, 3.77706177446e-09, 3.35058425449e-10],
        "max": [5.00108435517e-05, 2.89396507469e-06, 1.72423244749e-06, 4.65317089038e-06, 5.36676998308e-05, 0.000230435471167, 0.00112379156053, 0.0012335133506, 0.00104714045301, 0.000390689936467, 0.000687050167471, 0.000933465722483, 0.000803487200756, 0.0011290917173, 0.00156748760492, 0.0016962941736, 0.00319792283699, 0.00538345333189, 0.00532498164102, 0.00361345522106, 0.00146584247705, 0.000663189741317, 0.00078224495519, 0.00238216063008, 0.00235807546414, 0.000466866331408, 0.000188889942365],
        "mean": [5.79366360398e-06, 6.32423621028e-07, 4.09278044344e-07, 8.29215707654e-07, 5.67145434616e-06, 4.69851620437e-05, 7.84756266512e-05, 0.000102621328551, 0.000125305188703, 7.81799390097e-05, 0.000125506776385, 0.00018672645092, 0.000218659493839, 0.00029807392275, 0.000278792169411, 0.000349577952875, 0.000509246077854, 0.000883653119672, 0.000744095188566, 0.000499450718053, 0.000286383816274, 0.000109984721348, 0.000140323492815, 0.000412618159316, 0.000521155889146, 0.000105826715298, 4.50692277809e-05],
        "median": [2.73025034403e-06, 5.28912437403e-07, 2.98242696317e-07, 6.39547522496e-07, 3.38579184245e-06, 2.23809256568e-05, 2.57692372543e-05, 5.37030755368e-05, 8.1971855252e-05, 5.33357742825e-05, 7.04959820723e-05, 0.000125500606373, 0.00018279379583, 0.000192438033991, 0.000210368336411, 0.000240753346588, 0.00020385980315, 0.000250089680776, 0.000159284143592, 9.28044682951e-05, 8.33538870211e-05, 2.55412469414e-05, 3.43242172676e-05, 0.000125804042909, 0.000182026618859, 5.34868559043e-05, 1.95456759684e-05],
        "min": [7.65277263781e-08, 5.27758885482e-08, 1.77493504339e-08, 2.21285141322e-08, 2.81490581955e-08, 3.33627490079e-08, 1.69200561118e-07, 1.87713837363e-07, 1.02901607235e-08, 3.77307998178e-07, 1.34131255436e-07, 2.78108387874e-07, 4.04805092558e-07, 1.0537817019e-07, 8.4487773222e-08, 1.66589316564e-07, 1.161110319e-07, 3.30998446429e-08, 8.56369979374e-08, 9.50895966412e-08, 3.44886608161e-08, 7.44146300136e-09, 9.61956914125e-09, 7.80628983676e-09, 1.7964685739e-08, 5.57757662278e-09, 2.01804475353e-08],
        "var": [6.41355371589e-11, 2.16794206827e-13, 1.14403197202e-13, 7.29259534704e-13, 5.37252187183e-11, 2.78311373947e-09, 2.71601070523e-08, 3.23859836726e-08, 2.53340566303e-08, 4.50936976648e-09, 1.71887410971e-08, 3.40206796068e-08, 3.71656909692e-08, 8.48539443155e-08, 8.09189089068e-08, 1.4651118363e-07, 5.4360316426e-07, 1.89004322237e-06, 1.41688826716e-06, 6.63483035623e-07, 1.76909239258e-07, 2.84433099296e-08, 4.38494929256e-08, 3.65767192534e-07, 5.09910250912e-07, 1.73670873238e-08, 3.06339176248e-09]
    },
    "erbbands": {
        "dmean": [3.49257170456e-05, 4.73362670164e-05, 0.00026718803565, 0.00134818989318, 0.00593482796103, 0.0179950371385, 0.0613748244941, 0.279474943876, 0.849192380905, 1.44932031631, 1.01234936714, 2.30152177811, 1.72953391075, 1.1892375946, 4.21069288254, 4.50880479813, 4.25787067413, 9.27860069275, 4.8590760231, 6.76074409485, 9.54059886932, 10.9283790588, 17.2662849426, 20.0813293457, 10.1990270615, 8.26679706573, 4.00434732437, 4.03375864029, 1.43386912346, 1.05133736134, 1.31092083454, 2.69222044945, 2.22249484062, 1.6532946825, 1.12156879902, 0.204255312681, 0.0344935804605, 0.00859573762864, 0.0012491797097, 9.46951913647e-05],
        "dmean2": [5.87060967518e-05, 7.053243462e-05, 0.000459375645733, 0.00218561687507, 0.0101805338636, 0.0313648991287, 0.105751827359, 0.46780705452, 1.30424726009, 2.14483618736, 1.70026469231, 3.87609100342, 2.8367960453, 1.72892999649, 7.15327310562, 7.75322389603, 6.55387163162, 16.1189537048, 7.45141029358, 10.2889022827, 14.6559000015, 15.7613334656, 24.9804668427, 28.2554512024, 13.1457242966, 13.2136096954, 6.17304420471, 6.16205310822, 2.26683044434, 1.82199406624, 2.24651122093, 4.39292097092, 3.54849648476, 2.284324646, 1.63612222672, 0.289364337921, 0.0458748526871, 0.0143687231466, 0.00181696400978, 0.00013380056771],
        "dvar": [1.07009079375e-09, 1.83645276763e-09, 3.60491370088e-08, 1.23907898342e-06, 6.88356522005e-05, 0.00127344427165, 0.00379760772921, 0.113674029708, 2.74062728882, 6.02188110352, 1.66973567009, 15.8509521484, 3.95564413071, 2.1088373661, 27.940202713, 27.3938484192, 19.5131053925, 106.836090088, 29.921661377, 91.975692749, 159.099868774, 283.141540527, 822.864868164, 1196.67004395, 272.013458252, 302.167694092, 61.7480621338, 53.4399833679, 5.9968829155, 5.22258281708, 6.73582410812, 28.3264083862, 13.4687786102, 6.83104515076, 3.26721429825, 0.0753511711955, 0.00207051262259, 0.000234954364714, 3.37770552505e-06, 1.64328231023e-08],
        "dvar2": [3.00955882437e-09, 4.24412416322e-09, 1.11893477595e-07, 2.97138626593e-06, 0.000159622300998, 0.00344307301566, 0.0104605145752, 0.26980599761, 4.62325239182, 8.75784301758, 3.76473450661, 34.5348815918, 10.3901128769, 4.70688962936, 83.6492843628, 63.8831291199, 52.7828788757, 296.538665771, 79.3790359497, 234.331939697, 477.622009277, 573.923034668, 1986.69396973, 2854.35131836, 567.830566406, 798.071166992, 189.025878906, 113.872070312, 17.3273162842, 15.3020515442, 18.8487529755, 78.6638565063, 39.5292129517, 15.9951181412, 8.40369796753, 0.15443187952, 0.00526457605883, 0.000582152570132, 7.10442600393e-06, 3.20327089298e-08],
        "max": [0.000266913615633, 0.000364988780348, 0.00117031659465, 0.00791915785521, 0.0636880025268, 0.283364713192, 0.406678140163, 2.42789983749, 16.7415294647, 26.7597885132, 8.99749851227, 32.3964767456, 13.2113485336, 15.4693174362, 29.6653022766, 45.1942367554, 35.198387146, 62.5849456787, 49.8804893494, 87.4231948853, 107.303024292, 178.216064453, 233.800292969, 330.969390869, 206.124679565, 181.744567871, 82.4268188477, 70.1756286621, 23.9177360535, 22.5477809906, 28.3200321198, 49.546787262, 36.9644966125, 29.0642642975, 20.3451499939, 3.74628257751, 0.59951788187, 0.150812968612, 0.0344051942229, 0.00222954689525],
        "mean": [5.16795262229e-05, 7.49224927858e-05, 0.000347797118593, 0.00189756427426, 0.00717495242134, 0.0212666969746, 0.087012887001, 0.487222731113, 1.19790291786, 2.02194595337, 1.52700793743, 3.146951437, 2.60422325134, 2.56083321571, 6.85600709915, 8.62335586548, 9.84435272217, 16.1986198425, 11.7436990738, 17.5490760803, 20.9654827118, 28.8535480499, 44.3161392212, 48.2003364563, 31.4330596924, 24.4995250702, 10.7242851257, 12.3072605133, 4.36924171448, 3.18490672112, 4.52411270142, 7.94068050385, 6.90452671051, 6.00239992142, 3.51879549026, 0.842119157314, 0.128621786833, 0.0324871093035, 0.00717497849837, 0.000493909115903],
        "median": [4.12097360822e-05, 5.5000789871e-05, 0.000277116254438, 0.00142246496398, 0.00482643488795, 0.011888820678, 0.0574933849275, 0.199489951134, 0.394735306501, 1.00561916828, 1.05917978287, 1.67869114876, 1.93671214581, 1.98781979084, 4.1586432457, 5.82373714447, 8.05026721954, 11.3267087936, 10.2389030457, 13.3338327408, 13.8532981873, 11.5588006973, 14.9921474457, 11.6932458878, 6.21095275879, 4.79231548309, 2.9299902916, 3.55803132057, 1.15095412731, 0.548076212406, 1.12566399574, 2.18410873413, 2.16119027138, 1.81519985199, 1.41934394836, 0.4227668643, 0.0677089095116, 0.0147421145812, 0.00351936207153, 0.000232317383052],
        "min": [2.63593256022e-06, 8.34001457406e-06, 2.14083811443e-05, 5.44183785678e-05, 9.6422387287e-05, 8.51660151966e-05, 0.000154174864292, 0.000326202862198, 0.00137883878779, 0.00455385353416, 0.00268529960886, 0.000404971768148, 0.00470637902617, 0.0148798683658, 0.00411073211581, 0.0136103508994, 0.0199123807251, 0.00700917560607, 0.00583022786304, 0.0037178832572, 0.0108525184914, 0.00596004538238, 0.00222365371883, 0.00381149747409, 0.00459893327206, 0.00413124961779, 0.00219128490426, 0.000647642475087, 0.000294934929116, 0.000197546702111, 0.000338784011547, 0.000199493573746, 0.000127911975142, 0.000225917538046, 0.000101239056676, 2.06801269087e-05, 1.14933691293e-05, 6.10220740782e-06, 2.05840228773e-06, 3.61318512887e-07],
        "var": [1.7023424892e-09, 3.25715077132e-09, 6.24378273528e-08, 2.63942615675e-06, 7.67759629525e-05, 0.00113986711949, 0.00664527527988, 0.360763728619, 6.36190605164, 15.6816577911, 2.57694745064, 23.355928421, 5.48571062088, 4.97640895844, 46.8858566284, 63.5226974487, 68.5404129028, 251.645126343, 100.205993652, 310.766265869, 560.041503906, 1697.23803711, 4571.68847656, 6150.08300781, 2419.99194336, 1636.98352051, 282.144317627, 352.792724609, 43.7599754333, 24.4567661285, 47.0005645752, 145.438339233, 95.5906448364, 73.2634963989, 23.0927009583, 1.12527251244, 0.024350579828, 0.0016952464357, 7.80072587077e-05, 3.61312146424e-07]
    },
    "gfcc": {
        "mean": [-67.5240402222, -46.8503837585, -166.058288574, -24.3704910278, -63.3349380493, -1.0338139534, -45.1484794617, 17.2294998169, -24.0659427643, 9.73414993286, -2.66339445114, 0.0896177813411, -4.62126970291],
        "cov": [[6729.22509766, -3183.46435547, -783.055114746, 498.26953125, -378.857940674, -183.839782715, -729.753967285, 240.513458252, -134.123260498, 209.899475098, 77.2697906494, 44.903011322, -217.10357666], [-3183.46435547, 1861.37634277, 369.822540283, -350.129547119, 169.110610962, 66.8709335327, 367.913513184, -153.498123169, 56.8366355896, -102.181587219, -32.0607223511, 1.94005095959, 141.403411865], [-783.055114746, 369.822540283, 147.395507812, -47.5074272156, 24.3117809296, 17.1203231812, 83.9343414307, -29.4099960327, 9.47761154175, -43.1465454102, -8.54823589325, -13.4643192291, 22.2330493927], [498.26953125, -350.129547119, -47.5074272156, 217.734619141, -4.78183269501, -26.5095596313, -33.5309677124, -16.8192844391, -22.513212204, -26.1415176392, 37.5673217773, -5.23920917511, -8.03555107117], [-378.857940674, 169.110610962, 24.3117809296, -4.78183269501, 92.4623260498, 27.4609451294, 43.9701766968, -14.0818223953, -5.80570888519, -14.7075557709, -23.0582923889, -1.16263365746, 15.4981956482], [-183.839782715, 66.8709335327, 17.1203231812, -26.5095596313, 27.4609451294, 60.2935218811, 41.4940223694, 23.7822856903, 15.1464166641, 2.62924003601, -25.4343833923, -19.4415168762, -6.29892492294], [-729.753967285, 367.913513184, 83.9343414307, -33.5309677124, 43.9701766968, 41.4940223694, 134.877059937, -7.68149662018, 30.5183315277, -32.3361663818, -14.4653024673, -15.424785614, 19.1178894043], [240.513458252, -153.498123169, -29.4099960327, -16.8192844391, -14.0818223953, 23.7822856903, -7.68149662018, 73.1807403564, 24.2072162628, 29.5362091064, -26.8547954559, -18.3492298126, -32.693561554], [-134.123260498, 56.8366355896, 9.47761154175, -22.513212204, -5.80570888519, 15.1464166641, 30.5183315277, 24.2072162628, 51.3034133911, 19.4027442932, -2.81773138046, -16.316198349, -8.39027404785], [209.899475098, -102.181587219, -43.1465454102, -26.1415176392, -14.7075557709, 2.62924003601, -32.3361663818, 29.5362091064, 19.4027442932, 61.1372756958, 14.0316781998, 8.2860584259, -14.3704032898], [77.2697906494, -32.0607223511, -8.54823589325, 37.5673217773, -23.0582923889, -25.4343833923, -14.4653024673, -26.8547954559, -2.81773138046, 14.0316781998, 63.7819328308, 31.2808971405, 18.3465213776], [44.903011322, 1.94005095959, -13.4643192291, -5.23920917511, -1.16263365746, -19.4415168762, -15.424785614, -18.3492298126, -16.316198349, 8.2860584259, 31.2808971405, 47.5852165222, 21.3928833008], [-217.10357666, 141.403411865, 22.2330493927, -8.03555107117, 15.4981956482, -6.29892492294, 19.1178894043, -32.693561554, -8.39027404785, -14.3704032898, 18.3465213776, 21.3928833008, 39.7564048767]],
        "icov": [[0.00143291358836, 0.000966637511738, 0.00331376795657, -0.000616235833149, 0.0023193557281, -1.99922196771e-05, 0.00194662041031, -0.00160349055659, 0.00136235228274, 0.000597902515437, 0.000221296868403, -0.00011221186287, -0.000291019008728], [0.000966637511738, 0.00949282944202, -0.00327879749238, 0.0114480666816, -0.00433670915663, 0.00619006482884, -0.0139494929463, 0.0120494617149, -0.000948234752286, -0.00175291358028, -0.00089477642905, 0.00607942044735, -0.00874144863337], [0.00331376795657, -0.00327879749238, 0.0261493362486, -0.00348067632876, 0.0075794053264, -0.00355004216544, 0.00880735833198, -0.0105745177716, 0.00406359694898, 0.0129349175841, -0.00675835367292, 0.0028171215672, 0.00511843757704], [-0.000616235833149, 0.0114480666816, -0.00348067632876, 0.0274933893234, -0.0150870224461, 0.00988402310759, -0.0191264208406, 0.0135514419526, -0.00179374485742, 0.0112966196612, -0.0200921278447, 0.017934827134, -0.0054647824727], [0.0023193557281, -0.00433670915663, 0.0075794053264, -0.0150870224461, 0.02976905182, -0.0108367512003, 0.00659933872521, -0.00160879257601, 0.00699424324557, -0.0105245951563, 0.021716222167, -0.0125892655924, -0.002591393888], [-1.99922196771e-05, 0.00619006482884, -0.00355004216544, 0.00988402310759, -0.0108367512003, 0.0374357439578, -0.0203667245805, -0.00115998403635, 0.00473014032468, -0.00793274492025, -1.71474293893e-05, 0.0149044226855, -0.00902819540352], [0.00194662041031, -0.0139494929463, 0.00880735833198, -0.0191264208406, 0.00659933872521, -0.0203667245805, 0.0518631674349, -0.0271348506212, -0.0104074263945, 0.0198951661587, -0.00472069391981, -0.0120423976332, 0.0120537355542], [-0.00160349055659, 0.0120494617149, -0.0105745177716, 0.0135514419526, -0.00160879257601, -0.00115998403635, -0.0271348506212, 0.0611975006759, -0.0140049615875, -0.0199178978801, 0.0216439459473, -0.00273251160979, 0.00218385178596], [0.00136235228274, -0.000948234752286, 0.00406359694898, -0.00179374485742, 0.00699424324557, 0.00473014032468, -0.0104074263945, -0.0140049615875, 0.0462360754609, -0.0180311780423, -0.00590348709375, 0.0176337212324, -0.00383640779182], [0.000597902515437, -0.00175291358028, 0.0129349175841, 0.0112966196612, -0.0105245951563, -0.00793274492025, 0.0198951661587, -0.0199178978801, -0.0180311780423, 0.0614758320153, -0.0360126383603, -0.00124399946071, 0.0171528533101], [0.000221296868403, -0.00089477642905, -0.00675835367292, -0.0200921278447, 0.021716222167, -1.71474293893e-05, -0.00472069391981, 0.0216439459473, -0.00590348709375, -0.0360126383603, 0.0689780414104, -0.032179005444, -0.0130690895021], [-0.00011221186287, 0.00607942044735, 0.0028171215672, 0.017934827134, -0.0125892655924, 0.0149044226855, -0.0120423976332, -0.00273251160979, 0.0176337212324, -0.00124399946071, -0.032179005444, 0.0632547959685, -0.0252890475094], [-0.000291019008728, -0.00874144863337, 0.00511843757704, -0.0054647824727, -0.002591393888, -0.00902819540352, 0.0120537355542, 0.00218385178596, -0.00383640779182, 0.0171528533101, -0.0130690895021, -0.0252890475094, 0.071296967566]]
    },
    "melbands": {
        "dmean": [4.41624962377e-07, 1.08901843987e-07, 2.93609247137e-07, 8.47960791361e-07, 1.71565704932e-06, 6.91207515047e-06, 1.16501896628e-05, 1.80930692295e-05, 8.60229192767e-06, 1.38488867378e-05, 8.4311250248e-06, 5.03777755512e-06, 1.2820442862e-05, 1.43982961163e-05, 1.25406995721e-05, 9.1342280939e-06, 1.95709453692e-05, 7.82711231295e-06, 1.12292527774e-05, 1.07914283944e-05, 1.2065739611e-05, 1.17058370961e-05, 1.57316389959e-05, 1.61076568475e-05, 1.77205274667e-05, 1.04901346276e-05, 6.87522879161e-06, 5.89828505326e-06, 3.15087163472e-06, 2.4306357318e-06, 2.370927632e-06, 8.5087754087e-07, 7.06845696641e-07, 6.42051816158e-07, 7.26064797618e-07, 1.44521072798e-06, 1.74690649146e-06, 1.56303428867e-06, 1.66495556186e-06, 1.47487503455e-06],
        "dmean2": [7.58644148391e-07, 1.82653721481e-07, 4.5236734536e-07, 1.42932117342e-06, 3.02962985188e-06, 1.10185610538e-05, 1.78240770765e-05, 2.81268330582e-05, 1.45195253936e-05, 2.33198497881e-05, 1.38400155265e-05, 7.63886873756e-06, 2.15275977098e-05, 2.44430284511e-05, 2.05372634809e-05, 1.44057503348e-05, 3.48477697116e-05, 1.19253518278e-05, 1.72705167643e-05, 1.73499392986e-05, 1.86634806596e-05, 1.66650843312e-05, 2.31910744333e-05, 2.710102126e-05, 2.60491451627e-05, 1.57415415742e-05, 9.95865048026e-06, 9.74557951849e-06, 5.05500202053e-06, 3.89292381442e-06, 3.78897402697e-06, 1.37625409025e-06, 1.22090978039e-06, 1.08583287783e-06, 1.26763973185e-06, 2.41905081566e-06, 2.9593452382e-06, 2.43553154178e-06, 2.8323108836e-06, 2.24808468374e-06],
        "dvar": [2.30474331026e-13, 5.77866925386e-15, 6.36784123153e-14, 2.89613276937e-12, 2.99869113915e-12, 7.07647274112e-11, 4.77500927687e-10, 9.64903934531e-10, 9.70004840339e-11, 5.32142996335e-10, 9.07241920478e-11, 4.25327238707e-11, 2.64539667949e-10, 2.9617638897e-10, 2.46848708141e-10, 7.53259815633e-11, 5.30701538271e-10, 6.48756881549e-11, 3.01021513271e-10, 1.62541369253e-10, 2.78911616025e-10, 3.75635605954e-10, 6.51289966402e-10, 8.87140805261e-10, 9.53621959177e-10, 3.27339294559e-10, 1.39093181417e-10, 2.02737132637e-10, 6.29875526736e-11, 1.27722268525e-11, 2.18444325129e-11, 2.0936605314e-12, 2.47969483488e-12, 1.65592984203e-12, 2.64599540195e-12, 7.33500152977e-12, 1.26094074418e-11, 8.06040390683e-12, 7.15106619753e-12, 6.24493859402e-12],
        "dvar2": [6.68404134124e-13, 1.7855529067e-14, 1.73028041547e-13, 7.543660141e-12, 7.72348591332e-12, 1.70880115613e-10, 8.18658196788e-10, 1.39799394283e-09, 2.28857349738e-10, 1.17806631117e-09, 2.4150070832e-10, 9.83966588763e-11, 7.80209619133e-10, 8.16820555638e-10, 6.52444431815e-10, 1.79495446284e-10, 1.49668466509e-09, 1.7464613089e-10, 8.61763493898e-10, 4.24957291578e-10, 8.68542626709e-10, 8.08410838271e-10, 1.66604052776e-09, 1.99140481882e-09, 2.32714469917e-09, 7.87936382807e-10, 2.83439161031e-10, 5.56089008175e-10, 1.98321040146e-10, 3.33089944515e-11, 4.7968389677e-11, 6.03083988998e-12, 7.18747153808e-12, 4.93941606367e-12, 7.06551310514e-12, 2.12316657311e-11, 3.36676068968e-11, 2.20310991672e-11, 1.96582264356e-11, 1.32727474844e-11],
        "max": [3.27030670633e-06, 4.54795042515e-07, 1.95209099729e-06, 1.3949458662e-05, 1.22448500406e-05, 7.71909253672e-05, 0.000225900075748, 0.000317685684422, 5.89090195717e-05, 0.000189223748748, 6.28211273579e-05, 6.42858067295e-05, 9.87301682471e-05, 0.00010657387611, 0.000124269223306, 6.69018627377e-05, 0.000125208345708, 5.96925565333e-05, 0.000136665155878, 0.000102826772491, 0.000130574379, 0.000206772092497, 0.00024455881794, 0.00025334363454, 0.00027931338991, 0.000170794824953, 0.000125347229186, 0.00013890991977, 7.21241740393e-05, 3.48888315784e-05, 4.23975579906e-05, 1.52865814016e-05, 1.43653151099e-05, 1.14411304821e-05, 1.67337566381e-05, 2.31437788898e-05, 3.27640336764e-05, 2.4047882107e-05, 2.63256933977e-05, 2.47486041189e-05],
        "mean": [5.86122098412e-07, 1.50856280356e-07, 4.23266811822e-07, 9.58791815719e-07, 2.42794362748e-06, 1.19835822261e-05, 1.68310525623e-05, 2.40204244619e-05, 1.28289202621e-05, 1.93901196326e-05, 1.22187129818e-05, 9.22377239476e-06, 1.93752293853e-05, 2.37972308241e-05, 2.21664595301e-05, 2.11197075259e-05, 3.1673018384e-05, 1.66657482623e-05, 2.27594391617e-05, 2.44946731982e-05, 2.424889135e-05, 2.74459525826e-05, 3.7799920392e-05, 4.16714610765e-05, 3.96283794544e-05, 2.51891033258e-05, 1.93714822672e-05, 1.56309597514e-05, 6.71633142701e-06, 6.69311293677e-06, 6.82432437316e-06, 2.45349724537e-06, 1.67775704085e-06, 1.76530068074e-06, 2.20694255404e-06, 3.81411109629e-06, 5.24796314494e-06, 4.73410545965e-06, 4.94236655868e-06, 5.17669650435e-06],
        "median": [4.2581095272e-07, 1.18154360962e-07, 3.14986777994e-07, 5.79689753977e-07, 1.49169295582e-06, 4.65252196591e-06, 5.92352807871e-06, 1.27709045046e-05, 8.59955071064e-06, 1.18161515275e-05, 9.00896975509e-06, 6.78106243868e-06, 1.1264684872e-05, 1.53769451572e-05, 1.66263307619e-05, 1.92613279069e-05, 2.16450116568e-05, 1.4787930013e-05, 1.68439182744e-05, 1.81556733878e-05, 1.56665300892e-05, 1.22611872939e-05, 1.15437096611e-05, 1.26822842503e-05, 8.82588392415e-06, 4.68930011266e-06, 4.00024737246e-06, 2.97993460663e-06, 1.50767596097e-06, 1.92721358871e-06, 1.85279077414e-06, 6.2509906229e-07, 3.66362996829e-07, 2.4917235919e-07, 4.36154380168e-07, 1.15135878787e-06, 1.34551100928e-06, 1.35768073051e-06, 1.74447359313e-06, 1.57329634476e-06],
        "min": [2.2749965467e-08, 1.11414815152e-08, 1.07797362148e-08, 6.85306877912e-09, 4.83414996921e-09, 7.16083103924e-09, 2.48539855363e-08, 5.15279836577e-08, 1.70526774923e-08, 1.35718880578e-09, 2.53715839449e-08, 6.38832133859e-08, 1.34560895759e-08, 2.53888821078e-08, 4.72040611044e-08, 3.41202621712e-08, 1.08986935032e-08, 9.91197257605e-09, 4.2856482807e-09, 8.48100878414e-09, 1.34253443917e-08, 7.61211182976e-09, 2.39431963145e-09, 1.13560072457e-09, 3.40578121261e-09, 2.84225709635e-09, 4.6726835734e-09, 2.03332573001e-09, 1.27999821853e-09, 8.55773563124e-10, 2.75514722148e-10, 1.59189147975e-10, 1.33991998053e-10, 9.03520105955e-11, 2.21889701058e-10, 1.14378714833e-10, 1.36160471786e-10, 7.55242257622e-11, 1.01243728678e-10, 2.39797237622e-10],
        "var": [2.95719422257e-13, 1.0242472323e-14, 1.26873487302e-13, 2.62108065287e-12, 5.4883020871e-12, 2.37137809389e-10, 1.17888110385e-09, 2.13980566599e-09, 1.47412623774e-10, 7.78049680239e-10, 1.20722210006e-10, 7.85245340973e-11, 4.04703798251e-10, 5.60711865827e-10, 5.13391662516e-10, 2.95477697865e-10, 1.05773034775e-09, 2.01612893047e-10, 6.00905214476e-10, 6.33420926821e-10, 8.15309597613e-10, 1.54621326853e-09, 3.3620586315e-09, 4.34114211245e-09, 4.2670906808e-09, 1.65204594449e-09, 9.71401292738e-10, 7.33107796691e-10, 1.36424413433e-10, 8.85087628189e-11, 1.19217802297e-10, 1.46826995007e-11, 7.35647567168e-12, 7.61076097977e-12, 1.22764116581e-11, 3.21600905628e-11, 6.57848775454e-11, 4.77522257847e-11, 4.64330518479e-11, 5.69495839375e-11]
    },
    "mfcc": {
        "mean": [-704.910888672, 24.2114448547, -57.4551467896, -26.3650417328, -8.50017356873, -26.0521678925, -1.91331064701, -10.8615131378, -4.36790370941, -0.403110295534, 2.63821840286, 8.01250076294, 0.991720676422],
        "cov": [[7176.19287109, -3216.55981445, -647.51171875, 151.18927002, 190.554794312, -531.03515625, -284.848388672, -298.724945068, -314.383453369, -83.0343475342, 88.82447052, 172.819458008, -97.4659500122], [-3216.55981445, 1905.94995117, 224.153152466, -154.463104248, -135.215805054, 224.03515625, 122.071723938, 102.429336548, 167.607254028, 13.3349895477, -52.5286636353, -80.8284301758, 31.1415576935], [-647.51171875, 224.153152466, 149.076828003, 10.7371606827, -35.8808822632, 36.0331764221, 24.1915225983, 32.0713157654, 2.8554019928, 12.1831407547, -14.3015460968, -22.7250537872, 15.9543323517], [151.18927002, -154.463104248, 10.7371606827, 126.210197449, 20.5862560272, 12.4425907135, 15.9873008728, 9.22529220581, -35.2870025635, -25.1260929108, -28.3551044464, -9.35281944275, 12.0520524979], [190.554794312, -135.215805054, -35.8808822632, 20.5862560272, 60.8294219971, 2.61141705513, -0.333539932966, -12.9614315033, -2.66699171066, -1.23884153366, -6.82226276398, 2.25936722755, -6.23000907898], [-531.03515625, 224.03515625, 36.0331764221, 12.4425907135, 2.61141705513, 79.6842422485, 41.6347885132, 29.7855033875, 26.203420639, 3.23434305191, -13.3304347992, -10.9654579163, 5.58223152161], [-284.848388672, 122.071723938, 24.1915225983, 15.9873008728, -0.333539932966, 41.6347885132, 50.9759864807, 28.7874622345, 16.9945602417, -1.78551876545, -14.5846939087, -5.42662000656, -1.67633450031], [-298.724945068, 102.429336548, 32.0713157654, 9.22529220581, -12.9614315033, 29.7855033875, 28.7874622345, 57.8764915466, 34.6687889099, 12.2666139603, 2.26206588745, -14.7974281311, -2.21452569962], [-314.383453369, 167.607254028, 2.8554019928, -35.2870025635, -2.66699171066, 26.203420639, 16.9945602417, 34.6687889099, 76.423789978, 40.106338501, 25.0283908844, -1.38756418228, -18.7877368927], [-83.0343475342, 13.3349895477, 12.1831407547, -25.1260929108, -1.23884153366, 3.23434305191, -1.78551876545, 12.2666139603, 40.106338501, 55.4339027405, 36.6725616455, 6.18992519379, -11.7329397202], [88.82447052, -52.5286636353, -14.3015460968, -28.3551044464, -6.82226276398, -13.3304347992, -14.5846939087, 2.26206588745, 25.0283908844, 36.6725616455, 52.7383422852, 19.2784538269, -8.44733428955], [172.819458008, -80.8284301758, -22.7250537872, -9.35281944275, 2.25936722755, -10.9654579163, -5.42662000656, -14.7974281311, -1.38756418228, 6.18992519379, 19.2784538269, 41.1232337952, 9.55732059479], [-97.4659500122, 31.1415576935, 15.9543323517, 12.0520524979, -6.23000907898, 5.58223152161, -1.67633450031, -2.21452569962, -18.7877368927, -11.7329397202, -8.44733428955, 9.55732059479, 36.3422050476]],
