{
"lowlevel": {
    "average_loudness": 0.901721596718,
    "barkbands_crest": {
        "dmean": 1.066442132,
        "dmean2": 1.41791903973,
        "dvar": 2.47914624214,
        "dvar2": 4.59796333313,
        "max": 26.8976535797,
        "mean": 22.6071224213,
        "median": 25.9712696075,
        "min": 7.50380373001,
        "var": 28.8033370972
    },
    "barkbands_flatness_db": {
        "dmean": 0.0175102967769,
        "dmean2": 0.0234617162496,
        "dvar": 0.000514699204359,
        "dvar2": 0.000568206480239,
        "max": 0.589487791061,
        "mean": 0.447477757931,
        "median": 0.478980273008,
        "min": 0.086921364069,
        "var": 0.013929287903
    },
    "barkbands_kurtosis": {
        "dmean": 346.835876465,
        "dmean2": 529.370788574,
        "dvar": 289511.78125,
        "dvar2": 754641,
        "max": 4517.09667969,
        "mean": 1077.70959473,
        "median": 109.010894775,
        "min": 4.59580945969,
        "var": 1778201.125
    },
    "barkbands_skewness": {
        "dmean": 4.00298881531,
        "dmean2": 5.86857128143,
        "dvar": 22.2668972015,
        "dvar2": 60.516872406,
        "max": 54.0850257874,
        "mean": 19.2161312103,
        "median": 8.96945381165,
        "min": -0.467581510544,
        "var": 325.400726318
    },
    "barkbands_spread": {
        "dmean": 0.632277190685,
        "dmean2": 0.720668494701,
        "dvar": 2.00144338608,
        "dvar2": 2.45312595367,
        "max": 36.7244529724,
        "mean": 2.87200450897,
        "median": 0.33864492178,
        "min": 0.0397526584566,
        "var": 40.7942085266
    },
    "dissonance": {
        "dmean": 0.0314241200686,
        "dmean2": 0.0469629615545,
        "dvar": 0.0011678513838,
        "dvar2": 0.00284144515172,
        "max": 0.450500667095,
        "mean": 0.208123132586,
        "median": 0.185853675008,
        "min": 0.0838235020638,
        "var": 0.00693558482453
    },
    "dynamic_complexity": 9.01424217224,
    "erbbands_crest": {
        "dmean": 1.53092062473,
        "dmean2": 2.25278067589,
        "dvar": 6.00579118729,
        "dvar2": 12.8423833847,
        "max": 31.4030075073,
        "mean": 28.0396690369,
        "median": 30.6415634155,
        "min": 8.10035896301,
        "var": 21.3016929626
    },
    "erbbands_flatness_db": {
        "dmean": 0.0145629197359,
        "dmean2": 0.017131369561,
        "dvar": 0.000354607618647,
        "dvar2": 0.000401481549488,
        "max": 0.554365456104,
        "mean": 0.412875771523,
        "median": 0.442112267017,
        "min": 0.0818536356091,
        "var": 0.0122994063422
    },
    "erbbands_kurtosis": {
        "dmean": 19.067237854,
        "dmean2": 26.8690128326,
        "dvar": 363.224731445,
        "dvar2": 648.392944336,
        "max": 367.965881348,
        "mean": 113.044403076,
        "median": 113.519798279,
        "min": 1.27318286896,
        "var": 8678.29980469
    },
    "erbbands_skewness": {
        "dmean": 0.990307688713,
        "dmean2": 1.37758696079,
        "dvar": 0.604043960571,
        "dvar2": 1.55373358727,
        "max": 14.169678688,
        "mean": 6.40944862366,
        "median": 6.64112472534,
        "min": -0.274194478989,
        "var": 13.3681259155
    },
    "erbbands_spread": {
        "dmean": 0.707785606384,
        "dmean2": 0.650325119495,
        "dvar": 3.00952768326,
        "dvar2": 1.12270796299,
        "max": 41.6760292053,
        "mean": 2.66645860672,
        "median": 1.03893578053,
        "min": 0.307246565819,
        "var": 26.2838172913
    },
    "hfc": {
        "dmean": 0.400061875582,
        "dmean2": 0.393417239189,
        "dvar": 0.816878378391,
        "dvar2": 0.917427301407,
        "max": 18.2462615967,
        "mean": 2.56093049049,
        "median": 1.27517533302,
        "min": 0.000173665903276,
        "var": 15.4601573944
    },
    "melbands_crest": {
        "dmean": 1.21695590019,
        "dmean2": 1.52147388458,
        "dvar": 3.93543243408,
        "dvar2": 7.05419063568,
        "max": 32.9500579834,
        "mean": 27.7578983307,
        "median": 32.1614341736,
        "min": 9.43756771088,
        "var": 43.2467842102
    },
    "melbands_flatness_db": {
        "dmean": 0.0158664546907,
        "dmean2": 0.0201134569943,
        "dvar": 0.000564903661143,
        "dvar2": 0.000622978666797,
        "max": 0.710162460804,
        "mean": 0.557402908802,
        "median": 0.596271216869,
        "min": 0.187419474125,
        "var": 0.014169533737
    },
    "melbands_kurtosis": {
        "dmean": 27.8373355865,
        "dmean2": 38.885799408,
        "dvar": 1237.74035645,
        "dvar2": 2405.60522461,
        "max": 488.827606201,
        "mean": 83.2847824097,
        "median": 64.4833221436,
        "min": -0.865317344666,
        "var": 6960.32275391
    },
    "melbands_skewness": {
        "dmean": 1.09923052788,
        "dmean2": 1.64983570576,
        "dvar": 1.23257410526,
        "dvar2": 2.78399538994,
        "max": 11.760020256,
        "mean": 2.85916662216,
        "median": 2.6717941761,
        "min": -1.09356713295,
        "var": 4.43872594833
    },
    "melbands_spread": {
        "dmean": 0.247637748718,
        "dmean2": 0.298986107111,
        "dvar": 0.369742035866,
        "dvar2": 0.386766314507,
        "max": 11.7807826996,
        "mean": 0.940760672092,
        "median": 0.445586681366,
        "min": 0.192729651928,
        "var": 1.89639151096
    },
    "pitch_salience": {
        "dmean": 0.0535991936922,
        "dmean2": 0.0724952742457,
        "dvar": 0.00333964079618,
        "dvar2": 0.00749869644642,
        "max": 0.773541867733,
        "mean": 0.218810513616,
        "median": 0.172766029835,
        "min": 0.030826350674,
        "var": 0.0313633978367
    },
    "silence_rate_20dB": {
        "dmean": 0,
        "dmean2": 0,
        "dvar": 0,
        "dvar2": 0,
        "max": 1,
        "mean": 1,
        "median": 1,
        "min": 1,
        "var": 0
    },
    "silence_rate_30dB": {
        "dmean": 0,
        "dmean2": 0,
        "dvar": 0,
        "dvar2": 0,
        "max": 1,
        "mean": 1,
        "median": 1,
        "min": 1,
        "var": 0
    },
    "silence_rate_60dB": {
        "dmean": 0.0166666675359,
        "dmean2": 0.0252100843936,
        "dvar": 0.0163888689131,
        "dvar2": 0.0245745778084,
        "max": 1,
        "mean": 0.454545468092,
        "median": 0,
        "min": 0,
        "var": 0.247933521867
    },
    "spectral_centroid": {
        "dmean": 8.67899131775,
        "dmean2": 10.5361280441,
        "dvar": 248.087600708,
        "dvar2": 308.470977783,
        "max": 515.168823242,
        "mean": 337.677276611,
        "median": 366.470245361,
        "min": 195.065567017,
        "var": 3836.43652344
    },
    "spectral_complexity": {
        "dmean": 0.116666667163,
        "dmean2": 0.235294118524,
        "dvar": 0.119722053409,
        "dvar2": 0.280770748854,
        "max": 3,
        "mean": 1.20661151409,
        "median": 1,
        "min": 0,
        "var": 0.775492370129
    },
    "spectral_decrease": {
        "dmean": 4.06034789124e-10,
        "dmean2": 3.39920647185e-10,
        "dvar": 1.03692394079e-18,
        "dvar2": 6.17413399474e-19,
        "max": -1.97516665296e-14,
        "mean": -2.47827491862e-09,
        "median": -1.13490583598e-09,
        "min": -2.16173638989e-08,
        "var": 2.07816307604e-17
    },
    "spectral_energy": {
        "dmean": 0.00156527396757,
        "dmean2": 0.00131815567147,
        "dvar": 1.53379187395e-05,
        "dvar2": 9.23690549826e-06,
        "max": 0.0832272991538,
        "mean": 0.00958581827581,
        "median": 0.00443128449842,
        "min": 9.02995793695e-08,
        "var": 0.000308144080918
    },
    "spectral_energyband_high": {
        "dmean": 4.5839133378e-08,
        "dmean2": 6.83319143491e-08,
        "dvar": 1.96184739867e-14,
        "dvar2": 2.06145559336e-14,
        "max": 1.76277615083e-06,
        "mean": 2.84545450313e-07,
        "median": 2.41646603172e-07,
        "min": 4.77432360313e-09,
        "var": 2.64999238102e-14
    },
    "spectral_energyband_low": {
        "dmean": 1.29740528791e-05,
        "dmean2": 1.01815403468e-05,
        "dvar": 1.20501320033e-09,
        "dvar2": 6.41920128164e-10,
        "max": 0.000614604970906,
        "mean": 5.6848366512e-05,
        "median": 6.52225764952e-07,
        "min": 1.5611277604e-08,
        "var": 1.70960330337e-08
    },
    "spectral_energyband_middle_high": {
        "dmean": 8.7531373083e-07,
        "dmean2": 1.28697001855e-06,
        "dvar": 2.26168302836e-12,
        "dvar2": 4.37052390806e-12,
        "max": 1.78609734576e-05,
        "mean": 2.83691792902e-06,
        "median": 1.26042812099e-06,
        "min": 6.08043704275e-09,
        "var": 1.54128012436e-11
    },
    "spectral_energyband_middle_low": {
        "dmean": 0.00156545301434,
        "dmean2": 0.00131863006391,
        "dvar": 1.53386190505e-05,
        "dvar2": 9.24098549149e-06,
        "max": 0.0832203179598,
        "mean": 0.00958157889545,
        "median": 0.00442888308316,
        "min": 5.49265983807e-08,
        "var": 0.000308087357553
    },
    "spectral_entropy": {
        "dmean": 0.150369241834,
        "dmean2": 0.187893718481,
        "dvar": 0.0589122511446,
        "dvar2": 0.0603303909302,
        "max": 8.22338676453,
        "mean": 4.31133508682,
        "median": 3.98839426041,
        "min": 3.07178688049,
        "var": 1.35261499882
    },
    "spectral_flux": {
        "dmean": 0.00530043942854,
        "dmean2": 0.0078107714653,
        "dvar": 0.000104409533378,
        "dvar2": 0.000298442115309,
        "max": 0.0922967344522,
        "mean": 0.0112941293046,
        "median": 0.00397192686796,
        "min": 0.000609954353422,
        "var": 0.000304876943119
    },
    "spectral_kurtosis": {
        "dmean": 8.42515659332,
        "dmean2": 11.7849626541,
        "dvar": 125.994895935,
        "dvar2": 268.098937988,
        "max": 165.535842896,
        "mean": 68.9658279419,
        "median": 67.4223251343,
        "min": 2.65331745148,
        "var": 1957.93164062
    },
    "spectral_rms": {
        "dmean": 0.000175555571332,
        "dmean2": 0.000137104347232,
        "dvar": 8.74792078775e-08,
        "dvar2": 4.99052248415e-08,
        "max": 0.00901095848531,
        "mean": 0.00221955007873,
        "median": 0.00207923166454,
        "min": 9.38600805966e-06,
        "var": 4.42561622549e-06
    },
    "spectral_rolloff": {
        "dmean": 15.0732421875,
        "dmean2": 24.2474727631,
        "dvar": 3451.31665039,
        "dvar2": 4703.45263672,
        "max": 904.39453125,
        "mean": 365.352508545,
        "median": 387.59765625,
        "min": 193.798828125,
        "var": 5770.56738281
    },
    "spectral_skewness": {
        "dmean": 0.437002956867,
        "dmean2": 0.62366682291,
        "dvar": 0.335642009974,
        "dvar2": 0.553422689438,
        "max": 10.6855516434,
        "mean": 6.58865404129,
        "median": 6.87063694,
        "min": 1.88026106358,
        "var": 6.04809427261
    },
    "spectral_spread": {
        "dmean": 421008.59375,
        "dmean2": 480594.1875,
        "dvar": 1.76496823501e+12,
        "dvar2": 1.13473303347e+12,
        "max": 27168804,
        "mean": 3030875.5,
        "median": 1466405.125,
        "min": 703652.5,
        "var": 1.17971322143e+13
    },
    "spectral_strongpeak": {
        "dmean": 0.0936759263277,
        "dmean2": 0.126097247005,
        "dvar": 0.0382910855114,
        "dvar2": 0.0840388089418,
        "max": 2.70716810226,
        "mean": 0.653613448143,
        "median": 0.56585496664,
        "min": 0,
        "var": 0.332504242659
    },
    "zerocrossingrate": {
        "dmean": 0.00324300141074,
        "dmean2": 0.00397600466385,
        "dvar": 0.000114638802188,
        "dvar2": 0.000139818628668,
        "max": 0.15234375,
        "mean": 0.0276746507734,
        "median": 0.0166015625,
        "min": 0.00439453125,
        "var": 0.000802037073299
    },
    "barkbands": {
        "dmean": [6.59075055864e-07, 1.13797732126e-07, 3.11982716994e-07, 0.000382315076422, 0.00095292046899, 0.000947099295445, 1.05446442831e-05, 1.72503459908e-05, 1.18923128412e-06, 3.91965585322e-07, 2.44298917096e-07, 2.99784289837e-07, 1.86177160799e-07, 1.72427832013e-07, 3.89394642752e-07, 9.02916923451e-08, 8.28098762895e-08, 3.60828984469e-08, 1.69067941869e-08, 1.01059365321e-08, 5.7661817543e-09, 3.66603347679e-09, 3.7002017006e-09, 4.50975834454e-09, 4.87438223118e-09, 4.28392343821e-09, 2.99330551456e-08],
        "dmean2": [1.04121659206e-06, 1.66333848028e-07, 3.57927945061e-07, 0.000287592469249, 0.000884660112206, 0.00113846163731, 1.33506737257e-05, 2.73663026746e-05, 1.83324198133e-06, 5.85290365507e-07, 3.96696691496e-07, 4.73306300819e-07, 3.02739209701e-07, 3.04969233866e-07, 6.21206879714e-07, 1.43780823691e-07, 1.25076923041e-07, 5.47765495185e-08, 2.4454671177e-08, 1.54742192393e-08, 7.5450818926e-09, 4.86691931201e-09, 5.15224307662e-09, 5.68514213484e-09, 6.96953916801e-09, 6.3770655423e-09, 4.81586006629e-08],
        "dvar": [5.18182014225e-13, 2.31145723222e-13, 7.64168329309e-12, 1.43234638017e-06, 1.00142315205e-05, 5.16768614034e-06, 9.10058473025e-10, 1.76369963079e-09, 3.26242028184e-12, 6.85149853519e-13, 5.66609042671e-13, 3.15299354551e-13, 1.52344662493e-13, 1.4764568962e-13, 7.15935448946e-13, 4.93444125621e-14, 2.59211953253e-14, 7.23977948853e-15, 1.85349867101e-15, 1.00429869583e-15, 6.51337366796e-16, 4.33473901787e-16, 3.50928767602e-16, 3.1175974066e-16, 3.12725728797e-16, 2.40890690955e-16, 7.96067663032e-16],
        "dvar2": [1.21294781944e-12, 2.54761462577e-13, 7.67271836344e-12, 6.41395217826e-07, 5.91597836319e-06, 8.45999238663e-06, 1.31652155844e-09, 4.13732825777e-09, 8.45322509907e-12, 1.52241121185e-12, 1.51303719987e-12, 7.72150030547e-13, 4.10816481744e-13, 4.71097499118e-13, 1.57826583833e-12, 1.31709516882e-13, 4.85293263095e-14, 1.82834145366e-14, 3.1004825765e-15, 1.43063557742e-15, 6.934895379e-16, 4.4370492159e-16, 3.77374036188e-16, 3.36961670758e-16, 3.47261803155e-16, 2.52175155046e-16, 1.52028395637e-15],
        "max": [5.53626159672e-06, 5.28495229446e-06, 3.05110843328e-05, 0.0212689712644, 0.0515842102468, 0.028416575864, 0.000440618925495, 0.000314055621857, 1.64800039784e-05, 6.53302959108e-06, 5.76894808546e-06, 4.47272122983e-06, 4.12931603933e-06, 2.70622172138e-06, 9.58769487625e-06, 1.76685728093e-06, 1.6788976609e-06, 9.23083348425e-07, 3.81254267268e-07, 3.24350963865e-07, 2.81075216435e-07, 2.33153315321e-07, 2.09107270166e-07, 1.98291445486e-07, 2.00580657861e-07, 1.8370050725e-07, 3.17556555274e-07],
        "mean": [6.64042545395e-07, 1.29333955101e-07, 3.17300646202e-07, 0.00167379074264, 0.00382696697488, 0.00402172282338, 3.53864161298e-05, 2.07176253753e-05, 2.53594862443e-06, 6.16710622126e-07, 3.11209703341e-07, 5.92615037931e-07, 2.86268317495e-07, 2.66179426944e-07, 6.02166721819e-07, 1.90746433759e-07, 1.69905703729e-07, 8.61341078462e-08, 4.81045958622e-08, 2.33668622229e-08, 1.46412615365e-08, 9.38061717193e-09, 9.45780520567e-09, 1.41295002365e-08, 1.71562355433e-08, 2.00501020231e-08, 2.25984521762e-07],
        "median": [3.72308875285e-07, 6.21588753802e-08, 4.46746888372e-08, 4.98159351991e-07, 1.77662855094e-06, 0.0018474641256, 9.63782349572e-06, 4.01100123781e-06, 1.43342742831e-06, 1.10718268331e-07, 4.105670115e-08, 1.14736629087e-07, 5.02178352235e-08, 1.33995179397e-08, 2.04362720524e-07, 2.19806803869e-08, 2.95786328763e-08, 8.86745077366e-09, 5.35566835325e-09, 3.95118471275e-09, 3.70810560035e-09, 3.6510541257e-09, 4.42328751404e-09, 6.67565647205e-09, 8.27646307044e-09, 1.69423053364e-08, 2.24783477165e-07],
        "min": [5.86700554805e-09, 7.07130975997e-09, 1.28998667304e-09, 2.80762080251e-09, 1.40964511175e-08, 2.44321043397e-08, 9.49236600434e-09, 9.11971720363e-10, 2.02251415615e-09, 1.21220267157e-09, 5.70034852654e-10, 9.90293069769e-10, 8.78423667139e-10, 1.01954944487e-09, 7.10255909642e-10, 2.53995685595e-10, 1.91379426195e-10, 2.36187985836e-10, 2.20785570382e-10, 1.51028869966e-10, 3.51114831654e-10, 2.12868375704e-10, 2.48564890892e-10, 1.39798922438e-10, 3.1736671624e-10, 4.64739441375e-10, 4.17711554235e-09],
        "var": [7.83791488743e-13, 2.29199959793e-13, 7.60258175858e-12, 1.98397119675e-05, 0.000123612262541, 2.83196968667e-05, 6.95074975354e-09, 2.42092057512e-09, 8.95961256575e-12, 1.40040637506e-12, 6.73797172571e-13, 1.04122862676e-12, 3.21232786465e-13, 2.36141591307e-13, 1.27880995723e-12, 1.36081182672e-13, 1.02053151899e-13, 2.60368288751e-14, 6.98265459058e-15, 1.90426940235e-15, 9.63933023096e-16, 4.83113129461e-16, 3.93584129216e-16, 4.59976583325e-16, 5.44539958796e-16, 2.5262376487e-16, 1.01808394529e-15]
    },
    "erbbands": {
        "dmean": [1.68942115124e-05, 0.000209532066947, 0.00680058263242, 0.480839639902, 4.92774534225, 1.00079953671, 0.401463150978, 11.2272663116, 3.57502746582, 0.23429210484, 0.287544906139, 0.0281363539398, 0.0276696812361, 0.00337112811394, 0.0130983311683, 0.0129131162539, 0.00735415052623, 0.00625472096726, 0.0142601905391, 0.0114264441654, 0.00602287473157, 0.00344723905437, 0.00202230061404, 0.0012365974253, 0.000875029014423, 0.000490282895043, 0.000249995995546, 0.000219342153287, 0.000141905766213, 0.000116737559438, 0.000111762732558, 0.000106961502752, 7.55269793444e-05, 5.9651058109e-05, 3.57915523637e-05, 1.46429692904e-05, 8.38929008751e-06, 6.85209442963e-06, 4.39879568148e-06, 2.16323724089e-06],
        "dmean2": [1.73595726665e-05, 0.000178036701982, 0.00535886641592, 0.374522477388, 4.32798099518, 0.985889494419, 0.453343123198, 13.2334709167, 4.36943006516, 0.354740589857, 0.457919746637, 0.0442855022848, 0.0434459038079, 0.00434546731412, 0.0223857555538, 0.01931813173, 0.0120996851474, 0.0111015671864, 0.023949092254, 0.0182276461273, 0.00897011905909, 0.00501290429384, 0.00323616713285, 0.0015851521166, 0.00119689467829, 0.000750371953472, 0.000316484190989, 0.000305565161398, 0.000190700593521, 0.000156276961206, 0.000159532064572, 0.000158759270562, 0.000102304082247, 8.35007958813e-05, 4.99936977576e-05, 1.96656765183e-05, 1.20614840853e-05, 1.05326980702e-05, 7.25233712728e-06, 2.24710151997e-06],
        "dvar": [1.74580760959e-09, 3.88212697544e-07, 0.000453033630038, 2.32872104645, 262.286834717, 10.9203462601, 0.705042243004, 701.709228516, 75.7595901489, 0.22416780889, 0.535182893276, 0.00169487250969, 0.00243810098618, 3.88939915865e-05, 0.00162869878113, 0.000619482831098, 0.000204838856007, 0.000124350830447, 0.000852269120514, 0.000475951092085, 0.000205055912375, 3.53946779796e-05, 2.47599055001e-05, 7.52779806135e-06, 4.2678079808e-06, 2.24316045205e-06, 1.206717684e-06, 9.15299665394e-07, 5.7853310409e-07, 3.94487017275e-07, 2.76835208979e-07, 1.58585365284e-07, 7.98905048782e-08, 3.8555032944e-08, 1.53258632452e-08, 4.19753831693e-09, 8.16708201068e-10, 1.08073300309e-10, 1.56434760978e-11, 1.7546479894e-11],
        "dvar2": [8.63293547759e-10, 1.93196953546e-07, 0.000210398269701, 1.07922911644, 140.981826782, 7.86353206635, 1.04868519306, 1110.60693359, 137.864517212, 0.509060382843, 1.25166487694, 0.00452146539465, 0.00584693998098, 5.73535871808e-05, 0.00439516408369, 0.0015640638303, 0.000559193897061, 0.000391608598875, 0.00204257271253, 0.00107449688949, 0.000542448135093, 7.39823808544e-05, 6.36946715531e-05, 1.37943197842e-05, 6.43349585516e-06, 3.54381518264e-06, 1.25393898998e-06, 9.94004608401e-07, 5.91684226947e-07, 4.06498685379e-07, 3.00003392795e-07, 1.87277294117e-07, 8.4486210028e-08, 4.38604104147e-08, 1.70774221431e-08, 4.4406780475e-09, 8.71053285056e-10, 1.58655796834e-10, 2.9958681369e-11, 1.03621330266e-11],
        "max": [0.000736173766199, 0.010673799552, 0.374988943338, 26.7669372559, 267.818450928, 53.509601593, 12.3663520813, 337.271514893, 112.99344635, 5.21472835541, 6.88061666489, 0.399420827627, 0.343093663454, 0.0596203804016, 0.333286106586, 0.214270606637, 0.153949320316, 0.0873461961746, 0.292052716017, 0.23418007791, 0.114848934114, 0.0714060887694, 0.0539774745703, 0.02889036946, 0.0200999584049, 0.014813028276, 0.0122087365016, 0.0105150835589, 0.0085419556126, 0.00704142590985, 0.00588843645528, 0.00433830125257, 0.00320037011988, 0.00219239364378, 0.0014280002797, 0.000739320239518, 0.000343678722857, 0.000143273166032, 6.51139853289e-05, 9.67114974628e-05],
        "mean": [6.35326214251e-05, 0.000863144465256, 0.0299538113177, 2.10567378998, 20.3776817322, 3.84719657898, 2.0845720768, 48.6753196716, 13.41497612, 0.638372540474, 0.378701329231, 0.0652151033282, 0.0541959367692, 0.0096638277173, 0.0186780169606, 0.0276985857636, 0.0136720137671, 0.012015982531, 0.0239426158369, 0.0183779895306, 0.0138724697754, 0.00816440675408, 0.00485261203721, 0.00336051359773, 0.00216368981637, 0.00119957758579, 0.000706645194441, 0.000514238374308, 0.00035574787762, 0.000264592585154, 0.000286017981125, 0.000285765243461, 0.00024803361157, 0.000207620905712, 0.000118579271657, 5.68197829125e-05, 4.07769985031e-05, 4.22973025707e-05, 2.86443155346e-05, 1.49862398757e-05],
        "median": [8.13744281913e-06, 1.83150132216e-05, 0.000100328259578, 0.00110989087261, 0.00729756988585, 0.0569785162807, 1.12925422192, 18.6009864807, 5.25219345093, 0.261977702379, 0.081584379077, 0.0369901955128, 0.0259549058974, 0.00339073943906, 0.00494367908686, 0.00384171586484, 0.00217969575897, 0.00177111744415, 0.00916788633913, 0.00623399950564, 0.00160003465135, 0.00175560475327, 0.000518320477568, 0.000414849841036, 0.000276578299236, 0.000206417986192, 0.000162805765285, 0.000143204219057, 0.000129263673443, 0.000120817916468, 0.000127345992951, 0.000131231616251, 0.000117023009807, 9.41717444221e-05, 6.47734923405e-05, 3.68969631381e-05, 3.5532801121e-05, 4.13383859268e-05, 2.66555271082e-05, 9.42138831306e-06],
        "min": [2.63802206746e-07, 1.01605962755e-06, 1.52431971401e-06, 5.81673384659e-06, 2.73381428997e-05, 5.52430719836e-05, 9.06683126232e-05, 0.00023749913089, 0.000192204504856, 5.69699877815e-05, 2.28364478971e-05, 4.46276026196e-05, 5.23215749126e-05, 2.3016718842e-05, 3.11238545692e-05, 3.88628868677e-05, 3.97856165364e-05, 5.01697795698e-05, 4.55085646536e-05, 2.8340758945e-05, 1.23493118735e-05, 1.03216934804e-05, 1.24965699797e-05, 1.25666510939e-05, 1.05161498141e-05, 7.62188210501e-06, 1.22740593724e-05, 1.17809313451e-05, 8.47403862281e-06, 6.70687086313e-06, 7.38781363907e-06, 3.5992559333e-06, 2.4873950224e-06, 2.51464484791e-06, 2.68747203336e-06, 1.45612705182e-06, 1.09206337129e-06, 6.47931017284e-07, 4.35372299989e-07, 8.27585537877e-08],
        "var": [2.4015006872e-08, 5.14716066391e-06, 0.00628949236125, 32.0511169434, 3364.12670898, 126.620285034, 6.1831946373, 4053.1706543, 363.275482178, 0.755575358868, 0.87972933054, 0.00582319358364, 0.00535834487528, 0.000169454346178, 0.00200267857872, 0.00240865256637, 0.000567614624742, 0.000371731352061, 0.00149259378668, 0.000896441983059, 0.000652253511362, 0.000187247016584, 8.45429094625e-05, 3.70122870663e-05, 1.38920759127e-05, 4.71435851068e-06, 2.00509498427e-06, 1.2198083823e-06, 6.66116022785e-07, 4.25280887839e-07, 3.20274267551e-07, 2.13024762274e-07, 1.25851912003e-07, 7.91611469708e-08, 2.44790498982e-08, 5.25799848106e-09, 8.69457839059e-10, 1.23882223924e-10, 8.89901347056e-11, 3.74626635269e-10]
    },
    "gfcc": {
        "mean": [-362.600097656, 120.343482971, -36.4270935059, -37.2460289001, -63.4971084595, -57.0585517883, -65.5090560913, -27.5115833282, -9.44966220856, 2.48614406586, 2.96218776703, 1.65305435658, 0.667499363422],
        "cov": [[7997.05224609, 3687.34204102, -605.299804688, 413.452545166, 482.92477417, -525.504699707, -846.796020508, -524.427429199, -759.160583496, -891.621948242, -473.578399658, -789.640686035, -534.757568359], [3687.34204102, 2004.75390625, -161.679107666, 170.363128662, 301.750915527, -275.556854248, -424.110809326, -289.728363037, -336.685272217, -457.982910156, -288.322570801, -423.281829834, -277.071014404], [-605.299804688, -161.679107666, 428.812194824, 325.100097656, 180.077285767, 166.901672363, 180.199432373, 13.5865068436, -54.4527359009, -75.42943573, -83.4152908325, -83.9714202881, -109.653648376], [413.452545166, 170.363128662, 325.100097656, 631.853881836, 382.202819824, 233.536376953, 159.655166626, -43.8631439209, -283.792694092, -265.30267334, -170.000793457, -240.821975708, -276.293914795], [482.92477417, 301.750915527, 180.077285767, 382.202819824, 317.486938477, 134.571884155, 60.7270622253, -67.3163528442, -198.122802734, -211.96812439, -147.435409546, -192.808639526, -200.351455688], [-525.504699707, -275.556854248, 166.901672363, 233.536376953, 134.571884155, 190.04586792, 153.462982178, 24.2404003143, -69.2328872681, -42.3452148438, -43.5889396667, -39.8066596985, -80.2426757812], [-846.796020508, -424.110809326, 180.199432373, 159.655166626, 60.7270622253, 153.462982178, 185.074310303, 60.9404525757, -1.8444391489, 18.7830848694, 2.6319630146, 19.5520019531, -27.6491889954], [-524.427429199, -289.728363037, 13.5865068436, -43.8631439209, -67.3163528442, 24.2404003143, 60.9404525757, 67.1108856201, 71.8480758667, 79.3965148926, 48.6751213074, 71.0150985718, 54.2006797791], [-759.160583496, -336.685272217, -54.4527359009, -283.792694092, -198.122802734, -69.2328872681, -1.8444391489, 71.8480758667, 208.511978149, 188.547790527, 104.066986084, 162.69367981, 172.946273804], [-891.621948242, -457.982910156, -75.42943573, -265.30267334, -211.96812439, -42.3452148438, 18.7830848694, 79.3965148926, 188.547790527, 212.086837769, 133.064529419, 180.941894531, 170.859054565], [-473.578399658, -288.322570801, -83.4152908325, -170.000793457, -147.435409546, -43.5889396667, 2.6319630146, 48.6751213074, 104.066986084, 133.064529419, 113.370002747, 127.717727661, 108.636474609], [-789.640686035, -423.281829834, -83.9714202881, -240.821975708, -192.808639526, -39.8066596985, 19.5520019531, 71.0150985718, 162.69367981, 180.941894531, 127.717727661, 185.097824097, 162.593185425], [-534.757568359, -277.071014404, -109.653648376, -276.293914795, -200.351455688, -80.2426757812, -27.6491889954, 54.2006797791, 172.946273804, 170.859054565, 108.636474609, 162.593185425, 180.929641724]],
        "icov": [[0.00279209320433, -0.00376851484179, 0.00333950459026, -0.00473854551092, 0.00479288771749, -0.000871328345966, 0.00308773317374, -0.000388334185118, -0.000679757737089, 0.00552262971178, -0.00351317436434, 0.00290221674368, -0.00228586955927], [-0.00376851484179, 0.012940437533, -0.00556658860296, 0.00800541508943, -0.0092039424926, 0.00896035321057, 0.00507974764332, 0.00208238372579, 0.000549393822439, 0.00338352564722, 0.00616185599938, 0.0038711251691, 0.000565138238017], [0.00333950459026, -0.00556658860296, 0.0149773955345, -0.0160889215767, 0.0105663249269, 0.000223153547267, -0.00702788913622, 0.0146194035187, -0.0200016535819, 0.00620498880744, -0.000518420885783, 0.00175968545955, 0.00418929290026], [-0.00473854551092, 0.00800541508943, -0.0160889215767, 0.0337947793305, -0.02183749713, 0.000187473953702, -0.00284336833283, -0.0236354805529, 0.0320319831371, -0.00629275338724, -0.00135031586979, 0.00670513603836, -0.00723300129175], [0.00479288771749, -0.0092039424926, 0.0105663249269, -0.02183749713, 0.0364551283419, -0.0144107481465, 0.000831193174236, 0.0203447788954, -0.0254339203238, 0.0223568081856, -0.00729927094653, 0.00304115074687, 0.00598604138941], [-0.000871328345966, 0.00896035321057, 0.000223153547267, 0.000187473953702, -0.0144107481465, 0.0487749651074, -0.0169462207705, 0.00105944741517, 0.0231747124344, -0.0241762828082, 0.0325318388641, -0.00585198123008, 0.000739093055017], [0.00308773317374, 0.00507974764332, -0.00702788913622, -0.00284336833283, 0.000831193174236, -0.0169462207705, 0.0599716454744, -0.0247367508709, -0.00170046312269, 0.0258062630892, -0.010659894906, 0.000938421406318, 0.00109636317939], [-0.000388334185118, 0.00208238372579, 0.0146194035187, -0.0236354805529, 0.0203447788954, 0.00105944741517, -0.0247367508709, 0.0840018689632, -0.0524858236313, 0.00742102600634, -0.0025788443163, -0.00224640639499, 0.0155913066119], [-0.000679757737089, 0.000549393822439, -0.0200016535819, 0.0320319831371, -0.0254339203238, 0.0231747124344, -0.00170046312269, -0.0524858236313, 0.111132904887, -0.0603477060795, 0.0362208858132, -0.00343938032165, -0.034695405513], [0.00552262971178, 0.00338352564722, 0.00620498880744, -0.00629275338724, 0.0223568081856, -0.0241762828082, 0.0258062630892, 0.00742102600634, -0.0603477060795, 0.12548443675, -0.0644656047225, 0.0243437103927, -0.012573974207], [-0.00351317436434, 0.00616185599938, -0.000518420885783, -0.00135031586979, -0.00729927094653, 0.0325318388641, -0.010659894906, -0.0025788443163, 0.0362208858132, -0.0644656047225, 0.0949560552835, -0.0503311194479, 0.0166350640357], [0.00290221674368, 0.0038711251691, 0.00175968545955, 0.00670513603836, 0.00304115074687, -0.00585198123008, 0.000938421406318, -0.00224640639499, -0.00343938032165, 0.0243437103927, -0.0503311194479, 0.0924725756049, -0.0451811179519], [-0.00228586955927, 0.000565138238017, 0.00418929290026, -0.00723300129175, 0.00598604138941, 0.000739093055017, 0.00109636317939, 0.0155913066119, -0.034695405513, -0.012573974207, 0.0166350640357, -0.0451811179519, 0.0692357122898]]
    },
    "melbands": {
        "dmean": [6.15813817717e-08, 9.38020008334e-08, 0.000244435796048, 0.000232184291235, 7.07448816684e-06, 0.000225512587349, 5.30424258613e-05, 2.56573594015e-06, 1.85948124454e-06, 1.8058554474e-07, 1.37643866083e-07, 1.35425572978e-08, 3.44026354071e-08, 4.37399094722e-08, 2.69116267049e-08, 8.8442080326e-09, 1.25712924515e-08, 2.11265209771e-08, 3.7439839673e-08, 2.71893041415e-09, 9.06532537925e-09, 4.20661683265e-09, 2.28410312886e-09, 1.95216909304e-09, 9.66980384653e-10, 9.32078525473e-10, 4.81242989903e-10, 3.19009596517e-10, 1.85663928676e-10, 1.64506852585e-10, 1.14645751226e-10, 9.66389537838e-11, 7.49256698351e-11, 6.67735797211e-11, 6.60232563066e-11, 7.11087577709e-11, 7.34663857527e-11, 6.36381156105e-11, 5.4379094977e-11, 5.71707160779e-11],
        "dmean2": [1.01654954676e-07, 1.08333495064e-07, 0.000201156377443, 0.000214810061152, 7.4841791502e-06, 0.000268278148724, 6.49499925203e-05, 4.11184919358e-06, 2.98848544844e-06, 2.80404776731e-07, 2.16459341118e-07, 1.94626395e-08, 5.72824809808e-08, 7.32054417085e-08, 4.64543958856e-08, 1.50920236308e-08, 2.23036966673e-08, 3.68823691588e-08, 6.01568501679e-08, 4.10576328491e-09, 1.39498510521e-08, 6.55180887321e-09, 3.76822795189e-09, 2.96545721312e-09, 1.35638755783e-09, 1.47132594996e-09, 7.28455629151e-10, 5.07198949506e-10, 2.39152170289e-10, 2.34077285333e-10, 1.58405968897e-10, 1.36081590441e-10, 1.05891261037e-10, 9.07140126905e-11, 9.61685245326e-11, 1.06554758073e-10, 1.07392122972e-10, 8.94094798198e-11, 8.0256072621e-11, 8.29669388747e-11],
        "dvar": [1.11747049263e-14, 6.72810711224e-13, 6.31906402759e-07, 5.91101809277e-07, 1.80675252537e-10, 2.87537773147e-07, 1.68371645515e-08, 3.6887042032e-11, 2.27309837619e-11, 7.40169373275e-14, 5.95184912098e-14, 7.45437115643e-16, 1.11771088058e-14, 8.21463648379e-15, 3.31388151614e-15, 2.49445326675e-16, 5.69045574872e-16, 1.574262825e-15, 6.32367566311e-15, 3.60881596638e-17, 4.90743572827e-16, 5.51978350676e-17, 3.50101381849e-17, 1.79042482581e-17, 4.8559038154e-18, 4.22773706796e-18, 1.49098881483e-18, 9.60911625968e-19, 4.99583434071e-19, 3.99725647686e-19, 2.87971091238e-19, 1.97230605887e-19, 1.41332480126e-19, 1.15066432525e-19, 9.78847215168e-20, 7.20634385907e-20, 5.51837066676e-20, 4.22368825151e-20, 3.34197608019e-20, 2.54715341611e-20],
        "dvar2": [1.60634970359e-14, 6.78800602966e-13, 3.09536176246e-07, 3.48511150605e-07, 2.06598863017e-10, 4.62526855927e-07, 3.07215088924e-08, 8.81086453797e-11, 5.33272107028e-11, 1.93604409848e-13, 1.44703083608e-13, 1.2350404233e-15, 2.98331543117e-14, 2.06560707124e-14, 8.6536163909e-15, 6.58199551279e-16, 1.83762590885e-15, 4.27046059918e-15, 1.38865512107e-14, 6.74145581786e-17, 1.29875964143e-15, 1.14013189034e-16, 9.21516061552e-17, 4.05284221786e-17, 9.35369301948e-18, 8.25795994926e-18, 2.46510575889e-18, 1.63224665483e-18, 5.48782689339e-19, 4.56376068364e-19, 3.03123489096e-19, 2.13808210091e-19, 1.44675724443e-19, 1.19741036961e-19, 1.03854496922e-19, 8.61666160031e-20, 6.6940780143e-20, 4.70101443957e-20, 3.64806715728e-20, 3.10491419457e-20],
        "max": [1.08680387712e-06, 9.0527755674e-06, 0.0135283842683, 0.0125483926386, 0.000200382928597, 0.0067711500451, 0.00167643174063, 5.34105092811e-05, 4.38242823293e-05, 2.31582748711e-06, 1.61891455264e-06, 2.23700666879e-07, 8.45505780944e-07, 7.06110540705e-07, 5.97985319928e-07, 1.32567976152e-07, 1.84789740842e-07, 2.94653233368e-07, 8.89435057161e-07, 5.71451117537e-08, 1.70742239902e-07, 7.54472466724e-08, 5.42725437924e-08, 4.53539179546e-08, 2.14063042847e-08, 1.79900112585e-08, 1.15095177833e-08, 9.37619937247e-09, 7.76962760796e-09, 6.70620892151e-09, 5.92686122403e-09, 4.92768315041e-09, 4.21558432606e-09, 3.79151288143e-09, 3.51182727343e-09, 2.92835999893e-09, 2.54088772245e-09, 2.27176122358e-09, 2.08361328191e-09, 1.72621483774e-09],
        "mean": [7.4453545551e-08, 9.99668898771e-08, 0.00104900146835, 0.000939560530242, 3.75458039343e-05, 0.000969185784925, 0.000196365988813, 3.30080297317e-06, 2.27749592341e-06, 3.63608620546e-07, 2.61956159875e-07, 2.89072517035e-08, 4.61862192935e-08, 8.09081655007e-08, 5.37300444137e-08, 1.8454230144e-08, 2.18984848033e-08, 3.04627079117e-08, 5.3939775313e-08, 6.53430642927e-09, 1.96981559952e-08, 9.42032496454e-09, 4.53376980403e-09, 4.44562342494e-09, 2.45919751229e-09, 1.98067739987e-09, 9.46058675844e-10, 7.57250429029e-10, 4.40819769576e-10, 3.78217152042e-10, 2.68594868569e-10, 2.12270895306e-10, 1.55045559724e-10, 1.39803751908e-10, 1.59823626555e-10, 1.68369984621e-10, 1.73252384661e-10, 1.7048999712e-10, 1.66985550387e-10, 1.73423622685e-10],
        "median": [4.75515733456e-08, 1.78693433384e-08, 2.3718969544e-07, 4.6833801548e-07, 1.52261463882e-05, 0.000427310063969, 7.59831236792e-05, 9.74916019914e-07, 2.79198019371e-07, 2.24648928793e-07, 1.19819489441e-07, 6.95069157786e-09, 9.9764223549e-09, 1.06652535692e-08, 5.68083891039e-09, 4.01516464521e-09, 1.42768441513e-09, 1.20825855987e-08, 1.8334777252e-08, 2.13692974427e-09, 1.5122898489e-09, 1.87030324561e-09, 5.88798620971e-10, 4.73313555016e-10, 3.13279152619e-10, 2.23540491673e-10, 1.47110434945e-10, 1.35354533137e-10, 9.53933876335e-11, 8.47690459493e-11, 7.8777005752e-11, 7.15581621735e-11, 6.86218235013e-11, 6.6261288123e-11, 7.79028924702e-11, 7.88306711574e-11, 8.39646546735e-11, 8.414114544e-11, 8.18999451591e-11, 7.98058216733e-11],
        "min": [3.45636808063e-09, 9.54623824434e-10, 1.51659751424e-09, 3.11037928746e-09, 3.0535234341e-09, 5.20522691616e-09, 2.71168199006e-09, 4.67485383737e-10, 1.80490247748e-10, 2.98447044855e-10, 2.59595012153e-10, 9.32251428831e-11, 9.1367802213e-11, 1.17328285976e-10, 8.06942221376e-11, 9.36816874075e-11, 9.14903153237e-11, 7.78719658201e-11, 5.12355262383e-11, 2.45467465798e-11, 1.24146899358e-11, 1.11961074092e-11, 9.08894660923e-12, 1.24234919227e-11, 9.91390650129e-12, 8.25060852971e-12, 6.4125514794e-12, 4.20540815713e-12, 6.21446817617e-12, 9.59148645924e-12, 6.08352821244e-12, 4.95356013153e-12, 3.72588852132e-12, 3.71660731704e-12, 4.50583797704e-12, 2.91987180961e-12, 2.15625130598e-12, 1.72171164044e-12, 1.6083239341e-12, 2.33575008293e-12],
        "var": [1.23460557776e-14, 6.68475962518e-13, 8.42220379127e-06, 7.34494415155e-06, 1.97534233415e-09, 1.62265359904e-06, 7.90171839071e-08, 4.86957002499e-11, 3.58264702627e-11, 1.79501392591e-13, 1.25962378006e-13, 1.94187787696e-15, 1.33894224917e-14, 2.14086815089e-14, 9.34283100646e-15, 7.59355031637e-16, 1.43166662827e-15, 2.31429751156e-15, 1.09628950205e-14, 1.20182699089e-16, 1.42961818497e-15, 2.47065878778e-16, 8.65410385836e-17, 7.30797792276e-17, 2.04785964518e-17, 1.22827635568e-17, 2.89170865018e-18, 1.96413602181e-18, 8.02187350345e-19, 6.49828539728e-19, 3.56540305664e-19, 2.29018213325e-19, 1.52056062512e-19, 1.23646957964e-19, 1.11607874061e-19, 8.71040572064e-20, 7.6853770765e-20, 6.38278927028e-20, 5.5728553735e-20, 5.67808761082e-20]
    },
    "mfcc": {
        "mean": [-1003.13739014, 138.148193359, 52.0770530701, 11.6126031876, -7.23788976669, -30.8838233948, -44.2629470825, -41.2349624634, -30.4555225372, -19.5562915802, -12.5651311874, -6.53670501709, 1.12390804291],
        "cov": [[3603.27758789, 2650.7734375, -373.82635498, -399.11227417, 26.6191158295, -368.845397949, -489.385314941, -454.659179688, -568.539855957, -549.684265137, -437.131317139, -360.894989014, -400.641662598], [2650.7734375, 2048.44775391, -182.729324341, -324.202972412, -30.269952774, -308.137298584, -426.797546387, -391.942321777, -423.398223877, -393.97756958, -327.121002197, -282.691375732, -297.841186523], [-373.82635498, -182.729324341, 200.627838135, 104.632820129, -9.11808776855, 34.9413795471, 26.4627819061, 20.8954219818, 62.6837158203, 63.622631073, 31.8595409393, 8.8008813858, 13.498046875], [-399.11227417, -324.202972412, 104.632820129, 234.423568726, 139.988723755, 125.647819519, 164.748184204, 132.635726929, 57.6016845703, 18.6529598236, 24.4743595123, 21.7817077637, -22.2073192596], [26.6191158295, -30.269952774, -9.11808776855, 139.988723755, 172.855285645, 127.005516052, 127.08972168, 88.8191375732, -12.3447208405, -60.0023651123, -30.4137954712, -14.2013940811, -72.2806015015], [-368.845397949, -308.137298584, 34.9413795471, 125.647819519, 127.005516052, 168.906051636, 164.991149902, 121.532966614, 62.00730896, 18.4619998932, 23.1512107849, 29.1551094055, -10.9509010315], [-489.385314941, -426.797546387, 26.4627819061, 164.748184204, 127.08972168, 164.991149902, 204.602798462, 163.539886475, 78.8763809204, 31.3738040924, 43.0252609253, 50.5050392151, 5.56707286835], [-454.659179688, -391.942321777, 20.8954219818, 132.635726929, 88.8191375732, 121.532966614, 163.539886475, 143.350784302, 84.515296936, 44.3231773376, 46.9674949646, 49.4925956726, 16.5832538605], [-568.539855957, -423.398223877, 62.6837158203, 57.6016845703, -12.3447208405, 62.00730896, 78.8763809204, 84.515296936, 125.704200745, 118.475341797, 76.5076522827, 55.0133132935, 67.951461792], [-549.684265137, -393.97756958, 63.622631073, 18.6529598236, -60.0023651123, 18.4619998932, 31.3738040924, 44.3231773376, 118.475341797, 137.984268188, 89.0590820312, 55.5150489807, 87.7381057739], [-437.131317139, -327.121002197, 31.8595409393, 24.4743595123, -30.4137954712, 23.1512107849, 43.0252609253, 46.9674949646, 76.5076522827, 89.0590820312, 76.3906555176, 60.6917037964, 67.4285583496], [-360.894989014, -282.691375732, 8.8008813858, 21.7817077637, -14.2013940811, 29.1551094055, 50.5050392151, 49.4925956726, 55.0133132935, 55.5150489807, 60.6917037964, 69.3936538696, 68.3694381714], [-400.641662598, -297.841186523, 13.498046875, -22.2073192596, -72.2806015015, -10.9509010315, 5.56707286835, 16.5832538605, 67.951461792, 87.7381057739, 67.4285583496, 68.3694381714, 114.715858459]],
