{
"lowlevel": {
    "average_loudness": 0.972963452339,
    "barkbands_crest": {
        "dmean": 2.79886960983,
        "dmean2": 4.68058919907,
        "dvar": 6.1496090889,
        "dvar2": 14.0844335556,
        "max": 18.456073761,
        "mean": 7.38688230515,
        "median": 6.57186365128,
        "min": 2.39057445526,
        "var": 11.4366998672
    },
    "barkbands_flatness_db": {
        "dmean": 0.0158588830382,
        "dmean2": 0.0243674255908,
        "dvar": 0.000160236755619,
        "dvar2": 0.000381082791137,
        "max": 0.160359591246,
        "mean": 0.0762298032641,
        "median": 0.0728892162442,
        "min": 0.0285075362772,
        "var": 0.000514515733812
    },
    "barkbands_kurtosis": {
        "dmean": 0.872464835644,
        "dmean2": 1.43586015701,
        "dvar": 1.53512227535,
        "dvar2": 3.43425750732,
        "max": 13.6205596924,
        "mean": -0.176371946931,
        "median": -0.811281919479,
        "min": -1.72671937943,
        "var": 4.19522333145
    },
    "barkbands_skewness": {
        "dmean": 0.434809446335,
        "dmean2": 0.707225382328,
        "dvar": 0.13370077312,
        "dvar2": 0.297179728746,
        "max": 1.35921096802,
        "mean": -0.215481206775,
        "median": -0.0406063087285,
        "min": -3.16276288033,
        "var": 0.777068793774
    },
    "barkbands_spread": {
        "dmean": 7.69998598099,
        "dmean2": 12.6691951752,
        "dvar": 42.9188423157,
        "dvar2": 108.817199707,
        "max": 66.2826385498,
        "mean": 37.6548309326,
        "median": 39.1283874512,
        "min": 9.18025016785,
        "var": 114.839584351
    },
    "dissonance": {
        "dmean": 0.00869727693498,
        "dmean2": 0.0156347118318,
        "dvar": 4.27204067819e-05,
        "dvar2": 0.00014188993373,
        "max": 0.499954640865,
        "mean": 0.489921957254,
        "median": 0.49064719677,
        "min": 0.462975472212,
        "var": 5.67556162423e-05
    },
    "dynamic_complexity": 6.3219833374,
    "erbbands_crest": {
        "dmean": 3.69180393219,
        "dmean2": 6.22061157227,
        "dvar": 10.7251195908,
        "dvar2": 25.4002666473,
        "max": 22.6092433929,
        "mean": 10.2081346512,
        "median": 9.7583732605,
        "min": 3.44744062424,
        "var": 20.4256629944
    },
    "erbbands_flatness_db": {
        "dmean": 0.0175025183707,
        "dmean2": 0.0274085197598,
        "dvar": 0.000209826655919,
        "dvar2": 0.000474661326734,
        "max": 0.247512951493,
        "mean": 0.14898249507,
        "median": 0.144789963961,
        "min": 0.0949006155133,
        "var": 0.000740234332625
    },
    "erbbands_kurtosis": {
        "dmean": 1.26234304905,
        "dmean2": 2.10461568832,
        "dvar": 2.92255473137,
        "dvar2": 6.7555680275,
        "max": 19.7689704895,
        "mean": 0.760658025742,
        "median": -0.289333343506,
        "min": -1.55856800079,
        "var": 10.0056810379
    },
    "erbbands_skewness": {
        "dmean": 0.42159730196,
        "dmean2": 0.672751128674,
        "dvar": 0.131321489811,
        "dvar2": 0.2792545259,
        "max": 1.6363389492,
        "mean": -0.428966850042,
        "median": -0.268202126026,
        "min": -3.40398669243,
        "var": 0.815804302692
    },
    "erbbands_spread": {
        "dmean": 9.3934469223,
        "dmean2": 15.4093484879,
        "dvar": 55.4285736084,
        "dvar2": 154.929199219,
        "max": 71.7835006714,
        "mean": 40.5628128052,
        "median": 41.3299674988,
        "min": 6.88589382172,
        "var": 184.795516968
    },
    "hfc": {
        "dmean": 35.3064231873,
        "dmean2": 54.7179260254,
        "dvar": 12390.7451172,
        "dvar2": 26744.1875,
        "max": 798.627990723,
        "mean": 36.8421401978,
        "median": 6.46094989777,
        "min": 0.346710681915,
        "var": 13416.7216797
    },
    "melbands_crest": {
        "dmean": 2.87867331505,
        "dmean2": 4.87413740158,
        "dvar": 7.59479188919,
        "dvar2": 17.807182312,
        "max": 23.3502998352,
        "mean": 8.1155462265,
        "median": 7.29798460007,
        "min": 3.37808203697,
        "var": 13.2245817184
    },
    "melbands_flatness_db": {
        "dmean": 0.0176937300712,
        "dmean2": 0.0286170467734,
        "dvar": 0.000208985540667,
        "dvar2": 0.000493456376716,
        "max": 0.148097738624,
        "mean": 0.0812223255634,
        "median": 0.0788665860891,
        "min": 0.0217851921916,
        "var": 0.000609960290603
    },
    "melbands_kurtosis": {
        "dmean": 1.47474443913,
        "dmean2": 2.36736989021,
        "dvar": 2.43826198578,
        "dvar2": 6.67205142975,
        "max": 9.12239074707,
        "mean": 1.16127133369,
        "median": 0.931242704391,
        "min": -1.70762419701,
        "var": 5.34507608414
    },
    "melbands_skewness": {
        "dmean": 0.47895476222,
        "dmean2": 0.790123224258,
        "dvar": 0.159466549754,
        "dvar2": 0.4297054708,
        "max": 2.77086353302,
        "mean": 1.00603890419,
        "median": 1.06210398674,
        "min": -1.66035211086,
        "var": 0.680732786655
    },
    "melbands_spread": {
        "dmean": 17.2794303894,
        "dmean2": 27.3595256805,
        "dvar": 237.917022705,
        "dvar2": 502.588287354,
        "max": 162.794662476,
        "mean": 74.4986724854,
        "median": 69.7833404541,
        "min": 26.0634899139,
        "var": 939.757446289
    },
    "pitch_salience": {
        "dmean": 0.0735103189945,
        "dmean2": 0.127579838037,
        "dvar": 0.00478668324649,
        "dvar2": 0.0108552314341,
        "max": 0.924868583679,
        "mean": 0.692868709564,
        "median": 0.704333126545,
        "min": 0.359152466059,
        "var": 0.00980935432017
    },
    "silence_rate_20dB": {
        "dmean": 0,
        "dmean2": 0,
        "dvar": 0,
        "dvar2": 0,
        "max": 1,
        "mean": 1,
        "median": 1,
        "min": 1,
        "var": 0
    },
    "silence_rate_30dB": {
        "dmean": 0.0285714287311,
        "dmean2": 0.0575539581478,
        "dvar": 0.0277551133186,
        "dvar2": 0.0830184146762,
        "max": 1,
        "mean": 0.98581558466,
        "median": 1,
        "min": 0,
        "var": 0.0139832179993
    },
    "silence_rate_60dB": {
        "dmean": 0.0500000007451,
        "dmean2": 0.100719422102,
        "dvar": 0.0475000366569,
        "dvar2": 0.0905749127269,
        "max": 1,
        "mean": 0.652482271194,
        "median": 1,
        "min": 0,
        "var": 0.226749643683
    },
    "spectral_centroid": {
        "dmean": 309.908660889,
        "dmean2": 483.293273926,
        "dvar": 78000.3359375,
        "dvar2": 168422.96875,
        "max": 4412.89599609,
        "mean": 3081.54418945,
        "median": 3079.48193359,
        "min": 1488.41186523,
        "var": 444585.96875
    },
    "spectral_complexity": {
        "dmean": 4.25714302063,
        "dmean2": 5.71942424774,
        "dvar": 48.8909912109,
        "dvar2": 69.2522659302,
        "max": 61,
        "mean": 11.0709218979,
        "median": 4,
        "min": 0,
        "var": 192.009140015
    },
    "spectral_decrease": {
        "dmean": 1.02732511387e-09,
        "dmean2": 1.51152534933e-09,
        "dvar": 1.14470654654e-17,
        "dvar2": 2.58127715478e-17,
        "max": -3.64529968711e-11,
        "mean": -1.31227551048e-09,
        "median": -2.99666319536e-10,
        "min": -2.50303120453e-08,
        "var": 1.10579704587e-17
    },
    "spectral_energy": {
        "dmean": 0.00701767485589,
        "dmean2": 0.010357725434,
        "dvar": 0.000481089198729,
        "dvar2": 0.00108174770139,
        "max": 0.166907832026,
        "mean": 0.00829452089965,
        "median": 0.00178356980905,
        "min": 0.000177784459083,
        "var": 0.000486965407617
    },
    "spectral_energyband_high": {
        "dmean": 0.00330142560415,
        "dmean2": 0.00527697289363,
        "dvar": 0.000116331146273,
        "dvar2": 0.000273466604995,
        "max": 0.0857108905911,
        "mean": 0.00321934605017,
        "median": 0.000587918038946,
        "min": 1.75172208401e-05,
        "var": 0.000111505498353
    },
    "spectral_energyband_low": {
        "dmean": 1.82457370101e-05,
        "dmean2": 3.23690910591e-05,
        "dvar": 2.10913064791e-09,
        "dvar2": 6.48829834304e-09,
        "max": 0.000358438730473,
        "mean": 1.90548544197e-05,
        "median": 8.70140775078e-06,
        "min": 1.28016586132e-06,
        "var": 1.8881121111e-09
    },
    "spectral_energyband_middle_high": {
        "dmean": 0.00265749008395,
        "dmean2": 0.00395260658115,
        "dvar": 8.06656826171e-05,
        "dvar2": 0.000164958284586,
        "max": 0.0761959031224,
        "mean": 0.00343990791589,
        "median": 0.000578736071475,
        "min": 7.2600254498e-05,
        "var": 7.99974004622e-05
    },
    "spectral_energyband_middle_low": {
        "dmean": 0.00136578001548,
        "dmean2": 0.00219350191765,
        "dvar": 2.62085013674e-05,
        "dvar2": 6.91954701324e-05,
        "max": 0.0471586063504,
        "mean": 0.00165643310174,
        "median": 0.000364572682884,
        "min": 2.49264176091e-05,
        "var": 2.22018334171e-05
    },
    "spectral_entropy": {
        "dmean": 0.160422444344,
        "dmean2": 0.267128974199,
        "dvar": 0.0215269885957,
        "dvar2": 0.0455567389727,
        "max": 8.66593456268,
        "mean": 8.05053329468,
        "median": 8.06872844696,
        "min": 7.51683473587,
        "var": 0.0639152601361
    },
    "spectral_flux": {
        "dmean": 0.0198220126331,
        "dmean2": 0.0273525826633,
        "dvar": 0.00212072301656,
        "dvar2": 0.00386558426544,
        "max": 0.334807574749,
        "mean": 0.0507927536964,
        "median": 0.0293476413935,
        "min": 0.00972934532911,
        "var": 0.00366567121819
    },
    "spectral_kurtosis": {
        "dmean": 0.745963513851,
        "dmean2": 1.20275354385,
        "dvar": 0.466690927744,
        "dvar2": 0.781692385674,
        "max": 8.52464294434,
        "mean": 2.34693551064,
        "median": 2.25175619125,
        "min": 0.265740633011,
        "var": 1.07380545139
    },
    "spectral_rms": {
        "dmean": 0.000723220116924,
        "dmean2": 0.00103234604467,
        "dvar": 2.51478763857e-06,
        "dvar2": 4.87642137159e-06,
        "max": 0.0127607565373,
        "mean": 0.00199508224614,
        "median": 0.00131911644712,
        "min": 0.000416471186327,
        "var": 4.11186465499e-06
    },
    "spectral_rolloff": {
        "dmean": 1788.02502441,
        "dmean2": 3185.0546875,
        "dvar": 3674419.25,
        "dvar2": 7981406,
        "max": 12489.2578125,
        "mean": 6446.82666016,
        "median": 5512.5,
        "min": 1744.18945312,
        "var": 6899699.5
    },
    "spectral_skewness": {
        "dmean": 0.125615462661,
        "dmean2": 0.204683542252,
        "dvar": 0.0167607646435,
        "dvar2": 0.0285436976701,
        "max": 2.26513361931,
        "mean": 1.19486987591,
        "median": 1.17225658894,
        "min": 0.828228294849,
        "var": 0.0431570783257
    },
    "spectral_spread": {
        "dmean": 830737.6875,
        "dmean2": 1372007.375,
        "dvar": 812238307328,
        "dvar2": 1.4362083328e+12,
        "max": 12743696,
        "mean": 6567826,
        "median": 6318674,
        "min": 4290259,
        "var": 1.60448315392e+12
    },
    "spectral_strongpeak": {
        "dmean": 1.31441831589,
        "dmean2": 2.23577547073,
        "dvar": 3.64922261238,
        "dvar2": 9.7323589325,
        "max": 16.0175704956,
        "mean": 1.47939240932,
        "median": 0.816490232944,
        "min": 0.0322669222951,
        "var": 4.12202072144
    },
    "zerocrossingrate": {
        "dmean": 0.0188825335354,
        "dmean2": 0.0235499106348,
        "dvar": 0.000304778805003,
        "dvar2": 0.000465030549094,
        "max": 0.3046875,
        "mean": 0.186184063554,
        "median": 0.18994140625,
        "min": 0.0810546875,
        "var": 0.00206456310116
    },
    "barkbands": {
        "dmean": [9.17007491807e-06, 1.88408318991e-06, 5.48367097508e-06, 3.66394597222e-05, 0.000233552040299, 0.00025564734824, 0.000495010230225, 0.000296986894682, 0.000329586822772, 0.000220449248445, 0.000202363720746, 0.000302960630506, 0.000237520813243, 0.00069231557427, 0.000331587827532, 0.000209186953725, 0.000162595650181, 0.000333749572746, 0.00032643013401, 0.000667851709295, 0.000774071435444, 0.00010457263852, 0.000142431803397, 0.000555841717869, 0.000932784052566, 0.000740780786145, 0.000103238890006],
        "dmean2": [1.54020690388e-05, 3.56919872502e-06, 9.4737379186e-06, 5.73147372052e-05, 0.000373355520424, 0.000410852720961, 0.000893622811418, 0.000535624218173, 0.000517824082635, 0.000316619931255, 0.000332776573487, 0.00042245813529, 0.000355851341737, 0.00114523223601, 0.00050822342746, 0.000302200787701, 0.000262897869106, 0.000622309045866, 0.000514439656399, 0.00104959262535, 0.00141266186256, 0.000167546430021, 0.000225618583499, 0.000864607922267, 0.00145666149911, 0.00126101868227, 0.000165736491908],
        "dvar": [1.39448036451e-10, 8.46838224544e-11, 1.97328667295e-10, 1.77642114352e-08, 5.54019663923e-07, 5.9066059066e-07, 3.80819142265e-06, 8.04488081485e-07, 1.13237649657e-06, 7.33098659111e-07, 6.99501413237e-07, 2.19388107325e-06, 6.99297686424e-07, 4.24517065767e-06, 2.12445843317e-06, 8.6019980472e-07, 3.58400995992e-07, 3.30677721649e-06, 2.0352545107e-06, 4.10197890233e-06, 1.75805234903e-05, 7.3450756588e-08, 1.81153225753e-07, 3.14511862598e-06, 1.00951801869e-05, 1.09635529952e-05, 1.17644894715e-07],
        "dvar2": [3.71933761567e-10, 2.56424742551e-10, 5.52580259328e-10, 4.13661496168e-08, 1.31536000936e-06, 1.35138088808e-06, 1.13698679343e-05, 2.448839723e-06, 2.76799733001e-06, 1.25053554711e-06, 1.62104413448e-06, 4.79293157696e-06, 1.48963840729e-06, 1.18809020933e-05, 4.95300537295e-06, 2.10339339901e-06, 9.2297102583e-07, 9.73402438831e-06, 5.06480319018e-06, 1.04314503915e-05, 5.11944017489e-05, 1.70272187461e-07, 3.93278583033e-07, 7.00572900314e-06, 2.32157217397e-05, 2.94226738333e-05, 2.74675187484e-07],
        "max": [7.58094829507e-05, 8.05415256764e-05, 0.00011376200564, 0.00138169259299, 0.00754687609151, 0.00737036857754, 0.0170587077737, 0.00663333851844, 0.00769425695762, 0.00889471545815, 0.00782857276499, 0.0139114549384, 0.00757138850167, 0.0179357454181, 0.0119360620156, 0.0075751231052, 0.00468046637252, 0.0159961227328, 0.0115816984326, 0.0178920179605, 0.0375666208565, 0.0022693562787, 0.00325180240907, 0.0110138151795, 0.0249931495637, 0.0303645785898, 0.00240075564943],
        "mean": [8.72242435435e-06, 1.56931889705e-06, 5.1669453569e-06, 3.98429765482e-05, 0.00024118021247, 0.000278336490737, 0.000427197490353, 0.000278384017292, 0.000325441185851, 0.000258925865637, 0.000209870471735, 0.000272290897556, 0.000273218058283, 0.000737213471439, 0.000330398557708, 0.000188787016668, 0.000150660460349, 0.000239704168052, 0.000273419835139, 0.000770923797973, 0.000606897578109, 0.000128348736325, 0.000201245900826, 0.000544136273675, 0.000874289602507, 0.000529754383024, 8.99000151549e-05],
        "median": [3.76256730306e-06, 5.37780806553e-07, 1.2783063994e-06, 8.79873277881e-06, 6.92578396411e-05, 6.43332095933e-05, 7.03668556525e-05, 4.80812886963e-05, 3.98861884605e-05, 3.28008973156e-05, 3.12674928864e-05, 2.17813649215e-05, 2.6480125598e-05, 5.61358210689e-05, 1.44796613313e-05, 8.52330322232e-06, 7.81564995123e-06, 1.12610314318e-05, 3.85158418794e-05, 0.000283882312942, 9.04383850866e-05, 3.89432098018e-05, 4.04954553233e-05, 6.5238091338e-05, 8.92407842912e-05, 2.05627475225e-05, 4.94653068017e-06],
        "min": [4.01069177869e-09, 4.4038451108e-08, 3.88325247513e-08, 1.24832183701e-07, 1.40126871884e-06, 9.80742925094e-07, 1.46223953834e-06, 2.38838288169e-06, 3.32489003085e-06, 2.99831458506e-06, 4.55367535324e-06, 3.42095154338e-06, 1.05154367702e-06, 1.50378298258e-06, 5.64762785871e-07, 4.3247581516e-07, 4.10770070403e-07, 4.35427978118e-07, 1.76415551323e-06, 1.74531342054e-05, 1.78374705229e-06, 1.07493667656e-06, 9.92945729195e-07, 9.86486270449e-07, 1.09379379865e-06, 2.71466319646e-07, 9.68862536865e-07],
        "var": [1.55650450862e-10, 4.65036203989e-11, 1.821773149e-10, 2.06235259981e-08, 5.24371671418e-07, 6.27637689377e-07, 2.43649515141e-06, 5.64102435874e-07, 9.30374824293e-07, 8.88555348411e-07, 6.16054251168e-07, 1.59860746862e-06, 6.75209150813e-07, 4.11237533626e-06, 1.69245720372e-06, 5.75625563215e-07, 3.2064767197e-07, 1.96494511329e-06, 1.23576785427e-06, 3.51281300937e-06, 1.01942086985e-05, 8.75844534676e-08, 2.97196180554e-07, 2.98106874652e-06, 1.0544221368e-05, 7.85861993791e-06, 1.15819155155e-07]
    },
    "erbbands": {
        "dmean": [5.28195923835e-05, 0.000556898652576, 0.00522462511435, 0.0541011765599, 0.34340518713, 0.874653875828, 1.55239212513, 2.47358798981, 5.27133083344, 7.94806861877, 7.0523982048, 7.71282529831, 5.43945646286, 6.72329902649, 11.2749185562, 11.5144882202, 11.4337263107, 34.7212142944, 23.1146812439, 14.3227577209, 8.9111623764, 10.5171642303, 19.127243042, 11.5896263123, 24.1592903137, 30.3864326477, 33.1667671204, 19.6436271667, 4.33966636658, 3.74348282814, 4.40789365768, 5.01739358902, 13.5181779861, 9.9998216629, 7.07173442841, 5.07277536392, 0.697061359882, 0.124625883996, 0.0161500163376, 0.00114296772517],
        "dmean2": [9.48687156779e-05, 0.00103915017098, 0.00925527792424, 0.0915581882, 0.518195152283, 1.47259199619, 2.62897133827, 4.1059923172, 9.1478805542, 14.478726387, 12.5350074768, 12.3735370636, 8.14704036713, 9.70468616486, 17.8945980072, 15.9871044159, 16.9147720337, 57.6569976807, 35.7107505798, 21.9038333893, 12.9080018997, 17.7331771851, 35.3968162537, 20.0019702911, 36.8777999878, 47.9877166748, 58.1397247314, 36.2508544922, 7.24643516541, 5.07325220108, 7.16628885269, 7.00918674469, 21.2860050201, 16.1387577057, 11.7366418839, 8.73867416382, 1.11141777039, 0.198118150234, 0.0262009035796, 0.00178638810758],
        "dvar": [5.92269344679e-09, 8.63371678861e-06, 0.00032196828397, 0.0323692150414, 1.49606251717, 8.24330997467, 15.2157506943, 80.7967834473, 425.123199463, 723.044616699, 687.740783691, 635.73638916, 302.574523926, 753.533630371, 3301.59570312, 2623.85253906, 1851.93554688, 11367.1230469, 5620.21142578, 4555.73974609, 1363.3059082, 1546.56311035, 10347.3681641, 2491.44897461, 8821.06347656, 8307.88769531, 19116.4316406, 13241.0214844, 158.728164673, 101.854309082, 183.440673828, 243.668945312, 1912.00183105, 1153.79125977, 627.226257324, 611.844665527, 5.84494495392, 0.216972574592, 0.00274398853071, 1.7948788809e-05],
        "dvar2": [1.69757647939e-08, 2.60086035269e-05, 0.000919675105251, 0.0787269473076, 3.4521074295, 21.5471725464, 32.7609939575, 203.526748657, 1274.22302246, 2176.14013672, 1991.11804199, 1611.5859375, 510.340026855, 996.044616699, 7837.28076172, 5405.64111328, 3993.55810547, 32025.8203125, 12538.9863281, 11113.5693359, 3286.56787109, 4136.78955078, 30285.7167969, 6900.95166016, 21488.578125, 20617.828125, 54107.4414062, 38664.8242188, 419.11114502, 211.652496338, 395.260437012, 481.914611816, 4376.52392578, 2523.171875, 1500.88342285, 1661.98364258, 14.3220415115, 0.536406993866, 0.00559398811311, 4.27798986493e-05],
        "max": [0.000644696585368, 0.0261444207281, 0.169735729694, 1.83674025536, 12.809047699, 27.3213558197, 32.0477409363, 88.5961990356, 184.136810303, 217.362625122, 218.677658081, 172.381484985, 166.743347168, 258.645202637, 538.386108398, 484.536346436, 389.038574219, 966.702941895, 554.759643555, 571.918640137, 300.182128906, 311.512512207, 896.283630371, 447.217254639, 778.524047852, 802.030090332, 1211.70947266, 1031.67370605, 90.6106872559, 93.9338912964, 106.121887207, 173.034927368, 269.644348145, 306.845184326, 218.125854492, 231.977249146, 17.2339191437, 3.78316712379, 0.397333353758, 0.0358537882566],
        "mean": [6.11418217886e-05, 0.000451631960459, 0.00506476126611, 0.0637735649943, 0.33683386445, 0.86028277874, 1.72252094746, 2.57628917694, 4.72128295898, 6.96686220169, 6.73605775833, 7.35349655151, 7.30810976028, 8.5986032486, 10.3672046661, 10.9461250305, 12.571518898, 36.9796409607, 24.1156005859, 13.6010704041, 8.37704944611, 9.05664348602, 13.5945243835, 10.0125541687, 24.5080394745, 34.6610946655, 28.7899837494, 15.5897264481, 5.20861434937, 4.60757637024, 6.24338150024, 5.49180221558, 13.0268096924, 10.0818490982, 6.0316529274, 3.61091136932, 0.550215542316, 0.101740546525, 0.0153295602649, 0.000990078435279],
        "median": [4.07771731261e-05, 9.96799280983e-05, 0.00121984095313, 0.0170296151191, 0.0875483378768, 0.254747509956, 0.451145589352, 0.505326867104, 0.790363013744, 1.179246068, 1.08965873718, 0.865488708019, 1.05425322056, 1.23995637894, 1.06253647804, 0.933718323708, 1.18976473808, 2.80793690681, 1.73033964634, 0.791363596916, 0.450592547655, 0.439396828413, 0.609531700611, 0.861726164818, 6.23204612732, 13.784160614, 7.08651781082, 2.25462985039, 1.57444572449, 1.24086129665, 1.08901536465, 0.935483574867, 1.44537806511, 1.16088426113, 0.446412682533, 0.167477250099, 0.0277509149164, 0.00499426061288, 0.000816001789644, 7.13804693078e-05],
        "min": [4.58253362012e-06, 1.34627698571e-05, 5.08909724886e-05, 0.000312446092721, 0.00109771254938, 0.00358548969962, 0.00698306318372, 0.0085373762995, 0.0112424921244, 0.0512013062835, 0.0733563229442, 0.0988718345761, 0.120465487242, 0.193935498595, 0.180410519242, 0.152817830443, 0.0634479373693, 0.1078735888, 0.0404267422855, 0.0263652969152, 0.0200583767146, 0.024302797392, 0.0287918895483, 0.080677382648, 0.349038362503, 0.811919331551, 0.200327992439, 0.048447035253, 0.0466494336724, 0.0350240208209, 0.0258089844137, 0.0169966425747, 0.0213115271181, 0.0131917176768, 0.00315953139216, 0.00118506397121, 0.000360952719348, 0.000228446195251, 8.28234187793e-05, 1.925048673e-05],
        "var": [4.8645039108e-09, 4.9460027185e-06, 0.000265239970759, 0.0393214412034, 1.50422108173, 6.3746342659, 18.0619392395, 73.0375671387, 291.65914917, 465.211273193, 457.983551025, 506.987365723, 406.210510254, 1006.67419434, 2401.95849609, 2150.77807617, 1561.0859375, 10671.0214844, 5828.71191406, 3024.20385742, 975.61932373, 1232.02844238, 6255.76757812, 1816.99035645, 5687.17236328, 7256.28710938, 11896.8623047, 7614.44335938, 147.958892822, 149.312423706, 306.862823486, 339.247436523, 1784.37915039, 1339.45324707, 563.881591797, 426.706451416, 5.16784238815, 0.188135653734, 0.00322840572335, 1.68235092133e-05]
    },
    "gfcc": {
        "mean": [-64.2251205444, -17.9972457886, -123.85584259, -5.10683727264, -92.021446228, -6.89786052704, -43.4618034363, -4.58823537827, -43.5136375427, 11.5925064087, -12.3426046371, -15.7644853592, -5.28484153748],
        "cov": [[6163.08544922, -1097.9029541, -465.589080811, -576.370361328, 328.740386963, 8.08687019348, -794.581665039, 68.3331451416, 65.4860229492, 83.2630996704, -256.115386963, 156.149383545, -162.023162842], [-1097.9029541, 779.478515625, 2.46578240395, -85.0969619751, -42.7316970825, -18.5768051147, 148.180389404, -53.9364242554, 36.7781677246, -89.9672470093, 43.5622215271, -121.7059021, 2.53648972511], [-465.589080811, 2.46578240395, 236.966491699, 116.69631958, -57.3656349182, -45.1401824951, 87.6029891968, -14.2548093796, -48.884513855, -4.00150918961, -5.46930170059, -5.33001947403, 5.03542661667], [-576.370361328, -85.0969619751, 116.69631958, 215.246520996, -65.7406845093, -13.5241985321, 96.3629226685, -1.04718792439, -43.5069274902, -1.58494400978, 21.0186691284, 16.6274452209, 12.4916849136], [328.740386963, -42.7316970825, -57.3656349182, -65.7406845093, 158.991638184, 58.555393219, -106.604423523, -10.2441596985, 42.03307724, -23.5196475983, -24.2332801819, -18.4243068695, -47.1917953491], [8.08687019348, -18.5768051147, -45.1401824951, -13.5241985321, 58.555393219, 76.3053131104, -46.2056312561, -4.01417255402, 27.4460048676, -14.1519851685, -1.11060655117, 2.15198755264, -14.9501028061], [-794.581665039, 148.180389404, 87.6029891968, 96.3629226685, -106.604423523, -46.2056312561, 277.365509033, 24.3943119049, -40.0319900513, 16.2372741699, 43.1639900208, -16.6135406494, 44.434589386], [68.3331451416, -53.9364242554, -14.2548093796, -1.04718792439, -10.2441596985, -4.01417255402, 24.3943119049, 63.2813529968, 14.474316597, 11.9703626633, 15.1833982468, 27.2918357849, -1.95088636875], [65.4860229492, 36.7781677246, -48.884513855, -43.5069274902, 42.03307724, 27.4460048676, -40.0319900513, 14.474316597, 79.2594223022, -0.293285042048, -3.19062066078, 1.49638867378, -13.2292089462], [83.2630996704, -89.9672470093, -4.00150918961, -1.58494400978, -23.5196475983, -14.1519851685, 16.2372741699, 11.9703626633, -0.293285042048, 103.543678284, 2.48740649223, -0.509942293167, 35.910785675], [-256.115386963, 43.5622215271, -5.46930170059, 21.0186691284, -24.2332801819, -1.11060655117, 43.1639900208, 15.1833982468, -3.19062066078, 2.48740649223, 65.6475143433, 0.590229153633, 17.4722747803], [156.149383545, -121.7059021, -5.33001947403, 16.6274452209, -18.4243068695, 2.15198755264, -16.6135406494, 27.2918357849, 1.49638867378, -0.509942293167, 0.590229153633, 85.3102111816, 10.0702104568], [-162.023162842, 2.53648972511, 5.03542661667, 12.4916849136, -47.1917953491, -14.9501028061, 44.434589386, -1.95088636875, -13.2292089462, 35.910785675, 17.4722747803, 10.0702104568, 70.8860473633]],
        "icov": [[0.000644431682304, 0.000860484025907, 0.000574322592001, 0.00146719568875, -2.07583889278e-05, 0.00119876826648, 0.000680541736074, -0.000248997035669, 0.000382430036552, 6.61879021209e-05, 0.000956658681389, -0.000128239596961, 0.00076864293078], [0.000860484025907, 0.00485197780654, 0.000426169484854, 0.00456485478207, 0.00208262656815, 0.00171077053528, -0.00151317834388, 0.0030285869725, -0.00315478956327, 0.00394632201642, -0.000750372360926, 0.00361411180347, 0.000821213820018], [0.000574322592001, 0.000426169484854, 0.00762125197798, -0.00218653795309, -0.000468488811748, 0.00413499679416, -0.000245278148213, 0.000798740133177, 0.00175505434163, -3.18021629937e-05, 0.00283991079777, -0.000284625188215, 0.00156142609194], [0.00146719568875, 0.00456485478207, -0.00218653795309, 0.0132401455194, 0.00318343029357, -0.000274327991065, -0.00170620926656, 0.0030159172602, 9.21928367461e-05, 0.00239988532849, -0.00109142891597, 0.000140456657391, 0.00327683077194], [-2.07583889278e-05, 0.00208262656815, -0.000468488811748, 0.00318343029357, 0.0148619832471, -0.00729401782155, 0.00107220408972, 0.00164214428514, -0.00395150762051, 0.00237146834843, 0.000268479663646, 0.00500310910866, 0.00436355033889], [0.00119876826648, 0.00171077053528, 0.00413499679416, -0.000274327991065, -0.00729401782155, 0.0241382904351, 0.00155350123532, 0.00228919810615, -0.0033571626991, 0.00155636528507, -0.000250463956036, -0.00206821085885, 0.000698074349202], [0.000680541736074, -0.00151317834388, -0.000245278148213, -0.00170620926656, 0.00107220408972, 0.00155350123532, 0.00911148358136, -0.00663134874776, 0.00344399735332, -0.00143920374103, 0.000875889440067, 0.00115414371248, -0.00193281425163], [-0.000248997035669, 0.0030285869725, 0.000798740133177, 0.0030159172602, 0.00164214428514, 0.00228919810615, -0.00663134874776, 0.0288978330791, -0.00835018511862, -0.00103228911757, -0.00775044877082, -0.0066427346319, 0.00708110630512], [0.000382430036552, -0.00315478956327, 0.00175505434163, 9.21928367461e-05, -0.00395150762051, -0.0033571626991, 0.00344399735332, -0.00835018511862, 0.0217618960887, -0.0043185884133, 0.00280564255081, -0.00309436768293, 0.00111588323489], [6.61879021209e-05, 0.00394632201642, -3.18021629937e-05, 0.00239988532849, 0.00237146834843, 0.00155636528507, -0.00143920374103, -0.00103228911757, -0.0043185884133, 0.0169644523412, 0.000177974739927, 0.00668494962156, -0.00802348088473], [0.000956658681389, -0.000750372360926, 0.00283991079777, -0.00109142891597, 0.000268479663646, -0.000250463956036, 0.000875889440067, -0.00775044877082, 0.00280564255081, 0.000177974739927, 0.0224446672946, 0.00050481595099, -0.00360288703814], [-0.000128239596961, 0.00361411180347, -0.000284625188215, 0.000140456657391, 0.00500310910866, -0.00206821085885, 0.00115414371248, -0.0066427346319, -0.00309436768293, 0.00668494962156, 0.00050481595099, 0.0212962087244, -0.00555256055668], [0.00076864293078, 0.000821213820018, 0.00156142609194, 0.00327683077194, 0.00436355033889, 0.000698074349202, -0.00193281425163, 0.00708110630512, 0.00111588323489, -0.00802348088473, -0.00360288703814, -0.00555256055668, 0.02555475384]]
    },
    "melbands": {
        "dmean": [7.99415033725e-07, 1.87723367162e-06, 1.83307765838e-05, 3.95952192775e-05, 5.26365984115e-05, 5.63988251088e-05, 8.6056177679e-05, 7.80743575888e-05, 5.8042085584e-05, 4.79140944663e-05, 2.75862730632e-05, 2.84227116936e-05, 3.22466839862e-05, 3.42487110174e-05, 2.64880873146e-05, 2.70592481684e-05, 7.28846498532e-05, 3.97409057769e-05, 2.52529771387e-05, 1.68601436599e-05, 8.21101639303e-06, 9.1401152531e-06, 1.60408471856e-05, 1.68106671481e-05, 8.23075060907e-06, 1.18351363199e-05, 3.07231421175e-05, 1.70200619323e-05, 1.84401560546e-05, 2.84190427919e-05, 5.16848558618e-06, 2.35996230913e-06, 1.96833002519e-06, 2.23130450649e-06, 2.89747276838e-06, 2.04274374482e-06, 3.40706696988e-06, 8.40863503981e-06, 1.3654705981e-05, 6.41250153421e-06],
        "dmean2": [1.41065027037e-06, 3.31894216288e-06, 2.63272122538e-05, 6.44718602416e-05, 8.87485875865e-05, 9.32481125346e-05, 0.000148641032865, 0.000142452772707, 9.97714159894e-05, 7.58181267884e-05, 4.11943401559e-05, 4.16401126131e-05, 5.24715796928e-05, 4.69627229904e-05, 3.78887307306e-05, 4.19589305238e-05, 0.00012409487681, 6.09291782894e-05, 3.9519949496e-05, 2.43920821958e-05, 1.2107114344e-05, 1.51297190314e-05, 2.88326282316e-05, 3.12425145239e-05, 1.41281516335e-05, 1.81525956577e-05, 4.94672458444e-05, 2.66809111054e-05, 3.06290676235e-05, 5.28639066033e-05, 9.27347446122e-06, 4.06304798162e-06, 3.2081095469e-06, 3.10020141114e-06, 4.69758606414e-06, 3.27058432958e-06, 5.13670693181e-06, 1.35141826831e-05, 2.0931551262e-05, 1.0658127394e-05],
        "dvar": [2.6679004058e-12, 4.35035167612e-11, 4.47520553948e-09, 1.81910593255e-08, 1.88660287392e-08, 4.12553511353e-08, 1.11334635733e-07, 5.92507412023e-08, 5.17513996101e-08, 2.39456632301e-08, 7.88933274265e-09, 1.34598110435e-08, 2.17393729685e-08, 3.34688259329e-08, 1.16609788492e-08, 6.68997568454e-09, 5.60452413367e-08, 1.36186883992e-08, 1.22967920291e-08, 6.04540906224e-09, 1.05579978094e-09, 9.68015556602e-10, 6.80826595101e-09, 7.97269628094e-09, 1.19045640012e-09, 2.64872568323e-09, 1.0101262049e-08, 2.36513209018e-09, 3.72350905664e-09, 2.96364568442e-08, 6.30378194089e-10, 4.69091848698e-11, 2.55833600832e-11, 3.74839777273e-11, 8.23697013375e-11, 3.63655806856e-11, 1.52111309659e-10, 7.10834779927e-10, 2.40799136186e-09, 4.72978378685e-10],
        "dvar2": [7.92323498477e-12, 1.26828395008e-10, 1.05607922407e-08, 4.62036204851e-08, 3.97246182615e-08, 1.04484968233e-07, 3.32620004428e-07, 1.79731316052e-07, 1.47693711483e-07, 5.89575961385e-08, 1.3311438174e-08, 1.88019146918e-08, 5.15052569483e-08, 7.54533289182e-08, 2.40270150442e-08, 1.49002028493e-08, 1.6159135896e-07, 2.96389792709e-08, 3.03638323373e-08, 1.48662540056e-08, 2.45852826986e-09, 2.5150987959e-09, 1.95464000541e-08, 2.33711361375e-08, 3.2627116564e-09, 6.53317488997e-09, 2.67027502332e-08, 5.70627500807e-09, 9.65148050369e-09, 8.73151080327e-08, 1.79818127055e-09, 1.27511903814e-10, 5.86895948507e-11, 7.66130353602e-11, 1.77076367458e-10, 8.81421324817e-11, 3.38241296083e-10, 1.70830438684e-09, 5.72833336321e-09, 1.00789432356e-09],
        "max": [1.3937523363e-05, 6.04082233622e-05, 0.000711336266249, 0.00131767045241, 0.0012321631657, 0.00199001166038, 0.00295766582713, 0.00188874464948, 0.00195002963301, 0.00114873494022, 0.000858845131006, 0.00111363898031, 0.00138048478402, 0.00172143080272, 0.000985237536952, 0.000658800010569, 0.00216086697765, 0.000893236720003, 0.000901280320249, 0.000639290956315, 0.000268285541097, 0.00020164680609, 0.000741043768357, 0.000780823291279, 0.000315317680361, 0.000421035249019, 0.00083737494424, 0.000386708648875, 0.000448329898063, 0.00152462814003, 0.000229096316616, 6.08491427556e-05, 3.75090348825e-05, 5.51731645828e-05, 7.00101518305e-05, 5.86548958381e-05, 0.000134756846819, 0.000181581752258, 0.000430009269621, 0.000183696887689],
        "mean": [8.51948925629e-07, 1.69443774212e-06, 1.95370012079e-05, 3.87464679079e-05, 5.92231663177e-05, 5.80429041293e-05, 7.70624174038e-05, 7.11347602191e-05, 5.56332088308e-05, 4.59118200524e-05, 3.63062827091e-05, 3.49446563632e-05, 3.15143479384e-05, 3.13575765176e-05, 2.56418552453e-05, 3.10797950078e-05, 7.55302971811e-05, 4.13575471612e-05, 2.27502205234e-05, 1.54345125338e-05, 8.00932502898e-06, 8.29241344036e-06, 1.20403765322e-05, 1.18230391308e-05, 7.19550553185e-06, 1.00943925645e-05, 3.17664998875e-05, 1.92377265193e-05, 1.69261056726e-05, 2.01317834581e-05, 4.77362482343e-06, 2.8615188512e-06, 2.21464915739e-06, 2.75851812148e-06, 3.99636610382e-06, 2.54493238572e-06, 3.45675698554e-06, 7.77105833549e-06, 1.27262037495e-05, 6.662818123e-06],
        "median": [4.73246871024e-07, 3.7008385334e-07, 4.76841432828e-06, 1.08724298116e-05, 1.62015930982e-05, 1.13101605166e-05, 1.27868770505e-05, 1.19329233712e-05, 8.32495061331e-06, 5.48047455595e-06, 5.46565615878e-06, 5.1415404414e-06, 3.82898770113e-06, 2.5947863378e-06, 2.3261250135e-06, 3.09677761834e-06, 5.87104796068e-06, 3.09185202241e-06, 1.14707063403e-06, 6.6977924007e-07, 4.43709922138e-07, 4.20342701091e-07, 3.83488014677e-07, 5.43610553905e-07, 5.56657653306e-07, 1.45755950598e-06, 9.93975572783e-06, 7.76059823693e-06, 3.78599520445e-06, 1.89670208783e-06, 1.19168669244e-06, 9.16071826396e-07, 5.96745167059e-07, 6.39327367935e-07, 6.20914875071e-07, 4.9219011089e-07, 5.39698135071e-07, 9.79357992037e-07, 1.45548449382e-06, 6.9421042781e-07],
        "min": [3.31601910375e-08, 1.79433232717e-08, 5.97329261609e-08, 2.17915072653e-07, 2.65768562713e-07, 1.94947574528e-07, 1.95089739918e-07, 6.2913562715e-07, 5.65096001992e-07, 5.82542327265e-07, 5.45813009012e-07, 6.20558353148e-07, 6.42613088075e-07, 2.85188377802e-07, 3.71916229369e-07, 7.04704135046e-08, 1.68767172681e-07, 7.12322290042e-08, 4.33057074645e-08, 3.23866622409e-08, 1.8823694603e-08, 2.63911470455e-08, 8.90378437646e-09, 2.75978315756e-08, 4.22208508155e-08, 5.8521344215e-08, 6.73220483804e-07, 4.03780830993e-07, 1.01508064176e-07, 3.19199564558e-08, 2.82824181852e-08, 2.37537793879e-08, 1.28957697854e-08, 1.81522334941e-08, 1.59867798999e-08, 8.57370885399e-09, 6.90855284091e-09, 1.40254723391e-08, 1.53020813798e-08, 1.03032071763e-08],
        "var": [1.76702391868e-12, 3.20781526342e-11, 4.92578688949e-09, 1.49169903096e-08, 2.22217906298e-08, 3.69768535791e-08, 7.4986139964e-08, 3.97733792568e-08, 3.48687905216e-08, 1.91750260115e-08, 1.05316066978e-08, 1.74388041785e-08, 1.75370793443e-08, 2.33323920185e-08, 9.86589476781e-09, 6.98689728296e-09, 4.92134262231e-08, 1.56508956906e-08, 8.63542926055e-09, 3.96057808771e-09, 8.13326572757e-10, 8.19566858823e-10, 4.4800900767e-09, 4.72663241879e-09, 9.25729326529e-10, 1.64800995073e-09, 7.74173702922e-09, 2.05226591277e-09, 2.59379007161e-09, 1.65943863095e-08, 3.95672938858e-10, 4.4219680001e-11, 2.87281153727e-11, 5.56779136685e-11, 1.33530977942e-10, 5.11640244061e-11, 1.71449451858e-10, 6.38651020957e-10, 2.27455765334e-09, 5.80178183274e-10]
    },
    "mfcc": {
        "mean": [-710.642150879, 41.8123207092, -1.74260675907, -8.67793560028, -29.5513000488, -14.4927024841, 3.42497062683, -31.8144397736, -11.2762317657, 3.34964132309, -10.6882305145, -7.72339630127, -2.14215898514],
        "cov": [[6136.06738281, -669.208007812, -815.68170166, -582.148620605, 593.213745117, -237.995895386, -506.848876953, -138.310562134, -43.7162475586, -199.519515991, 39.2524337769, 48.4766654968, -219.143310547], [-669.208007812, 660.884216309, -6.21351289749, -87.9796142578, -73.3709716797, -3.64689540863, 24.5314731598, 2.15886545181, -8.87753772736, 94.6569061279, -32.229763031, -52.3346633911, 36.0922279358], [-815.68170166, -6.21351289749, 296.573577881, 176.579544067, -151.772338867, 23.4622383118, 88.6122436523, 5.1009759903, 8.73917675018, -11.1365394592, -27.7293872833, 16.2702674866, 32.3602638245], [-582.148620605, -87.9796142578, 176.579544067, 201.443496704, -132.028518677, 22.9921245575, 87.6614990234, 14.2366895676, 25.443063736, -27.1991786957, -2.35010838509, 30.6072444916, 32.7261161804], [593.213745117, -73.3709716797, -151.772338867, -132.028518677, 296.968414307, 1.07608008385, -133.226089478, 13.3427352905, -67.8292694092, 19.7253704071, 18.8452720642, -64.9478149414, -79.8427810669], [-237.995895386, -3.64689540863, 23.4622383118, 22.9921245575, 1.07608008385, 69.3239364624, 21.1436576843, -8.93606376648, 15.6923933029, 5.47335290909, -5.0341053009, -0.838409245014, -9.60426044464], [-506.848876953, 24.5314731598, 88.6122436523, 87.6614990234, -133.226089478, 21.1436576843, 143.15184021, 3.60845327377, 25.8024139404, -7.48170423508, -2.31136989594, 27.4520053864, 48.3535232544], [-138.310562134, 2.15886545181, 5.1009759903, 14.2366895676, 13.3427352905, -8.93606376648, 3.60845327377, 131.719711304, -22.9156837463, -19.6359901428, 15.1373519897, 7.78300619125, 8.08948326111], [-43.7162475586, -8.87753772736, 8.73917675018, 25.443063736, -67.8292694092, 15.6923933029, 25.8024139404, -22.9156837463, 77.7194976807, -2.02491664886, 7.40639638901, 26.6028842926, 17.1696910858], [-199.519515991, 94.6569061279, -11.1365394592, -27.1991786957, 19.7253704071, 5.47335290909, -7.48170423508, -19.6359901428, -2.02491664886, 86.7694625854, 3.1252374649, -24.3359661102, 6.93450164795], [39.2524337769, -32.229763031, -27.7293872833, -2.35010838509, 18.8452720642, -5.0341053009, -2.31136989594, 15.1373519897, 7.40639638901, 3.1252374649, 60.4447135925, 6.10764837265, 5.73814964294], [48.4766654968, -52.3346633911, 16.2702674866, 30.6072444916, -64.9478149414, -0.838409245014, 27.4520053864, 7.78300619125, 26.6028842926, -24.3359661102, 6.10764837265, 58.6393280029, 18.898141861], [-219.143310547, 36.0922279358, 32.3602638245, 32.7261161804, -79.8427810669, -9.60426044464, 48.3535232544, 8.08948326111, 17.1696910858, 6.93450164795, 5.73814964294, 18.898141861, 67.4952316284]],
