{
"lowlevel": {
    "average_loudness": 0.53323251009,
    "barkbands_crest": {
        "dmean": 2.44644546509,
        "dmean2": 3.93145489693,
        "dvar": 5.2000670433,
        "dvar2": 12.8393659592,
        "max": 25.0370540619,
        "mean": 8.02894687653,
        "median": 6.57419109344,
        "min": 2.43229436874,
        "var": 23.5574302673
    },
    "barkbands_flatness_db": {
        "dmean": 0.0208712182939,
        "dmean2": 0.0321634747088,
        "dvar": 0.00047593540512,
        "dvar2": 0.00101858063135,
        "max": 0.361558496952,
        "mean": 0.0924155414104,
        "median": 0.0767878368497,
        "min": 0.0118101201952,
        "var": 0.00331295910291
    },
    "barkbands_kurtosis": {
        "dmean": 3.09848165512,
        "dmean2": 4.8311920166,
        "dvar": 65.1880340576,
        "dvar2": 126.184959412,
        "max": 139.118927002,
        "mean": 3.40144276619,
        "median": -0.172780513763,
        "min": -1.70556616783,
        "var": 131.788772583
    },
    "barkbands_skewness": {
        "dmean": 0.610234498978,
        "dmean2": 0.961783826351,
        "dvar": 0.474111557007,
        "dvar2": 1.07970583439,
        "max": 5.37610197067,
        "mean": 0.449849784374,
        "median": 0.556279599667,
        "min": -9.1917514801,
        "var": 2.9749777317
    },
    "barkbands_spread": {
        "dmean": 7.00187063217,
        "dmean2": 11.130279541,
        "dvar": 76.1100158691,
        "dvar2": 147.383270264,
        "max": 96.2952957153,
        "mean": 32.0923500061,
        "median": 31.8696060181,
        "min": 0.74156576395,
        "var": 289.028564453
    },
    "dissonance": {
        "dmean": 0.0112967994064,
        "dmean2": 0.0197540726513,
        "dvar": 0.000250749551924,
        "dvar2": 0.000681728532072,
        "max": 0.499963611364,
        "mean": 0.484982222319,
        "median": 0.49024450779,
        "min": 0.384935498238,
        "var": 0.000288794894004
    },
    "dynamic_complexity": 20.9663181305,
    "erbbands_crest": {
        "dmean": 2.04864764214,
        "dmean2": 3.37384796143,
        "dvar": 5.32940387726,
        "dvar2": 13.7990589142,
        "max": 28.5769443512,
        "mean": 7.21249103546,
        "median": 5.15489578247,
        "min": 2.56859588623,
        "var": 26.7942142487
    },
    "erbbands_flatness_db": {
        "dmean": 0.0147951282561,
        "dmean2": 0.0223213825375,
        "dvar": 0.000314745237119,
        "dvar2": 0.000627309898846,
        "max": 0.368079453707,
        "mean": 0.141736984253,
        "median": 0.133264452219,
        "min": 0.0440514683723,
        "var": 0.00223816838115
    },
    "erbbands_kurtosis": {
        "dmean": 1.08351802826,
        "dmean2": 1.73262441158,
        "dvar": 4.65783214569,
        "dvar2": 9.09573841095,
        "max": 34.381690979,
        "mean": 0.705058038235,
        "median": -0.4710688591,
        "min": -1.41159856319,
        "var": 14.6668748856
    },
    "erbbands_skewness": {
        "dmean": 0.400176614523,
        "dmean2": 0.621818065643,
        "dvar": 0.195405989885,
        "dvar2": 0.453307569027,
        "max": 4.14418172836,
        "mean": -0.0509823299944,
        "median": -0.209142908454,
        "min": -4.71041917801,
        "var": 1.10236179829
    },
    "erbbands_spread": {
        "dmean": 6.68454360962,
        "dmean2": 10.8865528107,
        "dvar": 40.5630378723,
        "dvar2": 101.329086304,
        "max": 84.0765304565,
        "mean": 39.8338928223,
        "median": 40.9769935608,
        "min": 2.92504096031,
        "var": 221.372817993
    },
    "hfc": {
        "dmean": 14.5444736481,
        "dmean2": 22.3329868317,
        "dvar": 13982.4931641,
        "dvar2": 36176.1132812,
        "max": 1973.84033203,
        "mean": 17.5853004456,
        "median": 0.147728562355,
        "min": 0.000565992551856,
        "var": 11164.4101562
    },
    "melbands_crest": {
        "dmean": 3.17541098595,
        "dmean2": 5.17310190201,
        "dvar": 8.08718299866,
        "dvar2": 20.402381897,
        "max": 28.6034736633,
        "mean": 10.8185157776,
        "median": 9.9873085022,
        "min": 2.62114191055,
        "var": 27.171081543
    },
    "melbands_flatness_db": {
        "dmean": 0.0249436348677,
        "dmean2": 0.0398549288511,
        "dvar": 0.000645137915853,
        "dvar2": 0.00146828417201,
        "max": 0.274486869574,
        "mean": 0.112156741321,
        "median": 0.101512402296,
        "min": 0.0176463406533,
        "var": 0.00328311370686
    },
    "melbands_kurtosis": {
        "dmean": 4.34983301163,
        "dmean2": 7.06555128098,
        "dvar": 55.0438842773,
        "dvar2": 131.37840271,
        "max": 78.4098815918,
        "mean": 6.83317899704,
        "median": 3.23622322083,
        "min": -1.56969642639,
        "var": 118.316642761
    },
    "melbands_skewness": {
        "dmean": 0.643985211849,
        "dmean2": 1.02554380894,
        "dvar": 0.442167192698,
        "dvar2": 1.0027834177,
        "max": 7.13674402237,
        "mean": 1.53969860077,
        "median": 1.67615306377,
        "min": -6.55826282501,
        "var": 2.62239742279
    },
    "melbands_spread": {
        "dmean": 13.5546283722,
        "dmean2": 21.6791610718,
        "dvar": 210.223831177,
        "dvar2": 515.805480957,
        "max": 168.544769287,
        "mean": 49.0633125305,
        "median": 41.4182319641,
        "min": 2.57153511047,
        "var": 1268.04919434
    },
    "pitch_salience": {
        "dmean": 0.0690073594451,
        "dmean2": 0.114055417478,
        "dvar": 0.00570514332503,
        "dvar2": 0.0171203445643,
        "max": 0.922885835171,
        "mean": 0.674718677998,
        "median": 0.715846121311,
        "min": 0.146138891578,
        "var": 0.0167374033481
    },
    "silence_rate_20dB": {
        "dmean": 0,
        "dmean2": 0,
        "dvar": 0,
        "dvar2": 0,
        "max": 1,
        "mean": 1,
        "median": 1,
        "min": 1,
        "var": 0
    },
    "silence_rate_30dB": {
        "dmean": 0.0153846153989,
        "dmean2": 0.0308483298868,
        "dvar": 0.0151479132473,
        "dvar2": 0.0298966988921,
        "max": 1,
        "mean": 0.9820972085,
        "median": 1,
        "min": 0,
        "var": 0.0175822917372
    },
    "silence_rate_60dB": {
        "dmean": 0.0410256423056,
        "dmean2": 0.0822622105479,
        "dvar": 0.0393426120281,
        "dvar2": 0.0857780501246,
        "max": 1,
        "mean": 0.69053709507,
        "median": 1,
        "min": 0,
        "var": 0.213695243001
    },
    "spectral_centroid": {
        "dmean": 361.152130127,
        "dmean2": 556.052246094,
        "dvar": 139230.625,
        "dvar2": 274052.53125,
        "max": 7157.71679688,
        "mean": 2393.84106445,
        "median": 2283.40209961,
        "min": 433.266723633,
        "var": 1498908.125
    },
    "spectral_complexity": {
        "dmean": 2.41282057762,
        "dmean2": 3.04370188713,
        "dvar": 26.2475681305,
        "dvar2": 36.5043983459,
        "max": 61,
        "mean": 8.62659835815,
        "median": 0,
        "min": 0,
        "var": 232.352508545
    },
    "spectral_decrease": {
        "dmean": 9.99587412842e-10,
        "dmean2": 1.34038635746e-09,
        "dvar": 8.82590050347e-18,
        "dvar2": 1.66017663568e-17,
        "max": -1.15440426315e-14,
        "mean": -1.89374738113e-09,
        "median": -8.20261740475e-12,
        "min": -4.54897985946e-08,
        "var": 2.66305454625e-17
    },
    "spectral_energy": {
        "dmean": 0.00502700312063,
        "dmean2": 0.00696013588458,
        "dvar": 0.000299463514239,
        "dvar2": 0.000675813294947,
        "max": 0.219870343804,
        "mean": 0.0087424768135,
        "median": 4.94214218634e-05,
        "min": 9.87785711004e-08,
        "var": 0.000564154586755
    },
    "spectral_energyband_high": {
        "dmean": 0.00149282172788,
        "dmean2": 0.00235183420591,
        "dvar": 0.000174342421815,
        "dvar2": 0.000455736240838,
        "max": 0.218972980976,
        "mean": 0.00151874590665,
        "median": 1.38363930091e-05,
        "min": 1.45632714776e-08,
        "var": 0.000134330693982
    },
    "spectral_energyband_low": {
        "dmean": 0.000420634110924,
        "dmean2": 0.00061542307958,
        "dvar": 1.95834059014e-06,
        "dvar2": 4.18814443037e-06,
        "max": 0.0150692733005,
        "mean": 0.000401782861445,
        "median": 4.01463921662e-07,
        "min": 4.34538138805e-09,
        "var": 2.29594752454e-06
    },
    "spectral_energyband_middle_high": {
        "dmean": 0.000546050432604,
        "dmean2": 0.000678655167576,
        "dvar": 3.29801628141e-06,
        "dvar2": 5.18458136867e-06,
        "max": 0.032350230962,
        "mean": 0.00152271334082,
        "median": 1.27179264382e-05,
        "min": 7.84326026348e-09,
        "var": 1.42172884807e-05
    },
    "spectral_energyband_middle_low": {
        "dmean": 0.00326298759319,
        "dmean2": 0.00459118140861,
        "dvar": 0.000107307067083,
        "dvar2": 0.000212794155232,
        "max": 0.161169856787,
        "mean": 0.00565799418837,
        "median": 6.17168825556e-06,
        "min": 2.87529289267e-08,
        "var": 0.000280805950752
    },
    "spectral_entropy": {
        "dmean": 0.132116675377,
        "dmean2": 0.216626465321,
        "dvar": 0.0396203584969,
        "dvar2": 0.115890681744,
        "max": 8.56096935272,
        "mean": 8.00985431671,
        "median": 8.09308624268,
        "min": 6.5301027298,
        "var": 0.102801956236
    },
    "spectral_flux": {
        "dmean": 0.0106699960306,
        "dmean2": 0.0160158295184,
        "dvar": 0.000684356433339,
        "dvar2": 0.00137836753856,
        "max": 0.36387270689,
        "mean": 0.0348766446114,
        "median": 0.00530183967203,
        "min": 0.000210193597013,
        "var": 0.00300726247951
    },
    "spectral_kurtosis": {
        "dmean": 0.70244461298,
        "dmean2": 1.08213031292,
        "dvar": 0.551955521107,
        "dvar2": 1.1349003315,
        "max": 12.2343082428,
        "mean": 3.78286504745,
        "median": 3.08532619476,
        "min": -0.744171380997,
        "var": 5.75680303574
    },
    "spectral_rms": {
        "dmean": 0.00047044135863,
        "dmean2": 0.000590212410316,
        "dvar": 1.12348959647e-06,
        "dvar2": 1.95261418412e-06,
        "max": 0.0146460803226,
        "mean": 0.00157766661141,
        "median": 0.000219581459532,
        "min": 9.81678840617e-06,
        "var": 6.04021761319e-06
    },
    "spectral_rolloff": {
        "dmean": 1044.58056641,
        "dmean2": 1717.06555176,
        "dvar": 3988817,
        "dvar2": 8399761,
        "max": 19487.5488281,
        "mean": 4703.10595703,
        "median": 3531.4453125,
        "min": 322.998046875,
        "var": 15271241
    },
    "spectral_skewness": {
        "dmean": 0.134706616402,
        "dmean2": 0.203611969948,
        "dvar": 0.0206850916147,
        "dvar2": 0.0380116961896,
        "max": 2.85177874565,
        "mean": 1.42849755287,
        "median": 1.32730948925,
        "min": 0.188746407628,
        "var": 0.180260956287
    },
    "spectral_spread": {
        "dmean": 493372.03125,
        "dmean2": 778618.25,
        "dvar": 833089241088,
        "dvar2": 2.20765670605e+12,
        "max": 16257200,
        "mean": 5698192.5,
        "median": 5286642.5,
        "min": 3620152.25,
        "var": 2.36942445773e+12
    },
    "spectral_strongpeak": {
        "dmean": 0.832797944546,
        "dmean2": 1.38393938541,
        "dvar": 24.5847740173,
        "dvar2": 66.645072937,
        "max": 79.8468017578,
        "mean": 1.07015097141,
        "median": 0.0746096000075,
        "min": 0,
        "var": 24.9153289795
    },
    "zerocrossingrate": {
        "dmean": 0.0180989578366,
        "dmean2": 0.0221370905638,
        "dvar": 0.000384046259569,
        "dvar2": 0.000547760340851,
        "max": 0.470703125,
        "mean": 0.163080945611,
        "median": 0.12451171875,
        "min": 0.015625,
        "var": 0.00956503394991
    },
    "barkbands": {
        "dmean": [3.39958177165e-07, 9.70381961451e-07, 9.26280918065e-05, 0.000499417481478, 0.00101627735421, 0.00167081097607, 0.000282631895971, 0.000356052274583, 0.000225966155995, 0.000140775620821, 8.56688711792e-05, 0.000123205943964, 6.84819824528e-05, 7.39854949643e-05, 7.89901168901e-05, 7.61290793889e-05, 7.3292547313e-05, 6.74210750731e-05, 9.48473534663e-05, 9.90372354863e-05, 0.000237111380557, 2.6638572308e-05, 5.09884921485e-05, 0.000916490040254, 0.000167184480233, 6.26710316283e-05, 6.70682857162e-05],
        "dmean2": [3.95644349283e-07, 1.31789306579e-06, 0.00014420170919, 0.000701443292201, 0.00151877291501, 0.00256721908227, 0.000436476053437, 0.000641802791506, 0.00032165934681, 0.000215399733861, 0.00013439488248, 0.000205435426324, 0.000120638855151, 0.000122839162941, 0.000133943467517, 0.000111580106022, 0.000116964423796, 9.85968435998e-05, 0.000127571111079, 0.00015029394126, 0.000365672080079, 3.69890476577e-05, 7.88464749348e-05, 0.00159136811271, 0.000224715753575, 7.73727151682e-05, 0.0001091394588],
        "dvar": [1.56370177223e-11, 6.76324829474e-11, 9.4200579781e-08, 2.74466219707e-06, 9.8799373518e-06, 4.60748196929e-05, 6.09425228504e-07, 1.95632401301e-06, 7.94610173216e-07, 3.11667861297e-07, 1.00440338713e-07, 1.58023738095e-07, 4.75920423071e-08, 4.04554292288e-08, 8.7436319518e-08, 4.30969144816e-08, 7.69949224377e-08, 3.26511333526e-08, 5.69806317685e-08, 9.87167254607e-08, 1.93024015971e-06, 9.10657238506e-09, 7.08660934379e-08, 0.000105360391899, 8.22752554086e-07, 2.05636652595e-07, 5.251375228e-07],
        "dvar2": [1.5713610968e-11, 7.28458751653e-11, 1.90914192899e-07, 5.83930113862e-06, 2.17672550207e-05, 0.00010215218208, 1.44567445659e-06, 5.42921543456e-06, 1.66846314187e-06, 6.7608215204e-07, 2.69540294084e-07, 3.99251348426e-07, 1.23542264419e-07, 1.1097412056e-07, 2.4019524858e-07, 8.81853097212e-08, 2.0394101341e-07, 7.66480852121e-08, 1.01162093813e-07, 2.50317270911e-07, 4.70330451208e-06, 2.05967651823e-08, 1.85520377727e-07, 0.000287352333544, 1.77907793386e-06, 3.59020503993e-07, 1.37005781653e-06],
        "max": [7.67663295846e-05, 0.000157306451001, 0.00340936356224, 0.0171921271831, 0.0495327264071, 0.102780923247, 0.00836211629212, 0.0226947907358, 0.0151003859937, 0.00961026828736, 0.00449048727751, 0.00467206211761, 0.00295358709991, 0.00199835724197, 0.0034672790207, 0.00234115659259, 0.00465950602666, 0.00259992177598, 0.00368029950187, 0.00451513100415, 0.0222186353058, 0.00176449678838, 0.00412251008675, 0.160823017359, 0.0134456148371, 0.00906277820468, 0.0123408343643],
        "mean": [3.75524706442e-07, 9.14061274671e-07, 8.8859043899e-05, 0.00050092546735, 0.00155253009871, 0.00222763931379, 0.000477600842714, 0.000454568449641, 0.000358700519428, 0.000209815378184, 0.000111260618723, 0.000177261492354, 0.000115028262371, 0.000117813389807, 0.00012035130203, 0.000151103828102, 0.000129930122057, 0.000133918059873, 0.000205666772672, 0.000182470510481, 0.000295290432405, 5.56497543585e-05, 8.31162469694e-05, 0.000659296172671, 0.000195806918782, 7.56993249524e-05, 5.94090524828e-05],
        "median": [3.00392386521e-08, 1.62607207699e-08, 1.49061193611e-07, 3.32937219127e-07, 5.95828225869e-07, 8.96896835911e-07, 1.29255658976e-06, 1.454219273e-06, 1.16277715279e-06, 7.01278679571e-07, 6.2795697886e-07, 9.5155417057e-07, 8.07480944331e-07, 8.20052264316e-07, 1.34061338031e-06, 1.23456914025e-06, 1.19894616546e-06, 1.58013017426e-06, 2.1036828457e-06, 2.00911608772e-06, 2.29708598454e-06, 8.61208263814e-07, 1.05303570308e-06, 2.80050767287e-06, 1.19603907933e-06, 4.56755685718e-07, 4.53914168475e-08],
        "min": [1.14797553408e-10, 1.97749164266e-10, 2.93464919032e-10, 3.22767812477e-10, 3.19656234815e-09, 3.06642178316e-09, 2.35833019779e-09, 6.65933808097e-10, 8.82667217095e-10, 2.94500313025e-10, 3.57262802675e-10, 4.71809535885e-10, 2.65871796801e-10, 5.2313547938e-10, 4.45889741796e-10, 7.34684924009e-10, 4.8233983474e-10, 5.93220084166e-10, 3.95039528867e-10, 3.6564881678e-10, 3.11706965794e-10, 2.10850503723e-10, 2.70990507811e-10, 4.85092521707e-10, 5.11727937802e-10, 1.04008612833e-09, 1.22917764855e-08],
        "var": [1.6614961143e-11, 7.01960226057e-11, 1.10767402361e-07, 3.39109828928e-06, 2.49478234764e-05, 6.72707901685e-05, 1.70366854491e-06, 3.05539720102e-06, 1.60520960435e-06, 5.83237522278e-07, 1.47038818454e-07, 2.87258956178e-07, 9.56863672741e-08, 8.05710271834e-08, 1.11877142217e-07, 1.31371152179e-07, 1.23101585814e-07, 9.13690030302e-08, 2.16754017401e-07, 2.22557645202e-07, 2.02948376682e-06, 2.05345944693e-08, 9.9722562652e-08, 6.92804387654e-05, 9.87201588032e-07, 3.07735149363e-07, 4.43378610271e-07]
    },
    "erbbands": {
        "dmean": [4.90436941618e-05, 0.001098524197, 0.0711019411683, 1.13139522076, 2.04704737663, 4.47589683533, 10.7435617447, 12.7076997757, 5.17418336868, 6.94064426422, 4.94009685516, 5.55765533447, 5.62823438644, 3.79174804688, 3.48849058151, 4.65578651428, 3.07011461258, 3.79833984375, 3.53311634064, 3.29628348351, 4.57006263733, 4.16965103149, 3.6366250515, 4.61605787277, 4.74091482162, 5.15246391296, 14.7212276459, 3.15312457085, 1.00836610794, 0.905919492245, 1.80128395557, 7.97166585922, 19.0445632935, 1.05473065376, 2.27695322037, 0.167997002602, 0.249484583735, 0.0749045237899, 0.00749287009239, 0.000115340706543],
        "dmean2": [6.59600118524e-05, 0.00160816905554, 0.106919661164, 1.59127187729, 3.21460938454, 7.15525150299, 15.8407621384, 19.4370059967, 7.59538507462, 11.6639041901, 8.89175510406, 7.93232536316, 8.9247674942, 5.67276859283, 4.93987941742, 7.56971693039, 5.27775526047, 6.41351509094, 5.76059961319, 4.91007041931, 6.72064495087, 6.54107713699, 5.03423976898, 6.46936273575, 6.05784130096, 7.90306615829, 22.7238407135, 4.75639343262, 1.36616778374, 1.25859868526, 2.8398308754, 13.76674366, 32.991065979, 1.45085430145, 3.25521659851, 0.212791576982, 0.316168785095, 0.11968664825, 0.0117954807356, 0.000167798061739],
        "dvar": [7.37265182238e-08, 1.33801313495e-05, 0.0534020215273, 13.8623580933, 40.4498748779, 204.068222046, 2266.21166992, 2304.89501953, 317.245727539, 580.852050781, 357.79864502, 485.699249268, 488.912109375, 173.74937439, 180.782287598, 201.376998901, 105.62638092, 121.57901001, 120.582603455, 118.682128906, 153.12713623, 223.187423706, 91.5262451172, 139.702667236, 153.784881592, 252.230224609, 8723.30273438, 199.942367554, 12.615603447, 9.16716575623, 107.391052246, 7586.93310547, 45417.25, 37.6166763306, 192.548904419, 0.620111167431, 3.75988984108, 0.665145158768, 0.00633151270449, 1.34080551106e-06],
        "dvar2": [8.54643218418e-08, 2.26760148507e-05, 0.108256176114, 29.5782470703, 81.5894927979, 518.16784668, 4690.6875, 5238.0390625, 776.988830566, 1378.78100586, 1007.04748535, 1079.26538086, 1239.65478516, 393.270294189, 334.468719482, 480.619781494, 283.03604126, 350.261810303, 316.399414062, 287.228057861, 311.809020996, 583.791320801, 195.124801636, 285.617736816, 291.783752441, 660.739990234, 21248.328125, 521.711364746, 28.5407447815, 21.557012558, 286.727966309, 20717.3710938, 123579.40625, 81.9330444336, 428.860809326, 1.15328490734, 6.82118177414, 1.71196186543, 0.0159425716847, 3.1703402783e-06],
        "max": [0.00504749873653, 0.0382420383394, 2.56153130531, 39.6646881104, 82.6640625, 218.103622437, 719.053588867, 512.83782959, 209.76902771, 428.102416992, 294.193969727, 370.90927124, 333.677368164, 224.154556274, 256.801940918, 168.369918823, 135.28263855, 113.028594971, 159.073562622, 135.147186279, 137.244644165, 245.649337769, 150.794815063, 148.537490845, 193.237060547, 227.241409302, 1514.25585938, 219.169036865, 66.4255447388, 43.5122451782, 165.163452148, 1363.2956543, 3346.83251953, 104.331581116, 202.687240601, 13.1577720642, 38.3314476013, 14.1310157776, 1.37497067451, 0.0206118505448],
        "mean": [5.82112297707e-05, 0.00123655074276, 0.0705026164651, 1.14226579666, 3.27024722099, 6.00392198563, 13.0470485687, 15.3523139954, 8.3372220993, 9.7774772644, 7.44687223434, 8.45985984802, 8.23388767242, 5.25143289566, 5.30704021454, 7.03737592697, 5.46254014969, 5.94655513763, 6.18158578873, 5.99751091003, 8.70138072968, 7.6189160347, 7.56563901901, 9.54824638367, 10.0899477005, 9.12882709503, 17.8179359436, 4.86661624908, 2.11105036736, 1.78754854202, 2.72064161301, 6.17389059067, 13.6500225067, 1.40958976746, 2.3388915062, 0.252628624439, 0.26880517602, 0.0701482892036, 0.00689067551866, 0.000126287239254],
        "median": [8.84872008555e-07, 5.33662205271e-06, 0.000115237256978, 0.00083084468497, 0.00134329358116, 0.00243432191201, 0.00491047929972, 0.00794266164303, 0.0138213736936, 0.0258148405701, 0.0253429207951, 0.0238538961858, 0.025502094999, 0.0241214130074, 0.0272847544402, 0.0380254723132, 0.0424434617162, 0.0430421121418, 0.0541888438165, 0.0666225478053, 0.0727430507541, 0.0789639800787, 0.0922439023852, 0.0794098079205, 0.104107998312, 0.117379054427, 0.118147566915, 0.0627560764551, 0.0378228574991, 0.0307675842196, 0.0330769978464, 0.040431831032, 0.0478391088545, 0.0155190844089, 0.00931733939797, 0.0034090206027, 0.000709597952664, 6.3376093749e-05, 7.34760305932e-06, 7.11000666342e-07],
        "min": [1.55719543926e-08, 6.51736655755e-08, 1.0240210031e-06, 2.83964868686e-06, 8.41502424009e-06, 1.06199477159e-05, 1.01667192212e-05, 2.32526072068e-05, 3.26489753206e-05, 4.12487861468e-05, 1.83235661098e-05, 1.67289581441e-05, 7.18217461326e-06, 1.73931039171e-05, 2.19471330638e-05, 2.49246895692e-05, 1.86920278793e-05, 3.29861723003e-05, 1.29769705381e-05, 3.31175324391e-05, 3.22331870848e-05, 3.11589283228e-05, 3.02024691337e-05, 2.28466742556e-05, 2.46247982432e-05, 1.756358688e-05, 9.35795105761e-06, 8.97209974937e-06, 8.95983703231e-06, 9.68870881479e-06, 8.39985204948e-06, 8.05050785857e-06, 8.46944931254e-06, 5.88396778767e-06, 3.54170333594e-06, 2.01565353564e-06, 2.03971376322e-06, 2.0758093342e-06, 1.32861930524e-06, 2.31876796875e-07],
        "var": [8.43032381681e-08, 1.77574311238e-05, 0.0656533464789, 17.1450157166, 100.312995911, 411.544067383, 2954.66430664, 3281.14672852, 663.621520996, 1279.01184082, 588.891357422, 914.315307617, 795.035949707, 320.45425415, 396.668945312, 406.075378418, 211.193069458, 224.884063721, 229.271453857, 235.633255005, 448.283538818, 398.578918457, 290.492553711, 466.538726807, 563.869262695, 497.893066406, 9087.92578125, 214.917495728, 28.1064624786, 18.462846756, 135.608383179, 4972.88769531, 30070.4863281, 40.3410644531, 215.849731445, 0.951484084129, 5.39033651352, 0.579715371132, 0.00568793108687, 1.33500805077e-06]
    },
    "gfcc": {
        "mean": [-246.488815308, 10.5025377274, -124.273956299, 7.81963253021, -73.9277114868, -11.6342258453, -53.1541862488, -1.40458321571, -33.4935493469, -2.00772094727, -16.8501987457, -10.4692544937, -11.4714450836],
        "cov": [[48157.21875, 391.367553711, -3413.34301758, 1587.46325684, -3445.64038086, 8.82899093628, -3029.32495117, -149.882537842, -3306.00024414, -344.171783447, -1809.48608398, -130.232772827, -687.79107666], [391.367553711, 2945.27490234, -161.433731079, -81.8050003052, 180.322952271, -497.672149658, -53.7891387939, -110.778823853, 106.495025635, -87.5054550171, 89.9884033203, 44.394657135, -69.682723999], [-3413.34301758, -161.433731079, 784.528503418, -181.669525146, 332.217010498, 3.85244965553, 246.531463623, -7.43830490112, 255.570877075, 47.0297813416, 136.664916992, -2.58745551109, 45.159450531], [1587.46325684, -81.8050003052, -181.669525146, 310.96685791, -72.7432022095, 98.82837677, -126.078208923, -3.60046267509, -137.681503296, -31.6522502899, -110.161201477, -11.1769180298, -35.2753868103], [-3445.64038086, 180.322952271, 332.217010498, -72.7432022095, 369.937408447, -4.75344324112, 240.19909668, -6.26616001129, 249.389068604, 9.47070598602, 130.791763306, 6.93129444122, 44.6355285645], [8.82899093628, -497.672149658, 3.85244965553, 98.82837677, -4.75344324112, 177.698410034, -0.468467742205, 35.2684288025, -35.9628486633, -5.56565856934, -29.8237094879, -17.1405200958, 12.1152210236], [-3029.32495117, -53.7891387939, 246.531463623, -126.078208923, 240.19909668, -0.468467742205, 282.646789551, 15.3508863449, 227.055953979, 26.8374671936, 127.897613525, 3.46137261391, 48.5353965759], [-149.882537842, -110.778823853, -7.43830490112, -3.60046267509, -6.26616001129, 35.2684288025, 15.3508863449, 54.2670555115, 25.2623882294, 15.3278846741, 0.889309942722, -9.72941112518, -5.19363164902], [-3306.00024414, 106.495025635, 255.570877075, -137.681503296, 249.389068604, -35.9628486633, 227.055953979, 25.2623882294, 290.052978516, 45.5033035278, 138.657546997, 9.01605129242, 42.1924133301], [-344.171783447, -87.5054550171, 47.0297813416, -31.6522502899, 9.47070598602, -5.56565856934, 26.8374671936, 15.3278846741, 45.5033035278, 50.2271995544, 21.5473957062, 2.59149003029, -2.07090377808], [-1809.48608398, 89.9884033203, 136.664916992, -110.161201477, 130.791763306, -29.8237094879, 127.897613525, 0.889309942722, 138.657546997, 21.5473957062, 121.743232727, 13.3790369034, 33.3308029175], [-130.232772827, 44.394657135, -2.58745551109, -11.1769180298, 6.93129444122, -17.1405200958, 3.46137261391, -9.72941112518, 9.01605129242, 2.59149003029, 13.3790369034, 30.8860549927, 12.7954502106], [-687.79107666, -69.682723999, 45.159450531, -35.2753868103, 44.6355285645, 12.1152210236, 48.5353965759, -5.19363164902, 42.1924133301, -2.07090377808, 33.3308029175, 12.7954502106, 52.6069602966]],
        "icov": [[0.000188770150999, -0.000163892749697, -7.83641444286e-05, -8.08154727565e-05, 0.000643419392873, 3.70100569853e-05, 0.000151190863107, -0.000287793460302, 0.00141466478817, -0.000625663727988, 0.000593665929046, 0.000160184528795, -3.26828339894e-05], [-0.000163892749697, 0.00122712017037, 0.000405580329243, -0.000485759781441, -0.00179007044062, 0.00318574719131, 0.000910237897187, -0.000458743481431, -0.00147826992907, 0.00273001962341, -0.00154530804139, -0.000231420621276, 0.00103731965646], [-7.83641444286e-05, 0.000405580329243, 0.00272817257792, 0.00139955675695, -0.00296129705384, -0.000239697124925, 0.000421342148911, 0.0016574888723, -0.000818339060061, -0.00107600633055, 0.000248624273809, 0.000748665945139, 0.000726241618395], [-8.08154727565e-05, -0.000485759781441, 0.00139955675695, 0.00789433158934, -0.00288813654333, -0.00610558129847, 0.00127194751985, 0.00313213979825, -0.000325663451804, -0.00112274929415, 0.00494631938636, -0.00171279429924, 0.00288407504559], [0.000643419392873, -0.00179007044062, -0.00296129705384, -0.00288813654333, 0.0159123763442, -0.00409871293232, -0.00433141412213, 0.00386483012699, -0.00242022564635, 0.00196773069911, 0.000349993671989, 0.000145210316987, 0.000228429766139], [3.70100569853e-05, 0.00318574719131, -0.000239697124925, -0.00610558129847, -0.00409871293232, 0.0213656313717, 0.000911005656235, -0.0117110135034, 0.00436372682452, 0.0055022588931, -0.00338219571859, 0.00402811774984, -0.00474418327212], [0.000151190863107, 0.000910237897187, 0.000421342148911, 0.00127194751985, -0.00433141412213, 0.000911005656235, 0.0139275519177, -0.00081844010856, -0.00403628638014, 0.00159709341824, -0.00314723863266, 0.00233230809681, -0.00106469623279], [-0.000287793460302, -0.000458743481431, 0.0016574888723, 0.00313213979825, 0.00386483012699, -0.0117110135034, -0.00081844010856, 0.0334539338946, -0.011695753783, -0.00460351444781, 0.00257897539996, 0.00402667932212, 0.00636850250885], [0.00141466478817, -0.00147826992907, -0.000818339060061, -0.000325663451804, -0.00242022564635, 0.00436372682452, -0.00403628638014, -0.011695753783, 0.0304021053016, -0.0132386935875, -0.00055750797037, 0.00192886509467, -0.00438119005412], [-0.000625663727988, 0.00273001962341, -0.00107600633055, -0.00112274929415, 0.00196773069911, 0.0055022588931, 0.00159709341824, -0.00460351444781, -0.0132386935875, 0.0369821451604, -0.00667457375675, -0.00594007363543, 0.00848962087184], [0.000593665929046, -0.00154530804139, 0.000248624273809, 0.00494631938636, 0.000349993671989, -0.00338219571859, -0.00314723863266, 0.00257897539996, -0.00055750797037, -0.00667457375675, 0.0278074610978, -0.00391069240868, -0.00402442226186], [0.000160184528795, -0.000231420621276, 0.000748665945139, -0.00171279429924, 0.000145210316987, 0.00402811774984, 0.00233230809681, 0.00402667932212, 0.00192886509467, -0.00594007363543, -0.00391069240868, 0.0428609736264, -0.0125366412103], [-3.26828339894e-05, 0.00103731965646, 0.000726241618395, 0.00288407504559, 0.000228429766139, -0.00474418327212, -0.00106469623279, 0.00636850250885, -0.00438119005412, 0.00848962087184, -0.00402442226186, -0.0125366412103, 0.0332229733467]]
    },
    "melbands": {
        "dmean": [2.49688014264e-07, 2.09013051062e-05, 0.000185940429219, 0.00028215959901, 0.00029564453871, 0.000289959134534, 7.65270160628e-05, 8.25033421279e-05, 3.68491491827e-05, 3.73576731363e-05, 2.79394280369e-05, 1.54016161105e-05, 1.00078968899e-05, 1.34362480821e-05, 1.19720561997e-05, 6.68537632009e-06, 7.26598273104e-06, 5.68441646465e-06, 6.81569554217e-06, 4.52343374491e-06, 5.44881322639e-06, 5.02961393067e-06, 3.36855964633e-06, 3.51467474502e-06, 4.12500457969e-06, 3.59072623723e-06, 3.86612418879e-06, 2.96340635941e-06, 9.70456676441e-06, 4.39774021288e-06, 1.43124282204e-06, 6.39219820187e-07, 4.13688638901e-07, 6.29590317658e-07, 1.36445714816e-06, 3.62986554592e-07, 8.02099111752e-06, 2.23398474191e-05, 5.7018348798e-07, 4.51743659369e-07],
        "dmean2": [3.2143560702e-07, 3.25172222801e-05, 0.000250708311796, 0.000448615435744, 0.000426713755587, 0.000443610362709, 0.000111591456516, 0.000139986048453, 6.33762247162e-05, 5.4277930758e-05, 4.47336060461e-05, 2.30988898693e-05, 1.51212825585e-05, 2.19239464059e-05, 1.9803057512e-05, 1.17626559586e-05, 1.19823425848e-05, 9.30947680899e-06, 1.13851056085e-05, 6.70064991937e-06, 8.32167825138e-06, 8.11115569377e-06, 4.64782260678e-06, 5.38206450074e-06, 6.14474947724e-06, 4.50248126072e-06, 5.83335804549e-06, 4.56500401924e-06, 1.50745891005e-05, 6.53637061987e-06, 2.34970070778e-06, 9.24803373437e-07, 5.60095486435e-07, 9.66660195445e-07, 2.1988773824e-06, 5.38074971246e-07, 1.40231886689e-05, 3.89374072256e-05, 9.46969009874e-07, 6.74061993777e-07],
        "dvar": [6.00123943595e-12, 4.74073891255e-09, 3.47080259644e-07, 7.88454769918e-07, 1.53344842602e-06, 1.18263369586e-06, 6.66302568675e-08, 8.82690329718e-08, 1.92612326089e-08, 2.25914522645e-08, 1.23024372911e-08, 2.90914248247e-09, 1.40464406773e-09, 2.2181823045e-09, 1.23570276234e-09, 4.26637142281e-10, 4.61563454124e-10, 2.6096211303e-10, 7.0532063523e-10, 1.48460355121e-10, 2.18715032196e-10, 3.38050643034e-10, 8.08708863764e-11, 8.92967505495e-11, 1.14361395354e-10, 8.04725105996e-11, 1.62609967158e-10, 9.84829370831e-11, 3.56669715984e-09, 5.23684373643e-10, 6.74476238749e-11, 5.189790004e-12, 1.42938558125e-12, 6.98591141532e-12, 6.96951107937e-11, 1.29625466177e-12, 8.16410583582e-09, 6.45587689974e-08, 6.64618880764e-12, 4.17963450308e-12],
        "dvar2": [6.17635239827e-12, 9.46704226124e-09, 7.2505326898e-07, 1.92430547941e-06, 3.16516502608e-06, 2.68783310275e-06, 1.61863653148e-07, 2.22886498591e-07, 5.4862766774e-08, 4.90570819522e-08, 3.12564836236e-08, 6.40437081145e-09, 2.94285951163e-09, 5.00991870211e-09, 3.4216247613e-09, 1.20762722045e-09, 1.31204547227e-09, 6.80736023106e-10, 1.98763450143e-09, 2.97945668137e-10, 4.71659211687e-10, 9.35901578458e-10, 1.59443694359e-10, 2.20233234427e-10, 2.53251225546e-10, 1.31316832408e-10, 4.47531595116e-10, 2.5465315967e-10, 8.67179839048e-09, 1.25671828499e-09, 1.93724258857e-10, 1.2032009937e-11, 2.24193190054e-12, 1.81477281119e-11, 1.83450282742e-10, 3.2904581837e-12, 2.23724381243e-08, 1.76315836597e-07, 1.92772933033e-11, 1.11268980141e-11],
        "max": [4.74317275803e-05, 0.000762428797316, 0.00630044238642, 0.013457743451, 0.0194592271, 0.0139130083844, 0.00301638129167, 0.00514321168885, 0.00205565057695, 0.00259852572344, 0.0016971915029, 0.000942740880419, 0.000681550474837, 0.000646754400805, 0.000321885716403, 0.00025441282196, 0.000218110420974, 0.000234516584896, 0.00030662107747, 0.000154643828864, 0.000160714989761, 0.000288631708827, 0.000146643564221, 0.000116119881568, 0.000129428924993, 0.000151611297042, 0.00017230262165, 0.000161227158969, 0.000969349057414, 0.000361962564057, 0.000130625310703, 4.24992722401e-05, 1.74581091414e-05, 3.95669703721e-05, 0.000129166044644, 1.88007998077e-05, 0.00140843261033, 0.00397797208279, 2.93271750706e-05, 2.55839713645e-05],
        "mean": [2.52990247418e-07, 2.03649360628e-05, 0.000213047736906, 0.000391555338865, 0.000375551782781, 0.000364394451026, 0.00012390781194, 0.000110480323201, 5.35184408363e-05, 5.59494619665e-05, 4.0647762944e-05, 2.11294136534e-05, 1.59114715643e-05, 1.93734249478e-05, 1.66257686942e-05, 1.03785496322e-05, 1.1025053027e-05, 9.47719763644e-06, 9.42119368119e-06, 9.1963865998e-06, 9.78267144092e-06, 7.94728839537e-06, 7.02045826984e-06, 6.45776617603e-06, 7.89268960943e-06, 7.61439878261e-06, 6.5730228016e-06, 5.4477559388e-06, 1.16479523058e-05, 5.7753100009e-06, 2.13521184378e-06, 1.22652159007e-06, 8.8283036348e-07, 1.08883398298e-06, 2.0005152237e-06, 7.04212482106e-07, 5.80839014219e-06, 1.5569743482e-05, 8.38859477881e-07, 7.38051426197e-07],
        "median": [8.56879633915e-09, 3.94686310301e-08, 1.58353472557e-07, 1.46569021808e-07, 1.56906054372e-07, 1.91762254076e-07, 2.30932656109e-07, 3.10859689989e-07, 1.82774783752e-07, 1.48300514979e-07, 1.26285101487e-07, 8.9733376285e-08, 9.7759631501e-08, 9.11270277015e-08, 1.10840240097e-07, 8.54043946674e-08, 7.83621274536e-08, 8.32596001032e-08, 9.24103247257e-08, 7.95519312646e-08, 8.38352534061e-08, 7.0712850686e-08, 7.84668898746e-08, 7.25580804328e-08, 6.43158557523e-08, 7.8223386879e-08, 6.04233179047e-08, 5.91451545517e-08, 7.85348106547e-08, 4.61420697206e-08, 2.39028654647e-08, 2.07410657538e-08, 1.23026495658e-08, 1.99772536291e-08, 1.775749503e-08, 1.32477202541e-08, 3.17829602636e-08, 3.75735105251e-08, 1.04571329373e-08, 8.00958144254e-09],
        "min": [2.51611370627e-10, 2.66458882736e-10, 6.98442637059e-10, 6.14881479066e-10, 2.99588104324e-10, 6.75232925129e-10, 5.62280444427e-10, 3.83856724184e-10, 1.00581619422e-10, 7.33349422855e-11, 3.49165661662e-11, 5.4933241983e-11, 5.4073044653e-11, 6.27446705703e-11, 5.17751223839e-11, 4.06268352293e-11, 6.37664712699e-11, 1.56335187851e-11, 3.73889287586e-11, 3.71277973643e-11, 2.96245285247e-11, 2.68681032284e-11, 2.38298877159e-11, 2.00873848805e-11, 1.61276721145e-11, 1.43990869575e-11, 1.37530464447e-11, 1.09528905043e-11, 4.27793998142e-12, 7.24905725724e-12, 4.2146078294e-12, 5.48923666938e-12, 3.12877566737e-12, 4.77752776576e-12, 5.0753680772e-12, 4.38847829604e-12, 4.84429206818e-12, 6.33137205858e-12, 5.0190559174e-12, 4.64638353834e-12],
        "var": [6.32421632424e-12, 5.66898794574e-09, 4.92544131703e-07, 1.68889516772e-06, 2.22344942813e-06, 1.75603020125e-06, 1.42968275441e-07, 1.74006430598e-07, 3.00124547437e-08, 4.20598915696e-08, 1.99038403537e-08, 5.47289191744e-09, 3.09977399304e-09, 4.15241618867e-09, 2.03723993231e-09, 7.70398467242e-10, 7.93995647008e-10, 5.16314324628e-10, 7.70365882197e-10, 4.87958118356e-10, 5.77247416533e-10, 4.91864937668e-10, 2.58603582992e-10, 2.16967804834e-10, 3.29276217403e-10, 3.09291287026e-10, 2.97710439634e-10, 2.01184263693e-10, 3.74163589001e-09, 5.74523484342e-10, 5.70791157395e-11, 1.01593395155e-11, 4.98850310018e-12, 1.02917301417e-11, 9.47111764016e-11, 2.6663532493e-12, 5.28852162063e-09, 4.23713615305e-08, 6.47840635304e-12, 4.64917470841e-12]
    },
    "mfcc": {
        "mean": [-873.189880371, 44.7324829102, -8.34513092041, 4.05739355087, -9.66751384735, -17.313495636, -12.0835409164, -17.0412082672, -12.6035556793, -6.57482242584, -11.9049520493, -3.4826374054, -8.12271690369],
        "cov": [[40944.078125, 2808.83740234, -2012.02856445, 33.8279533386, -1288.44433594, -1739.82019043, -847.442565918, -1714.23364258, -1540.28881836, -1607.99682617, -1610.4152832, -1479.24035645, -1459.53723145], [2808.83740234, 1366.12438965, -137.005142212, 134.882995605, -83.9355239868, -232.659820557, -154.134887695, -163.451004028, -136.86239624, -269.038391113, 85.044342041, -230.400680542, -10.7803258896], [-2012.02856445, -137.005142212, 357.072875977, 30.677400589, 100.317070007, 114.292221069, 33.1143569946, 84.0455322266, 76.3430480957, 89.3068313599, 84.9281082153, 86.8610076904, 84.4328842163], [33.8279533386, 134.882995605, 30.677400589, 124.899726868, 46.8795318604, 21.1520824432, -17.1240234375, -1.12940847874, -1.26403951645, -35.7417221069, 33.3641853333, -53.7511520386, 27.9710502625], [-1288.44433594, -83.9355239868, 100.317070007, 46.8795318604, 141.830169678, 100.21333313, 44.2614250183, 62.6304092407, 61.2624397278, 37.7070350647, 44.5540466309, 30.5486812592, 38.0422172546], [-1739.82019043, -232.659820557, 114.292221069, 21.1520824432, 100.21333313, 145.148513794, 70.388923645, 94.4266204834, 80.1862106323, 76.4638671875, 41.8518867493, 60.8459892273, 51.9890632629], [-847.442565918, -154.134887695, 33.1143569946, -17.1240234375, 44.2614250183, 70.388923645, 87.7368774414, 63.3167800903, 39.4872398376, 53.9297332764, -1.78604507446, 51.7678642273, 6.11601066589], [-1714.23364258, -163.451004028, 84.0455322266, -1.12940847874, 62.6304092407, 94.4266204834, 63.3167800903, 114.958572388, 83.4439544678, 83.6703948975, 54.8721199036, 66.4189605713, 54.2027053833], [-1540.28881836, -136.86239624, 76.3430480957, -1.26403951645, 61.2624397278, 80.1862106323, 39.4872398376, 83.4439544678, 104.922279358, 77.4933929443, 65.6031799316, 61.660320282, 53.6122932434], [-1607.99682617, -269.038391113, 89.3068313599, -35.7417221069, 37.7070350647, 76.4638671875, 53.9297332764, 83.6703948975, 77.4933929443, 139.081771851, 36.7686538696, 103.484077454, 44.2199172974], [-1610.4152832, 85.044342041, 84.9281082153, 33.3641853333, 44.5540466309, 41.8518867493, -1.78604507446, 54.8721199036, 65.6031799316, 36.7686538696, 153.376922607, 37.8374023438, 95.8643417358], [-1479.24035645, -230.400680542, 86.8610076904, -53.7511520386, 30.5486812592, 60.8459892273, 51.7678642273, 66.4189605713, 61.660320282, 103.484077454, 37.8374023438, 135.298965454, 39.4559631348], [-1459.53723145, -10.7803258896, 84.4328842163, 27.9710502625, 38.0422172546, 51.9890632629, 6.11601066589, 54.2027053833, 53.6122932434, 44.2199172974, 95.8643417358, 39.4559631348, 102.408584595]],
