{
"lowlevel": {
    "average_loudness": 0.913122594357,
    "barkbands_crest": {
        "dmean": 2.52010321617,
        "dmean2": 3.85536313057,
        "dvar": 5.30064296722,
        "dvar2": 11.5859537125,
        "max": 25.6474132538,
        "mean": 14.1862325668,
        "median": 12.7429122925,
        "min": 4.25988483429,
        "var": 40.4928588867
    },
    "barkbands_flatness_db": {
        "dmean": 0.0237808860838,
        "dmean2": 0.0355973467231,
        "dvar": 0.000492571969517,
        "dvar2": 0.00114808545914,
        "max": 0.34167778492,
        "mean": 0.16628934443,
        "median": 0.142464414239,
        "min": 0.0663690939546,
        "var": 0.00486250314862
    },
    "barkbands_kurtosis": {
        "dmean": 7.4470500946,
        "dmean2": 12.7861204147,
        "dvar": 195.40435791,
        "dvar2": 499.00793457,
        "max": 102.936073303,
        "mean": 10.7408132553,
        "median": 5.80271816254,
        "min": -0.628793239594,
        "var": 290.812408447
    },
    "barkbands_skewness": {
        "dmean": 1.09478235245,
        "dmean2": 1.77245128155,
        "dvar": 2.04929661751,
        "dvar2": 4.80072402954,
        "max": 6.01864910126,
        "mean": 1.11193048954,
        "median": 0.846148729324,
        "min": -2.58195376396,
        "var": 2.78824472427
    },
    "barkbands_spread": {
        "dmean": 4.54095172882,
        "dmean2": 7.74030590057,
        "dvar": 22.0383644104,
        "dvar2": 56.3647460938,
        "max": 31.2768554688,
        "mean": 14.0283756256,
        "median": 12.4239063263,
        "min": 0.910183310509,
        "var": 78.8078689575
    },
    "dissonance": {
        "dmean": 0.0324159190059,
        "dmean2": 0.0550999268889,
        "dvar": 0.00166764552705,
        "dvar2": 0.00318025611341,
        "max": 0.498821914196,
        "mean": 0.445350021124,
        "median": 0.464534372091,
        "min": 0.131484165788,
        "var": 0.00309201003984
    },
    "dynamic_complexity": 9.04884529114,
    "erbbands_crest": {
        "dmean": 2.22678780556,
        "dmean2": 3.21104288101,
        "dvar": 5.25511217117,
        "dvar2": 7.59027528763,
        "max": 32.9539909363,
        "mean": 18.8232002258,
        "median": 16.5108337402,
        "min": 5.77081012726,
        "var": 70.4939880371
    },
    "erbbands_flatness_db": {
        "dmean": 0.0195076595992,
        "dmean2": 0.0300608463585,
        "dvar": 0.00033024745062,
        "dvar2": 0.0008590418729,
        "max": 0.431612849236,
        "mean": 0.242849454284,
        "median": 0.208315849304,
        "min": 0.152360931039,
        "var": 0.00618691649288
    },
    "erbbands_kurtosis": {
        "dmean": 4.80674505234,
        "dmean2": 7.62418460846,
        "dvar": 48.2465324402,
        "dvar2": 145.348419189,
        "max": 75.2168273926,
        "mean": 14.812207222,
        "median": 7.43125152588,
        "min": -0.43163561821,
        "var": 311.285705566
    },
    "erbbands_skewness": {
        "dmean": 0.47763261199,
        "dmean2": 0.693020224571,
        "dvar": 0.274195849895,
        "dvar2": 0.658470869064,
        "max": 6.98039531708,
        "mean": 2.70637869835,
        "median": 2.21376633644,
        "min": 0.575977027416,
        "var": 2.16771459579
    },
    "erbbands_spread": {
        "dmean": 1.79209268093,
        "dmean2": 2.56458854675,
        "dvar": 3.00953507423,
        "dvar2": 5.7116651535,
        "max": 26.9841327667,
        "mean": 10.3521928787,
        "median": 10.2235794067,
        "min": 1.17165732384,
        "var": 42.1529693604
    },
    "hfc": {
        "dmean": 22.0444908142,
        "dmean2": 21.4594650269,
        "dvar": 12253.7861328,
        "dvar2": 19648.7148438,
        "max": 961.198852539,
        "mean": 25.5979709625,
        "median": 1.01973450184,
        "min": 0.258680611849,
        "var": 14372.4902344
    },
    "melbands_crest": {
        "dmean": 2.6442937851,
        "dmean2": 3.75849962234,
        "dvar": 6.28250789642,
        "dvar2": 10.074461937,
        "max": 34.0445022583,
        "mean": 18.7938766479,
        "median": 14.9962215424,
        "min": 6.99985551834,
        "var": 78.0984802246
    },
    "melbands_flatness_db": {
        "dmean": 0.0209833234549,
        "dmean2": 0.0316036641598,
        "dvar": 0.000404622114729,
        "dvar2": 0.00109126453754,
        "max": 0.365067839622,
        "mean": 0.214062005281,
        "median": 0.193615689874,
        "min": 0.113089993596,
        "var": 0.00420437054709
    },
    "melbands_kurtosis": {
        "dmean": 7.92051172256,
        "dmean2": 13.7126207352,
        "dvar": 176.336746216,
        "dvar2": 483.685180664,
        "max": 110.436767578,
        "mean": 16.3226528168,
        "median": 8.02319049835,
        "min": -1.14598095417,
        "var": 457.087768555
    },
    "melbands_skewness": {
        "dmean": 0.865633070469,
        "dmean2": 1.3186981678,
        "dvar": 1.1392595768,
        "dvar2": 2.50423526764,
        "max": 7.21077394485,
        "mean": 1.03948450089,
        "median": 0.907144606113,
        "min": -3.20485830307,
        "var": 2.62083029747
    },
    "melbands_spread": {
        "dmean": 3.87408232689,
        "dmean2": 6.57957267761,
        "dvar": 17.0658836365,
        "dvar2": 40.495300293,
        "max": 33.8394355774,
        "mean": 12.7256689072,
        "median": 11.5455589294,
        "min": 0.979029715061,
        "var": 67.7608413696
    },
    "pitch_salience": {
        "dmean": 0.0824911892414,
        "dmean2": 0.125394493341,
        "dvar": 0.00506387557834,
        "dvar2": 0.00854095071554,
        "max": 0.821826219559,
        "mean": 0.489643424749,
        "median": 0.499672323465,
        "min": 0.130612894893,
        "var": 0.0298539754003
    },
    "silence_rate_20dB": {
        "dmean": 0.0222222227603,
        "dmean2": 0.0337078645825,
        "dvar": 0.0217283945531,
        "dvar2": 0.0325716473162,
        "max": 1,
        "mean": 0.978021979332,
        "median": 1,
        "min": 0,
        "var": 0.0214949883521
    },
    "silence_rate_30dB": {
        "dmean": 0.0111111113802,
        "dmean2": 0.0224719103426,
        "dvar": 0.0109876524657,
        "dvar2": 0.0219669230282,
        "max": 1,
        "mean": 0.94505494833,
        "median": 1,
        "min": 0,
        "var": 0.0519260987639
    },
    "silence_rate_60dB": {
        "dmean": 0.0111111113802,
        "dmean2": 0.0224719103426,
        "dvar": 0.0109876487404,
        "dvar2": 0.0219669174403,
        "max": 1,
        "mean": 0.67032968998,
        "median": 1,
        "min": 0,
        "var": 0.220987930894
    },
    "spectral_centroid": {
        "dmean": 97.7199554443,
        "dmean2": 150.006668091,
        "dvar": 14272.2402344,
        "dvar2": 29395.421875,
        "max": 1875.77478027,
        "mean": 1146.43786621,
        "median": 1080.44494629,
        "min": 873.539367676,
        "var": 41231.1289062
    },
    "spectral_complexity": {
        "dmean": 2.05555558205,
        "dmean2": 2.7528090477,
        "dvar": 29.8080234528,
        "dvar2": 36.0287857056,
        "max": 53,
        "mean": 4.64835166931,
        "median": 3,
        "min": 0,
        "var": 52.1620559692
    },
    "spectral_decrease": {
        "dmean": 4.74271999451e-09,
        "dmean2": 4.89774798496e-09,
        "dvar": 5.49987915894e-16,
        "dvar2": 8.83831764252e-16,
        "max": -5.81025713653e-11,
        "mean": -5.67065150392e-09,
        "median": -2.71145772501e-10,
        "min": -2.03414245448e-07,
        "var": 6.53908694126e-16
    },
    "spectral_energy": {
        "dmean": 0.0198970641941,
        "dmean2": 0.0204281676561,
        "dvar": 0.00971162971109,
        "dvar2": 0.0156018892303,
        "max": 0.854916095734,
        "mean": 0.0237241573632,
        "median": 0.0010958587518,
        "min": 0.000244221795583,
        "var": 0.01153102424
    },
    "spectral_energyband_high": {
        "dmean": 0.000265081907855,
        "dmean2": 0.000306063826429,
        "dvar": 2.18112381845e-06,
        "dvar2": 4.37009157395e-06,
        "max": 0.0120318550617,
        "mean": 0.00022463343339,
        "median": 1.78517402674e-05,
        "min": 3.94147127736e-06,
        "var": 1.78505604254e-06
    },
    "spectral_energyband_low": {
        "dmean": 4.9477614084e-05,
        "dmean2": 7.49746395741e-05,
        "dvar": 4.48780301809e-09,
        "dvar2": 9.92322846116e-09,
        "max": 0.000567487382796,
        "mean": 6.45426189294e-05,
        "median": 3.05365792883e-05,
        "min": 7.6529670423e-07,
        "var": 7.49648609855e-09
    },
    "spectral_energyband_middle_high": {
        "dmean": 0.0195128023624,
        "dmean2": 0.019980603829,
        "dvar": 0.00940454099327,
        "dvar2": 0.0150434970856,
        "max": 0.840781092644,
        "mean": 0.0230216998607,
        "median": 0.000470156985102,
        "min": 0.00010278672562,
        "var": 0.0112244188786
    },
    "spectral_energyband_middle_low": {
        "dmean": 0.000119987438666,
        "dmean2": 0.000197192654014,
        "dvar": 6.63157422309e-08,
        "dvar2": 1.73719513441e-07,
        "max": 0.00257252296433,
        "mean": 0.00026485149283,
        "median": 0.000224573333981,
        "min": 2.9201119105e-05,
        "var": 8.90498554895e-08
    },
    "spectral_entropy": {
        "dmean": 0.153412044048,
        "dmean2": 0.229461759329,
        "dvar": 0.0276540387422,
        "dvar2": 0.0672950595617,
        "max": 8.32464981079,
        "mean": 7.4259557724,
        "median": 7.52951622009,
        "min": 6.42272567749,
        "var": 0.20586374402
    },
    "spectral_flux": {
        "dmean": 0.01588232629,
        "dmean2": 0.0235479120165,
        "dvar": 0.00398246524855,
        "dvar2": 0.00517674256116,
        "max": 0.822392582893,
        "mean": 0.038869664073,
        "median": 0.0162535533309,
        "min": 0.00747276702896,
        "var": 0.00901557225734
    },
    "spectral_kurtosis": {
        "dmean": 1.32433712482,
        "dmean2": 2.10163593292,
        "dvar": 2.38052392006,
        "dvar2": 6.69799375534,
        "max": 15.508808136,
        "mean": 8.64172935486,
        "median": 7.84816932678,
        "min": 3.98815822601,
        "var": 10.2784261703
    },
    "spectral_rms": {
        "dmean": 0.000806089432444,
        "dmean2": 0.000964901177213,
        "dvar": 7.96299445938e-06,
        "dvar2": 1.15484026537e-05,
        "max": 0.0288801752031,
        "mean": 0.00242157257162,
        "median": 0.00103398761712,
        "min": 0.000488124147523,
        "var": 1.72815070982e-05
    },
    "spectral_rolloff": {
        "dmean": 122.021484375,
        "dmean2": 209.041427612,
        "dvar": 51695.0429688,
        "dvar2": 115265.367188,
        "max": 1830.32226562,
        "mean": 1089.4375,
        "median": 947.4609375,
        "min": 21.533203125,
        "var": 96118.890625
    },
    "spectral_skewness": {
        "dmean": 0.168127253652,
        "dmean2": 0.279639840126,
        "dvar": 0.0352304652333,
        "dvar2": 0.0981748253107,
        "max": 3.12395954132,
        "mean": 2.38215303421,
        "median": 2.34952616692,
        "min": 1.73530876637,
        "var": 0.132642015815
    },
    "spectral_spread": {
        "dmean": 463936.34375,
        "dmean2": 592111.75,
        "dvar": 1.74961826202e+12,
        "dvar2": 808219377664,
        "max": 20595288,
        "mean": 4895232.5,
        "median": 4935935.5,
        "min": 2623391.25,
        "var": 4.10459937178e+12
    },
    "spectral_strongpeak": {
        "dmean": 0.753204405308,
        "dmean2": 1.04801595211,
        "dvar": 5.39395809174,
        "dvar2": 7.8002409935,
        "max": 20.3305187225,
        "mean": 1.87379467487,
        "median": 0.278099179268,
        "min": 0,
        "var": 13.9852800369
    },
    "zerocrossingrate": {
        "dmean": 0.00887586828321,
        "dmean2": 0.0103252278641,
        "dvar": 6.97378709447e-05,
        "dvar2": 0.00010780563025,
        "max": 0.1181640625,
        "mean": 0.0670769661665,
        "median": 0.0673828125,
        "min": 0.01416015625,
        "var": 0.00058055005502
    },
    "barkbands": {
        "dmean": [0.000193958971067, 2.78536663245e-06, 5.4539714256e-07, 7.8454178265e-07, 2.49252411777e-06, 1.47479222505e-05, 3.22620835504e-05, 5.3132611356e-05, 5.17980697623e-05, 0.0139228515327, 0.00340240471996, 3.85632120015e-05, 3.18586207868e-05, 2.88840856228e-05, 0.00166437157895, 2.786713776e-05, 5.47583840671e-05, 0.00044223992154, 0.000139825307997, 4.57415735582e-05, 9.25951098907e-05, 4.94623673148e-05, 2.53193047683e-05, 3.07007649099e-05, 3.05339417537e-05, 7.44390308682e-06, 1.04709420157e-06],
        "dmean2": [0.000288500537863, 4.32610704593e-06, 9.04176545191e-07, 1.32156662858e-06, 4.12270173911e-06, 2.18577060878e-05, 4.34193425463e-05, 9.07008434297e-05, 8.76991252881e-05, 0.015671832487, 0.0032946523279, 5.50887816644e-05, 4.64363292849e-05, 3.80843921448e-05, 0.00207210681401, 3.45322223438e-05, 8.67654307513e-05, 0.000676161493175, 0.000140598393045, 4.56537891296e-05, 9.10349190235e-05, 6.3083236455e-05, 3.76598945877e-05, 4.25918769906e-05, 3.52598217432e-05, 9.72904672381e-06, 1.73780051682e-06],
        "dvar": [7.05525522449e-08, 5.32689101163e-11, 1.25167562946e-12, 7.53752203882e-13, 4.97797150723e-11, 4.1183536581e-09, 7.96118193591e-09, 5.14833065068e-09, 4.40134195756e-09, 0.00465943804011, 0.000304865301587, 1.03086383874e-08, 1.0440982301e-08, 1.0137432227e-08, 7.95437808847e-05, 1.50986458891e-08, 4.02168396363e-08, 6.10788811173e-06, 5.66914081901e-07, 5.47624452452e-08, 2.54038383218e-07, 8.38208933374e-08, 2.09268495865e-08, 3.16621928675e-08, 2.80990732904e-08, 1.7586295753e-09, 1.55832759891e-11],
        "dvar2": [1.47854123611e-07, 5.8247587309e-11, 1.55506130976e-12, 1.63808170587e-12, 7.97249974371e-11, 9.90602710971e-09, 1.51131303028e-08, 1.34172060129e-08, 1.11806075509e-08, 0.00769358547404, 0.000525679381099, 2.17015294623e-08, 2.3123282844e-08, 1.59476627459e-08, 8.85105037014e-05, 1.57071475826e-08, 9.45451219536e-08, 1.49621218952e-05, 9.31410852445e-07, 8.96345255796e-08, 4.20619642227e-07, 1.86547623571e-07, 4.82127262558e-08, 7.36505967325e-08, 5.55008625724e-08, 4.08007272412e-09, 4.00875027617e-11],
        "max": [0.0021707015112, 7.50923281885e-05, 1.04154696601e-05, 6.35378819425e-06, 5.22001719219e-05, 0.000500642694533, 0.000791620812379, 0.000553488440346, 0.000439898693003, 0.584540188313, 0.153622046113, 0.00138900533784, 0.000943489838392, 0.00105708627962, 0.0710295364261, 0.00112287059892, 0.00154474982992, 0.0187098775059, 0.00623542862013, 0.00202553230338, 0.00416651275009, 0.00223724055104, 0.0011545047164, 0.00139755173586, 0.001360922819, 0.000344450614648, 4.23675337515e-05],
        "mean": [0.000223924274906, 3.63985805052e-06, 6.28148598025e-07, 8.55995722304e-07, 3.93826803702e-06, 1.43283732541e-05, 4.75356973766e-05, 7.45324286981e-05, 9.44086714298e-05, 0.0164096541703, 0.00383057864383, 7.98281835159e-05, 4.7631587222e-05, 4.56103007309e-05, 0.00202910741791, 4.41653428425e-05, 5.34914979653e-05, 0.000338538084179, 0.000127527222503, 5.04801755596e-05, 8.09782141005e-05, 3.57601602445e-05, 2.25534549827e-05, 2.49944951065e-05, 2.65308299277e-05, 6.95331073075e-06, 4.02868499805e-06],
        "median": [8.93560209079e-05, 2.06706135941e-06, 3.97979022182e-07, 5.96207769377e-07, 2.37211975218e-06, 7.40625091566e-06, 2.81857646769e-05, 4.653432552e-05, 6.56391057419e-05, 0.000235921586864, 0.000129634368932, 3.72328031517e-05, 2.78336410702e-05, 1.57864033099e-05, 1.1381931472e-05, 6.67797348797e-06, 5.19671493748e-06, 6.1788146013e-06, 5.46769342691e-06, 3.69925010091e-06, 3.15813508678e-06, 1.0353298876e-06, 1.34058007006e-06, 2.10592543226e-06, 2.90854063678e-06, 1.06467211936e-06, 3.27132329403e-06],
        "min": [5.72632927742e-08, 2.04898839229e-07, 4.79458215352e-08, 3.92174506203e-08, 7.64269771025e-07, 9.28840108827e-07, 2.12515624298e-06, 2.00563317776e-06, 4.27599206887e-06, 1.90504251805e-05, 8.41008204588e-06, 3.60687977263e-06, 1.4706595266e-06, 7.8997845776e-07, 9.76671458375e-07, 1.01731495761e-06, 7.87549481629e-07, 7.15048429356e-07, 5.70603276628e-07, 3.58093871e-07, 1.90770180097e-07, 9.9904738704e-08, 1.01109101536e-07, 1.77557694769e-07, 1.70807581412e-07, 2.68801755965e-07, 2.08366259358e-06],
        "var": [1.1064051364e-07, 6.27353100024e-11, 1.28554447903e-12, 8.33047931852e-13, 5.53746631882e-11, 2.72813327484e-09, 8.05345745647e-09, 6.45280806566e-09, 8.34888513879e-09, 0.00538932206109, 0.000359782512533, 3.29298046609e-08, 1.06317532556e-08, 1.76489525217e-08, 0.000111345696496, 2.79846830153e-08, 3.76774558219e-08, 4.26340557169e-06, 5.4386867987e-07, 6.24045526365e-08, 2.41343002472e-07, 5.77523842082e-08, 1.6658251667e-08, 2.26788827717e-08, 2.27248442286e-08, 1.37097688757e-09, 2.16918323581e-11]
    },
    "erbbands": {
        "dmean": [0.000555068196263, 0.000208696699701, 0.000515326217283, 0.00172378588468, 0.00343779381365, 0.0100153973326, 0.0884225964546, 0.107228882611, 0.196871817112, 1.01057267189, 0.750485897064, 1.97166883945, 48.9369850159, 714.318908691, 62.6458969116, 3.79029369354, 1.77521598339, 2.73826694489, 74.8961791992, 26.7454833984, 2.56360292435, 8.66056156158, 22.4691944122, 2.87450146675, 9.17768383026, 3.1171374321, 6.0818772316, 1.3958029747, 0.948326766491, 1.58856236935, 1.09394836426, 0.716619968414, 0.492529630661, 0.380890220404, 0.188502922654, 0.061254195869, 0.00734900357202, 0.000995166948996, 0.000171192470589, 4.01135366701e-05],
        "dmean2": [0.000839751330204, 0.000292324461043, 0.000824180722702, 0.00275814696215, 0.00551228038967, 0.0146139310673, 0.121094428003, 0.161317840219, 0.277853578329, 1.50877857208, 1.27813386917, 2.67689728737, 58.5668563843, 770.711914062, 64.5038604736, 4.50297403336, 2.43146634102, 3.67729878426, 97.6858978271, 27.3594799042, 2.69297623634, 12.8866558075, 35.0910568237, 2.86404657364, 9.33289909363, 3.30094337463, 6.24899864197, 1.42264723778, 1.08981513977, 2.06713628769, 1.56878113747, 1.06445431709, 0.65199136734, 0.391350746155, 0.244062900543, 0.0782344192266, 0.00950338877738, 0.00147844862659, 0.000257249397691, 5.00977475895e-05],
        "dvar": [6.10097913523e-07, 7.18709088687e-07, 1.63488243743e-06, 4.6337781896e-06, 1.79737035069e-05, 0.000755333574489, 0.155620679259, 0.183684200048, 0.361370921135, 2.85332584381, 1.06662499905, 22.3546829224, 56277.734375, 12616260, 96057.5546875, 235.149398804, 39.4436302185, 161.010192871, 160645.390625, 18867.7246094, 135.816238403, 2320.23168945, 13511.6738281, 197.524673462, 2423.33813477, 277.702941895, 1123.40734863, 54.519405365, 27.3769607544, 88.5403060913, 41.3205223083, 17.6092853546, 7.92358398438, 4.19713878632, 1.15129780769, 0.117805629969, 0.00167944922578, 2.78192674159e-05, 5.87488784731e-07, 2.60595260926e-08],
        "dvar2": [1.31561978378e-06, 7.69617940932e-07, 1.77165463811e-06, 8.22638958198e-06, 4.32995584561e-05, 0.00125139218289, 0.332599461079, 0.44726896286, 0.564370632172, 6.47830104828, 3.054479599, 45.7293701172, 99426.9921875, 20687114, 157922.859375, 441.948547363, 85.1734619141, 207.969985962, 191342.875, 17888.3671875, 125.875045776, 5498.84130859, 33606.9375, 321.784332275, 3887.3659668, 500.918640137, 1940.36828613, 94.4358673096, 55.5816307068, 201.206893921, 96.8290786743, 41.9069366455, 17.9023895264, 7.25348567963, 2.61227059364, 0.266041755676, 0.00383846322075, 6.98666408425e-05, 1.46838078763e-06, 5.14958209408e-08],
        "max": [0.00588187808171, 0.00832318421453, 0.0123679507524, 0.0185987576842, 0.025336060673, 0.222171962261, 3.12701630592, 3.45574164391, 5.51097631454, 13.0299062729, 7.22550868988, 47.0449714661, 2051.71826172, 30533.4785156, 2774.19946289, 154.782623291, 58.8220863342, 108.079490662, 3148.10375977, 1176.39038086, 109.906860352, 364.731628418, 879.31817627, 128.179000854, 408.249450684, 139.604827881, 273.96383667, 62.6117134094, 42.8677139282, 72.1996917725, 49.7211494446, 32.4943733215, 22.456489563, 17.0593929291, 8.33573532104, 2.78141570091, 0.348118543625, 0.0480574555695, 0.00775484647602, 0.00161294825375],
        "mean": [0.000747118494473, 0.000313901779009, 0.000649255583994, 0.0020842787344, 0.0045083258301, 0.0143611142412, 0.0796785503626, 0.113453835249, 0.320587933064, 1.61893081665, 1.20005166531, 3.11539292336, 60.2049102783, 830.172119141, 79.0947570801, 5.99126529694, 2.74085569382, 4.05691242218, 87.8173599243, 36.2140617371, 3.61542391777, 6.74757289886, 17.8107681274, 3.49703645706, 8.52183151245, 2.91210198402, 5.03339147568, 1.32678830624, 0.824252784252, 1.12203121185, 0.847998321056, 0.581468582153, 0.411997079849, 0.347241014242, 0.15723721683, 0.0545692741871, 0.0073760971427, 0.00161912466865, 0.000503556511831, 0.000101097815786],
        "median": [0.000339903170243, 0.000193607265828, 0.000403927406296, 0.00145983707625, 0.00290575809777, 0.00809462741017, 0.0272443350405, 0.0622870065272, 0.193984210491, 1.06920742989, 0.897732198238, 1.8576182127, 3.95653152466, 11.2619009018, 3.22415089607, 1.60195457935, 1.4978197813, 1.00571107864, 0.694481551647, 0.425047546625, 0.376010149717, 0.306770324707, 0.332039266825, 0.284239947796, 0.256566524506, 0.171166867018, 0.130476608872, 0.0955991744995, 0.0404809191823, 0.0382586568594, 0.0383293777704, 0.0424835830927, 0.0380702093244, 0.0314884334803, 0.021103264764, 0.00685136113316, 0.00127682485618, 0.000764842552599, 0.000368570676073, 6.70812587487e-05],
        "min": [1.05553435787e-05, 3.50697700924e-05, 7.85917291068e-05, 0.000217049091589, 0.00029631878715, 0.0019706164021, 0.00541435740888, 0.00775784021243, 0.0335130244493, 0.0780107527971, 0.107893183827, 0.10411272943, 0.293850690126, 1.15069699287, 0.297664016485, 0.174666762352, 0.0898142829537, 0.0885341241956, 0.0670108273625, 0.0569705851376, 0.08640858531, 0.0582120269537, 0.0469326898456, 0.0310511570424, 0.0280660521239, 0.0162731613964, 0.0123826721683, 0.00467786099762, 0.00351193943061, 0.00337085174397, 0.00258409837261, 0.00309931300581, 0.00323723722249, 0.00201597623527, 0.00123687309679, 0.000624326174147, 0.000488811638206, 0.000446678110166, 0.000254756538197, 3.93876980525e-05],
        "var": [9.76355295279e-07, 7.34931916213e-07, 1.69474344602e-06, 5.36070183443e-06, 1.93429295905e-05, 0.00078451668378, 0.111582346261, 0.130927294493, 0.469533890486, 3.42701172829, 1.34647154808, 30.9159584045, 62313.40625, 14710214, 124641.140625, 366.060913086, 42.1572341919, 225.212417603, 211037.46875, 32061.2578125, 246.744049072, 1546.92700195, 10156.7099609, 263.121765137, 2395.88745117, 260.71282959, 1004.51123047, 53.9964141846, 23.1993846893, 59.4582939148, 28.8523750305, 12.358874321, 5.94570541382, 3.91546988487, 0.79123789072, 0.0898337215185, 0.00141762080602, 2.74852991424e-05, 7.18026171853e-07, 3.31304441659e-08]
    },
    "gfcc": {
        "mean": [-150.959991455, 26.6925392151, -147.471786499, -48.368938446, -59.4806518555, 10.6055860519, -10.0780601501, 22.3333263397, -15.6362142563, -1.59565615654, -4.49421739578, 1.67178356647, 6.54011964798],
        "cov": [[3213.68066406, -902.284362793, -1431.89245605, 98.556312561, -304.335327148, 179.80696106, -201.24609375, -26.1546649933, -270.664031982, -139.818984985, -230.998199463, 138.648361206, 333.249633789], [-902.284362793, 418.742828369, 361.52935791, -48.0746841431, 180.232543945, -26.9663410187, 146.537643433, 11.7977743149, 70.2325820923, -13.9722747803, 63.425075531, 8.60275745392, -4.93799352646], [-1431.89245605, 361.52935791, 879.718994141, -34.5624847412, 34.0669212341, -77.8883895874, 26.8790740967, 29.7264709473, 111.845573425, 107.624534607, 123.602409363, -82.2875137329, -243.346359253], [98.556312561, -48.0746841431, -34.5624847412, 99.33984375, 39.5886573792, 1.32212984562, -16.6792068481, -7.8480758667, -1.06927061081, -3.76475262642, -13.1778593063, -2.4625287056, -7.90378475189], [-304.335327148, 180.232543945, 34.0669212341, 39.5886573792, 186.565582275, 0.964454889297, 101.729415894, -6.59452867508, 34.9285850525, -38.3173179626, 11.863902092, 28.2576408386, 51.5505104065], [179.80696106, -26.9663410187, -77.8883895874, 1.32212984562, 0.964454889297, 56.4694824219, 17.1175785065, 9.50788593292, -24.6466655731, -9.28200435638, -11.3138885498, 18.726480484, 31.9362106323], [-201.24609375, 146.537643433, 26.8790740967, -16.6792068481, 101.729415894, 17.1175785065, 98.7984085083, 13.1436386108, 16.1617927551, -34.703037262, 13.9010620117, 28.7009525299, 50.6025352478], [-26.1546649933, 11.7977743149, 29.7264709473, -7.8480758667, -6.59452867508, 9.50788593292, 13.1436386108, 31.1743373871, 13.9543905258, 8.86725139618, 8.29912853241, -1.61741244793, -5.33778858185], [-270.664031982, 70.2325820923, 111.845573425, -1.06927061081, 34.9285850525, -24.6466655731, 16.1617927551, 13.9543905258, 61.3819236755, 37.3438873291, 29.0079936981, -10.6746320724, -30.112279892], [-139.818984985, -13.9722747803, 107.624534607, -3.76475262642, -38.3173179626, -9.28200435638, -34.703037262, 8.86725139618, 37.3438873291, 84.1183013916, 39.1729927063, -19.5496349335, -59.437538147], [-230.998199463, 63.425075531, 123.602409363, -13.1778593063, 11.863902092, -11.3138885498, 13.9010620117, 8.29912853241, 29.0079936981, 39.1729927063, 48.5267181396, 6.59276676178, -24.8612270355], [138.648361206, 8.60275745392, -82.2875137329, -2.4625287056, 28.2576408386, 18.726480484, 28.7009525299, -1.61741244793, -10.6746320724, -19.5496349335, 6.59276676178, 51.7216415405, 66.6895370483], [333.249633789, -4.93799352646, -243.346359253, -7.90378475189, 51.5505104065, 31.9362106323, 50.6025352478, -5.33778858185, -30.112279892, -59.437538147, -24.8612270355, 66.6895370483, 145.408554077]],
        "icov": [[0.00429174117744, 0.00113609828986, 0.00426342897117, -0.0031545390375, 0.0042829583399, -0.00135692453478, 0.00184370065108, -0.00463047297671, 0.00379189802334, -0.00202136067674, 0.0076291221194, -0.0107344053686, 0.00132082856726], [0.00113609828986, 0.0204585082829, -0.00732923997566, 0.00752608990297, -0.00969601608813, 0.00411979015917, -0.0139858322218, 0.0024924450554, 0.00231489236467, -0.00137794727925, 0.00151383876801, 0.00372583582066, -0.00780824944377], [0.00426342897117, -0.00732923997566, 0.0121543584391, -0.00509180640802, 0.00725581683218, -0.00193771987688, 0.00618324941024, -0.00736418226734, 0.00323169236071, 0.000506332027726, 0.0009759485838, -0.0139724528417, 0.0129265487194], [-0.0031545390375, 0.00752608990297, -0.00509180640802, 0.0288800466806, -0.0286958143115, 0.00284569943324, 0.0140658449382, -0.00784388184547, 0.00582433212548, -0.00165359769017, 0.00166483782232, 0.000177788213477, 0.00563240610063], [0.0042829583399, -0.00969601608813, 0.00725581683218, -0.0286958143115, 0.0493641830981, -0.00887875538319, -0.026231508702, 0.0236826073378, -0.0224166754633, 0.00877653062344, 0.00105810514651, -0.00458063790575, -0.00388752273284], [-0.00135692453478, 0.00411979015917, -0.00193771987688, 0.00284569943324, -0.00887875538319, 0.056926202029, -0.0316855013371, -0.0229905024171, 0.0421679578722, -0.0438661463559, 0.0416493788362, -0.026122899726, 0.0108927199617], [0.00184370065108, -0.0139858322218, 0.00618324941024, 0.0140658449382, -0.026231508702, -0.0316855013371, 0.093321941793, -0.0277562905103, -0.0111712962389, 0.0379268266261, -0.0360413640738, 0.00626625074074, -0.00667081354186], [-0.00463047297671, 0.0024924450554, -0.00736418226734, -0.00784388184547, 0.0236826073378, -0.0229905024171, -0.0277562905103, 0.0760701149702, -0.0435870625079, 0.0205029658973, -0.0256987456232, 0.0306143332273, -0.0120287714526], [0.00379189802334, 0.00231489236467, 0.00323169236071, 0.00582433212548, -0.0224166754633, 0.0421679578722, -0.0111712962389, -0.0435870625079, 0.0836851447821, -0.0565124079585, 0.0397675335407, -0.0277342963964, 0.0118358228356], [-0.00202136067674, -0.00137794727925, 0.000506332027726, -0.00165359769017, 0.00877653062344, -0.0438661463559, 0.0379268266261, 0.0205029658973, -0.0565124079585, 0.0866364315152, -0.0838062986732, 0.0427601337433, -0.0108092240989], [0.0076291221194, 0.00151383876801, 0.0009759485838, 0.00166483782232, 0.00105810514651, 0.0416493788362, -0.0360413640738, -0.0256987456232, 0.0397675335407, -0.0838062986732, 0.150233641267, -0.0982318520546, 0.0310844611377], [-0.0107344053686, 0.00372583582066, -0.0139724528417, 0.000177788213477, -0.00458063790575, -0.026122899726, 0.00626625074074, 0.0306143332273, -0.0277342963964, 0.0427601337433, -0.0982318520546, 0.132925421, -0.058365650475], [0.00132082856726, -0.00780824944377, 0.0129265487194, 0.00563240610063, -0.00388752273284, 0.0108927199617, -0.00667081354186, -0.0120287714526, 0.0118358228356, -0.0108092240989, 0.0310844611377, -0.058365650475, 0.0565057098866]]
    },
    "melbands": {
        "dmean": [9.63971342571e-06, 2.63360959707e-07, 3.01701390981e-07, 4.2632021291e-07, 2.37495714828e-06, 2.53428947872e-06, 4.08361256632e-06, 1.19787600852e-05, 4.85386817672e-06, 8.5788724391e-06, 0.000146385267726, 0.00293519697152, 0.000305991154164, 8.39045605971e-06, 3.42140788234e-06, 3.04925401906e-06, 2.33746163758e-06, 9.42937913351e-05, 0.00011599600839, 5.19465584148e-06, 2.09509266824e-06, 2.04751017918e-06, 3.56729869964e-05, 6.62696629661e-06, 1.67494386005e-06, 5.26899702891e-06, 4.90425281896e-06, 1.52095196881e-06, 4.15746853832e-06, 1.44613636621e-06, 7.96097708644e-07, 6.01160479619e-07, 7.09499829554e-07, 7.24305891708e-07, 6.38052881641e-07, 3.94791129565e-07, 5.06618107465e-07, 3.3612721495e-07, 2.81540422975e-07, 3.23517156176e-07],
        "dmean2": [1.46485544974e-05, 3.93372516783e-07, 4.81281858811e-07, 6.72473447594e-07, 3.21951415572e-06, 3.70892553292e-06, 5.18889919476e-06, 1.87151999853e-05, 8.38882897369e-06, 1.42058534038e-05, 0.000198089765036, 0.00319604994729, 0.00029619972338, 9.40067366173e-06, 5.60383614356e-06, 4.49343406217e-06, 3.58677448276e-06, 0.000124006241094, 0.000140488526085, 6.0661786847e-06, 2.31999501921e-06, 3.06825995722e-06, 5.4569751228e-05, 1.06782545117e-05, 1.63676838838e-06, 5.31393698111e-06, 5.27001748196e-06, 1.86490376564e-06, 4.53142456536e-06, 1.60338458954e-06, 9.51936669935e-07, 6.56484644423e-07, 9.54864844971e-07, 9.12393886665e-07, 8.68122640441e-07, 6.24565586804e-07, 7.29179930659e-07, 4.49478051223e-07, 3.11046562729e-07, 3.40768394835e-07],
        "dvar": [1.69828970331e-10, 6.31644855777e-13, 1.40615411025e-13, 5.59619841786e-13, 1.10193167091e-10, 1.02833359883e-10, 1.49333781452e-10, 3.38823302748e-10, 4.69315593332e-11, 1.05006739415e-10, 4.49065197472e-07, 0.000212217157241, 2.34771255236e-06, 8.80845785201e-10, 1.12699370669e-10, 9.64628307787e-11, 5.94847365809e-11, 2.51357704428e-07, 3.91713740555e-07, 5.64680968651e-10, 8.70903765771e-11, 8.06948813326e-11, 4.36184066643e-08, 1.04300501569e-09, 6.59352364374e-11, 7.98421717629e-10, 6.80254352847e-10, 7.15238424043e-11, 5.3508847353e-10, 6.09777645044e-11, 1.94064660175e-11, 1.05207197121e-11, 1.83093488287e-11, 1.76200061486e-11, 1.42454294888e-11, 4.19504361804e-12, 8.99631150825e-12, 3.65282804005e-12, 2.31317417478e-12, 3.03388737743e-12],
        "dvar2": [3.77956332898e-10, 6.65026627517e-13, 2.66386386691e-13, 1.1492691564e-12, 2.31728719546e-10, 2.44044895403e-10, 2.60100302407e-10, 8.04632804829e-10, 1.34559113851e-10, 2.47390330443e-10, 9.13316682727e-07, 0.000349284411641, 3.87179807149e-06, 1.37635414177e-09, 2.80869189018e-10, 2.03473446425e-10, 9.08998709637e-11, 3.0354607361e-07, 4.30099220239e-07, 1.09385567271e-09, 9.53702811168e-11, 1.60118598935e-10, 1.07252255077e-07, 2.37117570023e-09, 1.05609306023e-10, 1.3105417862e-09, 1.02521913181e-09, 1.52433302092e-10, 9.77732006469e-10, 7.80512113274e-11, 4.03096861445e-11, 2.00968634095e-11, 4.28529468854e-11, 3.89248147603e-11, 3.31790220298e-11, 1.0304168109e-11, 2.14280451022e-11, 8.26686896022e-12, 4.41504081558e-12, 5.36046294158e-12],
        "max": [0.000109575295937, 7.74597174313e-06, 3.16710929837e-06, 5.11735379405e-06, 8.3963983343e-05, 8.2451828348e-05, 0.000111821704195, 0.000122741010273, 4.57083951915e-05, 6.79108779877e-05, 0.00567392120138, 0.12510715425, 0.0136680742726, 0.000357705517672, 0.000106111823698, 9.16365315788e-05, 7.10415843059e-05, 0.00394129101187, 0.00502430880442, 0.000228864810197, 8.84053879417e-05, 7.33939523343e-05, 0.00153200014029, 0.000254682759987, 7.4167161074e-05, 0.000233100698097, 0.000218591580051, 6.76486888551e-05, 0.000186676246813, 6.48816712783e-05, 3.56639357051e-05, 2.70790351351e-05, 3.20646649925e-05, 3.29328977386e-05, 2.88841765723e-05, 1.60273666552e-05, 2.2914227884e-05, 1.52437496581e-05, 1.28742967718e-05, 1.43646893775e-05],
        "mean": [1.25440910779e-05, 3.25827528513e-07, 3.98552174374e-07, 5.75508295242e-07, 2.25785447583e-06, 2.72561851489e-06, 6.04457500231e-06, 1.90757018572e-05, 7.85553856986e-06, 1.46173651956e-05, 0.000180880975677, 0.00341547839344, 0.00036701047793, 1.81654922926e-05, 6.07038100497e-06, 4.71451267003e-06, 3.8801736082e-06, 0.000109927175799, 0.000142097531352, 6.88673662808e-06, 2.81174220618e-06, 2.43062731897e-06, 2.43864542426e-05, 7.58922442401e-06, 1.98157931663e-06, 4.84251677335e-06, 4.94897449244e-06, 1.29533532345e-06, 3.25094060827e-06, 1.56982139288e-06, 6.61609874442e-07, 5.42717543794e-07, 4.81393044538e-07, 5.40542259841e-07, 4.6441800805e-07, 3.54168264494e-07, 3.84108005846e-07, 2.819953977e-07, 2.60456005208e-07, 2.88365669121e-07],
        "median": [5.73605620957e-06, 1.88849824667e-07, 2.78035997781e-07, 3.54119379153e-07, 7.96226515831e-07, 1.55109319167e-06, 3.40950396094e-06, 1.27537159642e-05, 6.05221157457e-06, 1.08902131615e-05, 2.0740328182e-05, 4.68530924991e-05, 1.41773434734e-05, 3.91147386836e-06, 3.87076761399e-06, 2.86954718831e-06, 1.58971533892e-06, 1.11913846013e-06, 8.11191057437e-07, 4.41342763224e-07, 4.13545080846e-07, 3.03546983105e-07, 3.14469843943e-07, 2.93237377491e-07, 2.1944447326e-07, 1.91898848811e-07, 1.59605093586e-07, 1.01104710382e-07, 7.10782757096e-08, 7.57398126439e-08, 4.24392183618e-08, 2.00938714556e-08, 2.05911430129e-08, 1.9187917033e-08, 2.1625000457e-08, 2.46153017969e-08, 2.56424819156e-08, 2.64918522674e-08, 2.62209081114e-08, 2.63165507164e-08],
        "min": [1.36302332976e-07, 4.36990923447e-08, 3.92632948376e-08, 5.36683444352e-08, 1.80985153975e-07, 1.52144025378e-07, 5.53301617856e-07, 1.020144623e-06, 6.56916654407e-07, 5.25293899045e-07, 9.68811150415e-07, 4.77724961456e-06, 9.45468627833e-07, 4.27235420375e-07, 3.17543680239e-07, 1.75028517901e-07, 1.09868047105e-07, 7.89070995211e-08, 5.29998906984e-08, 7.45374109101e-08, 9.62788746506e-08, 4.45974812635e-08, 4.20448742489e-08, 3.42195320968e-08, 2.2269132316e-08, 1.74320184954e-08, 1.57737325424e-08, 8.70220695504e-09, 8.20521339762e-09, 4.92638951854e-09, 1.83433124246e-09, 1.94718507984e-09, 1.63364455297e-09, 1.52144452592e-09, 1.36900746295e-09, 1.62198598996e-09, 2.05663353015e-09, 2.28997132368e-09, 1.90458382399e-09, 1.6187464702e-09],
        "var": [2.83406881296e-10, 6.45219283817e-13, 1.58557425544e-13, 5.83301527739e-13, 8.11345018947e-11, 7.4887943069e-11, 1.68672520395e-10, 4.23647866787e-10, 5.93834842411e-11, 1.98784447236e-10, 4.23696917551e-07, 0.000246235227678, 2.97721271636e-06, 2.96538926747e-09, 1.45166698107e-10, 1.01791360063e-10, 9.51701356611e-11, 3.27624661622e-07, 5.54308769551e-07, 9.07209640744e-10, 1.44111667044e-10, 9.45602832148e-11, 2.64036952302e-08, 1.37057254435e-09, 8.3062993983e-11, 7.61017582285e-10, 7.44587280721e-10, 5.55041498873e-11, 4.45303571794e-10, 7.50797132798e-11, 1.54105929406e-11, 9.69228690362e-12, 1.15122017821e-11, 1.26442649753e-11, 9.50805146421e-12, 3.53648035335e-12, 5.99316212976e-12, 2.74593780873e-12, 2.12654937062e-12, 2.72755082409e-12]
    },
    "mfcc": {
        "mean": [-799.251464844, 102.04914856, -41.6090888977, -37.7192649841, -24.1496067047, -16.6189193726, 11.9549188614, 11.7867307663, 11.0809497833, 9.63653945923, -1.46257388592, 0.791342079639, 3.54215216637],
        "cov": [[4117.75341797, -1381.49377441, -1088.82873535, -227.507247925, -226.470596313, 36.727722168, -80.7768554688, -34.9756851196, 42.5546836853, -196.406616211, -447.110839844, -555.568969727, -63.4921264648], [-1381.49377441, 632.385131836, 303.051208496, 76.5345535278, 83.4032058716, 14.1360836029, 83.0723724365, 72.0435562134, 42.5755462646, 62.9577407837, 106.878898621, 139.092788696, 33.572807312], [-1088.82873535, 303.051208496, 522.15637207, 23.070306778, 37.1402626038, -61.0120429993, -17.5754985809, -37.3466758728, -82.419052124, 56.6974029541, 185.640838623, 239.090042114, 7.13013315201], [-227.507247925, 76.5345535278, 23.070306778, 109.311683655, 62.7507667542, 29.0319480896, 16.2484073639, 27.7567520142, 16.1641635895, 7.5417304039, 5.3273396492, 11.4912843704, 15.5392065048], [-226.470596313, 83.4032058716, 37.1402626038, 62.7507667542, 55.8091239929, 29.457775116, 19.0590553284, 22.9860706329, 15.9883317947, 12.0447301865, 15.6658067703, 18.9157447815, 13.5562133789], [36.727722168, 14.1360836029, -61.0120429993, 29.0319480896, 29.457775116, 56.4432182312, 30.9059371948, 21.9410610199, 23.5526294708, -8.71900463104, -19.5109329224, -25.1602706909, 12.0991621017], [-80.7768554688, 83.0723724365, -17.5754985809, 16.2484073639, 19.0590553284, 30.9059371948, 60.1702423096, 47.4182777405, 27.7290992737, -4.45119714737, -18.0732955933, -16.8429603577, 8.15930843353], [-34.9756851196, 72.0435562134, -37.3466758728, 27.7567520142, 22.9860706329, 21.9410610199, 47.4182777405, 73.4925765991, 43.2606430054, -3.38730764389, -36.8343849182, -32.3619918823, 7.25852394104], [42.5546836853, 42.5755462646, -82.419052124, 16.1641635895, 15.9883317947, 23.5526294708, 27.7290992737, 43.2606430054, 58.3062515259, 8.25682449341, -35.4879112244, -41.9784431458, 5.50540018082], [-196.406616211, 62.9577407837, 56.6974029541, 7.5417304039, 12.0447301865, -8.71900463104, -4.45119714737, -3.38730764389, 8.25682449341, 44.7955284119, 42.7571258545, 39.7035522461, 6.54653453827], [-447.110839844, 106.878898621, 185.640838623, 5.3273396492, 15.6658067703, -19.5109329224, -18.0732955933, -36.8343849182, -35.4879112244, 42.7571258545, 124.221183777, 126.67313385, 3.12244915962], [-555.568969727, 139.092788696, 239.090042114, 11.4912843704, 18.9157447815, -25.1602706909, -16.8429603577, -32.3619918823, -41.9784431458, 39.7035522461, 126.67313385, 155.968444824, 14.1544132233], [-63.4921264648, 33.572807312, 7.13013315201, 15.5392065048, 13.5562133789, 12.0991621017, 8.15930843353, 7.25852394104, 5.50540018082, 6.54653453827, 3.12244915962, 14.1544132233, 29.9417591095]],
