{
"lowlevel": {
    "average_loudness": 0.99068403244,
    "barkbands_crest": {
        "dmean": 3.07752394676,
        "dmean2": 4.53861236572,
        "dvar": 8.37421989441,
        "dvar2": 18.2839412689,
        "max": 26.3617782593,
        "mean": 19.8892288208,
        "median": 21.5446720123,
        "min": 9.87625408173,
        "var": 17.0546951294
    },
    "barkbands_flatness_db": {
        "dmean": 0.0382710807025,
        "dmean2": 0.0569331161678,
        "dvar": 0.000957096402999,
        "dvar2": 0.00210551731288,
        "max": 0.494706749916,
        "mean": 0.340595662594,
        "median": 0.328460693359,
        "min": 0.110073536634,
        "var": 0.00811300612986
    },
    "barkbands_kurtosis": {
        "dmean": 9.31558132172,
        "dmean2": 13.168211937,
        "dvar": 342.751159668,
        "dvar2": 701.158569336,
        "max": 146.773101807,
        "mean": 13.2906293869,
        "median": 4.42026090622,
        "min": -1.59459972382,
        "var": 573.933105469
    },
    "barkbands_skewness": {
        "dmean": 0.817345619202,
        "dmean2": 1.10280585289,
        "dvar": 0.98052573204,
        "dvar2": 2.20356941223,
        "max": 6.333132267,
        "mean": 0.806922197342,
        "median": 0.511036217213,
        "min": -7.13388538361,
        "var": 6.58000516891
    },
    "barkbands_spread": {
        "dmean": 2.11050033569,
        "dmean2": 3.08443164825,
        "dvar": 4.11474132538,
        "dvar2": 9.98615264893,
        "max": 14.1155853271,
        "mean": 6.12800502777,
        "median": 5.6522808075,
        "min": 0.698332071304,
        "var": 14.9455242157
    },
    "dissonance": {
        "dmean": 0.0327436178923,
        "dmean2": 0.0479200072587,
        "dvar": 0.00206751585938,
        "dvar2": 0.00420974427834,
        "max": 0.499749928713,
        "mean": 0.451491117477,
        "median": 0.47891420126,
        "min": 0.235151976347,
        "var": 0.00353245437145
    },
    "dynamic_complexity": 10.0825128555,
    "erbbands_crest": {
        "dmean": 3.34979987144,
        "dmean2": 4.97283267975,
        "dvar": 9.62845897675,
        "dvar2": 29.552728653,
        "max": 34.0220603943,
        "mean": 24.36769104,
        "median": 24.1503677368,
        "min": 9.91141223907,
        "var": 37.2274017334
    },
    "erbbands_flatness_db": {
        "dmean": 0.0327304266393,
        "dmean2": 0.0485983230174,
        "dvar": 0.00065909238765,
        "dvar2": 0.00148085178807,
        "max": 0.496875941753,
        "mean": 0.400226742029,
        "median": 0.410335123539,
        "min": 0.210844323039,
        "var": 0.0033080293797
    },
    "erbbands_kurtosis": {
        "dmean": 6.57665681839,
        "dmean2": 10.6735115051,
        "dvar": 177.075744629,
        "dvar2": 363.907989502,
        "max": 90.7381134033,
        "mean": 10.1636362076,
        "median": 3.56304073334,
        "min": -1.718734622,
        "var": 298.843780518
    },
    "erbbands_skewness": {
        "dmean": 0.66595441103,
        "dmean2": 1.07097756863,
        "dvar": 0.492370486259,
        "dvar2": 1.26567709446,
        "max": 5.75586414337,
        "mean": 0.962005972862,
        "median": 0.438793867826,
        "min": -2.04395055771,
        "var": 3.06398677826
    },
    "erbbands_spread": {
        "dmean": 2.31124973297,
        "dmean2": 3.35101652145,
        "dvar": 5.30965471268,
        "dvar2": 13.0671949387,
        "max": 20.1219787598,
        "mean": 9.20662879944,
        "median": 8.09902667999,
        "min": 0.521175324917,
        "var": 39.2900505066
    },
    "hfc": {
        "dmean": 4.58968257904,
        "dmean2": 6.58099889755,
        "dvar": 61.3359832764,
        "dvar2": 138.053771973,
        "max": 64.7432174683,
        "mean": 15.0015220642,
        "median": 3.48997831345,
        "min": 2.95978111353e-06,
        "var": 366.9765625
    },
    "melbands_crest": {
        "dmean": 2.7395772934,
        "dmean2": 4.41598939896,
        "dvar": 8.27023887634,
        "dvar2": 22.4576835632,
        "max": 28.0722808838,
        "mean": 21.2845954895,
        "median": 21.7992553711,
        "min": 11.0300607681,
        "var": 22.2011566162
    },
    "melbands_flatness_db": {
        "dmean": 0.0398589223623,
        "dmean2": 0.0560606904328,
        "dvar": 0.000918371020816,
        "dvar2": 0.00224371929653,
        "max": 0.464113503695,
        "mean": 0.326530188322,
        "median": 0.315895915031,
        "min": 0.117727465928,
        "var": 0.00768704852089
    },
    "melbands_kurtosis": {
        "dmean": 7.97655773163,
        "dmean2": 11.6471691132,
        "dvar": 147.258590698,
        "dvar2": 238.608444214,
        "max": 99.4147949219,
        "mean": 15.7834739685,
        "median": 6.45812892914,
        "min": -0.881412744522,
        "var": 623.711364746
    },
    "melbands_skewness": {
        "dmean": 0.836670815945,
        "dmean2": 1.19078588486,
        "dvar": 0.813921272755,
        "dvar2": 1.52383112907,
        "max": 7.82725811005,
        "mean": 1.233294487,
        "median": 0.645890533924,
        "min": -6.14980220795,
        "var": 8.50434207916
    },
    "melbands_spread": {
        "dmean": 4.81848335266,
        "dmean2": 6.97992801666,
        "dvar": 22.9024925232,
        "dvar2": 47.6945838928,
        "max": 33.1490898132,
        "mean": 12.0239915848,
        "median": 10.7841339111,
        "min": 1.4210973978,
        "var": 65.2110137939
    },
    "pitch_salience": {
        "dmean": 0.0991790816188,
        "dmean2": 0.148197472095,
        "dvar": 0.00969376601279,
        "dvar2": 0.0172332711518,
        "max": 0.776286661625,
        "mean": 0.415078312159,
        "median": 0.414730161428,
        "min": 0.11156065762,
        "var": 0.0252936910838
    },
    "silence_rate_20dB": {
        "dmean": 0,
        "dmean2": 0,
        "dvar": 0,
        "dvar2": 0,
        "max": 1,
        "mean": 1,
        "median": 1,
        "min": 1,
        "var": 0
    },
    "silence_rate_30dB": {
        "dmean": 0,
        "dmean2": 0,
        "dvar": 0,
        "dvar2": 0,
        "max": 1,
        "mean": 1,
        "median": 1,
        "min": 1,
        "var": 0
    },
    "silence_rate_60dB": {
        "dmean": 0.0333333350718,
        "dmean2": 0.0677966102958,
        "dvar": 0.0322222262621,
        "dvar2": 0.063200250268,
        "max": 1,
        "mean": 0.524590134621,
        "median": 1,
        "min": 0,
        "var": 0.249395146966
    },
    "spectral_centroid": {
        "dmean": 188.886047363,
        "dmean2": 279.993865967,
        "dvar": 44255.6054688,
        "dvar2": 85307.8671875,
        "max": 2948.8425293,
        "mean": 1978.86694336,
        "median": 2043.72802734,
        "min": 1002.83355713,
        "var": 224654.859375
    },
    "spectral_complexity": {
        "dmean": 0.466666668653,
        "dmean2": 0.745762705803,
        "dvar": 0.448888778687,
        "dvar2": 0.698075652122,
        "max": 7,
        "mean": 2.67213106155,
        "median": 3,
        "min": 0,
        "var": 5.85971689224
    },
    "spectral_decrease": {
        "dmean": 9.04965269388e-10,
        "dmean2": 1.15114207055e-09,
        "dvar": 2.79049276247e-18,
        "dvar2": 6.10161176171e-18,
        "max": -2.66550018845e-16,
        "mean": -2.3165496188e-09,
        "median": -5.57606960605e-10,
        "min": -1.27505881409e-08,
        "var": 9.76643298409e-18
    },
    "spectral_energy": {
        "dmean": 0.00379838724621,
        "dmean2": 0.00490753073245,
        "dvar": 4.86032695335e-05,
        "dvar2": 0.000106512037746,
        "max": 0.0539959594607,
        "mean": 0.0101038552821,
        "median": 0.00272508035414,
        "min": 1.27448451792e-09,
        "var": 0.000181939278264
    },
    "spectral_energyband_high": {
        "dmean": 4.31293992733e-05,
        "dmean2": 5.92046599195e-05,
        "dvar": 5.93389648529e-09,
        "dvar2": 1.14025970888e-08,
        "max": 0.00072421139339,
        "mean": 0.000119463016745,
        "median": 1.42822291309e-05,
        "min": 1.09666768722e-10,
        "var": 2.84307599685e-08
    },
    "spectral_energyband_low": {
        "dmean": 1.58635078407e-08,
        "dmean2": 2.59078269949e-08,
        "dvar": 2.46500161354e-15,
        "dvar2": 6.02150047082e-15,
        "max": 3.36553910074e-07,
        "mean": 1.49690944085e-08,
        "median": 4.60243976264e-09,
        "min": 6.34858962276e-12,
        "var": 2.15203945667e-15
    },
    "spectral_energyband_middle_high": {
        "dmean": 0.00381503510289,
        "dmean2": 0.00491163786501,
        "dvar": 4.86463140987e-05,
        "dvar2": 0.000106689389213,
        "max": 0.0537466146052,
        "mean": 0.00998362433165,
        "median": 0.00260322121903,
        "min": 1.0836118669e-09,
        "var": 0.000178933813004
    },
    "spectral_energyband_middle_low": {
        "dmean": 4.95783126553e-07,
        "dmean2": 7.83086079537e-07,
        "dvar": 5.10971148206e-13,
        "dvar2": 1.30373175363e-12,
        "max": 6.53882170809e-06,
        "mean": 1.13450903427e-06,
        "median": 6.14004989075e-07,
        "min": 7.46529851825e-11,
        "var": 1.81732385217e-12
    },
    "spectral_entropy": {
        "dmean": 0.310218781233,
        "dmean2": 0.403657823801,
        "dvar": 0.0664280131459,
        "dvar2": 0.137030333281,
        "max": 8.55587387085,
        "mean": 6.27841043472,
        "median": 6.42876815796,
        "min": 4.77425909042,
        "var": 0.660425662994
    },
    "spectral_flux": {
        "dmean": 0.0113192470744,
        "dmean2": 0.0185889676213,
        "dvar": 0.000292329175863,
        "dvar2": 0.000793318555225,
        "max": 0.145436346531,
        "mean": 0.0269191525877,
        "median": 0.0147443152964,
        "min": 0.000226780306548,
        "var": 0.000908686663024
    },
    "spectral_kurtosis": {
        "dmean": 3.65730762482,
        "dmean2": 5.99884700775,
        "dvar": 11.7020263672,
        "dvar2": 34.1018371582,
        "max": 28.068649292,
        "mean": 10.0678319931,
        "median": 8.96256160736,
        "min": 3.58653736115,
        "var": 22.5841407776
    },
    "spectral_rms": {
        "dmean": 0.000486449804157,
        "dmean2": 0.000577567319851,
        "dvar": 4.48316058055e-07,
        "dvar2": 9.20434615637e-07,
        "max": 0.00725802918896,
        "mean": 0.0022111388389,
        "median": 0.00163052591961,
        "min": 1.1150782484e-06,
        "var": 4.96828624819e-06
    },
    "spectral_rolloff": {
        "dmean": 273.830566406,
        "dmean2": 517.161865234,
        "dvar": 309924.5,
        "dvar2": 878042.625,
        "max": 3897.50976562,
        "mean": 2057.65673828,
        "median": 1959.52148438,
        "min": 947.4609375,
        "var": 484985.4375
    },
    "spectral_skewness": {
        "dmean": 0.381497979164,
        "dmean2": 0.622656464577,
        "dvar": 0.0920019820333,
        "dvar2": 0.298105597496,
        "max": 3.92565155029,
        "mean": 2.27076888084,
        "median": 2.198325634,
        "min": 1.70123636723,
        "var": 0.178997799754
    },
    "spectral_spread": {
        "dmean": 670804.3125,
        "dmean2": 887350.125,
        "dvar": 2.94887541965e+12,
        "dvar2": 1.7631028183e+12,
        "max": 20076680,
        "mean": 3721824,
        "median": 3433334.25,
        "min": 1672658.25,
        "var": 5.7582682112e+12
    },
    "spectral_strongpeak": {
        "dmean": 0.651497244835,
        "dmean2": 0.866919398308,
        "dvar": 0.537045776844,
        "dvar2": 1.35586833954,
        "max": 7.64692974091,
        "mean": 2.25250101089,
        "median": 1.23077654839,
        "min": 0.000312791613396,
        "var": 5.19461202621
    },
    "zerocrossingrate": {
        "dmean": 0.00690917950124,
        "dmean2": 0.0085573354736,
        "dvar": 0.000117499228509,
        "dvar2": 0.000111914130684,
        "max": 0.1220703125,
        "mean": 0.0754514634609,
        "median": 0.087890625,
        "min": 0.0244140625,
        "var": 0.000637457997072
    },
    "barkbands": {
        "dmean": [1.49753525136e-08, 8.12718248255e-09, 3.09707615109e-09, 2.72433875459e-09, 5.6797716752e-08, 6.19764577436e-08, 4.11863787519e-08, 2.12881516859e-07, 2.06507351663e-07, 6.32739611319e-05, 0.00329355103895, 6.76568390645e-07, 3.83373077284e-07, 3.0844321941e-07, 0.000766471552197, 1.29513455249e-05, 8.25423910555e-07, 0.000763850461226, 1.28515284814e-06, 0.000120813594549, 2.92302520393e-05, 8.77009460964e-06, 1.16578976304e-05, 5.48405705558e-06, 1.14397362267e-05, 1.39096982821e-06, 1.53828494831e-07],
        "dmean2": [2.81380536649e-08, 1.33217241682e-08, 5.52408874199e-09, 4.77226258511e-09, 7.14712413696e-08, 8.94645495464e-08, 6.29634939742e-08, 3.58237144837e-07, 3.64481451243e-07, 8.49239368108e-05, 0.00402479805052, 1.04946207102e-06, 6.9269526648e-07, 5.07772256242e-07, 0.00128578825388, 1.9548151613e-05, 1.42051862895e-06, 0.0010913630249, 1.91371418623e-06, 0.000179724229383, 4.37010457972e-05, 1.19413361972e-05, 1.74610340764e-05, 9.09639129532e-06, 1.78152658918e-05, 1.91409139916e-06, 2.2399646582e-07],
        "dvar": [5.41555808783e-16, 9.61707338148e-16, 6.22644655104e-17, 2.23814195718e-17, 1.93905272562e-14, 2.04745617162e-14, 8.25548125954e-15, 8.21566867814e-14, 1.25717592261e-13, 1.25162635811e-08, 4.41055708507e-05, 9.13407695834e-13, 3.42788162222e-13, 1.92497995083e-13, 1.83406268661e-06, 1.20765231149e-09, 2.43751156412e-12, 1.97520739675e-06, 4.09277906704e-12, 3.28775087155e-08, 4.65391725157e-09, 1.85941456676e-10, 4.66262972676e-10, 7.01779676038e-11, 4.14557138617e-10, 5.17769290984e-12, 5.19667452516e-14],
        "dvar2": [1.62123133132e-15, 2.40658386875e-15, 1.62578921561e-16, 5.67641644232e-17, 2.20173424441e-14, 2.9407706603e-14, 1.68155877542e-14, 2.15774731524e-13, 3.53812872013e-13, 3.41307071494e-08, 9.34469717322e-05, 2.02889701567e-12, 9.25746892338e-13, 5.71113956908e-13, 5.1951506066e-06, 3.02016078813e-09, 7.40370091623e-12, 4.71161456517e-06, 8.03929492421e-12, 8.03034438945e-08, 1.1076393136e-08, 4.11135570033e-10, 1.11361908584e-09, 1.86683071779e-10, 1.2079047762e-09, 1.17041419959e-11, 1.2368467253e-13],
        "max": [1.43301093658e-07, 2.0253507671e-07, 4.95022689506e-08, 2.80003131792e-08, 1.4200250007e-06, 1.2106718259e-06, 7.32835360395e-07, 1.67895268532e-06, 1.92179277292e-06, 0.000774845131673, 0.0447997972369, 7.85347765486e-06, 4.37913877249e-06, 2.90697653327e-06, 0.0086891464889, 0.000244942260906, 9.30684745981e-06, 0.0127155818045, 1.58598213602e-05, 0.00152081949636, 0.000495585962199, 0.000146028221934, 0.000134923189762, 5.0795282732e-05, 0.00014962250134, 2.12365412153e-05, 1.90434604974e-06],
        "mean": [1.33090960475e-08, 6.20701134935e-09, 2.38805508701e-09, 2.43996711724e-09, 1.02595791418e-07, 1.14189639078e-07, 5.00620913613e-08, 4.08868601198e-07, 2.76111421726e-07, 0.000117020303151, 0.00698599778116, 1.10399707864e-06, 5.75584806484e-07, 5.77229968712e-07, 0.00103575643152, 1.457687722e-05, 1.13236455945e-06, 0.00157372117974, 2.30292380365e-06, 0.00025150339934, 4.14926398662e-05, 2.13290059037e-05, 1.92502739083e-05, 1.04566970549e-05, 2.15984910028e-05, 4.11205519413e-06, 3.91973543401e-07],
        "median": [4.77090011941e-09, 7.28371585268e-10, 6.4973237901e-10, 8.57225790352e-10, 1.1412096157e-08, 3.65528798341e-08, 1.58200919032e-08, 2.36895090211e-07, 1.49499015833e-07, 1.62257183547e-05, 0.000281451153569, 6.79967513406e-07, 3.47910457776e-07, 3.46977259369e-07, 0.000299433711916, 1.38885707202e-06, 7.15703720289e-07, 2.30408895732e-05, 1.17097886232e-06, 2.81355023617e-05, 3.23547851622e-06, 1.07457992726e-06, 9.88825945569e-07, 1.79455639682e-06, 1.20607683129e-06, 1.92339996374e-07, 2.35369981283e-08],
        "min": [2.8644594292e-13, 3.05932015832e-12, 2.30277082125e-12, 9.42953289236e-13, 7.98520190942e-12, 1.57686901731e-11, 4.04058904391e-12, 4.32097456773e-12, 3.22402694819e-11, 2.8290869647e-11, 1.27639565584e-10, 1.30047431157e-11, 7.16955878347e-12, 1.32351516899e-11, 6.79897971256e-10, 1.8524992651e-10, 1.20800080008e-11, 5.08931221818e-12, 4.94899564038e-12, 2.46468123688e-11, 5.12324974111e-11, 9.7572861249e-12, 6.57086884903e-12, 4.83661504944e-12, 9.3111239205e-12, 1.82570820441e-12, 1.35440174701e-11],
        "var": [5.65969786482e-16, 7.48943302649e-16, 4.73925191028e-17, 1.93242427459e-17, 8.05246169223e-14, 5.94165694293e-14, 1.22270281668e-14, 2.21539068557e-13, 1.29791658107e-13, 3.98835346971e-08, 0.000110682791274, 1.86713079893e-12, 5.10348057217e-13, 4.55484825204e-13, 2.34950357481e-06, 1.60361213197e-09, 2.62634640598e-12, 6.99504107615e-06, 1.05545086559e-11, 1.32657788754e-07, 6.54412168899e-09, 1.15218845576e-09, 9.62392721071e-10, 2.07826839072e-10, 1.24848786864e-09, 3.67505227639e-11, 2.53147952904e-13]
    },
    "erbbands": {
        "dmean": [4.40108891553e-07, 1.12413135867e-06, 2.75539537142e-06, 8.216257811e-06, 6.87050705892e-05, 0.000306790287141, 0.00019072269788, 0.000774017185904, 0.000601783511229, 0.00198197225109, 0.00526284147054, 0.0553716346622, 2.22316598892, 97.4557952881, 40.0693283081, 1.12073087692, 0.0733086168766, 0.134685561061, 7.82681035995, 41.2807846069, 1.83398544788, 2.99268388748, 54.2101516724, 4.31993579865, 3.24699783325, 3.99827861786, 1.07752466202, 0.624985396862, 0.509783029556, 0.0851361751556, 0.228462651372, 0.224988356233, 0.0954586789012, 0.132645964622, 0.0540498569608, 0.0106157856062, 0.000886045047082, 0.000252379424637, 3.18588427035e-05, 4.71019802717e-06],
        "dmean2": [7.28254917703e-07, 1.89432591924e-06, 4.84601378048e-06, 1.45016201714e-05, 0.000106806881377, 0.000344172411133, 0.000267135445029, 0.00112333474681, 0.000774599378929, 0.00335515500046, 0.00838873255998, 0.0660088211298, 2.70775794983, 119.116500854, 48.7287635803, 1.35739350319, 0.0950007736683, 0.222044095397, 12.707777977, 70.5676116943, 3.24133205414, 4.10840415955, 77.3079452515, 6.17333745956, 4.92964410782, 6.02479028702, 1.60351121426, 0.933112382889, 0.68524479866, 0.128077983856, 0.341469228268, 0.365042507648, 0.158471092582, 0.20771086216, 0.0961245149374, 0.0156881734729, 0.00127017800696, 0.000388312648283, 4.88700607093e-05, 6.51783102512e-06],
        "dvar": [2.62231165601e-12, 1.82238547169e-11, 4.55413796951e-11, 3.04285735497e-10, 2.18290487908e-08, 6.17224316102e-07, 2.92677071911e-07, 3.2998327697e-06, 1.91953881767e-06, 4.88856994707e-06, 4.89020858367e-05, 0.0105133187026, 18.1714859009, 37683.5664062, 6481.27148438, 4.97308397293, 0.0170748885721, 0.0370837450027, 114.795913696, 6850.47314453, 21.0512275696, 32.026676178, 10093.6132812, 58.6720428467, 28.4316101074, 33.3254356384, 4.62358045578, 2.49109125137, 0.651450753212, 0.014685228467, 0.163739994168, 0.154239550233, 0.0264331307262, 0.0506087504327, 0.0138127682731, 0.000336414726917, 1.84457724117e-06, 3.21072718634e-07, 2.13922901615e-09, 7.89694629133e-11],
        "dvar2": [6.51160765933e-12, 4.62266613876e-11, 1.07222702939e-10, 8.05926880787e-10, 3.54279237058e-08, 6.3303684783e-07, 6.59849490603e-07, 5.82546681471e-06, 3.48351431967e-06, 1.43821362144e-05, 0.000114793219836, 0.0220143646002, 38.5122413635, 79651.703125, 13703.2041016, 10.4972696304, 0.0343653038144, 0.101113639772, 320.719787598, 19308.1601562, 59.4268569946, 70.2637329102, 23837.4609375, 152.480865479, 67.6534576416, 79.0184936523, 11.7597646713, 5.59300708771, 1.38432884216, 0.0333731919527, 0.359467595816, 0.360744208097, 0.0724590495229, 0.143920257688, 0.040621034801, 0.000677280244417, 3.68717860511e-06, 7.02515080775e-07, 5.25158094788e-09, 1.76691522524e-10],
        "max": [1.06914503704e-05, 2.80105214188e-05, 4.16983493778e-05, 0.000109221429739, 0.00126605632249, 0.00804149545729, 0.00463818293065, 0.0153500558808, 0.0134206227958, 0.0132209667936, 0.0550593882799, 0.694097816944, 28.0699043274, 1282.33837891, 563.483825684, 15.7301568985, 1.0047198534, 1.14709281921, 58.6496353149, 555.798156738, 32.3858795166, 53.879737854, 915.214477539, 60.7398796082, 47.4338226318, 43.1979026794, 15.6753911972, 11.9445343018, 8.76844024658, 1.33830833435, 2.67915534973, 2.23782205582, 1.17116558552, 1.53597557545, 0.948086798191, 0.175002008677, 0.0138539932668, 0.00492218835279, 0.00044520146912, 7.30053288862e-05],
        "mean": [3.66661680573e-07, 9.2191243084e-07, 2.45169826485e-06, 8.0917361629e-06, 0.000111918445327, 0.000557504361495, 0.000274205493042, 0.00131105876062, 0.000953623559326, 0.00407981919125, 0.0151949636638, 0.123318687081, 4.87329816818, 211.534606934, 82.6847381592, 2.35142374039, 0.178907170892, 0.248649075627, 12.1727828979, 53.3919906616, 2.44309282303, 5.84025287628, 111.481803894, 9.314868927, 8.00266075134, 7.48882484436, 1.74055850506, 0.945586979389, 1.26715302467, 0.272185385227, 0.378725796938, 0.364794611931, 0.211626425385, 0.235396325588, 0.132339015603, 0.0349460169673, 0.00281546870247, 0.000646057596896, 8.10061683296e-05, 1.54917306645e-05],
        "median": [7.02232370031e-08, 1.60194360888e-07, 7.48806030515e-07, 3.13205259772e-06, 1.88850153791e-05, 4.59588372905e-05, 9.45653009694e-05, 0.000353494746378, 0.000465200690087, 0.00331323617138, 0.00799508485943, 0.0196982752532, 0.356734424829, 9.74130439758, 2.53047466278, 0.17021459341, 0.0536222234368, 0.142851918936, 4.67335414886, 12.2209119797, 0.862321734428, 0.466594099998, 1.54812824726, 0.285419344902, 0.890883564949, 1.03196573257, 0.167551726103, 0.115057952702, 0.0766526907682, 0.0469659157097, 0.030762411654, 0.047850318253, 0.0181408580393, 0.0160743873566, 0.00500685581937, 0.00154364842456, 0.000268654606771, 3.380194903e-05, 5.40021483175e-06, 3.87781665268e-06],
        "min": [9.08117886445e-11, 6.84005185825e-10, 2.36118746777e-09, 3.57175200527e-09, 4.34568647734e-09, 3.15753787561e-08, 1.00205298281e-07, 1.28035537728e-07, 7.59207310352e-08, 3.51730378156e-08, 2.27147268106e-07, 7.108749287e-07, 9.07643368464e-07, 2.8009617381e-06, 3.53410700882e-06, 6.03989803949e-07, 3.79521139848e-07, 5.17325986493e-07, 7.12531846148e-06, 4.71846324217e-05, 5.46547335034e-06, 8.16759609279e-07, 2.46675170956e-07, 2.87576028768e-07, 4.60414639747e-07, 1.22352173548e-06, 1.38435177632e-06, 2.0455718186e-06, 5.44698764315e-07, 1.958316318e-07, 2.10811663237e-07, 1.68181102822e-07, 6.01603744599e-08, 1.52601842274e-07, 2.53097187652e-08, 5.89116755378e-09, 3.54870222097e-09, 1.57038504423e-09, 1.28338328853e-09, 3.16540071932e-10],
        "var": [2.12665020143e-12, 1.40021709505e-11, 4.12786090032e-11, 2.45706260893e-10, 7.435260585e-08, 2.59464945884e-06, 4.34697824403e-07, 8.15931070974e-06, 4.10052734878e-06, 1.44554514918e-05, 0.000257312436588, 0.0298555027694, 49.3347511292, 97139.0234375, 16422.3515625, 12.8229408264, 0.0556365400553, 0.0821589380503, 221.974243164, 7875.31298828, 21.4505214691, 96.1267318726, 35514.9960938, 240.446273804, 130.038192749, 118.866973877, 7.68521356583, 3.79657268524, 4.18944740295, 0.128912627697, 0.381184220314, 0.297275573015, 0.0965786427259, 0.135661333799, 0.0441435985267, 0.0026272861287, 1.58369275596e-05, 8.82466622443e-07, 1.13963745108e-08, 3.92116283887e-10]
    },
    "gfcc": {
        "mean": [-326.608428955, -57.567855835, -233.552627563, -26.1833152771, -54.5353317261, 14.0355396271, -21.2529659271, 20.0145168304, -29.2945137024, -18.7466983795, -24.8418903351, 5.00866746902, 24.9476699829],
        "cov": [[38544.1445312, -10340.0361328, -6420.44335938, -1839.61486816, -2727.2043457, 1412.26965332, 921.560424805, 3437.02783203, -3128.03613281, -2105.65600586, -361.941864014, 1321.82470703, -694.287902832], [-10340.0361328, 3418.00927734, 1602.30834961, 483.93637085, 750.55291748, -480.905334473, -361.903411865, -1067.64245605, 885.685913086, 575.12689209, 118.388938904, -491.591644287, 162.32649231], [-6420.44335938, 1602.30834961, 1538.78942871, 247.487411499, 380.339752197, -121.014793396, -188.93951416, -530.255493164, 421.165039062, 356.718658447, 47.5098953247, -135.667144775, 115.557159424], [-1839.61486816, 483.93637085, 247.487411499, 520.208374023, 259.499847412, -196.139404297, -160.702682495, -288.479522705, 245.200653076, 134.822555542, -63.070854187, -176.25112915, 27.5556869507], [-2727.2043457, 750.55291748, 380.339752197, 259.499847412, 405.30255127, -86.3051681519, 23.3779430389, -214.420623779, 304.008209229, 125.934951782, 3.46869778633, -119.453659058, 55.5117530823], [1412.26965332, -480.905334473, -121.014793396, -196.139404297, -86.3051681519, 231.668640137, 193.348846436, 281.811676025, -146.184112549, -116.664077759, 25.5692253113, 131.932998657, -32.0571594238], [921.560424805, -361.903411865, -188.93951416, -160.702682495, 23.3779430389, 193.348846436, 373.060089111, 321.800476074, -93.3527679443, -160.240753174, 59.2896003723, 143.189224243, -24.7764034271], [3437.02783203, -1067.64245605, -530.255493164, -288.479522705, -214.420623779, 281.811676025, 321.800476074, 544.29309082, -317.68460083, -250.882980347, 44.4356651306, 224.556732178, -96.5382766724], [-3128.03613281, 885.685913086, 421.165039062, 245.200653076, 304.008209229, -146.184112549, -93.3527679443, -317.68460083, 352.334014893, 192.09815979, 15.1035861969, -151.813522339, 54.1347084045], [-2105.65600586, 575.12689209, 356.718658447, 134.822555542, 125.934951782, -116.664077759, -160.240753174, -250.882980347, 192.09815979, 203.870605469, 6.52418088913, -104.15978241, 42.7383308411], [-361.941864014, 118.388938904, 47.5098953247, -63.070854187, 3.46869778633, 25.5692253113, 59.2896003723, 44.4356651306, 15.1035861969, 6.52418088913, 68.1284866333, 23.7309570312, -12.7738399506], [1321.82470703, -491.591644287, -135.667144775, -176.25112915, -119.453659058, 131.932998657, 143.189224243, 224.556732178, -151.813522339, -104.15978241, 23.7309570312, 155.482589722, -15.8292331696], [-694.287902832, 162.32649231, 115.557159424, 27.5556869507, 55.5117530823, -32.0571594238, -24.7764034271, -96.5382766724, 54.1347084045, 42.7383308411, -12.7738399506, -15.8292331696, 58.5191268921]],
        "icov": [[0.000619931379333, 0.000261460867478, 0.00132103636861, -0.000217041946598, 1.502552891e-06, -0.00105465692468, 0.00167112972122, -0.00116399605758, 0.00150886061601, 0.000965762534179, 0.00124293938279, -0.000531866448, 0.000357785902452], [0.000261460867478, 0.00426978198811, -0.000764104363043, 0.00183538871352, -0.00250654807314, -0.000649813388009, -0.00211282097735, 0.00776497926563, 0.00111774262041, 0.00109966890886, -0.00823196768761, 0.00550840655342, 0.00369566958398], [0.00132103636861, -0.000764104363043, 0.00572359887883, -0.00180672213901, -0.00105105806142, -0.00630002235994, 0.00349976029247, 0.00173606025055, 0.00560188153759, -0.000726222933736, 0.00280721718445, -0.00700187822804, 0.00329969753511], [-0.000217041946598, 0.00183538871352, -0.00180672213901, 0.00623548030853, -0.00298506510444, 0.0043066367507, -0.000848346680868, 0.000661013356876, -0.00243295868859, 0.000444574223366, 0.000701300508808, 0.00507227797061, 0.00233854330145], [1.502552891e-06, -0.00250654807314, -0.00105105806142, -0.00298506510444, 0.0149007579312, 0.00213554850779, -0.00223237625323, -0.0110680768266, -0.011426509358, 0.00137310428545, 0.00962311308831, 0.00278604985215, -0.00929549150169], [-0.00105465692468, -0.000649813388009, -0.00630002235994, 0.0043066367507, 0.00213554850779, 0.0239140633494, -0.00198670197278, -0.0184823516756, -0.00872280914336, 9.68583844951e-05, 0.0067523973994, 0.00571437645704, -0.009536142461], [0.00167112972122, -0.00211282097735, 0.00349976029247, -0.000848346680868, -0.00223237625323, -0.00198670197278, 0.0219198632985, -0.0208774600178, -0.00188011710998, 0.0109484270215, 0.00366383441724, -0.00512020057067, -0.0117972120643], [-0.00116399605758, 0.00776497926563, 0.00173606025055, 0.000661013356876, -0.0110680768266, -0.0184823516756, -0.0208774600178, 0.0623177811503, 0.01613711752, -0.00673598330468, -0.0286400448531, -0.0075081824325, 0.0369601361454], [0.00150886061601, 0.00111774262041, 0.00560188153759, -0.00243295868859, -0.011426509358, -0.00872280914336, -0.00188011710998, 0.01613711752, 0.0295195002109, -0.00748864980415, -0.00726795988157, -0.00394987501204, 0.0122772241011], [0.000965762534179, 0.00109966890886, -0.000726222933736, 0.000444574223366, 0.00137310428545, 9.68583844951e-05, 0.0109484270215, -0.00673598330468, -0.00748864980415, 0.0230738390237, -0.00446026306599, 0.00376992137171, -0.00797167886049], [0.00124293938279, -0.00823196768761, 0.00280721718445, 0.000701300508808, 0.00962311308831, 0.0067523973994, 0.00366383441724, -0.0286400448531, -0.00726795988157, -0.00446026306599, 0.0527277365327, -0.0119466353208, -0.00115874852054], [-0.000531866448, 0.00550840655342, -0.00700187822804, 0.00507227797061, 0.00278604985215, 0.00571437645704, -0.00512020057067, -0.0075081824325, -0.00394987501204, 0.00376992137171, -0.0119466353208, 0.0398093275726, -0.0151572450995], [0.000357785902452, 0.00369566958398, 0.00329969753511, 0.00233854330145, -0.00929549150169, -0.009536142461, -0.0117972120643, 0.0369601361454, 0.0122772241011, -0.00797167886049, -0.00115874852054, -0.0151572450995, 0.053148150444]]
    },
    "melbands": {
        "dmean": [3.32815019988e-09, 1.41883671478e-09, 1.79600745387e-09, 1.4694474082e-08, 7.64418128796e-09, 1.50997898629e-08, 7.96948196324e-09, 3.01670652902e-08, 2.77837219897e-08, 3.29345617445e-08, 2.67187715508e-07, 0.000359921832569, 0.000276445789495, 1.28717729808e-07, 3.82605129801e-08, 3.0128255446e-08, 2.46769840118e-08, 1.07420225959e-06, 7.28781815269e-05, 1.89154616237e-05, 4.00676860579e-08, 3.312889163e-08, 2.93628545478e-05, 3.91329303966e-05, 4.73362398168e-08, 1.53215879095e-07, 7.13834060662e-06, 1.23980078115e-06, 2.11387870763e-07, 1.49331162902e-06, 1.00420818328e-08, 3.55882605163e-07, 9.97238274181e-08, 6.78404674659e-08, 4.0507007526e-08, 3.94307761553e-07, 8.15873590909e-08, 7.9158141375e-08, 1.55467745344e-07, 1.18000016869e-07],
        "dmean2": [5.37554045721e-09, 2.38114772344e-09, 3.11010239784e-09, 1.9443364252e-08, 9.33281896209e-09, 2.20492424319e-08, 1.00766408551e-08, 5.130452152e-08, 4.6485510552e-08, 5.7198388248e-08, 4.78311562802e-07, 0.000439672032371, 0.000337068457156, 2.20375682147e-07, 6.60987424794e-08, 5.39057332105e-08, 4.04989677349e-08, 1.73560374606e-06, 0.000120149001305, 3.36352059094e-05, 7.33918028573e-08, 5.93627618173e-08, 4.04630118283e-05, 5.65419031773e-05, 7.36204484042e-08, 1.98058273781e-07, 1.07022233351e-05, 1.9232759314e-06, 3.01826503346e-07, 2.22709536501e-06, 1.50691921164e-08, 4.75638387343e-07, 1.36417000363e-07, 1.08925434006e-07, 5.38349311796e-08, 6.1561485154e-07, 1.35491603714e-07, 1.36056186761e-07, 2.62540083895e-07, 1.88142394109e-07],
        "dvar": [1.37489898307e-16, 1.60374802866e-17, 8.42719365796e-18, 1.41756998833e-15, 4.07793398074e-16, 1.26671638504e-15, 3.18538995323e-16, 1.35262363122e-15, 1.21435058478e-15, 2.86648146625e-15, 4.21087942076e-13, 5.1219285524e-07, 3.09703551693e-07, 3.59325165922e-14, 3.12911546649e-15, 1.75096130933e-15, 1.46608740027e-15, 4.20800590553e-12, 1.3053441883e-08, 2.86359824742e-09, 3.33858099688e-15, 5.25204938879e-15, 3.16272985579e-09, 5.01354291416e-09, 5.23409017273e-15, 6.33385894731e-14, 1.30091243333e-10, 4.76130896862e-12, 9.47998867991e-14, 1.33085755957e-11, 5.3419048673e-16, 2.91784039421e-13, 2.3707535704e-14, 1.40790597767e-14, 5.27811894532e-15, 4.88302594973e-13, 1.81527512341e-14, 1.92771874716e-14, 1.18496521189e-13, 4.02751427044e-14],
        "dvar2": [3.39662647069e-16, 3.86119869744e-17, 2.30573320114e-17, 1.64722486665e-15, 7.42231360636e-16, 1.93899288275e-15, 5.3074480964e-16, 3.70402044472e-15, 2.91359492109e-15, 7.97990756048e-15, 1.13837823716e-12, 1.08306301172e-06, 6.56409156363e-07, 1.17129979218e-13, 8.22714123119e-15, 5.36651869183e-15, 4.20547241982e-15, 1.04045539545e-11, 3.63758125843e-08, 8.0632309718e-09, 9.4384610262e-15, 1.65212776863e-14, 6.985578338e-09, 1.2547505257e-08, 1.1783942691e-14, 7.54724042052e-14, 3.20730803027e-10, 1.0641080031e-11, 2.52905443983e-13, 3.12971246141e-11, 1.09919910257e-15, 6.66976510914e-13, 5.1360516995e-14, 2.93813503258e-14, 9.50181739659e-15, 1.16195779127e-12, 4.70855247695e-14, 5.58841472718e-14, 2.80767190096e-13, 1.30285295356e-13],
        "max": [7.84714231372e-08, 2.6311436585e-08, 1.67721108113e-08, 3.6842337181e-07, 1.95680101456e-07, 3.01937859604e-07, 1.74155530885e-07, 2.3326204257e-07, 2.61597222107e-07, 2.86389337134e-07, 4.63669448436e-06, 0.00473636062816, 0.00384313380346, 1.06497702745e-06, 4.8000958941e-07, 2.47863539471e-07, 2.34929061094e-07, 1.4514393115e-05, 0.000659094366711, 0.000376621756004, 3.29480684513e-07, 4.62780917587e-07, 0.000532416976057, 0.000597885809839, 4.73059714068e-07, 2.17138062908e-06, 9.69441753114e-05, 1.3092858353e-05, 1.62191327036e-06, 2.66051338258e-05, 2.01549994472e-07, 5.71232476432e-06, 1.43952070175e-06, 1.1005054148e-06, 6.75839487485e-07, 3.70957513951e-06, 8.58956866523e-07, 7.56705503591e-07, 2.3893476282e-06, 1.38764005442e-06],
        "mean": [2.93623791947e-09, 1.17451703918e-09, 1.73186232022e-09, 2.68002118275e-08, 1.18562093476e-08, 2.66888822154e-08, 1.16610721079e-08, 5.5398054144e-08, 5.96896754246e-08, 4.40257892365e-08, 3.42131187381e-07, 0.000780347152613, 0.000572439399548, 2.22063619049e-07, 6.81642831069e-08, 4.87862976684e-08, 4.45319550124e-08, 1.63776860518e-06, 0.000102546735434, 2.10831949516e-05, 6.6627904971e-08, 5.47251310934e-08, 5.69766161789e-05, 8.23182635941e-05, 9.83711245794e-08, 3.32301254957e-07, 1.53958371811e-05, 1.85919748219e-06, 3.45397552337e-07, 2.0246081931e-06, 2.66231428014e-08, 8.07370440725e-07, 2.32610759099e-07, 1.65712336297e-07, 9.48752685304e-08, 5.22726281815e-07, 1.32964061095e-07, 1.26895542962e-07, 2.33168194086e-07, 2.06969957617e-07],
        "median": [6.8192090863e-10, 2.4287832856e-10, 6.51940834651e-10, 2.29232544058e-09, 2.44248954395e-09, 6.6556276046e-09, 3.19719140052e-09, 3.78607047935e-08, 2.81988690176e-08, 2.7399917002e-08, 1.08300952206e-07, 3.55926422344e-05, 1.77115671249e-05, 9.90902719877e-08, 5.08689872447e-08, 3.68998378519e-08, 3.02438181166e-08, 7.02983811607e-07, 3.26218323607e-05, 1.83051838576e-06, 4.5544030769e-08, 4.34170033259e-08, 1.24060898088e-06, 8.18196838281e-07, 5.20107867885e-08, 6.91375063866e-08, 1.6828388425e-06, 7.8611762433e-08, 5.18375777858e-08, 1.32594962565e-07, 1.27987087595e-08, 3.97164647836e-08, 1.26960086888e-08, 1.02000390356e-08, 1.01706216782e-08, 2.66855693098e-08, 2.2417880885e-08, 1.02490442799e-08, 1.97732177298e-08, 1.02320614204e-08],
        "min": [8.41130767468e-13, 1.15520657276e-12, 5.67204649134e-13, 1.05993512578e-12, 3.19348193722e-12, 2.87320926599e-12, 1.0853788571e-12, 3.45673576568e-13, 2.43008217715e-12, 4.64000018963e-12, 4.22723661631e-12, 1.0121316979e-11, 1.57802000633e-11, 2.1376646113e-12, 1.184950792e-12, 5.24637028699e-13, 7.59033569504e-13, 2.98131810038e-12, 6.13698328267e-11, 3.71983485681e-11, 1.75779410558e-12, 8.30399117524e-13, 2.2477572375e-13, 2.18170289777e-13, 2.32287577845e-13, 1.72128031771e-13, 6.18750114079e-13, 8.59051057286e-13, 5.47375079291e-13, 1.69411815305e-12, 9.15621094569e-13, 2.65639615339e-13, 1.69457872214e-13, 9.18274313468e-14, 9.51940349464e-14, 1.50696322825e-13, 7.69688878063e-14, 1.92799081415e-14, 1.17577971556e-13, 1.18117443452e-13],
        "var": [1.15220184514e-16, 1.38108664147e-17, 7.53693556062e-18, 5.67781346434e-15, 9.42928617707e-16, 3.46714831629e-15, 7.34685197048e-16, 3.40750449131e-15, 4.81490415504e-15, 3.22774652397e-15, 4.53624307171e-13, 1.32070954351e-06, 7.77481659497e-07, 7.09167018728e-14, 6.52901847238e-15, 2.79868134926e-15, 2.71846923498e-15, 5.9296404592e-12, 1.95522087409e-08, 2.71977707023e-09, 5.28020434044e-15, 5.22071594601e-15, 9.61891455376e-09, 1.92856202119e-08, 1.51287233338e-14, 3.28272511171e-13, 5.23970422606e-10, 1.0187581681e-11, 2.13377099735e-13, 1.82946852112e-11, 1.58309430814e-15, 1.71061483121e-12, 1.38912210727e-13, 5.97278032154e-14, 2.06623472265e-14, 8.06990758939e-13, 3.85531992615e-14, 3.95547445709e-14, 1.93051805553e-13, 1.02511735537e-13]
    },
    "mfcc": {
        "mean": [-938.30255127, -15.3470163345, -74.346862793, -30.8078460693, -14.755689621, -13.2688446045, 7.57432317734, 15.2519721985, 16.6063480377, 1.00052416325, -30.717830658, -28.740146637, 7.51982069016],
        "cov": [[16597.8339844, -4185.44775391, -3746.57958984, -918.293518066, -1599.35339355, -1500.06835938, 1017.78283691, 1495.41442871, 438.192443848, -563.875183105, -1244.3046875, -1070.93078613, -267.459350586], [-4185.44775391, 1670.3939209, 718.301513672, 105.265678406, 330.945465088, 378.419403076, -273.411224365, -505.613586426, -195.65385437, 145.888641357, 259.439178467, 195.409423828, 99.2329025269], [-3746.57958984, 718.301513672, 1133.22741699, 285.866668701, 379.340270996, 341.909088135, -249.121490479, -321.6902771, -107.503051758, 105.529899597, 300.764587402, 271.062347412, 22.7664432526], [-918.293518066, 105.265678406, 285.866668701, 227.919464111, 164.37260437, 97.0749359131, -140.199645996, -167.742324829, -17.4338912964, 74.398475647, 75.8916168213, 50.0485572815, 18.242515564], [-1599.35339355, 330.945465088, 379.340270996, 164.37260437, 241.940460205, 156.773269653, -135.035995483, -170.751113892, -28.0125370026, 96.4629211426, 113.760269165, 95.7530212402, 34.0515518188], [-1500.06835938, 378.419403076, 341.909088135, 97.0749359131, 156.773269653, 171.935119629, -112.029014587, -162.54750061, -23.733953476, 59.6632614136, 110.404151917, 84.6463699341, 37.5655555725], [1017.78283691, -273.411224365, -249.121490479, -140.199645996, -135.035995483, -112.029014587, 231.318511963, 254.745758057, 34.7133750916, -79.9096832275, -52.9456291199, -14.3506498337, -44.4933586121], [1495.41442871, -505.613586426, -321.6902771, -167.742324829, -170.751113892, -162.54750061, 254.745758057, 371.666412354, 60.4086380005, -88.6303253174, -84.2026824951, -34.3300819397, -63.2166595459], [438.192443848, -195.65385437, -107.503051758, -17.4338912964, -28.0125370026, -23.733953476, 34.7133750916, 60.4086380005, 93.7686767578, -5.11142778397, -17.3183841705, -24.0734386444, 15.4435214996], [-563.875183105, 145.888641357, 105.529899597, 74.398475647, 96.4629211426, 59.6632614136, -79.9096832275, -88.6303253174, -5.11142778397, 89.482635498, 26.3049945831, 10.6104011536, 29.6403408051], [-1244.3046875, 259.439178467, 300.764587402, 75.8916168213, 113.760269165, 110.404151917, -52.9456291199, -84.2026824951, -17.3183841705, 26.3049945831, 150.301620483, 116.933174133, 16.5880813599], [-1070.93078613, 195.409423828, 271.062347412, 50.0485572815, 95.7530212402, 84.6463699341, -14.3506498337, -34.3300819397, -24.0734386444, 10.6104011536, 116.933174133, 135.288772583, -2.42361092567], [-267.459350586, 99.2329025269, 22.7664432526, 18.242515564, 34.0515518188, 37.5655555725, -44.4933586121, -63.2166595459, 15.4435214996, 29.6403408051, 16.5880813599, -2.42361092567, 53.0639419556]],
