{
"lowlevel": {
    "average_loudness": 0.939792454243,
    "barkbands_crest": {
        "dmean": 1.68831074238,
        "dmean2": 2.91520404816,
        "dvar": 1.98798727989,
        "dvar2": 5.69999027252,
        "max": 12.7009048462,
        "mean": 6.46546888351,
        "median": 6.19225978851,
        "min": 3.21722269058,
        "var": 3.29711914062
    },
    "barkbands_flatness_db": {
        "dmean": 0.0125629557297,
        "dmean2": 0.0203352104872,
        "dvar": 0.000126512299175,
        "dvar2": 0.000281549378997,
        "max": 0.190153554082,
        "mean": 0.0902179554105,
        "median": 0.0878354907036,
        "min": 0.0517378523946,
        "var": 0.000415567308664
    },
    "barkbands_kurtosis": {
        "dmean": 1.11849761009,
        "dmean2": 1.68267822266,
        "dvar": 1.3566879034,
        "dvar2": 3.14192938805,
        "max": 11.8280258179,
        "mean": 1.08160769939,
        "median": 0.42616045475,
        "min": -1.33920812607,
        "var": 4.88892650604
    },
    "barkbands_skewness": {
        "dmean": 0.30165874958,
        "dmean2": 0.462336957455,
        "dvar": 0.0705669000745,
        "dvar2": 0.176552221179,
        "max": -0.0292350146919,
        "mean": -1.21314775944,
        "median": -1.15953636169,
        "min": -2.58292555809,
        "var": 0.253141909838
    },
    "barkbands_spread": {
        "dmean": 4.9376578331,
        "dmean2": 7.62999820709,
        "dvar": 17.8387298584,
        "dvar2": 42.0429191589,
        "max": 46.2043838501,
        "mean": 26.9445476532,
        "median": 27.1468086243,
        "min": 6.86025238037,
        "var": 56.3511505127
    },
    "dissonance": {
        "dmean": 0.00485963793471,
        "dmean2": 0.00852591358125,
        "dvar": 1.56178030011e-05,
        "dvar2": 4.75632368762e-05,
        "max": 0.499997854233,
        "mean": 0.494140326977,
        "median": 0.495229125023,
        "min": 0.466244280338,
        "var": 2.15627678699e-05
    },
    "dynamic_complexity": 2.40364480019,
    "erbbands_crest": {
        "dmean": 2.09372520447,
        "dmean2": 3.51473546028,
        "dvar": 3.70691943169,
        "dvar2": 10.9906024933,
        "max": 19.1194610596,
        "mean": 9.10098838806,
        "median": 8.97285842896,
        "min": 3.70772624016,
        "var": 6.24610280991
    },
    "erbbands_flatness_db": {
        "dmean": 0.0128938788548,
        "dmean2": 0.0205585118383,
        "dvar": 0.000117970863357,
        "dvar2": 0.000295855570585,
        "max": 0.232394635677,
        "mean": 0.167727351189,
        "median": 0.165777057409,
        "min": 0.131463497877,
        "var": 0.000319720420521
    },
    "erbbands_kurtosis": {
        "dmean": 1.19501137733,
        "dmean2": 1.90734541416,
        "dvar": 1.19432330132,
        "dvar2": 2.95647549629,
        "max": 9.00734329224,
        "mean": 1.55416846275,
        "median": 1.19640994072,
        "min": -1.22726988792,
        "var": 3.65777087212
    },
    "erbbands_skewness": {
        "dmean": 0.275919169188,
        "dmean2": 0.447901815176,
        "dvar": 0.055764850229,
        "dvar2": 0.146675378084,
        "max": -0.00892331358045,
        "mean": -1.10195374489,
        "median": -1.14230775833,
        "min": -2.26636385918,
        "var": 0.161016374826
    },
    "erbbands_spread": {
        "dmean": 5.62927818298,
        "dmean2": 8.68317127228,
        "dvar": 23.7578372955,
        "dvar2": 59.0679740906,
        "max": 51.9520988464,
        "mean": 29.504529953,
        "median": 30.1029815674,
        "min": 11.6652498245,
        "var": 74.4405593872
    },
    "hfc": {
        "dmean": 23.4427833557,
        "dmean2": 33.9604148865,
        "dvar": 4595.59765625,
        "dvar2": 7606.11621094,
        "max": 1001.63336182,
        "mean": 61.0396652222,
        "median": 37.4368362427,
        "min": 6.93268966675,
        "var": 11415.7304688
    },
    "melbands_crest": {
        "dmean": 1.53794085979,
        "dmean2": 2.54340291023,
        "dvar": 1.86411488056,
        "dvar2": 4.97205543518,
        "max": 13.3406963348,
        "mean": 5.27422809601,
        "median": 4.89070415497,
        "min": 2.59623599052,
        "var": 3.51985120773
    },
    "melbands_flatness_db": {
        "dmean": 0.00777850253507,
        "dmean2": 0.0126808173954,
        "dvar": 3.58183569915e-05,
        "dvar2": 0.000110481101729,
        "max": 0.0830295160413,
        "mean": 0.043509427458,
        "median": 0.0427758581936,
        "min": 0.0268042646348,
        "var": 7.65721488278e-05
    },
    "melbands_kurtosis": {
        "dmean": 0.319621771574,
        "dmean2": 0.515144228935,
        "dvar": 0.164564877748,
        "dvar2": 0.388090372086,
        "max": 3.45226192474,
        "mean": -1.05348181725,
        "median": -1.22784352303,
        "min": -1.53418803215,
        "var": 0.327686935663
    },
    "melbands_skewness": {
        "dmean": 0.300693690777,
        "dmean2": 0.460489690304,
        "dvar": 0.0701228007674,
        "dvar2": 0.170482054353,
        "max": 1.01643669605,
        "mean": 0.0511067509651,
        "median": 0.0990536361933,
        "min": -1.56628680229,
        "var": 0.243119880557
    },
    "melbands_spread": {
        "dmean": 12.5727052689,
        "dmean2": 21.1445064545,
        "dvar": 117.1042099,
        "dvar2": 299.153015137,
        "max": 144.796844482,
        "mean": 104.427284241,
        "median": 104.642379761,
        "min": 50.2926025391,
        "var": 248.175643921
    },
    "pitch_salience": {
        "dmean": 0.0386850610375,
        "dmean2": 0.0657449662685,
        "dvar": 0.000945548759773,
        "dvar2": 0.00245834491216,
        "max": 0.853468477726,
        "mean": 0.720045149326,
        "median": 0.721335828304,
        "min": 0.558568060398,
        "var": 0.00176924851257
    },
    "silence_rate_20dB": {
        "dmean": 0,
        "dmean2": 0,
        "dvar": 0,
        "dvar2": 0,
        "max": 1,
        "mean": 1,
        "median": 1,
        "min": 1,
        "var": 0
    },
    "silence_rate_30dB": {
        "dmean": 0.00913241971284,
        "dmean2": 0.0183486230671,
        "dvar": 0.00904903467745,
        "dvar2": 0.0271862540394,
        "max": 1,
        "mean": 0.995454549789,
        "median": 1,
        "min": 0,
        "var": 0.00452480139211
    },
    "silence_rate_60dB": {
        "dmean": 0.0365296788514,
        "dmean2": 0.0688073411584,
        "dvar": 0.0351950824261,
        "dvar2": 0.0824211910367,
        "max": 1,
        "mean": 0.0500000007451,
        "median": 0,
        "min": 0,
        "var": 0.0475000552833
    },
    "spectral_centroid": {
        "dmean": 152.567764282,
        "dmean2": 237.51763916,
        "dvar": 19000.2382812,
        "dvar2": 50563.9375,
        "max": 4575.03076172,
        "mean": 3972.84301758,
        "median": 3993.17504883,
        "min": 3283.93701172,
        "var": 56695.1914062
    },
    "spectral_complexity": {
        "dmean": 4.50684928894,
        "dmean2": 6.91743135452,
        "dvar": 18.6335010529,
        "dvar2": 33.3785171509,
        "max": 58,
        "mean": 21.4454536438,
        "median": 20,
        "min": 0,
        "var": 97.2470169067
    },
    "spectral_decrease": {
        "dmean": 4.85973927766e-10,
        "dmean2": 7.62532925691e-10,
        "dvar": 7.02726481407e-19,
        "dvar2": 1.70066876035e-18,
        "max": -1.53732068742e-10,
        "mean": -1.4803781534e-09,
        "median": -1.1413191503e-09,
        "min": -1.07118891535e-08,
        "var": 1.58591978424e-18
    },
    "spectral_energy": {
        "dmean": 0.00387243833393,
        "dmean2": 0.00569256348535,
        "dvar": 7.47605736251e-05,
        "dvar2": 0.00013581829262,
        "max": 0.131280422211,
        "mean": 0.0111237699166,
        "median": 0.00751499738544,
        "min": 0.0012090371456,
        "var": 0.000191418439499
    },
    "spectral_energyband_high": {
        "dmean": 0.00312112970278,
        "dmean2": 0.00453261518851,
        "dvar": 6.76596537232e-05,
        "dvar2": 0.000122862606077,
        "max": 0.124857679009,
        "mean": 0.00786419957876,
        "median": 0.00503016961738,
        "min": 0.00077887205407,
        "var": 0.000159035771503
    },
    "spectral_energyband_low": {
        "dmean": 1.03107931864e-05,
        "dmean2": 1.71051706275e-05,
        "dvar": 2.09216505231e-10,
        "dvar2": 4.94513541227e-10,
        "max": 9.92706773104e-05,
        "mean": 1.27334278659e-05,
        "median": 6.656725418e-06,
        "min": 4.97693179113e-07,
        "var": 2.67682542798e-10
    },
    "spectral_energyband_middle_high": {
        "dmean": 0.000981739489362,
        "dmean2": 0.00162218895275,
        "dvar": 2.8785404993e-06,
        "dvar2": 7.7402783063e-06,
        "max": 0.0172918178141,
        "mean": 0.00254416791722,
        "median": 0.00191060919315,
        "min": 0.000258549087448,
        "var": 4.91411447001e-06
    },
    "spectral_energyband_middle_low": {
        "dmean": 0.000360699370503,
        "dmean2": 0.000607163878158,
        "dvar": 2.42071479306e-07,
        "dvar2": 6.26886389909e-07,
        "max": 0.00586066767573,
        "mean": 0.000833903497551,
        "median": 0.000686528161168,
        "min": 0.000100416218629,
        "var": 4.05475930165e-07
    },
    "spectral_entropy": {
        "dmean": 0.100509338081,
        "dmean2": 0.157583132386,
        "dvar": 0.00607880018651,
        "dvar2": 0.01681676507,
        "max": 8.78363895416,
        "mean": 8.2524728775,
        "median": 8.25910377502,
        "min": 7.90295267105,
        "var": 0.0193353723735
    },
    "spectral_flux": {
        "dmean": 0.00939944665879,
        "dmean2": 0.0135223437101,
        "dvar": 0.000241071014898,
        "dvar2": 0.000424941186793,
        "max": 0.224002450705,
        "mean": 0.06620939821,
        "median": 0.0582993142307,
        "min": 0.0284695867449,
        "var": 0.000983568374068
    },
    "spectral_kurtosis": {
        "dmean": 0.362266302109,
        "dmean2": 0.538890659809,
        "dvar": 0.108464770019,
        "dvar2": 0.238604024053,
        "max": 3.92046785355,
        "mean": 1.68837499619,
        "median": 1.68806624413,
        "min": 0.264551401138,
        "var": 0.322659820318
    },
    "spectral_rms": {
        "dmean": 0.000449477083748,
        "dmean2": 0.000663131242618,
        "dvar": 4.32915612691e-07,
        "dvar2": 8.81099651906e-07,
        "max": 0.011317175813,
        "mean": 0.00301425112411,
        "median": 0.00270770979114,
        "min": 0.00108607020229,
        "var": 1.76674461727e-06
    },
    "spectral_rolloff": {
        "dmean": 849.922668457,
        "dmean2": 1413.58520508,
        "dvar": 541294.1875,
        "dvar2": 1338053.125,
        "max": 11649.4628906,
        "mean": 8258.17871094,
        "median": 8354.8828125,
        "min": 5124.90234375,
        "var": 1602817.25
    },
    "spectral_skewness": {
        "dmean": 0.0786643624306,
        "dmean2": 0.123429939151,
        "dvar": 0.00729536358267,
        "dvar2": 0.0126633970067,
        "max": 1.78741967678,
        "mean": 0.931090295315,
        "median": 0.921014726162,
        "min": 0.639102458954,
        "var": 0.0139871425927
    },
    "spectral_spread": {
        "dmean": 522665.9375,
        "dmean2": 798945.8125,
        "dvar": 421464244224,
        "dvar2": 600157388800,
        "max": 14849848,
        "mean": 6175781,
        "median": 6085275,
        "min": 3968140.75,
        "var": 857789300736
    },
    "spectral_strongpeak": {
        "dmean": 1.79501593113,
        "dmean2": 3.08437085152,
        "dvar": 3.07127952576,
        "dvar2": 8.02496814728,
        "max": 15.897690773,
        "mean": 3.28350758553,
        "median": 2.82249736786,
        "min": 0.110695801675,
        "var": 4.62484455109
    },
    "zerocrossingrate": {
        "dmean": 0.0123943174258,
        "dmean2": 0.0155757237226,
        "dvar": 0.000212449216633,
        "dvar2": 0.000241253117565,
        "max": 0.3701171875,
        "mean": 0.24990233779,
        "median": 0.250244140625,
        "min": 0.1337890625,
        "var": 0.00100059364922
    },
    "barkbands": {
        "dmean": [3.74907835976e-06, 4.22523783072e-07, 2.08523897527e-06, 2.16850385186e-05, 7.87412573118e-05, 0.000116107192298, 9.34202544158e-05, 0.000106423052785, 0.000124151760247, 0.000141933211125, 0.000127125735162, 0.000159033879754, 0.000131791530293, 0.000125847465824, 9.62813937804e-05, 9.24802443478e-05, 7.23256525816e-05, 6.4700099756e-05, 0.000215289532207, 0.00110927445348, 0.000687375897542, 0.000433987006545, 0.000312778633088, 0.000815820530988, 0.000714558234904, 0.0001234463125, 5.3157833463e-05],
        "dmean2": [6.02881937084e-06, 7.51763820972e-07, 3.38438076142e-06, 3.7592559238e-05, 0.000128263971419, 0.000191256272956, 0.000156731359311, 0.000193905711058, 0.000218454573769, 0.000248462019954, 0.000220331188757, 0.000279212748865, 0.000229954457609, 0.000212980623473, 0.000159830742632, 0.00016175134806, 0.000123142570374, 0.000108037391328, 0.000362008431694, 0.00171631888952, 0.00110118987504, 0.000720559211913, 0.00049478985602, 0.00118459807709, 0.00103316979948, 0.00017909174494, 8.08532640804e-05],
        "dvar": [1.81744966299e-11, 2.33099645272e-13, 7.13251593204e-12, 9.472282958e-10, 1.32231070538e-08, 2.22785292436e-08, 1.8237994226e-08, 2.27001049069e-08, 1.8590961659e-08, 4.14169676333e-08, 2.44106317382e-08, 4.88640061747e-08, 4.47309389529e-08, 3.76796975843e-08, 2.64814943307e-08, 5.56483712444e-08, 2.9496010967e-08, 3.60605731942e-08, 2.40122915329e-07, 3.44706563737e-06, 1.07022583506e-06, 1.126787879e-06, 7.2781841709e-07, 6.44904639557e-06, 8.42016015667e-06, 1.70924081999e-07, 6.35155359419e-08],
        "dvar2": [3.7653848789e-11, 7.36345283792e-13, 1.57031332382e-11, 2.39412267788e-09, 3.4390787107e-08, 5.40203970445e-08, 4.52500259485e-08, 6.63107613263e-08, 5.38298081665e-08, 1.14884805669e-07, 6.80212437487e-08, 1.31425181848e-07, 1.26198827388e-07, 9.04442316596e-08, 6.20178042254e-08, 1.65373350569e-07, 8.47990975217e-08, 9.52194056936e-08, 6.54653547372e-07, 7.73309420765e-06, 2.62039725385e-06, 3.11675398734e-06, 1.89051218058e-06, 1.44493396874e-05, 1.8334514607e-05, 2.82175676602e-07, 1.07945091088e-07],
        "max": [3.59727200703e-05, 2.79848563878e-06, 2.77847848338e-05, 0.000175521796336, 0.000925550120883, 0.00161031237803, 0.00141736818478, 0.00102725264151, 0.00100826635025, 0.00183773471508, 0.00105942878872, 0.00189366878476, 0.00198039109819, 0.0016123582609, 0.00173165497836, 0.00271367444657, 0.0017338328762, 0.00225864071399, 0.00450977450237, 0.0245950855315, 0.0125483749434, 0.0117292404175, 0.00981903355569, 0.0329851843417, 0.0453780591488, 0.00581150129437, 0.00357271707617],
        "mean": [4.08915548178e-06, 5.34008336217e-07, 2.68090116151e-06, 2.27606669796e-05, 0.000101393183286, 0.000169932842255, 0.000141331183841, 0.000147375496454, 0.000193875617697, 0.000223251088755, 0.000182212083018, 0.000246796407737, 0.000206355936825, 0.000207546399906, 0.000164377706824, 0.000155681977049, 0.000108201587864, 9.61854893831e-05, 0.000305276218569, 0.00216630380601, 0.00173014157917, 0.000920609396417, 0.000559347681701, 0.00149136129767, 0.00124441902153, 0.000249641714618, 7.99618574092e-05],
        "median": [1.97413328351e-06, 4.18703251626e-07, 1.49267089e-06, 1.02258154584e-05, 6.28438865533e-05, 0.000124152647913, 0.000104704660771, 9.87618259387e-05, 0.000141998607432, 0.000156011476065, 0.000114779017167, 0.000162710814038, 0.000142442440847, 0.000122304423712, 0.000105289946077, 9.45487408899e-05, 5.94034463575e-05, 4.83338189952e-05, 0.000104815255327, 0.00149198377039, 0.00117946334649, 0.00061241450021, 0.000315145356581, 0.000730003113858, 0.000524046074133, 0.000106890234747, 2.07582124858e-05],
        "min": [5.18376985781e-09, 5.65564128863e-08, 6.18629840687e-08, 2.48954904691e-07, 5.7220695453e-06, 3.62473883797e-06, 3.84401846532e-06, 9.48966226133e-06, 1.00209254015e-05, 1.28000719997e-05, 1.02202266135e-05, 2.01561269932e-05, 1.17825547932e-05, 1.94318781723e-05, 8.05534818937e-06, 1.50868363562e-05, 9.01873863768e-06, 5.07393633598e-06, 1.16898690976e-05, 0.000134710440761, 0.000147172715515, 6.27845656709e-05, 3.3168525988e-05, 0.00012430564675, 7.97599059297e-05, 1.93963551283e-05, 4.00108547183e-06],
        "var": [3.38554462243e-11, 2.01492305913e-13, 1.11111415207e-11, 1.05768460656e-09, 1.48275178802e-08, 3.33097460725e-08, 2.31681731577e-08, 2.47658160646e-08, 2.57087080513e-08, 5.34346540348e-08, 3.57194451794e-08, 6.93704365062e-08, 5.3284836099e-08, 6.79366891632e-08, 4.74598280675e-08, 5.45470904001e-08, 3.55718050571e-08, 3.60248613163e-08, 2.54617077644e-07, 7.02631541571e-06, 2.69384622698e-06, 1.44907880895e-06, 9.14879478842e-07, 1.05522603917e-05, 1.43148054121e-05, 4.12168873254e-07, 1.11334387043e-07]
    },
    "erbbands": {
        "dmean": [2.26157353609e-05, 0.000103256301372, 0.00171397184022, 0.0361527279019, 0.209465146065, 0.266780227423, 0.553255319595, 1.06724643707, 1.32397687435, 1.93278515339, 2.01967120171, 2.66247224808, 4.06756734848, 4.29403066635, 6.19868183136, 6.73872613907, 5.95979833603, 6.45836734772, 5.20505523682, 4.99873638153, 4.89347505569, 4.00021219254, 3.72832465172, 4.11511135101, 17.8401012421, 57.6514701843, 36.045501709, 23.1940841675, 18.1742210388, 7.31206035614, 9.21157264709, 18.0821933746, 11.8507766724, 5.22418022156, 6.79321241379, 1.18969893456, 0.186922505498, 0.0602330043912, 0.00990595761687, 0.000493737461511],
        "dmean2": [3.83288534067e-05, 0.00018203354557, 0.00279504270293, 0.0621552318335, 0.365225374699, 0.447354227304, 0.959528803825, 1.79536497593, 2.22982001305, 3.35227203369, 3.48807668686, 4.70758628845, 7.27036952972, 7.04200935364, 10.6767044067, 11.6834859848, 10.3517284393, 10.8525867462, 8.72382450104, 8.73443508148, 8.72452545166, 6.69104576111, 6.269323349, 6.97715711594, 28.1066017151, 91.5131225586, 57.9941902161, 38.0536880493, 29.2209339142, 12.0467653275, 13.9103794098, 25.8407440186, 17.9616260529, 8.31391906738, 9.95807743073, 1.57561540604, 0.285970360041, 0.0895589664578, 0.0147068379447, 0.000708293635398],
        "dvar": [4.77091532947e-10, 1.30770221318e-08, 4.70182976642e-06, 0.00263593834825, 0.166414812207, 0.0981108248234, 0.943309426308, 1.62061035633, 3.84316802025, 7.91211986542, 7.08658981323, 8.45406150818, 27.2487640381, 30.8719787598, 63.5333442688, 98.9417266846, 95.6604156494, 115.565673828, 71.0382919312, 84.0945587158, 200.127944946, 109.412223816, 153.303085327, 261.858428955, 900.540283203, 10248.6689453, 3575.50878906, 1851.27392578, 1468.82849121, 447.919311523, 772.630554199, 3305.40380859, 1181.81396484, 170.336593628, 1083.43225098, 17.8060932159, 0.455389648676, 0.0725476369262, 0.00170856795739, 6.07397169006e-06],
        "dvar2": [1.25360766212e-09, 4.10170422072e-08, 1.02897856777e-05, 0.00629305746406, 0.450570911169, 0.25977113843, 2.41741251945, 3.68369221687, 9.07016277313, 21.9103527069, 20.5842514038, 23.1774616241, 83.7007904053, 80.2111587524, 165.177108765, 281.091705322, 259.119903564, 300.089996338, 169.27255249, 231.074325562, 611.382507324, 320.290679932, 418.377197266, 741.43347168, 2342.48388672, 22178.6484375, 8981.03417969, 4365.82861328, 4001.40014648, 1306.68652344, 1952.55932617, 6901.24023438, 2785.94506836, 316.725372314, 2501.9675293, 28.6029605865, 0.902520358562, 0.153301253915, 0.00244384701364, 1.32872819449e-05],
        "max": [0.000165904173627, 0.000798421446234, 0.0215669423342, 0.296537041664, 3.37327671051, 2.19020986557, 10.3455715179, 10.608124733, 23.1303863525, 28.0653972626, 20.4992313385, 19.4610881805, 37.5154190063, 46.4478683472, 62.9844818115, 87.984413147, 96.1595077515, 96.5460357666, 71.2054290771, 101.749763489, 154.185745239, 109.920188904, 144.208312988, 187.295028687, 248.338577271, 1391.42651367, 749.778259277, 579.392089844, 415.245910645, 222.139480591, 308.061706543, 804.083679199, 417.499389648, 199.130584717, 490.709686279, 65.4481964111, 9.94652366638, 3.90506505966, 0.622273743153, 0.0354355201125],
        "mean": [3.15901343129e-05, 0.000136115282658, 0.00241229427047, 0.0420926474035, 0.21202544868, 0.342829883099, 0.697399497032, 1.5879970789, 1.92207598686, 3.03253817558, 3.03111457825, 4.13214731216, 5.91196107864, 7.45596218109, 9.12673091888, 10.0694494247, 9.66567134857, 10.8702259064, 9.04296207428, 8.57776165009, 8.2137594223, 6.23029279709, 5.4069814682, 6.15615510941, 31.5591487885, 114.131492615, 90.5428771973, 54.3359031677, 39.5337753296, 13.9532852173, 16.4014663696, 31.3889331818, 22.1953353882, 11.4653787613, 9.91219139099, 2.20565986633, 0.354478418827, 0.0864574089646, 0.0147929070517, 0.000711642380338],
        "median": [2.49632976193e-05, 0.000104403843579, 0.00149311171845, 0.0219272077084, 0.100682169199, 0.205036044121, 0.460947692394, 1.15991342068, 1.31343817711, 2.27682971954, 2.07551050186, 3.04769468307, 4.23114013672, 4.99468421936, 5.95689678192, 6.39216041565, 6.47581863403, 6.5915813446, 5.85875797272, 5.30435800552, 4.94513225555, 3.3754427433, 2.74236083031, 3.169465065, 16.6447792053, 75.4746704102, 59.9932098389, 39.2510681152, 26.7495422363, 9.77359294891, 9.15392208099, 15.1366519928, 11.0012950897, 6.09322929382, 3.2315621376, 0.818390071392, 0.147157147527, 0.0268292687833, 0.00369584746659, 0.000209399382584],
        "min": [2.39674295699e-06, 9.2612735898e-06, 0.000163529111887, 0.00161993515212, 0.00626004580408, 0.00746445683762, 0.0243678856641, 0.020418908447, 0.0547767393291, 0.21279707551, 0.277368664742, 0.319545447826, 0.34466701746, 0.435448437929, 0.526114106178, 0.776689052582, 0.611694335938, 0.956668138504, 0.648576200008, 0.708317697048, 0.717284739017, 0.507140219212, 0.321142226458, 0.615720033646, 1.87194812298, 8.20237827301, 7.02592229843, 3.83409881592, 2.79903078079, 0.654299259186, 0.8944901824, 2.30469870567, 1.53327047825, 0.938506245613, 0.528410971165, 0.116954036057, 0.0293108001351, 0.00500955292955, 0.000665349594783, 4.85561686219e-05],
        "var": [5.83679771182e-10, 1.22344783193e-08, 7.49185073801e-06, 0.00322649208829, 0.137154370546, 0.122140370309, 1.07015120983, 2.64302062988, 4.82922315598, 8.89202022552, 8.83826732635, 11.9401016235, 32.7946281433, 54.9452514648, 91.385597229, 121.595680237, 116.333213806, 201.939025879, 108.689758301, 135.399398804, 182.246231079, 116.696670532, 131.114013672, 192.142211914, 1399.38781738, 22297.15625, 8586.45410156, 3338.61328125, 2171.70605469, 432.738464355, 926.694091797, 5609.24072266, 1857.86108398, 463.678741455, 1492.03295898, 47.2910652161, 0.918028056622, 0.10032235086, 0.00347007042728, 8.73080171004e-06]
    },
    "gfcc": {
        "mean": [0.641906738281, -56.5061950684, -140.390594482, 1.70205235481, -103.154838562, 1.48205733299, -43.5282096863, -8.09306907654, -42.5993385315, 10.0412893295, -21.0256252289, -10.8616628647, -2.39430069923],
        "cov": [[1172.65222168, -234.043563843, 12.0823478699, -62.8995513916, 10.6207742691, -57.1640892029, -85.361114502, -43.7564430237, -49.6529083252, -65.3444976807, -25.4611568451, -16.303861618, -26.7630119324], [-234.043563843, 321.462432861, -94.3509597778, -15.9157094955, -4.76172971725, 26.194978714, 13.2686738968, -4.59168052673, -13.3696546555, 0.839255511761, -16.3307037354, -7.99455928802, -5.87475538254], [12.0823478699, -94.3509597778, 163.522781372, 55.7046585083, 5.98019123077, -14.5556926727, -4.62359380722, -14.0135250092, -8.50028514862, -6.02081727982, -15.4654111862, -8.69883537292, 0.620149672031], [-62.8995513916, -15.9157094955, 55.7046585083, 91.1580505371, 9.28046035767, -3.37594509125, 22.6726112366, 3.24535369873, -16.5714263916, -0.630649387836, -6.52458333969, -11.8075456619, -7.84082460403], [10.6207742691, -4.76172971725, 5.98019123077, 9.28046035767, 50.2077064514, 12.799366951, -1.79510557652, 9.51995372772, 1.50745773315, -6.69343852997, -1.0584192276, -1.05953419209, -2.97102975845], [-57.1640892029, 26.194978714, -14.5556926727, -3.37594509125, 12.799366951, 46.3724212646, 14.8036165237, 2.55616593361, 4.81599330902, -0.151516258717, -4.24004364014, 2.56096577644, -3.02197957039], [-85.361114502, 13.2686738968, -4.62359380722, 22.6726112366, -1.79510557652, 14.8036165237, 50.1004867554, 19.4711227417, -2.99171900749, 5.80654287338, 4.34830665588, -4.03958320618, -5.22296524048], [-43.7564430237, -4.59168052673, -14.0135250092, 3.24535369873, 9.51995372772, 2.55616593361, 19.4711227417, 42.2528038025, 15.0675363541, 1.12621963024, 7.8532910347, 1.22453486919, -1.7003775835], [-49.6529083252, -13.3696546555, -8.50028514862, -16.5714263916, 1.50745773315, 4.81599330902, -2.99171900749, 15.0675363541, 43.6296348572, 18.6857833862, 11.9296836853, 13.2255620956, 4.13823223114], [-65.3444976807, 0.839255511761, -6.02081727982, -0.630649387836, -6.69343852997, -0.151516258717, 5.80654287338, 1.12621963024, 18.6857833862, 34.9505386353, 14.8860712051, 9.54948997498, 8.71052265167], [-25.4611568451, -16.3307037354, -15.4654111862, -6.52458333969, -1.0584192276, -4.24004364014, 4.34830665588, 7.8532910347, 11.9296836853, 14.8860712051, 34.2718963623, 17.2133197784, 7.26891994476], [-16.303861618, -7.99455928802, -8.69883537292, -11.8075456619, -1.05953419209, 2.56096577644, -4.03958320618, 1.22453486919, 13.2255620956, 9.54948997498, 17.2133197784, 34.1815185547, 18.2636299133], [-26.7630119324, -5.87475538254, 0.620149672031, -7.84082460403, -2.97102975845, -3.02197957039, -5.22296524048, -1.7003775835, 4.13823223114, 8.71052265167, 7.26891994476, 18.2636299133, 33.7352294922]],
        "icov": [[0.00154761993326, 0.00138353533112, 0.000714936468285, 0.00115055404603, -0.000725328398403, 0.00131068436895, 0.001164061483, 0.000626275315881, 0.00187236873899, 0.000950367189944, 0.00121545337606, -0.000893512216862, 0.00173506233841], [0.00138353533112, 0.00554101075977, 0.0035357887391, 0.000521876383573, -0.000508873083163, -0.000114215363283, 0.000485504075186, 0.00126090273261, 0.00307866139337, -0.000806967087556, 0.00443242955953, -0.00103127979673, 0.00163646286819], [0.000714936468285, 0.0035357887391, 0.0113416053355, -0.00594491744414, -0.00136545929126, 0.00273658521473, 0.000198046080186, 0.00505990767851, -0.002300291555, 0.00183788617142, 0.00569177977741, -0.000194050036953, -0.00131045246962], [0.00115055404603, 0.000521876383573, -0.00594491744414, 0.0200394876301, -0.00487546762452, 0.00414232350886, -0.00743982708082, -0.00120734830853, 0.00878748111427, -0.00474974233657, 0.00230748392642, -0.000942842685618, 0.00466123735532], [-0.000725328398403, -0.000508873083163, -0.00136545929126, -0.00487546762452, 0.0267130564898, -0.0118808504194, 0.00957251247019, -0.0102059002966, 0.0007270022179, 0.0032086786814, -0.00441347295418, 0.00209215749055, -0.000615520984866], [0.00131068436895, -0.000114215363283, 0.00273658521473, 0.00414232350886, -0.0118808504194, 0.0347609966993, -0.0163162499666, 0.0108908517286, -0.0070909881033, 0.00375354127027, 0.0106601053849, -0.00849680323154, 0.00422646896914], [0.001164061483, 0.000485504075186, 0.000198046080186, -0.00743982708082, 0.00957251247019, -0.0163162499666, 0.0427356660366, -0.0232781507075, 0.0159145127982, -0.0106649789959, -0.00519250379875, 0.00249450374395, 0.00466964999214], [0.000626275315881, 0.00126090273261, 0.00505990767851, -0.00120734830853, -0.0102059002966, 0.0108908517286, -0.0232781507075, 0.0472874902189, -0.0242993123829, 0.0168506521732, -0.00414789188653, 0.00471688481048, -0.00383098074235], [0.00187236873899, 0.00307866139337, -0.002300291555, 0.00878748111427, 0.0007270022179, -0.0070909881033, 0.0159145127982, -0.0242993123829, 0.0529995262623, -0.0279434472322, 0.00433178013191, -0.0139947813004, 0.0121310604736], [0.000950367189944, -0.000806967087556, 0.00183788617142, -0.00474974233657, 0.0032086786814, 0.00375354127027, -0.0106649789959, 0.0168506521732, -0.0279434472322, 0.0558011643589, -0.0173983760178, 0.00741699291393, -0.0119541650638], [0.00121545337606, 0.00443242955953, 0.00569177977741, 0.00230748392642, -0.00441347295418, 0.0106601053849, -0.00519250379875, -0.00414789188653, 0.00433178013191, -0.0173983760178, 0.0557734183967, -0.0268109999597, 0.00817948952317], [-0.000893512216862, -0.00103127979673, -0.000194050036953, -0.000942842685618, 0.00209215749055, -0.00849680323154, 0.00249450374395, 0.00471688481048, -0.0139947813004, 0.00741699291393, -0.0268109999597, 0.061160530895, -0.0285895373672], [0.00173506233841, 0.00163646286819, -0.00131045246962, 0.00466123735532, -0.000615520984866, 0.00422646896914, 0.00466964999214, -0.00383098074235, 0.0121310604736, -0.0119541650638, 0.00817948952317, -0.0285895373672, 0.0485797002912]]
    },
    "melbands": {
        "dmean": [2.79457395891e-07, 5.25300833942e-07, 1.08055710371e-05, 1.72041800397e-05, 1.67823727679e-05, 2.33833907259e-05, 1.93271134776e-05, 2.20344081754e-05, 1.5705882106e-05, 1.79339676833e-05, 2.07366647373e-05, 1.76922312676e-05, 1.90756090888e-05, 1.90856135305e-05, 1.5698491552e-05, 1.33726261993e-05, 1.20323620649e-05, 8.95828725334e-06, 7.91760521679e-06, 6.18702642896e-06, 5.91428351981e-06, 4.18878744313e-06, 4.18677564085e-06, 2.79004461845e-06, 3.33679031428e-06, 7.87831686466e-06, 1.99819842237e-05, 4.90164529765e-05, 2.57487736235e-05, 2.38086231548e-05, 1.31909155243e-05, 1.3566299458e-05, 5.46954061065e-06, 4.0483137127e-06, 4.21683125751e-06, 9.13859548746e-06, 1.39767880682e-05, 1.02243666333e-05, 6.3039969973e-06, 3.92362971979e-06],
        "dmean2": [4.61532437157e-07, 8.71985719186e-07, 1.81076575245e-05, 2.90999905701e-05, 2.91244323307e-05, 3.93903719669e-05, 3.23732965626e-05, 3.88787775591e-05, 2.72640118055e-05, 3.19391911034e-05, 3.70294765162e-05, 2.93500706903e-05, 3.29761860485e-05, 3.31161572831e-05, 2.75536149275e-05, 2.34793569689e-05, 2.02304381673e-05, 1.53522232722e-05, 1.33414041557e-05, 1.09286866063e-05, 1.06015795609e-05, 7.17297871233e-06, 7.20131993148e-06, 4.55469353255e-06, 5.73776605961e-06, 1.3121442862e-05, 3.16963596561e-05, 7.90212216089e-05, 4.10526408814e-05, 3.76302305085e-05, 2.11026344914e-05, 2.24679606617e-05, 8.93086325959e-06, 6.7975283855e-06, 6.63493210595e-06, 1.39994863275e-05, 2.03522904485e-05, 1.58418952196e-05, 1.003379748e-05, 6.58943190501e-06],
        "dvar": [5.75245417706e-14, 4.12771027211e-13, 2.91787427553e-10, 7.41262440318e-10, 7.74461494935e-10, 8.30468249724e-10, 7.74879549414e-10, 9.96421500865e-10, 3.87289755821e-10, 4.09405703783e-10, 7.13079928438e-10, 5.62927038317e-10, 5.47192902101e-10, 5.96225901983e-10, 7.52474027532e-10, 5.09759845446e-10, 3.68251901195e-10, 1.95424329497e-10, 1.85526261021e-10, 1.48816195478e-10, 3.11414338761e-10, 1.19249110586e-10, 1.88562207515e-10, 4.98933533377e-11, 1.99023672542e-10, 3.46104450655e-10, 6.92239154887e-10, 7.75295561084e-09, 1.74970171685e-09, 1.08516917674e-09, 6.75183131627e-10, 7.66085694881e-10, 2.27601326674e-10, 8.97491941876e-11, 1.33129895996e-10, 6.15725304076e-10, 2.06035566386e-09, 8.63075055868e-10, 1.55711735172e-10, 1.18039758523e-10],
        "dvar2": [1.48041911304e-13, 9.49361357756e-13, 7.7252482189e-10, 1.98558813835e-09, 1.99365324249e-09, 1.92112969977e-09, 1.80302617281e-09, 2.76604139593e-09, 1.06351949469e-09, 1.16185228105e-09, 2.18569784494e-09, 1.42375700118e-09, 1.4547383298e-09, 1.56980139998e-09, 2.18802109764e-09, 1.41204481441e-09, 9.20129694659e-10, 4.70482763859e-10, 4.981349222e-10, 3.93911736563e-10, 9.68563451664e-10, 3.53444135071e-10, 5.12112241502e-10, 1.31447547291e-10, 5.68874114482e-10, 9.44584077622e-10, 1.50135903709e-09, 1.75546759351e-08, 4.54794379934e-09, 2.85574430769e-09, 1.63634084061e-09, 2.12890771678e-09, 6.33315622167e-10, 2.64440996878e-10, 3.43260614377e-10, 1.45188272516e-09, 4.27810631365e-09, 2.08120098932e-09, 3.42616601756e-10, 2.46916376234e-10],
        "max": [1.83632812423e-06, 6.70898180033e-06, 0.000138369345223, 0.000209195888601, 0.000284681707853, 0.000272347999271, 0.000327811139869, 0.000298487662803, 0.00015875470126, 0.000136723276228, 0.000202309820452, 0.000215097999899, 0.000173291642568, 0.000177347348654, 0.000246542098466, 0.000211081453017, 0.000171882391442, 0.000127350096591, 0.000149998028064, 0.000146259495523, 0.000184120392078, 0.000121780925838, 0.000149744897499, 8.05213785497e-05, 0.000161119562108, 0.000174778993824, 0.000242018548306, 0.00110569875687, 0.000488786550704, 0.000336613302352, 0.000344715226674, 0.000309292576276, 0.000169258142705, 8.84823602973e-05, 0.000122561876196, 0.00027385703288, 0.000657449942082, 0.000357732002158, 0.000149643514305, 0.000159913426614],
        "mean": [3.78553806968e-07, 7.13944530162e-07, 1.18199341159e-05, 2.02306146093e-05, 2.21026130021e-05, 3.49025722244e-05, 2.97292408504e-05, 3.38320096489e-05, 2.45568899118e-05, 2.72633660643e-05, 2.96979414998e-05, 3.012327943e-05, 2.75833681371e-05, 2.97005972243e-05, 2.25883741223e-05, 2.08349920285e-05, 1.99022651941e-05, 1.43732031574e-05, 1.245934709e-05, 1.08603735498e-05, 9.19798731047e-06, 6.37188850305e-06, 5.73590386921e-06, 4.2183437472e-06, 4.37705057266e-06, 1.10320570457e-05, 3.88837579521e-05, 8.75229598023e-05, 5.7893605117e-05, 4.65386983706e-05, 2.650433089e-05, 2.61983968812e-05, 1.07722407847e-05, 6.72057376505e-06, 7.29371504349e-06, 1.46419342855e-05, 2.23454371735e-05, 1.66448990058e-05, 1.29164745886e-05, 8.09758148534e-06],
        "median": [2.90415300697e-07, 4.21736103817e-07, 5.93973618379e-06, 1.19601027109e-05, 1.41969940159e-05, 2.54198967014e-05, 2.08812198252e-05, 2.41702473431e-05, 1.78111586138e-05, 1.95191259991e-05, 2.13968087337e-05, 2.0146038878e-05, 1.73957487277e-05, 1.90240552911e-05, 1.52706543304e-05, 1.37085244205e-05, 1.18974112411e-05, 9.42013048189e-06, 8.09565972304e-06, 6.77090019963e-06, 5.47852323507e-06, 3.55411657438e-06, 2.93275274998e-06, 2.19541789193e-06, 2.04080197364e-06, 3.95588676838e-06, 2.33901719184e-05, 5.45911607333e-05, 3.56803502655e-05, 3.02294629364e-05, 1.74215383595e-05, 1.70067542058e-05, 8.03695547802e-06, 4.1901230361e-06, 4.03111152991e-06, 7.96482072474e-06, 1.00034749266e-05, 7.98557812232e-06, 7.24084657122e-06, 3.98747533836e-06],
        "min": [2.61045087768e-08, 3.68871653222e-08, 3.87645144428e-07, 1.18928653592e-06, 8.15759563011e-07, 4.40342432739e-07, 8.24015444323e-07, 2.58416912402e-06, 2.52825293501e-06, 1.80041035946e-06, 1.6420888187e-06, 1.64600294283e-06, 1.45984211031e-06, 2.77106437352e-06, 1.36852099786e-06, 1.24844166294e-06, 1.76509240646e-06, 1.24267876345e-06, 5.73868874199e-07, 7.17794648608e-07, 6.27475571946e-07, 5.19344723671e-07, 2.19992969619e-07, 2.84004613604e-07, 3.82290920697e-07, 3.59296734587e-07, 2.61507511823e-06, 5.94407401877e-06, 3.25638120557e-06, 3.50267714566e-06, 1.4580197103e-06, 1.9179199171e-06, 7.37963944175e-07, 2.33389499726e-07, 2.78648599306e-07, 1.04363255105e-06, 1.40679469496e-06, 1.16413707474e-06, 9.13809230951e-07, 6.02901252478e-07],
        "var": [9.7696644611e-14, 6.27865652265e-13, 2.97480928779e-10, 7.13149705955e-10, 8.72011296504e-10, 1.28106880659e-09, 1.03590358513e-09, 1.14011955432e-09, 5.25309018506e-10, 5.43601275105e-10, 8.44050218607e-10, 9.42407152316e-10, 8.18350331944e-10, 9.02208419085e-10, 7.8931849945e-10, 6.04820693528e-10, 6.86542156458e-10, 2.79350736987e-10, 2.89827772892e-10, 2.25826649047e-10, 2.55185234055e-10, 1.24406179802e-10, 1.61743771154e-10, 5.63374139007e-11, 1.38832931262e-10, 3.44703099397e-10, 1.67282376839e-09, 1.48102810016e-08, 3.83983200791e-09, 2.0543016177e-09, 1.10794828867e-09, 1.09466513631e-09, 2.12028228308e-10, 9.98857385692e-11, 1.58946258932e-10, 8.14140588279e-10, 3.50644535629e-09, 1.22991150597e-09, 3.67937985635e-10, 2.84435947018e-10]
    },
    "mfcc": {
        "mean": [-636.521118164, -2.0228164196, -8.82345485687, -14.8598976135, -38.287322998, -6.3145108223, -3.63419485092, -29.8976898193, -3.42622184753, -4.32595205307, -20.0551662445, 0.581027805805, -5.58050298691],
        "cov": [[1143.27099609, -133.521392822, -71.325012207, -49.2842063904, 28.3157043457, -53.944606781, -24.4613361359, -12.9495153427, -58.7199287415, -38.2808837891, -47.9013595581, -26.1587944031, -44.5423126221], [-133.521392822, 234.971786499, -58.3706703186, -39.9908981323, -9.52938747406, 10.3752765656, 2.64449667931, -4.56799507141, 14.7213916779, -16.9584388733, 6.69003915787, 5.21692562103, -11.7299823761], [-71.325012207, -58.3706703186, 128.501876831, 52.9290733337, -0.868690371513, 18.6980953217, -2.24549937248, -7.56540203094, 2.53145241737, 5.18543243408, -17.3812789917, -8.83835220337, 8.12527275085], [-49.2842063904, -39.9908981323, 52.9290733337, 92.701713562, 3.82585835457, 3.23788404465, 22.0537624359, 0.943916857243, 0.388574123383, 11.0057296753, -4.86059331894, -11.6924476624, 12.3408384323], [28.3157043457, -9.52938747406, -0.868690371513, 3.82585835457, 57.6593666077, 3.05810928345, -8.47012996674, 8.02106285095, 1.30473208427, -4.9410071373, 1.94116127491, 4.0687789917, -11.852804184], [-53.944606781, 10.3752765656, 18.6980953217, 3.23788404465, 3.05810928345, 51.48985672, 8.56967067719, 0.496126532555, 6.69588327408, -5.06280994415, 2.47979521751, 7.20355939865, -2.76594996452], [-24.4613361359, 2.64449667931, -2.24549937248, 22.0537624359, -8.47012996674, 8.56967067719, 51.3519096375, 15.1664857864, 1.58551609516, 9.51732826233, 0.389320403337, -7.54400110245, 3.72138285637], [-12.9495153427, -4.56799507141, -7.56540203094, 0.943916857243, 8.02106285095, 0.496126532555, 15.1664857864, 44.4770431519, 6.80533075333, 6.77125310898, 10.141503334, 4.96753644943, -1.40065717697], [-58.7199287415, 14.7213916779, 2.53145241737, 0.388574123383, 1.30473208427, 6.69588327408, 1.58551609516, 6.80533075333, 36.672668457, 2.97357988358, 5.14403963089, 7.13590049744, 0.743213117123], [-38.2808837891, -16.9584388733, 5.18543243408, 11.0057296753, -4.9410071373, -5.06280994415, 9.51732826233, 6.77125310898, 2.97357988358, 34.4563827515, 11.2400751114, -1.33493316174, 7.58344125748], [-47.9013595581, 6.69003915787, -17.3812789917, -4.86059331894, 1.94116127491, 2.47979521751, 0.389320403337, 10.141503334, 5.14403963089, 11.2400751114, 35.1215400696, 11.8066320419, 4.77194404602], [-26.1587944031, 5.21692562103, -8.83835220337, -11.6924476624, 4.0687789917, 7.20355939865, -7.54400110245, 4.96753644943, 7.13590049744, -1.33493316174, 11.8066320419, 40.1778411865, 2.17300391197], [-44.5423126221, -11.7299823761, 8.12527275085, 12.3408384323, -11.852804184, -2.76594996452, 3.72138285637, -1.40065717697, 0.743213117123, 7.58344125748, 4.77194404602, 2.17300391197, 31.8873443604]],
