{
"lowlevel": {
    "average_loudness": 0.986833930016,
    "barkbands_crest": {
        "dmean": 2.96168851852,
        "dmean2": 4.62960100174,
        "dvar": 8.15423774719,
        "dvar2": 17.2055988312,
        "max": 26.9194564819,
        "mean": 18.4902744293,
        "median": 18.8431243896,
        "min": 5.58995819092,
        "var": 39.6923408508
    },
    "barkbands_flatness_db": {
        "dmean": 0.0509156510234,
        "dmean2": 0.0481889285147,
        "dvar": 0.00111446203664,
        "dvar2": 0.00124130793847,
        "max": 0.547240972519,
        "mean": 0.263711690903,
        "median": 0.249165683985,
        "min": 0.0702123567462,
        "var": 0.0149772446603
    },
    "barkbands_kurtosis": {
        "dmean": 305.762542725,
        "dmean2": 360.455963135,
        "dvar": 505968.28125,
        "dvar2": 955202.9375,
        "max": 6519.86132812,
        "mean": 410.748291016,
        "median": 81.9963531494,
        "min": 0.833853721619,
        "var": 947161.5
    },
    "barkbands_skewness": {
        "dmean": 4.29986333847,
        "dmean2": 4.79984474182,
        "dvar": 30.8257236481,
        "dvar2": 48.4355239868,
        "max": 70.8409805298,
        "mean": 11.5426044464,
        "median": 7.88841438293,
        "min": 0.732908189297,
        "var": 142.349380493
    },
    "barkbands_spread": {
        "dmean": 4.08433771133,
        "dmean2": 4.8489689827,
        "dvar": 27.4316577911,
        "dvar2": 45.0498809814,
        "max": 43.6842002869,
        "mean": 7.47447633743,
        "median": 3.19503116608,
        "min": 0.033907007426,
        "var": 88.3515396118
    },
    "dissonance": {
        "dmean": 0.0315698944032,
        "dmean2": 0.038948379457,
        "dvar": 0.00067419995321,
        "dvar2": 0.00101176998578,
        "max": 0.486500144005,
        "mean": 0.397616714239,
        "median": 0.411104559898,
        "min": 0.228120699525,
        "var": 0.00399678666145
    },
    "dynamic_complexity": 7.15922641754,
    "erbbands_crest": {
        "dmean": 3.21111798286,
        "dmean2": 4.22700881958,
        "dvar": 9.39906597137,
        "dvar2": 18.1833763123,
        "max": 31.5548400879,
        "mean": 19.852388382,
        "median": 19.4034843445,
        "min": 4.23258256912,
        "var": 67.8801956177
    },
    "erbbands_flatness_db": {
        "dmean": 0.0407817438245,
        "dmean2": 0.0377605631948,
        "dvar": 0.000875098514371,
        "dvar2": 0.000709838408511,
        "max": 0.472933262587,
        "mean": 0.227628454566,
        "median": 0.201816141605,
        "min": 0.0737009346485,
        "var": 0.00986135844141
    },
    "erbbands_kurtosis": {
        "dmean": 21.0963687897,
        "dmean2": 26.3531417847,
        "dvar": 1089.16174316,
        "dvar2": 1432.81640625,
        "max": 258.363586426,
        "mean": 38.4495658875,
        "median": 11.7198162079,
        "min": -1.18971896172,
        "var": 3387.91015625
    },
    "erbbands_skewness": {
        "dmean": 1.17399966717,
        "dmean2": 1.47546982765,
        "dvar": 1.42189586163,
        "dvar2": 2.04664444923,
        "max": 11.6303625107,
        "mean": 3.98951554298,
        "median": 3.31581926346,
        "min": -0.0446627214551,
        "var": 9.4482460022
    },
    "erbbands_spread": {
        "dmean": 6.70238780975,
        "dmean2": 8.23115444183,
        "dvar": 43.3755073547,
        "dvar2": 66.3019866943,
        "max": 54.9525566101,
        "mean": 19.1912937164,
        "median": 14.251666069,
        "min": 0.483406424522,
        "var": 258.592010498
    },
    "hfc": {
        "dmean": 2.23919844627,
        "dmean2": 2.70414161682,
        "dvar": 36.6362838745,
        "dvar2": 59.6510620117,
        "max": 69.5451965332,
        "mean": 2.9977042675,
        "median": 0.609092652798,
        "min": 0.129008799791,
        "var": 63.8621330261
    },
    "melbands_crest": {
        "dmean": 3.91825914383,
        "dmean2": 6.36888742447,
        "dvar": 13.7900428772,
        "dvar2": 28.6059989929,
        "max": 32.3179130554,
        "mean": 22.7291145325,
        "median": 22.8792095184,
        "min": 7.86031293869,
        "var": 43.8228225708
    },
    "melbands_flatness_db": {
        "dmean": 0.0539109706879,
        "dmean2": 0.0508268065751,
        "dvar": 0.00115746678784,
        "dvar2": 0.00147818936966,
        "max": 0.665150046349,
        "mean": 0.375444114208,
        "median": 0.363430202007,
        "min": 0.15320314467,
        "var": 0.0162625275552
    },
    "melbands_kurtosis": {
        "dmean": 43.3877944946,
        "dmean2": 66.4682846069,
        "dvar": 2333.48852539,
        "dvar2": 4373.94970703,
        "max": 351.25189209,
        "mean": 92.7270812988,
        "median": 67.2055664062,
        "min": -0.127285242081,
        "var": 6456.77392578
    },
    "melbands_skewness": {
        "dmean": 1.75028133392,
        "dmean2": 2.58483624458,
        "dvar": 2.52640557289,
        "dvar2": 4.11919403076,
        "max": 13.8950271606,
        "mean": 5.51639795303,
        "median": 4.73074102402,
        "min": 0.688273906708,
        "var": 6.86245346069
    },
    "melbands_spread": {
        "dmean": 1.81005883217,
        "dmean2": 2.47677397728,
        "dvar": 8.38565349579,
        "dvar2": 19.1601753235,
        "max": 30.2454986572,
        "mean": 3.79118871689,
        "median": 1.75661182404,
        "min": 0.187824368477,
        "var": 23.0223693848
    },
    "pitch_salience": {
        "dmean": 0.0836045295,
        "dmean2": 0.121455810964,
        "dvar": 0.00667523173615,
        "dvar2": 0.0129928980023,
        "max": 0.754117786884,
        "mean": 0.414227485657,
        "median": 0.44720607996,
        "min": 0.0427740253508,
        "var": 0.029460189864
    },
    "silence_rate_20dB": {
        "dmean": 0,
        "dmean2": 0,
        "dvar": 0,
        "dvar2": 0,
        "max": 1,
        "mean": 1,
        "median": 1,
        "min": 1,
        "var": 0
    },
    "silence_rate_30dB": {
        "dmean": 0.0155038759112,
        "dmean2": 0.03125,
        "dvar": 0.0152634866536,
        "dvar2": 0.0302734375,
        "max": 1,
        "mean": 0.976923048496,
        "median": 1,
        "min": 0,
        "var": 0.0225444156677
    },
    "silence_rate_60dB": {
        "dmean": 0.162790700793,
        "dmean2": 0.328125,
        "dvar": 0.136289805174,
        "dvar2": 0.236083984375,
        "max": 1,
        "mean": 0.600000023842,
        "median": 1,
        "min": 0,
        "var": 0.240000069141
    },
    "spectral_centroid": {
        "dmean": 85.0170898438,
        "dmean2": 115.482040405,
        "dvar": 13548.3808594,
        "dvar2": 29944.234375,
        "max": 1326.9744873,
        "mean": 386.024841309,
        "median": 299.207885742,
        "min": 212.006729126,
        "var": 40217.0351562
    },
    "spectral_complexity": {
        "dmean": 0.689922451973,
        "dmean2": 1.109375,
        "dvar": 0.461991965771,
        "dvar2": 0.753662109375,
        "max": 5,
        "mean": 2.18461537361,
        "median": 2,
        "min": 0,
        "var": 1.05822455883
    },
    "spectral_decrease": {
        "dmean": 2.49401654884e-09,
        "dmean2": 3.06578851195e-09,
        "dvar": 4.5542992884e-17,
        "dvar2": 7.38543908579e-17,
        "max": -1.30368060097e-11,
        "mean": -3.10828029981e-09,
        "median": -4.05799949199e-10,
        "min": -7.6579432573e-08,
        "var": 7.86322985725e-17
    },
    "spectral_energy": {
        "dmean": 0.00961570441723,
        "dmean2": 0.0118155935779,
        "dvar": 0.000677007541526,
        "dvar2": 0.00109796028119,
        "max": 0.295334339142,
        "mean": 0.0120032187551,
        "median": 0.00158237852156,
        "min": 6.40182115603e-05,
        "var": 0.00116911716759
    },
    "spectral_energyband_high": {
        "dmean": 1.23018799059e-06,
        "dmean2": 1.75019749804e-06,
        "dvar": 3.1521660282e-12,
        "dvar2": 7.13519521245e-12,
        "max": 1.86790639418e-05,
        "mean": 5.68348150409e-06,
        "median": 5.00556507177e-06,
        "min": 2.27139366871e-06,
        "var": 5.36238761728e-12
    },
    "spectral_energyband_low": {
        "dmean": 0.000290099909762,
        "dmean2": 0.000358178396709,
        "dvar": 7.19110801128e-07,
        "dvar2": 1.24930261336e-06,
        "max": 0.00997152924538,
        "mean": 0.000320577353705,
        "median": 4.73009058624e-05,
        "min": 1.5196262666e-06,
        "var": 1.05400704342e-06
    },
    "spectral_energyband_middle_high": {
        "dmean": 1.28478823171e-05,
        "dmean2": 1.63392724062e-05,
        "dvar": 2.53975673825e-10,
        "dvar2": 3.84845127988e-10,
        "max": 0.000192350969883,
        "mean": 3.0805458664e-05,
        "median": 1.67715006683e-05,
        "min": 1.47962930441e-06,
        "var": 1.05056230382e-09
    },
    "spectral_energyband_middle_low": {
        "dmean": 0.00955718290061,
        "dmean2": 0.0117588024586,
        "dvar": 0.000675997929648,
        "dvar2": 0.00109576107934,
        "max": 0.295094102621,
        "mean": 0.0119024291635,
        "median": 0.00151432177518,
        "min": 4.54369364888e-05,
        "var": 0.00116690783761
    },
    "spectral_entropy": {
        "dmean": 0.494836896658,
        "dmean2": 0.473821043968,
        "dvar": 0.1163020432,
        "dvar2": 0.118942931294,
        "max": 7.72289800644,
        "mean": 6.10448312759,
        "median": 6.30079364777,
        "min": 3.38431239128,
        "var": 1.37735891342
    },
    "spectral_flux": {
        "dmean": 0.0237732250243,
        "dmean2": 0.0377596281469,
        "dvar": 0.000908673624508,
        "dvar2": 0.00272721517831,
        "max": 0.270919114351,
        "mean": 0.0375698767602,
        "median": 0.0227351412177,
        "min": 0.00482540996745,
        "var": 0.00170143414289
    },
    "spectral_kurtosis": {
        "dmean": 7.4532790184,
        "dmean2": 8.15277290344,
        "dvar": 85.2774581909,
        "dvar2": 113.46056366,
        "max": 100.383392334,
        "mean": 20.7242984772,
        "median": 13.4317827225,
        "min": 5.1531047821,
        "var": 318.313079834
    },
    "spectral_rms": {
        "dmean": 0.00101155415177,
        "dmean2": 0.000946036714595,
        "dvar": 1.65330823165e-06,
        "dvar2": 1.76229377757e-06,
        "max": 0.0169744230807,
        "mean": 0.00222488539293,
        "median": 0.00124243751634,
        "min": 0.000249913573498,
        "var": 6.7603473326e-06
    },
    "spectral_rolloff": {
        "dmean": 101.155975342,
        "dmean2": 161.162567139,
        "dvar": 49197.4726562,
        "dvar2": 102211.914062,
        "max": 1701.12304688,
        "mean": 378.653442383,
        "median": 258.3984375,
        "min": 236.865234375,
        "var": 67652.796875
    },
    "spectral_skewness": {
        "dmean": 0.623516559601,
        "dmean2": 0.661872446537,
        "dvar": 0.359319895506,
        "dvar2": 0.490078985691,
        "max": 8.61711788177,
        "mean": 3.51327967644,
        "median": 3.03757381439,
        "min": 1.91512739658,
        "var": 1.91547811031
    },
    "spectral_spread": {
        "dmean": 872469.625,
        "dmean2": 859542.125,
        "dvar": 918359572480,
        "dvar2": 1.10159986688e+12,
        "max": 13449564,
        "mean": 4504645.5,
        "median": 4526036.5,
        "min": 922982.75,
        "var": 3.23042751283e+12
    },
    "spectral_strongpeak": {
        "dmean": 0.303342491388,
        "dmean2": 0.327704399824,
        "dvar": 0.182874754071,
        "dvar2": 0.254909217358,
        "max": 5.13207960129,
        "mean": 0.58838480711,
        "median": 0.276198148727,
        "min": 0,
        "var": 0.606298029423
    },
    "zerocrossingrate": {
        "dmean": 0.0175554137677,
        "dmean2": 0.0167617797852,
        "dvar": 0.000332218129188,
        "dvar2": 0.000365000916645,
        "max": 0.18505859375,
        "mean": 0.0499661974609,
        "median": 0.038330078125,
        "min": 0.01025390625,
        "var": 0.001754964469
    },
    "barkbands": {
        "dmean": [9.56842359301e-06, 1.71014983152e-06, 5.29243479832e-05, 0.000395106413634, 0.00900275819004, 0.000273147394182, 1.97648059839e-05, 8.13684619061e-06, 1.71430747287e-06, 3.41090208167e-06, 2.86450358544e-06, 3.18839875035e-06, 7.89523483036e-07, 2.27525765695e-06, 2.23393840315e-06, 2.39177165895e-06, 1.06873244476e-06, 1.19456331049e-06, 7.66182097323e-07, 7.18111152764e-07, 2.43247626486e-07, 2.28204839914e-07, 1.14856035793e-07, 1.19982814795e-07, 1.8013530223e-07, 9.07079851231e-08, 5.10466179549e-07],
        "dmean2": [1.5297506252e-05, 2.23390520659e-06, 7.21524338587e-05, 0.000476503046229, 0.0112674394622, 0.00035072278115, 3.05357571051e-05, 1.38100140248e-05, 2.82578298538e-06, 5.30387342224e-06, 5.13601389684e-06, 4.79097752759e-06, 1.19113576602e-06, 3.50078084921e-06, 3.2948075841e-06, 3.82677717425e-06, 1.66205256846e-06, 1.75981836037e-06, 1.03372144622e-06, 1.13471719487e-06, 3.66659435258e-07, 3.60381847031e-07, 1.6350887222e-07, 1.68741152606e-07, 2.64840394948e-07, 1.42444463336e-07, 8.64622620611e-07],
        "dvar": [1.08399546284e-10, 1.17373222253e-10, 3.30683498362e-08, 9.15646182875e-07, 0.000664514896926, 3.7590424995e-07, 2.44497888602e-09, 1.30214228289e-10, 1.44831126259e-11, 4.25191236386e-11, 4.1133294687e-11, 5.0818804026e-11, 1.18243977977e-12, 1.55611339786e-11, 2.1202420028e-11, 2.36040961082e-11, 4.04123219264e-12, 3.48809804825e-12, 1.27190835988e-12, 1.42163581254e-12, 1.42793342797e-13, 5.34877264008e-13, 3.74270825107e-14, 2.67897547679e-14, 1.23616354241e-13, 1.6206953924e-14, 1.60545242465e-13],
        "dvar2": [3.00811708875e-10, 1.1845249781e-10, 6.82153640241e-08, 1.34774779781e-06, 0.00106824445538, 5.32839180778e-07, 5.88694870629e-09, 2.87509932528e-10, 2.30488267361e-11, 1.04228271847e-10, 1.136652647e-10, 9.24228402144e-11, 2.76578347898e-12, 4.32917313109e-11, 4.38730926589e-11, 7.12029393779e-11, 1.06146740703e-11, 9.28256950472e-12, 3.09448625578e-12, 4.30808817439e-12, 3.27703576081e-13, 1.50320435353e-12, 6.52897603603e-14, 5.24514954311e-14, 2.89465039395e-13, 2.64591984661e-14, 4.92728579292e-13],
        "max": [7.4948722613e-05, 0.00012521748431, 0.00199508434162, 0.0115240532905, 0.290206313133, 0.00680525973439, 0.000390433211578, 9.26456268644e-05, 3.54889562004e-05, 6.64323379169e-05, 4.89957492391e-05, 8.28136107884e-05, 9.81177618087e-06, 3.48060202668e-05, 3.59170917363e-05, 3.45805419784e-05, 1.46416878124e-05, 1.37093966259e-05, 7.66554512666e-06, 9.1365964181e-06, 3.07737559524e-06, 6.86449993736e-06, 1.46148749991e-06, 1.38355835588e-06, 2.50901757681e-06, 1.16645105663e-06, 4.96883603773e-06],
        "mean": [9.47124135564e-06, 1.93541586668e-06, 5.01289505337e-05, 0.000464929587906, 0.0109992921352, 0.000400463904953, 2.27420841838e-05, 1.21085104183e-05, 2.63593915406e-06, 4.97382507092e-06, 3.83365340895e-06, 5.84004101256e-06, 1.19676951726e-06, 3.62564492207e-06, 3.54516510015e-06, 2.91083210868e-06, 1.61391324127e-06, 1.69244754034e-06, 1.08485915007e-06, 9.38183177368e-07, 4.12709368902e-07, 3.141322793e-07, 2.23630721052e-07, 3.05431740344e-07, 3.90447183918e-07, 3.94146326244e-07, 3.94670132664e-06],
        "median": [5.53166137252e-06, 7.5554612522e-07, 5.77761420573e-06, 9.50900721364e-05, 0.000841591448989, 7.71236518631e-05, 7.08504285285e-06, 5.91265325056e-06, 1.2165296539e-06, 2.42325313593e-06, 2.26993597607e-06, 2.25907797358e-06, 6.32765249975e-07, 1.49538982441e-06, 1.2305187056e-06, 1.53207929543e-06, 7.44819089959e-07, 7.7013282862e-07, 4.68755160909e-07, 4.48050343493e-07, 2.58898296579e-07, 1.32922849616e-07, 1.3474384275e-07, 2.2612464079e-07, 2.43939439315e-07, 3.46129922946e-07, 3.93643767893e-06],
        "min": [4.37139959786e-08, 9.31001622462e-08, 1.14339613333e-07, 5.77762193643e-07, 8.14151462691e-06, 3.55324146994e-07, 7.81412154538e-07, 3.83050831942e-07, 1.58670403039e-07, 1.18469500876e-07, 1.1091825769e-07, 1.57735257744e-07, 4.78798547476e-08, 3.80235967157e-08, 5.2234760517e-08, 6.98746731587e-08, 7.55723092993e-08, 5.5661466547e-08, 4.54663329208e-08, 5.06811055345e-08, 4.06888389648e-08, 3.97511428218e-08, 4.30994937517e-08, 8.37368219209e-08, 1.01211355741e-07, 1.53820209903e-07, 1.69918155279e-06],
        "var": [1.50284784617e-10, 1.18924980974e-10, 3.75150257526e-08, 1.64770847277e-06, 0.00113524124026, 1.01531520613e-06, 2.37654851354e-09, 2.67270650056e-10, 1.79356807184e-11, 6.0715793504e-11, 3.7657738039e-11, 1.08404701882e-10, 2.19502649564e-12, 2.97905380919e-11, 3.57092584669e-11, 2.3729030893e-11, 5.32107257561e-12, 5.34006172614e-12, 2.16559582766e-12, 1.72158435511e-12, 2.2585262111e-13, 4.27658966183e-13, 6.014743689e-14, 5.7258620859e-14, 1.60708279366e-13, 2.94601311662e-14, 2.23467240806e-13]
    },
    "erbbands": {
        "dmean": [0.000113101792522, 0.00103662919719, 0.0473520755768, 0.943092823029, 8.81128120422, 51.4634056091, 5.91336679459, 3.31085371971, 1.14243292809, 0.253694623709, 0.114918880165, 0.0386986210942, 0.0338381193578, 0.127506136894, 0.131652906537, 0.13715288043, 0.0420151390135, 0.0596757791936, 0.157659932971, 0.0603844933212, 0.152638226748, 0.0546122677624, 0.0701907649636, 0.0434955358505, 0.0348170623183, 0.0357413478196, 0.0113687384874, 0.00950834248215, 0.00947274733335, 0.00425523798913, 0.00349439191632, 0.00268811383285, 0.00241317786276, 0.00225667306222, 0.0011558176484, 0.000485283060698, 0.000150326042785, 0.000109281674668, 6.6401946242e-05, 1.79936232598e-05],
        "dmean2": [0.000150505948113, 0.0012695598416, 0.061324942857, 1.14109671116, 11.7674531937, 63.3622665405, 6.69661712646, 4.14745283127, 1.53852570057, 0.396465033293, 0.191383838654, 0.0610796920955, 0.0509914122522, 0.206153064966, 0.22082722187, 0.207955703139, 0.0622344762087, 0.0842687264085, 0.235548719764, 0.078796453774, 0.244762226939, 0.0783750116825, 0.102256648242, 0.0606431886554, 0.047889534384, 0.0561383850873, 0.0162886120379, 0.0137406270951, 0.015051455237, 0.00652381544933, 0.00493068015203, 0.00391803588718, 0.0034077311866, 0.00327803543769, 0.00171965477057, 0.00072016438935, 0.00023181947472, 0.000181183495442, 0.000116423820145, 2.70665841526e-05],
        "dvar": [1.4991910291e-07, 8.66545724421e-06, 0.0191407762468, 5.0637960434, 584.967529297, 21734.5117188, 265.834716797, 54.5591087341, 6.71205091476, 0.233532637358, 0.021401360631, 0.00718936510384, 0.00286372774281, 0.0670828148723, 0.0642383918166, 0.0919835492969, 0.00252805673517, 0.00449510430917, 0.0928514301777, 0.00722830696031, 0.101664468646, 0.00700064655393, 0.0115905972198, 0.00302346050739, 0.00201748614199, 0.0036798438523, 0.000242343914579, 0.000248641095823, 0.00103573850356, 0.000108995758637, 3.17396479659e-05, 1.22784849736e-05, 1.36730159284e-05, 2.27766267926e-05, 5.92048218095e-06, 8.4566681835e-07, 3.43006227865e-08, 7.01143987314e-09, 2.82728018774e-09, 7.80004616452e-10],
        "dvar2": [1.561032974e-07, 1.15982484203e-05, 0.0359821505845, 8.12407016754, 974.128173828, 34671.8632812, 407.417877197, 75.8824157715, 12.3525085449, 0.529297709465, 0.044093567878, 0.0104046538472, 0.00467204302549, 0.163626521826, 0.164552614093, 0.167039424181, 0.0059752468951, 0.00894705299288, 0.224852129817, 0.0106073375791, 0.298209518194, 0.016868552193, 0.0306021533906, 0.00668575335294, 0.00470308586955, 0.0112605001777, 0.00057266902877, 0.000563215697184, 0.00292900530621, 0.000274301943136, 6.07919391769e-05, 2.40787976509e-05, 3.03634642478e-05, 5.95719029661e-05, 1.38456744025e-05, 1.54781434958e-06, 5.798738556e-08, 1.63453002244e-08, 7.50396278448e-09, 1.31335842202e-09],
        "max": [0.00450296234339, 0.0264556501061, 1.57920503616, 26.5857391357, 257.860717773, 1675.41894531, 196.464813232, 82.1186218262, 25.4472789764, 4.61320877075, 0.996736049652, 0.847180426121, 0.492815583944, 2.63060498238, 2.15095925331, 3.4661386013, 0.387338727713, 0.595001161098, 2.3557009697, 0.837893784046, 2.23694396019, 0.712268292904, 0.788184046745, 0.398666769266, 0.385909438133, 0.448269426823, 0.122747898102, 0.143806755543, 0.299934715033, 0.0898699983954, 0.0388660393655, 0.0277761407197, 0.0253368355334, 0.0423183180392, 0.0232332143933, 0.00730578694493, 0.00228669727221, 0.00118711811956, 0.000617472920567, 0.000406283827033],
        "mean": [0.000151100437506, 0.00123569881544, 0.049981597811, 1.08581840992, 10.5571689606, 63.2321662903, 7.58407402039, 4.90222263336, 1.58937370777, 0.393898665905, 0.175108492374, 0.0627778097987, 0.0592643842101, 0.194004431367, 0.195232063532, 0.25922358036, 0.0745053961873, 0.113562270999, 0.264059156179, 0.119294509292, 0.180388689041, 0.0899167358875, 0.0993915125728, 0.0636603608727, 0.0500119626522, 0.045821622014, 0.0191239584237, 0.0150478156283, 0.0123789841309, 0.00713199563324, 0.00660759676248, 0.00609386852011, 0.00561560736969, 0.00463170791045, 0.00249000871554, 0.00123691861518, 0.000714252702892, 0.000717347313184, 0.00042970982031, 9.16238932405e-05],
        "median": [7.41009425838e-05, 0.000376381038222, 0.00881475023925, 0.235422551632, 1.39541816711, 5.07884979248, 0.773613452911, 1.01731944084, 0.331983029842, 0.131811499596, 0.101826384664, 0.0345714613795, 0.0387624800205, 0.088649854064, 0.104722499847, 0.107415027916, 0.0487677529454, 0.0635219439864, 0.0801273584366, 0.0552958324552, 0.0776944458485, 0.0496850088239, 0.0439218245447, 0.028975084424, 0.0264311823994, 0.0215650256723, 0.0129541419446, 0.00745591241866, 0.00513875810429, 0.00415943469852, 0.00404135044664, 0.00396515056491, 0.00395079888403, 0.00311643490568, 0.00155047047883, 0.000882580294274, 0.000667384301778, 0.000710218097083, 0.000424583820859, 8.47531700856e-05],
        "min": [5.11994221597e-06, 3.68121436622e-05, 0.000484418182168, 0.00700622890145, 0.025860754773, 0.0207800175995, 0.00976602174342, 0.00504716299474, 0.0133990598843, 0.0143923265859, 0.00977904722095, 0.00541016366333, 0.00452920142561, 0.00382842845283, 0.00583560531959, 0.0056868204847, 0.0030648894608, 0.00228536175564, 0.00225322972983, 0.00285188062117, 0.00556286331266, 0.0048415157944, 0.00298080570064, 0.00212115654722, 0.00259746494703, 0.00259028095752, 0.00159926153719, 0.00158778124023, 0.00130877317861, 0.00145083444659, 0.00128962250892, 0.00165772507899, 0.00137420161627, 0.00107707025018, 0.000635940348729, 0.000365883781342, 0.000255510152783, 0.000268648116617, 0.000224165793043, 3.37384954037e-05],
        "var": [1.65076329495e-07, 1.03087777461e-05, 0.0252530630678, 8.3465681076, 931.327453613, 37687.6835938, 502.333068848, 150.665710449, 14.4239196777, 0.477786689997, 0.0357951670885, 0.00867471005768, 0.00482737924904, 0.0941101834178, 0.0823983028531, 0.204433560371, 0.00584472902119, 0.0151509521529, 0.181261345744, 0.0232662875205, 0.0998590141535, 0.0127088744193, 0.0190864875913, 0.00632179528475, 0.00385501119308, 0.00441111857072, 0.000393361580791, 0.000407918269048, 0.000789696001448, 0.000107471591036, 5.06106007379e-05, 2.60366759903e-05, 2.24890973186e-05, 2.28724056797e-05, 8.34670390759e-06, 1.43073191339e-06, 5.83027954804e-08, 1.26169803494e-08, 3.76706132954e-09, 1.56541501983e-09]
    },
    "gfcc": {
        "mean": [-215.143951416, 85.5899734497, -54.0548591614, -6.8018746376, -37.4185791016, -33.8686599731, -54.8648681641, -33.7719345093, -38.5138778687, -21.6795787811, -14.2541589737, -7.44769906998, -5.68088102341],
        "cov": [[1583.2767334, 510.65802002, -341.196929932, 175.721542358, 32.3400535583, -138.932159424, -277.511199951, -118.20388031, -124.481941223, 43.1116981506, 84.863822937, 19.0670089722, -19.3767127991], [510.65802002, 634.653198242, 260.268463135, 99.1094512939, 104.059158325, -167.214050293, -200.618637085, -218.85736084, -177.858810425, -151.342590332, -19.9658374786, 30.8859767914, 69.3934555054], [-341.196929932, 260.268463135, 561.818725586, 107.255958557, 9.14674282074, -50.6571121216, -33.5503997803, -167.936523438, -137.839813232, -163.882583618, -80.589302063, 5.14951705933, 75.6526870728], [175.721542358, 99.1094512939, 107.255958557, 177.351211548, 57.8126373291, -19.8171691895, -46.8668937683, -80.6304321289, -87.7350845337, -42.2836227417, -27.0010871887, -18.0932044983, 4.22111129761], [32.3400535583, 104.059158325, 9.14674282074, 57.8126373291, 189.641159058, 18.1680984497, -52.6590194702, -32.4013748169, -43.3216590881, -57.6667823792, -21.748298645, -11.2190828323, -11.0444288254], [-138.932159424, -167.214050293, -50.6571121216, -19.8171691895, 18.1680984497, 139.48286438, 92.3493270874, 73.8138427734, 42.9025268555, 26.8399295807, -13.2354784012, -20.3480987549, -35.9088363647], [-277.511199951, -200.618637085, -33.5503997803, -46.8668937683, -52.6590194702, 92.3493270874, 170.982345581, 100.800209045, 66.3118515015, 36.6329727173, -17.8151817322, -16.8221740723, -22.6548271179], [-118.20388031, -218.85736084, -167.936523438, -80.6304321289, -32.4013748169, 73.8138427734, 100.800209045, 168.13343811, 118.205886841, 72.6700210571, 15.8484306335, -12.0874185562, -47.7801246643], [-124.481941223, -177.858810425, -137.839813232, -87.7350845337, -43.3216590881, 42.9025268555, 66.3118515015, 118.205886841, 122.497894287, 85.4263153076, 19.9905052185, -7.81810712814, -38.0986213684], [43.1116981506, -151.342590332, -163.882583618, -42.2836227417, -57.6667823792, 26.8399295807, 36.6329727173, 72.6700210571, 85.4263153076, 114.75994873, 45.5427398682, -8.49640846252, -38.6916770935], [84.863822937, -19.9658374786, -80.589302063, -27.0010871887, -21.748298645, -13.2354784012, -17.8151817322, 15.8484306335, 19.9905052185, 45.5427398682, 58.6175918579, 22.7073879242, -6.22889900208], [19.0670089722, 30.8859767914, 5.14951705933, -18.0932044983, -11.2190828323, -20.3480987549, -16.8221740723, -12.0874185562, -7.81810712814, -8.49640846252, 22.7073879242, 44.4457855225, 25.1763210297], [-19.3767127991, 69.3934555054, 75.6526870728, 4.22111129761, -11.0444288254, -35.9088363647, -22.6548271179, -47.7801246643, -38.0986213684, -38.6916770935, -6.22889900208, 25.1763210297, 51.7332420349]],
        "icov": [[0.0201077722013, -0.0289879981428, 0.0260846503079, -0.0255332291126, 0.0249428357929, -0.0199415888637, 0.020920349285, -0.015337696299, 0.016798319295, -0.0119698261842, 0.00667980033904, -0.00597610138357, 0.00396338524297], [-0.0289879981428, 0.0463724024594, -0.0385126210749, 0.0380943380296, -0.0375363864005, 0.0320591963828, -0.0286244750023, 0.0231529176235, -0.0212223120034, 0.0179902128875, -0.00924532674253, 0.00732036260888, -0.00361084053293], [0.0260846503079, -0.0385126210749, 0.039047408849, -0.0363209210336, 0.0353064313531, -0.0276794917881, 0.0250518489629, -0.0134698748589, 0.0134197575971, -0.0049759647809, 0.00592216942459, -0.00534719787538, 0.00362326670438], [-0.0255332291126, 0.0380943380296, -0.0363209210336, 0.0469556301832, -0.0361778512597, 0.0286771524698, -0.0247479937971, 0.0134345265105, 0.000401508092182, -0.00126196385827, 0.00246144994162, 0.00485276523978, -0.0003403898736], [0.0249428357929, -0.0375363864005, 0.0353064313531, -0.0361778512597, 0.0423008911312, -0.0305310133845, 0.02863557823, -0.0153328040615, 0.0116118332371, -0.000586056150496, 0.0037671495229, -0.00461655063555, 0.00804460141808], [-0.0199415888637, 0.0320591963828, -0.0276794917881, 0.0286771524698, -0.0305310133845, 0.0376635193825, -0.0264027211815, 0.0110333031043, -0.00635830778629, 0.00425276625901, -0.000148310689838, 0.00135329156183, 0.00373968109488], [0.020920349285, -0.0286244750023, 0.0250518489629, -0.0247479937971, 0.02863557823, -0.0264027211815, 0.0382161848247, -0.0253413263708, 0.0234990250319, -0.0178963635117, 0.0152365770191, -0.00768042402342, 0.00222675409168], [-0.015337696299, 0.0231529176235, -0.0134698748589, 0.0134345265105, -0.0153328040615, 0.0110333031043, -0.0253413263708, 0.049736905843, -0.0518204830587, 0.0371039770544, -0.0209723860025, 0.00931593123823, 0.00355288106948], [0.016798319295, -0.0212223120034, 0.0134197575971, 0.000401508092182, 0.0116118332371, -0.00635830778629, 0.0234990250319, -0.0518204830587, 0.0965663418174, -0.0684710741043, 0.0415065661073, -0.022946536541, 0.011667300947], [-0.0119698261842, 0.0179902128875, -0.0049759647809, -0.00126196385827, -0.000586056150496, 0.00425276625901, -0.0178963635117, 0.0371039770544, -0.0684710741043, 0.083776704967, -0.050940670073, 0.0273486543447, 0.000812455662526], [0.00667980033904, -0.00924532674253, 0.00592216942459, 0.00246144994162, 0.0037671495229, -0.000148310689838, 0.0152365770191, -0.0209723860025, 0.0415065661073, -0.050940670073, 0.0677433609962, -0.0403228029609, 0.0142942573875], [-0.00597610138357, 0.00732036260888, -0.00534719787538, 0.00485276523978, -0.00461655063555, 0.00135329156183, -0.00768042402342, 0.00931593123823, -0.022946536541, 0.0273486543447, -0.0403228029609, 0.0605567917228, -0.030209608376], [0.00396338524297, -0.00361084053293, 0.00362326670438, -0.0003403898736, 0.00804460141808, 0.00373968109488, 0.00222675409168, 0.00355288106948, 0.011667300947, 0.000812455662526, 0.0142942573875, -0.030209608376, 0.0545796081424]]
    },
    "melbands": {
        "dmean": [9.40750510381e-07, 1.19963606267e-05, 0.000158273542183, 0.00240407092497, 0.000592136231717, 6.42090089968e-05, 1.6479027181e-05, 2.45945693678e-06, 7.39864276511e-07, 2.17344208409e-07, 1.91560388885e-07, 5.51899859147e-07, 4.29653738365e-07, 4.21685541596e-07, 2.13430681129e-07, 6.96154813795e-08, 1.14485246172e-07, 2.78319930658e-07, 1.55963903126e-07, 1.08435052937e-07, 1.83773948947e-07, 5.6354164002e-08, 5.79686876279e-08, 5.9488435511e-08, 3.39626708978e-08, 2.95841537934e-08, 2.93301507526e-08, 2.21669989031e-08, 6.99837787721e-09, 6.69105304496e-09, 5.27554711027e-09, 5.13371078981e-09, 4.7945616366e-09, 1.83502169016e-09, 1.91140570038e-09, 2.12858974891e-09, 1.66562486026e-09, 1.52569801237e-09, 2.40003705798e-09, 1.74901049199e-09],
        "dmean2": [1.40457575526e-06, 1.62616161106e-05, 0.000197289220523, 0.00304331653751, 0.000690669345204, 8.17733889562e-05, 2.20504552999e-05, 3.96738414565e-06, 1.23771178551e-06, 3.38825202562e-07, 2.91177087774e-07, 8.79202730175e-07, 7.61552655604e-07, 6.08273978742e-07, 3.41880507904e-07, 1.05461516853e-07, 1.63189696423e-07, 4.24821138267e-07, 2.15740101339e-07, 1.70589672166e-07, 2.97356365309e-07, 8.73283241276e-08, 8.31523649936e-08, 8.89562556949e-08, 4.78349804212e-08, 4.31724060945e-08, 4.53413946389e-08, 3.46465753864e-08, 9.76058256441e-09, 1.06991100424e-08, 7.50287920681e-09, 7.84768339201e-09, 8.22836199177e-09, 2.668337995e-09, 2.81924505963e-09, 2.93399304852e-09, 2.62664245909e-09, 2.29660845896e-09, 3.75575925915e-09, 2.54234122643e-09],
        "dvar": [1.09500091286e-11, 1.65415081632e-09, 1.1525093413e-07, 4.74517073599e-05, 2.80536119135e-06, 2.12736068761e-08, 1.40695710638e-09, 1.87614455222e-11, 1.05482267886e-12, 2.47349178899e-13, 8.05411781105e-14, 1.24138774347e-12, 9.66732119703e-13, 1.01337699083e-12, 1.26163348432e-13, 6.24951157583e-15, 1.82442172399e-14, 2.97155556455e-13, 9.20608668508e-14, 3.93071398997e-14, 1.51614858905e-13, 8.39381444532e-15, 7.24592217146e-15, 8.36884730217e-15, 2.04371304832e-15, 2.2424835172e-15, 2.51287506869e-15, 1.53405427687e-15, 9.69718721347e-17, 1.64412681717e-16, 7.33708343067e-17, 2.37542290305e-16, 3.2808844477e-16, 1.08995562724e-17, 9.85388086409e-18, 9.24623729483e-18, 4.82835249715e-18, 4.5738745176e-18, 3.43292692791e-17, 9.04303541427e-18],
        "dvar2": [1.12038694294e-11, 3.39949379757e-09, 1.71228592194e-07, 7.6951830124e-05, 4.34408457295e-06, 2.95638731274e-08, 2.54517673604e-09, 4.03638199253e-11, 2.13737014199e-12, 3.51761805448e-13, 1.4526140707e-13, 3.04137032399e-12, 2.7088917047e-12, 1.76109777802e-12, 2.67662655278e-13, 1.4382095978e-14, 3.58970699574e-14, 7.64639436837e-13, 1.69876035439e-13, 1.13743677021e-13, 4.35576677808e-13, 2.12246161673e-14, 1.73043935274e-14, 2.18743514242e-14, 4.68217578627e-15, 5.45272631707e-15, 7.79152573894e-15, 4.74821513352e-15, 2.06799229484e-16, 4.23756210421e-16, 1.73979760038e-16, 6.59632836905e-16, 9.46347983836e-16, 1.89476671177e-17, 1.89625464425e-17, 1.64824670602e-17, 1.10649212573e-17, 8.00700079603e-18, 9.40053443777e-17, 2.16239785567e-17],
        "max": [3.92444198951e-05, 0.000444640550995, 0.00399755034596, 0.0766948610544, 0.0197624024004, 0.00163361732848, 0.000376484909793, 4.51379928563e-05, 7.58652822697e-06, 5.08250423081e-06, 2.29521174333e-06, 1.14290432975e-05, 7.96012500359e-06, 1.208685444e-05, 3.04249624605e-06, 5.81113908993e-07, 1.24761072584e-06, 4.51741379948e-06, 2.80741573988e-06, 1.68094197761e-06, 2.6131060622e-06, 6.48266791359e-07, 5.74278374188e-07, 6.73386978178e-07, 3.04435360476e-07, 3.10851703489e-07, 3.9242144112e-07, 2.81513337086e-07, 8.97954848256e-08, 1.22117981505e-07, 5.68568871984e-08, 1.45748330738e-07, 1.65182726164e-07, 3.09196259707e-08, 2.19515214894e-08, 2.04979375695e-08, 1.55963011395e-08, 1.63194915359e-08, 5.10643687335e-08, 2.55170977681e-08],
        "mean": [1.1199523442e-06, 1.14957001642e-05, 0.000185190656339, 0.00292282714508, 0.000745161436498, 9.38826487982e-05, 2.30009736697e-05, 3.71104761143e-06, 1.15104000997e-06, 3.26836328668e-07, 3.07683336587e-07, 8.07844230621e-07, 5.79061122608e-07, 7.60111902309e-07, 3.50304958374e-07, 1.135679355e-07, 2.12853748849e-07, 4.44383573495e-07, 2.49127907637e-07, 1.49330233512e-07, 2.1443011633e-07, 8.95520670952e-08, 8.67063221222e-08, 8.06918549756e-08, 4.79770250195e-08, 4.08579019506e-08, 3.72212234367e-08, 2.74714135884e-08, 1.16391518645e-08, 1.04135731149e-08, 7.75732988956e-09, 6.86771128855e-09, 5.87973003618e-09, 3.33016481058e-09, 3.54606588537e-09, 4.03201783072e-09, 3.61472629606e-09, 3.85386877966e-09, 4.13275058619e-09, 3.79114073468e-09],
        "median": [6.05493028161e-07, 1.43899967497e-06, 4.43042663392e-05, 0.000216646469198, 6.62160600768e-05, 1.60492199939e-05, 4.78223591927e-06, 1.22637561617e-06, 6.46346848043e-07, 1.5554016386e-07, 1.55633898657e-07, 3.40543067523e-07, 3.37864179301e-07, 2.69332247171e-07, 1.59246013709e-07, 7.20353341421e-08, 1.22714482131e-07, 1.32503771511e-07, 8.53947383916e-08, 7.02790785567e-08, 8.42237213305e-08, 4.59237874395e-08, 4.23883435019e-08, 3.3835647173e-08, 2.23641176689e-08, 1.79014243429e-08, 1.81709438607e-08, 1.37546649626e-08, 7.84940468179e-09, 5.62411184291e-09, 3.82519971254e-09, 2.99623392763e-09, 2.64199129241e-09, 2.12531281463e-09, 2.20231788362e-09, 2.34557040457e-09, 2.47451326096e-09, 2.77614375932e-09, 2.63752220064e-09, 2.61796961887e-09],
        "min": [5.73713911933e-08, 6.07252346185e-08, 8.74403554008e-07, 3.26890926772e-06, 3.86557388765e-07, 8.55969162217e-08, 2.09585820699e-07, 1.11506629707e-07, 6.50842792993e-08, 2.16051354585e-08, 1.94481906135e-08, 1.24115171474e-08, 1.74609073866e-08, 2.36051267422e-08, 8.06985944735e-09, 7.00075508675e-09, 3.3962781476e-09, 3.44355788329e-09, 3.35054961553e-09, 3.83810672133e-09, 6.69768418504e-09, 4.17231671435e-09, 3.32973848494e-09, 2.46433429218e-09, 1.38089262247e-09, 1.92812255051e-09, 1.4186342101e-09, 1.51523038561e-09, 8.00320421046e-10, 8.51268666668e-10, 8.26843704615e-10, 6.57787713187e-10, 9.10047703861e-10, 6.94931556744e-10, 6.26228735534e-10, 7.31510074736e-10, 9.41745237348e-10, 9.341455387e-10, 8.04633193408e-10, 8.46100800533e-10],
        "var": [1.18356357701e-11, 1.87413151664e-09, 2.05912613183e-07, 7.98472101451e-05, 5.13715622219e-06, 5.80574024411e-08, 3.07036129854e-09, 4.30040274224e-11, 1.58578868353e-12, 2.91880858675e-13, 1.46856105835e-13, 1.74353511229e-12, 8.56854355264e-13, 2.11148806772e-12, 2.57822680306e-13, 1.19836823773e-14, 5.95653490724e-14, 5.56644899445e-13, 1.86323992259e-13, 5.16118181179e-14, 1.45970773446e-13, 1.33048902977e-14, 1.335243341e-14, 1.3111261107e-14, 3.80134156574e-15, 3.35433453915e-15, 2.90245834365e-15, 1.82705493767e-15, 1.54867057153e-16, 2.27654715893e-16, 1.08614167941e-16, 1.97715661393e-16, 2.32386797802e-16, 1.63578357573e-17, 1.49005602393e-17, 1.7519159287e-17, 8.76626491721e-18, 9.8249485678e-18, 2.69722024883e-17, 1.23547439865e-17]
    },
    "mfcc": {
        "mean": [-893.761657715, 151.838180542, 23.9746704102, 24.0440502167, 15.8821773529, -8.25800514221, -10.9046678543, -21.3959197998, -23.3800487518, -24.0056762695, -23.9277362823, -15.9433240891, -8.6067609787],
        "cov": [[1878.94580078, 164.043701172, -455.968322754, 107.428390503, 74.0459823608, -84.901550293, -106.38734436, -197.347595215, -200.398849487, -89.7784500122, -31.5542240143, 13.4727449417, 82.7703399658], [164.043701172, 451.577697754, 112.228393555, 115.63835907, 117.456504822, -26.8117980957, -54.3547897339, -73.4376220703, -139.596008301, -149.022537231, -165.895462036, -118.97052002, -78.2020797729], [-455.968322754, 112.228393555, 454.205841064, 94.8358306885, -30.76263237, 53.5184936523, 15.7919454575, -11.7777481079, -23.8823013306, -74.0811920166, -112.428161621, -78.624961853, -81.1911697388], [107.428390503, 115.63835907, 94.8358306885, 189.596588135, 85.534072876, 19.8561630249, -1.16543257236, -54.3794784546, -77.3099975586, -83.9801101685, -91.7094573975, -73.0167541504, -55.1054000854], [74.0459823608, 117.456504822, -30.76263237, 85.534072876, 194.561050415, 28.6350727081, 2.7552075386, -15.5074853897, -61.6134300232, -63.2239952087, -59.7872886658, -34.9534111023, -43.4990005493], [-84.901550293, -26.8117980957, 53.5184936523, 19.8561630249, 28.6350727081, 93.3716430664, 49.3213615417, 9.67936325073, 15.1658258438, -9.00002765656, -11.9521102905, -12.5521230698, -16.6653671265], [-106.38734436, -54.3547897339, 15.7919454575, -1.16543257236, 2.7552075386, 49.3213615417, 78.9473724365, 51.8882369995, 34.6381759644, 15.9818992615, 6.80868339539, 8.17291164398, -0.224290445447], [-197.347595215, -73.4376220703, -11.7777481079, -54.3794784546, -15.5074853897, 9.67936325073, 51.8882369995, 109.435302734, 83.877571106, 47.3811531067, 44.4963798523, 32.929397583, 12.9692745209], [-200.398849487, -139.596008301, -23.8823013306, -77.3099975586, -61.6134300232, 15.1658258438, 34.6381759644, 83.877571106, 125.900138855, 91.2202148438, 79.6120147705, 51.6368560791, 27.7194061279], [-89.7784500122, -149.022537231, -74.0811920166, -83.9801101685, -63.2239952087, -9.00002765656, 15.9818992615, 47.3811531067, 91.2202148438, 133.141525269, 113.393890381, 68.6192779541, 46.0876045227], [-31.5542240143, -165.895462036, -112.428161621, -91.7094573975, -59.7872886658, -11.9521102905, 6.80868339539, 44.4963798523, 79.6120147705, 113.393890381, 148.493362427, 88.4555130005, 59.2030830383], [13.4727449417, -118.97052002, -78.624961853, -73.0167541504, -34.9534111023, -12.5521230698, 8.17291164398, 32.929397583, 51.6368560791, 68.6192779541, 88.4555130005, 92.8420791626, 55.9704284668], [82.7703399658, -78.2020797729, -81.1911697388, -55.1054000854, -43.4990005493, -16.6653671265, -0.224290445447, 12.9692745209, 27.7194061279, 46.0876045227, 59.2030830383, 55.9704284668, 70.9554748535]],
