{
"lowlevel": {
    "average_loudness": 0.939140975475,
    "barkbands_crest": {
        "dmean": 2.00648260117,
        "dmean2": 3.46773982048,
        "dvar": 3.4759953022,
        "dvar2": 9.44842147827,
        "max": 19.6928424835,
        "mean": 6.82029294968,
        "median": 6.18836307526,
        "min": 3.26752352715,
        "var": 6.15742778778
    },
    "barkbands_flatness_db": {
        "dmean": 0.0144973332062,
        "dmean2": 0.0233997218311,
        "dvar": 0.000139353229315,
        "dvar2": 0.000348360306816,
        "max": 0.229238346219,
        "mean": 0.159441575408,
        "median": 0.161731004715,
        "min": 0.0995339378715,
        "var": 0.000747807731386
    },
    "barkbands_kurtosis": {
        "dmean": 1.48402905464,
        "dmean2": 2.5060107708,
        "dvar": 3.7187666893,
        "dvar2": 9.54591464996,
        "max": 17.3089637756,
        "mean": 1.61220872402,
        "median": 0.7175116539,
        "min": -1.12694203854,
        "var": 7.85403966904
    },
    "barkbands_skewness": {
        "dmean": 0.439968705177,
        "dmean2": 0.743876576424,
        "dvar": 0.163442701101,
        "dvar2": 0.477352559566,
        "max": 1.74498581886,
        "mean": 0.130904659629,
        "median": 0.148230910301,
        "min": -1.59093368053,
        "var": 0.246121436357
    },
    "barkbands_spread": {
        "dmean": 1.87546157837,
        "dmean2": 3.11837363243,
        "dvar": 1.9384278059,
        "dvar2": 5.2530837059,
        "max": 14.9321126938,
        "mean": 8.52478599548,
        "median": 8.61537361145,
        "min": 2.43620181084,
        "var": 7.4929227829
    },
    "dissonance": {
        "dmean": 0.010532236658,
        "dmean2": 0.0187594685704,
        "dvar": 0.000104988495877,
        "dvar2": 0.000288360432023,
        "max": 0.5,
        "mean": 0.490243554115,
        "median": 0.493486493826,
        "min": 0.442628592253,
        "var": 0.000103528946056
    },
    "dynamic_complexity": 3.5006673336,
    "erbbands_crest": {
        "dmean": 2.43133831024,
        "dmean2": 4.22064590454,
        "dvar": 5.45117616653,
        "dvar2": 14.6104040146,
        "max": 22.8067989349,
        "mean": 8.20969295502,
        "median": 7.35473918915,
        "min": 3.83104634285,
        "var": 8.85703086853
    },
    "erbbands_flatness_db": {
        "dmean": 0.0155479935929,
        "dmean2": 0.024829544127,
        "dvar": 0.000153149871039,
        "dvar2": 0.000400613789679,
        "max": 0.349351555109,
        "mean": 0.278039813042,
        "median": 0.280230373144,
        "min": 0.203498467803,
        "var": 0.000852316326927
    },
    "erbbands_kurtosis": {
        "dmean": 0.862940967083,
        "dmean2": 1.43478989601,
        "dvar": 0.970055401325,
        "dvar2": 2.65084695816,
        "max": 6.7906665802,
        "mean": 0.492431074381,
        "median": 0.0998562574387,
        "min": -0.974874734879,
        "var": 1.91717076302
    },
    "erbbands_skewness": {
        "dmean": 0.359835356474,
        "dmean2": 0.597468137741,
        "dvar": 0.0810965374112,
        "dvar2": 0.228375628591,
        "max": 1.83540523052,
        "mean": 0.251721024513,
        "median": 0.235306069255,
        "min": -0.811873137951,
        "var": 0.209527075291
    },
    "erbbands_spread": {
        "dmean": 2.2607357502,
        "dmean2": 3.75607776642,
        "dvar": 3.34121084213,
        "dvar2": 9.07662296295,
        "max": 19.1368694305,
        "mean": 10.7432928085,
        "median": 10.807050705,
        "min": 2.84138941765,
        "var": 10.068488121
    },
    "hfc": {
        "dmean": 9.31049537659,
        "dmean2": 14.4677762985,
        "dvar": 173.683547974,
        "dvar2": 453.358154297,
        "max": 137.283401489,
        "mean": 18.8274364471,
        "median": 12.2886562347,
        "min": 0.659488797188,
        "var": 402.841308594
    },
    "melbands_crest": {
        "dmean": 2.34515357018,
        "dmean2": 3.95000886917,
        "dvar": 4.23699331284,
        "dvar2": 11.9055156708,
        "max": 24.2105312347,
        "mean": 7.79176664352,
        "median": 7.06864023209,
        "min": 3.37956047058,
        "var": 7.97810220718
    },
    "melbands_flatness_db": {
        "dmean": 0.0172513742,
        "dmean2": 0.0273651052266,
        "dvar": 0.000185669443454,
        "dvar2": 0.000480207672808,
        "max": 0.2699893713,
        "mean": 0.187037244439,
        "median": 0.185804545879,
        "min": 0.118649758399,
        "var": 0.000796082895249
    },
    "melbands_kurtosis": {
        "dmean": 1.12445628643,
        "dmean2": 1.87500178814,
        "dvar": 1.50361824036,
        "dvar2": 3.99927759171,
        "max": 9.36250114441,
        "mean": 1.11518311501,
        "median": 0.67457985878,
        "min": -1.07354068756,
        "var": 3.3513841629
    },
    "melbands_skewness": {
        "dmean": 0.357570081949,
        "dmean2": 0.59483230114,
        "dvar": 0.0822048634291,
        "dvar2": 0.240376442671,
        "max": 1.39211642742,
        "mean": 0.331613898277,
        "median": 0.354214191437,
        "min": -1.078561306,
        "var": 0.177331715822
    },
    "melbands_spread": {
        "dmean": 4.35212421417,
        "dmean2": 7.22030925751,
        "dvar": 12.7398643494,
        "dvar2": 32.9716758728,
        "max": 37.5373458862,
        "mean": 16.8767147064,
        "median": 16.4458999634,
        "min": 4.49491119385,
        "var": 39.3321495056
    },
    "pitch_salience": {
        "dmean": 0.0476357191801,
        "dmean2": 0.0831589251757,
        "dvar": 0.0020407193806,
        "dvar2": 0.00588551769033,
        "max": 0.872754693031,
        "mean": 0.760787725449,
        "median": 0.764728844166,
        "min": 0.461046814919,
        "var": 0.00218334095553
    },
    "silence_rate_20dB": {
        "dmean": 0,
        "dmean2": 0,
        "dvar": 0,
        "dvar2": 0,
        "max": 1,
        "mean": 1,
        "median": 1,
        "min": 1,
        "var": 0
    },
    "silence_rate_30dB": {
        "dmean": 0,
        "dmean2": 0,
        "dvar": 0,
        "dvar2": 0,
        "max": 1,
        "mean": 1,
        "median": 1,
        "min": 1,
        "var": 0
    },
    "silence_rate_60dB": {
        "dmean": 0.0562249012291,
        "dmean2": 0.108870968223,
        "dvar": 0.0530637837946,
        "dvar2": 0.113147199154,
        "max": 1,
        "mean": 0.172000005841,
        "median": 0,
        "min": 0,
        "var": 0.14241592586
    },
    "spectral_centroid": {
        "dmean": 207.101623535,
        "dmean2": 344.361541748,
        "dvar": 34149.9179688,
        "dvar2": 88476.4921875,
        "max": 2570.65014648,
        "mean": 1762.61621094,
        "median": 1748.27807617,
        "min": 1111.80322266,
        "var": 77070.7109375
    },
    "spectral_complexity": {
        "dmean": 4.82329320908,
        "dmean2": 6.89516115189,
        "dvar": 15.390463829,
        "dvar2": 35.8277320862,
        "max": 50,
        "mean": 22.4400005341,
        "median": 23,
        "min": 0,
        "var": 105.950408936
    },
    "spectral_decrease": {
        "dmean": 1.22770305033e-09,
        "dmean2": 1.8864578788e-09,
        "dvar": 2.42930476159e-18,
        "dvar2": 6.03362289204e-18,
        "max": -9.05025568376e-11,
        "mean": -2.86908918845e-09,
        "median": -2.07706785105e-09,
        "min": -1.5385728247e-08,
        "var": 7.47192330037e-18
    },
    "spectral_energy": {
        "dmean": 0.00546613521874,
        "dmean2": 0.00842448417097,
        "dvar": 4.95154235978e-05,
        "dvar2": 0.000123736943351,
        "max": 0.0699350908399,
        "mean": 0.0125363096595,
        "median": 0.00885116681457,
        "min": 0.000405825907364,
        "var": 0.000146665319335
    },
    "spectral_energyband_high": {
        "dmean": 7.64743454056e-05,
        "dmean2": 0.000134946487378,
        "dvar": 5.83241615004e-08,
        "dvar2": 1.65243832839e-07,
        "max": 0.0022796227131,
        "mean": 8.56564220157e-05,
        "median": 3.17184858432e-05,
        "min": 3.88514990846e-06,
        "var": 4.50041426348e-08
    },
    "spectral_energyband_low": {
        "dmean": 9.15544660529e-06,
        "dmean2": 1.54869521793e-05,
        "dvar": 1.77756684372e-10,
        "dvar2": 5.18019849238e-10,
        "max": 0.00013038792531,
        "mean": 1.19804572023e-05,
        "median": 7.73565261625e-06,
        "min": 1.0462129012e-06,
        "var": 1.90393756316e-10
    },
    "spectral_energyband_middle_high": {
        "dmean": 0.00497679691762,
        "dmean2": 0.00761201884598,
        "dvar": 4.42035707238e-05,
        "dvar2": 0.000114372021926,
        "max": 0.0660599172115,
        "mean": 0.0108651407063,
        "median": 0.007807363756,
        "min": 0.000305002788082,
        "var": 0.000119449818158
    },
    "spectral_energyband_middle_low": {
        "dmean": 0.000912430114113,
        "dmean2": 0.00143493991345,
        "dvar": 1.16924366012e-06,
        "dvar2": 2.66830556939e-06,
        "max": 0.0100891841576,
        "mean": 0.00169531931169,
        "median": 0.00107130757533,
        "min": 5.6681688875e-05,
        "var": 3.00666488329e-06
    },
    "spectral_entropy": {
        "dmean": 0.0799569562078,
        "dmean2": 0.126145631075,
        "dvar": 0.00489232456312,
        "dvar2": 0.0126551417634,
        "max": 7.86735439301,
        "mean": 7.47086763382,
        "median": 7.48264789581,
        "min": 7.0217423439,
        "var": 0.0153881544247
    },
    "spectral_flux": {
        "dmean": 0.013225494884,
        "dmean2": 0.0194209683686,
        "dvar": 0.000213795137824,
        "dvar2": 0.000391885929275,
        "max": 0.172412529588,
        "mean": 0.071162186563,
        "median": 0.0667029693723,
        "min": 0.0136752966791,
        "var": 0.00114992877934
    },
    "spectral_kurtosis": {
        "dmean": 4.21996116638,
        "dmean2": 7.09231901169,
        "dvar": 14.2225580215,
        "dvar2": 39.6487045288,
        "max": 35.6237373352,
        "mean": 16.3663234711,
        "median": 15.6896591187,
        "min": 6.1656036377,
        "var": 25.4217166901
    },
    "spectral_rms": {
        "dmean": 0.000718863215297,
        "dmean2": 0.00106760917697,
        "dvar": 4.23465763788e-07,
        "dvar2": 1.05431661268e-06,
        "max": 0.00826010573655,
        "mean": 0.0031494947616,
        "median": 0.00293855834752,
        "min": 0.000629227899481,
        "var": 2.31122862715e-06
    },
    "spectral_rolloff": {
        "dmean": 284.947357178,
        "dmean2": 497.955169678,
        "dvar": 59005.40625,
        "dvar2": 154896.984375,
        "max": 3079.24804688,
        "mean": 2047.20397949,
        "median": 2067.1875,
        "min": 1098.19335938,
        "var": 126392.828125
    },
    "spectral_skewness": {
        "dmean": 0.426561743021,
        "dmean2": 0.699650287628,
        "dvar": 0.139817327261,
        "dvar2": 0.381485342979,
        "max": 4.67463779449,
        "mean": 2.51338553429,
        "median": 2.45879292488,
        "min": 1.22427451611,
        "var": 0.304593771696
    },
    "spectral_spread": {
        "dmean": 218254.96875,
        "dmean2": 330341.375,
        "dvar": 171683610624,
        "dvar2": 235729698816,
        "max": 8078896,
        "mean": 1987663.875,
        "median": 1935648.75,
        "min": 1320251.875,
        "var": 221530865664
    },
    "spectral_strongpeak": {
        "dmean": 0.666767537594,
        "dmean2": 1.16182124615,
        "dvar": 0.660381317139,
        "dvar2": 2.00206923485,
        "max": 8.07091903687,
        "mean": 1.06929326057,
        "median": 0.942180633545,
        "min": 0.0885793939233,
        "var": 0.684516429901
    },
    "zerocrossingrate": {
        "dmean": 0.00522206025198,
        "dmean2": 0.00680640432984,
        "dvar": 1.99206915568e-05,
        "dvar2": 3.05945759465e-05,
        "max": 0.099609375,
        "mean": 0.0733203142881,
        "median": 0.0732421875,
        "min": 0.03662109375,
        "var": 7.8740704339e-05
    },
    "barkbands": {
        "dmean": [1.90019618458e-05, 1.05768322101e-06, 1.64129482982e-06, 8.67051312525e-06, 3.3636297303e-05, 8.28568227007e-05, 0.000151677668327, 0.000288950075628, 0.000503901566844, 0.000738709350117, 0.000905746419448, 0.00116627151147, 0.000989989028312, 0.000694470305461, 0.00103907112498, 0.000743919692468, 0.000531476980541, 0.000467065023258, 0.000226000352995, 0.000100487566669, 3.039449075e-05, 5.22320215168e-06, 3.1448998925e-06, 1.92807033272e-06, 1.40134625326e-06, 3.37535908557e-07, 4.85910049974e-07],
        "dmean2": [3.21172919939e-05, 1.78597008471e-06, 2.93043308375e-06, 1.53927576321e-05, 5.72890894546e-05, 0.000142117074574, 0.000265213777311, 0.000481055845739, 0.000809852266684, 0.00117408053484, 0.00152203207836, 0.00194800097961, 0.00166916509625, 0.00112415815238, 0.00179614825174, 0.00122076796833, 0.000883301196154, 0.000816987303551, 0.000379002362024, 0.00017933815252, 5.33522179467e-05, 8.79511662788e-06, 5.33087541044e-06, 2.96242410514e-06, 2.29346323977e-06, 5.44627994259e-07, 8.16821170702e-07],
        "dvar": [9.0463941893e-10, 1.07624542958e-12, 1.73200499082e-11, 5.87801529672e-10, 3.25520344013e-09, 5.06148936097e-08, 7.98061350338e-08, 1.76590518208e-07, 4.64696967128e-07, 9.08682409317e-07, 1.44561181514e-06, 2.49481809078e-06, 1.75675552327e-06, 8.344810567e-07, 3.5032719552e-06, 1.04031732917e-06, 8.29090822663e-07, 1.32016054977e-06, 1.28507920749e-07, 1.20408813586e-07, 1.00207486753e-08, 1.2995582388e-10, 5.47908350634e-11, 1.13721306677e-11, 9.25277736374e-12, 5.63176783853e-13, 1.58373815906e-13],
        "dvar2": [2.66354227563e-09, 3.00462215871e-12, 5.01298239031e-11, 1.65883529135e-09, 8.42325231787e-09, 1.40672923976e-07, 2.3169133101e-07, 4.94934738526e-07, 1.14864405987e-06, 2.01509897124e-06, 3.53531800101e-06, 5.21839820067e-06, 4.62727302875e-06, 2.03138461075e-06, 9.5932819022e-06, 2.45545697908e-06, 2.13964312934e-06, 4.05453829444e-06, 3.24564098264e-07, 3.42351739846e-07, 2.7553324955e-08, 3.09166026113e-10, 1.49850493125e-10, 2.80831885524e-11, 2.40083820879e-11, 1.49468198235e-12, 4.24539526797e-13],
        "max": [0.000272725708783, 7.14067027729e-06, 4.56955604022e-05, 0.000267507799435, 0.00058019196149, 0.0022803733591, 0.00191734731197, 0.0034052580595, 0.00576371280476, 0.0085284775123, 0.0086345076561, 0.0199184622616, 0.0112317819148, 0.00746657606214, 0.0144447078928, 0.00881290715188, 0.00709766801447, 0.0132982768118, 0.0025253824424, 0.00372567307204, 0.00120941642672, 0.000100792734884, 8.10799538158e-05, 3.44202017004e-05, 3.56127457053e-05, 8.98663165572e-06, 5.81913991482e-06],
        "mean": [1.83259890036e-05, 1.54959684551e-06, 1.57780823429e-06, 8.25529696158e-06, 4.11633918702e-05, 8.90131559572e-05, 0.000176574380021, 0.000359577563358, 0.000726318743546, 0.00119499536231, 0.00133167835884, 0.00198163604364, 0.00156739808153, 0.0010555407498, 0.00125097646378, 0.00108216481749, 0.000719473464414, 0.000509055040311, 0.000270898919553, 9.8410040664e-05, 2.97969218082e-05, 6.95416429153e-06, 3.79381117455e-06, 2.71022349807e-06, 1.93200003196e-06, 7.41303722407e-07, 3.70644647774e-06],
        "median": [7.72639214119e-06, 1.25068061152e-06, 7.47507897358e-07, 2.24637938118e-06, 1.99779515242e-05, 2.92255208478e-05, 6.96312927175e-05, 0.00016960639914, 0.000384189654142, 0.000634218507912, 0.000779923517257, 0.0012451549992, 0.00103888404556, 0.000637147109956, 0.000555296079256, 0.000503627816215, 0.000336440833053, 0.000191815386643, 0.000114673544886, 3.15788056469e-05, 7.99450845079e-06, 2.7480996323e-06, 1.51260292114e-06, 1.1559043287e-06, 9.84826556305e-07, 5.14093699167e-07, 3.66532867702e-06],
        "min": [1.64136952918e-08, 6.36144505961e-08, 4.62663152234e-08, 7.01292677263e-08, 3.84447133683e-07, 9.93687535811e-07, 1.68248436694e-06, 2.2592021196e-06, 8.95636640053e-06, 1.38495461215e-05, 1.03185284388e-05, 5.04877825733e-05, 2.7483652957e-05, 1.14743088488e-05, 1.2789464563e-05, 1.25739152281e-05, 1.10045930342e-05, 6.34096886643e-06, 2.07666312235e-06, 3.77021763143e-07, 1.88278860946e-07, 1.09495516654e-07, 9.68318829564e-08, 9.11625761546e-08, 1.29512216063e-07, 1.67094427184e-07, 1.80211179668e-06],
        "var": [8.45784997594e-10, 1.46686785982e-12, 1.25811062957e-11, 4.41826408792e-10, 3.85669673975e-09, 4.05839415407e-08, 8.6418815215e-08, 2.3742197186e-07, 7.91490151641e-07, 2.08113715416e-06, 2.5194274258e-06, 7.05709953763e-06, 3.00530427921e-06, 1.59913145126e-06, 3.70828365703e-06, 2.04625371225e-06, 1.14042109089e-06, 1.08779931907e-06, 1.64685332038e-07, 7.96873891318e-08, 8.5643616643e-09, 1.67772545856e-10, 4.76688619133e-11, 1.5770704187e-11, 1.00162612579e-11, 6.71118271633e-13, 2.22340402383e-13]
    },
    "erbbands": {
        "dmean": [9.51674155658e-05, 0.000163239703397, 0.00135886622593, 0.0152712566778, 0.0610467344522, 0.124262772501, 0.343099117279, 0.818917274475, 1.67759418488, 3.31831812859, 7.53575897217, 10.4221725464, 20.1506729126, 28.3141994476, 40.22215271, 47.6434288025, 42.9744491577, 35.7871513367, 48.146648407, 42.1831092834, 41.2528648376, 28.941280365, 23.0989551544, 18.4632320404, 8.62959861755, 4.53217124939, 2.09953188896, 0.653582513332, 0.216096386313, 0.119121357799, 0.0823449417949, 0.0478048361838, 0.0316492877901, 0.0181198921055, 0.00896605756134, 0.00235332571901, 0.000443994067609, 0.000190416336409, 6.18352205493e-05, 1.35235932248e-05],
        "dmean2": [0.000162106764037, 0.000286635186058, 0.00240989611484, 0.0264147929847, 0.096577309072, 0.213954985142, 0.58474701643, 1.41277015209, 3.05705165863, 5.47096776962, 12.1390943527, 16.7315273285, 31.8857765198, 45.6174087524, 66.555229187, 78.2112579346, 71.352684021, 59.3502082825, 85.4641036987, 69.8422317505, 66.9098205566, 48.9760284424, 39.4754142761, 32.4528884888, 14.1090049744, 8.14957237244, 3.81304168701, 1.10304021835, 0.356012433767, 0.201118335128, 0.138609081507, 0.0766638293862, 0.0497937984765, 0.0293226055801, 0.0145910037681, 0.00385226868093, 0.000709520245437, 0.000311152340146, 0.000101798366813, 2.19834601012e-05],
        "dvar": [1.22650654077e-08, 3.04685592312e-08, 9.50106914388e-06, 0.00154809677042, 0.0129663143307, 0.0308197941631, 0.417264819145, 6.30752754211, 13.6482534409, 21.0389251709, 136.210647583, 210.621734619, 614.865112305, 1374.01879883, 2834.51538086, 5191.46337891, 3221.15698242, 2730.65820312, 7171.68261719, 4185.82421875, 3807.25097656, 2587.32446289, 3155.20507812, 1173.92919922, 220.080688477, 238.769729614, 48.3507118225, 6.44852781296, 0.241616353393, 0.0513145141304, 0.0470891520381, 0.00838298164308, 0.00303762685508, 0.00104429444764, 0.000600414408837, 3.68706241716e-05, 6.11266955275e-07, 6.18568876121e-08, 3.4866816101e-09, 1.48065407157e-10],
        "dvar2": [3.44713910749e-08, 7.53114548502e-08, 2.59552271018e-05, 0.00431493856013, 0.026717254892, 0.0865944698453, 1.11451482773, 17.685087204, 40.1861991882, 53.5754165649, 378.177490234, 532.513244629, 1358.40002441, 3411.98168945, 7071.23095703, 11894.5830078, 8610.99023438, 6872.09228516, 19780.578125, 10825.8105469, 9042.01171875, 6727.70410156, 9498.71679688, 3304.1550293, 561.430297852, 679.2421875, 138.834503174, 17.1017169952, 0.571994006634, 0.135517552495, 0.129364579916, 0.0216155592352, 0.00752802379429, 0.00261975592002, 0.00159779307432, 0.000100375684269, 1.56523810801e-06, 1.63926230812e-07, 9.24424536919e-09, 3.80626058449e-10],
        "max": [0.00115595699754, 0.00152602198068, 0.0324682444334, 0.433707505465, 1.23356115818, 1.35597920418, 4.83753156662, 26.0913772583, 26.3838405609, 44.4437522888, 98.3430557251, 118.600975037, 239.202728271, 336.47454834, 530.83380127, 934.483642578, 445.650817871, 433.788757324, 597.452941895, 718.729980469, 583.779296875, 412.036407471, 681.630126953, 291.030548096, 124.515441895, 165.575714111, 60.693321228, 34.0573120117, 5.26788711548, 1.53518712521, 2.57418823242, 0.821702539921, 0.540196120739, 0.332686275244, 0.297546058893, 0.0738850384951, 0.00776832317933, 0.00272270827554, 0.000776563887484, 0.000178448433871],
        "mean": [0.000126385086332, 0.000230737889069, 0.00148295145482, 0.0155533691868, 0.0761006399989, 0.141465783119, 0.367596328259, 0.860179185867, 1.8250619173, 4.46456480026, 9.78835868835, 14.8549060822, 29.9256439209, 45.6647109985, 64.0335388184, 81.8569412231, 73.1109008789, 58.0722732544, 64.060333252, 61.5736274719, 57.302696228, 40.2067756653, 27.757516861, 21.0526866913, 9.84646034241, 4.53874349594, 1.99937093258, 0.712432742119, 0.281123191118, 0.152110666037, 0.0998015329242, 0.0648908913136, 0.0426848419011, 0.0251494068652, 0.0118050593883, 0.00374000705779, 0.00116040545981, 0.000799128960352, 0.000418151699705, 8.7725573394e-05],
        "median": [9.35052739806e-05, 0.000171515683178, 0.000778751564212, 0.00517579074949, 0.0282614640892, 0.0650761574507, 0.116923734546, 0.271610438824, 0.693389713764, 2.3328564167, 4.57026815414, 8.25520896912, 17.1739425659, 28.2291660309, 46.1802902222, 53.0734176636, 47.7084960938, 37.9294509888, 32.4498901367, 29.2445716858, 26.3293190002, 19.4867973328, 11.2003555298, 8.97205924988, 4.11557912827, 1.44314885139, 0.549671769142, 0.2158100456, 0.102303035557, 0.0641711428761, 0.0424984022975, 0.0259225070477, 0.0186521336436, 0.0125109246001, 0.00581928435713, 0.00218442012556, 0.000842883542646, 0.000738488335628, 0.00040906452341, 8.45135509735e-05],
        "min": [4.61897616333e-06, 1.36446806209e-05, 0.000128231040435, 0.000340271362802, 0.0010911677964, 0.00132575444877, 0.00527121964842, 0.0106098065153, 0.0238955914974, 0.0551239326596, 0.119784146547, 0.294538021088, 0.514526546001, 0.510159015656, 0.805838465691, 2.34825515747, 1.27109730244, 0.57464826107, 1.20059859753, 0.908592700958, 0.771023929119, 0.484434723854, 0.341484487057, 0.146720692515, 0.0568590126932, 0.0182767808437, 0.00837205536664, 0.00681995972991, 0.00382728129625, 0.00279176351614, 0.00276093836874, 0.00242642988451, 0.00154379184823, 0.00129781814758, 0.00101181841455, 0.000512618978973, 0.000331435468979, 0.00034963482176, 0.000202512339456, 3.47976929334e-05],
        "var": [1.5000622966e-08, 4.24814317057e-08, 8.03398506832e-06, 0.00126317259856, 0.0221217721701, 0.0356032922864, 0.496348887682, 4.60942411423, 11.3425207138, 35.9519462585, 183.451644897, 338.621582031, 1250.36376953, 2841.10449219, 5395.61328125, 12656.2451172, 6062.74755859, 4383.38867188, 7710.62988281, 7330.82128906, 6381.36865234, 3427.94116211, 2944.33007812, 1173.52929688, 257.020050049, 160.701080322, 34.0762443542, 5.68630170822, 0.313596457243, 0.0569033250213, 0.0389581918716, 0.00986465066671, 0.00400239462033, 0.00132239726372, 0.000556085142307, 3.71365276806e-05, 9.30868168325e-07, 7.35064986657e-08, 4.78965311856e-09, 3.73348962857e-10]
    },
    "gfcc": {
        "mean": [-82.5169296265, 53.3456687927, -210.038772583, -47.0389289856, -36.0663871765, -9.76086997986, -25.2087516785, 1.52027487755, -18.88372612, -9.40432262421, -5.62945318222, -4.16027069092, -4.85751199722],
        "cov": [[2447.52709961, -106.803924561, -804.828063965, 332.280883789, -448.875091553, -221.543182373, -332.118408203, -42.4125442505, -135.959472656, -8.19330024719, -96.7159805298, -82.7806396484, 35.950958252], [-106.803924561, 176.430084229, 109.279182434, -45.2177124023, 19.8960456848, -55.1513137817, 4.7027182579, -15.9574079514, -0.425333917141, -10.7444667816, -15.6000070572, -11.1425323486, -9.78544998169], [-804.828063965, 109.279182434, 412.902099609, -62.2782554626, 126.719367981, 45.2318267822, 75.5703964233, 1.67131459713, 38.644405365, 4.68549966812, 25.2793159485, 23.4534912109, -25.4885864258], [332.280883789, -45.2177124023, -62.2782554626, 182.309860229, -26.6064510345, -25.7469673157, -46.8359184265, -17.9019832611, -20.4297599792, -12.9106483459, -13.4373674393, -15.1577806473, -11.7307052612], [-448.875091553, 19.8960456848, 126.719367981, -26.6064510345, 172.28137207, 76.937461853, 69.4803009033, -8.77938842773, -2.37954139709, -11.5876693726, 14.6921854019, 20.3660869598, -1.18909084797], [-221.543182373, -55.1513137817, 45.2318267822, -25.7469673157, 76.937461853, 138.910415649, 67.7765350342, -9.22581386566, -3.68416404724, -19.8864421844, 10.1814823151, 12.7545881271, -0.908190727234], [-332.118408203, 4.7027182579, 75.5703964233, -46.8359184265, 69.4803009033, 67.7765350342, 104.267181396, 21.6418781281, 25.4138088226, -12.2049179077, 4.1222577095, 3.79592084885, -8.61312294006], [-42.4125442505, -15.9574079514, 1.67131459713, -17.9019832611, -8.77938842773, -9.22581386566, 21.6418781281, 63.6081085205, 42.043170929, 19.2842655182, 11.7073087692, 4.49389266968, 2.33692908287], [-135.959472656, -0.425333917141, 38.644405365, -20.4297599792, -2.37954139709, -3.68416404724, 25.4138088226, 42.043170929, 75.0356369019, 30.695482254, 18.6957893372, 10.6702384949, -8.83019638062], [-8.19330024719, -10.7444667816, 4.68549966812, -12.9106483459, -11.5876693726, -19.8864421844, -12.2049179077, 19.2842655182, 30.695482254, 59.1259689331, 32.650680542, 15.3420734406, 7.13664531708], [-96.7159805298, -15.6000070572, 25.2793159485, -13.4373674393, 14.6921854019, 10.1814823151, 4.1222577095, 11.7073087692, 18.6957893372, 32.650680542, 48.0346412659, 24.4127807617, 4.93666124344], [-82.7806396484, -11.1425323486, 23.4534912109, -15.1577806473, 20.3660869598, 12.7545881271, 3.79592084885, 4.49389266968, 10.6702384949, 15.3420734406, 24.4127807617, 39.5803985596, 18.1326580048], [35.950958252, -9.78544998169, -25.4885864258, -11.7307052612, -1.18909084797, -0.908190727234, -8.61312294006, 2.33692908287, -8.83019638062, 7.13664531708, 4.93666124344, 18.1326580048, 42.19947052]],
        "icov": [[0.0186989475042, -0.0248626023531, 0.0276092737913, -0.024250857532, 0.0258168820292, -0.0239717960358, 0.0251264236867, -0.0206484980881, 0.0210958700627, -0.0192951336503, 0.0182569306344, -0.010898004286, 0.00494717713445], [-0.0248626023531, 0.0454996228218, -0.0397308878601, 0.0356369949877, -0.0361913070083, 0.0409151986241, -0.0355151370168, 0.0331500545144, -0.0297490749508, 0.0289446115494, -0.0233996417373, 0.0178014617413, -0.0076147695072], [0.0276092737913, -0.0397308878601, 0.0452704951167, -0.0358410216868, 0.0361957363784, -0.0365468710661, 0.0365891717374, -0.0304439906031, 0.0298570133746, -0.0288942512125, 0.0261756759137, -0.0184905342758, 0.0100506087765], [-0.024250857532, 0.0356369949877, -0.0358410216868, 0.0392053537071, -0.0348481945693, 0.0335606597364, -0.0296622980386, 0.0285227820277, -0.0281617101282, 0.027693675831, -0.023700453341, 0.0157233532518, -0.00427925633267], [0.0258168820292, -0.0361913070083, 0.0361957363784, -0.0348481945693, 0.0472961515188, -0.0368545539677, 0.029351586476, -0.0280099716038, 0.0326699949801, -0.0275462102145, 0.0241687875241, -0.0192352123559, 0.00680272327736], [-0.0239717960358, 0.0409151986241, -0.0365468710661, 0.0335606597364, -0.0368545539677, 0.0508615672588, -0.0419129170477, 0.0345099978149, -0.0278157554567, 0.0311226695776, -0.0275328438729, 0.0143064344302, -0.00725503126159], [0.0251264236867, -0.0355151370168, 0.0365891717374, -0.0296622980386, 0.029351586476, -0.0419129170477, 0.0588950924575, -0.036122366786, 0.022052153945, -0.0201173648238, 0.0249040257186, -0.0107497535646, 0.00788145139813], [-0.0206484980881, 0.0331500545144, -0.0304439906031, 0.0285227820277, -0.0280099716038, 0.0345099978149, -0.036122366786, 0.0549095980823, -0.0388860888779, 0.022902937606, -0.0240190178156, 0.0177672281861, -0.0124761424959], [0.0210958700627, -0.0297490749508, 0.0298570133746, -0.0281617101282, 0.0326699949801, -0.0278157554567, 0.022052153945, -0.0388860888779, 0.055909909308, -0.035704318434, 0.0250003114343, -0.0226525776088, 0.0168572477996], [-0.0192951336503, 0.0289446115494, -0.0288942512125, 0.027693675831, -0.0275462102145, 0.0311226695776, -0.0201173648238, 0.022902937606, -0.035704318434, 0.060852997005, -0.0436738058925, 0.0176055748016, -0.0123028485104], [0.0182569306344, -0.0233996417373, 0.0261756759137, -0.023700453341, 0.0241687875241, -0.0275328438729, 0.0249040257186, -0.0240190178156, 0.0250003114343, -0.0436738058925, 0.0676282197237, -0.0342239178717, 0.014155363664], [-0.010898004286, 0.0178014617413, -0.0184905342758, 0.0157233532518, -0.0192352123559, 0.0143064344302, -0.0107497535646, 0.0177672281861, -0.0226525776088, 0.0176055748016, -0.0342239178717, 0.0614934638143, -0.0269342530519], [0.00494717713445, -0.0076147695072, 0.0100506087765, -0.00427925633267, 0.00680272327736, -0.00725503126159, 0.00788145139813, -0.0124761424959, 0.0168572477996, -0.0123028485104, 0.014155363664, -0.0269342530519, 0.0404581017792]]
    },
    "melbands": {
        "dmean": [1.23571021504e-06, 4.7636208933e-07, 3.6211333736e-06, 6.01642386755e-06, 1.03399552245e-05, 1.77439505933e-05, 2.76831106021e-05, 3.9451464545e-05, 6.44584142719e-05, 7.03853511368e-05, 0.000103720951302, 0.000114497423056, 0.000131832130137, 0.000132637287606, 0.000131162130856, 9.390671039e-05, 6.66578343953e-05, 7.54861030146e-05, 7.85665615695e-05, 5.3118525102e-05, 4.926820111e-05, 3.37255514751e-05, 2.2504482331e-05, 2.04552507057e-05, 1.54578156071e-05, 7.45418901715e-06, 4.73035697723e-06, 2.60804449681e-06, 1.62426977113e-06, 6.45675186206e-07, 2.85217396367e-07, 1.26082539964e-07, 8.2908378829e-08, 6.26512033364e-08, 4.61636346927e-08, 4.44247270082e-08, 2.55947192329e-08, 2.38679422893e-08, 1.84761113076e-08, 1.44557050774e-08],
        "dmean2": [2.11252518056e-06, 8.42479323637e-07, 6.05030618317e-06, 9.80567347142e-06, 1.74587912625e-05, 3.061593452e-05, 4.99292909808e-05, 6.41934675514e-05, 0.000105496881588, 0.000112284782517, 0.000164209646755, 0.000184592136065, 0.000222524409764, 0.000220163259655, 0.00021217711037, 0.000160373238032, 0.00011047092994, 0.000132206958369, 0.000133751804242, 8.79905128386e-05, 7.91564452811e-05, 5.715014413e-05, 3.80844103347e-05, 3.58506258635e-05, 2.70979471679e-05, 1.23302652355e-05, 8.18947046355e-06, 4.75791011922e-06, 2.99161638395e-06, 1.09781547053e-06, 4.70871469815e-07, 2.14616051153e-07, 1.41693107025e-07, 1.07825151474e-07, 7.72497372736e-08, 7.48005604123e-08, 4.0492142972e-08, 3.76993867235e-08, 3.05063458939e-08, 2.33979395858e-08],
        "dvar": [2.69560415656e-12, 1.16927344543e-12, 7.37544678109e-11, 8.10653350003e-11, 3.46770195891e-10, 2.81015033465e-09, 3.34034822025e-09, 3.0330273848e-09, 1.14030358489e-08, 9.10486441796e-09, 1.65328675195e-08, 2.36687842659e-08, 2.91169719446e-08, 3.55116185347e-08, 3.96410477776e-08, 1.42352725163e-08, 9.38735755796e-09, 1.66287605907e-08, 1.93482208033e-08, 5.12838793654e-09, 5.59974333569e-09, 3.4620553091e-09, 2.57662913228e-09, 1.93420546246e-09, 8.31402946488e-10, 1.52124146613e-10, 1.35305294746e-10, 9.43241110218e-11, 3.37532640726e-11, 6.7195554676e-12, 9.71931411221e-13, 8.7744502148e-14, 3.43071315172e-14, 1.61925848571e-14, 9.60432701793e-15, 2.64198317629e-14, 2.09470845515e-15, 1.86728582629e-15, 9.99842773137e-16, 7.28440340765e-16],
        "dvar2": [7.47520968736e-12, 3.28521736724e-12, 1.82936402138e-10, 2.02036984365e-10, 9.3444063598e-10, 7.88822074327e-09, 9.82140324624e-09, 8.01926791638e-09, 3.05634380027e-08, 2.30056382833e-08, 3.6502193268e-08, 5.89714410637e-08, 7.30837967922e-08, 8.22126366984e-08, 1.11793163171e-07, 4.04469879811e-08, 2.26642740131e-08, 4.67692906625e-08, 5.20432195117e-08, 1.33968338645e-08, 1.32053701307e-08, 8.98327900956e-09, 7.12305725514e-09, 6.04334982057e-09, 2.3203463595e-09, 3.74576980544e-10, 3.61610769106e-10, 2.72615874319e-10, 9.85624637462e-11, 1.82291889916e-11, 2.51398164439e-12, 2.12813829601e-13, 8.55844529361e-14, 4.50490305595e-14, 2.64308872369e-14, 7.15027741334e-14, 5.28533354845e-15, 4.65261814806e-15, 2.4921901006e-15, 1.82613971857e-15],
        "max": [1.74579818122e-05, 1.2189926565e-05, 0.000101161196653, 8.36124090711e-05, 0.000135914291604, 0.000546244264115, 0.000412020861404, 0.000534149992745, 0.000905064574908, 0.000875843688846, 0.001204414526, 0.00144321878906, 0.00131801841781, 0.00232889852487, 0.00175514735747, 0.000823690148536, 0.000850599783007, 0.000901495630387, 0.00123596226331, 0.000631432107184, 0.000689754320774, 0.000464605021989, 0.000617053417955, 0.000469329446787, 0.000213525941945, 0.000104082610051, 0.000112938832899, 0.000103523489088, 5.7250384998e-05, 3.45970111084e-05, 1.31958540805e-05, 2.86721774501e-06, 1.41285204336e-06, 9.49489447066e-07, 1.01430896393e-06, 2.07123139262e-06, 4.53692081237e-07, 4.45162498863e-07, 2.17479936282e-07, 2.93563033438e-07],
        "mean": [1.58493207891e-06, 5.51940104287e-07, 4.28278099207e-06, 7.68820154917e-06, 1.13782180051e-05, 1.87016466953e-05, 3.0747603887e-05, 5.45735674677e-05, 8.44066453283e-05, 9.97832685243e-05, 0.000150692896568, 0.000180740084033, 0.000195638349396, 0.000223495051614, 0.000192492792848, 0.000148302788148, 0.000100441262475, 9.99349285848e-05, 9.2994167062e-05, 7.74089057813e-05, 6.43210005364e-05, 4.45176629e-05, 2.88404171442e-05, 2.17901852011e-05, 1.70167004399e-05, 8.58275870996e-06, 4.81012830278e-06, 2.49376944339e-06, 1.44361797538e-06, 6.57588145714e-07, 3.12480580078e-07, 1.63200382985e-07, 1.06389947518e-07, 7.54469979825e-08, 5.52689449762e-08, 5.17571798753e-08, 3.57314959842e-08, 3.09971035506e-08, 2.48860665408e-08, 1.99870626716e-08],
        "median": [1.03246759409e-06, 3.35013936592e-07, 1.47802256834e-06, 3.69954886992e-06, 4.43701082986e-06, 5.71858572584e-06, 1.18435982586e-05, 2.91035212285e-05, 3.75962190446e-05, 5.33209640707e-05, 8.40296270326e-05, 0.000109619330033, 0.000126978615299, 0.000148457125761, 0.000125034173834, 9.81332486845e-05, 6.3307074015e-05, 4.90495149279e-05, 4.13765956182e-05, 3.4809949284e-05, 2.89704712486e-05, 2.2374362743e-05, 1.29406589622e-05, 8.37006064103e-06, 6.92981029715e-06, 3.39286498274e-06, 1.67106509252e-06, 7.49112587073e-07, 3.85511810919e-07, 1.71103550883e-07, 9.50298186808e-08, 5.67522882022e-08, 4.57517614905e-08, 3.07182972392e-08, 2.35827251061e-08, 2.04384669189e-08, 1.46214826913e-08, 1.24593571016e-08, 1.24455992179e-08, 9.73152136652e-09],
        "min": [4.94431446896e-08, 6.0241895028e-08, 8.78595756149e-08, 6.62111432348e-08, 1.7486904369e-07, 2.39692042214e-07, 3.4437724139e-07, 4.67311537022e-07, 1.15961483971e-06, 1.73967748651e-06, 2.45942806032e-06, 2.22510743697e-06, 1.77169147264e-06, 4.04520051234e-06, 3.39668508786e-06, 2.28431190408e-06, 7.34059540264e-07, 1.61153536737e-06, 8.60314628426e-07, 1.11580834528e-06, 9.53565745476e-07, 5.89936632878e-07, 2.83937595214e-07, 1.85144145348e-07, 1.03191950984e-07, 3.89190120131e-08, 2.24695799744e-08, 8.36701108398e-09, 5.54022294708e-09, 4.45084991085e-09, 3.50454132381e-09, 2.16418394317e-09, 1.16577913989e-09, 1.31845168116e-09, 1.36723066202e-09, 1.86631066157e-09, 1.22633581068e-09, 1.05301245501e-09, 8.90134854714e-10, 1.19030507673e-09],
        "var": [3.14445583287e-12, 9.74063386373e-13, 8.36714794672e-11, 1.24501561838e-10, 4.14182410591e-10, 2.08366612853e-09, 2.97444002761e-09, 4.93514029642e-09, 1.4813498872e-08, 1.5161742084e-08, 3.27943610046e-08, 4.76116497339e-08, 5.15202494e-08, 8.91192826202e-08, 6.4275681666e-08, 2.53826542007e-08, 1.48094123631e-08, 1.82158768069e-08, 2.18959179676e-08, 1.07286064477e-08, 8.68947402921e-09, 4.38394920366e-09, 2.85647727694e-09, 1.68033220671e-09, 7.99925736761e-10, 1.88390317235e-10, 1.11532491576e-10, 6.01853428206e-11, 2.12699025059e-11, 5.83258615017e-12, 8.93625451415e-13, 1.09491510639e-13, 3.69817091989e-14, 1.51252471106e-14, 8.7985572807e-15, 2.00701492237e-14, 2.85169608264e-15, 2.3101862254e-15, 1.25338821573e-15, 8.97188415039e-16]
    },
    "mfcc": {
        "mean": [-710.582580566, 122.637435913, -110.733398438, -29.9882526398, -13.2547073364, -15.7327127457, -0.132637441158, 1.68555510044, -4.38517856598, -1.44906759262, -2.83425712585, -0.605666041374, 0.0303625259548],
        "cov": [[3354.83105469, -572.633850098, -497.654083252, 194.578460693, -234.125549316, -233.469268799, -272.322021484, -232.493347168, -120.428497314, -47.1385040283, -153.825897217, -114.430519104, -64.082359314], [-572.633850098, 305.103485107, 104.037391663, -34.6775169373, 20.565120697, -3.70939946175, 22.2577953339, 7.98305892944, 16.998840332, 4.85759735107, 14.7028179169, -2.84013199806, 3.52204942703], [-497.654083252, 104.037391663, 223.186340332, 12.794095993, 30.5782222748, 24.5461597443, 8.99108791351, 21.6942462921, 1.75345277786, 5.71305704117, 27.7113075256, 16.7391052246, 3.27467656136], [194.578460693, -34.6775169373, 12.794095993, 149.253219604, 16.5507144928, -26.8285179138, -37.5148124695, -24.9467716217, -22.336139679, -1.56117117405, -8.50308799744, -13.4621105194, -2.53902173042], [-234.125549316, 20.565120697, 30.5782222748, 16.5507144928, 89.5566177368, 52.1165885925, 38.6821670532, 16.586315155, -0.926893651485, -16.2015380859, 6.12056303024, 11.7763366699, 5.57714557648], [-233.469268799, -3.70939946175, 24.5461597443, -26.8285179138, 52.1165885925, 123.054908752, 71.5412826538, 41.5676879883, 6.76003408432, -21.676322937, 0.433024555445, 14.1035671234, -7.29046058655], [-272.322021484, 22.2577953339, 8.99108791351, -37.5148124695, 38.6821670532, 71.5412826538, 100.070243835, 41.733417511, 14.31112957, -9.81312274933, -3.03096413612, 6.8762793541, -2.34935617447], [-232.493347168, 7.98305892944, 21.6942462921, -24.9467716217, 16.586315155, 41.5676879883, 41.733417511, 81.7504501343, 28.0274295807, 12.014705658, 11.6179876328, 2.8878557682, 2.5930826664], [-120.428497314, 16.998840332, 1.75345277786, -22.336139679, -0.926893651485, 6.76003408432, 14.31112957, 28.0274295807, 48.3388977051, 16.4253559113, 6.42989587784, 4.9650053978, 5.07467651367], [-47.1385040283, 4.85759735107, 5.71305704117, -1.56117117405, -16.2015380859, -21.676322937, -9.81312274933, 12.014705658, 16.4253559113, 47.8959541321, 20.3273277283, 7.02524900436, 9.4310503006], [-153.825897217, 14.7028179169, 27.7113075256, -8.50308799744, 6.12056303024, 0.433024555445, -3.03096413612, 11.6179876328, 6.42989587784, 20.3273277283, 52.9670715332, 28.2509746552, 15.1988620758], [-114.430519104, -2.84013199806, 16.7391052246, -13.4621105194, 11.7763366699, 14.1035671234, 6.8762793541, 2.8878557682, 4.9650053978, 7.02524900436, 28.2509746552, 56.7621574402, 24.8941555023], [-64.082359314, 3.52204942703, 3.27467656136, -2.53902173042, 5.57714557648, -7.29046058655, -2.34935617447, 2.5930826664, 5.07467651367, 9.4310503006, 15.1988620758, 24.8941555023, 48.379776001]],
