{
"lowlevel": {
    "average_loudness": 0.945099294186,
    "barkbands_crest": {
        "dmean": 1.84625589848,
        "dmean2": 2.42352771759,
        "dvar": 3.39125323296,
        "dvar2": 7.05657911301,
        "max": 25.571931839,
        "mean": 15.2438297272,
        "median": 15.2626218796,
        "min": 4.58019447327,
        "var": 37.505115509
    },
    "barkbands_flatness_db": {
        "dmean": 0.0155323380604,
        "dmean2": 0.0206792745739,
        "dvar": 0.000242516864091,
        "dvar2": 0.000309220078634,
        "max": 0.400056272745,
        "mean": 0.222293958068,
        "median": 0.227852508426,
        "min": 0.0802933126688,
        "var": 0.00791353546083
    },
    "barkbands_kurtosis": {
        "dmean": 4.45269393921,
        "dmean2": 5.90645265579,
        "dvar": 35.9352645874,
        "dvar2": 66.9463119507,
        "max": 99.9856872559,
        "mean": 12.6881113052,
        "median": 8.77749919891,
        "min": -1.29126918316,
        "var": 210.442626953
    },
    "barkbands_skewness": {
        "dmean": 0.540358841419,
        "dmean2": 0.721742749214,
        "dvar": 0.294211238623,
        "dvar2": 0.591154396534,
        "max": 6.58498859406,
        "mean": 2.1263282299,
        "median": 1.98032784462,
        "min": -2.40480089188,
        "var": 2.07255315781
    },
    "barkbands_spread": {
        "dmean": 2.09346342087,
        "dmean2": 3.06528925896,
        "dvar": 10.9186210632,
        "dvar2": 27.3219718933,
        "max": 33.9742889404,
        "mean": 8.16682624817,
        "median": 6.26426649094,
        "min": 0.340533792973,
        "var": 48.45470047
    },
    "dissonance": {
        "dmean": 0.0312269590795,
        "dmean2": 0.0519305951893,
        "dvar": 0.000990536645986,
        "dvar2": 0.00239861267619,
        "max": 0.499619036913,
        "mean": 0.424776941538,
        "median": 0.430944472551,
        "min": 0.265254735947,
        "var": 0.00246472307481
    },
    "dynamic_complexity": 14.8597106934,
    "erbbands_crest": {
        "dmean": 2.00872445107,
        "dmean2": 2.63175559044,
        "dvar": 4.12675046921,
        "dvar2": 9.8506526947,
        "max": 31.732509613,
        "mean": 18.1886634827,
        "median": 18.4727191925,
        "min": 6.45296239853,
        "var": 50.7441864014
    },
    "erbbands_flatness_db": {
        "dmean": 0.0140875019133,
        "dmean2": 0.0177204590291,
        "dvar": 0.000154246445163,
        "dvar2": 0.00025713533978,
        "max": 0.487437725067,
        "mean": 0.298444986343,
        "median": 0.305917531252,
        "min": 0.128415212035,
        "var": 0.00848741736263
    },
    "erbbands_kurtosis": {
        "dmean": 3.2122130394,
        "dmean2": 4.18823194504,
        "dvar": 19.776676178,
        "dvar2": 35.9680976868,
        "max": 78.6760177612,
        "mean": 10.7464675903,
        "median": 9.01841926575,
        "min": -0.955715894699,
        "var": 110.558647156
    },
    "erbbands_skewness": {
        "dmean": 0.367375671864,
        "dmean2": 0.466581702232,
        "dvar": 0.109092026949,
        "dvar2": 0.15618146956,
        "max": 6.17764234543,
        "mean": 2.42546534538,
        "median": 2.24174118042,
        "min": 0.838349401951,
        "var": 1.02806544304
    },
    "erbbands_spread": {
        "dmean": 1.72022521496,
        "dmean2": 2.23583769798,
        "dvar": 3.7383210659,
        "dvar2": 7.66837024689,
        "max": 25.0172157288,
        "mean": 9.65565109253,
        "median": 9.47510051727,
        "min": 0.702356338501,
        "var": 27.0661468506
    },
    "hfc": {
        "dmean": 1.56616842747,
        "dmean2": 1.21422040462,
        "dvar": 11.680024147,
        "dvar2": 8.46004772186,
        "max": 62.2972679138,
        "mean": 8.8407459259,
        "median": 0.223294958472,
        "min": 0.000483632698888,
        "var": 198.27746582
    },
    "melbands_crest": {
        "dmean": 1.89925146103,
        "dmean2": 2.62961554527,
        "dvar": 2.98785543442,
        "dvar2": 8.40791511536,
        "max": 32.757976532,
        "mean": 17.6568069458,
        "median": 16.5055942535,
        "min": 6.16839790344,
        "var": 52.7790756226
    },
    "melbands_flatness_db": {
        "dmean": 0.0140229510143,
        "dmean2": 0.0173178631812,
        "dvar": 0.000168182246853,
        "dvar2": 0.000279969710391,
        "max": 0.428668528795,
        "mean": 0.253302246332,
        "median": 0.253064125776,
        "min": 0.124136544764,
        "var": 0.00507814576849
    },
    "melbands_kurtosis": {
        "dmean": 5.26729106903,
        "dmean2": 7.23272848129,
        "dvar": 39.2808837891,
        "dvar2": 56.1070823669,
        "max": 79.4655761719,
        "mean": 16.6172180176,
        "median": 11.0387077332,
        "min": -1.36689281464,
        "var": 256.906402588
    },
    "melbands_skewness": {
        "dmean": 0.516828000546,
        "dmean2": 0.680938839912,
        "dvar": 0.214953973889,
        "dvar2": 0.361986428499,
        "max": 7.50343561172,
        "mean": 2.12099885941,
        "median": 2.04407739639,
        "min": -2.06056809425,
        "var": 3.29994153976
    },
    "melbands_spread": {
        "dmean": 1.63698530197,
        "dmean2": 2.18808865547,
        "dvar": 4.9189286232,
        "dvar2": 8.82963371277,
        "max": 35.6920127869,
        "mean": 8.28307628632,
        "median": 7.62283229828,
        "min": 0.619317471981,
        "var": 33.1807518005
    },
    "pitch_salience": {
        "dmean": 0.0519089624286,
        "dmean2": 0.0683674588799,
        "dvar": 0.00246104062535,
        "dvar2": 0.0050345165655,
        "max": 0.768895924091,
        "mean": 0.499339640141,
        "median": 0.51867878437,
        "min": 0.136240005493,
        "var": 0.0343980267644
    },
    "silence_rate_20dB": {
        "dmean": 0,
        "dmean2": 0,
        "dvar": 0,
        "dvar2": 0,
        "max": 1,
        "mean": 1,
        "median": 1,
        "min": 1,
        "var": 0
    },
    "silence_rate_30dB": {
        "dmean": 0,
        "dmean2": 0,
        "dvar": 0,
        "dvar2": 0,
        "max": 1,
        "mean": 1,
        "median": 1,
        "min": 1,
        "var": 0
    },
    "silence_rate_60dB": {
        "dmean": 0.0133333336562,
        "dmean2": 0.0268456377089,
        "dvar": 0.0131555600092,
        "dvar2": 0.0261249728501,
        "max": 1,
        "mean": 0.615894019604,
        "median": 1,
        "min": 0,
        "var": 0.236568659544
    },
    "spectral_centroid": {
        "dmean": 62.2377357483,
        "dmean2": 85.4551925659,
        "dvar": 4044.625,
        "dvar2": 6762.91503906,
        "max": 1801.78503418,
        "mean": 1102.69604492,
        "median": 1069.80517578,
        "min": 731.253662109,
        "var": 46421.1953125
    },
    "spectral_complexity": {
        "dmean": 0.626666665077,
        "dmean2": 1.00671136379,
        "dvar": 1.30062270164,
        "dvar2": 3.26840877533,
        "max": 20,
        "mean": 3.76821184158,
        "median": 1,
        "min": 0,
        "var": 25.6879920959
    },
    "spectral_decrease": {
        "dmean": 4.34286551165e-10,
        "dmean2": 3.58861190763e-10,
        "dvar": 1.27317230721e-18,
        "dvar2": 9.59109923196e-19,
        "max": -1.85743185156e-13,
        "mean": -2.32793806454e-09,
        "median": -6.19605269869e-11,
        "min": -2.07168096011e-08,
        "var": 1.65291994561e-17
    },
    "spectral_energy": {
        "dmean": 0.00178007211071,
        "dmean2": 0.0014612285886,
        "dvar": 2.07978573599e-05,
        "dvar2": 1.56181868078e-05,
        "max": 0.0838403329253,
        "mean": 0.00958803389221,
        "median": 0.000254106824286,
        "min": 7.44904696148e-07,
        "var": 0.000275672035059
    },
    "spectral_energyband_high": {
        "dmean": 1.14192553156e-05,
        "dmean2": 1.52784868988e-05,
        "dvar": 6.42126907202e-10,
        "dvar2": 1.2316614395e-09,
        "max": 0.000476239511045,
        "mean": 5.25328177901e-05,
        "median": 1.79995492999e-06,
        "min": 7.58360840791e-09,
        "var": 1.08375717289e-08
    },
    "spectral_energyband_low": {
        "dmean": 8.01599583156e-07,
        "dmean2": 1.17071522254e-06,
        "dvar": 6.96750643292e-12,
        "dvar2": 1.47894387709e-11,
        "max": 2.14100145968e-05,
        "mean": 1.11099723199e-06,
        "median": 1.47683437035e-07,
        "min": 1.11527578284e-08,
        "var": 1.26210561099e-11
    },
    "spectral_energyband_middle_high": {
        "dmean": 0.000608770933468,
        "dmean2": 0.000503690389451,
        "dvar": 1.49864024479e-06,
        "dvar2": 8.21844139409e-07,
        "max": 0.0281537529081,
        "mean": 0.00378724280745,
        "median": 0.000187219804502,
        "min": 1.1692746682e-07,
        "var": 3.66572930943e-05
    },
    "spectral_energyband_middle_low": {
        "dmean": 0.00129618076608,
        "dmean2": 0.00115172122605,
        "dvar": 1.9219594833e-05,
        "dvar2": 1.52635184349e-05,
        "max": 0.0792844966054,
        "mean": 0.00579913938418,
        "median": 4.73720756418e-05,
        "min": 6.53282583585e-08,
        "var": 0.0002101828577
    },
    "spectral_entropy": {
        "dmean": 0.110634967685,
        "dmean2": 0.133998543024,
        "dvar": 0.00840832665563,
        "dvar2": 0.0157889015973,
        "max": 8.02198314667,
        "mean": 7.12851238251,
        "median": 7.3023314476,
        "min": 5.60214328766,
        "var": 0.345529288054
    },
    "spectral_flux": {
        "dmean": 0.0033526646439,
        "dmean2": 0.00547656277195,
        "dvar": 4.48883802164e-05,
        "dvar2": 9.21458777157e-05,
        "max": 0.0859766378999,
        "mean": 0.0133646130562,
        "median": 0.00588935473934,
        "min": 0.00056004349608,
        "var": 0.000232905789744
    },
    "spectral_kurtosis": {
        "dmean": 2.1004114151,
        "dmean2": 3.76314663887,
        "dvar": 6.88324928284,
        "dvar2": 19.0844211578,
        "max": 29.730381012,
        "mean": 9.42966938019,
        "median": 7.61024188995,
        "min": 3.31737947464,
        "var": 30.5569610596
    },
    "spectral_rms": {
        "dmean": 0.000196744163986,
        "dmean2": 0.000151273052325,
        "dvar": 1.29010956584e-07,
        "dvar2": 7.84100322448e-08,
        "max": 0.00904408376664,
        "mean": 0.00196279073134,
        "median": 0.000497904722579,
        "min": 2.69580468739e-05,
        "var": 5.5016321312e-06
    },
    "spectral_rolloff": {
        "dmean": 112.690429688,
        "dmean2": 183.827072144,
        "dvar": 32521.9199219,
        "dvar2": 61600.9609375,
        "max": 2777.78320312,
        "mean": 1149.9588623,
        "median": 968.994140625,
        "min": 689.0625,
        "var": 119390.71875
    },
    "spectral_skewness": {
        "dmean": 0.220870539546,
        "dmean2": 0.383564591408,
        "dvar": 0.0528977736831,
        "dvar2": 0.138752266765,
        "max": 4.54796981812,
        "mean": 2.37220883369,
        "median": 2.28726315498,
        "min": 1.39182066917,
        "var": 0.406603127718
    },
    "spectral_spread": {
        "dmean": 306132.21875,
        "dmean2": 444218.9375,
        "dvar": 353943748608,
        "dvar2": 242196119552,
        "max": 12397146,
        "mean": 4324811,
        "median": 3929320,
        "min": 2111295,
        "var": 2.48314881638e+12
    },
    "spectral_strongpeak": {
        "dmean": 0.213683754206,
        "dmean2": 0.191105976701,
        "dvar": 0.113107830286,
        "dvar2": 0.0890356525779,
        "max": 7.28521299362,
        "mean": 1.65259480476,
        "median": 0.464000403881,
        "min": 0,
        "var": 3.95480728149
    },
    "zerocrossingrate": {
        "dmean": 0.00613932311535,
        "dmean2": 0.00688837049529,
        "dvar": 0.000104905331682,
        "dvar2": 0.000115426970297,
        "max": 0.21826171875,
        "mean": 0.0617756620049,
        "median": 0.05126953125,
        "min": 0.0087890625,
        "var": 0.00114052754361
    },
    "barkbands": {
        "dmean": [3.18194270221e-06, 3.88609535662e-08, 1.34908288985e-08, 3.87653180667e-08, 8.54400468597e-07, 6.63287391944e-06, 2.26131214731e-06, 6.06740104558e-06, 0.00129326747265, 7.10791937308e-05, 0.000442896183813, 2.82360542769e-05, 8.93991891644e-05, 3.81328463845e-05, 0.000119502656162, 2.62264620687e-05, 2.10687849176e-05, 5.98865917709e-05, 1.87901769095e-05, 8.89811508387e-06, 5.07939012095e-06, 1.99061400963e-06, 1.03916079297e-06, 1.28680017042e-06, 9.99600274554e-07, 1.84228483135e-07, 1.7183921841e-08],
        "dmean2": [4.47358661404e-06, 6.65488641971e-08, 2.41139481716e-08, 7.13046972578e-08, 1.45940271068e-06, 1.2444242202e-05, 3.94322660213e-06, 1.08092899609e-05, 0.0011456910288, 6.5448373789e-05, 0.000306714762701, 5.0029160775e-05, 0.000124144746223, 4.60903465864e-05, 0.000143261277117, 4.17793235101e-05, 3.11569092446e-05, 5.46638038941e-05, 2.88309802272e-05, 1.50129399117e-05, 7.01736780684e-06, 2.81697543869e-06, 1.65459960044e-06, 1.8245721094e-06, 1.53478595166e-06, 2.38036207634e-07, 2.77720406672e-08],
        "dvar": [1.15075983464e-10, 5.41781416008e-15, 2.11311228411e-16, 6.55357776917e-15, 7.86743760417e-12, 4.02378796949e-10, 2.4136206922e-11, 1.05810034345e-10, 1.91982890101e-05, 1.73731322661e-08, 8.84347457486e-07, 4.28981872247e-09, 6.26658476222e-08, 1.01741122194e-08, 7.6283100725e-08, 4.05080946564e-09, 4.27972723926e-09, 3.70131374439e-08, 2.80615397585e-09, 4.59416171772e-10, 9.76343866865e-11, 1.7101457403e-11, 6.21668341805e-12, 7.61110358766e-12, 6.45352087741e-12, 1.81739741529e-13, 6.54647836252e-16],
        "dvar2": [2.45011955169e-10, 1.32620439831e-14, 6.44027101885e-16, 2.00013599839e-14, 2.18984986394e-11, 1.24997190376e-09, 6.61407248415e-11, 3.13150783082e-10, 1.52254751811e-05, 1.91908409164e-08, 3.88188539091e-07, 1.44334029173e-08, 1.1011353962e-07, 1.7315889167e-08, 1.09071258692e-07, 1.157666496e-08, 9.85620562943e-09, 2.20716209753e-08, 6.63180399485e-09, 1.25274657314e-09, 1.90343976691e-10, 3.75960616805e-11, 1.66896340498e-11, 1.67374256815e-11, 1.49002771926e-11, 3.58104659207e-13, 1.68300195015e-15],
        "max": [7.90713675087e-05, 8.8963372491e-07, 1.14915785332e-07, 5.59339468964e-07, 2.39305081777e-05, 0.0001522283128, 4.43673488917e-05, 0.000102572055766, 0.0790429636836, 0.00306554301642, 0.02184962295, 0.000546909752302, 0.00283097056672, 0.00179884873796, 0.00334593676962, 0.000567862764001, 0.00102376635186, 0.00334215303883, 0.00073691632133, 0.000231999190873, 0.000142747609061, 6.90868473612e-05, 3.3832508052e-05, 4.65071025246e-05, 4.4456894102e-05, 9.33085630095e-06, 4.93533661938e-07],
        "mean": [3.77426295017e-06, 6.33097911873e-08, 1.56745176838e-08, 3.58087355323e-08, 1.13392434287e-06, 7.64167452871e-06, 3.36177504323e-06, 8.83897882886e-06, 0.00571941910312, 0.000289599323878, 0.00240014400333, 4.942851956e-05, 0.000241429152084, 0.000126551953144, 0.000371183559764, 4.96609318361e-05, 4.82164105051e-05, 0.000149550032802, 5.53213321837e-05, 2.70075524895e-05, 1.54289609782e-05, 6.93684978614e-06, 3.78797926714e-06, 4.56057841802e-06, 4.04117690778e-06, 7.89892908415e-07, 1.02530698598e-07],
        "median": [2.41563299141e-07, 3.04982528121e-08, 9.21880971561e-09, 1.53176742401e-08, 1.40954099948e-07, 4.12098387415e-07, 8.13215478956e-07, 4.10856227973e-06, 3.4880496969e-05, 1.17363033496e-05, 0.000119726500998, 6.07521815255e-06, 2.70067016572e-06, 2.08424057746e-06, 9.63238335316e-07, 7.10585538855e-07, 4.11333530792e-07, 5.45982913991e-07, 6.24540689387e-07, 3.05566231873e-07, 2.76106732144e-07, 9.42571034557e-08, 1.56331410039e-07, 2.55159903872e-07, 2.99608871046e-07, 5.31405213167e-08, 6.71339179803e-08],
        "min": [2.16319362423e-09, 1.82560411233e-09, 4.58579896279e-10, 1.16008896933e-10, 5.48058443073e-09, 4.67890970413e-09, 4.67429028816e-09, 2.76152722911e-09, 1.26290693458e-08, 1.52404489029e-08, 1.6950203019e-08, 4.39675762465e-09, 3.76218078912e-09, 3.8650083134e-09, 1.6224486199e-09, 1.88442639271e-09, 1.20210241761e-09, 1.97743377228e-09, 2.27693153221e-09, 1.02182973194e-09, 7.37351346647e-10, 9.49843093068e-10, 5.69194857913e-10, 9.09984032571e-10, 1.0481647772e-09, 7.01043834095e-10, 2.2477681938e-09],
        "var": [1.82225678991e-10, 1.13732774012e-14, 2.85803289494e-16, 4.9136402446e-15, 9.0851909329e-12, 4.16889550658e-10, 4.7972154027e-11, 2.05908887163e-10, 0.000209237914532, 3.18691689927e-07, 2.04705647775e-05, 8.91884255338e-09, 3.71688429368e-07, 9.13992366236e-08, 5.10827646849e-07, 1.14523146522e-08, 1.40276430471e-08, 2.1786347304e-07, 1.57131125889e-08, 3.01396196889e-09, 8.22056145378e-10, 1.89418522534e-10, 5.75179764928e-11, 8.03649230496e-11, 7.45060957374e-11, 2.97874268654e-12, 7.97712844538e-15]
    },
    "erbbands": {
        "dmean": [8.81446794665e-06, 4.18170839112e-06, 1.16458477351e-05, 6.89179796609e-05, 0.000715724891052, 0.00360458088107, 0.0290345605463, 0.0627551004291, 0.0220350585878, 0.0987290516496, 2.90638971329, 41.3495178223, 4.53949975967, 16.7068481445, 4.21441841125, 1.1979393959, 4.97189712524, 1.26799297333, 2.91160392761, 4.43618059158, 1.07474660873, 1.60494673252, 3.89439249039, 1.00007009506, 0.934494018555, 0.460171401501, 0.274172544479, 0.107644230127, 0.0633933469653, 0.0437189228833, 0.0296190809458, 0.0255072787404, 0.0230232272297, 0.0138114010915, 0.00667698634788, 0.00159640249331, 0.000159589078976, 1.66781173903e-05, 3.42531052411e-06, 2.21204595618e-06],
        "dmean2": [1.32996065076e-05, 6.80469520375e-06, 2.0187588234e-05, 0.000121340992337, 0.00119601865299, 0.0059954742901, 0.0551093183458, 0.116392493248, 0.0386610291898, 0.145573690534, 2.47566866875, 36.6698875427, 3.91531872749, 12.2193384171, 3.16022086143, 2.01177072525, 6.90493345261, 1.65081632137, 3.66264486313, 5.70253276825, 1.81380033493, 1.94983029366, 3.62513685226, 1.6064196825, 1.36099588871, 0.754938602448, 0.379110783339, 0.135241433978, 0.0916971936822, 0.0682432204485, 0.043491512537, 0.0358766280115, 0.0319677144289, 0.0212415773422, 0.0100964913145, 0.00208300724626, 0.000204778290936, 2.26211577683e-05, 4.94129062645e-06, 1.79945209311e-06],
        "dvar": [7.3559103253e-10, 2.05180143709e-11, 1.31996191755e-10, 1.56628239267e-08, 3.12782776746e-06, 0.000169247097801, 0.00949459150434, 0.0318924039602, 0.00193850242067, 0.0412151925266, 96.8003997803, 19676.6386719, 136.419876099, 1398.02624512, 68.4960708618, 8.3245716095, 195.057128906, 12.8665752411, 41.5491905212, 87.7752914429, 7.51255512238, 17.7247028351, 169.462249756, 7.05020332336, 4.91643190384, 1.33385503292, 0.259959518909, 0.0495711527765, 0.0162965133786, 0.0135357202962, 0.0049233562313, 0.00296323234215, 0.00260542496108, 0.00130275439005, 0.000268532225164, 1.25441401906e-05, 1.28156059986e-07, 1.10239417594e-09, 2.94059637751e-11, 2.76652711156e-11],
        "dvar2": [1.61325952597e-09, 5.10856912328e-11, 3.70171615582e-10, 4.57853950309e-08, 8.42837380333e-06, 0.000456852110801, 0.0289199724793, 0.0989254936576, 0.00574669381604, 0.0665267407894, 75.656036377, 15574.1025391, 110.604995728, 605.755981445, 37.4863700867, 26.6560325623, 340.489776611, 19.2891578674, 65.1344833374, 133.675491333, 23.2167320251, 35.8562240601, 99.0362091064, 20.7311820984, 10.7246007919, 3.29545044899, 0.574285805225, 0.0838762894273, 0.0308625716716, 0.0368560887873, 0.0129597783089, 0.00748339667916, 0.0054792817682, 0.00292057148181, 0.000626637542155, 2.62333378487e-05, 2.93807630669e-07, 1.91693372287e-09, 5.67518046446e-11, 2.05012361254e-11],
        "max": [0.000243112372118, 3.55545125785e-05, 8.21613357402e-05, 0.000810720783193, 0.01383669395, 0.111504159868, 0.892357110977, 1.43331992626, 0.49701243639, 3.55274868011, 182.249298096, 2524.60839844, 206.603042603, 842.038024902, 191.133560181, 29.3323783875, 159.58241272, 66.6646499634, 77.3852310181, 107.205764771, 27.8398017883, 67.3913650513, 226.287536621, 34.0627708435, 29.1856136322, 14.4150514603, 7.19748497009, 4.69699716568, 2.17147064209, 1.56492269039, 1.04941964149, 0.867474913597, 0.789216458797, 0.534682154655, 0.265269607306, 0.0834456309676, 0.00746535882354, 0.00071774458047, 0.000116869850899, 0.000100070486951],
        "mean": [1.26310696942e-05, 6.79797767589e-06, 1.65591045516e-05, 8.37424813653e-05, 0.000855217222124, 0.00480664242059, 0.0306996125728, 0.0686650797725, 0.0475904159248, 0.354125261307, 13.0796766281, 183.047851562, 21.6164684296, 91.2800292969, 22.5334205627, 3.31495213509, 13.7162208557, 5.93531751633, 10.4432821274, 14.0597143173, 2.60029459, 3.88179159164, 9.56270885468, 2.55010104179, 2.55856823921, 1.4530030489, 0.856206715107, 0.459309101105, 0.266968369484, 0.133355632424, 0.110237844288, 0.0904248058796, 0.0791509672999, 0.0495191812515, 0.0264952890575, 0.00701464153826, 0.000772261992097, 8.91842282726e-05, 1.97127301362e-05, 1.29329937408e-05],
        "median": [2.55213444689e-06, 4.74977059639e-06, 1.05064491436e-05, 4.19286734541e-05, 0.000211823848076, 0.000551577424631, 0.00101532333065, 0.00388132873923, 0.00625733006746, 0.0669996216893, 0.220187544823, 1.06836485863, 0.617252886295, 4.51129388809, 1.59171307087, 0.408540010452, 0.170414686203, 0.130525752902, 0.0625838339329, 0.0509557388723, 0.0402123294771, 0.026733379811, 0.0312300864607, 0.0319005511701, 0.0292451754212, 0.0152048198506, 0.0130706140772, 0.00658974191174, 0.00363438646309, 0.00384675851092, 0.00378382019699, 0.00413648597896, 0.00483945477754, 0.00433608703315, 0.0017392806476, 0.000490450591315, 5.66496892134e-05, 1.91178423847e-05, 8.25395181892e-06, 1.55576333327e-06],
        "min": [1.56070854018e-07, 1.72965130218e-07, 8.16850217689e-07, 4.42249256594e-06, 1.18252992252e-05, 1.3182208022e-05, 3.43583560607e-05, 6.48244022159e-05, 7.49801256461e-05, 7.06368591636e-05, 7.24524652469e-05, 0.000305023160763, 0.000635483593214, 0.00133398885373, 0.00042686611414, 0.000276783946902, 0.00029752071714, 0.000428446306614, 0.000151259067934, 8.95293414942e-05, 0.000106444880657, 7.08914085408e-05, 0.000125072168885, 0.000125756079797, 9.06839923118e-05, 4.66117162432e-05, 4.41365591541e-05, 2.26310276048e-05, 2.80107360595e-05, 2.40871286223e-05, 1.72718646354e-05, 2.00487247639e-05, 1.44231580634e-05, 1.23042718769e-05, 6.67635276841e-06, 2.53642588177e-06, 1.37762845043e-06, 8.01115390914e-07, 2.38801845853e-07, 3.99258652806e-08],
        "var": [1.3863004078e-09, 4.06667303998e-11, 2.50564985427e-10, 1.7415768383e-08, 3.77228434445e-06, 0.000191946412087, 0.00831570476294, 0.0343725644052, 0.00866074301302, 0.528550863266, 1043.00244141, 214650.375, 1628.77502441, 30519.84375, 1652.00170898, 31.9974994659, 1183.92382812, 174.921463013, 310.52166748, 638.303344727, 22.374124527, 75.3467712402, 999.915588379, 29.558259964, 29.530412674, 9.41170310974, 2.4104681015, 0.883156597614, 0.266169905663, 0.0790255591273, 0.0498461052775, 0.0308619849384, 0.024637747556, 0.01119803451, 0.00318623217754, 0.000231456127949, 2.64435652753e-06, 2.52968455072e-08, 6.01610927742e-10, 4.10242118054e-10]
    },
    "gfcc": {
        "mean": [-268.795227051, 18.7569160461, -183.722595215, -57.2857170105, -78.7447967529, 10.2003450394, -13.7204732895, 24.1440067291, -18.8506832123, -5.43875837326, -11.7625236511, -6.75469684601, 4.25997066498],
        "cov": [[17581.5527344, -2524.75048828, -6883.33056641, -82.4539718628, -1734.28295898, -596.754943848, -908.965209961, 520.527160645, -101.118736267, -310.759246826, -1149.03198242, -457.197387695, 468.94744873], [-2524.75048828, 600.003051758, 984.458312988, -86.6894226074, 271.134307861, 93.4882125854, 174.296890259, -114.544387817, 14.8225717545, 58.7929954529, 186.454986572, 70.3230209351, -28.4748363495], [-6883.33056641, 984.458312988, 3211.99926758, 88.8379211426, 478.394989014, 137.09715271, 143.745315552, -284.790405273, -20.7588176727, 304.786407471, 499.635742188, 86.3041610718, -400.402252197], [-82.4539718628, -86.6894226074, 88.8379211426, 291.490325928, 65.8666534424, -55.9185142517, -2.66554188728, -9.61229991913, -0.699926018715, 23.088640213, 32.9660186768, 80.2109146118, 14.5423612595], [-1734.28295898, 271.134307861, 478.394989014, 65.8666534424, 362.081298828, 110.280647278, 223.399017334, -11.2624530792, 57.8472061157, -50.6181106567, 101.392997742, 107.204856873, 60.9658546448], [-596.754943848, 93.4882125854, 137.09715271, -55.9185142517, 110.280647278, 142.026535034, 87.7227249146, 15.5042171478, 3.92806887627, -22.5981884003, 29.8311271667, 19.0201644897, 18.4479560852], [-908.965209961, 174.296890259, 143.745315552, -2.66554188728, 223.399017334, 87.7227249146, 225.773208618, 31.4393386841, 66.888381958, -62.1629829407, 54.4316520691, 75.1530761719, 82.2730636597], [520.527160645, -114.544387817, -284.790405273, -9.61229991913, -11.2624530792, 15.5042171478, 31.4393386841, 89.0181121826, 40.4368591309, -33.919467926, -40.7857933044, -10.1828804016, 30.4050064087], [-101.118736267, 14.8225717545, -20.7588176727, -0.699926018715, 57.8472061157, 3.92806887627, 66.888381958, 40.4368591309, 76.123878479, -0.0100422035903, 1.57606434822, -1.69684004784, 17.3341503143], [-310.759246826, 58.7929954529, 304.786407471, 23.088640213, -50.6181106567, -22.5981884003, -62.1629829407, -33.919467926, -0.0100422035903, 122.96333313, 57.7846870422, -29.6851406097, -86.4837875366], [-1149.03198242, 186.454986572, 499.635742188, 32.9660186768, 101.392997742, 29.8311271667, 54.4316520691, -40.7857933044, 1.57606434822, 57.7846870422, 124.785392761, 60.8071479797, -29.372220993], [-457.197387695, 70.3230209351, 86.3041610718, 80.2109146118, 107.204856873, 19.0201644897, 75.1530761719, -10.1828804016, -1.69684004784, -29.6851406097, 60.8071479797, 119.701683044, 80.9774169922], [468.94744873, -28.4748363495, -400.402252197, 14.5423612595, 60.9658546448, 18.4479560852, 82.2730636597, 30.4050064087, 17.3341503143, -86.4837875366, -29.372220993, 80.9774169922, 161.732757568]],
        "icov": [[0.00162640132476, -0.00045193938422, 0.00372459529899, -0.0011352985166, 0.00192285189405, 0.000331671646563, 0.000699485302903, 7.01771350577e-05, 0.000540534383617, -0.00220720330253, 0.000845785776619, -0.00028458199813, 0.00245393370278], [-0.00045193938422, 0.0107392100617, -0.0029660386499, 0.00650399457663, -0.00487288879231, 0.00305408565328, -0.00616039661691, 0.00632394570857, 0.0034397947602, -0.00629247305915, -0.000802708789706, 0.000642256462015, -0.00549408840016], [0.00372459529899, -0.0029660386499, 0.0118937129155, -0.00319284293801, 0.00269130524248, -0.000450525607448, 0.00222251517698, 0.00375058851205, -0.000572299875785, -0.00392728531733, -0.00302457762882, -0.00323385931551, 0.0146429985762], [-0.0011352985166, 0.00650399457663, -0.00319284293801, 0.0125015694648, -0.00917344354093, 0.00618998613209, -0.0037676342763, 0.000710937369149, 0.00530817406252, -0.0107383001596, 0.00836275331676, -0.0122939441353, 0.00130627583712], [0.00192285189405, -0.00487288879231, 0.00269130524248, -0.00917344354093, 0.0208542142063, -0.00766364112496, -0.00256455084309, 0.00302316900343, -0.0104765687138, 0.0107004744932, -0.00263172690757, 0.00283051491715, -0.00024666020181], [0.000331671646563, 0.00305408565328, -0.000450525607448, 0.00618998613209, -0.00766364112496, 0.0171742327511, -0.00544598093256, -0.00821209605783, 0.014514929615, -0.00939574185759, 0.00357719580643, 0.000673474743962, -0.00311929732561], [0.000699485302903, -0.00616039661691, 0.00222251517698, -0.0037676342763, -0.00256455084309, -0.00544598093256, 0.0267067011446, -0.00614269869402, -0.0139263411984, 0.0138782905415, -0.0124705191702, 0.00552844349295, -0.00423365831375], [7.01771350577e-05, 0.00632394570857, 0.00375058851205, 0.000710937369149, 0.00302316900343, -0.00821209605783, -0.00614269869402, 0.0384407229722, -0.0197263807058, 0.00510896649212, -0.00613656779751, -0.0049375151284, 0.0120303966105], [0.000540534383617, 0.0034397947602, -0.000572299875785, 0.00530817406252, -0.0104765687138, 0.014514929615, -0.0139263411984, -0.0197263807058, 0.0446546189487, -0.0233679208905, 0.0111822225153, 0.005436161533, -0.00774208223447], [-0.00220720330253, -0.00629247305915, -0.00392728531733, -0.0107383001596, 0.0107004744932, -0.00939574185759, 0.0138782905415, 0.00510896649212, -0.0233679208905, 0.0483577102423, -0.0366783216596, 0.0216399151832, -0.00358044076711], [0.000845785776619, -0.000802708789706, -0.00302457762882, 0.00836275331676, -0.00263172690757, 0.00357719580643, -0.0124705191702, -0.00613656779751, 0.0111822225153, -0.0366783216596, 0.0735034346581, -0.0453525930643, 0.0124925607815], [-0.00028458199813, 0.000642256462015, -0.00323385931551, -0.0122939441353, 0.00283051491715, 0.000673474743962, 0.00552844349295, -0.0049375151284, 0.005436161533, 0.0216399151832, -0.0453525930643, 0.0659750178456, -0.039270631969], [0.00245393370278, -0.00549408840016, 0.0146429985762, 0.00130627583712, -0.00024666020181, -0.00311929732561, -0.00423365831375, 0.0120303966105, -0.00774208223447, -0.00358044076711, 0.0124925607815, -0.039270631969, 0.0554217919707]]
    },
    "melbands": {
        "dmean": [1.55555596848e-07, 5.26569809978e-09, 2.38336195224e-08, 1.36946297857e-07, 8.29051316487e-07, 1.3183844203e-06, 3.73810848942e-07, 1.07360142465e-06, 4.41962401965e-05, 0.000244544236921, 8.90452611202e-06, 6.12041621935e-05, 2.96886173601e-05, 2.44603825195e-06, 5.40461269338e-06, 9.01688054e-06, 3.06512424686e-06, 3.15364218295e-06, 1.29330273921e-05, 1.97557801584e-06, 1.0868886875e-06, 1.36212440793e-06, 3.85867861041e-06, 2.09438508136e-06, 8.19529134333e-07, 9.40000347782e-07, 4.1129325723e-07, 3.64516694162e-07, 1.76669573193e-07, 1.70030176605e-07, 5.66748461495e-08, 5.27979011622e-08, 2.67110742413e-08, 2.655698772e-08, 1.93757223599e-08, 1.79584169757e-08, 1.74616587856e-08, 1.84921518098e-08, 1.45224205994e-08, 1.2240231051e-08],
        "dmean2": [2.27882068771e-07, 9.1651743972e-09, 4.17339514058e-08, 2.19583569105e-07, 1.56951000463e-06, 2.46018771577e-06, 6.51554785236e-07, 1.94433528122e-06, 3.66509448213e-05, 0.000219174005906, 8.85936242412e-06, 4.50326806458e-05, 2.12180057133e-05, 4.29167130278e-06, 7.48915999793e-06, 1.25261858557e-05, 3.78013669433e-06, 4.10082657254e-06, 1.56522000907e-05, 3.33590605806e-06, 1.91334447663e-06, 2.00026715902e-06, 3.49382298737e-06, 2.13093312595e-06, 1.47230173297e-06, 1.33218986775e-06, 6.98832593571e-07, 6.35627657175e-07, 2.44644496661e-07, 2.39390459456e-07, 8.45516652248e-08, 7.64895915495e-08, 4.02571060931e-08, 4.13129974675e-08, 2.98855589165e-08, 2.72790696698e-08, 2.62479620261e-08, 2.81510583733e-08, 1.96541485309e-08, 1.93319174002e-08],
        "dvar": [2.59720549104e-13, 2.87197737336e-17, 2.82783770562e-15, 1.58221241556e-13, 8.10735159562e-12, 1.46214741703e-11, 6.07130014665e-13, 3.82938646071e-12, 2.34214549977e-08, 6.84109295435e-07, 3.44884620862e-10, 1.89841919962e-08, 3.69772656938e-09, 2.99146644955e-11, 2.1421904528e-10, 6.29956697917e-10, 6.20020632058e-11, 4.63006577522e-11, 8.9806956316e-10, 2.16758572896e-11, 7.71621048307e-12, 2.22891583662e-11, 1.25695287512e-10, 4.10655572047e-11, 6.6058885792e-12, 6.09572331847e-12, 1.0150403738e-12, 9.13871409103e-13, 1.05099109483e-13, 1.51711285136e-13, 2.01600007846e-14, 9.67165004361e-15, 3.36254885291e-15, 4.40833808124e-15, 2.18724151068e-15, 1.90452330047e-15, 1.37236691043e-15, 1.6906895153e-15, 1.12513408675e-15, 1.08284257873e-15],
        "dvar2": [5.54347258201e-13, 7.20965063248e-17, 7.6492419915e-15, 3.88944844214e-13, 2.47102425327e-11, 4.54669427108e-11, 1.69557434499e-12, 1.11365231273e-11, 1.80659327498e-08, 5.43677117548e-07, 2.92842416982e-10, 8.26779444907e-09, 1.76151493392e-09, 9.14786024708e-11, 3.6643862944e-10, 1.14205411794e-09, 9.70973718095e-11, 9.03868854762e-11, 1.28246246955e-09, 6.0897738241e-11, 2.36481407373e-11, 5.29480591316e-11, 8.03712166264e-11, 2.5150640251e-11, 2.0960708863e-11, 1.20796749339e-11, 2.62561955684e-12, 2.33758997402e-12, 2.44655803863e-13, 3.45650835428e-13, 4.45407226997e-14, 2.02441856952e-14, 9.23014851942e-15, 1.16739715564e-14, 6.58106737644e-15, 4.42107660973e-15, 3.56189636298e-15, 4.00335087685e-15, 1.86605826379e-15, 2.7202899323e-15],
        "max": [4.20094102083e-06, 3.85289311566e-08, 3.49947072209e-07, 3.74472756448e-06, 2.60977503785e-05, 2.93618668366e-05, 7.18650062481e-06, 1.84405835171e-05, 0.00285336817615, 0.0148080559447, 0.000286717084236, 0.00310399825685, 0.00142406532541, 4.20540163759e-05, 0.000172748201294, 0.000280214648228, 0.000139973446494, 0.000102962527308, 0.000353393086698, 3.9943271986e-05, 2.70332493528e-05, 7.11884276825e-05, 0.000197093919269, 0.000109931344923, 2.98487029795e-05, 3.65799387509e-05, 1.38918330777e-05, 1.09243819679e-05, 4.27315262641e-06, 4.7768917284e-06, 2.48621904575e-06, 1.50164021306e-06, 8.67167557317e-07, 8.21819696739e-07, 5.82733832744e-07, 6.5134952365e-07, 4.70820253895e-07, 5.35810954716e-07, 5.49073149614e-07, 4.24124664278e-07],
        "mean": [2.13720241504e-07, 7.76333219932e-09, 2.47141187515e-08, 1.68951814317e-07, 8.96432197806e-07, 1.48119045207e-06, 6.20051650913e-07, 1.68036228843e-06, 0.000201476927032, 0.00107592565473, 2.98285194731e-05, 0.000335512711899, 0.000160933137522, 4.62915295429e-06, 1.67780217453e-05, 2.42275800701e-05, 1.08744707177e-05, 1.00371089502e-05, 4.00276730943e-05, 3.73536977349e-06, 2.35905281443e-06, 2.90636012323e-06, 9.32112470764e-06, 5.13394570589e-06, 1.70553494172e-06, 2.30886189456e-06, 1.10513610707e-06, 9.50473349803e-07, 5.4372935665e-07, 3.96736680841e-07, 2.27170701805e-07, 1.70502460151e-07, 9.25207430669e-08, 6.42794688588e-08, 6.25404723564e-08, 6.13324502297e-08, 5.33591197893e-08, 5.47784502203e-08, 5.34051736167e-08, 3.77431739196e-08],
        "median": [2.74135540934e-08, 5.31146238103e-09, 9.57566026472e-09, 2.78648766283e-08, 2.8638764249e-08, 8.89981066621e-08, 1.05450965293e-07, 7.60371051456e-07, 2.4449727789e-06, 5.9989915826e-06, 2.04911520996e-06, 1.53852997755e-05, 9.18553541851e-06, 5.17143746492e-07, 6.78944786614e-07, 2.93206539936e-07, 2.55980324937e-07, 9.92180986259e-08, 7.44134354136e-08, 4.88467009063e-08, 3.80706559611e-08, 2.54250149823e-08, 2.26801688541e-08, 2.73491220781e-08, 2.35993482534e-08, 2.28831886773e-08, 1.65943045971e-08, 8.15171929958e-09, 7.56674634061e-09, 7.74609709708e-09, 2.53097143244e-09, 2.35983343977e-09, 1.4271724913e-09, 2.31773378268e-09, 2.34525332488e-09, 2.08751171904e-09, 2.65388688803e-09, 3.31977245693e-09, 3.42454220537e-09, 3.32390936997e-09],
        "min": [2.01277794432e-09, 3.17606996258e-10, 8.21766377168e-10, 9.66960067572e-10, 1.22766574684e-09, 1.11522813206e-09, 1.10934450515e-09, 7.39478978051e-10, 6.4954386314e-10, 2.00582683796e-09, 1.4151894101e-09, 5.12749176451e-09, 1.78691395014e-09, 3.0082930591e-10, 1.01851027612e-09, 5.41432454426e-10, 6.79297118555e-10, 1.81096346252e-10, 1.38495326318e-10, 1.18132018057e-10, 1.12993121804e-10, 6.397875979e-11, 8.06690061972e-11, 9.56350415526e-11, 1.00766624211e-10, 6.87984530456e-11, 5.03399023855e-11, 2.46450533592e-11, 2.7980057507e-11, 1.19962720313e-11, 1.33539472882e-11, 1.32693309465e-11, 1.58030550451e-11, 1.0926579086e-11, 9.43781944956e-12, 9.2401268928e-12, 1.42963722458e-11, 8.50129341923e-12, 1.2090345218e-11, 1.00670765127e-11],
        "var": [4.74159665524e-13, 4.94476691871e-17, 2.57539139415e-15, 2.13990622639e-13, 7.09945557203e-12, 1.55978632788e-11, 1.57740671653e-12, 7.47731824374e-12, 2.45344068617e-07, 7.4765057434e-06, 2.6647164475e-09, 4.16641910306e-07, 8.82263861968e-08, 6.58823134936e-11, 1.56914337079e-09, 3.75232156458e-09, 6.48256559543e-10, 3.49134055e-10, 6.01209126927e-09, 6.02376343251e-11, 2.101602746e-11, 6.28235310995e-11, 7.53268503129e-10, 2.48310288997e-10, 1.94330211645e-11, 2.78711741186e-11, 5.6545497451e-12, 4.41907664975e-12, 9.00905164272e-13, 6.91421475196e-13, 2.24854260645e-13, 1.08092137671e-13, 3.6797510026e-14, 1.90383394271e-14, 1.64036824082e-14, 1.52454902137e-14, 1.0549512449e-14, 1.14473800786e-14, 1.28368012563e-14, 6.67235677585e-15]
    },
    "mfcc": {
        "mean": [-894.948242188, 75.8184204102, -57.9766540527, -52.9012565613, -42.2827033997, -23.0844097137, 4.19583702087, 9.73190689087, 11.4462003708, 8.78355789185, -0.264514654875, -4.17037963867, -5.57901334763],
        "cov": [[18355.1992188, -2151.27368164, -5556.25927734, -681.973083496, -1153.28503418, -1367.45861816, -880.747192383, -411.590515137, 303.423217773, 305.422424316, -485.954742432, -894.534057617, -1206.67797852], [-2151.27368164, 733.646179199, 556.949951172, -202.289352417, 36.9069786072, 192.868118286, 153.57069397, 25.3406143188, -70.6253433228, -36.3736114502, 52.128238678, 85.5861968994, 154.485839844], [-5556.25927734, 556.949951172, 2069.6640625, 312.114837646, 366.919189453, 416.393585205, 162.24621582, -74.6276016235, -259.85345459, -129.304031372, 281.707061768, 376.714080811, 350.097290039], [-681.973083496, -202.289352417, 312.114837646, 357.579864502, 154.232391357, 50.2940940857, 3.25721311569, -3.17321848869, -24.2490901947, -36.0429878235, 23.3059806824, 61.9264259338, 81.6834030151], [-1153.28503418, 36.9069786072, 366.919189453, 154.232391357, 166.94708252, 106.000579834, 68.0451278687, 31.8567867279, -23.2632293701, -32.6891326904, 18.8970947266, 57.0116424561, 87.2168731689], [-1367.45861816, 192.868118286, 416.393585205, 50.2940940857, 106.000579834, 162.720733643, 94.0647125244, 40.8398208618, -12.4112854004, -19.4591941833, 41.4193763733, 71.706451416, 96.0673751831], [-880.747192383, 153.57069397, 162.24621582, 3.25721311569, 68.0451278687, 94.0647125244, 114.937004089, 90.1408691406, 27.0393009186, -9.53856468201, -11.8530607224, 18.9204311371, 65.4017333984], [-411.590515137, 25.3406143188, -74.6276016235, -3.17321848869, 31.8567867279, 40.8398208618, 90.1408691406, 189.779968262, 135.975082397, 20.723115921, -61.7315483093, -37.5597457886, 33.8087806702], [303.423217773, -70.6253433228, -259.85345459, -24.2490901947, -23.2632293701, -12.4112854004, 27.0393009186, 135.975082397, 155.892745972, 51.9885978699, -65.7305221558, -64.5846252441, -14.4469137192], [305.422424316, -36.3736114502, -129.304031372, -36.0429878235, -32.6891326904, -19.4591941833, -9.53856468201, 20.723115921, 51.9885978699, 62.1702651978, 12.2118034363, -19.9765205383, -24.1822357178], [-485.954742432, 52.128238678, 281.707061768, 23.3059806824, 18.8970947266, 41.4193763733, -11.8530607224, -61.7315483093, -65.7305221558, 12.2118034363, 118.772254944, 87.1727218628, 21.5018348694], [-894.534057617, 85.5861968994, 376.714080811, 61.9264259338, 57.0116424561, 71.706451416, 18.9204311371, -37.5597457886, -64.5846252441, -19.9765205383, 87.1727218628, 108.085983276, 67.3129653931], [-1206.67797852, 154.485839844, 350.097290039, 81.6834030151, 87.2168731689, 96.0673751831, 65.4017333984, 33.8087806702, -14.4469137192, -24.1822357178, 21.5018348694, 67.3129653931, 124.383590698]],
