{
"lowlevel": {
    "average_loudness": 0.941141784191,
    "barkbands_crest": {
        "dmean": 1.13162612915,
        "dmean2": 1.57782292366,
        "dvar": 1.06269240379,
        "dvar2": 1.68072116375,
        "max": 20.9586601257,
        "mean": 16.0054340363,
        "median": 16.2207927704,
        "min": 9.07544231415,
        "var": 7.27345275879
    },
    "barkbands_flatness_db": {
        "dmean": 0.013921813108,
        "dmean2": 0.0166465025395,
        "dvar": 0.000251704244874,
        "dvar2": 0.000287617789581,
        "max": 0.330975681543,
        "mean": 0.275566399097,
        "median": 0.277435839176,
        "min": 0.147906795144,
        "var": 0.000963234109804
    },
    "barkbands_kurtosis": {
        "dmean": 2.90890240669,
        "dmean2": 3.66443586349,
        "dvar": 9.17027378082,
        "dvar2": 17.7044067383,
        "max": 33.187046051,
        "mean": 6.90163230896,
        "median": 5.2709312439,
        "min": -0.952503204346,
        "var": 45.3538780212
    },
    "barkbands_skewness": {
        "dmean": 0.449242591858,
        "dmean2": 0.572700738907,
        "dvar": 0.142653599381,
        "dvar2": 0.28578543663,
        "max": 4.90942907333,
        "mean": 2.35933446884,
        "median": 2.35306882858,
        "min": 0.456902146339,
        "var": 0.894757509232
    },
    "barkbands_spread": {
        "dmean": 1.17772078514,
        "dmean2": 1.27164387703,
        "dvar": 0.894067883492,
        "dvar2": 0.942467033863,
        "max": 18.5067214966,
        "mean": 6.96343183517,
        "median": 6.04040622711,
        "min": 1.77940928936,
        "var": 12.5645303726
    },
    "dissonance": {
        "dmean": 0.0309035554528,
        "dmean2": 0.0525679886341,
        "dvar": 0.000922940962482,
        "dvar2": 0.0022501363419,
        "max": 0.499963819981,
        "mean": 0.437951743603,
        "median": 0.439609825611,
        "min": 0.269585520029,
        "var": 0.00269071571529
    },
    "dynamic_complexity": 5.83152341843,
    "erbbands_crest": {
        "dmean": 1.76166689396,
        "dmean2": 2.15918779373,
        "dvar": 2.88988113403,
        "dvar2": 3.56585049629,
        "max": 32.9790687561,
        "mean": 26.7091674805,
        "median": 27.5288143158,
        "min": 16.5626049042,
        "var": 15.9343471527
    },
    "erbbands_flatness_db": {
        "dmean": 0.0119932051748,
        "dmean2": 0.0140617387369,
        "dvar": 0.000219441295485,
        "dvar2": 0.000247145391768,
        "max": 0.412342190742,
        "mean": 0.357768982649,
        "median": 0.361129492521,
        "min": 0.239876523614,
        "var": 0.000719895062502
    },
    "erbbands_kurtosis": {
        "dmean": 2.66582846642,
        "dmean2": 3.24153351784,
        "dvar": 8.19915485382,
        "dvar2": 14.390501976,
        "max": 33.9938278198,
        "mean": 5.80495977402,
        "median": 4.15128803253,
        "min": -1.27938616276,
        "var": 41.7841682434
    },
    "erbbands_skewness": {
        "dmean": 0.450788497925,
        "dmean2": 0.538938939571,
        "dvar": 0.134428322315,
        "dvar2": 0.26124677062,
        "max": 5.2562584877,
        "mean": 2.19906210899,
        "median": 2.13233542442,
        "min": 0.393430233002,
        "var": 1.00432097912
    },
    "erbbands_spread": {
        "dmean": 1.84106814861,
        "dmean2": 1.94299209118,
        "dvar": 2.26273775101,
        "dvar2": 2.46018242836,
        "max": 29.5029449463,
        "mean": 11.4025211334,
        "median": 10.3525362015,
        "min": 2.74758219719,
        "var": 35.2362480164
    },
    "hfc": {
        "dmean": 2.12110614777,
        "dmean2": 1.57624197006,
        "dvar": 17.7349052429,
        "dvar2": 14.8352584839,
        "max": 85.8626403809,
        "mean": 11.9532251358,
        "median": 3.11452913284,
        "min": 0.0041410587728,
        "var": 336.034820557
    },
    "melbands_crest": {
        "dmean": 1.1926292181,
        "dmean2": 1.48666870594,
        "dvar": 2.08829402924,
        "dvar2": 2.26068949699,
        "max": 33.9888496399,
        "mean": 30.352519989,
        "median": 30.8559913635,
        "min": 19.9593009949,
        "var": 7.26565217972
    },
    "melbands_flatness_db": {
        "dmean": 0.0137801999226,
        "dmean2": 0.0142446495593,
        "dvar": 0.000227879732847,
        "dvar2": 0.000237897926127,
        "max": 0.338499397039,
        "mean": 0.279849261045,
        "median": 0.282580852509,
        "min": 0.186561658978,
        "var": 0.001127004507
    },
    "melbands_kurtosis": {
        "dmean": 6.94179677963,
        "dmean2": 9.17682361603,
        "dvar": 56.763999939,
        "dvar2": 115.609931946,
        "max": 77.6485290527,
        "mean": 18.3439025879,
        "median": 15.2328948975,
        "min": 0.564914464951,
        "var": 219.491424561
    },
    "melbands_skewness": {
        "dmean": 0.657852351665,
        "dmean2": 0.864066958427,
        "dvar": 0.359206736088,
        "dvar2": 0.718562841415,
        "max": 7.29899549484,
        "mean": 3.62972545624,
        "median": 3.59229755402,
        "min": 1.2169585228,
        "var": 1.64795780182
    },
    "melbands_spread": {
        "dmean": 1.80283927917,
        "dmean2": 2.03491067886,
        "dvar": 2.71406555176,
        "dvar2": 3.5610101223,
        "max": 26.3212547302,
        "mean": 8.39905166626,
        "median": 6.81619215012,
        "min": 1.72958409786,
        "var": 25.365978241
    },
    "pitch_salience": {
        "dmean": 0.0617341995239,
        "dmean2": 0.0814503654838,
        "dvar": 0.00421038176864,
        "dvar2": 0.00579592818394,
        "max": 0.825521767139,
        "mean": 0.378089427948,
        "median": 0.380170583725,
        "min": 0.125242218375,
        "var": 0.0128784924746
    },
    "silence_rate_20dB": {
        "dmean": 0,
        "dmean2": 0,
        "dvar": 0,
        "dvar2": 0,
        "max": 1,
        "mean": 1,
        "median": 1,
        "min": 1,
        "var": 0
    },
    "silence_rate_30dB": {
        "dmean": 0,
        "dmean2": 0,
        "dvar": 0,
        "dvar2": 0,
        "max": 1,
        "mean": 1,
        "median": 1,
        "min": 1,
        "var": 0
    },
    "silence_rate_60dB": {
        "dmean": 0.0583333335817,
        "dmean2": 0.117647059262,
        "dvar": 0.0549305304885,
        "dvar2": 0.103806167841,
        "max": 1,
        "mean": 0.54545456171,
        "median": 1,
        "min": 0,
        "var": 0.247934088111
    },
    "spectral_centroid": {
        "dmean": 122.806083679,
        "dmean2": 135.175613403,
        "dvar": 10975.3320312,
        "dvar2": 13979.0517578,
        "max": 2717.26611328,
        "mean": 1560.5065918,
        "median": 1485.75219727,
        "min": 1037.13269043,
        "var": 146700.90625
    },
    "spectral_complexity": {
        "dmean": 0.725000023842,
        "dmean2": 1.19327735901,
        "dvar": 1.66603815556,
        "dvar2": 3.53407406807,
        "max": 19,
        "mean": 4.24793386459,
        "median": 3,
        "min": 0,
        "var": 15.2773790359
    },
    "spectral_decrease": {
        "dmean": 4.16848860985e-10,
        "dmean2": 3.36639910392e-10,
        "dvar": 6.49803259021e-19,
        "dvar2": 5.42410555189e-19,
        "max": -8.40289643422e-13,
        "mean": -2.13993378573e-09,
        "median": -6.53197440581e-10,
        "min": -1.47722492017e-08,
        "var": 1.00132148752e-17
    },
    "spectral_energy": {
        "dmean": 0.0017480046954,
        "dmean2": 0.00140209903475,
        "dvar": 1.16213004731e-05,
        "dvar2": 9.66629522736e-06,
        "max": 0.0635417029262,
        "mean": 0.00916078314185,
        "median": 0.00273338123225,
        "min": 3.54705116479e-06,
        "var": 0.000184494856512
    },
    "spectral_energyband_high": {
        "dmean": 6.00848761678e-05,
        "dmean2": 6.82100944687e-05,
        "dvar": 2.143912603e-08,
        "dvar2": 2.57152343863e-08,
        "max": 0.00212376867421,
        "mean": 0.000228285163757,
        "median": 2.46948820859e-05,
        "min": 5.61036692659e-08,
        "var": 1.97691008452e-07
    },
    "spectral_energyband_low": {
        "dmean": 1.68939848777e-07,
        "dmean2": 2.37026782202e-07,
        "dvar": 1.2621364186e-13,
        "dvar2": 1.72389568441e-13,
        "max": 5.04110266775e-06,
        "mean": 3.16765493835e-07,
        "median": 1.12392015694e-07,
        "min": 5.22895415855e-09,
        "var": 5.39224372618e-13
    },
    "spectral_energyband_middle_high": {
        "dmean": 0.00171881250571,
        "dmean2": 0.00137617625296,
        "dvar": 1.12060770334e-05,
        "dvar2": 9.27681412577e-06,
        "max": 0.0613276064396,
        "mean": 0.00891511607915,
        "median": 0.00270376331173,
        "min": 3.25792029798e-06,
        "var": 0.000173625245225
    },
    "spectral_energyband_middle_low": {
        "dmean": 8.22817673907e-06,
        "dmean2": 1.07787036541e-05,
        "dvar": 3.69330149796e-10,
        "dvar2": 7.17777448589e-10,
        "max": 0.000265692360699,
        "mean": 2.05385313166e-05,
        "median": 4.3063873818e-06,
        "min": 2.69678423592e-07,
        "var": 1.57091539776e-09
    },
    "spectral_entropy": {
        "dmean": 0.112967282534,
        "dmean2": 0.132903560996,
        "dvar": 0.0220424719155,
        "dvar2": 0.0160335376859,
        "max": 8.54669189453,
        "mean": 7.03716182709,
        "median": 7.00373268127,
        "min": 6.47340011597,
        "var": 0.07088509202
    },
    "spectral_flux": {
        "dmean": 0.00346053694375,
        "dmean2": 0.00584816699848,
        "dvar": 1.70253406395e-05,
        "dvar2": 4.58841568616e-05,
        "max": 0.0700643882155,
        "mean": 0.016749067232,
        "median": 0.0106786573306,
        "min": 0.00142539071385,
        "var": 0.000229278899496
    },
    "spectral_kurtosis": {
        "dmean": 1.03434598446,
        "dmean2": 1.70666873455,
        "dvar": 1.12873458862,
        "dvar2": 3.03170323372,
        "max": 11.5344896317,
        "mean": 5.41824960709,
        "median": 5.26346302032,
        "min": 2.58821201324,
        "var": 1.62982642651
    },
    "spectral_rms": {
        "dmean": 0.000237130880123,
        "dmean2": 0.000174951637746,
        "dvar": 8.42265990286e-08,
        "dvar2": 5.23059568991e-08,
        "max": 0.00787349417806,
        "mean": 0.00235630059615,
        "median": 0.00163300754502,
        "min": 5.88263355894e-05,
        "var": 3.38519816978e-06
    },
    "spectral_rolloff": {
        "dmean": 281.726104736,
        "dmean2": 482.778045654,
        "dvar": 165599.765625,
        "dvar2": 280626.8125,
        "max": 3639.11132812,
        "mean": 1569.78771973,
        "median": 1787.25585938,
        "min": 925.927734375,
        "var": 521093.90625
    },
    "spectral_skewness": {
        "dmean": 0.134858608246,
        "dmean2": 0.219061389565,
        "dvar": 0.0288121271878,
        "dvar2": 0.0838835760951,
        "max": 3.15662384033,
        "mean": 1.7348433733,
        "median": 1.73668456078,
        "min": 1.42488467693,
        "var": 0.036918040365
    },
    "spectral_spread": {
        "dmean": 379228,
        "dmean2": 416203.0625,
        "dvar": 2.16796902195e+12,
        "dvar2": 941697990656,
        "max": 25611108,
        "mean": 4169887.75,
        "median": 3873542.25,
        "min": 3147735,
        "var": 4.37227723162e+12
    },
    "spectral_strongpeak": {
        "dmean": 0.354887664318,
        "dmean2": 0.438215494156,
        "dvar": 0.225754261017,
        "dvar2": 0.503257453442,
        "max": 7.61635637283,
        "mean": 2.33865022659,
        "median": 1.6111420393,
        "min": 0.00954769551754,
        "var": 3.23264551163
    },
    "zerocrossingrate": {
        "dmean": 0.00463053397834,
        "dmean2": 0.00463251722977,
        "dvar": 3.00446426991e-05,
        "dvar2": 3.26167355524e-05,
        "max": 0.08935546875,
        "mean": 0.0509830191731,
        "median": 0.044921875,
        "min": 0.01025390625,
        "var": 0.000180664879736
    },
    "barkbands": {
        "dmean": [2.63047382987e-07, 1.47605678791e-08, 7.65572565342e-08, 3.97999606605e-08, 8.35740536331e-07, 1.37925258059e-06, 1.64500704614e-06, 7.32536420855e-07, 3.98099882659e-06, 0.00131483364385, 0.000352297967765, 4.32132492278e-06, 4.79718437418e-06, 6.15808949078e-06, 0.000211221180507, 1.15426164484e-05, 1.38424993565e-05, 0.000108059750346, 0.000126025435748, 1.44482746691e-05, 4.00580429414e-05, 1.48835151776e-05, 5.54573489353e-06, 5.07158347318e-06, 1.01397508843e-05, 1.70602447724e-06, 1.72582730329e-07],
        "dmean2": [4.21070353696e-07, 2.60707491151e-08, 8.27859665264e-08, 6.71002311492e-08, 1.37682604873e-06, 2.21521463573e-06, 2.89265358333e-06, 1.21086441141e-06, 6.12243866271e-06, 0.00128684937954, 0.000243376387516, 6.83696316628e-06, 8.09083303466e-06, 8.36634990264e-06, 0.000275025056908, 1.83558349818e-05, 1.96818364202e-05, 0.000140915959491, 0.000161602773005, 2.45200662903e-05, 5.45709590369e-05, 1.68145670614e-05, 9.45376268646e-06, 6.79180402585e-06, 1.4162907064e-05, 2.17115348278e-06, 1.95674701331e-07],
        "dvar": [1.51090118606e-13, 3.47907268731e-16, 7.10886834425e-14, 8.70925798521e-15, 5.99099849591e-12, 5.93549992142e-12, 5.39114889883e-12, 1.65409764878e-12, 9.93394186355e-11, 6.66732194077e-06, 3.8626851051e-07, 5.24157973969e-11, 6.27300017486e-11, 1.76753514602e-10, 1.33988152129e-07, 5.13381226419e-10, 9.69620050917e-10, 3.6745479548e-08, 1.1415342982e-07, 1.13997844498e-09, 9.24153553683e-09, 2.3819271e-09, 2.36002606346e-10, 2.02865058085e-10, 6.53706533349e-10, 2.95744539969e-11, 3.13265282855e-13],
        "dvar2": [3.79693455496e-13, 9.98150930704e-16, 7.22465300475e-14, 1.67027832944e-14, 1.50583070319e-11, 1.58688322899e-11, 1.38237303549e-11, 4.6175606741e-12, 2.55236776159e-10, 6.96891265761e-06, 2.56254338638e-07, 1.2403274241e-10, 1.82000123305e-10, 3.68312574883e-10, 2.25773391094e-07, 1.05459985189e-09, 1.43058509483e-09, 5.83214934124e-08, 1.74115029949e-07, 3.24072546576e-09, 1.65265223728e-08, 2.54932808197e-09, 5.99137350843e-10, 2.42583120258e-10, 1.15820075752e-09, 4.10845454879e-11, 4.92492060588e-13],
        "max": [3.05523531097e-06, 1.21807275377e-07, 3.78987851946e-06, 1.13214275643e-06, 2.03396921279e-05, 2.12252289202e-05, 2.15622549149e-05, 1.03276261143e-05, 0.00010298271809, 0.0412659272552, 0.0121872089803, 7.38286253181e-05, 6.97845607647e-05, 0.000133854497108, 0.00403267284855, 0.000219753856072, 0.000433840061305, 0.0017938639503, 0.00465945433825, 0.000344112020684, 0.00121779728215, 0.000703435449395, 0.000173678825377, 0.000213943349081, 0.000394113216316, 7.81960479799e-05, 8.53559413372e-06],
        "mean": [3.42700531064e-07, 1.87058777357e-08, 1.55819847691e-07, 5.95470908138e-08, 1.27173939291e-06, 2.53149710261e-06, 2.47284424404e-06, 1.08050767267e-06, 7.0217083703e-06, 0.00568326516077, 0.00178674794734, 8.13132737676e-06, 9.28516965359e-06, 1.30068192448e-05, 0.000579819781706, 2.6648876883e-05, 4.35059446318e-05, 0.000302639877191, 0.00044490036089, 4.03399462812e-05, 9.5789313491e-05, 3.92069632653e-05, 1.58003767865e-05, 2.00209524337e-05, 3.05760841002e-05, 5.63678622711e-06, 4.94994367273e-07],
        "median": [1.21294917221e-07, 1.54850319234e-08, 1.00379740076e-08, 1.67267817375e-08, 2.77130709492e-07, 8.44644205245e-07, 1.11316876428e-06, 3.36716567517e-07, 1.1263784927e-06, 0.00177099206485, 0.000533923215698, 2.403156941e-06, 2.40753297476e-06, 2.55346685663e-06, 0.000214609259274, 6.25588700132e-06, 6.59868328512e-06, 5.50976401428e-05, 2.39484525082e-05, 7.31784348318e-06, 1.05853314381e-05, 3.01730187857e-06, 1.53629036959e-06, 2.09632867154e-06, 2.29262218454e-06, 5.14747910074e-07, 5.85235611084e-08],
        "min": [2.47553866295e-09, 1.86663084989e-09, 4.64870753003e-10, 7.92612142586e-10, 3.80779052733e-09, 5.26439958293e-09, 2.02666647908e-08, 1.89745748003e-08, 4.49825030557e-08, 1.48901062857e-06, 1.25184374156e-06, 1.2926859938e-07, 6.48623839083e-08, 1.5900994299e-08, 1.84835400319e-07, 5.34535899988e-08, 3.61748391242e-08, 4.73892534103e-08, 1.17757261719e-08, 3.09573131574e-08, 7.65090568677e-09, 8.29845969719e-09, 5.04847275096e-09, 4.09261247114e-09, 4.88449680702e-09, 4.42961844982e-09, 6.79522926816e-09],
        "var": [2.67752454323e-13, 2.94796105946e-16, 3.50906424144e-13, 2.2090248264e-14, 1.0824436833e-11, 1.79434991171e-11, 1.24079149733e-11, 3.11568782926e-12, 2.16362025518e-10, 7.71700579207e-05, 6.67026188239e-06, 1.72590747249e-10, 2.13196169052e-10, 6.17999262875e-10, 5.74091984618e-07, 2.25054774816e-09, 7.78205588858e-09, 2.40511383254e-07, 9.63082584349e-07, 5.06993158567e-09, 3.61766332446e-08, 1.08069579952e-08, 1.04667441381e-09, 1.76511927297e-09, 5.05648678484e-09, 1.79005560375e-10, 1.47217828206e-12]
    },
    "erbbands": {
        "dmean": [1.31979004436e-06, 2.23726829063e-06, 5.06097567268e-05, 0.000153902627062, 0.000319623417454, 0.00404895003885, 0.00983699969947, 0.0105250170454, 0.0165511462837, 0.0227142907679, 0.0191060621291, 0.146961405873, 6.43369150162, 65.9561233521, 5.51531982422, 0.234589859843, 0.197701349854, 0.39625531435, 9.18005943298, 3.23661255836, 0.633968234062, 1.96936869621, 5.2708234787, 1.19111526012, 8.27600383759, 1.11781334877, 2.65678787231, 0.505568146706, 0.435965120792, 0.337980717421, 0.241047337651, 0.119211964309, 0.107760310173, 0.163316816092, 0.0623651146889, 0.0149219473824, 0.00193294102792, 0.000207774050068, 3.38108038704e-05, 2.73388400274e-06],
        "dmean2": [2.26547035709e-06, 3.34917899636e-06, 5.64196816413e-05, 0.000223313094466, 0.00051346514374, 0.00715702259913, 0.0161108840257, 0.0173883270472, 0.0275131706148, 0.0386139452457, 0.0312591455877, 0.167228400707, 5.35272026062, 56.2104644775, 3.95087599754, 0.306036800146, 0.351909339428, 0.567329525948, 12.1434144974, 4.03496789932, 0.963734865189, 2.44803333282, 6.81334495544, 1.65280938148, 10.2688961029, 1.2858607769, 3.61644625664, 0.648418009281, 0.484187990427, 0.438188880682, 0.421372652054, 0.16876758635, 0.13046848774, 0.243838682771, 0.0688337162137, 0.0191334802657, 0.00172603246756, 0.000253744161455, 3.92766487494e-05, 2.15220848077e-06],
        "dvar": [3.19864295641e-12, 1.34155247675e-11, 2.99400078063e-08, 2.21545178647e-07, 5.27893234903e-07, 0.000171749561559, 0.000298070663121, 0.000454426190117, 0.000513572129421, 0.00144757132512, 0.00138872675598, 0.0945518910885, 147.351318359, 16718.8320312, 105.856163025, 0.164119079709, 0.115998826921, 0.955137908459, 268.921722412, 27.029460907, 1.26609265804, 9.61540126801, 83.7502670288, 6.16228532791, 518.297058105, 6.23308038712, 39.6688728333, 1.68353736401, 2.0653655529, 1.54156565666, 0.491261810064, 0.0973284244537, 0.0931635275483, 0.211283653975, 0.0289318449795, 0.00225575175136, 2.90484404104e-05, 4.13246056041e-07, 1.31675168547e-08, 3.07150693768e-11],
        "dvar2": [8.44801919392e-12, 1.61117803127e-11, 2.93108559646e-08, 3.29384306497e-07, 1.09539109872e-06, 0.000479139649542, 0.000764921132941, 0.000970194407273, 0.00130174576771, 0.00381744513288, 0.00306161609478, 0.149465635419, 148.058624268, 14301.3867188, 75.365852356, 0.244838386774, 0.31071177125, 2.28654837608, 489.320770264, 40.7543411255, 3.14854669571, 14.1738615036, 135.388153076, 13.4745960236, 759.595703125, 5.97182369232, 71.2051925659, 3.176248312, 2.82021379471, 2.8848567009, 1.29969465733, 0.178666904569, 0.102451659739, 0.456034809351, 0.0584515929222, 0.00326506048441, 3.27433808707e-05, 6.96965798852e-07, 1.95889793275e-08, 2.42303243442e-11],
        "max": [1.25290534925e-05, 5.11209691467e-05, 0.00242093764246, 0.00653064530343, 0.00903494283557, 0.0968364700675, 0.147588804364, 0.225776985288, 0.1876424402, 0.385012447834, 0.360927462578, 6.08130407333, 254.568847656, 2261.74316406, 194.769332886, 7.22253417969, 3.48321986198, 11.1795492172, 184.088638306, 59.2131195068, 13.8804683685, 34.0804901123, 86.2067947388, 30.723897934, 307.996520996, 40.8803749084, 77.2276763916, 16.9853744507, 20.6327133179, 15.9945716858, 7.63662862778, 4.45586633682, 4.7670583725, 6.38021039963, 2.60158610344, 0.670022726059, 0.0923303440213, 0.01032033097, 0.00179693824612, 0.000116576105938],
        "mean": [1.89022875929e-06, 4.3765103328e-06, 0.000106755804154, 0.000279881060123, 0.000585930538364, 0.00559860933572, 0.0164176411927, 0.0192144867033, 0.0290753357112, 0.0344753675163, 0.0530349686742, 0.619193553925, 26.3403759003, 301.716278076, 26.8976478577, 1.1967279911, 0.518446326256, 1.12223255634, 24.6896896362, 10.055644989, 1.83639132977, 6.48777866364, 15.1299667358, 3.6892387867, 29.7445163727, 4.60830020905, 6.27807569504, 1.54589247704, 1.12455761433, 0.742771685123, 0.582433223724, 0.411943942308, 0.372073143721, 0.426331043243, 0.163469478488, 0.0495579205453, 0.00595308095217, 0.000747842655983, 0.000102476340544, 1.56314690685e-05],
        "median": [1.22911751532e-06, 2.04181833396e-06, 1.05540248114e-05, 4.74062144349e-05, 0.000150850348291, 0.000894757220522, 0.00487486645579, 0.0056948964484, 0.0125296972692, 0.0147200832143, 0.0148585867137, 0.136265829206, 5.80929040909, 101.465621948, 8.36984825134, 0.405420422554, 0.150520250201, 0.380357176065, 9.95407009125, 3.84615135193, 0.445516467094, 1.11924028397, 2.66403746605, 0.651147842407, 1.49790918827, 0.445323824883, 0.65723079443, 0.177800938487, 0.0964971259236, 0.0763694494963, 0.0446838103235, 0.0443024598062, 0.0367401018739, 0.0319918692112, 0.0140158366412, 0.00404098536819, 0.000529237673618, 4.84764241264e-05, 9.68785116129e-06, 4.10888605984e-06],
        "min": [1.31121680624e-07, 1.51657204128e-07, 6.45121019716e-07, 1.67216353475e-06, 6.80494395056e-06, 1.39903604577e-05, 1.95798711502e-05, 5.67149363633e-05, 0.00022758335399, 0.000404228660045, 0.000846267212182, 0.00280164415017, 0.0171189140528, 0.0797487571836, 0.0264008622617, 0.00520152458921, 0.00314327003434, 0.00163098645862, 0.00566211715341, 0.00676412507892, 0.00289797666483, 0.00219129910693, 0.00260308035649, 0.000899344740901, 0.00102663878351, 0.00143584562466, 0.000579749059398, 0.000234146849834, 0.000252048310358, 0.000278592808172, 0.000129203210236, 8.67567068781e-05, 7.02321049175e-05, 5.10186000611e-05, 3.56732525688e-05, 1.71316296473e-05, 8.22217134555e-06, 3.41725126418e-06, 8.88000442956e-07, 1.07090386336e-07],
        "var": [3.82656319825e-12, 6.99063446019e-11, 1.53586086071e-07, 8.32652744975e-07, 1.83978841051e-06, 0.000262562767603, 0.00082511495566, 0.00124406209216, 0.0015171476407, 0.00287470943294, 0.00692805787548, 1.21936058998, 2377.15087891, 206798.75, 1593.38232422, 2.89297676086, 0.603579163551, 2.61164474487, 1055.33203125, 157.500320435, 8.69796657562, 100.295143127, 574.866271973, 43.6732673645, 4393.69775391, 82.4665527344, 154.273880005, 9.3612537384, 8.18255615234, 3.88312077522, 1.58079373837, 0.695962250233, 0.691061198711, 1.08489096165, 0.146177813411, 0.01386277657, 0.000198537061806, 3.089153779e-06, 6.69520616725e-08, 5.84879644716e-10]
    },
    "gfcc": {
        "mean": [-196.476303101, -33.1289825439, -220.784362793, -26.9465084076, -72.4733123779, 13.9193086624, -21.7968788147, 20.8270549774, -38.7894859314, -17.214384079, -22.1298236847, 9.14730548859, 26.7937927246],
        "cov": [[8221.63378906, -1985.99645996, -812.509033203, 0.440942376852, -942.205810547, -349.447418213, -402.738739014, 196.878845215, -666.697021484, -79.5713119507, -187.205657959, 66.5786514282, 42.0137710571], [-1985.99645996, 621.95300293, 246.383850098, 37.2632026672, 283.814453125, 128.065383911, 112.023139954, -58.9153289795, 160.751708984, -9.1180639267, 3.03930139542, -64.0241470337, -29.4641227722], [-812.509033203, 246.383850098, 170.565139771, 29.6242046356, 107.482315063, 38.2419967651, 54.3152999878, -32.086566925, 46.7673339844, -20.0725822449, -3.28778553009, -23.7729721069, -37.641960144], [0.440942376852, 37.2632026672, 29.6242046356, 95.0350189209, 49.5008468628, 0.742070972919, -8.96219921112, 12.0865011215, -10.1821241379, -2.46800541878, -1.85087537766, -10.894908905, -17.4191856384], [-942.205810547, 283.814453125, 107.482315063, 49.5008468628, 180.420806885, 65.7220001221, 44.5987205505, -22.1857662201, 80.5850448608, -0.236857220531, -1.22116875648, -38.710773468, -20.5216884613], [-349.447418213, 128.065383911, 38.2419967651, 0.742070972919, 65.7220001221, 66.5427627563, 35.8769035339, -10.3537111282, 37.7427558899, -1.82917368412, -16.738861084, -32.4518432617, -6.27429246902], [-402.738739014, 112.023139954, 54.3152999878, -8.96219921112, 44.5987205505, 35.8769035339, 60.1128730774, 1.21131920815, 30.8400611877, -5.00505638123, 1.53338015079, -15.4819660187, -12.6033735275], [196.878845215, -58.9153289795, -32.086566925, 12.0865011215, -22.1857662201, -10.3537111282, 1.21131920815, 47.9197807312, -2.49466657639, 1.38695120811, 10.4527301788, 19.5006370544, -13.6827030182], [-666.697021484, 160.751708984, 46.7673339844, -10.1821241379, 80.5850448608, 37.7427558899, 30.8400611877, -2.49466657639, 84.5707855225, 19.9216823578, 22.2687034607, 3.49266982079, -3.13998365402], [-79.5713119507, -9.1180639267, -20.0725822449, -2.46800541878, -0.236857220531, -1.82917368412, -5.00505638123, 1.38695120811, 19.9216823578, 43.7996826172, 24.8278484344, 9.61250305176, 18.9538459778], [-187.205657959, 3.03930139542, -3.28778553009, -1.85087537766, -1.22116875648, -16.738861084, 1.53338015079, 10.4527301788, 22.2687034607, 24.8278484344, 44.9062690735, 33.885433197, 13.3623065948], [66.5786514282, -64.0241470337, -23.7729721069, -10.894908905, -38.710773468, -32.4518432617, -15.4819660187, 19.5006370544, 3.49266982079, 9.61250305176, 33.885433197, 51.8876113892, 13.0343465805], [42.0137710571, -29.4641227722, -37.641960144, -17.4191856384, -20.5216884613, -6.27429246902, -12.6033735275, -13.6827030182, -3.13998365402, 18.9538459778, 13.3623065948, 13.0343465805, 45.0176506042]],
        "icov": [[0.00152046827134, 0.00214323913679, 0.00104312447365, -0.00164562778082, 0.00295344553888, -0.00151246460155, 0.00242438632995, -0.00269541377202, 0.00289141153917, 0.000142300559673, 0.00404006848112, 0.000993309775367, -0.000130774918944], [0.00214323913679, 0.0192234124988, -0.012181263417, -0.00251592346467, -0.00328933726996, -0.00436997786164, 0.00369196641259, -0.00667829299346, -0.0130592510104, 0.012481235899, -0.00297707901336, 0.0173064488918, -0.0139752868563], [0.00104312447365, -0.012181263417, 0.041265565902, -0.0133447563276, 0.00506168045104, 0.00232952251099, -0.0234494619071, 0.0377645455301, 0.0119541948661, -0.0084912115708, 0.0137432264164, -0.0340021587908, 0.0381145402789], [-0.00164562778082, -0.00251592346467, -0.0133447563276, 0.0338648408651, -0.0221433769912, -0.00150151562411, 0.0172113794833, -0.0242459587753, 0.0228425860405, -0.00796835869551, -0.0126049583778, 0.00598307186738, -0.00406245607883], [0.00295344553888, -0.00328933726996, 0.00506168045104, -0.0221433769912, 0.0427736788988, -0.00492887757719, 0.00470619183034, 0.00294069037773, -0.0195257179439, 0.0104205040261, 0.000965210201684, 0.0175353568047, 0.000665165483952], [-0.00151246460155, -0.00436997786164, 0.00232952251099, -0.00150151562411, -0.00492887757719, 0.0528088733554, -0.0208910200745, -0.00143937172834, -0.0224926155061, -0.00266361865215, 0.0221713837236, 0.0113970646635, -0.0115829622373], [0.00242438632995, 0.00369196641259, -0.0234494619071, 0.0172113794833, 0.00470619183034, -0.0208910200745, 0.0629331097007, -0.0443864092231, 0.00940515380353, 0.013111689128, -0.0267710164189, 0.0390776209533, -0.017664629966], [-0.00269541377202, -0.00667829299346, 0.0377645455301, -0.0242459587753, 0.00294069037773, -0.00143937172834, -0.0443864092231, 0.0935207381845, -0.0106850741431, -0.00776770571247, 0.00453680381179, -0.0541194006801, 0.0543262884021], [0.00289141153917, -0.0130592510104, 0.0119541948661, 0.0228425860405, -0.0195257179439, -0.0224926155061, 0.00940515380353, -0.0106850741431, 0.0899802818894, -0.0389030948281, 0.00934635009617, -0.0431800186634, 0.0273218303919], [0.000142300559673, 0.012481235899, -0.0084912115708, -0.00796835869551, 0.0104205040261, -0.00266361865215, 0.013111689128, -0.00776770571247, -0.0389030948281, 0.0713056847453, -0.0524285696447, 0.0535619072616, -0.0291398093104], [0.00404006848112, -0.00297707901336, 0.0137432264164, -0.0126049583778, 0.000965210201684, 0.0221713837236, -0.0267710164189, 0.00453680381179, 0.00934635009617, -0.0524285696447, 0.128425016999, -0.0763608366251, 0.0050250524655], [0.000993309775367, 0.0173064488918, -0.0340021587908, 0.00598307186738, 0.0175353568047, 0.0113970646635, 0.0390776209533, -0.0541194006801, -0.0431800186634, 0.0535619072616, -0.0763608366251, 0.13344989717, -0.0531789474189], [-0.000130774918944, -0.0139752868563, 0.0381145402789, -0.00406245607883, 0.000665165483952, -0.0115829622373, -0.017664629966, 0.0543262884021, 0.0273218303919, -0.0291398093104, 0.0050250524655, -0.0531789474189, 0.0818222612143]]
    },
    "melbands": {
        "dmean": [1.66062701368e-08, 1.95618650167e-08, 2.58072194725e-08, 1.30904609819e-07, 2.86397437321e-07, 2.33407050132e-07, 2.86488301526e-07, 2.16785124962e-07, 1.74086878246e-07, 5.66095593513e-07, 2.55072263826e-05, 0.00027042083093, 3.00476385746e-05, 4.78025128814e-07, 4.83292865283e-07, 4.61005953412e-07, 5.27422457708e-07, 1.13059322757e-05, 1.51420117618e-05, 7.2863809919e-07, 8.00708392035e-07, 7.49226614971e-07, 8.7600083134e-06, 1.26945235479e-06, 8.17190880298e-07, 5.00679243487e-06, 4.24562722401e-06, 3.23032878669e-07, 1.6934817495e-06, 7.13352449111e-07, 3.39685243489e-07, 3.91028692093e-07, 1.43994313362e-07, 1.74632972971e-07, 1.5849900592e-07, 7.41935721749e-08, 9.12477631232e-08, 7.41968548823e-08, 9.79772138976e-08, 1.39152476208e-07],
        "dmean2": [2.79833649586e-08, 2.13481676781e-08, 3.75274886721e-08, 2.33219992651e-07, 4.64034883407e-07, 3.80939383149e-07, 4.89480385113e-07, 3.65564631011e-07, 3.07207841388e-07, 8.97017173429e-07, 2.25985058933e-05, 0.00023650410003, 1.92819916265e-05, 7.30698332063e-07, 8.24602182092e-07, 8.08416871223e-07, 8.42036058657e-07, 1.50928535732e-05, 1.9575621991e-05, 1.21599646263e-06, 1.19459195957e-06, 1.22853055018e-06, 1.13378309834e-05, 1.81935058663e-06, 1.36285564167e-06, 6.53134020467e-06, 4.900168733e-06, 5.05263358264e-07, 2.38789061768e-06, 9.69168127085e-07, 4.58354833199e-07, 4.31015138247e-07, 1.58212486667e-07, 2.50529978985e-07, 2.86871852495e-07, 1.14458394762e-07, 1.38387889592e-07, 1.07026721707e-07, 1.4342532495e-07, 2.05547067367e-07],
        "dvar": [4.57740363405e-16, 4.56069008581e-15, 4.40811277047e-15, 1.72650048012e-13, 2.79359570416e-13, 1.86542093079e-13, 1.6339359065e-13, 1.31870412485e-13, 1.04528731048e-13, 1.71078255728e-12, 3.44987416412e-09, 2.81504355826e-07, 2.89874013681e-09, 7.49686174684e-13, 7.09640842183e-13, 7.48358623334e-13, 2.15483165165e-12, 4.17440443323e-10, 6.66639465852e-10, 2.74621991814e-12, 2.05820300039e-12, 2.10230118904e-12, 2.35347408228e-10, 5.57477588398e-12, 3.42133396267e-12, 1.6086647292e-10, 1.30726360292e-10, 2.76820206297e-13, 1.54095989441e-11, 3.0714280945e-12, 1.09614151523e-12, 1.74550012031e-12, 1.64954719805e-13, 4.37287521731e-13, 1.87349647515e-13, 4.7153792237e-14, 5.23477711645e-14, 4.8712746212e-14, 6.66931516524e-14, 1.51174510193e-13],
        "dvar2": [1.12628467513e-15, 4.4805633101e-15, 6.51259153892e-15, 4.95702816902e-13, 6.32353002426e-13, 4.28376924861e-13, 4.08691553907e-13, 3.52706687641e-13, 2.73931512239e-13, 4.20364697912e-12, 3.50478535083e-09, 2.49217833925e-07, 1.87016757636e-09, 1.74901130905e-12, 2.10560215097e-12, 1.92346290805e-12, 5.28613958162e-12, 7.80263298417e-10, 1.03411967878e-09, 5.47400449621e-12, 5.50755404824e-12, 5.33582249565e-12, 3.45962564152e-10, 1.2029415658e-11, 8.92079379117e-12, 2.55153564943e-10, 1.67009656105e-10, 6.96712056537e-13, 2.83701170195e-11, 4.99063767742e-12, 1.8156508198e-12, 2.56662941768e-12, 2.65417272579e-13, 8.71969868272e-13, 5.48940504597e-13, 1.03032145803e-13, 1.02123326885e-13, 6.73715843855e-14, 1.22437812927e-13, 3.28893813226e-13],
        "max": [1.39772865282e-07, 9.5115797194e-07, 9.2751969305e-07, 3.44204431713e-06, 5.07985669174e-06, 4.43443968834e-06, 3.59484215551e-06, 3.75985882783e-06, 2.35664083448e-06, 1.4014088265e-05, 0.00123126874678, 0.00916997436434, 0.00105188426096, 7.65471304476e-06, 6.95273638485e-06, 8.17015552457e-06, 1.39538642543e-05, 0.000230514386203, 0.000277518935036, 1.61617717822e-05, 1.73284443008e-05, 1.64717548614e-05, 0.000147517508594, 2.1549540179e-05, 1.58938964887e-05, 0.000160168667207, 0.000168976926943, 6.5340650508e-06, 4.58551585325e-05, 2.41778525378e-05, 1.37380693559e-05, 1.82611165656e-05, 5.62869990972e-06, 7.95964206191e-06, 4.06723302149e-06, 2.91060382551e-06, 2.99019802696e-06, 2.9088885185e-06, 3.8398925426e-06, 5.44880049347e-06],
        "mean": [2.44922624404e-08, 4.16812326876e-08, 4.51361152898e-08, 1.86031982707e-07, 5.14444650435e-07, 4.43705914677e-07, 4.83261828776e-07, 3.26170862763e-07, 3.16355624363e-07, 1.04487446606e-06, 8.669354429e-05, 0.00123060622718, 0.000147876999108, 9.39214487516e-07, 8.9883195642e-07, 9.86320060292e-07, 1.0855446817e-06, 3.04975292238e-05, 4.26768419857e-05, 1.69676786754e-06, 1.68728638528e-06, 1.96871883418e-06, 2.535215026e-05, 3.76322191187e-06, 1.66423239989e-06, 1.6734633391e-05, 1.55323195941e-05, 9.92326590676e-07, 4.03587591791e-06, 1.81371751751e-06, 8.39281085518e-07, 8.41410326302e-07, 3.67724879879e-07, 3.46445574451e-07, 3.30041217467e-07, 2.40841757204e-07, 2.63072422513e-07, 2.28916846368e-07, 3.22115567997e-07, 3.45030599647e-07],
        "median": [1.3598655535e-08, 4.20865164941e-09, 9.91396387207e-09, 3.09705967538e-08, 1.41058436043e-07, 1.34480217184e-07, 2.10973070125e-07, 1.31556760152e-07, 9.84632961831e-08, 1.56644247795e-07, 9.85904443951e-06, 0.000409045082051, 4.5123968448e-05, 2.33171007835e-07, 2.45398723564e-07, 2.7439230621e-07, 2.34543946931e-07, 1.28621622935e-05, 1.59525898198e-05, 3.12923958745e-07, 3.67940685919e-07, 3.55395798124e-07, 4.20458627559e-06, 7.24838059796e-07, 4.4618047923e-07, 8.73974386195e-07, 8.45042563924e-07, 2.42626896352e-07, 4.04798498721e-07, 2.1223360136e-07, 8.01537751727e-08, 6.10786798916e-08, 4.12305531938e-08, 3.73905955087e-08, 2.53954919316e-08, 2.12480273376e-08, 2.77033738172e-08, 2.59284629323e-08, 2.58222776495e-08, 2.50121008349e-08],
        "min": [1.14278697616e-09, 3.9453940115e-10, 4.17343548609e-10, 7.65219720922e-10, 6.80534240072e-10, 1.29453037179e-09, 3.68067798462e-09, 4.60096005739e-09, 5.00190289188e-09, 7.66457119994e-09, 8.65774865133e-08, 3.2632260627e-07, 1.26437186054e-07, 1.61674460486e-08, 7.94396726178e-09, 6.17131945546e-09, 2.24898188961e-09, 5.93772320201e-09, 1.56533737083e-08, 4.77569805923e-09, 2.88950618987e-09, 2.02372829605e-09, 2.92315949224e-09, 1.81874415528e-09, 5.67444202737e-10, 5.593069341e-10, 1.01445285505e-09, 9.59908375009e-10, 4.14730083609e-10, 1.85662693553e-10, 1.165466057e-10, 1.39440597957e-10, 1.6951368087e-10, 1.3768229612e-10, 7.44373104822e-11, 6.20510032245e-11, 4.8370158573e-11, 5.39494907081e-11, 3.79669073958e-11, 4.61565959065e-11],
        "var": [7.86229798866e-16, 2.31713875653e-14, 1.72020346779e-14, 3.06678727552e-13, 9.15119434224e-13, 5.95885320254e-13, 4.3801797584e-13, 2.54848795062e-13, 2.728866395e-13, 4.40539445201e-12, 4.63964830999e-08, 3.45856051354e-06, 4.71529588708e-08, 2.43964093719e-12, 2.0129193451e-12, 2.44544206933e-12, 4.08206498118e-12, 1.60126056858e-09, 3.06430791852e-09, 9.83857439962e-12, 9.49515032572e-12, 1.22106439543e-11, 1.63270708065e-09, 3.49329731808e-11, 9.31482495303e-12, 1.27295995966e-09, 1.27129318184e-09, 2.37484619643e-12, 5.9757324089e-11, 1.34817270195e-11, 3.92864343488e-12, 5.58183534116e-12, 7.12698075469e-13, 9.14226051633e-13, 5.00638213611e-13, 2.45464645788e-13, 2.97400098255e-13, 2.62597127203e-13, 5.24526982178e-13, 7.30668075957e-13]
    },
    "mfcc": {
        "mean": [-826.516479492, 17.6640148163, -85.9127731323, -29.1627082825, -30.2912979126, -18.8231315613, 10.9194984436, 10.4815855026, 11.6228017807, -3.1921043396, -29.0299968719, -32.3420562744, -5.70842838287],
        "cov": [[8465.96386719, -1834.07580566, -438.977172852, -218.193222046, -658.970397949, -669.316772461, -79.4982376099, -238.60609436, -201.472564697, -191.166091919, -252.181365967, -382.898864746, -232.654571533], [-1834.07580566, 488.521148682, 114.826187134, 65.042137146, 164.823242188, 169.528625488, 25.3357467651, 61.3671722412, 62.0784988403, 49.9611587524, 45.9873466492, 65.7669296265, 33.6807441711], [-438.977172852, 114.826187134, 93.4844894409, 21.0231876373, 39.1648674011, 49.3467788696, 10.641412735, 18.7174358368, 14.5815591812, 2.21292161942, 6.7359957695, 12.7262487411, 8.12285041809], [-218.193222046, 65.042137146, 21.0231876373, 92.2628326416, 59.9054412842, 24.3531169891, 21.0910263062, 6.42490816116, 0.348228722811, 4.96760606766, 12.8235816956, 17.4047641754, 1.96910429001], [-658.970397949, 164.823242188, 39.1648674011, 59.9054412842, 101.401626587, 72.8970031738, 15.1119804382, 20.3148708344, 21.5675678253, 18.7584209442, 23.6115760803, 26.1916751862, 7.91939020157], [-669.316772461, 169.528625488, 49.3467788696, 24.3531169891, 72.8970031738, 96.2679901123, 21.9174785614, 15.3317632675, 28.7723865509, 28.4994220734, 9.01799678802, 14.8641138077, 15.8323192596], [-79.4982376099, 25.3357467651, 10.641412735, 21.0910263062, 15.1119804382, 21.9174785614, 35.5174560547, 7.12650203705, 6.51395082474, 8.32581520081, -1.08026456833, 3.03547692299, 0.267933338881], [-238.60609436, 61.3671722412, 18.7174358368, 6.42490816116, 20.3148708344, 15.3317632675, 7.12650203705, 56.0107917786, 14.9289293289, -0.957881987095, 21.5416488647, 23.8461532593, 1.25444459915], [-201.472564697, 62.0784988403, 14.5815591812, 0.348228722811, 21.5675678253, 28.7723865509, 6.51395082474, 14.9289293289, 37.8282928467, 18.600528717, 0.883100271225, 1.91524529457, -1.04413545132], [-191.166091919, 49.9611587524, 2.21292161942, 4.96760606766, 18.7584209442, 28.4994220734, 8.32581520081, -0.957881987095, 18.600528717, 41.5591278076, 9.33577442169, 1.71006429195, 11.5875072479], [-252.181365967, 45.9873466492, 6.7359957695, 12.8235816956, 23.6115760803, 9.01799678802, -1.08026456833, 21.5416488647, 0.883100271225, 9.33577442169, 49.3774490356, 37.1139411926, 13.5201501846], [-382.898864746, 65.7669296265, 12.7262487411, 17.4047641754, 26.1916751862, 14.8641138077, 3.03547692299, 23.8461532593, 1.91524529457, 1.71006429195, 37.1139411926, 61.3192520142, 21.1170291901], [-232.654571533, 33.6807441711, 8.12285041809, 1.96910429001, 7.91939020157, 15.8323192596, 0.267933338881, 1.25444459915, -1.04413545132, 11.5875072479, 13.5201501846, 21.1170291901, 40.3407363892]],
