{
"lowlevel": {
    "average_loudness": 0.978076696396,
    "barkbands_crest": {
        "dmean": 1.07072818279,
        "dmean2": 0.95703881979,
        "dvar": 1.21117973328,
        "dvar2": 1.35643231869,
        "max": 24.8940925598,
        "mean": 17.8023738861,
        "median": 17.544839859,
        "min": 10.6311311722,
        "var": 17.78490448
    },
    "barkbands_flatness_db": {
        "dmean": 0.0257630553097,
        "dmean2": 0.0383202135563,
        "dvar": 0.000946204469074,
        "dvar2": 0.00135345989838,
        "max": 0.496263325214,
        "mean": 0.429526567459,
        "median": 0.438398897648,
        "min": 0.147926732898,
        "var": 0.00213207839988
    },
    "barkbands_kurtosis": {
        "dmean": 9.12395381927,
        "dmean2": 10.4836835861,
        "dvar": 668.589294434,
        "dvar2": 809.279785156,
        "max": 345.251190186,
        "mean": 21.8790626526,
        "median": 0.858074426651,
        "min": -1.15933823586,
        "var": 3184.22558594
    },
    "barkbands_skewness": {
        "dmean": 0.713654220104,
        "dmean2": 0.859640240669,
        "dvar": 1.00735020638,
        "dvar2": 2.24390006065,
        "max": 13.8884210587,
        "mean": 1.75882291794,
        "median": 1.00647866726,
        "min": -1.31019294262,
        "var": 7.59412956238
    },
    "barkbands_spread": {
        "dmean": 0.576289892197,
        "dmean2": 0.573743164539,
        "dvar": 0.252384066582,
        "dvar2": 0.236438006163,
        "max": 10.4769220352,
        "mean": 5.74092912674,
        "median": 6.4838309288,
        "min": 0.203444033861,
        "var": 8.2871465683
    },
    "dissonance": {
        "dmean": 0.0536751486361,
        "dmean2": 0.0929293334484,
        "dvar": 0.00305961049162,
        "dvar2": 0.00818949565291,
        "max": 0.499898284674,
        "mean": 0.365413546562,
        "median": 0.382806003094,
        "min": 0.160958632827,
        "var": 0.00604487303644
    },
    "dynamic_complexity": 3.78049087524,
    "erbbands_crest": {
        "dmean": 1.42361462116,
        "dmean2": 1.23985648155,
        "dvar": 2.04240512848,
        "dvar2": 2.14093208313,
        "max": 34.8070831299,
        "mean": 23.9238948822,
        "median": 22.3757190704,
        "min": 13.1624279022,
        "var": 44.5381355286
    },
    "erbbands_flatness_db": {
        "dmean": 0.013133761473,
        "dmean2": 0.0173416826874,
        "dvar": 0.000373521121219,
        "dvar2": 0.000280227250187,
        "max": 0.539913117886,
        "mean": 0.449136257172,
        "median": 0.449023932219,
        "min": 0.258948385715,
        "var": 0.00120229297318
    },
    "erbbands_kurtosis": {
        "dmean": 6.18886327744,
        "dmean2": 7.51304006577,
        "dvar": 306.670776367,
        "dvar2": 389.089141846,
        "max": 217.113479614,
        "mean": 18.0468654633,
        "median": 1.46675014496,
        "min": -0.828009605408,
        "var": 1676.89526367
    },
    "erbbands_skewness": {
        "dmean": 0.410336911678,
        "dmean2": 0.437761634588,
        "dvar": 0.382814139128,
        "dvar2": 0.527345597744,
        "max": 11.4342432022,
        "mean": 2.25701069832,
        "median": 1.20406496525,
        "min": -0.152107879519,
        "var": 7.46302223206
    },
    "erbbands_spread": {
        "dmean": 0.800476431847,
        "dmean2": 0.728453278542,
        "dvar": 0.565201282501,
        "dvar2": 0.492895931005,
        "max": 15.2099323273,
        "mean": 7.63011360168,
        "median": 8.91076564789,
        "min": 0.334058374166,
        "var": 15.1442317963
    },
    "hfc": {
        "dmean": 3.26639604568,
        "dmean2": 2.37942790985,
        "dvar": 19.9770240784,
        "dvar2": 16.2718238831,
        "max": 83.3696899414,
        "mean": 22.8003578186,
        "median": 14.1200141907,
        "min": 0.0462598465383,
        "var": 531.952880859
    },
    "melbands_crest": {
        "dmean": 1.35758590698,
        "dmean2": 1.07907521725,
        "dvar": 2.89909505844,
        "dvar2": 2.13877034187,
        "max": 35.6163978577,
        "mean": 26.5961761475,
        "median": 28.1406059265,
        "min": 12.4117050171,
        "var": 50.7324523926
    },
    "melbands_flatness_db": {
        "dmean": 0.0232089255005,
        "dmean2": 0.0341893471777,
        "dvar": 0.000823431706522,
        "dvar2": 0.00115876167547,
        "max": 0.531327426434,
        "mean": 0.446796119213,
        "median": 0.455206423998,
        "min": 0.204815253615,
        "var": 0.00178022927139
    },
    "melbands_kurtosis": {
        "dmean": 12.2546987534,
        "dmean2": 14.3387546539,
        "dvar": 1393.07458496,
        "dvar2": 2013.15075684,
        "max": 447.801147461,
        "mean": 34.9614830017,
        "median": 3.55523633957,
        "min": -0.939612627029,
        "var": 6598.70751953
    },
    "melbands_skewness": {
        "dmean": 0.728735268116,
        "dmean2": 0.912120521069,
        "dvar": 1.45615231991,
        "dvar2": 2.70141625404,
        "max": 13.9166097641,
        "mean": 2.50624012947,
        "median": 1.78636908531,
        "min": -0.017671380192,
        "var": 7.91561794281
    },
    "melbands_spread": {
        "dmean": 0.923595786095,
        "dmean2": 0.839583575726,
        "dvar": 0.868800163269,
        "dvar2": 0.571207642555,
        "max": 16.6207466125,
        "mean": 8.53293895721,
        "median": 9.68758010864,
        "min": 0.212140336633,
        "var": 24.6808490753
    },
    "pitch_salience": {
        "dmean": 0.0437785722315,
        "dmean2": 0.0450131110847,
        "dvar": 0.0023906910792,
        "dvar2": 0.00234627095051,
        "max": 0.81147313118,
        "mean": 0.472537606955,
        "median": 0.527241826057,
        "min": 0.0300649050623,
        "var": 0.0384747497737
    },
    "silence_rate_20dB": {
        "dmean": 0,
        "dmean2": 0,
        "dvar": 0,
        "dvar2": 0,
        "max": 1,
        "mean": 1,
        "median": 1,
        "min": 1,
        "var": 0
    },
    "silence_rate_30dB": {
        "dmean": 0,
        "dmean2": 0,
        "dvar": 0,
        "dvar2": 0,
        "max": 1,
        "mean": 1,
        "median": 1,
        "min": 1,
        "var": 0
    },
    "silence_rate_60dB": {
        "dmean": 0.0222222227603,
        "dmean2": 0.0449438206851,
        "dvar": 0.0217283964157,
        "dvar2": 0.042923912406,
        "max": 1,
        "mean": 0.208791211247,
        "median": 0,
        "min": 0,
        "var": 0.165197119117
    },
    "spectral_centroid": {
        "dmean": 63.7566604614,
        "dmean2": 61.6959037781,
        "dvar": 3263.55664062,
        "dvar2": 3224.46704102,
        "max": 2104.52416992,
        "mean": 1461.51940918,
        "median": 1526.88464355,
        "min": 909.279724121,
        "var": 116149.976562
    },
    "spectral_complexity": {
        "dmean": 0.344444453716,
        "dmean2": 0.629213511944,
        "dvar": 0.292469292879,
        "dvar2": 0.54791021347,
        "max": 5,
        "mean": 3.37362647057,
        "median": 4,
        "min": 0,
        "var": 2.14611959457
    },
    "spectral_decrease": {
        "dmean": 4.34975278019e-10,
        "dmean2": 2.61952765035e-10,
        "dvar": 2.58988362785e-19,
        "dvar2": 2.39027951766e-19,
        "max": -9.27272668372e-12,
        "mean": -3.60389718068e-09,
        "median": -2.74850631143e-09,
        "min": -1.1974593761e-08,
        "var": 9.79629089548e-18
    },
    "spectral_energy": {
        "dmean": 0.00193468609359,
        "dmean2": 0.00120143778622,
        "dvar": 5.37405730938e-06,
        "dvar2": 4.85964392283e-06,
        "max": 0.0527566708624,
        "mean": 0.015669927001,
        "median": 0.0115420240909,
        "min": 3.91933936044e-05,
        "var": 0.000192901221453
    },
    "spectral_energyband_high": {
        "dmean": 3.74564078811e-05,
        "dmean2": 3.99028685933e-05,
        "dvar": 3.47319417671e-09,
        "dvar2": 4.00177047055e-09,
        "max": 0.000777583161835,
        "mean": 0.000152973836521,
        "median": 7.8187622421e-05,
        "min": 1.26842039094e-07,
        "var": 3.84540754794e-08
    },
    "spectral_energyband_low": {
        "dmean": 2.51143433161e-06,
        "dmean2": 4.30128739026e-06,
        "dvar": 1.43044690676e-11,
        "dvar2": 4.84392560784e-11,
        "max": 2.98585091514e-05,
        "mean": 3.25828409586e-06,
        "median": 1.23069912661e-06,
        "min": 2.03247054742e-08,
        "var": 2.30457146422e-11
    },
    "spectral_energyband_middle_high": {
        "dmean": 0.00191256485414,
        "dmean2": 0.00119228707626,
        "dvar": 5.25672612639e-06,
        "dvar2": 4.78764468426e-06,
        "max": 0.0523111224174,
        "mean": 0.0155063001439,
        "median": 0.0114457178861,
        "min": 3.50819173036e-05,
        "var": 0.000188218720723
    },
    "spectral_energyband_middle_low": {
        "dmean": 5.23337860159e-07,
        "dmean2": 8.74942486462e-07,
        "dvar": 1.4305377629e-12,
        "dvar2": 2.29519181438e-12,
        "max": 9.16056160349e-06,
        "mean": 5.67922654682e-07,
        "median": 2.00408479145e-07,
        "min": 7.89784522226e-08,
        "var": 1.48920773716e-12
    },
    "spectral_entropy": {
        "dmean": 0.293207317591,
        "dmean2": 0.455474585295,
        "dvar": 0.149977087975,
        "dvar2": 0.267986476421,
        "max": 7.6171503067,
        "mean": 4.7204580307,
        "median": 4.58647727966,
        "min": 4.03294897079,
        "var": 0.234900414944
    },
    "spectral_flux": {
        "dmean": 0.00424393732101,
        "dmean2": 0.00570914940909,
        "dvar": 3.77272372134e-05,
        "dvar2": 8.54131649248e-05,
        "max": 0.0634260699153,
        "mean": 0.0139542398974,
        "median": 0.0108498483896,
        "min": 0.00144002679735,
        "var": 9.27534056245e-05
    },
    "spectral_kurtosis": {
        "dmean": 4.53241205215,
        "dmean2": 7.08482027054,
        "dvar": 13.4708166122,
        "dvar2": 36.9123268127,
        "max": 34.8012466431,
        "mean": 16.2770347595,
        "median": 15.9271183014,
        "min": 5.36017513275,
        "var": 43.9687347412
    },
    "spectral_rms": {
        "dmean": 0.000242354799411,
        "dmean2": 0.000126744795125,
        "dvar": 4.18068033525e-08,
        "dvar2": 3.59203085054e-08,
        "max": 0.00717425439507,
        "mean": 0.0034752804786,
        "median": 0.00335566862486,
        "min": 0.000195543994778,
        "var": 3.21016455018e-06
    },
    "spectral_rolloff": {
        "dmean": 51.4404296875,
        "dmean2": 99.9237365723,
        "dvar": 38647.0351562,
        "dvar2": 70210.875,
        "max": 2713.18359375,
        "mean": 1571.45019531,
        "median": 1808.7890625,
        "min": 904.39453125,
        "var": 209144.5
    },
    "spectral_skewness": {
        "dmean": 0.40035405755,
        "dmean2": 0.616089105606,
        "dvar": 0.101900354028,
        "dvar2": 0.284351736307,
        "max": 4.7774939537,
        "mean": 2.92221236229,
        "median": 2.84839081764,
        "min": 1.53362214565,
        "var": 0.44455447793
    },
    "spectral_spread": {
        "dmean": 303637.8125,
        "dmean2": 416044.28125,
        "dvar": 236964823040,
        "dvar2": 178765709312,
        "max": 8099440.5,
        "mean": 2789735.25,
        "median": 2693942.75,
        "min": 1931280,
        "var": 527436939264
    },
    "spectral_strongpeak": {
        "dmean": 0.633715212345,
        "dmean2": 0.904387295246,
        "dvar": 1.75486505032,
        "dvar2": 2.81680846214,
        "max": 13.9036855698,
        "mean": 4.4050488472,
        "median": 3.0353910923,
        "min": 0.0247403811663,
        "var": 12.6521863937
    },
    "zerocrossingrate": {
        "dmean": 0.00342881935649,
        "dmean2": 0.00348380440846,
        "dvar": 4.51139785582e-05,
        "dvar2": 3.8764141209e-05,
        "max": 0.08203125,
        "mean": 0.0604663901031,
        "median": 0.05908203125,
        "min": 0.01025390625,
        "var": 0.000426330545451
    },
    "barkbands": {
        "dmean": [1.02167969089e-05, 2.02608958944e-07, 1.76660055473e-08, 1.79895636165e-08, 2.34022685675e-08, 2.97834485963e-08, 3.05300957848e-08, 4.92963465604e-08, 2.31760367342e-07, 0.000657154421788, 0.000112391615403, 2.27160484201e-07, 2.34378475739e-07, 1.16373951187e-06, 0.00134262000211, 5.22594461927e-07, 4.4713792704e-06, 0.000259734515566, 8.26223185868e-05, 2.39344331021e-07, 2.41988545895e-05, 1.99080695893e-05, 6.49278172205e-06, 2.76538071375e-06, 2.68418352789e-06, 1.60285026141e-06, 2.0807799217e-07],
        "dmean2": [1.82800304174e-05, 3.65092319043e-07, 3.07504066654e-08, 3.06962562036e-08, 3.46636674919e-08, 4.47042154406e-08, 4.70522998341e-08, 7.97985748591e-08, 4.04163699841e-07, 0.000356870674295, 0.000105381775938, 4.1146716967e-07, 4.4548400524e-07, 2.21114896704e-06, 0.00111613492481, 9.50336470851e-07, 6.73428758091e-06, 0.00023153280199, 8.46367693157e-05, 4.27052100349e-07, 2.92381064355e-05, 2.16899206862e-05, 9.71824829321e-06, 3.86001465813e-06, 3.28814098793e-06, 1.91539879779e-06, 2.84386544536e-07],
        "dvar": [2.37937558545e-10, 1.66274898581e-13, 4.39244472559e-16, 6.33476141856e-16, 1.58846989686e-15, 3.97582527068e-15, 7.15271974815e-15, 1.25459945167e-14, 2.43839508047e-13, 2.52926838584e-07, 1.07373576697e-08, 2.52903627944e-13, 3.16248085662e-13, 8.64265169848e-12, 5.61961405765e-06, 1.82802709602e-12, 5.34356274506e-11, 2.64530427785e-07, 2.5902242129e-08, 3.69309048403e-13, 2.32073471551e-09, 1.32560562527e-09, 1.72185585234e-10, 1.96539416686e-11, 2.10778044324e-11, 1.09986238866e-11, 1.21971348494e-13],
        "dvar2": [7.99421973063e-10, 5.15943353579e-13, 9.23004179326e-16, 1.4600818308e-15, 1.91345949807e-15, 5.57165651913e-15, 8.77294723954e-15, 1.74306539525e-14, 4.60312018537e-13, 1.07018429674e-07, 1.48139660539e-08, 6.21417522474e-13, 9.39805308228e-13, 2.64870243794e-11, 5.08939911015e-06, 5.68058447503e-12, 1.16181647636e-10, 1.96129875008e-07, 2.71285376385e-08, 1.01451421049e-12, 3.05290126512e-09, 1.606325295e-09, 3.14576337201e-10, 4.29191231166e-11, 3.95914100115e-11, 1.68742589346e-11, 2.27086646471e-13],
        "max": [9.65357903624e-05, 2.49755112236e-06, 1.22878006437e-07, 1.86838050809e-07, 3.73950115318e-07, 5.28983832737e-07, 7.34944194392e-07, 9.16722513011e-07, 3.32829768013e-06, 0.0149077512324, 0.00250233151019, 2.78063362202e-06, 3.61048023478e-06, 1.57830472745e-05, 0.0364802256227, 7.58962778491e-06, 5.04757044837e-05, 0.00688357325271, 0.00177262176294, 4.24424024459e-06, 0.000566773931496, 0.000416579976445, 0.000114804119221, 3.64486659237e-05, 6.55925396131e-05, 3.18388993037e-05, 3.35464483214e-06],
        "mean": [9.94061792881e-06, 2.38820945242e-07, 2.01179393144e-08, 2.06329424657e-08, 4.07775466726e-08, 4.44253238641e-08, 4.14706775587e-08, 5.64624293986e-08, 2.02637934876e-07, 0.00673594372347, 0.00103176780976, 2.17322579488e-07, 2.08199452345e-07, 7.88045781519e-07, 0.00688689341769, 4.59877128378e-07, 1.15733600978e-05, 0.000666429812554, 0.000171959865838, 2.57594706454e-07, 5.76090242248e-05, 6.13748998148e-05, 1.4052096958e-05, 7.64663582231e-06, 7.71165468905e-06, 3.84295753975e-06, 6.17450780283e-07],
        "median": [3.24770894622e-06, 9.0763847993e-08, 1.10440545598e-08, 1.33796662638e-08, 2.65556820978e-08, 2.76579950054e-08, 1.88908622079e-08, 1.83371593465e-08, 4.05587385899e-08, 0.00647403951734, 0.00100744201336, 7.63744552046e-08, 9.11977764417e-08, 1.79206367079e-07, 0.00225820112973, 1.14649303384e-07, 5.55549695491e-06, 0.000269647629466, 5.4895721405e-05, 7.21470527765e-08, 2.27228792937e-05, 1.69598915818e-05, 4.70080158266e-06, 4.84609290652e-06, 1.67268115092e-06, 6.77339528465e-07, 1.49292148421e-07],
        "min": [5.46936185231e-09, 3.76588715767e-09, 1.26361621167e-09, 5.5496962581e-10, 8.55297876967e-09, 2.95296764818e-09, 3.16953907564e-09, 3.17675374895e-09, 4.37843095114e-09, 1.54314730025e-05, 8.76103422343e-06, 3.25898197318e-09, 1.33177668893e-09, 7.8807165238e-09, 1.05405753459e-07, 2.66032729179e-09, 3.40460104553e-08, 2.31197798684e-08, 1.79025704483e-07, 5.24939780533e-09, 1.77824670544e-08, 2.77576273078e-08, 6.684437448e-09, 1.0083161861e-08, 6.04862249176e-09, 5.61289503764e-09, 7.58949170176e-09],
        "var": [2.57458221409e-10, 1.8304150242e-13, 4.88473153951e-16, 6.947913746e-16, 2.33262010476e-15, 4.84499288291e-15, 8.13286900526e-15, 1.47098164134e-14, 2.33463557731e-13, 1.7818845663e-05, 4.94936784889e-07, 1.80658656437e-13, 1.82215760492e-13, 4.94572872239e-12, 8.65487963893e-05, 1.21959300298e-12, 1.82081044686e-10, 1.38511256864e-06, 9.60082218171e-08, 3.3546879467e-13, 9.74379243956e-09, 9.34207822212e-09, 5.47305478715e-10, 7.81086029189e-11, 1.58976595777e-10, 4.64639646203e-11, 7.69074745294e-13]
    },
    "erbbands": {
        "dmean": [3.10787763738e-05, 1.1712113519e-05, 1.73991429619e-05, 4.4785108912e-05, 5.98472070124e-05, 9.06494969968e-05, 0.00015350918693, 0.000283434434095, 0.000384480052162, 0.000722522265278, 0.00259001879022, 0.0395985394716, 2.14211082458, 31.5550556183, 2.34444093704, 0.0816614255309, 0.0444418080151, 1.44471991062, 62.6017723083, 18.503988266, 0.534516453743, 4.78065061569, 11.3879070282, 0.510642230511, 5.90269851685, 0.535170555115, 1.64075481892, 0.4141882658, 0.498872846365, 0.364335536957, 0.30459266901, 0.108030989766, 0.0443783216178, 0.0310298204422, 0.0210227519274, 0.0133967334405, 0.00100765621755, 0.000288076640572, 4.31309672422e-05, 3.40731708093e-06],
        "dmean2": [5.69231415284e-05, 2.11458846024e-05, 3.0311590308e-05, 7.59095710237e-05, 0.0001005303493, 0.000133535999339, 0.000247291522101, 0.000441406853497, 0.000598616723437, 0.00109655805863, 0.00275471876375, 0.0262989401817, 1.27575969696, 16.425907135, 1.32058000565, 0.049975015223, 0.0420251339674, 1.2499396801, 52.6066322327, 15.2782230377, 0.438074469566, 4.30724573135, 10.1627111435, 0.520491957664, 6.05042886734, 0.546079933643, 1.98184370995, 0.500324964523, 0.595758795738, 0.43149498105, 0.451793015003, 0.148607119918, 0.0539225079119, 0.0346334055066, 0.0314637459815, 0.0156213035807, 0.00120757403784, 0.00040190157597, 5.26037983946e-05, 2.66404845206e-06],
        "dvar": [2.39798692014e-09, 9.32419919053e-10, 4.58747873022e-10, 3.6088310118e-09, 6.88030210583e-09, 2.22150120521e-08, 8.49602557196e-08, 3.63085348454e-07, 1.16603928291e-06, 2.34827302847e-06, 1.04303117041e-05, 0.000942892511375, 2.88440728188, 546.25567627, 3.1434481144, 0.00357636576518, 0.00435596285388, 6.3536567688, 12228.0498047, 1060.60388184, 0.81393378973, 87.1672821045, 510.548339844, 0.682645559311, 132.616119385, 1.17172193527, 10.7250185013, 0.5618095994, 0.96869379282, 0.308211416006, 0.371028065681, 0.02945465222, 0.00555540435016, 0.00422500865534, 0.00148732878733, 0.000701079261489, 3.20750018545e-06, 2.93752208336e-07, 5.22088061672e-09, 1.63861077485e-11],
        "dvar2": [7.83330289522e-09, 2.59479793208e-09, 9.48315426186e-10, 8.34768432156e-09, 1.11871756303e-08, 2.67244182339e-08, 1.08662199239e-07, 5.21280242083e-07, 1.36960261443e-06, 3.10187738251e-06, 1.63225013239e-05, 0.000694748770911, 1.45529913902, 223.493026733, 1.59583735466, 0.00250569847412, 0.00564127229154, 6.03120422363, 11280.6591797, 934.999755859, 0.676723182201, 65.2751846313, 378.333465576, 0.671632707119, 139.191894531, 1.17424345016, 14.0507144928, 0.745734572411, 1.18243396282, 0.473049640656, 0.67455303669, 0.0573426745832, 0.0089524993673, 0.00462574372068, 0.00372248422354, 0.000949803041294, 5.08192033521e-06, 6.37644404833e-07, 9.12728292946e-09, 1.72044808955e-11],
        "max": [0.00038189557381, 0.000228070974117, 0.000122977580759, 0.000422916113166, 0.000590501644183, 0.00149543967564, 0.00253567914478, 0.00495365029201, 0.00958215910941, 0.0129748983309, 0.0392598770559, 0.861122429371, 48.0898971558, 722.39263916, 54.1569671631, 1.87694704533, 1.12004542351, 39.1106948853, 1708.7869873, 496.51675415, 13.6202325821, 124.518013, 303.413574219, 10.0151262283, 126.955886841, 12.4897661209, 38.5656471252, 8.24560832977, 9.97842216492, 5.43470621109, 5.3725476265, 1.34890687466, 0.851702272892, 0.845853626728, 0.398078322411, 0.253099918365, 0.0212963931262, 0.0057066208683, 0.000758084759582, 8.97463833098e-05],
        "mean": [4.15861286456e-05, 1.58735801961e-05, 2.19422181544e-05, 5.42731650057e-05, 9.10536036827e-05, 0.000149877523654, 0.000240154113271, 0.000448114762548, 0.000722209981177, 0.00239767623134, 0.0187956709415, 0.392994970083, 21.6808738708, 328.06463623, 24.6958026886, 0.850881397724, 0.258437216282, 7.25629806519, 319.331726074, 95.4173126221, 2.82005286217, 12.7505149841, 29.0363883972, 1.42704057693, 12.3222913742, 1.27989351749, 3.94504594803, 1.26228106022, 1.37551450729, 0.880044102669, 0.699357092381, 0.262558102608, 0.0962548926473, 0.0819649845362, 0.052748400718, 0.0341225042939, 0.00290543492883, 0.000731750158593, 0.000124384299852, 2.4754599508e-05],
        "median": [1.36767939694e-05, 7.09655887476e-06, 1.24053440231e-05, 3.84004524676e-05, 6.1078928411e-05, 9.92706700345e-05, 0.000142494580359, 0.000287829665467, 0.000480182119645, 0.00200754241087, 0.017829598859, 0.368057996035, 20.275604248, 320.038208008, 22.9784755707, 0.790840566158, 0.146385535598, 2.50795459747, 105.356689453, 32.9138298035, 1.07947349548, 5.5990986824, 11.5527601242, 0.940309226513, 3.97953295708, 0.481406092644, 1.56267273426, 0.441798895597, 0.353524446487, 0.20682656765, 0.283578395844, 0.15896821022, 0.0537597984076, 0.0107499444857, 0.0113052800298, 0.00923262629658, 0.00071307446342, 0.000121802419017, 3.17718331644e-05, 1.71846404555e-05],
        "min": [1.64581706485e-07, 5.74998637148e-07, 1.56831720233e-06, 4.80931021229e-06, 8.34916045278e-06, 1.99121277547e-05, 1.66312329384e-05, 6.04969427513e-05, 6.25024040346e-05, 0.000236815627431, 0.00140451570041, 0.0270166452974, 0.193160429597, 0.711127638817, 0.17200486362, 0.0241779200733, 0.00498981960118, 0.00396132236347, 0.00621785642579, 0.00210070051253, 0.00170727609657, 0.00324384099804, 0.00194917537738, 0.00151392631233, 0.0140596656129, 0.00203790492378, 0.000940967292991, 0.00080050091492, 0.000449134851806, 0.000469893187983, 0.000285066285869, 0.000234333012486, 0.000162805139553, 6.46359476377e-05, 4.85446871608e-05, 1.47598666445e-05, 1.14350932563e-05, 3.70433554053e-06, 9.82609094535e-07, 1.61471788829e-07],
        "var": [3.76563180637e-09, 8.75326089389e-10, 5.65524571616e-10, 3.99833277598e-09, 9.64034985174e-09, 3.46124160444e-08, 1.10717344626e-07, 4.29306197702e-07, 1.29913587443e-06, 3.49592983184e-06, 0.000120233344205, 0.0587995648384, 183.405883789, 42545.0195312, 245.232940674, 0.287753283978, 0.0769342854619, 94.7441101074, 185181.71875, 16759.2324219, 13.9301271439, 465.57434082, 2667.61669922, 3.86447286606, 491.118865967, 4.71167802811, 45.1670036316, 3.80932307243, 5.6619310379, 1.51998448372, 1.25289678574, 0.0919917523861, 0.0218597296625, 0.0231695566326, 0.00723576219752, 0.00351510476321, 1.97017398023e-05, 1.4031122646e-06, 3.26574571829e-08, 5.20771425983e-10]
    },
    "gfcc": {
        "mean": [-207.415847778, -43.9297561646, -237.2396698, -28.7894039154, -38.2013931274, 45.3137512207, 11.7108211517, 28.5844974518, -15.3312454224, -23.7070159912, -33.8112564087, 3.0005903244, 27.0514945984],
        "cov": [[6915.23193359, -3652.82543945, -2006.57189941, 586.645019531, 155.271697998, 590.271362305, -736.473876953, 340.417175293, 362.617828369, 578.651245117, -621.961669922, 201.656600952, -95.6759796143], [-3652.82543945, 2224.25756836, 1158.49829102, -224.832809448, -52.0661201477, -298.699035645, 382.364959717, -165.710845947, -156.32069397, -276.66784668, 372.933807373, -115.336212158, 74.0551681519], [-2006.57189941, 1158.49829102, 867.64642334, -241.196762085, -125.514595032, -108.516342163, 239.251449585, -132.808624268, -130.23500061, -91.7144393921, 188.692855835, -73.6321868896, 38.8486709595], [586.645019531, -224.832809448, -241.196762085, 152.815643311, 68.5516891479, 38.0113449097, -61.83335495, 63.1671180725, 64.6635284424, 35.045589447, -30.2833709717, 33.2738761902, -3.07522249222], [155.271697998, -52.0661201477, -125.514595032, 68.5516891479, 93.5584182739, 10.9955720901, -33.3933639526, 24.6914691925, 54.4811096191, 3.65522265434, -23.841342926, 28.3398513794, 0.914225280285], [590.271362305, -298.699035645, -108.516342163, 38.0113449097, 10.9955720901, 151.016433716, -14.0041437149, 32.6796264648, 72.6033554077, 67.4837875366, -59.4728775024, 37.6541786194, 26.8599281311], [-736.473876953, 382.364959717, 239.251449585, -61.83335495, -33.3933639526, -14.0041437149, 206.419372559, 4.22580623627, -53.2775650024, -58.4904670715, 92.8983840942, -28.5482826233, 42.5370559692], [340.417175293, -165.710845947, -132.808624268, 63.1671180725, 24.6914691925, 32.6796264648, 4.22580623627, 103.675224304, 3.77593374252, -2.04322528839, 21.3217887878, -2.2851703167, 9.97928333282], [362.617828369, -156.32069397, -130.23500061, 64.6635284424, 54.4811096191, 72.6033554077, -53.2775650024, 3.77593374252, 107.032867432, 49.7256278992, -51.9549026489, 69.1539916992, 1.01807773113], [578.651245117, -276.66784668, -91.7144393921, 35.045589447, 3.65522265434, 67.4837875366, -58.4904670715, -2.04322528839, 49.7256278992, 126.039863586, -60.7752113342, 26.5345630646, 10.3212375641], [-621.961669922, 372.933807373, 188.692855835, -30.2833709717, -23.841342926, -59.4728775024, 92.8983840942, 21.3217887878, -51.9549026489, -60.7752113342, 116.812187195, -37.673625946, 23.2047195435], [201.656600952, -115.336212158, -73.6321868896, 33.2738761902, 28.3398513794, 37.6541786194, -28.5482826233, -2.2851703167, 69.1539916992, 26.5345630646, -37.673625946, 82.7267913818, 2.01771807671], [-95.6759796143, 74.0551681519, 38.8486709595, -3.07522249222, 0.914225280285, 26.8599281311, 42.5370559692, 9.97928333282, 1.01807773113, 10.3212375641, 23.2047195435, 2.01771807671, 57.9509124756]],
        "icov": [[0.00410292297602, 0.00215900293551, 0.00260893232189, -0.00516920723021, 0.00216035800986, -0.00740122562274, 0.00410596001893, -0.00289779808372, 0.00604235660285, -0.00671724369749, 0.00157322757877, -0.00088657165179, 0.00336424238048], [0.00215900293551, 0.0178682804108, -0.0198634341359, -0.015241750516, -0.00121990824118, 0.0221758075058, -0.00270785042085, 0.00257409620099, -0.0321670733392, 0.015608869493, -0.0010547216516, 0.0194007828832, -0.0179450437427], [0.00260893232189, -0.0198634341359, 0.0349395088851, 0.0164031013846, 0.00094335374888, -0.0441052429378, 0.00755661120638, 0.00377840246074, 0.0556596070528, -0.0312341433018, -0.0110570583493, -0.0293986368924, 0.0314051061869], [-0.00516920723021, -0.015241750516, 0.0164031013846, 0.0346415191889, -0.00680576357991, -0.00940367393196, -0.0010826945072, -0.0036076346878, 0.0133162057027, -0.00947729870677, -0.00678564282134, -0.0133261345327, 0.0123021565378], [0.00216035800986, -0.00121990824118, 0.00094335374888, -0.00680576357991, 0.0325484983623, 0.011461163871, 0.000590003211983, -0.0178778879344, -0.0226800721139, 0.00154302781448, 0.0226215776056, 0.00892115570605, -0.00829317700118], [-0.00740122562274, 0.0221758075058, -0.0441052429378, -0.00940367393196, 0.011461163871, 0.0911143943667, -0.0205793399364, -0.0166542828083, -0.105127498507, 0.0443928204477, 0.0300076119602, 0.049189131707, -0.0557159781456], [0.00410596001893, -0.00270785042085, 0.00755661120638, -0.0010826945072, 0.000590003211983, -0.0205793399364, 0.0165745578706, -0.00272245611995, 0.0226777102798, -0.00996541511267, -0.00457741972059, -0.00981698930264, 0.00649907020852], [-0.00289779808372, 0.00257409620099, 0.00377840246074, -0.0036076346878, -0.0178778879344, -0.0166542828083, -0.00272245611995, 0.0469925738871, 0.0207795165479, 0.00453126896173, -0.0417383722961, -0.00847062189132, 0.0069450228475], [0.00604235660285, -0.0321670733392, 0.0556596070528, 0.0133162057027, -0.0226800721139, -0.105127498507, 0.0226777102798, 0.0207795165479, 0.159762457013, -0.0601919591427, -0.0313596352935, -0.0815221369267, 0.0666447505355], [-0.00671724369749, 0.015608869493, -0.0312341433018, -0.00947729870677, 0.00154302781448, 0.0443928204477, -0.00996541511267, 0.00453126896173, -0.0601919591427, 0.0488924235106, 0.00770988408476, 0.0291323345155, -0.0364185981452], [0.00157322757877, -0.0010547216516, -0.0110570583493, -0.00678564282134, 0.0226215776056, 0.0300076119602, -0.00457741972059, -0.0417383722961, -0.0313596352935, 0.00770988408476, 0.067871414125, 0.0186132099479, -0.0213678162545], [-0.00088657165179, 0.0194007828832, -0.0293986368924, -0.0133261345327, 0.00892115570605, 0.049189131707, -0.00981698930264, -0.00847062189132, -0.0815221369267, 0.0291323345155, 0.0186132099479, 0.0595519766212, -0.0348130837083], [0.00336424238048, -0.0179450437427, 0.0314051061869, 0.0123021565378, -0.00829317700118, -0.0557159781456, 0.00649907020852, 0.0069450228475, 0.0666447505355, -0.0364185981452, -0.0213678162545, -0.0348130837083, 0.0604140534997]]
    },
    "melbands": {
        "dmean": [4.92382412176e-07, 1.04277839696e-08, 7.54922258039e-09, 4.9102784061e-09, 4.98186736309e-09, 6.13787509707e-09, 5.84176529372e-09, 7.80581999038e-09, 1.27017374396e-08, 3.33554091014e-08, 6.4045475483e-06, 0.000130538028316, 1.10546798169e-05, 2.9905727672e-08, 1.87229218795e-08, 2.82683636499e-08, 6.85470169515e-08, 7.9105309851e-05, 9.00207742234e-05, 6.83381529143e-08, 1.68459912686e-08, 6.9290059912e-08, 2.25965195568e-05, 1.31335787046e-06, 5.04756325626e-09, 3.40465476256e-06, 2.62226217274e-06, 4.87453499787e-09, 1.15683644708e-06, 2.98813120025e-07, 4.2393980948e-07, 4.74427679364e-07, 1.45413750374e-07, 1.68087339603e-07, 1.79083272656e-07, 7.94313095298e-08, 8.32018756114e-08, 3.13655021955e-08, 2.46773694812e-08, 2.52671394918e-08],
        "dmean2": [8.54105451253e-07, 1.83191737335e-08, 1.27525519034e-08, 7.54519469126e-09, 7.69372121567e-09, 9.53969081507e-09, 9.12782205376e-09, 1.25484120872e-08, 2.08489758791e-08, 5.77365923959e-08, 5.14008388564e-06, 6.79464719724e-05, 7.55719793233e-06, 5.17070120054e-08, 3.49430919755e-08, 5.43164482281e-08, 1.30192944425e-07, 6.70172012178e-05, 7.45281286072e-05, 1.26638653342e-07, 3.04812495244e-08, 1.12138266672e-07, 2.02420615096e-05, 1.19795970477e-06, 8.85761242131e-09, 3.47959189639e-06, 2.70304258265e-06, 7.92437138131e-09, 1.39751830375e-06, 3.65233404409e-07, 5.08305731728e-07, 5.74841976686e-07, 1.71804202864e-07, 1.98894326786e-07, 2.68161500117e-07, 1.15348441909e-07, 1.14423343689e-07, 3.89771273035e-08, 2.83090351161e-08, 2.88159647255e-08],
        "dvar": [5.59628678034e-13, 3.12644387164e-16, 1.0558062532e-16, 5.78784759699e-17, 9.31300483233e-17, 1.83926242944e-16, 2.80205831081e-16, 3.21027366364e-16, 8.27999799292e-16, 5.02233235943e-15, 3.18144260936e-11, 9.40425515239e-09, 8.1276013697e-11, 4.23907718145e-15, 1.86357179857e-15, 4.95078518044e-15, 3.45873164636e-14, 1.95150562377e-08, 2.52093013131e-08, 3.28599215167e-14, 1.95178583311e-15, 1.81462358567e-14, 1.98175076349e-09, 7.37586901278e-12, 1.37565959219e-16, 4.44826155077e-11, 2.56362431283e-11, 1.83451653031e-16, 5.36535616283e-12, 3.48703894535e-13, 6.78255737165e-13, 8.90531572095e-13, 4.94135067336e-14, 6.73740170641e-14, 1.30615096104e-13, 2.45192727883e-14, 2.14854853743e-14, 3.27579785604e-15, 2.09075810525e-15, 2.84925323962e-15],
        "dvar2": [1.88460076538e-12, 7.99192526393e-16, 2.22386779766e-16, 7.17629407797e-17, 1.17148494723e-16, 2.55195806884e-16, 3.28717049096e-16, 4.14242574585e-16, 1.22015445453e-15, 9.20738874412e-15, 3.83109446944e-11, 3.84888121374e-09, 6.53358755986e-11, 9.59208908591e-15, 5.285527519e-15, 1.48029680148e-14, 1.04935876069e-13, 1.81211863293e-08, 2.2370748809e-08, 1.0258945928e-13, 5.9140577296e-15, 4.92938209782e-14, 1.47506951098e-09, 5.39820054976e-12, 3.98106279303e-16, 4.71453154294e-11, 2.64608751577e-11, 4.154441967e-16, 7.05347889471e-12, 4.59522123044e-13, 8.27948278513e-13, 1.10180994103e-12, 7.61780639654e-14, 1.04926572259e-13, 2.37765211165e-13, 4.38796710826e-14, 4.25236899187e-14, 5.08539226829e-15, 2.37490928345e-15, 3.32414099095e-15],
        "max": [5.9788130784e-06, 1.09327217501e-07, 7.33256015906e-08, 7.06456759758e-08, 8.74373355941e-08, 1.1320963722e-07, 1.47809814166e-07, 1.50102124508e-07, 2.29138493069e-07, 4.90691832056e-07, 0.000128894258523, 0.00298157660291, 0.000251283549005, 3.67783940192e-07, 2.6990599622e-07, 4.51975722626e-07, 1.10975122425e-06, 0.0021614599973, 0.00242926646024, 8.94256686479e-07, 2.80723099877e-07, 1.02416731806e-06, 0.000594590324908, 3.68228902516e-05, 7.90309897525e-08, 7.37899390515e-05, 5.53963145649e-05, 1.19197935078e-07, 2.74339017778e-05, 6.72724809192e-06, 8.38303367345e-06, 9.39654910326e-06, 1.93619416677e-06, 2.38029792854e-06, 3.18014735967e-06, 1.37532651934e-06, 1.0984410892e-06, 6.06123762736e-07, 5.15437932336e-07, 7.17229227121e-07],
        "mean": [6.48486604859e-07, 1.2251825332e-08, 1.02000674573e-08, 8.38867197928e-09, 7.89454190908e-09, 9.03271946129e-09, 8.02657140753e-09, 9.98091831406e-09, 1.39993785453e-08, 2.9292797521e-08, 5.49840042368e-05, 0.00135397340637, 0.000115050104796, 3.23688951198e-08, 1.82508710367e-08, 2.29168861665e-08, 4.74034287379e-08, 0.000402363482863, 0.000463886855869, 5.11452284968e-08, 1.62732547437e-08, 1.52665322162e-07, 5.85470552323e-05, 3.07006803268e-06, 6.65683863588e-09, 7.07883827999e-06, 5.45114153283e-06, 6.26508933621e-09, 2.75310344477e-06, 7.15713952104e-07, 1.10937355657e-06, 1.23408597119e-06, 3.276252869e-07, 3.80141869982e-07, 3.89858996641e-07, 1.89160431319e-07, 1.68763122588e-07, 5.14428748488e-08, 5.40410667327e-08, 6.82811815977e-08],
        "median": [2.40725455569e-07, 6.68687905048e-09, 7.37593452982e-09, 5.1685709046e-09, 5.08458075643e-09, 5.25127630269e-09, 3.91799392929e-09, 3.87451892792e-09, 3.87585519235e-09, 6.49311315826e-09, 4.95587155456e-05, 0.00133297033608, 0.000109600427095, 1.33756135057e-08, 8.91713014539e-09, 8.99554830625e-09, 1.32370718831e-08, 0.000134837959195, 0.000157205242431, 8.77143069289e-09, 5.22651610879e-09, 7.73719435188e-08, 2.44721977651e-05, 9.51974243435e-07, 2.87278623112e-09, 2.22202402256e-06, 1.79926780675e-06, 2.01989980297e-09, 1.07717482933e-06, 2.73098493153e-07, 2.04729218467e-07, 2.48246180945e-07, 7.2566081144e-08, 7.47035855397e-08, 1.28432162683e-07, 7.94064263232e-08, 6.91504027373e-08, 1.72603904502e-08, 1.11279589987e-08, 8.76171402098e-09],
        "min": [1.31839383855e-09, 9.01740793147e-10, 1.16452336663e-09, 8.07418465421e-10, 4.63336868872e-10, 7.2470079937e-10, 8.11344047502e-10, 1.11073195086e-09, 5.67855984457e-10, 5.55421486581e-10, 1.0029658597e-06, 2.97296037388e-06, 8.45760496304e-07, 6.67712385383e-10, 2.11980238918e-10, 1.61606672489e-10, 5.38714961529e-10, 8.30206925428e-09, 6.62711219235e-09, 2.48230935807e-10, 1.62272570381e-10, 1.09699216377e-09, 3.29699245682e-09, 4.3097583835e-10, 1.34096733717e-10, 6.83275169777e-09, 5.12856423995e-09, 1.34663169504e-10, 4.98053209785e-10, 4.59317583967e-10, 2.76058398363e-10, 2.47181580759e-10, 1.55486706843e-10, 2.29542038155e-10, 1.41037501122e-10, 8.07878694498e-11, 1.45083944858e-10, 1.11432682526e-10, 8.68145555444e-11, 4.04234389018e-11],
        "var": [9.13128947455e-13, 3.27424000363e-16, 1.26632854983e-16, 9.00276908923e-17, 1.24655152165e-16, 2.18463402564e-16, 3.18544077521e-16, 3.87998846902e-16, 9.37164452622e-16, 4.90176103104e-15, 1.21808008124e-09, 7.23321079477e-07, 5.54419221643e-09, 3.380283817e-15, 1.12282052213e-15, 2.79874106509e-15, 1.92261994763e-14, 2.9348558428e-07, 3.95031406697e-07, 1.96090736151e-14, 1.37620089918e-15, 3.36872694182e-14, 1.04112007904e-08, 3.70302087604e-11, 1.17956034759e-16, 1.63786928464e-10, 9.59105017628e-11, 2.2091682026e-16, 2.26285344629e-11, 1.43147906723e-12, 3.86934928542e-12, 4.90057560504e-12, 2.18081005728e-13, 3.00856643201e-13, 4.19141853386e-13, 8.31261939165e-14, 4.84996767682e-14, 9.93208811094e-15, 9.18112309946e-15, 1.6221890503e-14]
    },
    "mfcc": {
        "mean": [-896.728393555, -4.20118284225, -65.3462142944, -21.7807502747, -25.4902496338, 14.0428590775, 23.6133289337, 46.8125572205, 40.0393371582, 12.740858078, -30.1287994385, -55.5613555908, -23.1688346863],
        "cov": [[4848.26611328, -2729.22387695, -625.997680664, 191.0184021, -31.509847641, 314.898925781, -542.061279297, 119.099884033, 326.482757568, 226.32623291, 173.998550415, -342.288482666, -355.962127686], [-2729.22387695, 2198.08740234, 314.661651611, -257.594390869, 53.7535171509, -190.661117554, 363.62197876, -223.70401001, -189.725341797, -52.2148857117, -22.7152080536, 386.062225342, 327.331176758], [-625.997680664, 314.661651611, 221.584869385, -37.2996788025, 13.5581798553, -21.3271274567, 59.3784866333, -26.5889816284, -51.1839027405, -37.7550430298, -36.8921051025, 38.8525848389, 39.0750427246], [191.0184021, -257.594390869, -37.2996788025, 220.625045776, 15.7114934921, 18.6118793488, -55.1831817627, 118.968185425, 36.0283432007, -2.55702757835, 1.22305166721, -66.0734939575, -93.4729156494], [-31.509847641, 53.7535171509, 13.5581798553, 15.7114934921, 59.9258575439, -14.5084066391, -3.14680051804, 7.59518480301, 13.7602338791, -3.03312206268, 4.8282418251, 13.7574357986, -16.8578529358], [314.898925781, -190.661117554, -21.3271274567, 18.6118793488, -14.5084066391, 145.550231934, -81.9200668335, 45.1110877991, 65.0026779175, 7.93390369415, 29.8399448395, -14.3267736435, -49.9796180725], [-542.061279297, 363.62197876, 59.3784866333, -55.1831817627, -3.14680051804, -81.9200668335, 260.935882568, -33.871547699, -36.0263290405, 21.0964889526, -66.3862228394, 72.8511581421, 85.3340682983], [119.099884033, -223.70401001, -26.5889816284, 118.968185425, 7.59518480301, 45.1110877991, -33.871547699, 147.658508301, 31.7527732849, -10.8051433563, 5.39626502991, -25.0653915405, -78.341583252], [326.482757568, -189.725341797, -51.1839027405, 36.0283432007, 13.7602338791, 65.0026779175, -36.0263290405, 31.7527732849, 94.9759902954, 6.86059570312, 13.1457366943, -8.2759437561, -52.4030380249], [226.32623291, -52.2148857117, -37.7550430298, -2.55702757835, -3.03312206268, 7.93390369415, 21.0964889526, -10.8051433563, 6.86059570312, 99.8089981079, 7.22239112854, 8.71628570557, 13.5130977631], [173.998550415, -22.7152080536, -36.8921051025, 1.22305166721, 4.8282418251, 29.8399448395, -66.3862228394, 5.39626502991, 13.1457366943, 7.22239112854, 71.5966339111, -3.09939718246, 0.22887776792], [-342.288482666, 386.062225342, 38.8525848389, -66.0734939575, 13.7574357986, -14.3267736435, 72.8511581421, -25.0653915405, -8.2759437561, 8.71628570557, -3.09939718246, 163.919296265, 47.4240455627], [-355.962127686, 327.331176758, 39.0750427246, -93.4729156494, -16.8578529358, -49.9796180725, 85.3340682983, -78.341583252, -52.4030380249, 13.5130977631, 0.22887776792, 47.4240455627, 126.832618713]],
