{
"lowlevel": {
    "average_loudness": 0.99068403244,
    "barkbands_crest": {
        "dmean": 2.28833627701,
        "dmean2": 3.46640443802,
        "dvar": 6.61043405533,
        "dvar2": 18.2166309357,
        "max": 24.1907997131,
        "mean": 13.9972963333,
        "median": 16.3178329468,
        "min": 3.39108538628,
        "var": 49.9188346863
    },
    "barkbands_flatness_db": {
        "dmean": 0.0173135269433,
        "dmean2": 0.0248126443475,
        "dvar": 0.000255266029853,
        "dvar2": 0.000712852575816,
        "max": 0.292131721973,
        "mean": 0.151337951422,
        "median": 0.144875705242,
        "min": 0.0376533605158,
        "var": 0.00564813520759
    },
    "barkbands_kurtosis": {
        "dmean": 4.02665376663,
        "dmean2": 5.99031639099,
        "dvar": 25.182559967,
        "dvar2": 51.4380455017,
        "max": 56.3222885132,
        "mean": 15.4011306763,
        "median": 6.33964920044,
        "min": -0.491690635681,
        "var": 314.59173584
    },
    "barkbands_skewness": {
        "dmean": 0.75268638134,
        "dmean2": 1.23068916798,
        "dvar": 0.611845850945,
        "dvar2": 1.276943326,
        "max": 6.10575008392,
        "mean": 1.98657643795,
        "median": 1.26492369175,
        "min": -0.999032080173,
        "var": 3.81443023682
    },
    "barkbands_spread": {
        "dmean": 3.04156732559,
        "dmean2": 4.87993049622,
        "dvar": 14.2501955032,
        "dvar2": 37.6986885071,
        "max": 28.0993061066,
        "mean": 11.1818323135,
        "median": 10.1870155334,
        "min": 1.3348389864,
        "var": 67.4145431519
    },
    "dissonance": {
        "dmean": 0.0235010255128,
        "dmean2": 0.0366698987782,
        "dvar": 0.000422724580858,
        "dvar2": 0.0010549480794,
        "max": 0.49936440587,
        "mean": 0.439849436283,
        "median": 0.460924237967,
        "min": 0.311988860369,
        "var": 0.00274124951102
    },
    "dynamic_complexity": 8.52044582367,
    "erbbands_crest": {
        "dmean": 2.70963954926,
        "dmean2": 4.44864082336,
        "dvar": 10.7383394241,
        "dvar2": 28.0751304626,
        "max": 32.6077613831,
        "mean": 19.6568946838,
        "median": 25.0789089203,
        "min": 3.12348341942,
        "var": 109.885322571
    },
    "erbbands_flatness_db": {
        "dmean": 0.0182376094162,
        "dmean2": 0.0278317295015,
        "dvar": 0.000353755196556,
        "dvar2": 0.000883452477865,
        "max": 0.386518090963,
        "mean": 0.245175182819,
        "median": 0.241876542568,
        "min": 0.126205682755,
        "var": 0.0063281096518
    },
    "erbbands_kurtosis": {
        "dmean": 3.70960116386,
        "dmean2": 5.87264204025,
        "dvar": 20.1341896057,
        "dvar2": 45.0737075806,
        "max": 47.743473053,
        "mean": 13.7136249542,
        "median": 8.50168991089,
        "min": -0.760653972626,
        "var": 209.369064331
    },
    "erbbands_skewness": {
        "dmean": 0.496418297291,
        "dmean2": 0.80735117197,
        "dvar": 0.277570039034,
        "dvar2": 0.71720212698,
        "max": 5.87362623215,
        "mean": 2.41075444221,
        "median": 2.31621551514,
        "min": -0.755720257759,
        "var": 3.75655341148
    },
    "erbbands_spread": {
        "dmean": 3.16363787651,
        "dmean2": 5.4089589119,
        "dvar": 17.1318035126,
        "dvar2": 42.5333366394,
        "max": 31.9044399261,
        "mean": 12.2411499023,
        "median": 10.0438909531,
        "min": 1.88187229633,
        "var": 84.3849258423
    },
    "hfc": {
        "dmean": 2.77532219887,
        "dmean2": 4.23531198502,
        "dvar": 73.1904678345,
        "dvar2": 201.31628418,
        "max": 93.3188552856,
        "mean": 6.53350448608,
        "median": 0.527899324894,
        "min": 0.127662226558,
        "var": 242.368423462
    },
    "melbands_crest": {
        "dmean": 2.95282626152,
        "dmean2": 4.72151708603,
        "dvar": 13.0287837982,
        "dvar2": 36.005607605,
        "max": 32.9866790771,
        "mean": 19.4242401123,
        "median": 22.5313816071,
        "min": 3.94895529747,
        "var": 111.868499756
    },
    "melbands_flatness_db": {
        "dmean": 0.0165926050395,
        "dmean2": 0.0255552902818,
        "dvar": 0.000282043300103,
        "dvar2": 0.000677461794112,
        "max": 0.32617649436,
        "mean": 0.194507360458,
        "median": 0.211494639516,
        "min": 0.0847990363836,
        "var": 0.00566044542938
    },
    "melbands_kurtosis": {
        "dmean": 5.16809368134,
        "dmean2": 7.27623033524,
        "dvar": 42.7419624329,
        "dvar2": 75.7677001953,
        "max": 105.348861694,
        "mean": 22.6141166687,
        "median": 7.37918186188,
        "min": -0.963135242462,
        "var": 812.52355957
    },
    "melbands_skewness": {
        "dmean": 0.630089342594,
        "dmean2": 0.961163699627,
        "dvar": 0.286721527576,
        "dvar2": 0.668813943863,
        "max": 7.91160869598,
        "mean": 1.93615746498,
        "median": 1.05689156055,
        "min": -1.69283759594,
        "var": 6.2245516777
    },
    "melbands_spread": {
        "dmean": 3.14578866959,
        "dmean2": 5.10845661163,
        "dvar": 14.9390058517,
        "dvar2": 36.8712158203,
        "max": 40.7852172852,
        "mean": 14.173532486,
        "median": 8.7811088562,
        "min": 1.48163604736,
        "var": 130.927352905
    },
    "pitch_salience": {
        "dmean": 0.0620219707489,
        "dmean2": 0.093716353178,
        "dvar": 0.00344576872885,
        "dvar2": 0.00691386638209,
        "max": 0.81442284584,
        "mean": 0.50149089098,
        "median": 0.461789220572,
        "min": 0.144678354263,
        "var": 0.041103143245
    },
    "silence_rate_20dB": {
        "dmean": 0,
        "dmean2": 0,
        "dvar": 0,
        "dvar2": 0,
        "max": 1,
        "mean": 1,
        "median": 1,
        "min": 1,
        "var": 0
    },
    "silence_rate_30dB": {
        "dmean": 0,
        "dmean2": 0,
        "dvar": 0,
        "dvar2": 0,
        "max": 1,
        "mean": 1,
        "median": 1,
        "min": 1,
        "var": 0
    },
    "silence_rate_60dB": {
        "dmean": 0.0375000014901,
        "dmean2": 0.0759493634105,
        "dvar": 0.0360937304795,
        "dvar2": 0.0701810494065,
        "max": 1,
        "mean": 0.728395044804,
        "median": 1,
        "min": 0,
        "var": 0.197835952044
    },
    "spectral_centroid": {
        "dmean": 124.483985901,
        "dmean2": 213.651306152,
        "dvar": 22827.1855469,
        "dvar2": 46392.90625,
        "max": 2345.35131836,
        "mean": 1404.66381836,
        "median": 1308.28088379,
        "min": 908.186645508,
        "var": 175867.796875
    },
    "spectral_complexity": {
        "dmean": 1.85000002384,
        "dmean2": 2.64556956291,
        "dvar": 15.5274887085,
        "dvar2": 26.6085472107,
        "max": 37,
        "mean": 3.90123462677,
        "median": 1,
        "min": 0,
        "var": 43.1507911682
    },
    "spectral_decrease": {
        "dmean": 6.34048258341e-10,
        "dmean2": 9.73015445993e-10,
        "dvar": 4.03890662337e-18,
        "dvar2": 1.15063023507e-17,
        "max": -1.82741009824e-11,
        "mean": -1.4416525751e-09,
        "median": -1.19803639231e-10,
        "min": -2.07371275707e-08,
        "var": 1.20863089885e-17
    },
    "spectral_energy": {
        "dmean": 0.00264397682622,
        "dmean2": 0.00405603414401,
        "dvar": 6.98476578691e-05,
        "dvar2": 0.00019837814034,
        "max": 0.0867309644818,
        "mean": 0.00603373721242,
        "median": 0.000498148147017,
        "min": 8.18012631498e-05,
        "var": 0.000211141639738
    },
    "spectral_energyband_high": {
        "dmean": 2.72558299912e-05,
        "dmean2": 3.23173771903e-05,
        "dvar": 4.13543732591e-09,
        "dvar2": 6.83281342617e-09,
        "max": 0.00118774850853,
        "mean": 8.19242486614e-05,
        "median": 7.79099082138e-06,
        "min": 1.98406951313e-06,
        "var": 4.67890401978e-08
    },
    "spectral_energyband_low": {
        "dmean": 2.47121965913e-06,
        "dmean2": 4.04182401326e-06,
        "dvar": 8.07235528422e-12,
        "dvar2": 1.48721226306e-11,
        "max": 2.33345854213e-05,
        "mean": 3.95009283238e-06,
        "median": 3.17369722325e-06,
        "min": 2.34764456764e-07,
        "var": 1.15580644014e-11
    },
    "spectral_energyband_middle_high": {
        "dmean": 0.0025408770889,
        "dmean2": 0.00394624704495,
        "dvar": 6.51746158837e-05,
        "dvar2": 0.000185941316886,
        "max": 0.078853212297,
        "mean": 0.00561842741445,
        "median": 0.000417945877416,
        "min": 3.9985159674e-05,
        "var": 0.000184213859029
    },
    "spectral_energyband_middle_low": {
        "dmean": 0.000151900487253,
        "dmean2": 0.000164051132742,
        "dvar": 2.34818415379e-07,
        "dvar2": 1.73398206016e-07,
        "max": 0.0076101385057,
        "mean": 0.000375920441002,
        "median": 5.00733476656e-05,
        "min": 8.01368423708e-06,
        "var": 1.49402205807e-06
    },
    "spectral_entropy": {
        "dmean": 0.0940459668636,
        "dmean2": 0.139556467533,
        "dvar": 0.0104387085885,
        "dvar2": 0.0253700278699,
        "max": 8.05720329285,
        "mean": 7.5170340538,
        "median": 7.59159803391,
        "min": 6.76753950119,
        "var": 0.16066133976
    },
    "spectral_flux": {
        "dmean": 0.00695820897818,
        "dmean2": 0.0103795751929,
        "dvar": 0.000195786051336,
        "dvar2": 0.000490337086376,
        "max": 0.211179703474,
        "mean": 0.0230159014463,
        "median": 0.00969595555216,
        "min": 0.00442806724459,
        "var": 0.00118691625539
    },
    "spectral_kurtosis": {
        "dmean": 0.909004986286,
        "dmean2": 1.37958347797,
        "dvar": 0.609036564827,
        "dvar2": 1.42163872719,
        "max": 16.1418266296,
        "mean": 8.31317996979,
        "median": 7.56970882416,
        "min": 3.90285205841,
        "var": 7.62473392487
    },
    "spectral_rms": {
        "dmean": 0.00030355429044,
        "dmean2": 0.000410663604271,
        "dvar": 3.28189457832e-07,
        "dvar2": 9.12554867227e-07,
        "max": 0.00919867213815,
        "mean": 0.00155843200628,
        "median": 0.000697135692462,
        "min": 0.00028249976458,
        "var": 3.45786088474e-06
    },
    "spectral_rolloff": {
        "dmean": 153.154907227,
        "dmean2": 234.684661865,
        "dvar": 55258.8554688,
        "dvar2": 136035.109375,
        "max": 2885.44921875,
        "mean": 1435.01513672,
        "median": 1033.59375,
        "min": 904.39453125,
        "var": 389367.8125
    },
    "spectral_skewness": {
        "dmean": 0.11889257282,
        "dmean2": 0.182588294148,
        "dvar": 0.0124106826261,
        "dvar2": 0.0252311490476,
        "max": 3.01273798943,
        "mean": 2.12415122986,
        "median": 2.01104640961,
        "min": 1.51092720032,
        "var": 0.140863999724
    },
    "spectral_spread": {
        "dmean": 232713.953125,
        "dmean2": 353366.125,
        "dvar": 41206198272,
        "dvar2": 62443266048,
        "max": 5563895.5,
        "mean": 4002191,
        "median": 3873416.75,
        "min": 2695843.75,
        "var": 596873707520
    },
    "spectral_strongpeak": {
        "dmean": 0.387515902519,
        "dmean2": 0.562465012074,
        "dvar": 0.701400339603,
        "dvar2": 1.40588247776,
        "max": 8.48452758789,
        "mean": 1.24102461338,
        "median": 0.506897568703,
        "min": 0.026916090399,
        "var": 2.84600257874
    },
    "zerocrossingrate": {
        "dmean": 0.00777587899938,
        "dmean2": 0.00877670105547,
        "dvar": 9.45852661971e-05,
        "dvar2": 0.000147789192852,
        "max": 0.1298828125,
        "mean": 0.0736882686615,
        "median": 0.06494140625,
        "min": 0.02392578125,
        "var": 0.000763876596466
    },
    "barkbands": {
        "dmean": [6.88827367412e-06, 4.96535221828e-07, 4.59256767726e-07, 6.85828695168e-07, 4.06777871831e-06, 2.30867281061e-05, 1.60503095685e-05, 8.93698597793e-06, 6.36303302599e-05, 0.00195766170509, 0.000428848608863, 3.6226141674e-05, 3.53844989149e-05, 8.17900508991e-05, 8.64680987434e-05, 5.9069985582e-05, 3.03250999423e-05, 3.17833364534e-05, 3.4459408198e-05, 2.16232238017e-05, 9.28269491851e-06, 3.73204125026e-06, 1.92978109226e-06, 3.42876774084e-06, 1.80923757398e-06, 5.55572285066e-07, 1.87598871548e-07],
        "dmean2": [1.1275763427e-05, 7.58890621455e-07, 7.37069399293e-07, 1.14679301078e-06, 7.55854398449e-06, 3.36297598551e-05, 2.62701341853e-05, 1.37593215186e-05, 9.19771409826e-05, 0.00306224962696, 0.000662205799017, 5.49376745766e-05, 5.98616134084e-05, 0.000130938686198, 0.000124163023429, 0.000102314828837, 4.37443595729e-05, 5.14785388077e-05, 4.68404250569e-05, 3.23763379129e-05, 1.04376204035e-05, 4.89189551445e-06, 2.43617159867e-06, 3.77407718588e-06, 2.50286939263e-06, 5.31191403752e-07, 2.94948478086e-07],
        "dvar": [5.63027784117e-11, 1.17754742589e-12, 7.91655803412e-13, 9.95719132146e-13, 9.26368912135e-11, 2.51717069411e-09, 1.27293342533e-09, 1.28849195202e-10, 3.66060035617e-08, 4.58686990896e-05, 1.79459766514e-06, 6.24016660566e-09, 9.53319645447e-09, 6.91898023319e-08, 8.72739747138e-08, 4.12050802368e-08, 8.52083736902e-09, 6.18394002672e-09, 9.76152314536e-09, 2.29854602019e-09, 6.71038058453e-10, 1.16372946002e-10, 2.34105616836e-11, 9.96100285588e-11, 2.9347892172e-11, 3.64242100023e-12, 9.43783015606e-14],
        "dvar2": [1.05498013103e-10, 1.28341044389e-12, 1.35263230738e-12, 1.41855396787e-12, 2.67966704381e-10, 3.66678687413e-09, 2.27017982191e-09, 2.1366354519e-10, 5.94195341819e-08, 0.000132747212774, 3.57527483175e-06, 9.72093427976e-09, 2.86168297947e-08, 1.52904945594e-07, 2.23708227054e-07, 1.16980523046e-07, 1.62960009931e-08, 1.54779886685e-08, 2.08318606809e-08, 5.86615067633e-09, 1.10228481898e-09, 1.64767227639e-10, 4.07472042219e-11, 1.83789886088e-10, 4.51022552639e-11, 6.01396840313e-12, 1.04356065076e-13],
        "max": [4.16458497057e-05, 1.01563073258e-05, 6.79486674926e-06, 8.70436451805e-06, 6.05759414611e-05, 0.000446893449407, 0.000274733523838, 9.90439439192e-05, 0.0025279072579, 0.0675396770239, 0.0123865157366, 0.000788607401773, 0.000772097904701, 0.00158851279411, 0.0029575934168, 0.00151151849423, 0.000693199806847, 0.000654238567222, 0.00148358615115, 0.000525938812643, 0.000409626984037, 0.000154085122631, 9.24600390135e-05, 0.000155730362167, 0.000108589752926, 2.97723618132e-05, 4.95558697367e-06],
        "mean": [7.63747448218e-06, 6.60094883642e-07, 5.26353858277e-07, 8.53545884638e-07, 4.61504350824e-06, 3.52555362042e-05, 2.02079445444e-05, 1.44805844684e-05, 0.000116038885608, 0.00429689139128, 0.000835853395984, 7.3371345934e-05, 5.08180710312e-05, 8.37560073705e-05, 0.000139897500048, 7.48773600208e-05, 4.75887027278e-05, 4.80050839542e-05, 8.10828714748e-05, 3.88695807487e-05, 2.64978571067e-05, 1.03154525277e-05, 6.19229695076e-06, 8.65561105456e-06, 7.01945282344e-06, 1.57441263582e-06, 1.39955761824e-06],
        "median": [3.38603945238e-06, 4.53789965604e-07, 2.59972296135e-07, 4.85594227939e-07, 1.80602035016e-06, 8.77570437297e-06, 5.70731481275e-06, 6.31185594102e-06, 1.27010989672e-05, 0.000206380980671, 6.39276695438e-05, 1.88601479749e-05, 6.83197822582e-06, 7.43297596273e-06, 4.74548278362e-06, 4.46099647888e-06, 3.87403542845e-06, 3.38675249623e-06, 4.34990215581e-06, 3.13310874844e-06, 1.85442968359e-06, 5.12581721068e-07, 5.0139084351e-07, 7.8064721265e-07, 7.05712352556e-07, 2.38171764977e-07, 1.31326635255e-06],
        "min": [4.66092586748e-08, 4.96576717524e-08, 3.01210434372e-08, 2.15212487831e-08, 3.0525859529e-07, 2.61604071738e-07, 6.36323250092e-07, 1.13287194381e-06, 8.86134102984e-07, 4.72661849926e-06, 2.06098297895e-06, 1.25889278024e-06, 9.20061609122e-07, 3.87237946597e-07, 8.16917065549e-07, 5.43698206457e-07, 3.61288584827e-07, 3.22775576933e-07, 4.4844583158e-07, 2.92270243563e-07, 1.99748399154e-07, 7.32477261067e-08, 6.30539744861e-08, 7.99241846039e-08, 8.35451672287e-08, 9.99322935513e-08, 6.6111721253e-07],
        "var": [8.61456322943e-11, 1.31813505423e-12, 9.04260119474e-13, 1.38296188737e-12, 7.54270951253e-11, 6.15960127348e-09, 1.86118587209e-09, 3.73793607178e-10, 1.40755517464e-07, 0.000118376214232, 5.00906571688e-06, 1.61971964729e-08, 1.17024230306e-08, 5.92126809806e-08, 1.8110844735e-07, 4.09574738569e-08, 1.40615252775e-08, 1.07738626909e-08, 5.52734569226e-08, 8.16238987511e-09, 5.63589797054e-09, 8.47141523597e-10, 2.81313056183e-10, 6.27156326871e-10, 4.25925905656e-10, 2.20524883077e-11, 2.05897825916e-13]
    },
    "erbbands": {
        "dmean": [3.20730687235e-05, 9.40755053307e-05, 0.000372842536308, 0.00169526040554, 0.00284504261799, 0.01682674326, 0.0768208876252, 0.264290869236, 0.185215502977, 0.32710069418, 0.201577499509, 0.94820022583, 7.80617904663, 97.464302063, 8.94031524658, 1.41958129406, 1.56015753746, 3.19104766846, 5.72855091095, 2.24640417099, 2.80685067177, 1.83351325989, 1.84292912483, 1.46864891052, 1.77222084999, 0.982960999012, 0.576107621193, 0.244434475899, 0.145403683186, 0.0709456950426, 0.0608667060733, 0.0794300436974, 0.040520183742, 0.0279816426337, 0.012127192691, 0.00473248027265, 0.000554953177925, 7.55072105676e-05, 2.35026982409e-05, 5.29336648469e-06],
        "dmean2": [5.10854551976e-05, 0.000139780298923, 0.000583608576562, 0.00280315056443, 0.00479886261746, 0.0298128668219, 0.130834117532, 0.353727072477, 0.277871459723, 0.515488266945, 0.306626230478, 1.34038388729, 10.5789384842, 153.43409729, 13.8980083466, 1.58656036854, 2.51117372513, 5.6260766983, 8.34164428711, 3.61749505997, 4.73660945892, 2.7601878643, 2.91776442528, 2.17943120003, 2.58632969856, 1.60745549202, 0.741237461567, 0.319240450859, 0.179705381393, 0.0979695469141, 0.0697554647923, 0.0873157009482, 0.0533344335854, 0.0325630269945, 0.0156215252355, 0.00458573643118, 0.000631942995824, 8.4104569396e-05, 3.44834697898e-05, 9.03586260392e-06],
        "dvar": [1.68983160798e-09, 4.49238015676e-08, 5.56123325168e-07, 6.96586084814e-06, 2.1982461476e-05, 0.00200013304129, 0.0171256549656, 0.368981987238, 0.122479557991, 0.665830790997, 0.0863563492894, 6.42407226562, 809.567321777, 109093.898438, 628.333129883, 5.39459323883, 15.9242353439, 100.948875427, 335.818145752, 31.9340629578, 102.99407959, 31.4337062836, 21.959148407, 13.9712877274, 27.6049842834, 4.94195508957, 2.05287027359, 0.567680537701, 0.163520991802, 0.0417161360383, 0.0241961162537, 0.0602377168834, 0.0106621198356, 0.00565035967156, 0.00119862554129, 0.000262154993834, 3.37261917593e-06, 1.83579356161e-08, 1.28565424973e-09, 8.3375285842e-11],
        "dvar2": [2.63519606136e-09, 4.764712358e-08, 7.72868418153e-07, 1.19071582958e-05, 5.68860377825e-05, 0.00584011990577, 0.045858155936, 0.507440328598, 0.264807850122, 1.20774698257, 0.141002818942, 8.99244976044, 1501.57824707, 308494.59375, 1782.72192383, 7.92587614059, 46.5071716309, 204.946060181, 971.670288086, 72.7199401855, 290.064575195, 69.0275802612, 53.270565033, 30.8105278015, 59.2684631348, 13.9063272476, 3.10844302177, 0.987522065639, 0.294861525297, 0.0804056078196, 0.0417312160134, 0.106816463172, 0.0186772271991, 0.00787353422493, 0.00222143577412, 0.000467178469989, 5.14414932695e-06, 6.73739375401e-09, 1.22764753918e-09, 2.18285903242e-10],
        "max": [0.000377839111025, 0.00196830113418, 0.0064987600781, 0.0211179759353, 0.0349708423018, 0.295819967985, 0.808476805687, 5.64929628372, 2.52307128906, 6.48925733566, 3.52458357811, 37.2687187195, 480.640899658, 2859.21972656, 267.752868652, 31.4820899963, 33.3801651001, 60.7705764771, 137.140365601, 46.6616134644, 73.227432251, 37.1088867188, 39.0295257568, 50.2342224121, 70.5738067627, 22.9177837372, 22.7217712402, 11.2159557343, 6.09609222412, 3.49890089035, 2.88458895683, 3.59491062164, 1.97572815418, 1.52796018124, 0.650270581245, 0.248830601573, 0.0299587342888, 0.00345746218227, 0.000692102243192, 0.000141405078466],
        "mean": [4.47410166089e-05, 0.000121274759294, 0.000478682602989, 0.00213761953637, 0.0038266624324, 0.0185103937984, 0.10998749733, 0.356980085373, 0.228926107287, 0.447822958231, 0.387218534946, 2.13563871384, 28.0078639984, 192.538314819, 20.0967159271, 3.28423857689, 2.46910500526, 3.877835989, 7.53666782379, 4.76106262207, 3.50091481209, 2.82378768921, 2.71428585052, 3.06565403938, 3.84808278084, 1.9000030756, 1.46084332466, 0.732560455799, 0.414209097624, 0.226172983646, 0.185351133347, 0.183108881116, 0.133175760508, 0.0932183414698, 0.0406818315387, 0.012538309209, 0.0017742337659, 0.000397961994167, 0.00016288869665, 3.43649371644e-05],
        "median": [3.1746327295e-05, 7.65142249293e-05, 0.000302752567222, 0.00117268436588, 0.00242396863177, 0.00665693031624, 0.0299349315464, 0.0769793316722, 0.0738498196006, 0.126973450184, 0.184944316745, 0.353694617748, 1.42717754841, 9.70523071289, 1.84415912628, 0.669950962067, 0.369798183441, 0.36832678318, 0.339890897274, 0.222080722451, 0.271707803011, 0.250152915716, 0.198882475495, 0.244138240814, 0.188567578793, 0.161500319839, 0.0915673300624, 0.0496750846505, 0.0184831060469, 0.0129124252126, 0.014968726784, 0.0122320288792, 0.0157462153584, 0.00915031973273, 0.00443617394194, 0.00136859097984, 0.000348773872247, 0.000264542526565, 0.00014773249859, 2.69467891485e-05],
        "min": [2.31150124819e-06, 8.708664609e-06, 3.00471492665e-05, 0.000103267091617, 0.000281446962617, 0.000657339987811, 0.00199327804148, 0.00284879119135, 0.00535564590245, 0.0213189329952, 0.0279732961208, 0.0387088805437, 0.138636603951, 0.21767282486, 0.0992883220315, 0.0681367814541, 0.0607256516814, 0.0314170755446, 0.045823559165, 0.0399216338992, 0.0318708345294, 0.0226414501667, 0.0176055915654, 0.0227585602552, 0.0222690589726, 0.0142075158656, 0.0132511006668, 0.00460527883843, 0.00265810708515, 0.00199949042872, 0.00157488323748, 0.00156958156731, 0.00145043688826, 0.00087798415916, 0.000523709109984, 0.000252261059359, 0.000157362854225, 0.000125410937471, 5.99802151555e-05, 1.4012880456e-05],
        "var": [2.33309083164e-09, 5.08911135455e-08, 6.4418236434e-07, 9.53523249336e-06, 2.71491826425e-05, 0.00147992407437, 0.0351919196546, 0.829084157944, 0.165358707309, 1.05552196503, 0.315188258886, 35.0400466919, 6547.70605469, 242760.8125, 2183.77441406, 30.7424430847, 24.8189105988, 108.942008972, 511.124359131, 101.532188416, 89.1740188599, 46.4784622192, 36.4514808655, 60.3717880249, 127.252822876, 19.3274688721, 16.6923141479, 4.12920236588, 1.33654272556, 0.414733320475, 0.256861418486, 0.301641851664, 0.133540838957, 0.0754308253527, 0.0138706956059, 0.00151099264622, 2.51187157119e-05, 2.80119337503e-07, 5.33656807633e-09, 4.63686145036e-10]
    },
    "gfcc": {
        "mean": [-185.549484253, 26.9871139526, -159.846542358, -35.1934089661, -60.0853042603, -0.486922085285, -16.2326908112, 8.84860801697, -24.9829216003, -9.8540725708, -4.60699367523, 2.05075478554, 11.5042734146],
        "cov": [[5097.76660156, -1102.20556641, -2056.39746094, 418.093658447, -607.608032227, 253.391326904, -384.936157227, 196.980148315, -261.893127441, 7.16496372223, -251.010055542, 86.838684082, 198.167999268], [-1102.20556641, 422.882385254, 501.495910645, -105.886398315, 145.9347229, -123.019058228, 35.5606689453, -82.9458999634, 72.3978652954, 14.6134777069, 91.6603317261, -33.2898788452, -81.42527771], [-2056.39746094, 501.495910645, 1093.11987305, -105.020957947, 221.740631104, -106.277809143, 79.6857833862, -74.9678726196, 113.92313385, 47.8727035522, 97.9563903809, -93.2151565552, -124.750411987], [418.093658447, -105.886398315, -105.020957947, 143.442657471, -22.4945297241, 4.19972991943, -109.576927185, -5.80930805206, -17.249797821, 33.7554855347, -19.3784141541, -35.7428817749, -21.1910858154], [-607.608032227, 145.9347229, 221.740631104, -22.4945297241, 127.660949707, -20.2372493744, 53.6455192566, -33.0118904114, 25.7051734924, -12.2597999573, 24.657989502, -17.7083072662, -39.3129310608], [253.391326904, -123.019058228, -106.277809143, 4.19972991943, -20.2372493744, 124.147010803, 121.689865112, 68.5866851807, -42.9778709412, -67.3457565308, -67.866355896, 29.0304012299, 58.6893501282], [-384.936157227, 35.5606689453, 79.6857833862, -109.576927185, 53.6455192566, 121.689865112, 321.089294434, 86.260887146, -35.7823410034, -147.2371521, -70.217956543, 67.0659637451, 71.4366531372], [196.980148315, -82.9458999634, -74.9678726196, -5.80930805206, -33.0118904114, 68.5866851807, 86.260887146, 72.9055633545, -14.3022279739, -40.2601661682, -41.1170883179, 29.0467472076, 39.5295829773], [-261.893127441, 72.3978652954, 113.92313385, -17.249797821, 25.7051734924, -42.9778709412, -35.7823410034, -14.3022279739, 61.5570678711, 53.6806411743, 47.5836486816, -11.4692344666, -26.4742031097], [7.16496372223, 14.6134777069, 47.8727035522, 33.7554855347, -12.2597999573, -67.3457565308, -147.2371521, -40.2601661682, 53.6806411743, 119.296279907, 67.1371536255, -37.6971664429, -45.1268196106], [-251.010055542, 91.6603317261, 97.9563903809, -19.3784141541, 24.657989502, -67.866355896, -70.217956543, -41.1170883179, 47.5836486816, 67.1371536255, 81.5596008301, -5.27707433701, -26.4304656982], [86.838684082, -33.2898788452, -93.2151565552, -35.7428817749, -17.7083072662, 29.0304012299, 67.0659637451, 29.0467472076, -11.4692344666, -37.6971664429, -5.27707433701, 61.9440002441, 58.3591842651], [198.167999268, -81.42527771, -124.750411987, -21.1910858154, -39.3129310608, 58.6893501282, 71.4366531372, 39.5295829773, -26.4742031097, -45.1268196106, -26.4304656982, 58.3591842651, 87.5021514893]],
        "icov": [[0.00867987703532, -0.0131843974814, 0.0126099092886, -0.00815720576793, 0.0140757281333, -0.0176090709865, 0.01311076805, -0.0157252755016, 0.0165013689548, -0.0150384921581, 0.0134052950889, -0.0118040125817, 0.00776967965066], [-0.0131843974814, 0.0339196622372, -0.022195937112, 0.0141813820228, -0.02204698883, 0.0352205708623, -0.0239501502365, 0.0301010087132, -0.0303893946111, 0.0332665964961, -0.0296352915466, 0.0221002437174, -0.0100900558755], [0.0126099092886, -0.022195937112, 0.0212763864547, -0.0117057356983, 0.0186678171158, -0.0255449563265, 0.0179019495845, -0.0248312950134, 0.0235586930066, -0.0239854492247, 0.0195292141289, -0.0117008863017, 0.00886994879693], [-0.00815720576793, 0.0141813820228, -0.0117057356983, 0.02611759305, -0.023062473163, 0.0150789003819, -0.00119030103087, 0.00483187008649, -0.00717268325388, 0.0102365827188, -0.00599072128534, 0.0145288296044, -0.00876989774406], [0.0140757281333, -0.02204698883, 0.0186678171158, -0.023062473163, 0.0523785129189, -0.0378467999399, 0.0101956427097, -0.00121354311705, 0.0100207729265, -0.0112654082477, 0.0112511059269, -0.0225842166692, 0.025460306555], [-0.0176090709865, 0.0352205708623, -0.0255449563265, 0.0150789003819, -0.0378467999399, 0.0797395557165, -0.0387762710452, 0.0142693081871, -0.0232622474432, 0.0245675444603, -0.023296572268, 0.0431472249329, -0.0355707928538], [0.01311076805, -0.0239501502365, 0.0179019495845, -0.00119030103087, 0.0101956427097, -0.0387762710452, 0.0459649860859, -0.04083199054, 0.0286228638142, -0.0142628774047, 0.0263118445873, -0.0269904974848, 0.0120172835886], [-0.0157252755016, 0.0301010087132, -0.0248312950134, 0.00483187008649, -0.00121354311705, 0.0142693081871, -0.04083199054, 0.0934542864561, -0.0603467449546, 0.0353392139077, -0.0202069226652, 0.00429332396016, 0.00139329652302], [0.0165013689548, -0.0303893946111, 0.0235586930066, -0.00717268325388, 0.0100207729265, -0.0232622474432, 0.0286228638142, -0.0603467449546, 0.0933285281062, -0.0621860772371, 0.0256401970983, -0.0266593638808, 0.011890489608], [-0.0150384921581, 0.0332665964961, -0.0239854492247, 0.0102365827188, -0.0112654082477, 0.0245675444603, -0.0142628774047, 0.0353392139077, -0.0621860772371, 0.0916572734714, -0.0632867515087, 0.0429921224713, -0.0118965189904], [0.0134052950889, -0.0296352915466, 0.0195292141289, -0.00599072128534, 0.0112511059269, -0.023296572268, 0.0263118445873, -0.0202069226652, 0.0256401970983, -0.0632867515087, 0.0901917517185, -0.0540857687593, 0.0152175296098], [-0.0118040125817, 0.0221002437174, -0.0117008863017, 0.0145288296044, -0.0225842166692, 0.0431472249329, -0.0269904974848, 0.00429332396016, -0.0266593638808, 0.0429921224713, -0.0540857687593, 0.108514517546, -0.059459887445], [0.00776967965066, -0.0100900558755, 0.00886994879693, -0.00876989774406, 0.025460306555, -0.0355707928538, 0.0120172835886, 0.00139329652302, 0.011890489608, -0.0118965189904, 0.0152175296098, -0.059459887445, 0.0615364275873]]
    },
    "melbands": {
        "dmean": [4.10849366972e-07, 1.65282074249e-07, 2.86945606831e-07, 6.46742591925e-07, 2.12388999898e-06, 5.31908517587e-06, 2.93209473057e-06, 3.24750408254e-06, 1.98413954422e-06, 8.60576983541e-06, 3.45484913851e-05, 0.000400675548008, 4.14477071899e-05, 5.26297935721e-06, 3.04584864352e-06, 3.60344961337e-06, 6.66760479362e-06, 8.85803183337e-06, 5.79377092436e-06, 4.07139896197e-06, 2.98280065181e-06, 1.98217890102e-06, 2.33249738812e-06, 1.14123008643e-06, 1.25888766433e-06, 1.62235210155e-06, 8.50434048516e-07, 5.88007083024e-07, 3.9460664425e-07, 2.51016473385e-07, 1.1705989067e-07, 1.12267819929e-07, 5.02391053203e-08, 3.83612857036e-08, 3.69583581517e-08, 3.04592653322e-08, 6.18828721599e-08, 3.73358659544e-08, 2.99650650959e-08, 2.35428334605e-08],
        "dmean2": [6.76697709423e-07, 2.50634627719e-07, 4.7373694656e-07, 1.19452533909e-06, 3.60926469511e-06, 7.34374134481e-06, 4.4843309297e-06, 5.06997366756e-06, 2.9318180168e-06, 1.2035704458e-05, 3.37811070494e-05, 0.000629503803793, 6.55842377455e-05, 6.5540380092e-06, 5.1282286222e-06, 6.16032912149e-06, 1.17558747661e-05, 1.3054937881e-05, 8.23748359835e-06, 7.0919004429e-06, 4.9868658607e-06, 3.06977267428e-06, 3.86759165849e-06, 1.76047444711e-06, 1.879238539e-06, 2.38985694523e-06, 1.23289032672e-06, 9.75794932856e-07, 5.49833316654e-07, 3.5551178712e-07, 1.56846084565e-07, 1.44507794175e-07, 6.48360511946e-08, 6.20121980432e-08, 4.22782058251e-08, 3.33184537737e-08, 7.90879681745e-08, 5.25543697449e-08, 3.60611593919e-08, 3.70502739599e-08],
        "dvar": [2.29968469398e-13, 1.27342391189e-13, 1.97675426375e-13, 3.00214302203e-12, 1.28587678699e-11, 1.41553491151e-10, 3.09646717989e-11, 5.37729930028e-11, 7.78606085855e-12, 6.50703158023e-10, 1.30704931323e-08, 1.84584803264e-06, 1.44575738048e-08, 1.22890253529e-10, 5.91298260355e-11, 8.27151125371e-11, 4.58366011813e-10, 8.17356515803e-10, 3.55013879405e-10, 1.75054221119e-10, 1.01923323947e-10, 3.29281497902e-11, 3.88259216444e-11, 7.51326258153e-12, 8.57827697764e-12, 3.00435232248e-11, 4.1738262152e-12, 1.69054332165e-12, 1.07336600545e-12, 7.37540941948e-13, 1.18567062093e-13, 9.77594741269e-14, 2.09213919247e-14, 1.18520127997e-14, 8.65465570033e-15, 5.24064324312e-15, 5.09681340644e-14, 1.19199736412e-14, 6.4045808621e-15, 5.55558830412e-15],
        "dvar2": [4.82396512059e-13, 1.61456812546e-13, 2.85359057347e-13, 8.81330945723e-12, 3.38356287433e-11, 1.90905402597e-10, 5.84094647649e-11, 9.8091583467e-11, 1.68630769071e-11, 9.57788515166e-10, 9.75629532718e-09, 5.23102062289e-06, 3.77683555541e-08, 1.38084710333e-10, 1.60016305761e-10, 2.39614744713e-10, 9.22104670398e-10, 2.34728902981e-09, 8.75264083433e-10, 4.87821283368e-10, 2.79492540223e-10, 6.89393195308e-11, 9.46030892512e-11, 1.76325083007e-11, 1.87386373779e-11, 6.69899483108e-11, 1.0028365291e-11, 4.76395615664e-12, 1.85734891009e-12, 1.49418259883e-12, 2.16404314173e-13, 2.02253998597e-13, 3.36835221445e-14, 2.86664917878e-14, 1.54820072235e-14, 6.15246912864e-15, 1.07213242733e-13, 2.78331723039e-14, 1.04711347964e-14, 1.11599945051e-14],
        "max": [3.159898597e-06, 3.20313461089e-06, 3.85599605579e-06, 1.1434283806e-05, 2.14989140659e-05, 0.000109498942038, 3.72495269403e-05, 5.76757374802e-05, 2.7421005143e-05, 0.000352481321897, 0.00230217399076, 0.0119814276695, 0.00102551234886, 0.000138462070026, 7.37236405257e-05, 6.96672141203e-05, 0.000129158099298, 0.000208554643905, 0.000197529225261, 0.000100941761048, 6.97983996361e-05, 3.56209784513e-05, 4.74300213682e-05, 2.42814476223e-05, 3.85742241633e-05, 6.95504932082e-05, 2.52920854109e-05, 1.26242439364e-05, 1.45273070302e-05, 1.18768866741e-05, 4.81687084175e-06, 4.12753979617e-06, 2.53153552876e-06, 1.63376125784e-06, 1.66620861819e-06, 1.57834369929e-06, 2.62690014097e-06, 1.55900966092e-06, 1.39936980759e-06, 1.24160419546e-06],
        "mean": [6.09837286447e-07, 2.23219771556e-07, 3.75088433202e-07, 6.44599595034e-07, 3.1410718293e-06, 7.57806674301e-06, 3.67522625311e-06, 4.52821177532e-06, 3.11663461616e-06, 1.63602235261e-05, 0.000128024708829, 0.00080898788292, 8.15654639155e-05, 1.06470924948e-05, 6.09424932918e-06, 4.55835652247e-06, 7.5711077443e-06, 1.09999364213e-05, 1.02596877696e-05, 5.48650587007e-06, 3.63080130228e-06, 2.74176454695e-06, 3.2550801734e-06, 1.76315586486e-06, 2.43442264036e-06, 3.44210798175e-06, 1.7312449927e-06, 1.13639066512e-06, 9.51453728248e-07, 6.89527837494e-07, 3.27124382693e-07, 2.43451751203e-07, 1.63901077599e-07, 1.1139934486e-07, 1.06876981931e-07, 1.04797479139e-07, 1.15321100225e-07, 9.26613665797e-08, 9.08708130964e-08, 7.47773825083e-08],
        "median": [4.70096239269e-07, 1.46041173821e-07, 2.37312519857e-07, 2.25322708047e-07, 9.27418795982e-07, 1.83099143669e-06, 1.12353916393e-06, 1.26629151964e-06, 1.32626746563e-06, 1.59585727033e-06, 6.93540368957e-06, 4.16840193793e-05, 7.49727360017e-06, 2.99769544654e-06, 8.23092818791e-07, 7.43506234357e-07, 6.78149376654e-07, 6.05649404406e-07, 4.01876661726e-07, 3.07095461949e-07, 3.19782401448e-07, 2.3089975798e-07, 2.00488855739e-07, 1.86627872267e-07, 1.76692921627e-07, 1.54618803094e-07, 1.03690595665e-07, 1.07559699813e-07, 6.35903276702e-08, 4.19107273331e-08, 2.21125073807e-08, 1.25084911318e-08, 7.36945082735e-09, 6.12626793739e-09, 9.39039601633e-09, 7.9865269953e-09, 7.32737293063e-09, 9.52638323781e-09, 1.12488338644e-08, 6.92932422552e-09],
        "min": [3.61972674057e-08, 1.42755052224e-08, 1.13181233274e-08, 2.22303775388e-08, 4.73991050853e-08, 5.46099769849e-08, 9.76444880507e-08, 2.61579600647e-07, 1.52164588485e-07, 1.02347605946e-07, 5.43776138784e-07, 8.91684749149e-07, 4.06359163208e-07, 1.72037516677e-07, 8.07535229796e-08, 7.74993296204e-08, 3.96455916984e-08, 4.79106496698e-08, 6.54736993511e-08, 3.66180969991e-08, 2.73235425396e-08, 1.77821846137e-08, 2.02644372393e-08, 1.33607453989e-08, 1.69663376681e-08, 1.40150744343e-08, 1.34249562578e-08, 7.81734144084e-09, 7.81376385817e-09, 5.64327384822e-09, 1.8834924731e-09, 1.30369270934e-09, 1.22702592531e-09, 1.02813302316e-09, 9.20463094634e-10, 7.36861682782e-10, 8.23363210944e-10, 8.69555205618e-10, 8.58292770189e-10, 6.94435897675e-10],
        "var": [3.2299973785e-13, 1.4330630595e-13, 2.67925303254e-13, 2.06301165387e-12, 2.68542913601e-11, 3.28491595036e-10, 4.66621914719e-11, 8.94021523479e-11, 2.06446006124e-11, 2.81476442154e-09, 1.41372424878e-07, 4.22109951614e-06, 4.18036485428e-08, 3.85245835233e-10, 1.37707525938e-10, 9.32531274422e-11, 4.79485617877e-10, 1.07575481856e-09, 8.38454028429e-10, 2.10434267234e-10, 9.17805831335e-11, 4.66042239522e-11, 5.93020493822e-11, 1.42535323822e-11, 3.78774997478e-11, 1.13427531256e-10, 1.8571935656e-11, 6.70909335032e-12, 7.12431155736e-12, 4.1170812419e-12, 7.61508423593e-13, 4.7781071634e-13, 2.20625885725e-13, 9.93836902965e-14, 8.60627487245e-14, 8.39398740945e-14, 1.3333667395e-13, 6.71110099459e-14, 6.48154422386e-14, 5.21431415569e-14]
    },
    "mfcc": {
        "mean": [-826.731384277, 93.0310516357, -51.7352561951, -24.7270736694, -24.5426292419, -17.0790138245, 10.0523805618, 4.95090675354, 3.91573309898, -1.2846647501, -13.7740221024, -6.79825973511, 1.71272206306],
        "cov": [[7017.14355469, -1949.06835938, -1553.85986328, -226.383453369, -336.972259521, -106.563369751, -225.860717773, 12.1684551239, 17.8182792664, 22.5922203064, -194.300430298, -370.847412109, -209.123123169], [-1949.06835938, 727.444824219, 435.244445801, 66.1407394409, 102.585960388, -0.424677193165, 24.6255607605, -45.3618812561, -63.8464546204, -9.6034450531, 72.2822875977, 131.152130127, 77.7860717773], [-1553.85986328, 435.244445801, 557.706787109, 82.2525482178, 116.958473206, 6.92661523819, 24.4459190369, -65.6477813721, -10.8044948578, 30.2150936127, 85.3548736572, 83.4217910767, 5.66869831085], [-226.383453369, 66.1407394409, 82.2525482178, 90.5461883545, 73.140007019, 7.34993648529, -22.3752861023, -50.2413864136, -36.0145263672, 0.171169131994, 40.1864318848, 36.9677772522, -10.7993907928], [-336.972259521, 102.585960388, 116.958473206, 73.140007019, 135.007614136, 3.75405502319, -62.0911941528, -117.332519531, -74.4490509033, 15.4851942062, 79.8947906494, 71.4348602295, -6.95809793472], [-106.563369751, -0.424677193165, 6.92661523819, 7.34993648529, 3.75405502319, 48.1114273071, 48.5120315552, 41.3775787354, 29.7135868073, -1.90784037113, -12.585896492, -18.5720386505, -5.93592166901], [-225.860717773, 24.6255607605, 24.4459190369, -22.3752861023, -62.0911941528, 48.5120315552, 132.920410156, 142.785858154, 86.4729385376, -14.7109937668, -63.342124939, -57.4696350098, 7.36243724823], [12.1684551239, -45.3618812561, -65.6477813721, -50.2413864136, -117.332519531, 41.3775787354, 142.785858154, 232.068359375, 134.444656372, -23.3551177979, -107.936782837, -99.800239563, 13.8005084991], [17.8182792664, -63.8464546204, -10.8044948578, -36.0145263672, -74.4490509033, 29.7135868073, 86.4729385376, 134.444656372, 110.815963745, 2.37647771835, -60.9103469849, -69.7197113037, -3.96762466431], [22.5922203064, -9.6034450531, 30.2150936127, 0.171169131994, 15.4851942062, -1.90784037113, -14.7109937668, -23.3551177979, 2.37647771835, 40.9804458618, 35.8238143921, 6.92525959015, -6.67096567154], [-194.300430298, 72.2822875977, 85.3548736572, 40.1864318848, 79.8947906494, -12.585896492, -63.342124939, -107.936782837, -60.9103469849, 35.8238143921, 96.9781036377, 70.5964660645, -2.084400177], [-370.847412109, 131.152130127, 83.4217910767, 36.9677772522, 71.4348602295, -18.5720386505, -57.4696350098, -99.800239563, -69.7197113037, 6.92525959015, 70.5964660645, 97.0008010864, 29.1342124939], [-209.123123169, 77.7860717773, 5.66869831085, -10.7993907928, -6.95809793472, -5.93592166901, 7.36243724823, 13.8005084991, -3.96762466431, -6.67096567154, -2.084400177, 29.1342124939, 53.7822990417]],
