{
"lowlevel": {
    "average_loudness": 0.960408687592,
    "barkbands_crest": {
        "dmean": 2.11806344986,
        "dmean2": 3.39802932739,
        "dvar": 3.60049986839,
        "dvar2": 8.96343517303,
        "max": 17.1530227661,
        "mean": 7.14536190033,
        "median": 6.38948154449,
        "min": 3.05103826523,
        "var": 7.22645711899
    },
    "barkbands_flatness_db": {
        "dmean": 0.0135060828179,
        "dmean2": 0.0219124369323,
        "dvar": 0.000134085756144,
        "dvar2": 0.00036734729656,
        "max": 0.142360985279,
        "mean": 0.0769463405013,
        "median": 0.0763010978699,
        "min": 0.0446096882224,
        "var": 0.000246218784014
    },
    "barkbands_kurtosis": {
        "dmean": 0.754044353962,
        "dmean2": 1.18934416771,
        "dvar": 0.760974109173,
        "dvar2": 1.65871310234,
        "max": 6.37728881836,
        "mean": -0.656393289566,
        "median": -1.05015861988,
        "min": -1.79737734795,
        "var": 1.32772493362
    },
    "barkbands_skewness": {
        "dmean": 0.436641991138,
        "dmean2": 0.652814686298,
        "dvar": 0.12303519994,
        "dvar2": 0.31671923399,
        "max": 2.32787084579,
        "mean": 0.422310858965,
        "median": 0.492006838322,
        "min": -1.28467381001,
        "var": 0.440735340118
    },
    "barkbands_spread": {
        "dmean": 7.743724823,
        "dmean2": 12.4161205292,
        "dvar": 41.5772323608,
        "dvar2": 101.195663452,
        "max": 72.5032577515,
        "mean": 42.2831001282,
        "median": 42.5238227844,
        "min": 12.3902158737,
        "var": 100.919303894
    },
    "dissonance": {
        "dmean": 0.0118872486055,
        "dmean2": 0.0185074079782,
        "dvar": 0.000146213118569,
        "dvar2": 0.000280878448393,
        "max": 0.5,
        "mean": 0.483794122934,
        "median": 0.486787378788,
        "min": 0.370549380779,
        "var": 0.000227286713198
    },
    "dynamic_complexity": 2.57950329781,
    "erbbands_crest": {
        "dmean": 3.07418322563,
        "dmean2": 4.64192819595,
        "dvar": 6.65424108505,
        "dvar2": 18.8385410309,
        "max": 21.0329170227,
        "mean": 9.66845798492,
        "median": 8.86819934845,
        "min": 3.98191523552,
        "var": 14.6302223206
    },
    "erbbands_flatness_db": {
        "dmean": 0.0156871248037,
        "dmean2": 0.0250817332417,
        "dvar": 0.000147587779793,
        "dvar2": 0.000364786741557,
        "max": 0.217339292169,
        "mean": 0.142203256488,
        "median": 0.140444338322,
        "min": 0.088585652411,
        "var": 0.000400303979404
    },
    "erbbands_kurtosis": {
        "dmean": 0.761016488075,
        "dmean2": 1.22532451153,
        "dvar": 0.783168196678,
        "dvar2": 2.02471470833,
        "max": 4.56781005859,
        "mean": -0.527948796749,
        "median": -1.00970315933,
        "min": -1.57802021503,
        "var": 1.23993694782
    },
    "erbbands_skewness": {
        "dmean": 0.447759598494,
        "dmean2": 0.652816474438,
        "dvar": 0.117262043059,
        "dvar2": 0.265857368708,
        "max": 1.18650388718,
        "mean": -0.34571954608,
        "median": -0.286162227392,
        "min": -2.07190537453,
        "var": 0.519709408283
    },
    "erbbands_spread": {
        "dmean": 9.2941198349,
        "dmean2": 15.3043031693,
        "dvar": 62.5473594666,
        "dvar2": 180.5809021,
        "max": 83.3357543945,
        "mean": 50.1846961975,
        "median": 51.0818023682,
        "min": 15.2831420898,
        "var": 129.27961731
    },
    "hfc": {
        "dmean": 9.26329421997,
        "dmean2": 13.3465471268,
        "dvar": 161.774597168,
        "dvar2": 350.166259766,
        "max": 142.318115234,
        "mean": 25.5226840973,
        "median": 17.9151535034,
        "min": 0.110201202333,
        "var": 594.39630127
    },
    "melbands_crest": {
        "dmean": 2.72260832787,
        "dmean2": 4.68121671677,
        "dvar": 6.50447034836,
        "dvar2": 20.0415210724,
        "max": 25.8038444519,
        "mean": 8.92662334442,
        "median": 8.09442424774,
        "min": 4.32915353775,
        "var": 11.0274705887
    },
    "melbands_flatness_db": {
        "dmean": 0.0194253213704,
        "dmean2": 0.0317705906928,
        "dvar": 0.00023314752616,
        "dvar2": 0.000654914998449,
        "max": 0.203573316336,
        "mean": 0.118202470243,
        "median": 0.117077097297,
        "min": 0.065626308322,
        "var": 0.000568265968468
    },
    "melbands_kurtosis": {
        "dmean": 2.55258202553,
        "dmean2": 4.16327762604,
        "dvar": 6.60971593857,
        "dvar2": 16.8846054077,
        "max": 19.8545074463,
        "mean": 3.34191155434,
        "median": 2.64152479172,
        "min": -1.65259766579,
        "var": 13.265619278
    },
    "melbands_skewness": {
        "dmean": 0.532174348831,
        "dmean2": 0.885288596153,
        "dvar": 0.180643588305,
        "dvar2": 0.47915160656,
        "max": 3.77909255028,
        "mean": 1.75513291359,
        "median": 1.77576732635,
        "min": -0.0187705215067,
        "var": 0.471885859966
    },
    "melbands_spread": {
        "dmean": 15.7165269852,
        "dmean2": 23.0407104492,
        "dvar": 172.765899658,
        "dvar2": 401.824676514,
        "max": 129.559234619,
        "mean": 57.8868522644,
        "median": 51.3278617859,
        "min": 12.9500303268,
        "var": 685.547241211
    },
    "pitch_salience": {
        "dmean": 0.0628086179495,
        "dmean2": 0.106889396906,
        "dvar": 0.00269498256966,
        "dvar2": 0.00747400894761,
        "max": 0.835899591446,
        "mean": 0.657010793686,
        "median": 0.6742208004,
        "min": 0.343520879745,
        "var": 0.00755852181464
    },
    "silence_rate_20dB": {
        "dmean": 0,
        "dmean2": 0,
        "dvar": 0,
        "dvar2": 0,
        "max": 1,
        "mean": 1,
        "median": 1,
        "min": 1,
        "var": 0
    },
    "silence_rate_30dB": {
        "dmean": 0,
        "dmean2": 0,
        "dvar": 0,
        "dvar2": 0,
        "max": 1,
        "mean": 1,
        "median": 1,
        "min": 1,
        "var": 0
    },
    "silence_rate_60dB": {
        "dmean": 0.0388888902962,
        "dmean2": 0.0782122910023,
        "dvar": 0.0373765453696,
        "dvar2": 0.0832683220506,
        "max": 1,
        "mean": 0.0662983432412,
        "median": 0,
        "min": 0,
        "var": 0.0619028694928
    },
    "spectral_centroid": {
        "dmean": 393.447906494,
        "dmean2": 573.639709473,
        "dvar": 115105.265625,
        "dvar2": 297429.4375,
        "max": 3904.39306641,
        "mean": 2767.87402344,
        "median": 2800.95336914,
        "min": 774.909545898,
        "var": 383100.125
    },
    "spectral_complexity": {
        "dmean": 2.76111102104,
        "dmean2": 4.17318439484,
        "dvar": 4.99292993546,
        "dvar2": 11.2605133057,
        "max": 31,
        "mean": 18.1491718292,
        "median": 18,
        "min": 0,
        "var": 30.0385150909
    },
    "spectral_decrease": {
        "dmean": 8.14702083574e-10,
        "dmean2": 1.30251687214e-09,
        "dvar": 1.70258078834e-18,
        "dvar2": 3.7426382385e-18,
        "max": -3.1675256168e-11,
        "mean": -2.25210960991e-09,
        "median": -1.60591073772e-09,
        "min": -1.33921282952e-08,
        "var": 3.85258915347e-18
    },
    "spectral_energy": {
        "dmean": 0.00376493763179,
        "dmean2": 0.00587691226974,
        "dvar": 3.01689506159e-05,
        "dvar2": 6.55584808555e-05,
        "max": 0.0590128153563,
        "mean": 0.0108149684966,
        "median": 0.00785736646503,
        "min": 0.000129545180243,
        "var": 8.43618108775e-05
    },
    "spectral_energyband_high": {
        "dmean": 0.000916148826946,
        "dmean2": 0.00130474637263,
        "dvar": 1.72763407136e-06,
        "dvar2": 3.37591677635e-06,
        "max": 0.0198963731527,
        "mean": 0.00208782381378,
        "median": 0.00127026508562,
        "min": 5.05311572851e-06,
        "var": 8.07359265309e-06
    },
    "spectral_energyband_low": {
        "dmean": 0.000134490386699,
        "dmean2": 0.000223049180931,
        "dvar": 5.38465734223e-08,
        "dvar2": 1.17252241694e-07,
        "max": 0.00261697848327,
        "mean": 0.000206704542506,
        "median": 0.000127487102873,
        "min": 1.922816773e-05,
        "var": 1.06372482378e-07
    },
    "spectral_energyband_middle_high": {
        "dmean": 0.00172773585655,
        "dmean2": 0.00260999845341,
        "dvar": 8.35711489344e-06,
        "dvar2": 2.07002412935e-05,
        "max": 0.0275842770934,
        "mean": 0.00378335383721,
        "median": 0.00258083175868,
        "min": 1.17647186926e-05,
        "var": 1.3873149328e-05
    },
    "spectral_energyband_middle_low": {
        "dmean": 0.0021840503905,
        "dmean2": 0.0038021330256,
        "dvar": 1.12490770334e-05,
        "dvar2": 2.48104206548e-05,
        "max": 0.0332680642605,
        "mean": 0.0048557696864,
        "median": 0.00348487868905,
        "min": 9.10340531846e-05,
        "var": 2.11506703636e-05
    },
    "spectral_entropy": {
        "dmean": 0.144618064165,
        "dmean2": 0.244812071323,
        "dvar": 0.0150697361678,
        "dvar2": 0.0417322516441,
        "max": 8.22209835052,
        "mean": 7.75427865982,
        "median": 7.77332878113,
        "min": 7.28777503967,
        "var": 0.0304551180452
    },
    "spectral_flux": {
        "dmean": 0.0113210175186,
        "dmean2": 0.018226724118,
        "dvar": 0.000245240924414,
        "dvar2": 0.000502198410686,
        "max": 0.176333993673,
        "mean": 0.0628871023655,
        "median": 0.0580464936793,
        "min": 0.0251653380692,
        "var": 0.000644572428428
    },
    "spectral_kurtosis": {
        "dmean": 0.644741237164,
        "dmean2": 1.02753543854,
        "dvar": 0.342036068439,
        "dvar2": 0.810870528221,
        "max": 9.58461952209,
        "mean": 3.12360668182,
        "median": 3.08751726151,
        "min": 0.802473068237,
        "var": 1.16484761238
    },
    "spectral_rms": {
        "dmean": 0.000511616060976,
        "dmean2": 0.00079568271758,
        "dvar": 3.37504985737e-07,
        "dvar2": 7.45868987906e-07,
        "max": 0.00758771877736,
        "mean": 0.0030293292366,
        "median": 0.00276870420203,
        "min": 0.000355507450877,
        "var": 1.37435142733e-06
    },
    "spectral_rolloff": {
        "dmean": 1024.38256836,
        "dmean2": 1708.58081055,
        "dvar": 1815122.25,
        "dvar2": 4562590.5,
        "max": 9366.94335938,
        "mean": 4333.16943359,
        "median": 4048.2421875,
        "min": 732.12890625,
        "var": 2577319
    },
    "spectral_skewness": {
        "dmean": 0.11991365999,
        "dmean2": 0.190924525261,
        "dvar": 0.0153002431616,
        "dvar2": 0.0304393526167,
        "max": 2.53196454048,
        "mean": 1.17366456985,
        "median": 1.14863753319,
        "min": 0.79594707489,
        "var": 0.0378512479365
    },
    "spectral_spread": {
        "dmean": 585458.5,
        "dmean2": 956072.5625,
        "dvar": 306469765120,
        "dvar2": 829307158528,
        "max": 8612912,
        "mean": 5776116,
        "median": 5699760.5,
        "min": 4118133.5,
        "var": 600742494208
    },
    "spectral_strongpeak": {
        "dmean": 1.92279648781,
        "dmean2": 2.8737745285,
        "dvar": 6.95060062408,
        "dvar2": 13.1078920364,
        "max": 28.3812198639,
        "mean": 2.85758113861,
        "median": 0.55082243681,
        "min": 0,
        "var": 24.7033119202
    },
    "zerocrossingrate": {
        "dmean": 0.0177435986698,
        "dmean2": 0.0209006201476,
        "dvar": 0.000235671875998,
        "dvar2": 0.000295596662909,
        "max": 0.23095703125,
        "mean": 0.15002374351,
        "median": 0.14892578125,
        "min": 0.02685546875,
        "var": 0.00114589463919
    },
    "barkbands": {
        "dmean": [0.000123296849779, 1.21942784972e-05, 5.46034389117e-05, 0.000158089009346, 0.000963621598203, 0.000629899383057, 0.000651660782751, 0.000442158605438, 0.000438957213191, 0.000312802992994, 0.000424480444053, 0.000498890061863, 0.000144464385812, 8.5137449787e-05, 3.32703966706e-05, 1.41720647662e-05, 1.15089742394e-05, 5.42955785932e-05, 0.000303067237837, 0.000767020741478, 0.000349442590959, 6.30917420494e-05, 7.1880989708e-05, 0.000370882451534, 7.94111110736e-05, 3.833584924e-05, 1.02773246908e-05],
        "dmean2": [0.000209979043575, 2.11593614949e-05, 0.000100456054497, 0.000263562658802, 0.00171389104798, 0.00110653287265, 0.00107508210931, 0.000765286735259, 0.000725674966816, 0.000552945537493, 0.000767320452724, 0.000814075756352, 0.000232299178606, 0.000137320501381, 5.63501162105e-05, 2.39547098317e-05, 1.89630354726e-05, 8.95470802789e-05, 0.000462934549432, 0.00113249092828, 0.000427429331467, 8.75420300872e-05, 0.000119698685012, 0.000615065800957, 0.00012649812561, 6.15957033006e-05, 1.75178665813e-05],
        "dvar": [1.34353994596e-08, 1.86733850605e-10, 2.14164153078e-08, 5.72951464051e-08, 3.19991613651e-06, 4.99667237364e-07, 1.02033959593e-06, 6.65394907173e-07, 3.25470722373e-07, 2.24631406809e-07, 1.95643497136e-06, 1.71500460056e-06, 7.88384966199e-08, 1.94602893799e-08, 6.87605794525e-09, 9.75479363952e-10, 4.97400787225e-10, 1.41829783473e-08, 3.92763382706e-07, 1.0229136933e-06, 6.19273976099e-07, 2.08853006001e-08, 1.1432695679e-08, 6.62899253712e-07, 1.58670268036e-08, 4.29050617257e-09, 2.1462022437e-10],
        "dvar2": [3.1983272919e-08, 5.3171217429e-10, 5.98399623186e-08, 1.43790913398e-07, 8.10872006696e-06, 1.42463409247e-06, 2.34151343648e-06, 1.96161522581e-06, 8.28770851058e-07, 5.12404369601e-07, 5.72027283852e-06, 4.04492993766e-06, 1.58639011261e-07, 4.62498235265e-08, 1.90413871337e-08, 2.71914180061e-09, 1.1118855836e-09, 3.86392891016e-08, 8.86872271622e-07, 1.85218107163e-06, 4.92734045565e-07, 2.99014857319e-08, 3.15413828389e-08, 1.75930495061e-06, 4.58838051998e-08, 1.16784795168e-08, 5.87817683417e-10],
        "max": [0.000671519781463, 0.000112465226266, 0.00161112123169, 0.00255925068632, 0.0137852337211, 0.00486043095589, 0.0102392006665, 0.00763490982354, 0.00524003105238, 0.00440980028361, 0.0137838553637, 0.0114712556824, 0.00262358831242, 0.00113019428682, 0.000815053004771, 0.000297451741062, 0.000202210911084, 0.00158143125009, 0.00743459397927, 0.011694137007, 0.0163865219802, 0.00250476482324, 0.000816452433355, 0.00777060259134, 0.00100692315027, 0.000578552659135, 0.00014676671708],
        "mean": [0.000111369714432, 1.65405290318e-05, 6.09184426139e-05, 0.000196640234208, 0.00125821679831, 0.000980464392342, 0.000893302960321, 0.000644179293886, 0.000748674268834, 0.000526403717231, 0.000485984201077, 0.000600333733018, 0.000184759206604, 0.000107655629108, 4.51700507256e-05, 1.9345245164e-05, 1.92943625734e-05, 0.000101019839349, 0.000470435246825, 0.00158815353643, 0.000795509200543, 0.000141102238558, 0.000119446274766, 0.000427413411671, 0.000133790672407, 5.37369487574e-05, 5.55856495339e-05],
        "median": [5.77984465053e-05, 1.28096389744e-05, 2.72228771792e-05, 9.48910965235e-05, 0.000616875884589, 0.000550519383978, 0.000410266395193, 0.000352233881131, 0.000488080753712, 0.000397285824874, 0.000246185285505, 0.000229906101595, 6.39223362668e-05, 4.32539818576e-05, 1.87069490494e-05, 1.11461977212e-05, 1.17377185234e-05, 4.68583275506e-05, 0.000204032374313, 0.00110426428728, 0.000334042531904, 6.38705241727e-05, 8.65019101184e-05, 0.000152914610226, 7.10300228093e-05, 2.65372746071e-05, 5.25494651811e-05],
        "min": [1.16338321732e-06, 1.37996642025e-06, 2.17388196688e-06, 1.19067522064e-06, 3.38015270245e-05, 3.63558974641e-05, 8.24415110401e-06, 1.67487860381e-06, 2.93862876788e-06, 2.3564489311e-06, 8.58422311012e-07, 3.67310190086e-06, 2.45666524279e-06, 7.96106633061e-07, 5.17677051448e-07, 3.11873861847e-07, 4.46253920927e-07, 6.3772915837e-07, 3.28671120542e-07, 1.33633113819e-06, 5.10717995894e-07, 6.24431606866e-07, 3.50651930603e-07, 4.97956193612e-07, 4.33909775666e-07, 2.26406669412e-07, 1.53478276843e-06],
        "var": [1.60665489801e-08, 1.99386548938e-10, 2.15849365048e-08, 1.00568875894e-07, 4.05280707128e-06, 1.06786717424e-06, 1.90229729924e-06, 6.94356629083e-07, 6.01578733495e-07, 3.30334017917e-07, 1.18129514703e-06, 1.74039666945e-06, 1.09926581615e-07, 2.52797587308e-08, 6.46045927866e-09, 8.46768377638e-10, 5.89308768451e-10, 3.55350877612e-08, 8.50217986681e-07, 2.96068378702e-06, 4.46889907835e-06, 1.10704057477e-07, 1.39948435063e-08, 7.56608017127e-07, 2.56577248336e-08, 5.75410430415e-09, 2.23503951458e-10]
    },
    "erbbands": {
        "dmean": [0.000683763471898, 0.00280689494684, 0.0384218469262, 0.304065078497, 1.35050332546, 4.35125923157, 4.37838172913, 6.54422330856, 8.15850639343, 8.93957138062, 10.8614082336, 10.556385994, 7.34698486328, 12.2703399658, 24.4879684448, 12.8912000656, 7.02773761749, 4.31107711792, 2.97551703453, 1.1923815012, 0.650802731514, 0.765308797359, 2.27404117584, 3.23517870903, 30.9623241425, 33.6304779053, 10.691649437, 11.8112344742, 3.88791203499, 2.04290342331, 1.54008722305, 1.95959043503, 8.14575386047, 2.28490257263, 0.425155162811, 0.225491270423, 0.056104619056, 0.0136810857803, 0.00164249236695, 0.000154483655933],
        "dmean2": [0.00111950573046, 0.00487527670339, 0.0692274346948, 0.481059253216, 2.35438537598, 7.64299631119, 7.69041824341, 11.538690567, 14.3447780609, 14.9577741623, 18.9364776611, 18.19414711, 12.6261987686, 20.6918907166, 41.2321777344, 20.9623889923, 10.8760108948, 6.71474218369, 4.94184923172, 1.92767131329, 1.13775014877, 1.2039090395, 3.72185397148, 5.31993627548, 47.0079116821, 52.1524620056, 18.0376739502, 11.1934156418, 3.94763803482, 3.34258055687, 2.60145020485, 3.05407619476, 13.5991840363, 3.65436506271, 0.657085359097, 0.360292881727, 0.0847924798727, 0.0233094096184, 0.00280616874807, 0.000257408828475],
        "dvar": [3.37407811912e-07, 1.50620526256e-05, 0.00934974476695, 0.276058316231, 5.82867145538, 89.2223815918, 30.728521347, 63.8593063354, 164.711166382, 171.136856079, 494.566101074, 200.895370483, 85.9858169556, 335.261871338, 7607.12548828, 851.909179688, 182.192321777, 55.6383666992, 43.8628120422, 6.41908025742, 1.85975646973, 2.08276224136, 38.429561615, 12.1234092712, 2721.07128906, 1812.67712402, 111.49961853, 1505.62988281, 131.864807129, 8.2962141037, 5.73446798325, 8.94334888458, 292.425201416, 24.7626132965, 0.460899978876, 0.154633551836, 0.0172111317515, 0.000948279513977, 3.96110226575e-06, 1.74855490087e-08],
        "dvar2": [9.05841261556e-07, 3.94984635932e-05, 0.0261109657586, 0.616830468178, 18.2752933502, 214.383728027, 85.5085754395, 189.043533325, 439.175537109, 341.64630127, 1406.52770996, 544.79876709, 203.384643555, 860.484130859, 21330.4667969, 2106.05932617, 376.797821045, 127.236106873, 116.368759155, 16.5209331512, 5.20873308182, 4.65228271484, 100.757583618, 30.5585746765, 5561.00830078, 4068.90673828, 283.856628418, 1017.17041016, 88.5110473633, 22.9897785187, 16.0956039429, 24.2701282501, 784.817321777, 64.8141555786, 1.36304664612, 0.468256294727, 0.0406918637455, 0.00256917788647, 1.10299761218e-05, 4.22342196771e-08],
        "max": [0.00398508086801, 0.0328609533608, 1.08389341831, 6.34804916382, 19.8499145508, 76.2242584229, 48.3154411316, 58.4276695251, 88.7981033325, 138.108306885, 199.556304932, 105.952293396, 70.4139022827, 132.96295166, 874.363098145, 263.693817139, 126.751922607, 75.5972595215, 59.0489997864, 24.6498718262, 12.3600330353, 12.978676796, 84.3252182007, 29.9333076477, 510.791900635, 385.579193115, 88.9493637085, 803.231567383, 241.232025146, 24.4981060028, 18.2858181, 18.6526756287, 156.986068726, 51.166469574, 5.95432376862, 3.49596619606, 1.56422996521, 0.318577975035, 0.0203838646412, 0.00183396285865],
        "mean": [0.00093582039699, 0.00381786841899, 0.0490184910595, 0.431311875582, 1.9386831522, 5.18253993988, 5.1745223999, 9.43576908112, 11.7557096481, 13.2513923645, 16.9126834869, 16.7735919952, 14.6373376846, 18.8416309357, 27.2905082703, 17.592918396, 9.3285150528, 5.86282062531, 3.68592715263, 1.78474354744, 1.00258302689, 1.31788730621, 4.64115715027, 7.27372550964, 59.5380249023, 71.9933929443, 22.9171180725, 29.2312355042, 9.59059810638, 3.54094719887, 2.71547341347, 3.12612247467, 9.19324874878, 3.0986187458, 0.645102202892, 0.312463223934, 0.0739828944206, 0.0221766643226, 0.00635536247864, 0.00104459177237],
        "median": [0.000754528969992, 0.00258564576507, 0.0273827258497, 0.227240458131, 0.722724735737, 2.2804710865, 2.91498208046, 4.83841896057, 5.88717746735, 6.68753194809, 9.16478252411, 11.1482686996, 10.8957958221, 12.4744625092, 11.7166194916, 7.94551277161, 4.13608026505, 2.47576165199, 1.44494044781, 0.80814653635, 0.622011601925, 0.743347048759, 1.77049767971, 5.66549015045, 29.4673843384, 49.8121948242, 17.7937335968, 6.86591672897, 2.77117848396, 2.26926994324, 2.02014231682, 1.57206892967, 3.23416566849, 1.25164449215, 0.382780909538, 0.160410523415, 0.030553760007, 0.0136792585254, 0.00585673516616, 0.00104235205799],
        "min": [9.65250728768e-05, 0.000392348243622, 0.00318810041063, 0.0133736450225, 0.0505382865667, 0.12426481396, 0.248185381293, 0.293297916651, 0.179261416197, 0.0395681001246, 0.0490085370839, 0.049766805023, 0.124684840441, 0.0329427868128, 0.0380510054529, 0.175521686673, 0.123880028725, 0.0559320896864, 0.0273970924318, 0.0262303128839, 0.0148507822305, 0.0262502338737, 0.0364153273404, 0.0229219030589, 0.0216746684164, 0.0808525905013, 0.0226943604648, 0.0206874720752, 0.0251613147557, 0.0155968340114, 0.00963987689465, 0.00913046207279, 0.00931890215725, 0.00485824374482, 0.00341641274281, 0.0011323542567, 0.000401177996537, 0.00035245961044, 0.000188318954315, 2.70556138275e-05],
        "var": [5.20403546034e-07, 1.88547655853e-05, 0.0101942270994, 0.553456544876, 8.61038970947, 103.113845825, 39.8061828613, 123.067466736, 251.075973511, 352.892883301, 525.641967773, 298.557769775, 173.14414978, 453.058349609, 5093.00878906, 925.429992676, 253.799942017, 78.3926391602, 42.7515640259, 7.71010112762, 1.63669478893, 3.08560633659, 107.227180481, 32.9771957397, 7130.77978516, 4827.99365234, 277.689025879, 11361.1152344, 1036.38696289, 11.0303535461, 6.52511835098, 15.1626977921, 336.101074219, 35.2824516296, 0.618437170982, 0.190279349685, 0.0210924707353, 0.000975762028247, 4.76139302918e-06, 3.26481526258e-08]
    },
    "gfcc": {
        "mean": [2.32214212418, 16.3448638916, -102.467155457, 1.24324393272, -94.0072860718, -16.9441337585, -17.927778244, -4.72745466232, -46.2324752808, -0.995843052864, -1.18793058395, -15.8857297897, -3.73242020607],
        "cov": [[1523.28771973, -165.060852051, -319.445953369, -137.772369385, -206.176864624, 124.835250854, -203.273010254, 77.8302307129, -39.3898506165, 121.890350342, -14.1296167374, -30.2682762146, -44.7890319824], [-165.060852051, 299.865905762, -5.37464046478, -62.8389015198, 96.1121063232, -39.4294509888, 68.096282959, -87.2124099731, 22.5768966675, -50.3780479431, -18.4378414154, 12.5810165405, -31.6312122345], [-319.445953369, -5.37464046478, 196.102279663, 98.2763442993, 25.1296977997, -23.557926178, 39.7976875305, -14.2883014679, -25.1474018097, -43.0664978027, -25.2192878723, 15.7572946548, 8.0136680603], [-137.772369385, -62.8389015198, 98.2763442993, 148.859649658, 18.9345684052, -38.3199234009, 25.4764347076, -14.2667398453, -25.2381401062, -39.8396110535, -22.5859088898, 15.2430295944, -4.62820005417], [-206.176864624, 96.1121063232, 25.1296977997, 18.9345684052, 124.87651062, -12.9152641296, 31.3997497559, -44.0930633545, -0.580677628517, -36.7271690369, -23.5259380341, 6.33386516571, -30.6000328064], [124.835250854, -39.4294509888, -23.557926178, -38.3199234009, -12.9152641296, 80.855758667, -27.0230960846, 12.3487386703, -7.4888420105, 20.1542720795, -0.554783701897, -19.1856060028, 2.41184306145], [-203.273010254, 68.096282959, 39.7976875305, 25.4764347076, 31.3997497559, -27.0230960846, 105.991111755, -28.4983215332, 5.65844869614, -22.8459072113, -7.75365257263, 23.7247753143, -3.62506198883], [77.8302307129, -87.2124099731, -14.2883014679, -14.2667398453, -44.0930633545, 12.3487386703, -28.4983215332, 92.4358825684, 25.4731044769, 34.0091552734, 28.7528343201, -9.25636100769, 21.823059082], [-39.3898506165, 22.5768966675, -25.1474018097, -25.2381401062, -0.580677628517, -7.4888420105, 5.65844869614, 25.4731044769, 71.0597686768, 18.6273002625, 5.72275543213, 14.3267631531, 6.52453327179], [121.890350342, -50.3780479431, -43.0664978027, -39.8396110535, -36.7271690369, 20.1542720795, -22.8459072113, 34.0091552734, 18.6273002625, 89.9015884399, 34.0642776489, -8.69567775726, 31.9462184906], [-14.1296167374, -18.4378414154, -25.2192878723, -22.5859088898, -23.5259380341, -0.554783701897, -7.75365257263, 28.7528343201, 5.72275543213, 34.0642776489, 73.7008209229, 5.19815635681, 35.610534668], [-30.2682762146, 12.5810165405, 15.7572946548, 15.2430295944, 6.33386516571, -19.1856060028, 23.7247753143, -9.25636100769, 14.3267631531, -8.69567775726, 5.19815635681, 97.5755233765, 6.94811964035], [-44.7890319824, -31.6312122345, 8.0136680603, -4.62820005417, -30.6000328064, 2.41184306145, -3.62506198883, 21.823059082, 6.52453327179, 31.9462184906, 35.610534668, 6.94811964035, 62.0533256531]],
        "icov": [[0.00358062167652, -0.00365038705058, 0.0057580396533, -0.00402408931404, 0.00596912670881, -0.00373750063591, 0.00402680924162, -0.00405635498464, 0.00563156232238, -0.00463489117101, 0.00434456719086, -0.00296678976156, 0.00406349729747], [-0.00365038705058, 0.0153629295528, -0.00778165040538, 0.013574543409, -0.010821852833, 0.00908327382058, -0.00737851904705, 0.0126268882304, -0.0103135900572, 0.00903934240341, -0.00630335975438, 0.00442911777645, -0.00379536207765], [0.0057580396533, -0.00778165040538, 0.018619896844, -0.0125315822661, 0.00922557990998, -0.00726802973077, 0.00499583734199, -0.0095120659098, 0.0117877367884, -0.00602885056287, 0.0101051973179, -0.00535233132541, 0.00198366888799], [-0.00402408931404, 0.013574543409, -0.0125315822661, 0.0242537781596, -0.0108778402209, 0.0129123069346, -0.00719014834613, 0.00982584990561, -0.00658747414127, 0.00990624260157, -0.00426329765469, 0.00357058201917, -0.00465982127935], [0.00596912670881, -0.010821852833, 0.00922557990998, -0.0108778402209, 0.0232796315104, -0.00887516606599, 0.00670224521309, -0.00572280632332, 0.00844978168607, -0.0078100534156, 0.00658843060955, -0.00503845093772, 0.0109337689355], [-0.00373750063591, 0.00908327382058, -0.00726802973077, 0.0129123069346, -0.00887516606599, 0.0228918194771, -0.00356018031016, 0.00595823302865, -0.00391385098919, 0.00423590838909, -0.00194528501015, 0.0047401105985, -0.00491918483749], [0.00402680924162, -0.00737851904705, 0.00499583734199, -0.00719014834613, 0.00670224521309, -0.00356018031016, 0.0180008560419, -0.00368887558579, 0.00511994026601, -0.00558102224022, 0.0044287648052, -0.00512349419296, 0.00412323651835], [-0.00405635498464, 0.0126268882304, -0.0095120659098, 0.00982584990561, -0.00572280632332, 0.00595823302865, -0.00368887558579, 0.0290074367076, -0.0174352861941, 0.00677329627797, -0.0118518006057, 0.00635524420068, -0.00356464087963], [0.00563156232238, -0.0103135900572, 0.0117877367884, -0.00658747414127, 0.00844978168607, -0.00391385098919, 0.00511994026601, -0.0174352861941, 0.0312898159027, -0.0119289485738, 0.0120736947283, -0.00863078888506, 0.00443255295977], [-0.00463489117101, 0.00903934240341, -0.00602885056287, 0.00990624260157, -0.0078100534156, 0.00423590838909, -0.00558102224022, 0.00677329627797, -0.0119289485738, 0.0265756975859, -0.00952488929033, 0.00561074493453, -0.011533876881], [0.00434456719086, -0.00630335975438, 0.0101051973179, -0.00426329765469, 0.00658843060955, -0.00194528501015, 0.0044287648052, -0.0118518006057, 0.0120736947283, -0.00952488929033, 0.0290983188897, -0.00553316902369, -0.00639389781281], [-0.00296678976156, 0.00442911777645, -0.00535233132541, 0.00357058201917, -0.00503845093772, 0.0047401105985, -0.00512349419296, 0.00635524420068, -0.00863078888506, 0.00561074493453, -0.00553316902369, 0.0145584279671, -0.00456513697281], [0.00406349729747, -0.00379536207765, 0.00198366888799, -0.00465982127935, 0.0109337689355, -0.00491918483749, 0.00412323651835, -0.00356464087963, 0.00443255295977, -0.011533876881, -0.00639389781281, -0.00456513697281, 0.0332393795252]]
    },
    "melbands": {
        "dmean": [8.69879841048e-06, 1.4796420146e-05, 6.9718938903e-05, 0.000204704250791, 0.000162141252076, 0.000139804687933, 0.000127980441903, 9.35482967179e-05, 9.05170527403e-05, 6.2582665123e-05, 3.76444477297e-05, 4.98286972288e-05, 7.11403772584e-05, 6.1109145463e-05, 2.3048120056e-05, 1.17415147542e-05, 7.84689746069e-06, 5.76385855311e-06, 2.18942318497e-06, 1.12967120458e-06, 7.31941213417e-07, 6.29659382412e-07, 1.66958250247e-06, 2.79072105513e-06, 2.7179510198e-06, 8.30685439723e-06, 4.75348497275e-05, 1.87217010534e-05, 5.66937887925e-06, 5.96169275013e-06, 9.61424484558e-06, 2.91714877676e-06, 6.75154353758e-07, 1.53080759446e-06, 9.18230284697e-07, 1.18592220133e-06, 1.08358608486e-06, 4.72762167192e-06, 6.743027825e-06, 7.08864774879e-07],
        "dmean2": [1.48859617184e-05, 2.67604846158e-05, 0.000116862742289, 0.000354173535015, 0.000294820812996, 0.000242841910222, 0.000216112908674, 0.00015887914924, 0.000159293718752, 0.000107770254544, 6.46992193651e-05, 8.41134387883e-05, 0.000120525255625, 0.000100736469903, 3.66091517208e-05, 1.82586045412e-05, 1.25012211356e-05, 9.57816791924e-06, 3.60025819646e-06, 1.8381033442e-06, 1.2712773696e-06, 1.03567663245e-06, 2.59525904767e-06, 4.4936427912e-06, 4.4780817916e-06, 1.26713912323e-05, 6.87300271238e-05, 3.08665294142e-05, 9.42543465499e-06, 1.018536841e-05, 7.84980147728e-06, 2.89593640446e-06, 1.12710699796e-06, 2.53917687587e-06, 1.57876650064e-06, 1.91613139577e-06, 1.74363617589e-06, 7.95710093371e-06, 1.10333567136e-05, 1.18806929095e-06],
        "dvar": [6.07398298325e-11, 1.37130562461e-09, 9.89145565455e-09, 1.79989044113e-07, 5.47076020041e-08, 2.89694419564e-08, 3.91158039292e-08, 1.74624492644e-08, 3.14344248409e-08, 6.6014900213e-09, 2.33707098118e-09, 4.92739937741e-09, 5.54477672665e-08, 3.5788936259e-08, 1.66029501258e-09, 7.05392022571e-10, 1.64305749561e-10, 1.59294133439e-10, 1.89128452482e-11, 7.94736238624e-12, 1.9825586485e-12, 1.14487976391e-12, 2.94481591889e-11, 3.56176269034e-11, 9.51087819612e-12, 2.88669560478e-10, 4.4169841118e-09, 6.07775718642e-10, 3.08979820896e-11, 4.93820540015e-11, 1.35912159305e-09, 7.98052735007e-11, 7.48818270845e-13, 5.37711281751e-12, 1.79906892335e-12, 4.36150204494e-12, 3.1453188578e-12, 7.41789685232e-11, 3.16445425419e-10, 1.41589984095e-12],
        "dvar2": [1.49902867896e-10, 3.84856857494e-09, 2.51881377977e-08, 4.78529273096e-07, 1.30083080307e-07, 8.82803803393e-08, 1.00119876834e-07, 3.79571432063e-08, 8.68270007004e-08, 1.76835346366e-08, 5.48166090297e-09, 1.20200258635e-08, 1.56717021582e-07, 9.34628801019e-08, 3.89910193022e-09, 1.43606160297e-09, 3.8983158368e-10, 4.16826795302e-10, 5.03922598094e-11, 2.14967314782e-11, 5.5006364047e-12, 2.75819406377e-12, 7.63323015907e-11, 8.36361396805e-11, 2.51480954117e-11, 6.30062002571e-10, 8.07789035662e-09, 1.60256508064e-09, 7.68614061286e-11, 1.43957928911e-10, 8.9497248501e-10, 5.37175928739e-11, 1.97531010646e-12, 1.42774342696e-11, 4.83383255298e-12, 1.19869739135e-11, 8.56090458939e-12, 2.04250213964e-10, 8.16596457121e-10, 3.98530514145e-12],
        "max": [4.82944451505e-05, 0.000415086455178, 0.000937036646064, 0.00299530709162, 0.00198698113672, 0.00114329683129, 0.00163420534227, 0.00123992969748, 0.00148126576096, 0.000607296591625, 0.000357805984095, 0.00058452464873, 0.00238194386475, 0.00182534439955, 0.000344090338331, 0.000270931515843, 0.00012035058171, 0.000105266306491, 3.67218308384e-05, 2.82228866126e-05, 1.18465759442e-05, 7.18270757716e-06, 6.03138505539e-05, 7.96626191004e-05, 2.78857551166e-05, 0.000198168141651, 0.000776252767537, 0.000183364012628, 5.0130951422e-05, 5.72650642425e-05, 0.000754825072363, 0.000186020086403, 5.93059121456e-06, 1.85011285794e-05, 1.10328728624e-05, 1.97809076781e-05, 1.30405514938e-05, 6.48690402159e-05, 0.000181051844265, 7.65340882936e-06],
        "mean": [1.14008807941e-05, 1.76957819349e-05, 0.000101137113234, 0.000269049225608, 0.000197610643227, 0.000205391610507, 0.000184778080438, 0.000139957337524, 0.000142033153679, 0.000102009544207, 7.21187607269e-05, 7.53973508836e-05, 8.13900260255e-05, 7.10253880243e-05, 3.10973045998e-05, 1.54394347192e-05, 1.03348056655e-05, 6.68226584821e-06, 3.08575363306e-06, 1.61154764555e-06, 1.06243146547e-06, 1.08909773644e-06, 2.36044115809e-06, 5.6419471548e-06, 4.88891100758e-06, 1.32687637233e-05, 8.81168452906e-05, 3.53451541741e-05, 1.10289229269e-05, 1.09732154669e-05, 2.30776222452e-05, 6.9163347689e-06, 1.1981468333e-06, 2.29477086577e-06, 1.45269052609e-06, 1.90010916867e-06, 1.61078719429e-06, 5.26406120116e-06, 7.88710349298e-06, 1.11709823614e-06],
        "median": [8.43792895466e-06, 9.68135100265e-06, 5.19607056049e-05, 0.000108544671093, 0.000106970575871, 0.000111471388664, 9.49321838561e-05, 6.97828072589e-05, 7.61988194427e-05, 6.77938805893e-05, 5.59908949072e-05, 5.18898923474e-05, 4.02777295676e-05, 2.71398730547e-05, 1.27303201225e-05, 6.50918991596e-06, 4.2966462388e-06, 2.48691935667e-06, 1.31574722673e-06, 9.07821231522e-07, 6.55460951293e-07, 6.44674628347e-07, 9.28430267777e-07, 2.32938282352e-06, 3.60821786671e-06, 5.65914206163e-06, 5.13946251885e-05, 2.35027873714e-05, 8.10948222352e-06, 8.53734036355e-06, 1.9937133402e-06, 1.52688789967e-06, 8.9203308562e-07, 1.42258727465e-06, 1.09990935471e-06, 1.06374898223e-06, 7.41862379527e-07, 2.06214645004e-06, 2.16071975956e-06, 6.33279682916e-07],
        "min": [1.67517453065e-06, 6.67144888666e-07, 3.20389085573e-06, 6.116682016e-06, 8.28234897199e-06, 6.6301613515e-06, 2.46104468715e-06, 3.27501851416e-07, 3.84794020647e-07, 3.7988311874e-07, 6.20243042704e-07, 1.18060292209e-07, 1.0686508034e-07, 3.24105286609e-07, 4.69737472031e-07, 1.93456671127e-07, 9.1149431114e-08, 4.20637036314e-08, 3.86033747191e-08, 2.9350259112e-08, 1.42601193076e-08, 2.35534773907e-08, 3.91721357573e-08, 2.66509943003e-08, 1.78022911967e-08, 1.12495577298e-08, 2.1709412934e-08, 6.50219575959e-08, 1.00436192696e-08, 1.36944890983e-08, 1.01269623798e-08, 1.31558834937e-08, 1.35625635167e-08, 6.34818997369e-09, 4.75565675728e-09, 6.10883432728e-09, 5.46191714079e-09, 6.67025634726e-09, 5.31370503154e-09, 3.52295281836e-09],
        "var": [7.88399068252e-11, 1.4086711797e-09, 1.91143509909e-08, 2.21745423801e-07, 7.27005726731e-08, 5.36874757984e-08, 6.69446507118e-08, 3.30556950701e-08, 3.60701939428e-08, 1.03662340933e-08, 4.47063808195e-09, 7.41991268427e-09, 3.6912208401e-08, 2.96669941946e-08, 2.30375252208e-09, 9.26252685662e-10, 2.28249294465e-10, 1.54312354561e-10, 2.22540440936e-11, 7.5474435729e-12, 1.80051416485e-12, 1.52127746164e-12, 3.42053746438e-11, 1.40985334518e-10, 2.01507508596e-11, 6.38800290442e-10, 1.29447439434e-08, 1.08893793982e-09, 7.41066097376e-11, 7.5877998329e-11, 1.02060546681e-08, 6.29247154382e-10, 1.15180044322e-12, 6.32612798951e-12, 1.99807206371e-12, 5.49360990726e-12, 4.82199957047e-12, 8.09102160271e-11, 3.85269843806e-10, 2.0046494846e-12]
    },
    "mfcc": {
        "mean": [-650.721191406, 72.131477356, 18.3049850464, 7.75201845169, -44.5273628235, -18.6420860291, 19.4164390564, -19.5765590668, -15.0960702896, 1.16657757759, -12.9015464783, -5.38265371323, -1.05403470993],
        "cov": [[1726.34545898, -189.033554077, -191.108306885, -354.464111328, -24.7374725342, -117.301704407, -65.7353286743, -144.346298218, -57.2951316833, 84.8066864014, 28.0510425568, 12.07371521, -37.7445678711], [-189.033554077, 353.775756836, -94.7674407959, 5.29406881332, -14.4202365875, 70.5468521118, -14.8270130157, 40.8588485718, -15.6021995544, -36.5563278198, 19.3202953339, -4.98663806915, -19.3190364838], [-191.108306885, -94.7674407959, 178.34147644, 72.2176132202, -6.01866817474, -6.54482841492, 27.2527580261, 10.2597332001, 25.2209358215, -25.1118564606, -33.0421409607, 6.26625585556, -3.24566340446], [-354.464111328, 5.29406881332, 72.2176132202, 217.030059814, 2.69850564003, 30.60871315, 10.2591590881, 65.296585083, 7.27091741562, -61.5420799255, -19.3054962158, -2.49357461929, -21.9877166748], [-24.7374725342, -14.4202365875, -6.01866817474, 2.69850564003, 88.6733169556, 4.17682886124, -3.71528244019, 0.360375642776, -8.88601207733, 9.06696891785, 1.50513148308, -9.13151073456, -15.4477157593], [-117.301704407, 70.5468521118, -6.54482841492, 30.60871315, 4.17682886124, 103.824623108, 10.8993473053, 17.9134521484, 9.0321931839, -38.6594543457, -13.5933876038, 8.04165744781, -23.3941383362], [-65.7353286743, -14.8270130157, 27.2527580261, 10.2591590881, -3.71528244019, 10.8993473053, 69.1630172729, -12.2614107132, -6.19426250458, 5.67767381668, -17.6027202606, -6.34434080124, 18.0426712036], [-144.346298218, 40.8588485718, 10.2597332001, 65.296585083, 0.360375642776, 17.9134521484, -12.2614107132, 104.593284607, 2.2427880764, -45.1799468994, 4.93424797058, 9.62313938141, -24.9118862152], [-57.2951316833, -15.6021995544, 25.2209358215, 7.27091741562, -8.88601207733, 9.0321931839, -6.19426250458, 2.2427880764, 58.8232269287, 1.80483877659, -0.496978342533, 12.3161430359, 12.8157539368], [84.8066864014, -36.5563278198, -25.1118564606, -61.5420799255, 9.06696891785, -38.6594543457, 5.67767381668, -45.1799468994, 1.80483877659, 122.826683044, 19.1789016724, -37.438079834, 27.8556041718], [28.0510425568, 19.3202953339, -33.0421409607, -19.3054962158, 1.50513148308, -13.5933876038, -17.6027202606, 4.93424797058, -0.496978342533, 19.1789016724, 51.2032318115, -4.90170097351, -8.58521652222], [12.07371521, -4.98663806915, 6.26625585556, -2.49357461929, -9.13151073456, 8.04165744781, -6.34434080124, 9.62313938141, 12.3161430359, -37.438079834, -4.90170097351, 69.7214279175, 1.2202385664], [-37.7445678711, -19.3190364838, -3.24566340446, -21.9877166748, -15.4477157593, -23.3941383362, 18.0426712036, -24.9118862152, 12.8157539368, 27.8556041718, -8.58521652222, 1.2202385664, 81.8931503296]],
