{
"lowlevel": {
    "average_loudness": 0.820399105549,
    "barkbands_crest": {
        "dmean": 2.12217593193,
        "dmean2": 3.25868415833,
        "dvar": 4.42510223389,
        "dvar2": 10.0383481979,
        "max": 21.0735168457,
        "mean": 6.71228265762,
        "median": 5.42028665543,
        "min": 2.22711324692,
        "var": 16.0493087769
    },
    "barkbands_flatness_db": {
        "dmean": 0.0178238283843,
        "dmean2": 0.0289492793381,
        "dvar": 0.00043684116099,
        "dvar2": 0.00117962819058,
        "max": 0.19776751101,
        "mean": 0.0821909606457,
        "median": 0.0729960203171,
        "min": 0.0262352656573,
        "var": 0.000959872675594
    },
    "barkbands_kurtosis": {
        "dmean": 1.81438708305,
        "dmean2": 3.0285217762,
        "dvar": 12.3556346893,
        "dvar2": 29.1924705505,
        "max": 42.0793647766,
        "mean": 1.03540372849,
        "median": -0.667382478714,
        "min": -1.56397092342,
        "var": 19.8783969879
    },
    "barkbands_skewness": {
        "dmean": 0.585541903973,
        "dmean2": 0.921696424484,
        "dvar": 0.548027098179,
        "dvar2": 1.3931428194,
        "max": 5.54146385193,
        "mean": 0.71726077795,
        "median": 0.470244348049,
        "min": -2.13805055618,
        "var": 1.14547038078
    },
    "barkbands_spread": {
        "dmean": 6.66063928604,
        "dmean2": 10.6420917511,
        "dvar": 59.3832130432,
        "dvar2": 147.538848877,
        "max": 91.6845550537,
        "mean": 28.3854503632,
        "median": 29.2955970764,
        "min": 3.59305644035,
        "var": 126.695800781
    },
    "dissonance": {
        "dmean": 0.0133423637599,
        "dmean2": 0.0222542118281,
        "dvar": 0.000267518771579,
        "dvar2": 0.000653464812785,
        "max": 0.500000059605,
        "mean": 0.476638227701,
        "median": 0.483094483614,
        "min": 0.322166323662,
        "var": 0.000492037739605
    },
    "dynamic_complexity": 10.8413858414,
    "erbbands_crest": {
        "dmean": 1.5402879715,
        "dmean2": 2.40975284576,
        "dvar": 2.83511304855,
        "dvar2": 5.65459489822,
        "max": 24.1056251526,
        "mean": 6.37638807297,
        "median": 4.95179271698,
        "min": 2.70233106613,
        "var": 13.9364919662
    },
    "erbbands_flatness_db": {
        "dmean": 0.0122633604333,
        "dmean2": 0.0197995081544,
        "dvar": 0.000237878906773,
        "dvar2": 0.000586347538047,
        "max": 0.245711907744,
        "mean": 0.154092743993,
        "median": 0.15067961812,
        "min": 0.0510820932686,
        "var": 0.000724215526134
    },
    "erbbands_kurtosis": {
        "dmean": 0.602298676968,
        "dmean2": 0.944916725159,
        "dvar": 0.743384897709,
        "dvar2": 1.51246726513,
        "max": 10.492603302,
        "mean": -0.152967080474,
        "median": -0.416449308395,
        "min": -1.50962769985,
        "var": 1.62264692783
    },
    "erbbands_skewness": {
        "dmean": 0.363444417715,
        "dmean2": 0.583676278591,
        "dvar": 0.181998088956,
        "dvar2": 0.425273180008,
        "max": 3.08138728142,
        "mean": 0.0780202522874,
        "median": -0.142867401242,
        "min": -1.38306283951,
        "var": 0.509596526623
    },
    "erbbands_spread": {
        "dmean": 6.37031507492,
        "dmean2": 10.2092027664,
        "dvar": 43.9738502502,
        "dvar2": 113.609703064,
        "max": 71.2866439819,
        "mean": 36.1651611328,
        "median": 35.5608139038,
        "min": 10.2201728821,
        "var": 85.2513275146
    },
    "hfc": {
        "dmean": 5.99615764618,
        "dmean2": 7.36010456085,
        "dvar": 624.847351074,
        "dvar2": 1358.71130371,
        "max": 460.569671631,
        "mean": 9.74556541443,
        "median": 0.670758962631,
        "min": 0.00473660649732,
        "var": 1127.16223145
    },
    "melbands_crest": {
        "dmean": 2.82561159134,
        "dmean2": 4.51958084106,
        "dvar": 7.34492874146,
        "dvar2": 15.5697422028,
        "max": 27.92162323,
        "mean": 9.95582103729,
        "median": 8.58123016357,
        "min": 2.94763422012,
        "var": 27.1138114929
    },
    "melbands_flatness_db": {
        "dmean": 0.028053201735,
        "dmean2": 0.0422626547515,
        "dvar": 0.00113300024532,
        "dvar2": 0.00287649710663,
        "max": 0.283514946699,
        "mean": 0.104618631303,
        "median": 0.0910051614046,
        "min": 0.0238149836659,
        "var": 0.00268062786199
    },
    "melbands_kurtosis": {
        "dmean": 3.58173131943,
        "dmean2": 5.82040214539,
        "dvar": 34.7323875427,
        "dvar2": 85.6048355103,
        "max": 42.5211410522,
        "mean": 4.62058782578,
        "median": 1.56501150131,
        "min": -1.42675232887,
        "var": 57.7466583252
    },
    "melbands_skewness": {
        "dmean": 0.60883295536,
        "dmean2": 0.955073654652,
        "dvar": 0.5510892272,
        "dvar2": 1.38685011864,
        "max": 5.65971660614,
        "mean": 1.6439460516,
        "median": 1.39580118656,
        "min": -1.0426671505,
        "var": 1.23001217842
    },
    "melbands_spread": {
        "dmean": 12.4903211594,
        "dmean2": 18.7460670471,
        "dvar": 197.608886719,
        "dvar2": 502.839782715,
        "max": 106.162902832,
        "mean": 43.0541152954,
        "median": 43.6793632507,
        "min": 3.20691299438,
        "var": 494.870391846
    },
    "pitch_salience": {
        "dmean": 0.0588798746467,
        "dmean2": 0.0949206352234,
        "dvar": 0.00373088940978,
        "dvar2": 0.00870248209685,
        "max": 0.850583672523,
        "mean": 0.702250421047,
        "median": 0.726036190987,
        "min": 0.338091284037,
        "var": 0.0074586328119
    },
    "silence_rate_20dB": {
        "dmean": 0.00444444455206,
        "dmean2": 0.0089086862281,
        "dvar": 0.00442469399422,
        "dvar2": 0.0132836522534,
        "max": 1,
        "mean": 0.997782707214,
        "median": 1,
        "min": 0,
        "var": 0.00221237633377
    },
    "silence_rate_30dB": {
        "dmean": 0.0133333336562,
        "dmean2": 0.026726057753,
        "dvar": 0.0131556009874,
        "dvar2": 0.0349204726517,
        "max": 1,
        "mean": 0.986696243286,
        "median": 1,
        "min": 0,
        "var": 0.0131267635152
    },
    "silence_rate_60dB": {
        "dmean": 0.0888888910413,
        "dmean2": 0.178173720837,
        "dvar": 0.0809876769781,
        "dvar2": 0.164245322347,
        "max": 1,
        "mean": 0.762749433517,
        "median": 1,
        "min": 0,
        "var": 0.180963769555
    },
    "spectral_centroid": {
        "dmean": 414.775299072,
        "dmean2": 635.841308594,
        "dvar": 247457.859375,
        "dvar2": 622818.1875,
        "max": 4173.93310547,
        "mean": 2204.52416992,
        "median": 2351.34887695,
        "min": 509.41027832,
        "var": 551948.125
    },
    "spectral_complexity": {
        "dmean": 3.68000006676,
        "dmean2": 4.29621362686,
        "dvar": 42.608707428,
        "dvar2": 52.5513496399,
        "max": 58,
        "mean": 8.22838115692,
        "median": 1,
        "min": 0,
        "var": 215.900909424
    },
    "spectral_decrease": {
        "dmean": 1.4328838116e-09,
        "dmean2": 2.09312767119e-09,
        "dvar": 8.50240356623e-17,
        "dvar2": 2.26782086669e-16,
        "max": -7.61357529756e-14,
        "mean": -1.6375992784e-09,
        "median": -9.65070939829e-11,
        "min": -1.58131143735e-07,
        "var": 7.33554024252e-17
    },
    "spectral_energy": {
        "dmean": 0.00588915497065,
        "dmean2": 0.00835562404245,
        "dvar": 0.00135559483897,
        "dvar2": 0.00359107065015,
        "max": 0.638597607613,
        "mean": 0.00706462515518,
        "median": 0.000432432774687,
        "min": 8.68282256761e-07,
        "var": 0.00122919841669
    },
    "spectral_energyband_high": {
        "dmean": 0.000360937527148,
        "dmean2": 0.000428724568337,
        "dvar": 9.98874497782e-07,
        "dvar2": 1.61994523751e-06,
        "max": 0.017706843093,
        "mean": 0.000596082187258,
        "median": 3.7656409404e-05,
        "min": 1.13196442442e-07,
        "var": 2.82646419691e-06
    },
    "spectral_energyband_low": {
        "dmean": 0.000171573512489,
        "dmean2": 0.000327622052282,
        "dvar": 1.16531805361e-06,
        "dvar2": 3.39192683896e-06,
        "max": 0.0148227084428,
        "mean": 9.73463393166e-05,
        "median": 1.05348306079e-06,
        "min": 5.0033834853e-09,
        "var": 6.39187703655e-07
    },
    "spectral_energyband_middle_high": {
        "dmean": 0.00152540230192,
        "dmean2": 0.00215633166954,
        "dvar": 6.85768027324e-05,
        "dvar2": 0.000173685592017,
        "max": 0.150136098266,
        "mean": 0.00218084244989,
        "median": 0.000148657578393,
        "min": 9.96050601998e-08,
        "var": 8.83870961843e-05
    },
    "spectral_energyband_middle_low": {
        "dmean": 0.00447726948187,
        "dmean2": 0.00696594361216,
        "dvar": 0.000868025294039,
        "dvar2": 0.00231575523503,
        "max": 0.486333250999,
        "mean": 0.00434250570834,
        "median": 0.000182434203452,
        "min": 2.84172500642e-07,
        "var": 0.000673935399391
    },
    "spectral_entropy": {
        "dmean": 0.122206419706,
        "dmean2": 0.192130699754,
        "dvar": 0.0254230033606,
        "dvar2": 0.0635951682925,
        "max": 8.53584003448,
        "mean": 8.00636196136,
        "median": 8.05551528931,
        "min": 6.9579410553,
        "var": 0.052915442735
    },
    "spectral_flux": {
        "dmean": 0.0144519209862,
        "dmean2": 0.0209606476128,
        "dvar": 0.00165954767726,
        "dvar2": 0.00361899030395,
        "max": 0.657941818237,
        "mean": 0.0339173674583,
        "median": 0.0138524686918,
        "min": 0.000629883201327,
        "var": 0.00345757743344
    },
    "spectral_kurtosis": {
        "dmean": 0.894017279148,
        "dmean2": 1.40150737762,
        "dvar": 1.3971875906,
        "dvar2": 3.23607373238,
        "max": 12.5350666046,
        "mean": 4.43665122986,
        "median": 3.74983024597,
        "min": 0.954388380051,
        "var": 4.24562883377
    },
    "spectral_rms": {
        "dmean": 0.000555870647077,
        "dmean2": 0.00068975094473,
        "dvar": 2.0554330149e-06,
        "dvar2": 4.27731220043e-06,
        "max": 0.0249604098499,
        "mean": 0.00140062882565,
        "median": 0.000649527239148,
        "min": 2.91050619126e-05,
        "var": 4.93055495099e-06
    },
    "spectral_rolloff": {
        "dmean": 914.108032227,
        "dmean2": 1359.61303711,
        "dvar": 2119219.5,
        "dvar2": 4695872,
        "max": 20284.2773438,
        "mean": 3345.71704102,
        "median": 3466.84570312,
        "min": 322.998046875,
        "var": 4644715.5
    },
    "spectral_skewness": {
        "dmean": 0.160725966096,
        "dmean2": 0.249183908105,
        "dvar": 0.0354540199041,
        "dvar2": 0.0822396278381,
        "max": 2.89697098732,
        "mean": 1.44662642479,
        "median": 1.3500597477,
        "min": 0.655753433704,
        "var": 0.102660730481
    },
    "spectral_spread": {
        "dmean": 454481.25,
        "dmean2": 705470.5625,
        "dvar": 1.11623130317e+12,
        "dvar2": 2.09609647718e+12,
        "max": 22529792,
        "mean": 4603628,
        "median": 4443898,
        "min": 2591779,
        "var": 1.62868363264e+12
    },
    "spectral_strongpeak": {
        "dmean": 0.142115741968,
        "dmean2": 0.236925065517,
        "dvar": 0.0804578661919,
        "dvar2": 0.235179141164,
        "max": 3.25707149506,
        "mean": 0.232610285282,
        "median": 0.124589920044,
        "min": 0,
        "var": 0.115030482411
    },
    "zerocrossingrate": {
        "dmean": 0.015254991129,
        "dmean2": 0.0176629479975,
        "dvar": 0.000269483745797,
        "dvar2": 0.000303978013108,
        "max": 0.3681640625,
        "mean": 0.118682660162,
        "median": 0.1171875,
        "min": 0.0146484375,
        "var": 0.00170897098724
    },
    "barkbands": {
        "dmean": [6.11009681961e-07, 2.87493890028e-06, 2.9021042792e-05, 0.000650578527711, 0.00140915310476, 0.00135024415795, 0.000435593392467, 0.000505914038513, 0.000254511804087, 0.000387727282941, 9.15466443985e-05, 0.000272528908681, 0.000129651540192, 0.000132708868477, 0.000148227263708, 0.000154505905812, 0.000142059012433, 0.000139666211908, 0.000195784887183, 0.000138521485496, 9.73335918388e-05, 4.45613331976e-05, 3.17640115099e-05, 5.14942948939e-05, 5.18483830092e-05, 1.34112360684e-05, 7.11186942226e-07],
        "dmean2": [9.79533410828e-07, 5.36911784366e-06, 5.36217521585e-05, 0.00111958093476, 0.00198773713782, 0.00232165073976, 0.000695527472999, 0.000915102253202, 0.000451711530332, 0.000685143633746, 0.000153950008098, 0.000478971429402, 0.000194404667127, 0.000190553808352, 0.000244293565629, 0.000248328811722, 0.00022080691997, 0.000214788567973, 0.000258378044236, 0.000187010911759, 0.000134001107654, 5.61949418625e-05, 4.6199598728e-05, 6.57739074086e-05, 6.4954678237e-05, 1.76517987711e-05, 8.84611893071e-07],
        "dvar": [6.93712069125e-13, 7.27122750899e-10, 2.58877399517e-08, 1.70173079823e-05, 3.60581470886e-05, 0.000123588077258, 6.05088325756e-06, 2.5767565603e-05, 2.52171503234e-06, 1.42928292917e-05, 1.85482107895e-07, 2.36975665757e-06, 3.69603611716e-07, 2.36577477608e-07, 3.08526892923e-07, 5.21621586813e-07, 2.98979273339e-07, 2.43089942842e-07, 4.60219041543e-07, 1.62604422371e-07, 9.11720903218e-08, 1.46969263426e-08, 1.19651293318e-08, 2.29969785437e-08, 2.08582608963e-08, 1.62432811646e-09, 4.29630549886e-12],
        "dvar2": [1.27469465105e-12, 2.08718997641e-09, 7.30338882704e-08, 4.54525870737e-05, 7.49658356654e-05, 0.000344092783052, 1.5069447727e-05, 7.51188927097e-05, 7.24668007024e-06, 3.96753785026e-05, 4.76403869243e-07, 7.42617658034e-06, 6.89530907039e-07, 4.62249971633e-07, 8.00227780928e-07, 1.14379065508e-06, 6.69000883136e-07, 5.5283646816e-07, 7.70036024278e-07, 2.41878950646e-07, 1.65674208574e-07, 2.47311557899e-08, 2.58466883452e-08, 4.35480806971e-08, 3.57923291006e-08, 2.916213937e-09, 6.91457828494e-12],
        "max": [1.27954435811e-05, 0.000432588421972, 0.00181321334094, 0.0627326220274, 0.0836150795221, 0.175345495343, 0.042180582881, 0.0829464793205, 0.0277787186205, 0.0648319274187, 0.00707528414205, 0.01816046983, 0.0106445970014, 0.00776259368286, 0.00668349908665, 0.0118072880432, 0.00810517370701, 0.00737730460241, 0.0117767509073, 0.00718954252079, 0.00540999090299, 0.00193475827109, 0.00122237298638, 0.00240973965265, 0.00230443966575, 0.000549245683942, 2.942719766e-05],
        "mean": [6.63053640437e-07, 1.80278493644e-06, 1.73582393472e-05, 0.000501640082803, 0.00136692484375, 0.0011261816835, 0.000446270336397, 0.000455330533441, 0.000317530473694, 0.000337359611876, 0.000121830184071, 0.000262466928689, 0.000164042285178, 0.000184689153684, 0.000175300956471, 0.000210086931475, 0.00019734952366, 0.000200916852918, 0.000279790547211, 0.000227431024541, 0.000160379131557, 7.26282523829e-05, 5.51760058443e-05, 8.09873599792e-05, 7.96561507741e-05, 1.94920958165e-05, 1.2167404293e-06],
        "median": [2.80741062397e-07, 8.04355337891e-08, 2.16295262589e-07, 2.24916675506e-06, 1.12651669042e-05, 1.76101893885e-05, 3.39007310686e-05, 2.44306174864e-05, 2.01515958906e-05, 1.47655728142e-05, 6.81093297317e-06, 1.05252493086e-05, 1.4873334294e-05, 1.21221228255e-05, 8.69102950674e-06, 1.0840770301e-05, 1.24319640236e-05, 1.66832342074e-05, 1.7934364223e-05, 1.62810811162e-05, 1.22188321257e-05, 5.36192646905e-06, 3.2796931464e-06, 3.19948208016e-06, 2.49102890848e-06, 3.85619216559e-07, 2.08463703188e-07],
        "min": [1.38013517281e-10, 1.25927201999e-09, 4.122126529e-10, 1.1451950499e-09, 2.8459764323e-08, 3.58144696122e-08, 1.63667746023e-08, 4.73136729795e-08, 8.84327100437e-09, 1.27105996839e-08, 8.82236328437e-09, 5.25476906432e-09, 6.09703310062e-09, 7.01086877442e-09, 9.2123029205e-09, 2.97402347194e-09, 1.00755237487e-09, 3.1278692969e-09, 1.15929834621e-08, 2.84325785138e-09, 2.8913880179e-09, 2.1983881382e-09, 3.16107895415e-09, 3.29686900002e-09, 3.38744121642e-09, 7.763962806e-09, 1.20334329168e-08],
        "var": [1.44688438748e-12, 4.29135282864e-10, 1.5538230258e-08, 1.18405132525e-05, 4.21182412538e-05, 8.29956770758e-05, 5.5221198636e-06, 1.61706575454e-05, 2.37284234572e-06, 1.00785728137e-05, 2.79813235693e-07, 2.0491727355e-06, 5.84444080687e-07, 4.35438835211e-07, 3.66436324839e-07, 7.52429912154e-07, 4.58990825791e-07, 4.03269922344e-07, 9.82673554972e-07, 4.53198907735e-07, 2.27121248031e-07, 3.77033373411e-08, 2.44131879157e-08, 5.70091032159e-08, 5.33485930987e-08, 3.51699114276e-09, 1.02775296953e-11]
    },
    "erbbands": {
        "dmean": [6.6783373768e-05, 0.00135889009107, 0.033907469362, 0.954501926899, 5.90300512314, 2.45174694061, 11.4236021042, 7.20127487183, 4.55995321274, 12.6142683029, 6.53658008575, 5.79736280441, 13.0420713425, 6.36775588989, 5.85113334656, 10.0239667892, 5.77257156372, 7.591755867, 7.06629943848, 6.34245872498, 9.08867740631, 8.74491405487, 7.64705610275, 8.87032318115, 8.69881916046, 6.20686149597, 4.98370265961, 3.34234666824, 1.83331465721, 0.951237797737, 0.958362162113, 0.922805249691, 0.928021907806, 0.583891987801, 0.367533564568, 0.113861456513, 0.0131629528478, 0.00123366515618, 0.000136807546369, 1.37655615617e-05],
        "dmean2": [0.000113103473268, 0.00241509708576, 0.0601355060935, 1.61400461197, 8.20346736908, 3.76894545555, 19.6795425415, 12.2557678223, 6.95895624161, 23.2841587067, 10.4355239868, 10.3355455399, 22.2521572113, 11.0797815323, 9.83175468445, 17.9283256531, 9.16794109344, 11.2937173843, 10.7766942978, 8.8527879715, 15.0610904694, 14.1429166794, 12.4410562515, 11.9803504944, 11.4595527649, 7.91806030273, 6.45170688629, 4.59539175034, 2.40187811852, 1.18812382221, 1.44856286049, 1.24458408356, 1.225086689, 0.768953382969, 0.442289859056, 0.151615902781, 0.016046801582, 0.0015077899443, 0.000170869141584, 1.72197014763e-05],
        "dvar": [1.64361182442e-07, 8.70256844792e-05, 0.0345745757222, 34.0663566589, 681.407653809, 104.103179932, 9236.09765625, 2710.34741211, 524.041381836, 13913.9726562, 2202.65112305, 1067.73217773, 14047.9755859, 3078.74560547, 868.016479492, 3020.80444336, 625.70501709, 1029.32275391, 710.026733398, 598.437194824, 1862.63391113, 1253.50439453, 746.352111816, 997.858337402, 853.359680176, 294.740844727, 234.573104858, 92.3557815552, 28.0027217865, 7.19486761093, 12.0429534912, 7.91056203842, 8.14833927155, 2.5369374752, 1.09578740597, 0.118142984807, 0.00152547063772, 1.31250662889e-05, 1.59796741173e-07, 3.22874971204e-09],
        "dvar2": [4.43681045681e-07, 0.000249601027463, 0.0958839133382, 91.4470748901, 1408.71826172, 232.938659668, 25870.1777344, 7482.28417969, 1167.44677734, 41277.6289062, 5699.95654297, 3202.82006836, 38423.390625, 8822.70019531, 2507.0559082, 9335.48632812, 1292.21142578, 1963.39208984, 1694.90490723, 1115.35058594, 4747.02929688, 3101.29150391, 1849.52087402, 1698.41064453, 1217.62585449, 429.402130127, 395.704101562, 190.264038086, 52.6760063171, 12.7076463699, 27.4307880402, 14.7766742706, 16.8870391846, 4.33753252029, 1.95510780811, 0.212319150567, 0.00234699668363, 2.11000842683e-05, 2.50634286658e-07, 7.34234273381e-09],
        "max": [0.00646317610517, 0.140699744225, 2.42325544357, 88.1214523315, 354.093383789, 138.723709106, 1504.97717285, 822.07598877, 405.982696533, 1838.68713379, 855.266357422, 549.106140137, 2093.01977539, 941.616516113, 430.30670166, 652.628540039, 402.652648926, 536.741394043, 377.052886963, 419.976989746, 685.121582031, 521.446777344, 399.974853516, 483.828735352, 546.750183105, 316.394927979, 276.990478516, 150.630554199, 86.7635803223, 33.7688560486, 39.699546814, 39.164226532, 44.6082992554, 23.0093994141, 17.1419067383, 4.95854187012, 0.605234801769, 0.0580840520561, 0.00570276891813, 0.00100390403531],
        "mean": [5.30976976734e-05, 0.000905091350432, 0.0225660391152, 0.730935573578, 5.41379404068, 2.41591906548, 8.80624961853, 6.53935575485, 5.04349374771, 10.223657608, 7.82722043991, 7.29697942734, 12.6456661224, 6.24948406219, 7.14242649078, 9.62038421631, 7.65699481964, 10.0593643188, 9.29795837402, 8.8395652771, 11.9982786179, 11.7840118408, 10.7052602768, 13.4698953629, 13.3348855972, 10.4480237961, 8.1837053299, 5.22621297836, 2.86329746246, 1.67238855362, 1.6323236227, 1.5454107523, 1.4139906168, 0.940292656422, 0.534218788147, 0.163873165846, 0.0202980712056, 0.00194075750187, 0.000222067086725, 2.28214394156e-05],
        "median": [5.29906537849e-06, 2.23890474444e-05, 0.000239773042267, 0.00408931355923, 0.0219907332212, 0.0279403366148, 0.116405695677, 0.135887876153, 0.468825787306, 0.330236941576, 0.508077442646, 0.463183939457, 0.524015069008, 0.385965526104, 0.363546580076, 0.508821487427, 0.663060367107, 0.665881335735, 0.598010957241, 0.433819234371, 0.663771927357, 0.75441545248, 0.856372535229, 0.919990420341, 0.965987384319, 0.829593062401, 0.619278609753, 0.400780379772, 0.208215922117, 0.111312903464, 0.0889461040497, 0.0685014203191, 0.0503799729049, 0.0300211068243, 0.0163628086448, 0.00329832267016, 0.000461173855001, 7.78532485128e-05, 2.4931925509e-05, 4.50500238003e-06],
        "min": [2.66919748526e-08, 4.93465961426e-07, 2.0888819563e-06, 7.9487417679e-06, 4.09596395912e-05, 7.0210902777e-05, 0.000237143191043, 0.000306576228468, 0.000210588477785, 0.000512520899065, 0.000917902623769, 0.000320067920256, 0.000808878801763, 0.000395113456761, 0.000450436404208, 0.00033272721339, 0.000246765877819, 0.000220017886022, 0.000513476959895, 0.000290606345516, 0.000161323609063, 6.69324872433e-05, 0.000130819214974, 0.000327512359945, 0.000432922475738, 0.000145227139001, 0.000137804541737, 0.000112493544293, 8.2511040091e-05, 7.55569999455e-05, 8.13151928014e-05, 5.96880272496e-05, 7.37680238672e-05, 4.62018069811e-05, 2.10928010347e-05, 1.75831864908e-05, 1.29111749629e-05, 5.096676432e-06, 1.62535241088e-06, 1.9686164876e-07],
        "var": [1.16676886819e-07, 5.13517406944e-05, 0.0220162793994, 23.635799408, 763.413208008, 115.068336487, 6025.02197266, 1970.96069336, 608.47644043, 8012.39013672, 2061.94970703, 1035.4342041, 11061.2441406, 2189.84082031, 1117.56994629, 2508.37963867, 1041.22265625, 1648.94299316, 1030.59301758, 1147.23791504, 2226.43823242, 1659.25695801, 1118.17614746, 2135.06030273, 2145.36010742, 877.594299316, 599.784729004, 219.212615967, 63.7083320618, 19.2147331238, 22.0117378235, 20.5428524017, 17.6334991455, 6.9846944809, 2.51894068718, 0.251855909824, 0.00386922992766, 3.36206903739e-05, 3.87065625773e-07, 4.85985784948e-09]
    },
    "gfcc": {
        "mean": [-166.45223999, 21.4139442444, -152.915466309, 0.188664168119, -80.6938552856, -17.2634105682, -48.5657043457, -2.42863607407, -31.4881324768, -1.31726586819, -13.3662166595, -8.50655460358, -9.54637622833],
        "cov": [[19515.6113281, -926.169250488, -1332.90698242, 1182.6661377, -1620.29150391, 705.964050293, -2219.82397461, 85.3100967407, -1907.10913086, -366.270843506, -1371.97705078, -188.556427002, -405.176696777], [-926.169250488, 779.56439209, 391.187469482, -148.654006958, 158.049285889, -146.841522217, 114.142951965, -28.0538063049, 124.194824219, -47.3229598999, 28.0743026733, -47.9606323242, 10.7709417343], [-1332.90698242, 391.187469482, 559.621154785, -80.8100891113, 264.338989258, -72.2684707642, 129.651977539, -35.0374145508, 100.613052368, -9.74306106567, 52.8323326111, -14.5547637939, 14.4304466248], [1182.6661377, -148.654006958, -80.8100891113, 252.629364014, -43.4229164124, 111.56312561, -157.067520142, -44.270324707, -172.251235962, -45.3393745422, -86.1461105347, -15.5279550552, -23.9346866608], [-1620.29150391, 158.049285889, 264.338989258, -43.4229164124, 289.860778809, -33.1933708191, 191.882781982, -51.0529632568, 123.945037842, 7.9359960556, 111.078323364, 6.87348461151, 33.9196624756], [705.964050293, -146.841522217, -72.2684707642, 111.56312561, -33.1933708191, 125.66368866, -67.5557098389, -2.5107922554, -99.9814682007, -31.2902336121, -63.0244865417, -3.90793156624, -7.16830873489], [-2219.82397461, 114.142951965, 129.651977539, -157.067520142, 191.882781982, -67.5557098389, 321.304718018, 9.30634403229, 244.505645752, 44.3515739441, 164.848678589, 15.5229082108, 39.0398788452], [85.3100967407, -28.0538063049, -35.0374145508, -44.270324707, -51.0529632568, -2.5107922554, 9.30634403229, 72.6852416992, 29.1152820587, 23.23969841, -2.05739998817, -1.08687996864, -5.06079530716], [-1907.10913086, 124.194824219, 100.613052368, -172.251235962, 123.945037842, -99.9814682007, 244.505645752, 29.1152820587, 263.445617676, 73.2147064209, 155.272186279, 20.5956020355, 30.4176006317], [-366.270843506, -47.3229598999, -9.74306106567, -45.3393745422, 7.9359960556, -31.2902336121, 44.3515739441, 23.23969841, 73.2147064209, 79.0602493286, 69.4802703857, 23.9622612, 3.18757081032], [-1371.97705078, 28.0743026733, 52.8323326111, -86.1461105347, 111.078323364, -63.0244865417, 164.848678589, -2.05739998817, 155.272186279, 69.4802703857, 159.381454468, 42.905002594, 37.7231063843], [-188.556427002, -47.9606323242, -14.5547637939, -15.5279550552, 6.87348461151, -3.90793156624, 15.5229082108, -1.08687996864, 20.5956020355, 23.9622612, 42.905002594, 50.8866348267, 36.2720451355], [-405.176696777, 10.7709417343, 14.4304466248, -23.9346866608, 33.9196624756, -7.16830873489, 39.0398788452, -5.06079530716, 30.4176006317, 3.18757081032, 37.7231063843, 36.2720451355, 63.248878479]],
        "icov": [[0.00055372051429, -0.00057174928952, 0.000538369698916, -0.000196504435735, 0.000320026185364, -0.000532043748535, 0.00125059951097, -0.000896907760762, 0.00189469091129, -0.00134032650385, 0.0016272845678, -0.00132432556711, 0.00131701293867], [-0.00057174928952, 0.00365096377209, -0.00234338943847, 0.000740103423595, 0.000263765105046, 0.00264974101447, -0.00033766150591, 0.00142354471609, -0.00324998237193, 0.00439932756126, -0.00245752511546, 0.00443913368508, -0.00272727548145], [0.000538369698916, -0.00234338943847, 0.00565844075754, 0.000230096062296, -0.00533673958853, 0.000125031525386, 0.00208684196696, -0.00229879375547, 0.00191717082635, -0.0027825513389, 0.00459219329059, -0.00371076795273, 0.00265555549413], [-0.000196504435735, 0.000740103423595, 0.000230096062296, 0.0116077978164, -0.00176195194945, -0.00710690533742, 0.0045298174955, 0.00451587326825, 0.00145438034087, 0.00147380947601, -0.00528794946149, 0.00506236962974, 0.000137037379318], [0.000320026185364, 0.000263765105046, -0.00533673958853, -0.00176195194945, 0.0152985760942, -0.00255993916653, -0.00540910800919, 0.00629938254133, 0.00227382197045, -0.000116218863695, -0.00516839884222, 0.00415406282991, -0.00248317886144], [-0.000532043748535, 0.00264974101447, 0.000125031525386, -0.00710690533742, -0.00255993916653, 0.0219638366252, -0.0081550385803, -0.0045474874787, 0.00365837966092, 0.0015118108131, 0.00725090224296, -0.00421530054882, -0.00178835098632], [0.00125059951097, -0.00033766150591, 0.00208684196696, 0.0045298174955, -0.00540910800919, -0.0081550385803, 0.0252861119807, -0.00370637024753, -0.0100639453158, 0.00805847439915, -0.00852557551116, 0.00436744978651, 0.00239338260144], [-0.000896907760762, 0.00142354471609, -0.00229879375547, 0.00451587326825, 0.00629938254133, -0.0045474874787, -0.00370637024753, 0.0263511892408, -0.00693081319332, -0.00623074965551, 0.00200501247309, 0.00651463866234, -0.00453686807305], [0.00189469091129, -0.00324998237193, 0.00191717082635, 0.00145438034087, 0.00227382197045, 0.00365837966092, -0.0100639453158, -0.00693081319332, 0.0325208567083, -0.0141683928668, 0.00156422122382, -0.00210631289519, 0.00300559750758], [-0.00134032650385, 0.00439932756126, -0.0027825513389, 0.00147380947601, -0.000116218863695, 0.0015118108131, 0.00805847439915, -0.00623074965551, -0.0141683928668, 0.0420598238707, -0.0238193776459, -0.00261768512428, 0.007020031102], [0.0016272845678, -0.00245752511546, 0.00459219329059, -0.00528794946149, -0.00516839884222, 0.00725090224296, -0.00852557551116, 0.00200501247309, 0.00156422122382, -0.0238193776459, 0.0459927469492, -0.0230582114309, 0.00305098784156], [-0.00132432556711, 0.00443913368508, -0.00371076795273, 0.00506236962974, 0.00415406282991, -0.00421530054882, 0.00436744978651, 0.00651463866234, -0.00210631289519, -0.00261768512428, -0.0230582114309, 0.0614608824253, -0.0317066982388], [0.00131701293867, -0.00272727548145, 0.00265555549413, 0.000137037379318, -0.00248317886144, -0.00178835098632, 0.00239338260144, -0.00453686807305, 0.00300559750758, 0.007020031102, 0.00305098784156, -0.0317066982388, 0.0380108430982]]
    },
    "melbands": {
        "dmean": [6.10136339674e-07, 7.62971922086e-06, 0.000338002224453, 0.000302276719594, 0.00031602816307, 0.000182066942216, 7.56929221097e-05, 0.000142787015648, 4.41517113359e-05, 3.83443657483e-05, 6.75416522427e-05, 2.96887337754e-05, 1.52578904817e-05, 2.83114241029e-05, 1.98930811166e-05, 1.34342062665e-05, 1.45315207192e-05, 1.08173635454e-05, 1.11747667688e-05, 9.02633109945e-06, 1.07670894067e-05, 9.78238404059e-06, 7.0810770012e-06, 6.98619396644e-06, 7.47918102206e-06, 8.08618460724e-06, 4.85164264319e-06, 4.20833839598e-06, 3.61375555258e-06, 2.59578200712e-06, 1.71432077423e-06, 1.17775027775e-06, 6.51605489566e-07, 5.02028115079e-07, 5.37017001534e-07, 6.17501768829e-07, 5.95157473526e-07, 6.87824581291e-07, 5.66312735373e-07, 4.72055290857e-07],
        "dmean2": [1.11687859317e-06, 1.41088949022e-05, 0.000535114319064, 0.000425236154115, 0.000546429189853, 0.000310333038215, 0.000118166528409, 0.000263964058831, 6.77623756928e-05, 6.86756466166e-05, 0.000116769806482, 5.21033689438e-05, 2.54621754721e-05, 4.89667836518e-05, 3.49262336385e-05, 2.05029446079e-05, 2.1781968826e-05, 1.68269070855e-05, 1.8397513486e-05, 1.34746123877e-05, 1.76519479282e-05, 1.57850718097e-05, 1.12520256152e-05, 1.08746316982e-05, 1.0332832062e-05, 1.07293190013e-05, 6.72326268614e-06, 5.63507455809e-06, 5.06474134454e-06, 3.69279268853e-06, 2.37080530496e-06, 1.60922127179e-06, 8.88735712579e-07, 6.75782757753e-07, 8.061260246e-07, 9.18623186408e-07, 7.91292904978e-07, 9.02505917111e-07, 7.62075615057e-07, 6.35680351024e-07],
        "dvar": [2.88180954794e-11, 1.9769186288e-09, 3.30780926561e-06, 1.44665159496e-06, 6.73989234201e-06, 1.88348064967e-06, 1.48173384673e-07, 1.96742894332e-06, 7.95167309775e-08, 4.87681042216e-08, 3.94869829279e-07, 8.14507217228e-08, 5.38995426069e-09, 2.43925484256e-08, 9.42304811957e-09, 4.32076419088e-09, 3.78066999929e-09, 1.67195757239e-09, 1.71993497222e-09, 1.37087097229e-09, 2.62445709609e-09, 1.49270351635e-09, 5.82621839662e-10, 7.17182535581e-10, 6.88008372496e-10, 8.56592241583e-10, 2.37583563933e-10, 1.36354511016e-10, 1.24403348734e-10, 7.39211331036e-11, 2.25065799331e-11, 1.30708274065e-11, 2.95765061747e-12, 2.27237239442e-12, 3.70281322964e-12, 4.34691432155e-12, 3.0364350357e-12, 4.89800561221e-12, 2.80003993082e-12, 1.56867585328e-12],
        "dvar2": [8.14573963837e-11, 5.6178230956e-09, 8.04724732006e-06, 2.67078848992e-06, 1.89354777831e-05, 5.18953584105e-06, 3.46021067799e-07, 5.8809928305e-06, 1.91117166537e-07, 1.47898120417e-07, 1.080064294e-06, 2.34356562601e-07, 1.43839828937e-08, 7.60472644856e-08, 2.84748793433e-08, 7.59666285433e-09, 7.40858530079e-09, 4.10840517162e-09, 4.21988488597e-09, 2.27648921935e-09, 6.74198252781e-09, 3.57735374656e-09, 1.4197930609e-09, 1.80122017301e-09, 1.18388188142e-09, 1.57843160764e-09, 3.32200850162e-10, 2.30618371622e-10, 2.30118840649e-10, 1.60152377471e-10, 4.49512406464e-11, 2.67505045892e-11, 5.03796787274e-12, 4.39689821011e-12, 8.5169380229e-12, 1.00332494049e-11, 5.32204879125e-12, 1.02026694385e-11, 5.71632411545e-12, 2.59877362685e-12],
        "max": [8.77854618011e-05, 0.000570382457227, 0.0272969398648, 0.0149317253381, 0.0405288562179, 0.0218123365194, 0.00665196217597, 0.0218344535679, 0.00530167669058, 0.00369142415002, 0.0110364956781, 0.00475242407992, 0.00115635490511, 0.00190682022367, 0.00114065292291, 0.00116512353998, 0.00100089248735, 0.000596899073571, 0.00051659689052, 0.000639980949927, 0.000797380635049, 0.000548180541955, 0.000318247330142, 0.000422873737989, 0.00039894823567, 0.000516154163051, 0.000288479262963, 0.000199328947929, 0.000176419431227, 0.000145145109855, 6.76165218465e-05, 5.98234801146e-05, 2.13773091673e-05, 1.98848756554e-05, 2.4205797672e-05, 2.84231628029e-05, 2.87456459773e-05, 3.57963181159e-05, 2.3584914743e-05, 1.71870360646e-05],
        "mean": [4.25642411983e-07, 4.57242276752e-06, 0.000289102841634, 0.000298054743325, 0.000244020324317, 0.000162412005011, 8.101228741e-05, 0.000114090682473, 5.62200730201e-05, 4.69732804049e-05, 6.32597948425e-05, 2.65781291091e-05, 1.99257174245e-05, 2.76764512819e-05, 2.01386483241e-05, 1.73418120539e-05, 1.88009489648e-05, 1.41220207297e-05, 1.3837703591e-05, 1.24969446915e-05, 1.38643317769e-05, 1.27517914734e-05, 9.70425026026e-06, 9.36166907195e-06, 1.10538676381e-05, 1.06283814603e-05, 7.96507265477e-06, 6.80528364683e-06, 5.54886673854e-06, 3.91108687836e-06, 2.69346446657e-06, 1.75436662175e-06, 1.07431901597e-06, 8.60192358232e-07, 9.04293756321e-07, 9.58388568506e-07, 9.473604905e-07, 1.01566240573e-06, 8.84761220732e-07, 7.6374311675e-07],
        "median": [5.14983291566e-08, 6.74438993542e-08, 1.33615014875e-06, 1.7663790004e-06, 3.1309282349e-06, 3.39674670613e-06, 7.24432175048e-06, 3.52282995664e-06, 3.74345108867e-06, 3.04015293295e-06, 2.49135018748e-06, 1.44796342738e-06, 1.02631133814e-06, 1.25295014186e-06, 1.4116942566e-06, 1.34136985253e-06, 1.13007661184e-06, 9.04457920115e-07, 6.10386791777e-07, 6.88608395194e-07, 7.85454972174e-07, 7.96727590568e-07, 6.52387257105e-07, 8.05596926057e-07, 7.02852048562e-07, 7.0819891107e-07, 6.29445139566e-07, 5.29592171006e-07, 3.62610791171e-07, 3.02854004985e-07, 2.02521249548e-07, 1.3091128892e-07, 8.13455613979e-08, 5.54434045341e-08, 5.24443812822e-08, 4.66227731977e-08, 4.11223162189e-08, 3.41873906962e-08, 2.79090528466e-08, 2.4809500232e-08],
        "min": [3.72463504483e-10, 9.40822530993e-10, 2.13990380971e-09, 2.27698149224e-09, 4.30895763515e-09, 7.42966221878e-09, 3.48313422549e-09, 7.6633339674e-09, 5.91502802294e-09, 1.70614677941e-09, 3.50496964785e-09, 1.6446874973e-09, 1.29589261544e-09, 7.17493175983e-10, 5.22838661254e-10, 5.68440183812e-10, 3.58171103887e-10, 7.3506156717e-10, 5.53296353178e-10, 2.62844190857e-10, 1.26190197181e-10, 6.94959853553e-11, 3.88745563518e-11, 1.72266048648e-10, 2.50536369428e-10, 4.47164971717e-10, 1.24129220791e-10, 7.31783592056e-11, 9.67085717063e-11, 8.42869524176e-11, 5.71582677023e-11, 3.7593123059e-11, 4.07396373581e-11, 4.12913869763e-11, 4.71511614475e-11, 5.09937890525e-11, 2.97932685467e-11, 5.65428780186e-11, 4.03317622355e-11, 3.89917265142e-11],
        "var": [1.7956341275e-11, 1.16726150967e-09, 2.8324827781e-06, 1.89530646821e-06, 4.38924462287e-06, 1.34168180921e-06, 1.57962844582e-07, 1.11226313493e-06, 8.75014265489e-08, 4.51897470555e-08, 3.03467004414e-07, 5.34010524689e-08, 8.08010014453e-09, 2.19860076811e-08, 7.93875365446e-09, 7.18168191582e-09, 5.79489878305e-09, 2.44225306645e-09, 2.31716867916e-09, 2.62055865896e-09, 3.04898928327e-09, 2.01759431384e-09, 9.13799369506e-10, 9.51071554844e-10, 1.46624967723e-09, 1.53727530705e-09, 6.89266643761e-10, 3.5664898812e-10, 2.75991313137e-10, 1.5472326198e-10, 5.34483464432e-11, 2.59145708364e-11, 7.55136838476e-12, 5.3893950934e-12, 6.61236950611e-12, 8.25583264946e-12, 8.02985195697e-12, 9.65215667809e-12, 6.5798646913e-12, 4.47411985932e-12]
    },
    "mfcc": {
        "mean": [-797.740234375, 65.1106338501, -31.0191173553, 0.685643970966, -21.1277751923, -22.0358963013, -12.9967451096, -18.0748844147, -13.10887146, -7.44051218033, -6.80640983582, -3.55837392807, -7.13499832153],
        "cov": [[19866.3359375, -1534.78955078, -648.113586426, -187.799240112, -73.0542297363, -426.597015381, -429.861877441, -693.912841797, -601.694519043, -906.980529785, -1072.0098877, -885.172424316, -865.868469238], [-1534.78955078, 886.519104004, 215.984451294, 45.7292709351, 39.8951225281, -54.0110969543, -11.9010820389, 31.2100963593, 69.1153869629, 67.9871292114, 39.9883422852, 40.9936981201, 57.9718284607], [-648.113586426, 215.984451294, 309.191833496, 46.9536552429, 97.3727493286, 21.7952537537, 9.73332023621, 20.885061264, 22.5123806, 22.8200454712, 6.34343910217, -5.23735332489, 12.9300918579], [-187.799240112, 45.7292709351, 46.9536552429, 109.981964111, 70.7594909668, 55.133682251, 31.7864170074, 1.31607174873, -15.9956912994, -8.02318286896, -1.52487254143, -6.32158565521, -13.2354831696], [-73.0542297363, 39.8951225281, 97.3727493286, 70.7594909668, 133.496078491, 65.9556350708, 39.7611618042, -0.592281103134, -15.670791626, -17.9061546326, -27.109752655, -26.5092124939, -20.7599639893], [-426.597015381, -54.0110969543, 21.7952537537, 55.133682251, 65.9556350708, 128.696548462, 62.7337837219, 38.8807563782, 1.72397363186, 1.84950184822, 7.46569347382, -0.246559411287, -0.841174066067], [-429.861877441, -11.9010820389, 9.73332023621, 31.7864170074, 39.7611618042, 62.7337837219, 79.4667205811, 38.0546188354, 8.02377414703, 13.9512844086, 15.9528388977, 9.93378734589, 5.20917415619], [-693.912841797, 31.2100963593, 20.885061264, 1.31607174873, -0.592281103134, 38.8807563782, 38.0546188354, 77.4868850708, 46.2478675842, 36.6785163879, 31.132516861, 27.8831214905, 27.0196590424], [-601.694519043, 69.1153869629, 22.5123806, -15.9956912994, -15.670791626, 1.72397363186, 8.02377414703, 46.2478675842, 67.9169082642, 47.9256858826, 35.4318313599, 27.9001922607, 30.4598865509], [-906.980529785, 67.9871292114, 22.8200454712, -8.02318286896, -17.9061546326, 1.84950184822, 13.9512844086, 36.6785163879, 47.9256858826, 81.3730316162, 80.2086029053, 57.8732910156, 52.2199478149], [-1072.0098877, 39.9883422852, 6.34343910217, -1.52487254143, -27.109752655, 7.46569347382, 15.9528388977, 31.132516861, 35.4318313599, 80.2086029053, 126.349647522, 88.4482574463, 69.7458877563], [-885.172424316, 40.9936981201, -5.23735332489, -6.32158565521, -26.5092124939, -0.246559411287, 9.93378734589, 27.8831214905, 27.9001922607, 57.8732910156, 88.4482574463, 89.8559875488, 68.0587997437], [-865.868469238, 57.9718284607, 12.9300918579, -13.2354831696, -20.7599639893, -0.841174066067, 5.20917415619, 27.0196590424, 30.4598865509, 52.2199478149, 69.7458877563, 68.0587997437, 79.9030532837]],
