{
"lowlevel": {
    "average_loudness": 0.899969279766,
    "barkbands_crest": {
        "dmean": 4.38850975037,
        "dmean2": 8.10335731506,
        "dvar": 16.3876476288,
        "dvar2": 49.0393218994,
        "max": 21.5875473022,
        "mean": 8.52496623993,
        "median": 6.86169290543,
        "min": 3.28362870216,
        "var": 21.2208423615
    },
    "barkbands_flatness_db": {
        "dmean": 0.0261928997934,
        "dmean2": 0.0470383949578,
        "dvar": 0.000507477147039,
        "dvar2": 0.00151000986807,
        "max": 0.178653165698,
        "mean": 0.0862397775054,
        "median": 0.081285238266,
        "min": 0.0347604230046,
        "var": 0.000766312004998
    },
    "barkbands_kurtosis": {
        "dmean": 1.48966014385,
        "dmean2": 2.61487531662,
        "dvar": 2.54954576492,
        "dvar2": 6.32397079468,
        "max": 10.945772171,
        "mean": 1.59204351902,
        "median": 0.991564750671,
        "min": -1.15996611118,
        "var": 3.93409609795
    },
    "barkbands_skewness": {
        "dmean": 0.546637713909,
        "dmean2": 0.997900247574,
        "dvar": 0.224087625742,
        "dvar2": 0.636478245258,
        "max": 3.22509837151,
        "mean": 0.838048398495,
        "median": 0.694170832634,
        "min": -0.173194482923,
        "var": 0.390636086464
    },
    "barkbands_spread": {
        "dmean": 8.43877124786,
        "dmean2": 14.3295345306,
        "dvar": 56.9808616638,
        "dvar2": 163.309967041,
        "max": 84.5728302002,
        "mean": 32.4695892334,
        "median": 30.8241024017,
        "min": 10.9839553833,
        "var": 179.600265503
    },
    "dissonance": {
        "dmean": 0.0157751329243,
        "dmean2": 0.0268106032163,
        "dvar": 0.00044296606211,
        "dvar2": 0.000886073859874,
        "max": 0.499882727861,
        "mean": 0.482428371906,
        "median": 0.487065881491,
        "min": 0.292809963226,
        "var": 0.000493883271702
    },
    "dynamic_complexity": 5.46602535248,
    "erbbands_crest": {
        "dmean": 2.4486978054,
        "dmean2": 4.27416086197,
        "dvar": 4.85443067551,
        "dvar2": 13.0884599686,
        "max": 18.013376236,
        "mean": 8.22857093811,
        "median": 7.46362113953,
        "min": 3.3487610817,
        "var": 8.21972084045
    },
    "erbbands_flatness_db": {
        "dmean": 0.0142345577478,
        "dmean2": 0.0238917637616,
        "dvar": 0.000103547710751,
        "dvar2": 0.000282602268271,
        "max": 0.20336984098,
        "mean": 0.150431707501,
        "median": 0.154676273465,
        "min": 0.0627316311002,
        "var": 0.000699747994076
    },
    "erbbands_kurtosis": {
        "dmean": 1.26067709923,
        "dmean2": 2.12692379951,
        "dvar": 1.45237183571,
        "dvar2": 4.22827577591,
        "max": 10.7923488617,
        "mean": 3.1916539669,
        "median": 2.92105579376,
        "min": -0.165532827377,
        "var": 4.53131246567
    },
    "erbbands_skewness": {
        "dmean": 0.297387063503,
        "dmean2": 0.497813940048,
        "dvar": 0.050240598619,
        "dvar2": 0.131795123219,
        "max": 2.31419301033,
        "mean": 1.10071611404,
        "median": 1.09774029255,
        "min": 0.207783773541,
        "var": 0.182036206126
    },
    "erbbands_spread": {
        "dmean": 3.54959011078,
        "dmean2": 5.79120588303,
        "dvar": 11.030834198,
        "dvar2": 25.915971756,
        "max": 47.2409515381,
        "mean": 18.2202796936,
        "median": 17.4592189789,
        "min": 7.90592908859,
        "var": 44.9516868591
    },
    "hfc": {
        "dmean": 2.9712998867,
        "dmean2": 2.91481089592,
        "dvar": 127.429954529,
        "dvar2": 216.546173096,
        "max": 238.499191284,
        "mean": 10.7260446548,
        "median": 1.49899363518,
        "min": 0.0216334015131,
        "var": 1174.42724609
    },
    "melbands_crest": {
        "dmean": 3.46433877945,
        "dmean2": 6.2674279213,
        "dvar": 13.4541196823,
        "dvar2": 37.7781867981,
        "max": 25.4003982544,
        "mean": 9.24870204926,
        "median": 7.82520914078,
        "min": 3.82086014748,
        "var": 21.7275600433
    },
    "melbands_flatness_db": {
        "dmean": 0.0172231178731,
        "dmean2": 0.0272386241704,
        "dvar": 0.000202962939511,
        "dvar2": 0.000528110656887,
        "max": 0.234972432256,
        "mean": 0.132246106863,
        "median": 0.134654149413,
        "min": 0.0607288517058,
        "var": 0.00112536118831
    },
    "melbands_kurtosis": {
        "dmean": 1.32502746582,
        "dmean2": 2.10724186897,
        "dvar": 3.03225445747,
        "dvar2": 4.11050510406,
        "max": 20.581993103,
        "mean": 1.82194828987,
        "median": 1.22994709015,
        "min": -0.916892290115,
        "var": 6.11268997192
    },
    "melbands_skewness": {
        "dmean": 0.363284289837,
        "dmean2": 0.624945282936,
        "dvar": 0.103541083634,
        "dvar2": 0.245881825686,
        "max": 3.67003083229,
        "mean": 0.539190113544,
        "median": 0.537624239922,
        "min": -0.690846800804,
        "var": 0.343154460192
    },
    "melbands_spread": {
        "dmean": 5.69805335999,
        "dmean2": 9.46376800537,
        "dvar": 21.9457454681,
        "dvar2": 56.4962463379,
        "max": 47.8009338379,
        "mean": 29.5150623322,
        "median": 28.812456131,
        "min": 9.42988967896,
        "var": 63.9023551941
    },
    "pitch_salience": {
        "dmean": 0.128969922662,
        "dmean2": 0.229298755527,
        "dvar": 0.0119712967426,
        "dvar2": 0.037540987134,
        "max": 0.85515999794,
        "mean": 0.609514415264,
        "median": 0.648331403732,
        "min": 0.21845766902,
        "var": 0.0209681242704
    },
    "silence_rate_20dB": {
        "dmean": 0,
        "dmean2": 0,
        "dvar": 0,
        "dvar2": 0,
        "max": 1,
        "mean": 1,
        "median": 1,
        "min": 1,
        "var": 0
    },
    "silence_rate_30dB": {
        "dmean": 0,
        "dmean2": 0,
        "dvar": 0,
        "dvar2": 0,
        "max": 1,
        "mean": 1,
        "median": 1,
        "min": 1,
        "var": 0
    },
    "silence_rate_60dB": {
        "dmean": 0.0416666679084,
        "dmean2": 0.0840336158872,
        "dvar": 0.0399305932224,
        "dvar2": 0.0937787145376,
        "max": 1,
        "mean": 0.842975199223,
        "median": 1,
        "min": 0,
        "var": 0.132368400693
    },
    "spectral_centroid": {
        "dmean": 161.412185669,
        "dmean2": 274.01348877,
        "dvar": 17977.8691406,
        "dvar2": 47404.0898438,
        "max": 2806.65795898,
        "mean": 1518.9107666,
        "median": 1418.31872559,
        "min": 1021.95928955,
        "var": 145721.328125
    },
    "spectral_complexity": {
        "dmean": 2,
        "dmean2": 2.79831933975,
        "dvar": 7.18333339691,
        "dvar2": 10.3626842499,
        "max": 60,
        "mean": 8.21487617493,
        "median": 4,
        "min": 0,
        "var": 156.350723267
    },
    "spectral_decrease": {
        "dmean": 3.29914567887e-10,
        "dmean2": 4.45502940094e-10,
        "dvar": 5.10784131649e-19,
        "dvar2": 9.12940423716e-19,
        "max": -6.53289618582e-12,
        "mean": -1.02513864064e-09,
        "median": -2.75474226763e-10,
        "min": -1.65512705763e-08,
        "var": 6.65509195805e-18
    },
    "spectral_energy": {
        "dmean": 0.00150092085823,
        "dmean2": 0.00192005815916,
        "dvar": 1.35859791044e-05,
        "dvar2": 2.37937056227e-05,
        "max": 0.0841009393334,
        "mean": 0.00484199495986,
        "median": 0.00123000214808,
        "min": 2.66189035756e-05,
        "var": 0.000164469936863
    },
    "spectral_energyband_high": {
        "dmean": 0.000164434910403,
        "dmean2": 0.000156312918989,
        "dvar": 4.9725917961e-07,
        "dvar2": 6.0301550775e-07,
        "max": 0.0123773496598,
        "mean": 0.000509693461936,
        "median": 3.02916960209e-05,
        "min": 7.25270012936e-07,
        "var": 3.2728999031e-06
    },
    "spectral_energyband_low": {
        "dmean": 0.000110292312456,
        "dmean2": 0.000203467629035,
        "dvar": 1.72454655001e-08,
        "dvar2": 5.07878858969e-08,
        "max": 0.000708014762495,
        "mean": 0.000127956969664,
        "median": 7.29836974642e-05,
        "min": 4.40492203779e-06,
        "var": 2.12287112333e-08
    },
    "spectral_energyband_middle_high": {
        "dmean": 0.00102033908479,
        "dmean2": 0.00129830872174,
        "dvar": 1.07550731627e-05,
        "dvar2": 2.21148529818e-05,
        "max": 0.0673323795199,
        "mean": 0.00328601244837,
        "median": 0.000536987325177,
        "min": 9.66095853983e-07,
        "var": 9.67591695371e-05
    },
    "spectral_energyband_middle_low": {
        "dmean": 0.000194515625481,
        "dmean2": 0.000272288947599,
        "dvar": 1.59597490779e-07,
        "dvar2": 3.14052584827e-07,
        "max": 0.00665034679696,
        "mean": 0.000693344394676,
        "median": 0.000250923854765,
        "min": 5.70183419768e-06,
        "var": 1.97242502509e-06
    },
    "spectral_entropy": {
        "dmean": 0.0919087305665,
        "dmean2": 0.157108664513,
        "dvar": 0.0050351251848,
        "dvar2": 0.0118404533714,
        "max": 8.34020900726,
        "mean": 7.9269618988,
        "median": 7.93093252182,
        "min": 7.53694915771,
        "var": 0.0355279408395
    },
    "spectral_flux": {
        "dmean": 0.00624671578407,
        "dmean2": 0.00842539314181,
        "dvar": 7.40946561564e-05,
        "dvar2": 9.22809267649e-05,
        "max": 0.23991933465,
        "mean": 0.032987061888,
        "median": 0.0240454897285,
        "min": 0.00690753106028,
        "var": 0.00125752098393
    },
    "spectral_kurtosis": {
        "dmean": 1.09849488735,
        "dmean2": 1.70096027851,
        "dvar": 0.74984306097,
        "dvar2": 1.86214804649,
        "max": 15.762676239,
        "mean": 8.28304958344,
        "median": 8.7804517746,
        "min": 3.22387218475,
        "var": 10.2780914307
    },
    "spectral_rms": {
        "dmean": 0.000294556870358,
        "dmean2": 0.000449295563158,
        "dvar": 8.58365467593e-08,
        "dvar2": 1.82403127269e-07,
        "max": 0.00905812904239,
        "mean": 0.00152560940478,
        "median": 0.00109544605948,
        "min": 0.000161151052453,
        "var": 2.39641258304e-06
    },
    "spectral_rolloff": {
        "dmean": 1369.69116211,
        "dmean2": 2493.68969727,
        "dvar": 12819447,
        "dvar2": 39551444,
        "max": 20155.078125,
        "mean": 2444.81958008,
        "median": 1636.5234375,
        "min": 344.53125,
        "var": 9840813
    },
    "spectral_skewness": {
        "dmean": 0.153517767787,
        "dmean2": 0.239833176136,
        "dvar": 0.0141016272828,
        "dvar2": 0.0388157404959,
        "max": 3.2792994976,
        "mean": 2.34262824059,
        "median": 2.3176908493,
        "min": 1.5672109127,
        "var": 0.175226032734
    },
    "spectral_spread": {
        "dmean": 412977.625,
        "dmean2": 630985.125,
        "dvar": 263893368832,
        "dvar2": 373151268864,
        "max": 10951800,
        "mean": 5577287.5,
        "median": 5485425.5,
        "min": 3875395.5,
        "var": 1.00891295744e+12
    },
    "spectral_strongpeak": {
        "dmean": 0.247923597693,
        "dmean2": 0.451035350561,
        "dvar": 0.132054284215,
        "dvar2": 0.399147957563,
        "max": 3.37584352493,
        "mean": 0.308040469885,
        "median": 0,
        "min": 0,
        "var": 0.334786713123
    },
    "zerocrossingrate": {
        "dmean": 0.0192708335817,
        "dmean2": 0.0250008199364,
        "dvar": 0.000662016507704,
        "dvar2": 0.00101546512451,
        "max": 0.30419921875,
        "mean": 0.131145894527,
        "median": 0.1220703125,
        "min": 0.01171875,
        "var": 0.0018175994046
    },
    "barkbands": {
        "dmean": [0.000416769209551, 8.11861627881e-06, 2.48916421697e-06, 5.74791965846e-06, 2.09731206269e-05, 4.26293518103e-05, 2.5116813049e-05, 0.000179368173121, 0.000120300341223, 0.000161966294399, 0.000278055755189, 0.000110127548396, 0.000251031277003, 0.000208401572309, 0.000158369643032, 9.33184492169e-05, 8.35202299641e-05, 0.000108855609142, 9.59365133895e-05, 4.7160381655e-05, 5.56588420295e-05, 7.78191952122e-06, 9.27656310523e-06, 3.55823685823e-05, 3.89235101466e-05, 7.1428071351e-06, 4.87347824674e-06],
        "dmean2": [0.000789455487393, 1.34999700094e-05, 4.51860614703e-06, 9.94410038402e-06, 3.52887764166e-05, 5.83280052524e-05, 4.31051084888e-05, 0.000264153204625, 0.000213319217437, 0.000256988481851, 0.000459089293145, 0.000169661958353, 0.000378245546017, 0.000323736749124, 0.000240955036134, 0.000124175756355, 8.8590400992e-05, 0.000159301445819, 0.000149252533447, 7.06447390257e-05, 7.25862701074e-05, 1.17851068353e-05, 1.12742545753e-05, 3.64844490832e-05, 3.60090634786e-05, 8.06267598819e-06, 6.93843230692e-06],
        "dvar": [2.5500756351e-07, 5.27454815935e-11, 8.80016545746e-12, 3.19558442208e-11, 2.01489624985e-09, 6.71210820258e-09, 6.97209268097e-09, 2.48886948384e-07, 1.05397525374e-07, 1.19780992236e-07, 4.41698318809e-07, 5.94200493254e-08, 9.78618686531e-07, 4.75970097114e-07, 3.46845297372e-07, 1.24447893768e-07, 1.01591339785e-07, 4.22555274326e-07, 1.71293493167e-07, 5.02439405636e-08, 8.26939512422e-08, 1.01664876517e-09, 1.49550238859e-09, 1.90267339661e-08, 2.78352398908e-08, 6.95261126449e-10, 1.12966878907e-10],
        "dvar2": [7.88716590705e-07, 1.62469690479e-10, 2.40393295547e-11, 9.02273949999e-11, 5.91063908928e-09, 1.22959225024e-08, 1.60665543092e-08, 5.64912454593e-07, 2.99987362951e-07, 3.0514337368e-07, 1.14438398668e-06, 1.44537096958e-07, 2.23775191444e-06, 9.33665262437e-07, 8.20404522983e-07, 3.22705773215e-07, 1.45767955928e-07, 1.15149441626e-06, 4.19144527086e-07, 1.24295141291e-07, 1.03741150781e-07, 2.02534033988e-09, 1.93322113873e-09, 2.19132871848e-08, 4.46800747511e-08, 1.26081056706e-09, 2.11561643204e-10],
        "max": [0.00249243015423, 4.59381190012e-05, 1.59925621119e-05, 3.53100258508e-05, 0.000344995292835, 0.00104083516635, 0.000843363115564, 0.00467465864494, 0.00344931869768, 0.00370546896011, 0.00547410361469, 0.00414838688448, 0.010124691762, 0.0118939299136, 0.0091232964769, 0.00558996433392, 0.00752261606976, 0.00790185853839, 0.00737311737612, 0.00274524302222, 0.00378560484387, 0.000720927549992, 0.000688739586622, 0.00273325783201, 0.00286184251308, 0.000540886889212, 0.000213646839256],
        "mean": [0.000341917795595, 1.11938898044e-05, 3.00066494674e-06, 6.32953742752e-06, 3.30455477524e-05, 9.95688096737e-05, 4.5743330702e-05, 0.000250759272603, 0.00022149180586, 0.000284484005533, 0.000405816099374, 0.000263332098257, 0.000429975887528, 0.000449756189482, 0.000413097877754, 0.000272878503893, 0.000271055701887, 0.000202855007956, 0.000261085457169, 9.29710658966e-05, 0.000126943239593, 3.12663141813e-05, 3.09064162138e-05, 0.000118474446936, 0.000114891285193, 2.3699240046e-05, 2.53324596997e-05],
        "median": [0.000137521914439, 8.56859787746e-06, 2.12744316741e-06, 4.3896779971e-06, 1.04792770799e-05, 2.63802121481e-05, 1.26372087834e-05, 4.9378570111e-05, 8.58177227201e-05, 0.00010997550271, 0.000125473801745, 7.06994833308e-05, 5.95296660322e-05, 6.46710032015e-05, 2.57463816524e-05, 1.30176376842e-05, 7.20163870938e-06, 4.78417587146e-06, 6.34101843389e-06, 4.37178050561e-06, 3.77391484108e-06, 1.55531597557e-06, 1.68989868143e-06, 2.76891637441e-06, 2.30413252211e-06, 1.74794422492e-06, 1.80777515197e-05],
        "min": [2.52219365393e-06, 4.87519173475e-07, 1.93885227873e-07, 1.01389652229e-07, 1.01304624422e-06, 1.13853843686e-06, 6.1733618395e-07, 2.8971987831e-07, 4.47499928669e-07, 1.81079755635e-07, 5.82871848565e-08, 1.86018041859e-07, 2.58644831774e-07, 2.03764827233e-08, 5.15434699366e-08, 8.30125372886e-08, 5.94053659597e-08, 5.03555064313e-08, 5.37507176546e-08, 6.44667750294e-08, 3.60934215848e-08, 1.88445881122e-08, 1.23917045514e-08, 4.24940438393e-08, 2.34462440574e-08, 4.72983003874e-08, 6.63570801862e-07],
        "var": [2.41279735747e-07, 8.35850902381e-11, 9.19981972547e-12, 3.90455931476e-11, 3.94461352471e-09, 3.40869128479e-08, 1.47922216698e-08, 4.78518074942e-07, 2.4515242103e-07, 2.8577326816e-07, 6.26005544291e-07, 3.99522861017e-07, 2.01720035875e-06, 2.55343138633e-06, 2.1139474029e-06, 9.48052786498e-07, 1.2091568351e-06, 7.74305249251e-07, 1.17529327781e-06, 1.26576253479e-07, 2.78823165445e-07, 1.32128725738e-08, 1.19522844955e-08, 1.8111792599e-07, 1.58533993044e-07, 6.24892182444e-09, 8.63849658472e-10]
    },
    "erbbands": {
        "dmean": [0.00130919471849, 0.000747050042264, 0.00198487332091, 0.0118956733495, 0.0417285710573, 0.0886107310653, 0.218014925718, 0.43882894516, 0.241911634803, 1.94265329838, 2.84103178978, 2.51719665527, 2.98693180084, 6.59247493744, 10.0480213165, 4.82679176331, 10.2148723602, 12.211359024, 10.364361763, 8.24999904633, 6.49668645859, 3.50270485878, 4.31393671036, 7.7496137619, 4.98811626434, 1.93256533146, 1.2677154541, 2.75708174706, 0.405343174934, 0.278904139996, 0.353439211845, 0.863707959652, 0.579181373119, 0.421562612057, 0.310301244259, 0.0596829243004, 0.00616890517995, 0.00417550001293, 0.000693630834576, 5.74988916924e-05],
        "dmean2": [0.00233855028637, 0.00129977928009, 0.00337700499222, 0.0206875354052, 0.0666633918881, 0.154468953609, 0.360158652067, 0.604055225849, 0.395332872868, 2.97621130943, 3.95109009743, 4.2118473053, 4.72547340393, 11.5399961472, 15.1649580002, 7.17062902451, 16.2307929993, 20.5659408569, 15.4198322296, 11.067407608, 9.30346107483, 2.57063245773, 6.10087299347, 13.4999418259, 7.69223928452, 2.83786821365, 1.21684217453, 3.58839726448, 0.379066854715, 0.33789524436, 0.345928311348, 1.1884906292, 0.58030295372, 0.528243660927, 0.382992506027, 0.0644859522581, 0.00637552887201, 0.00492495903745, 0.000986742088571, 9.84583675745e-05],
        "dvar": [2.23711003855e-06, 7.59823933549e-07, 4.80678772874e-06, 0.000116746858112, 0.00616609537974, 0.0332640074193, 0.275294989347, 0.700499892235, 0.195708736777, 26.3657207489, 51.8135871887, 40.9103355408, 42.7662734985, 154.473846436, 683.30871582, 127.358650208, 1608.75915527, 1716.54821777, 1501.53527832, 954.883728027, 607.738464355, 150.493362427, 592.037475586, 1443.06335449, 398.693359375, 85.2579727173, 30.9086608887, 197.918151855, 2.46968054771, 1.49081468582, 1.80519628525, 15.8089094162, 4.68398094177, 3.53485512733, 1.87476837635, 0.0596404597163, 0.000399879092583, 0.00022425102361, 2.95183372145e-06, 2.54895105023e-09],
        "dvar2": [6.71990665069e-06, 1.94552808352e-06, 1.31066308313e-05, 0.000326425943058, 0.0154011230916, 0.0977132767439, 0.750416576862, 1.11342144012, 0.496145755053, 58.085269928, 117.208869934, 111.937065125, 103.725502014, 413.490875244, 1674.62548828, 237.714370728, 3545.91577148, 4681.20703125, 2976.54785156, 2033.15856934, 1388.01025391, 81.1842041016, 1510.7175293, 4533.10107422, 1065.82739258, 190.314498901, 42.038974762, 263.036560059, 3.1194434166, 3.06776046753, 2.89376306534, 30.7007770538, 8.03665828705, 7.5389752388, 2.9719824791, 0.102893382311, 0.000644547166303, 0.000384767627111, 6.02340378464e-06, 4.82202100471e-09],
        "max": [0.00880114082247, 0.00509480573237, 0.0147043364123, 0.067296653986, 0.67281472683, 1.45691096783, 4.44490814209, 10.7061014175, 6.09763097763, 59.0552177429, 76.6526489258, 75.2889022827, 66.9345016479, 87.9994735718, 249.381103516, 190.456893921, 429.622680664, 534.651489258, 590.86340332, 543.153930664, 384.036590576, 356.8956604, 370.389709473, 452.519256592, 321.470733643, 125.303833008, 88.4533691406, 186.113143921, 35.2668457031, 22.3836345673, 24.7038345337, 65.1530685425, 41.4297332764, 31.1092853546, 21.001789093, 4.75597715378, 0.470172584057, 0.257723599672, 0.0324404761195, 0.0012477519922],
        "mean": [0.00163208367303, 0.000989008578472, 0.00273777474649, 0.0147221460938, 0.0526067689061, 0.12638618052, 0.283280700445, 0.998886585236, 0.588083267212, 3.29442501068, 4.96805858612, 4.75982952118, 6.0491528511, 12.3412160873, 15.9242649078, 12.0092535019, 19.4843387604, 23.4624290466, 21.8642635345, 21.2753353119, 15.1326341629, 13.027340889, 11.0629663467, 12.4769191742, 11.7234277725, 4.42960929871, 3.30225872993, 5.81478977203, 1.39118981361, 0.826682329178, 0.998630404472, 2.46764373779, 1.75289559364, 1.20519852638, 0.864827036858, 0.199136465788, 0.0247294828296, 0.0134574184194, 0.00308011774905, 0.000378375581931],
        "median": [0.00106446025893, 0.000772534345742, 0.00181309517939, 0.0105519695207, 0.0169877633452, 0.0392917990685, 0.0770151242614, 0.212593302131, 0.15684710443, 0.462552189827, 1.34899616241, 2.04443383217, 2.2628660202, 4.02552366257, 5.12881326675, 3.16318511963, 2.98937034607, 3.34048390388, 2.3351662159, 1.01554894447, 0.679895281792, 0.412288814783, 0.277528911829, 0.350173592567, 0.275125294924, 0.203448340297, 0.162570223212, 0.121166497469, 0.0570471137762, 0.0352960564196, 0.0559558309615, 0.0489075779915, 0.0517790131271, 0.0329863801599, 0.0151624539867, 0.00495689408854, 0.00324179488234, 0.00340652349405, 0.00194511387963, 0.00035024137469],
        "min": [6.26899927738e-05, 0.000111324538011, 0.000316097110044, 0.000550982425921, 0.00156042631716, 0.00332471076399, 0.00357238901779, 0.0096142552793, 0.0106802191585, 0.0114801796153, 0.00444289948791, 0.00866049155593, 0.0119791701436, 0.0019575599581, 0.00247725658119, 0.00921466294676, 0.0119021935388, 0.00323418341577, 0.00145526276901, 0.00401727715507, 0.00536992680281, 0.00295440433547, 0.00293232500553, 0.0023873236496, 0.00298371608369, 0.00327764567919, 0.00242256675847, 0.000484860589495, 0.000724541023374, 0.000541353365406, 0.000331692484906, 0.000810078694485, 0.000637936405838, 0.000236111838603, 0.000206905038795, 0.00011537480168, 9.58843302215e-05, 8.01425776444e-05, 7.95377927716e-05, 1.19469013953e-05],
        "var": [3.02832427224e-06, 7.91314846538e-07, 6.22165043751e-06, 0.000156428301125, 0.0100955851376, 0.0630182847381, 0.340890854597, 3.88095569611, 1.10561144352, 75.175567627, 153.661956787, 106.307937622, 126.601135254, 386.356170654, 1242.9161377, 859.179260254, 3864.20947266, 6310.70019531, 6595.77832031, 6152.00830078, 3075.19458008, 2558.10375977, 2071.36791992, 3103.88647461, 2237.65576172, 270.489837646, 155.946792603, 615.514892578, 28.2003040314, 9.55749320984, 12.4177017212, 88.2557220459, 36.5683135986, 17.4646339417, 9.12202167511, 0.474895298481, 0.00576089974493, 0.00138790963683, 1.94084386749e-05, 2.16426414568e-08]
    },
    "gfcc": {
        "mean": [-114.544784546, 25.4117736816, -122.30002594, -38.3929252625, -43.6926040649, 8.41663265228, -19.0931568146, 4.23191261292, -16.2702713013, -0.0297153647989, -2.86841273308, -4.50117921829, 1.73220837116],
        "cov": [[6573.71826172, -1366.39233398, -1837.95812988, 335.151397705, -976.87097168, 124.158569336, -1007.12554932, 338.090179443, -436.427093506, 268.482879639, -39.2516860962, 20.8405570984, 51.2216796875], [-1366.39233398, 450.806732178, 380.8074646, -126.742195129, 198.99357605, -34.158946991, 232.676071167, -89.5428009033, 100.567008972, -58.4480743408, 33.7582931519, -4.06759595871, 10.6961183548], [-1837.95812988, 380.8074646, 624.016723633, -40.7193222046, 291.804779053, -11.1918153763, 274.223815918, -80.1243133545, 107.966674805, -87.3444595337, -7.73533535004, 1.00099992752, -12.257979393], [335.151397705, -126.742195129, -40.7193222046, 130.599273682, -34.1075897217, -5.76384067535, -81.5437850952, 34.3361930847, -36.7724838257, 14.8539552689, -6.77767705917, 5.94814777374, -6.23468732834], [-976.87097168, 198.99357605, 291.804779053, -34.1075897217, 196.693847656, 1.22146964073, 161.907806396, -55.1278800964, 76.4228057861, -38.4552612305, -4.48219394684, -5.46326446533, -9.59144878387], [124.158569336, -34.158946991, -11.1918153763, -5.76384067535, 1.22146964073, 120.062828064, 2.48326778412, 11.0973863602, -18.6427936554, -7.10034227371, -19.2499523163, -24.5850753784, 22.3215503693], [-1007.12554932, 232.676071167, 274.223815918, -81.5437850952, 161.907806396, 2.48326778412, 202.544876099, -46.5905342102, 82.0438690186, -38.3119392395, 7.74803352356, -0.519486546516, -5.96620988846], [338.090179443, -89.5428009033, -80.1243133545, 34.3361930847, -55.1278800964, 11.0973863602, -46.5905342102, 56.1583976746, -13.7409200668, 22.8441448212, 6.39819288254, 15.6767263412, 8.51198291779], [-436.427093506, 100.567008972, 107.966674805, -36.7724838257, 76.4228057861, -18.6427936554, 82.0438690186, -13.7409200668, 66.2034912109, 2.07705783844, 9.99953174591, 5.81013727188, -9.63535404205], [268.482879639, -58.4480743408, -87.3444595337, 14.8539552689, -38.4552612305, -7.10034227371, -38.3119392395, 22.8441448212, 2.07705783844, 39.1882858276, 16.4614391327, 11.3214435577, -1.52489995956], [-39.2516860962, 33.7582931519, -7.73533535004, -6.77767705917, -4.48219394684, -19.2499523163, 7.74803352356, 6.39819288254, 9.99953174591, 16.4614391327, 37.4131126404, 19.1072616577, 11.931435585], [20.8405570984, -4.06759595871, 1.00099992752, 5.94814777374, -5.46326446533, -24.5850753784, -0.519486546516, 15.6767263412, 5.81013727188, 11.3214435577, 19.1072616577, 41.235622406, 16.8173904419], [51.2216796875, 10.6961183548, -12.257979393, -6.23468732834, -9.59144878387, 22.3215503693, -5.96620988846, 8.51198291779, -9.63535404205, -1.52489995956, 11.931435585, 16.8173904419, 37.7933197021]],
        "icov": [[0.00339096644893, -0.00295317056589, 0.00688515929505, -0.00220150849782, 0.00138696434442, -0.00401982106268, 0.00482218526304, -0.0039349431172, 0.00499949092045, -0.00535280397162, 0.00847757980227, -0.00736334081739, 0.00414244411513], [-0.00295317056589, 0.0169692970812, -0.01175891608, 0.00682588061318, 0.00109070236795, 0.00900692120194, -0.00808561872691, 0.0098072886467, -0.0101814297959, 0.00881031993777, -0.0207036416978, 0.0194364096969, -0.0163690820336], [0.00688515929505, -0.01175891608, 0.0243415795267, -0.010204971768, -0.00368620897643, -0.0108903096989, 0.00687545211986, -0.0102718835697, 0.00975071452558, -0.00105269707274, 0.0202141907066, -0.0235866326839, 0.0156608037651], [-0.00220150849782, 0.00682588061318, -0.010204971768, 0.0230744928122, -0.0117558036, 0.00704354094341, 0.00741817383096, -0.0089934617281, 0.00966456159949, -0.00313545181416, -0.00980605185032, 0.0093643348664, -0.00113210780546], [0.00138696434442, 0.00109070236795, -0.00368620897643, -0.0117558036, 0.0367072299123, -0.00642320141196, -0.0100202029571, 0.0190362147987, -0.0219575241208, 0.00210018572398, 0.00548118073493, -0.00365029275417, -0.00370254111476], [-0.00401982106268, 0.00900692120194, -0.0108903096989, 0.00704354094341, -0.00642320141196, 0.0298401769251, -0.0148908784613, -0.00454525882378, 0.00662256591022, -0.0115727903321, 0.00090449914569, 0.0369819514453, -0.0355730652809], [0.00482218526304, -0.00808561872691, 0.00687545211986, 0.00741817383096, -0.0100202029571, -0.0148908784613, 0.0421111434698, -0.0116545893252, -0.00530536053702, 0.0102188326418, -0.00014257474686, -0.0211978666484, 0.0232686065137], [-0.0039349431172, 0.0098072886467, -0.0102718835697, -0.0089934617281, 0.0190362147987, -0.00454525882378, -0.0116545893252, 0.0533090792596, -0.0257655475289, 0.00565397785977, -0.0143716493621, -0.00381534453481, -0.00869431253523], [0.00499949092045, -0.0101814297959, 0.00975071452558, 0.00966456159949, -0.0219575241208, 0.00662256591022, -0.00530536053702, -0.0257655475289, 0.0808933973312, -0.0555178262293, 0.0281058587134, -0.00728185009211, 0.00909492745996], [-0.00535280397162, 0.00881031993777, -0.00105269707274, -0.00313545181416, 0.00210018572398, -0.0115727903321, 0.0102188326418, 0.00565397785977, -0.0555178262293, 0.113445870578, -0.061333399266, -0.0100439172238, 0.0258661080152], [0.00847757980227, -0.0207036416978, 0.0202141907066, -0.00980605185032, 0.00548118073493, 0.00090449914569, -0.00014257474686, -0.0143716493621, 0.0281058587134, -0.061333399266, 0.0965863466263, -0.0261531099677, -0.010784463957], [-0.00736334081739, 0.0194364096969, -0.0235866326839, 0.0093643348664, -0.00365029275417, 0.0369819514453, -0.0211978666484, -0.00381534453481, -0.00728185009211, -0.0100439172238, -0.0261531099677, 0.0931938663125, -0.0623572021723], [0.00414244411513, -0.0163690820336, 0.0156608037651, -0.00113210780546, -0.00370254111476, -0.0355730652809, 0.0232686065137, -0.00869431253523, 0.00909492745996, 0.0258661080152, -0.010784463957, -0.0623572021723, 0.0905878171325]]
    },
    "melbands": {
        "dmean": [2.16762418859e-05, 9.31857698561e-07, 2.52193558481e-06, 5.23268954566e-06, 5.91209800405e-06, 8.98579855857e-06, 3.99293094233e-06, 2.92639215331e-05, 2.27179207286e-05, 1.54867757374e-05, 1.74353936018e-05, 2.81315387838e-05, 3.78636323148e-05, 1.16797809824e-05, 1.57384565682e-05, 2.77727776847e-05, 2.21596383199e-05, 1.87794976227e-05, 1.42970293382e-05, 8.323716429e-06, 8.83917164174e-06, 3.84272698284e-06, 2.77478920907e-06, 5.82929305892e-06, 6.99396741766e-06, 3.82177267966e-06, 2.48143919634e-06, 1.16402623007e-06, 6.83066218699e-07, 1.65255062257e-06, 1.43628972182e-06, 1.95746636678e-07, 1.14755152936e-07, 2.03103169838e-07, 1.57124901534e-07, 4.40250801148e-07, 5.44290458038e-07, 4.80983658235e-07, 2.90986889695e-07, 4.12512036974e-07],
        "dmean2": [4.00136741519e-05, 1.62195306075e-06, 4.39434870714e-06, 8.51681943459e-06, 9.93000867311e-06, 1.24630123537e-05, 6.55902113067e-06, 4.38882452727e-05, 3.19614300679e-05, 2.53752259596e-05, 2.74223239103e-05, 4.58935064671e-05, 5.9242513089e-05, 1.76078028744e-05, 2.64353529928e-05, 3.96117284254e-05, 3.90417590097e-05, 2.67338655249e-05, 2.13305611396e-05, 1.18758935059e-05, 1.27733919726e-05, 4.4477069423e-06, 4.02483692596e-06, 9.28356257646e-06, 1.24656316984e-05, 5.80567484576e-06, 3.38354720952e-06, 1.89670333839e-06, 1.01802663721e-06, 1.77788786004e-06, 1.97045210371e-06, 1.96611011916e-07, 1.549479407e-07, 2.66456709141e-07, 1.75726569296e-07, 6.79678805682e-07, 7.77028333232e-07, 6.197222433e-07, 3.069589809e-07, 6.02092029567e-07],
        "dvar": [6.6068195359e-10, 8.9426702805e-13, 9.68155850628e-12, 1.04394361211e-10, 1.79027959124e-10, 2.87421558776e-10, 6.24127624582e-11, 6.04140826255e-09, 3.41720518549e-09, 1.53315238283e-09, 1.42546918713e-09, 2.5330819664e-09, 9.94545601429e-09, 8.38123515035e-10, 2.83396839329e-09, 1.2077280509e-08, 5.87508441896e-09, 5.58356605396e-09, 2.64323896104e-09, 1.05547959262e-09, 1.40183809005e-09, 2.1825002916e-10, 1.82370091251e-10, 1.09236875101e-09, 1.20119914016e-09, 2.74806039036e-10, 1.42335226938e-10, 2.88748382843e-11, 9.64962831862e-12, 6.91865731373e-11, 5.37997944805e-11, 4.70455651432e-13, 2.89575248546e-13, 8.45498313289e-13, 3.52111379333e-13, 4.21412644364e-12, 5.96598074762e-12, 3.75483194884e-12, 1.17147448426e-12, 3.30438497745e-12],
        "dvar2": [1.93385840674e-09, 2.23612448003e-12, 2.64541461653e-11, 2.71348749026e-10, 4.71381433886e-10, 4.47997333675e-10, 1.41252579078e-10, 1.35143896074e-08, 8.36335267707e-09, 4.07698230731e-09, 3.50891871115e-09, 6.96799906663e-09, 2.50210305808e-08, 1.35007216517e-09, 7.62178409275e-09, 2.91671646835e-08, 1.60359316936e-08, 9.86220971555e-09, 6.96191104765e-09, 2.10037609527e-09, 3.00438407486e-09, 2.72594974371e-10, 2.52461745953e-10, 3.14703885174e-09, 3.91004384426e-09, 6.87246148878e-10, 3.12266990043e-10, 6.85805925937e-11, 2.13216649197e-11, 7.82710285474e-11, 8.79436731771e-11, 5.40072543978e-13, 5.58609961673e-13, 1.7867750465e-12, 3.4773315412e-13, 1.08651369152e-11, 1.07545821207e-11, 7.83043768715e-12, 2.16646730937e-12, 7.98554104786e-12],
        "max": [0.000137501338031, 6.28906400379e-06, 2.34560138779e-05, 8.06669340818e-05, 0.000119941214507, 0.000219394059968, 9.893601964e-05, 0.000769763311837, 0.000558019324671, 0.000459933187813, 0.000387726962799, 0.000425490492489, 0.000916269491427, 0.000493815983646, 0.000518164946698, 0.00118068861775, 0.000940832367633, 0.00107120873872, 0.000689282896928, 0.000626884575468, 0.000492288963869, 0.00037631925079, 0.000281466491288, 0.000392034940887, 0.000368329900084, 0.000299787847325, 0.000154157140059, 6.78460346535e-05, 4.58613249066e-05, 0.000104135760921, 0.000100743338407, 1.65131841641e-05, 1.1882488252e-05, 1.35478585435e-05, 1.0315061445e-05, 3.07110822177e-05, 4.09199856222e-05, 3.07835871354e-05, 2.19438134081e-05, 2.87232487608e-05],
        "mean": [2.46875370067e-05, 1.28963654333e-06, 3.11498138217e-06, 6.80559060129e-06, 8.48433410283e-06, 2.10507805605e-05, 9.26551911107e-06, 4.48691316706e-05, 4.1195697122e-05, 2.90529151243e-05, 3.18968450301e-05, 4.91398677696e-05, 5.54174366698e-05, 3.27852212649e-05, 3.06230467686e-05, 4.67521531391e-05, 4.27027189289e-05, 3.46010529029e-05, 3.14278004225e-05, 2.37472158915e-05, 1.72234704223e-05, 1.43525348903e-05, 1.09859920485e-05, 9.75176408247e-06, 9.83540303423e-06, 1.08222866402e-05, 4.90724778501e-06, 2.48985088547e-06, 1.69416330209e-06, 3.43468354913e-06, 3.06311721943e-06, 7.1295323778e-07, 4.66063397653e-07, 4.57769573359e-07, 4.65173656039e-07, 1.0236349226e-06, 1.65045901213e-06, 1.28497822516e-06, 9.12113932827e-07, 1.09241523205e-06],
        "median": [1.39184367072e-05, 8.96170490705e-07, 2.08485766962e-06, 1.91337107935e-06, 2.4594057777e-06, 4.85900818603e-06, 2.36667233366e-06, 6.97747327649e-06, 1.20159675134e-05, 1.16891542348e-05, 1.17644840429e-05, 1.66404370248e-05, 1.73252992681e-05, 1.04511536847e-05, 7.28967324903e-06, 6.89909711582e-06, 6.17806017544e-06, 3.92580750486e-06, 1.92332663573e-06, 9.37432787396e-07, 8.10446863397e-07, 4.82618816022e-07, 3.15556263786e-07, 2.2881779671e-07, 2.8800153018e-07, 2.02117831805e-07, 1.78662290296e-07, 1.18009253924e-07, 8.97903120745e-08, 1.15518822952e-07, 4.91725131724e-08, 3.07936609545e-08, 2.10010249191e-08, 1.89671904849e-08, 2.65600004212e-08, 3.86076415282e-08, 2.87344459338e-08, 3.52525724168e-08, 3.56223921472e-08, 2.37036790196e-08],
        "min": [9.01007751963e-07, 8.66786677989e-08, 1.31343483645e-07, 1.02702315985e-07, 1.37410637535e-07, 2.16736111724e-07, 1.64184086771e-07, 1.14663066597e-07, 3.11726715552e-08, 6.35604422428e-08, 5.88779229815e-08, 6.46072662036e-09, 7.9742168424e-09, 1.30304220747e-08, 3.26169171672e-08, 2.32335732875e-08, 3.47017414803e-09, 1.75139791558e-09, 4.72577399435e-09, 4.53841542125e-09, 7.34533722735e-09, 3.5466061199e-09, 2.45571829538e-09, 2.03966488144e-09, 1.94462290715e-09, 1.86403226188e-09, 2.7528395119e-09, 1.81441350833e-09, 1.74319492174e-09, 6.31487750979e-10, 1.70883779349e-10, 3.27109478393e-10, 4.84666751177e-10, 2.81649481515e-10, 1.62950389293e-10, 2.76687645018e-10, 6.02516536663e-10, 6.29891860893e-10, 1.37581349091e-10, 1.97299926397e-10],
        "var": [8.29554591686e-10, 1.22599272314e-12, 1.17578620451e-11, 1.94337962389e-10, 2.81392853463e-10, 1.62742097576e-09, 3.13164078003e-10, 1.47032599429e-08, 1.00937906922e-08, 4.00225053099e-09, 3.80377729314e-09, 6.31728536149e-09, 1.45251979333e-08, 5.69455149702e-09, 7.60844098835e-09, 2.43678748291e-08, 2.10953974289e-08, 1.85129174213e-08, 1.19285621381e-08, 8.13236411545e-09, 4.33784608234e-09, 3.15956460994e-09, 1.84844539675e-09, 1.93042559715e-09, 2.0188306582e-09, 2.069227234e-09, 3.69362679331e-10, 8.15510020624e-11, 3.97746731384e-11, 2.05140043841e-10, 1.70475744632e-10, 7.03032076999e-12, 3.15362970113e-12, 3.11197920731e-12, 2.56145365335e-12, 1.48927901261e-11, 3.97035529454e-11, 1.98192243867e-11, 9.69123739591e-12, 1.44145390069e-11]
    },
    "mfcc": {
        "mean": [-769.75793457, 103.505828857, -28.0061855316, -28.5225963593, -6.63439035416, -3.59450554848, 11.1496696472, -0.248349845409, 4.37665843964, 6.48923254013, -0.808944940567, 4.78257226944, -1.23251008987],
        "cov": [[8323.52539062, -2070.48217773, -1134.98510742, -432.744934082, -156.156356812, -650.704223633, -330.080108643, -487.021362305, -248.448989868, -195.69140625, -92.9405136108, 21.6235256195, -153.224227905], [-2070.48217773, 718.442504883, 253.225234985, 49.469078064, 3.13289046288, 168.973342896, 93.0418319702, 117.632423401, 61.6989974976, 64.1782836914, 14.777967453, -2.45961117744, 50.0362815857], [-1134.98510742, 253.225234985, 253.814361572, 82.3456497192, 53.7911720276, 93.4863357544, 63.4873313904, 80.532371521, 42.6077919006, 16.4414310455, 4.52058696747, -8.93847942352, 13.0466060638], [-432.744934082, 49.469078064, 82.3456497192, 149.479629517, 29.3199081421, -0.677316009998, -13.2333478928, 20.6274299622, -7.73030614853, -10.2885112762, 14.8773546219, -2.23571133614, 41.6197052002], [-156.156356812, 3.13289046288, 53.7911720276, 29.3199081421, 61.445728302, 35.9005775452, 16.0124549866, 15.3290081024, 11.495549202, 11.6173830032, -2.4168753624, -7.74487304688, -14.2905359268], [-650.704223633, 168.973342896, 93.4863357544, -0.677316009998, 35.9005775452, 111.139671326, 52.8119430542, 46.1104621887, 37.7772865295, 33.6176261902, 3.30221295357, -2.18513059616, -17.0910663605], [-330.080108643, 93.0418319702, 63.4873313904, -13.2333478928, 16.0124549866, 52.8119430542, 62.8296775818, 36.0393867493, 23.9395046234, 15.7668714523, -3.28768491745, -0.314257204533, -10.4607534409], [-487.021362305, 117.632423401, 80.532371521, 20.6274299622, 15.3290081024, 46.1104621887, 36.0393867493, 56.4946670532, 33.7200965881, 13.934009552, 6.0483622551, -0.314324766397, 7.46006011963], [-248.448989868, 61.6989974976, 42.6077919006, -7.73030614853, 11.495549202, 37.7772865295, 23.9395046234, 33.7200965881, 39.3463783264, 15.6599712372, 4.30316162109, 1.34195494652, -3.09370779991], [-195.69140625, 64.1782836914, 16.4414310455, -10.2885112762, 11.6173830032, 33.6176261902, 15.7668714523, 13.934009552, 15.6599712372, 34.1972541809, 14.2157783508, 5.5712184906, -1.81671953201], [-92.9405136108, 14.777967453, 4.52058696747, 14.8773546219, -2.4168753624, 3.30221295357, -3.28768491745, 6.0483622551, 4.30316162109, 14.2157783508, 32.4213829041, 11.181429863, 12.883055687], [21.6235256195, -2.45961117744, -8.93847942352, -2.23571133614, -7.74487304688, -2.18513059616, -0.314257204533, -0.314324766397, 1.34195494652, 5.5712184906, 11.181429863, 27.0706253052, 12.3279352188], [-153.224227905, 50.0362815857, 13.0466060638, 41.6197052002, -14.2905359268, -17.0910663605, -10.4607534409, 7.46006011963, -3.09370779991, -1.81671953201, 12.883055687, 12.3279352188, 62.8264274597]],
