{
"lowlevel": {
    "average_loudness": 0.621236622334,
    "barkbands_crest": {
        "dmean": 2.7959883213,
        "dmean2": 4.4515786171,
        "dvar": 5.77875900269,
        "dvar2": 15.4072608948,
        "max": 24.7368526459,
        "mean": 12.6980371475,
        "median": 12.2479171753,
        "min": 2.83557510376,
        "var": 34.2349319458
    },
    "barkbands_flatness_db": {
        "dmean": 0.0266010444611,
        "dmean2": 0.0415120087564,
        "dvar": 0.0005077344249,
        "dvar2": 0.00109662814066,
        "max": 0.342477053404,
        "mean": 0.172735050321,
        "median": 0.168307647109,
        "min": 0.0464371815324,
        "var": 0.00488976435736
    },
    "barkbands_kurtosis": {
        "dmean": 5.00613117218,
        "dmean2": 8.39510917664,
        "dvar": 45.3041992188,
        "dvar2": 125.990753174,
        "max": 56.7392463684,
        "mean": 9.36244869232,
        "median": 6.3635559082,
        "min": -1.30531203747,
        "var": 121.031906128
    },
    "barkbands_skewness": {
        "dmean": 0.685541331768,
        "dmean2": 1.11513078213,
        "dvar": 0.400061488152,
        "dvar2": 1.04298722744,
        "max": 6.57487106323,
        "mean": 2.12141013145,
        "median": 2.15645623207,
        "min": -1.2210483551,
        "var": 2.17593932152
    },
    "barkbands_spread": {
        "dmean": 3.74644422531,
        "dmean2": 6.03252887726,
        "dvar": 28.1119480133,
        "dvar2": 78.1393814087,
        "max": 52.9298095703,
        "mean": 11.8922977448,
        "median": 8.1443567276,
        "min": 1.15416419506,
        "var": 93.5059432983
    },
    "dissonance": {
        "dmean": 0.0294721089303,
        "dmean2": 0.0522244684398,
        "dvar": 0.000782577029895,
        "dvar2": 0.00227182265371,
        "max": 0.499876111746,
        "mean": 0.444523572922,
        "median": 0.455136060715,
        "min": 0.282876372337,
        "var": 0.00171671621501
    },
    "dynamic_complexity": 12.6522827148,
    "erbbands_crest": {
        "dmean": 2.32515907288,
        "dmean2": 3.87231898308,
        "dvar": 3.61409783363,
        "dvar2": 8.79356098175,
        "max": 21.3735370636,
        "mean": 8.74118423462,
        "median": 8.14479160309,
        "min": 2.95588183403,
        "var": 11.9028043747
    },
    "erbbands_flatness_db": {
        "dmean": 0.020400615409,
        "dmean2": 0.0311113316566,
        "dvar": 0.000359625119017,
        "dvar2": 0.000728448154405,
        "max": 0.321267396212,
        "mean": 0.202576085925,
        "median": 0.207552492619,
        "min": 0.0740629583597,
        "var": 0.00228606257588
    },
    "erbbands_kurtosis": {
        "dmean": 1.07859063148,
        "dmean2": 1.76437354088,
        "dvar": 2.80778050423,
        "dvar2": 6.03737068176,
        "max": 18.2621269226,
        "mean": 0.961076259613,
        "median": 0.208107471466,
        "min": -1.39999055862,
        "var": 6.39895009995
    },
    "erbbands_skewness": {
        "dmean": 0.353338748217,
        "dmean2": 0.579733192921,
        "dvar": 0.119580872357,
        "dvar2": 0.266954183578,
        "max": 3.46071696281,
        "mean": 0.737777709961,
        "median": 0.726598978043,
        "min": -1.08190143108,
        "var": 0.523771286011
    },
    "erbbands_spread": {
        "dmean": 4.95769166946,
        "dmean2": 7.91767072678,
        "dvar": 24.7149448395,
        "dvar2": 57.4470748901,
        "max": 55.3921356201,
        "mean": 25.7349586487,
        "median": 23.7313308716,
        "min": 5.35426092148,
        "var": 105.728599548
    },
    "hfc": {
        "dmean": 3.05036067963,
        "dmean2": 4.45818281174,
        "dvar": 69.852897644,
        "dvar2": 163.846664429,
        "max": 81.5627441406,
        "mean": 4.90401268005,
        "median": 0.275230169296,
        "min": 0.00332617969252,
        "var": 164.18548584
    },
    "melbands_crest": {
        "dmean": 3.0678999424,
        "dmean2": 4.95725679398,
        "dvar": 7.20828056335,
        "dvar2": 17.6738529205,
        "max": 28.9869594574,
        "mean": 15.3503818512,
        "median": 14.1715478897,
        "min": 3.78111791611,
        "var": 46.5645599365
    },
    "melbands_flatness_db": {
        "dmean": 0.0298201683909,
        "dmean2": 0.0462121814489,
        "dvar": 0.000715148227755,
        "dvar2": 0.0015108861262,
        "max": 0.442199409008,
        "mean": 0.239093780518,
        "median": 0.241234511137,
        "min": 0.0666021630168,
        "var": 0.00899235066026
    },
    "melbands_kurtosis": {
        "dmean": 6.12293481827,
        "dmean2": 10.1753101349,
        "dvar": 59.7136917114,
        "dvar2": 167.977493286,
        "max": 64.0067138672,
        "mean": 11.3809118271,
        "median": 8.18736171722,
        "min": -1.25329864025,
        "var": 122.260253906
    },
    "melbands_skewness": {
        "dmean": 0.718795061111,
        "dmean2": 1.17185783386,
        "dvar": 0.458820611238,
        "dvar2": 1.18502688408,
        "max": 6.60811424255,
        "mean": 2.41939115524,
        "median": 2.47035050392,
        "min": -0.705716192722,
        "var": 1.83281052113
    },
    "melbands_spread": {
        "dmean": 4.17855787277,
        "dmean2": 6.51172447205,
        "dvar": 24.9693546295,
        "dvar2": 58.723400116,
        "max": 61.2462730408,
        "mean": 15.3387804031,
        "median": 9.93540477753,
        "min": 1.81445634365,
        "var": 205.54788208
    },
    "pitch_salience": {
        "dmean": 0.084569722414,
        "dmean2": 0.136539399624,
        "dvar": 0.00655741291121,
        "dvar2": 0.0155349718407,
        "max": 0.918251276016,
        "mean": 0.551913619041,
        "median": 0.583514928818,
        "min": 0.133740365505,
        "var": 0.0287365149707
    },
    "silence_rate_20dB": {
        "dmean": 0,
        "dmean2": 0,
        "dvar": 0,
        "dvar2": 0,
        "max": 1,
        "mean": 1,
        "median": 1,
        "min": 1,
        "var": 0
    },
    "silence_rate_30dB": {
        "dmean": 0.00869565177709,
        "dmean2": 0.0174672491848,
        "dvar": 0.00862003583461,
        "dvar2": 0.0171621479094,
        "max": 1,
        "mean": 0.987012982368,
        "median": 1,
        "min": 0,
        "var": 0.0128183439374
    },
    "silence_rate_60dB": {
        "dmean": 0.0782608687878,
        "dmean2": 0.157205238938,
        "dvar": 0.072135977447,
        "dvar2": 0.149958729744,
        "max": 1,
        "mean": 0.766233742237,
        "median": 1,
        "min": 0,
        "var": 0.179119467735
    },
    "spectral_centroid": {
        "dmean": 179.381851196,
        "dmean2": 282.983459473,
        "dvar": 70528.8828125,
        "dvar2": 140518.453125,
        "max": 3259.49804688,
        "mean": 978.861022949,
        "median": 624.273498535,
        "min": 250.659042358,
        "var": 655970.3125
    },
    "spectral_complexity": {
        "dmean": 2.17391300201,
        "dmean2": 3.08296942711,
        "dvar": 18.8219394684,
        "dvar2": 41.7791748047,
        "max": 52,
        "mean": 5.29437208176,
        "median": 2,
        "min": 0,
        "var": 90.1730957031
    },
    "spectral_decrease": {
        "dmean": 1.37522249144e-09,
        "dmean2": 2.05252814744e-09,
        "dvar": 2.31237711582e-17,
        "dvar2": 5.25657231974e-17,
        "max": -3.12019236403e-13,
        "mean": -2.02986316644e-09,
        "median": -1.3006504207e-10,
        "min": -6.78042013647e-08,
        "var": 3.98513152903e-17
    },
    "spectral_energy": {
        "dmean": 0.00545887416229,
        "dmean2": 0.00811032578349,
        "dvar": 0.000348798144842,
        "dvar2": 0.000793393992353,
        "max": 0.262356102467,
        "mean": 0.00810596253723,
        "median": 0.000533120590262,
        "min": 1.47932792061e-06,
        "var": 0.000608314876445
    },
    "spectral_energyband_high": {
        "dmean": 9.60821416811e-05,
        "dmean2": 0.000141409851494,
        "dvar": 1.27982957565e-07,
        "dvar2": 2.79174940943e-07,
        "max": 0.00392138399184,
        "mean": 0.000154889887199,
        "median": 1.42105693612e-06,
        "min": 8.8183128355e-08,
        "var": 3.69898685904e-07
    },
    "spectral_energyband_low": {
        "dmean": 5.81811509619e-05,
        "dmean2": 0.000109124055598,
        "dvar": 5.42177502894e-08,
        "dvar2": 1.55905254928e-07,
        "max": 0.00175346073229,
        "mean": 3.48491739715e-05,
        "median": 1.69372401615e-06,
        "min": 4.78422741423e-08,
        "var": 3.09419831979e-08
    },
    "spectral_energyband_middle_high": {
        "dmean": 0.000763126765378,
        "dmean2": 0.00121509726159,
        "dvar": 7.30222291168e-06,
        "dvar2": 1.85269800568e-05,
        "max": 0.032021984458,
        "mean": 0.00111933867447,
        "median": 4.89631820528e-05,
        "min": 7.41713321872e-08,
        "var": 1.14258646136e-05
    },
    "spectral_energyband_middle_low": {
        "dmean": 0.00471749529243,
        "dmean2": 0.00710726110265,
        "dvar": 0.000324190536048,
        "dvar2": 0.000740428862628,
        "max": 0.255720019341,
        "mean": 0.00684642512351,
        "median": 0.000294729397865,
        "min": 3.4457974607e-07,
        "var": 0.000536337611265
    },
    "spectral_entropy": {
        "dmean": 0.203381404281,
        "dmean2": 0.316466927528,
        "dvar": 0.0354608595371,
        "dvar2": 0.0788999199867,
        "max": 8.22349834442,
        "mean": 7.17367601395,
        "median": 7.17778253555,
        "min": 5.6937918663,
        "var": 0.347403675318
    },
    "spectral_flux": {
        "dmean": 0.0177197959274,
        "dmean2": 0.029028378427,
        "dvar": 0.00117543933447,
        "dvar2": 0.00289482809603,
        "max": 0.314793884754,
        "mean": 0.0317681021988,
        "median": 0.0149699095637,
        "min": 0.000681814213749,
        "var": 0.00216875621118
    },
    "spectral_kurtosis": {
        "dmean": 4.14418363571,
        "dmean2": 6.74907493591,
        "dvar": 25.9875354767,
        "dvar2": 77.6480026245,
        "max": 46.5040588379,
        "mean": 11.6663656235,
        "median": 9.16636276245,
        "min": 2.34210538864,
        "var": 58.9613990784
    },
    "spectral_rms": {
        "dmean": 0.00062382168835,
        "dmean2": 0.000899006205145,
        "dvar": 1.30304806589e-06,
        "dvar2": 2.64603227151e-06,
        "max": 0.0159986615181,
        "mean": 0.00160010135733,
        "median": 0.000721191812772,
        "min": 3.79900884582e-05,
        "var": 5.34793343832e-06
    },
    "spectral_rolloff": {
        "dmean": 299.124267578,
        "dmean2": 484.826080322,
        "dvar": 193015.9375,
        "dvar2": 401414.71875,
        "max": 4629.63867188,
        "mean": 1194.85925293,
        "median": 753.662109375,
        "min": 215.33203125,
        "var": 1216994.375
    },
    "spectral_skewness": {
        "dmean": 0.394374728203,
        "dmean2": 0.630462527275,
        "dvar": 0.159984067082,
        "dvar2": 0.465156912804,
        "max": 5.147108078,
        "mean": 2.37350273132,
        "median": 2.27295327187,
        "min": 1.03151011467,
        "var": 0.598615050316
    },
    "spectral_spread": {
        "dmean": 508370.25,
        "dmean2": 740982,
        "dvar": 300312920064,
        "dvar2": 465081630720,
        "max": 10230311,
        "mean": 3441131.5,
        "median": 3116524.75,
        "min": 1262236.25,
        "var": 1.53668380262e+12
    },
    "spectral_strongpeak": {
        "dmean": 0.200358405709,
        "dmean2": 0.330993741751,
        "dvar": 0.182446986437,
        "dvar2": 0.499207437038,
        "max": 3.82017183304,
        "mean": 0.353097319603,
        "median": 0.146564856172,
        "min": 0,
        "var": 0.311741501093
    },
    "zerocrossingrate": {
        "dmean": 0.00974651798606,
        "dmean2": 0.0115886833519,
        "dvar": 0.000161878517247,
        "dvar2": 0.000188847028767,
        "max": 0.17626953125,
        "mean": 0.0550764352083,
        "median": 0.04443359375,
        "min": 0.00927734375,
        "var": 0.00163187691942
    },
    "barkbands": {
        "dmean": [1.35547122682e-06, 6.55678547901e-07, 1.23772360894e-05, 0.000358468736522, 0.00328686088324, 0.000692460627761, 0.000236191976001, 0.000290760828648, 0.000295408186503, 0.000170152110513, 0.000127800827613, 5.60584448976e-05, 0.000125439139083, 0.000181113820872, 5.32765880052e-05, 6.53102979413e-05, 6.16519464529e-05, 6.09432463534e-05, 7.22026015865e-05, 5.76208585699e-05, 2.19130452024e-05, 9.80800359685e-06, 8.0741574493e-06, 8.42472672957e-06, 1.03003576442e-05, 2.57022156802e-06, 1.62599491205e-07],
        "dmean2": [2.35034599427e-06, 1.1630007748e-06, 2.24594859901e-05, 0.000631224771496, 0.00505420705304, 0.00112638436258, 0.000364548992366, 0.00045860814862, 0.000456353038317, 0.000282687338768, 0.000220798086957, 8.99936567293e-05, 0.000209572419408, 0.000290806463454, 8.97761055967e-05, 9.67678570305e-05, 0.000100850935269, 0.000107986459625, 0.000106804873212, 9.29236921365e-05, 3.16701298289e-05, 1.56473688548e-05, 1.1975967027e-05, 1.27243120005e-05, 1.48051976794e-05, 3.29006297761e-06, 2.32618134532e-07],
        "dvar": [2.57367846652e-12, 3.29852724995e-12, 1.9445320909e-09, 2.04332877729e-06, 0.00020805998065, 3.05837011183e-06, 4.55132664001e-07, 1.01324576463e-06, 6.95144933616e-07, 3.73610873794e-07, 1.90665389255e-07, 3.29972955626e-08, 1.64640070466e-07, 5.90450497384e-07, 4.33779270281e-08, 5.98046270284e-08, 3.69222767915e-08, 6.01861671612e-08, 1.22940008396e-07, 5.41058042813e-08, 5.91062221389e-09, 1.40911804447e-09, 1.34558963971e-09, 1.33739908037e-09, 1.48872469907e-09, 1.18045545561e-10, 4.33051245688e-13],
        "dvar2": [7.34275487635e-12, 9.38859840566e-12, 5.13017495152e-09, 5.46449291505e-06, 0.000463010772364, 7.18834871805e-06, 1.14431270504e-06, 2.31013655139e-06, 1.49902916746e-06, 8.76671208516e-07, 5.55305291527e-07, 8.34605486943e-08, 4.46610641802e-07, 1.4875403167e-06, 1.19876929716e-07, 1.55634353405e-07, 9.26309837723e-08, 1.69878020984e-07, 3.31015172605e-07, 1.41725010394e-07, 1.15031459913e-08, 3.31826655042e-09, 3.45890960318e-09, 2.33872943234e-09, 2.58350052462e-09, 1.49266626837e-10, 7.48599316217e-13],
        "max": [9.82043820841e-06, 1.17762428999e-05, 0.000332348397933, 0.0136371422559, 0.209441155195, 0.0152128236368, 0.0060046268627, 0.00918234698474, 0.00938983354717, 0.00554710114375, 0.00493671791628, 0.00174030265771, 0.00328449788503, 0.00983988586813, 0.00187782291323, 0.00250398693606, 0.00209620827809, 0.00233120657504, 0.00407008128241, 0.00184280867688, 0.00103106163442, 0.000547908712178, 0.00037739056279, 0.000559672189411, 0.000610352610238, 0.000197809655219, 1.1777517102e-05],
        "mean": [1.31384933866e-06, 4.92101037253e-07, 8.41749988467e-06, 0.000316692574415, 0.00447596702725, 0.000794876832515, 0.000320857972838, 0.000376701995265, 0.000479100068333, 0.000232428850722, 0.000159233459271, 6.62532111164e-05, 0.00013224875147, 0.000187011988601, 5.83463479416e-05, 7.75851076469e-05, 7.30533720343e-05, 7.1395887062e-05, 9.43283594097e-05, 7.04979684087e-05, 3.638131966e-05, 1.73057214852e-05, 1.20511804198e-05, 1.80914812518e-05, 1.9801005692e-05, 5.10870677317e-06, 3.89908336729e-07],
        "median": [6.50850154216e-07, 8.45748715506e-08, 3.09997915338e-07, 3.62346827387e-06, 7.90416888776e-05, 4.39771938545e-05, 1.30935823108e-05, 1.33551666295e-05, 3.70994894183e-05, 1.34358006108e-05, 5.93497316004e-06, 3.10641917167e-06, 5.02405919178e-06, 4.77250705444e-06, 2.63381434706e-06, 2.36405048781e-06, 2.51133519669e-06, 1.45098522353e-06, 1.46577667692e-06, 8.81302696598e-07, 4.08945084018e-07, 1.69910364889e-07, 9.25803931295e-08, 7.63318510622e-08, 5.3772190256e-08, 1.89617175295e-08, 8.61664020135e-08],
        "min": [2.53371967851e-09, 2.98529068132e-09, 3.39256134296e-09, 4.42327507955e-09, 1.27788517545e-08, 1.53123394853e-07, 1.37038291825e-08, 7.78576048077e-09, 7.62313234759e-09, 1.08359303752e-08, 1.17761613794e-08, 1.29402399907e-08, 4.01851840692e-09, 2.32571184533e-09, 2.35394104209e-09, 1.19742860072e-09, 3.7250993401e-09, 4.47881287613e-09, 2.02896499601e-09, 3.23086446485e-09, 2.7824249571e-09, 1.97996041784e-09, 1.19560239487e-09, 2.10468442674e-09, 2.38111730333e-09, 4.86681406286e-09, 4.7439559836e-08],
        "var": [2.88628387683e-12, 2.43953902218e-12, 1.36531441708e-09, 1.86829811355e-06, 0.000340852478985, 3.98117072109e-06, 7.6645972058e-07, 1.42011072057e-06, 1.55787631684e-06, 5.34493494797e-07, 2.41878382212e-07, 4.33638867037e-08, 1.57041981197e-07, 5.86140913583e-07, 4.30895816805e-08, 7.22447026646e-08, 5.60730661903e-08, 6.34857215687e-08, 1.41348962757e-07, 7.27041182813e-08, 2.03822914102e-08, 4.95998397909e-09, 2.4279569466e-09, 6.52060805351e-09, 7.78699860149e-09, 5.76993341994e-10, 1.87942196528e-12]
    },
    "erbbands": {
        "dmean": [3.79677294404e-05, 0.000502947892528, 0.0165015626699, 0.626920461655, 10.7397518158, 8.04676151276, 5.0631070137, 5.14164018631, 1.73880791664, 7.4727563858, 4.54855298996, 5.51463890076, 7.01403474808, 3.14094185829, 4.99870109558, 2.73103046417, 5.55562496185, 11.0155477524, 3.48326516151, 3.01176095009, 3.57613420486, 3.04359292984, 3.40252137184, 3.47469520569, 2.93050003052, 3.26486873627, 1.43755316734, 0.622864246368, 0.398733109236, 0.183545857668, 0.248953029513, 0.16020937264, 0.160584375262, 0.121211618185, 0.0750286206603, 0.0212040636688, 0.00227423780598, 0.000260200729826, 3.19497848977e-05, 7.22956792742e-06],
        "dmean2": [6.39098507236e-05, 0.000775510503445, 0.0265114028007, 1.04020571709, 16.1896934509, 12.5664806366, 8.47024250031, 8.35448169708, 2.80476474762, 10.8562717438, 7.78418922424, 9.18714904785, 10.9062843323, 4.87318563461, 8.64030742645, 4.52420711517, 8.93779087067, 18.3336715698, 5.62138462067, 4.84958410263, 5.0720539093, 4.79875040054, 5.87570381165, 5.52052545547, 4.33509254456, 5.51341485977, 2.24654150009, 0.869751572609, 0.646049439907, 0.285005450249, 0.380247622728, 0.250067591667, 0.238516181707, 0.16238462925, 0.113552898169, 0.0283961184323, 0.00292438780889, 0.000356578442734, 4.17850387748e-05, 1.0894411389e-05],
        "dvar": [1.27272334893e-08, 2.45337446358e-06, 0.00320685468614, 6.47329568863, 2513.31054688, 973.184875488, 238.290649414, 152.53515625, 16.7900981903, 512.672851562, 235.905532837, 267.140350342, 627.188110352, 151.194290161, 307.919219971, 90.4136581421, 265.053710938, 2298.87744141, 132.526092529, 219.443191528, 105.058418274, 81.9960403442, 187.111129761, 302.007385254, 160.578445435, 192.130615234, 26.1512928009, 4.52843236923, 2.23444318771, 0.503298401833, 1.42395102978, 0.490842491388, 0.464325904846, 0.205598831177, 0.0876087993383, 0.00758051685989, 8.52896191645e-05, 1.29181182729e-06, 1.31869972719e-08, 4.77954398281e-10],
        "dvar2": [3.04212051105e-08, 5.6216831581e-06, 0.00793134607375, 15.8317060471, 5731.44726562, 2195.15185547, 639.924743652, 318.505462646, 42.4323730469, 1184.90429688, 515.907653809, 626.989135742, 1201.54736328, 412.820526123, 880.264404297, 233.620651245, 672.713134766, 5913.32324219, 331.288299561, 610.408081055, 240.827896118, 204.660629272, 524.413024902, 834.752075195, 420.329559326, 515.33026123, 56.2877311707, 9.06439781189, 5.46973514557, 1.05319023132, 3.7917330265, 0.904416501522, 0.818096756935, 0.325532734394, 0.167186185718, 0.00989467278123, 9.97124443529e-05, 2.21512209464e-06, 2.02799590454e-08, 1.04838926429e-09],
        "max": [0.00148012128193, 0.018721761182, 0.558771729469, 30.6186943054, 702.263244629, 448.926116943, 163.2212677, 127.805076599, 30.8571395874, 237.31187439, 151.952957153, 124.824203491, 355.109100342, 158.879638672, 204.267532349, 98.9513931274, 134.875717163, 593.621398926, 125.692466736, 163.352661133, 114.744018555, 101.850975037, 124.064559937, 196.336044312, 145.65246582, 107.140861511, 59.7693748474, 33.7115402222, 19.6000766754, 8.75580883026, 12.5269479752, 10.6804857254, 9.98878574371, 7.50272989273, 4.39893245697, 1.48495864868, 0.1711332798, 0.0209028366953, 0.00213360902853, 0.00029134581564],
        "mean": [4.94624691783e-05, 0.000563438341487, 0.0160541776568, 0.697048246861, 14.4229288101, 10.3628816605, 4.72793388367, 6.42133331299, 2.17095041275, 10.8112316132, 7.77290153503, 8.3673658371, 10.0610666275, 4.94406890869, 6.2301940918, 3.37044882774, 6.27740573883, 10.6987113953, 4.33904027939, 3.28470420837, 4.37242507935, 3.92386651039, 3.92019987106, 4.74776554108, 3.98752450943, 3.65217638016, 2.11212944984, 1.12012016773, 0.681989967823, 0.361912876368, 0.357181578875, 0.340218394995, 0.32060533762, 0.237713143229, 0.136051133275, 0.0412222929299, 0.0048130066134, 0.000543090689462, 7.0338974183e-05, 1.38028135552e-05],
        "median": [8.92690331966e-06, 3.23827262037e-05, 0.000580085557885, 0.0102730374783, 0.112650588155, 0.274878233671, 0.204898774624, 0.319950252771, 0.153226882219, 0.308669745922, 0.344188630581, 0.705867409706, 0.530796587467, 0.288518249989, 0.292203307152, 0.159598708153, 0.229501321912, 0.281865537167, 0.189029484987, 0.108745157719, 0.152619838715, 0.134447202086, 0.0719899237156, 0.0837171524763, 0.0581849105656, 0.0408017672598, 0.0241274051368, 0.0118200257421, 0.00674878526479, 0.00317536643706, 0.00248174741864, 0.00168012245558, 0.00106782955118, 0.000747066864278, 0.000298068393022, 0.000104909857328, 2.75956354017e-05, 1.81942268682e-05, 1.01119530882e-05, 2.32119009524e-06],
        "min": [1.47120132965e-07, 8.48534227771e-07, 3.35325989909e-06, 1.47367336467e-05, 3.64804218407e-05, 5.5382221035e-05, 0.000832416990306, 0.00157755170949, 0.000231796555454, 0.000231631667702, 0.000150985593791, 0.000162809519679, 0.000244160939474, 0.000358040124411, 0.0006912756362, 0.000420225755079, 0.000172199055669, 0.000150397492689, 0.000126769926283, 0.000101336561784, 7.28312079445e-05, 0.000194746215129, 0.000268550153123, 0.000173565917066, 8.8100307039e-05, 0.000150302119437, 0.000127970459289, 0.000112617795821, 6.96522620274e-05, 4.30495856563e-05, 3.16602599923e-05, 4.29556966992e-05, 3.32786585204e-05, 2.4485612812e-05, 1.47419932546e-05, 1.05489034468e-05, 9.50842331804e-06, 1.02326985143e-05, 5.09744359078e-06, 8.14009354144e-07],
        "var": [2.14239275209e-08, 3.86814372177e-06, 0.0037209992297, 8.08195781708, 3823.92822266, 1606.7833252, 209.014526367, 279.885772705, 28.1086120605, 952.551818848, 472.194061279, 479.721191406, 1177.76098633, 246.532318115, 374.557189941, 113.958106995, 326.415924072, 2057.28833008, 194.816116333, 184.109588623, 192.386123657, 150.693023682, 202.419845581, 331.390075684, 221.387390137, 217.832687378, 64.0327148438, 19.9720287323, 7.57309913635, 2.06524634361, 2.21882128716, 2.13804960251, 2.12478590012, 1.14501368999, 0.377143889666, 0.0366021990776, 0.000494507083204, 5.88510056332e-06, 6.73461357792e-08, 1.10464248859e-09]
    },
    "gfcc": {
        "mean": [-231.579879761, 90.1437225342, -133.972427368, -17.4930648804, -66.2288742065, -27.1502342224, -45.5763244629, -14.8715333939, -34.0604095459, -13.7605276108, -16.7219982147, -11.5773696899, -5.65239620209],
        "cov": [[18135.9453125, -91.6047744751, -2896.22827148, 918.668334961, -1543.50610352, 381.892486572, -1391.2076416, 342.858306885, -969.667480469, -94.0140762329, -591.70916748, -557.876708984, -445.163391113], [-91.6047744751, 2279.74902344, 575.8828125, -418.078521729, 190.266815186, -296.398223877, 60.2309799194, -341.667175293, -46.5242195129, -449.120452881, -281.403015137, -315.904693604, -21.2028255463], [-2896.22827148, 575.8828125, 1239.17321777, -231.482589722, 207.870620728, -79.3706665039, 161.217971802, -121.507362366, 72.5282897949, -139.35446167, -70.0585479736, 7.95520305634, 44.0345954895], [918.668334961, -418.078521729, -231.482589722, 336.427764893, -30.0822753906, 119.629600525, -72.5862503052, 61.6028709412, -46.4179458618, 69.8131408691, 38.5476303101, 18.512922287, -26.3639240265], [-1543.50610352, 190.266815186, 207.870620728, -30.0822753906, 304.734680176, -24.3800411224, 165.341461182, -86.7032546997, 79.5425262451, -41.7336463928, 30.6091556549, -4.55789804459, 17.4527320862], [381.892486572, -296.398223877, -79.3706665039, 119.629600525, -24.3800411224, 125.008934021, -11.19190979, 54.2540130615, -29.6842002869, 28.0685482025, -5.26386928558, 8.13721561432, -14.5650033951], [-1391.2076416, 60.2309799194, 161.217971802, -72.5862503052, 165.341461182, -11.19190979, 202.013183594, -28.6855812073, 95.585067749, -10.8994913101, 33.4079856873, 20.9657077789, 31.1964359283], [342.858306885, -341.667175293, -121.507362366, 61.6028709412, -86.7032546997, 54.2540130615, -28.6855812073, 109.885391235, 7.49577569962, 77.3001480103, 27.2314434052, 35.3735389709, -2.5765209198], [-969.667480469, -46.5242195129, 72.5282897949, -46.4179458618, 79.5425262451, -29.6842002869, 95.585067749, 7.49577569962, 112.69127655, 46.0861167908, 65.3001174927, 39.7259101868, 28.1588497162], [-94.0140762329, -449.120452881, -139.35446167, 69.8131408691, -41.7336463928, 28.0685482025, -10.8994913101, 77.3001480103, 46.0861167908, 151.733444214, 116.315910339, 93.0579452515, 18.2060432434], [-591.70916748, -281.403015137, -70.0585479736, 38.5476303101, 30.6091556549, -5.26386928558, 33.4079856873, 27.2314434052, 65.3001174927, 116.315910339, 153.822372437, 102.48399353, 39.0111083984], [-557.876708984, -315.904693604, 7.95520305634, 18.512922287, -4.55789804459, 8.13721561432, 20.9657077789, 35.3735389709, 39.7259101868, 93.0579452515, 102.48399353, 121.003753662, 50.3660583496], [-445.163391113, -21.2028255463, 44.0345954895, -26.3639240265, 17.4527320862, -14.5650033951, 31.1964359283, -2.5765209198, 28.1588497162, 18.2060432434, 39.0111083984, 50.3660583496, 50.6576766968]],
        "icov": [[0.000552586745471, -0.000685760984197, 0.000887900649104, -0.000675821735058, 0.00115162599832, -0.000828067946713, 0.000931944639888, -0.000420665717684, 0.00141024368349, -0.00118149037007, 0.00116628047545, -0.000132884495542, 0.00108992389869], [-0.000685760984197, 0.00349130714312, -0.00155582488514, 0.00128471059725, -0.00101347232703, 0.00392660405487, -0.000755561108235, 0.00255290651694, -0.00186416925862, 0.00550871295854, -0.00368489627726, 0.00655995542184, -0.00509871216491], [0.000887900649104, -0.00155582488514, 0.00277989101596, -0.00072424596874, 0.00125608744565, -0.00200656848028, 0.00157715240493, -0.00053804583149, 0.00116032455117, -0.00129184836987, 0.00363154266961, -0.00371201243252, 0.00306304940023], [-0.000675821735058, 0.00128471059725, -0.00072424596874, 0.00712820328772, -0.00319157470949, -0.00370575953275, 0.00154780875891, 0.000462744617835, -0.000591334654018, 0.00144125847146, -0.00414199614897, 0.00184318749234, -0.000789562414866], [0.00115162599832, -0.00101347232703, 0.00125608744565, -0.00319157470949, 0.0118144294247, -0.00229839328676, -0.00351431616582, 0.00575310131535, 1.75371351361e-05, -0.000255886319792, -0.000757235044148, 0.00206104875542, 0.00328489230014], [-0.000828067946713, 0.00392660405487, -0.00200656848028, -0.00370575953275, -0.00229839328676, 0.0227239057422, -0.00620374176651, -0.00501321488991, 0.00508674560115, 0.00431559840217, -0.000185440148925, 0.00490931747481, -0.00404363218695], [0.000931944639888, -0.000755561108235, 0.00157715240493, 0.00154780875891, -0.00351431616582, -0.00620374176651, 0.0170956794173, -0.00150684709661, -0.00776238832623, 0.00352554116398, 0.00107210862916, -0.00108905206434, -0.000564658490475], [-0.000420665717684, 0.00255290651694, -0.00053804583149, 0.000462744617835, 0.00575310131535, -0.00501321488991, -0.00150684709661, 0.0283385775983, -0.00792561471462, -0.00855512637645, 0.00503320712596, 0.00320159620605, -0.00255276123062], [0.00141024368349, -0.00186416925862, 0.00116032455117, -0.000591334654018, 1.75371351361e-05, 0.00508674560115, -0.00776238832623, -0.00792561471462, 0.0323827154934, -0.0133753307164, -0.00191915710457, 0.00752804195508, -0.00307037238963], [-0.00118149037007, 0.00550871295854, -0.00129184836987, 0.00144125847146, -0.000255886319792, 0.00431559840217, 0.00352554116398, -0.00855512637645, -0.0133753307164, 0.0485991686583, -0.0237665399909, -0.00476774899289, 0.00553026236594], [0.00116628047545, -0.00368489627726, 0.00363154266961, -0.00414199614897, -0.000757235044148, -0.000185440148925, 0.00107210862916, 0.00503320712596, -0.00191915710457, -0.0237665399909, 0.0365191623569, -0.0190526563674, 0.00362570094876], [-0.000132884495542, 0.00655995542184, -0.00371201243252, 0.00184318749234, 0.00206104875542, 0.00490931747481, -0.00108905206434, 0.00320159620605, 0.00752804195508, -0.00476774899289, -0.0190526563674, 0.0562219657004, -0.0363982543349], [0.00108992389869, -0.00509871216491, 0.00306304940023, -0.000789562414866, 0.00328489230014, -0.00404363218695, -0.000564658490475, -0.00255276123062, -0.00307037238963, 0.00553026236594, 0.00362570094876, -0.0363982543349, 0.0551500059664]]
    },
    "melbands": {
        "dmean": [2.10788684285e-07, 3.11472604153e-06, 0.000350937072653, 0.000831163371913, 0.000166490630363, 0.000117102135846, 3.08839844365e-05, 8.04174924269e-05, 3.89958440792e-05, 3.59427685908e-05, 3.54413350578e-05, 1.35865202537e-05, 2.01396487682e-05, 6.13257179793e-06, 8.05584750196e-06, 1.58241855388e-05, 2.04837251658e-05, 5.2893992688e-06, 4.74690477859e-06, 4.56720408692e-06, 4.15988597524e-06, 3.60644162356e-06, 2.72748093266e-06, 3.18447109748e-06, 2.80334620584e-06, 2.72094348475e-06, 1.38109908221e-06, 2.43941190092e-06, 9.8524162695e-07, 4.33042600889e-07, 3.7950022147e-07, 2.77875358279e-07, 1.41133341458e-07, 9.56658041673e-08, 1.40238896051e-07, 1.39441894476e-07, 1.01680264208e-07, 1.21773382489e-07, 1.04819960711e-07, 1.15139904722e-07],
        "dmean2": [3.66865663182e-07, 5.61481510886e-06, 0.000568693561945, 0.0012734773336, 0.000280702515738, 0.000188400066691, 5.00481801282e-05, 0.000118435571494, 6.76527488395e-05, 5.94232551521e-05, 5.54444595764e-05, 2.06791173696e-05, 3.5234799725e-05, 1.01775312942e-05, 1.27002640511e-05, 2.72219949693e-05, 3.32998861268e-05, 9.07629146241e-06, 8.33238846099e-06, 7.54289976612e-06, 6.06548019277e-06, 5.70483189222e-06, 4.59494640381e-06, 5.6816443248e-06, 4.43834142061e-06, 3.99675400331e-06, 2.03282729672e-06, 4.21094046033e-06, 1.52925417751e-06, 6.16359841388e-07, 6.1845247501e-07, 4.82817256398e-07, 2.23773653829e-07, 1.49297434859e-07, 2.1847682774e-07, 2.12935219679e-07, 1.60112421099e-07, 1.75322639961e-07, 1.40542582017e-07, 1.65898157434e-07],
        "dvar": [2.22931360329e-13, 1.19570631174e-10, 2.63858919425e-06, 1.32314307848e-05, 2.53054651012e-07, 7.55568194677e-08, 6.06405592407e-09, 6.4093555352e-08, 1.70459912852e-08, 1.20476508769e-08, 1.56406887442e-08, 3.03443870031e-09, 4.95072072226e-09, 4.95073315676e-10, 5.26846233306e-10, 2.77830936035e-09, 8.17953704768e-09, 3.10718978325e-10, 4.32405472539e-10, 4.24063673066e-10, 1.37129654854e-10, 1.20849608098e-10, 1.10876169357e-10, 2.33514013681e-10, 1.99815844426e-10, 1.65837274468e-10, 2.2168818864e-11, 1.22571161554e-10, 1.23489257015e-11, 2.03292048993e-12, 1.99923172635e-12, 1.17637334335e-12, 2.68438239302e-13, 1.27733679753e-13, 4.38121842408e-13, 4.20533806346e-13, 2.20253570699e-13, 2.72728860979e-13, 1.96081012213e-13, 1.89896045394e-13],
        "dvar2": [6.42149853257e-13, 3.18430282142e-10, 6.303920145e-06, 2.90355783363e-05, 6.70036342854e-07, 1.61357377237e-07, 1.56230726134e-08, 1.45608083812e-07, 3.74387489899e-08, 2.6931559205e-08, 3.04015657093e-08, 8.19425771681e-09, 1.45240584004e-08, 1.31763122635e-09, 1.20918286495e-09, 7.68010099961e-09, 2.06362820165e-08, 7.90281340368e-10, 1.23668564278e-09, 1.12425313503e-09, 3.14770237653e-10, 3.03319341866e-10, 2.97901009416e-10, 6.77963574169e-10, 5.48496970065e-10, 4.39701192123e-10, 5.32602746628e-11, 3.34432204152e-10, 2.57577761203e-11, 3.6708622253e-12, 4.9117138308e-12, 3.25250438561e-12, 5.91422364641e-13, 2.72246824693e-13, 1.16695683065e-12, 1.06155850169e-12, 4.20867279829e-13, 5.31580313622e-13, 3.19215303062e-13, 4.05929332032e-13],
        "max": [3.82795178666e-06, 8.35567625472e-05, 0.0212247092277, 0.0532736666501, 0.00518001616001, 0.00250751734711, 0.000609317445196, 0.00270095630549, 0.00126490229741, 0.00103945075534, 0.00172563048545, 0.000688379979692, 0.000786614196841, 0.000255905644735, 0.000225444920943, 0.000404578400776, 0.00115694641136, 0.000207957084058, 0.000195927495952, 0.000219289868255, 0.000136493123136, 0.000129917039885, 0.000117501513159, 0.000159775328939, 0.000159193295985, 0.000153603687068, 4.88423938805e-05, 8.7390668341e-05, 4.06023937103e-05, 2.16423813981e-05, 1.984013943e-05, 1.396438347e-05, 7.21990090824e-06, 4.30211230196e-06, 6.81546771375e-06, 6.62761658532e-06, 7.15567466614e-06, 7.97692700871e-06, 7.07688377588e-06, 6.30755403108e-06],
        "mean": [2.05048408475e-07, 2.10070925277e-06, 0.000438518502051, 0.00114258006215, 0.000156306370627, 0.000141816140967, 4.01628967666e-05, 0.000115426053526, 6.76016134094e-05, 5.51798439119e-05, 5.00108617416e-05, 2.00585818675e-05, 2.44346429099e-05, 7.58638088882e-06, 1.03780357676e-05, 1.58515467774e-05, 1.98875022761e-05, 6.47609431326e-06, 4.77689036416e-06, 5.07362301505e-06, 5.01798058394e-06, 4.3192285375e-06, 3.30463308273e-06, 3.56070859198e-06, 3.94845301344e-06, 3.30822103933e-06, 2.24153995987e-06, 2.52570794146e-06, 1.43460590607e-06, 7.90234423675e-07, 6.27992449154e-07, 4.09243114063e-07, 2.61341170926e-07, 1.74926299223e-07, 1.95585712959e-07, 2.19667754209e-07, 2.04966369211e-07, 2.17488846488e-07, 2.2783001441e-07, 1.92117198594e-07],
        "median": [8.3462737166e-08, 8.56498303392e-08, 2.95226573144e-06, 1.41730679388e-05, 7.42312568036e-06, 8.08413278719e-06, 1.98147131414e-06, 3.47953277924e-06, 3.46847696164e-06, 4.32687011198e-06, 2.51511255556e-06, 1.05465824163e-06, 9.51332481236e-07, 4.5302024887e-07, 4.08641938066e-07, 5.38187919119e-07, 4.6175227908e-07, 3.074873689e-07, 1.99397021561e-07, 1.32463156888e-07, 1.90869386074e-07, 1.37238728826e-07, 7.68132579765e-08, 6.154095189e-08, 7.03330300666e-08, 4.68766678807e-08, 3.32449232587e-08, 2.41616078256e-08, 1.58072150924e-08, 8.64473737039e-09, 6.48380193979e-09, 3.65261954016e-09, 2.70283950776e-09, 1.33643718314e-09, 1.14879294966e-09, 1.34938038521e-09, 1.02468400431e-09, 7.92295895558e-10, 6.08590622342e-10, 5.59793322807e-10],
        "min": [1.30416677457e-09, 1.54811452546e-09, 5.13268183511e-09, 1.43623757332e-09, 2.86132308958e-08, 3.22792352847e-08, 3.04209413216e-09, 1.91775506586e-09, 1.07333664179e-09, 1.01381281148e-09, 1.17092047169e-09, 1.39989797532e-09, 1.97761784726e-09, 1.60675672767e-09, 3.82143178213e-10, 3.923187053e-10, 2.28385962919e-10, 2.10700928926e-10, 1.72036801471e-10, 9.01048471946e-11, 7.60398549682e-11, 1.66487643116e-10, 3.13887332792e-10, 1.90265872502e-10, 1.42909059586e-10, 5.29446174402e-11, 7.78780026578e-11, 1.06203101868e-10, 7.63218307998e-11, 8.02210936568e-11, 5.84940290649e-11, 3.49698846269e-11, 3.45622662434e-11, 2.00689777297e-11, 1.76493073628e-11, 1.98650471073e-11, 2.35970566004e-11, 2.22005434869e-11, 1.83106065033e-11, 2.02812367595e-11],
        "var": [1.97772137209e-13, 8.29706164884e-11, 3.51857147507e-06, 2.22764720093e-05, 2.25837311518e-07, 1.28198962557e-07, 1.04296766779e-08, 1.14003199769e-07, 3.66266874607e-08, 2.15942339565e-08, 2.88188264363e-08, 4.79587436431e-09, 5.85309933854e-09, 5.85055781599e-10, 8.61516913364e-10, 2.4201867177e-09, 7.61877050337e-09, 4.58495047484e-10, 3.53269108411e-10, 4.0875511309e-10, 2.52658144406e-10, 1.95927288282e-10, 1.37812899981e-10, 1.95913799073e-10, 2.29682523001e-10, 1.78817335938e-10, 6.20166279441e-11, 1.16674878092e-10, 2.92321652995e-11, 9.33311414264e-12, 6.82280924466e-12, 2.86713469806e-12, 1.11979718033e-12, 4.70166332082e-13, 6.62468994592e-13, 8.50760596954e-13, 8.37780311704e-13, 1.01676100265e-12, 1.06048297314e-12, 7.59641861133e-13]
    },
    "mfcc": {
        "mean": [-865.557495117, 127.816574097, -17.5747184753, -3.59057593346, -14.9612970352, -21.0403900146, -13.2172908783, -17.174911499, -15.4703006744, -11.6167907715, -13.4429626465, -12.9755964279, -14.919670105],
        "cov": [[17404.1542969, 129.328140259, -2751.07470703, 50.9804573059, -703.191650391, -755.396240234, -388.364593506, -634.91204834, -490.059295654, -296.793579102, -388.614379883, -322.393005371, -532.993286133], [129.328140259, 2089.68603516, 217.887969971, -119.819244385, -51.2962303162, -156.368286133, -155.681243896, -92.0811080933, -21.7565593719, -144.768112183, -215.599899292, -259.047027588, -286.416168213], [-2751.07470703, 217.887969971, 1084.80322266, -50.6076698303, 106.193809509, 102.167312622, 6.88659238815, 107.154502869, 114.410766602, -12.4095621109, -11.9436531067, -22.9936122894, 22.3357048035], [50.9804573059, -119.819244385, -50.6076698303, 169.713912964, 60.1625900269, 45.55027771, 38.9111557007, 6.08534145355, -19.1905193329, 3.96129846573, 13.9297227859, 27.6063766479, 32.5536766052], [-703.191650391, -51.2962303162, 106.193809509, 60.1625900269, 130.14201355, 75.0350036621, 35.3651237488, 32.6393699646, 4.23742580414, 18.0021648407, 20.4828891754, 9.0223274231, 24.3347110748], [-755.396240234, -156.368286133, 102.167312622, 45.55027771, 75.0350036621, 128.539428711, 67.5169906616, 57.8489189148, 26.3469028473, 15.4938907623, 28.2975177765, 25.2840232849, 23.4636535645], [-388.364593506, -155.681243896, 6.88659238815, 38.9111557007, 35.3651237488, 67.5169906616, 83.8440475464, 49.540687561, 24.0437831879, 21.0127925873, 25.8563690186, 29.4290847778, 25.6320171356], [-634.91204834, -92.0811080933, 107.154502869, 6.08534145355, 32.6393699646, 57.8489189148, 49.540687561, 73.904800415, 50.6618385315, 26.9920520782, 19.1042423248, 12.1724748611, 16.294254303], [-490.059295654, -21.7565593719, 114.410766602, -19.1905193329, 4.23742580414, 26.3469028473, 24.0437831879, 50.6618385315, 77.8578872681, 30.9349594116, 6.86690950394, 5.83122634888, 1.50708675385], [-296.793579102, -144.768112183, -12.4095621109, 3.96129846573, 18.0021648407, 15.4938907623, 21.0127925873, 26.9920520782, 30.9349594116, 69.6254653931, 49.3639068604, 29.0264415741, 31.268743515], [-388.614379883, -215.599899292, -11.9436531067, 13.9297227859, 20.4828891754, 28.2975177765, 25.8563690186, 19.1042423248, 6.86690950394, 49.3639068604, 76.0508651733, 60.7211151123, 57.8009376526], [-322.393005371, -259.047027588, -22.9936122894, 27.6063766479, 9.0223274231, 25.2840232849, 29.4290847778, 12.1724748611, 5.83122634888, 29.0264415741, 60.7211151123, 88.9209671021, 79.6786346436], [-532.993286133, -286.416168213, 22.3357048035, 32.5536766052, 24.3347110748, 23.4636535645, 25.6320171356, 16.294254303, 1.50708675385, 31.268743515, 57.8009376526, 79.6786346436, 114.678726196]],
