{
"lowlevel": {
    "average_loudness": 0.976063847542,
    "barkbands_crest": {
        "dmean": 0.752565026283,
        "dmean2": 0.946469724178,
        "dvar": 1.2421694994,
        "dvar2": 1.90947282314,
        "max": 24.8198871613,
        "mean": 22.0503368378,
        "median": 22.892583847,
        "min": 10.7494115829,
        "var": 7.78020858765
    },
    "barkbands_flatness_db": {
        "dmean": 0.0264730844647,
        "dmean2": 0.0416383631527,
        "dvar": 0.00078030268196,
        "dvar2": 0.00140145770274,
        "max": 0.558318674564,
        "mean": 0.475500196218,
        "median": 0.486723214388,
        "min": 0.156492739916,
        "var": 0.0034777703695
    },
    "barkbands_kurtosis": {
        "dmean": 21.9347190857,
        "dmean2": 34.5431175232,
        "dvar": 1375.47692871,
        "dvar2": 3313.61791992,
        "max": 420.516937256,
        "mean": 60.1639022827,
        "median": 11.9372768402,
        "min": -1.16474044323,
        "var": 9061.03710938
    },
    "barkbands_skewness": {
        "dmean": 1.6631346941,
        "dmean2": 2.61304545403,
        "dvar": 6.58684587479,
        "dvar2": 15.026061058,
        "max": 11.2535486221,
        "mean": 2.50420331955,
        "median": 2.80481767654,
        "min": -7.4592499733,
        "var": 9.49619007111
    },
    "barkbands_spread": {
        "dmean": 0.524608790874,
        "dmean2": 0.594375729561,
        "dvar": 0.335767000914,
        "dvar2": 0.515567779541,
        "max": 10.2039031982,
        "mean": 2.41863274574,
        "median": 1.99737000465,
        "min": 0.153395101428,
        "var": 4.40026903152
    },
    "dissonance": {
        "dmean": 0.087383531034,
        "dmean2": 0.153796553612,
        "dvar": 0.00525520555675,
        "dvar2": 0.0154018895701,
        "max": 0.490599095821,
        "mean": 0.267331600189,
        "median": 0.264473825693,
        "min": 0.0725777745247,
        "var": 0.0098128542304
    },
    "dynamic_complexity": 4.47163677216,
    "erbbands_crest": {
        "dmean": 1.13255286217,
        "dmean2": 1.28458952904,
        "dvar": 2.53042006493,
        "dvar2": 3.9617767334,
        "max": 34.9057540894,
        "mean": 30.651102066,
        "median": 31.532453537,
        "min": 14.3990182877,
        "var": 20.4282608032
    },
    "erbbands_flatness_db": {
        "dmean": 0.012538144365,
        "dmean2": 0.0164710711688,
        "dvar": 0.000270101241767,
        "dvar2": 0.000286294700345,
        "max": 0.593614816666,
        "mean": 0.50235670805,
        "median": 0.50081807375,
        "min": 0.266970217228,
        "var": 0.00250214291736
    },
    "erbbands_kurtosis": {
        "dmean": 12.345451355,
        "dmean2": 17.905046463,
        "dvar": 360.706085205,
        "dvar2": 821.836853027,
        "max": 185.943511963,
        "mean": 37.7641563416,
        "median": 10.5525455475,
        "min": -0.738929510117,
        "var": 2611.05810547
    },
    "erbbands_skewness": {
        "dmean": 0.746227025986,
        "dmean2": 1.01844978333,
        "dvar": 0.66701310873,
        "dvar2": 1.58736503124,
        "max": 9.615026474,
        "mean": 3.72843933105,
        "median": 2.98317885399,
        "min": 0.375910311937,
        "var": 4.8119354248
    },
    "erbbands_spread": {
        "dmean": 0.633342504501,
        "dmean2": 0.673628866673,
        "dvar": 0.505421578884,
        "dvar2": 0.739546835423,
        "max": 13.1684350967,
        "mean": 3.28561711311,
        "median": 2.89946818352,
        "min": 0.158188745379,
        "var": 7.68960094452
    },
    "hfc": {
        "dmean": 2.81683158875,
        "dmean2": 2.94457650185,
        "dvar": 29.3230171204,
        "dvar2": 45.4554367065,
        "max": 95.0326766968,
        "mean": 20.2975578308,
        "median": 13.0947933197,
        "min": 1.27246403694,
        "var": 436.466125488
    },
    "melbands_crest": {
        "dmean": 0.784907460213,
        "dmean2": 0.880650877953,
        "dvar": 2.09734535217,
        "dvar2": 2.84380149841,
        "max": 35.632938385,
        "mean": 33.1465644836,
        "median": 33.9133491516,
        "min": 16.3813037872,
        "var": 9.98290252686
    },
    "melbands_flatness_db": {
        "dmean": 0.0247244685888,
        "dmean2": 0.037765327841,
        "dvar": 0.000717131886631,
        "dvar2": 0.00133400980849,
        "max": 0.63618093729,
        "mean": 0.520469725132,
        "median": 0.529935956001,
        "min": 0.201514974236,
        "var": 0.00497698970139
    },
    "melbands_kurtosis": {
        "dmean": 19.9309368134,
        "dmean2": 28.8821697235,
        "dvar": 887.649169922,
        "dvar2": 2046.57592773,
        "max": 294.983795166,
        "mean": 69.4556503296,
        "median": 22.2864189148,
        "min": -0.227083444595,
        "var": 7510.99755859
    },
    "melbands_skewness": {
        "dmean": 1.59008264542,
        "dmean2": 2.41250038147,
        "dvar": 4.64902257919,
        "dvar2": 10.4868793488,
        "max": 10.5070047379,
        "mean": 3.09945464134,
        "median": 3.58017444611,
        "min": -9.05434322357,
        "var": 10.2199077606
    },
    "melbands_spread": {
        "dmean": 0.72004199028,
        "dmean2": 0.783082067966,
        "dvar": 0.944489657879,
        "dvar2": 1.32771897316,
        "max": 15.4219121933,
        "mean": 2.97482943535,
        "median": 2.3205435276,
        "min": 0.152545303106,
        "var": 9.40228271484
    },
    "pitch_salience": {
        "dmean": 0.0409244932234,
        "dmean2": 0.0516863018274,
        "dvar": 0.00225215451792,
        "dvar2": 0.00357843725942,
        "max": 0.828926980495,
        "mean": 0.266417205334,
        "median": 0.272324591875,
        "min": 0.0276575535536,
        "var": 0.0239116251469
    },
    "silence_rate_20dB": {
        "dmean": 0,
        "dmean2": 0,
        "dvar": 0,
        "dvar2": 0,
        "max": 1,
        "mean": 1,
        "median": 1,
        "min": 1,
        "var": 0
    },
    "silence_rate_30dB": {
        "dmean": 0,
        "dmean2": 0,
        "dvar": 0,
        "dvar2": 0,
        "max": 1,
        "mean": 1,
        "median": 1,
        "min": 1,
        "var": 0
    },
    "silence_rate_60dB": {
        "dmean": 0.019999999553,
        "dmean2": 0.0335570462048,
        "dvar": 0.0196000412107,
        "dvar2": 0.0324311219156,
        "max": 1,
        "mean": 0.172185435891,
        "median": 0,
        "min": 0,
        "var": 0.142537608743
    },
    "spectral_centroid": {
        "dmean": 38.1993522644,
        "dmean2": 40.9712219238,
        "dvar": 2575.61474609,
        "dvar2": 3029.80126953,
        "max": 1883.54333496,
        "mean": 1059.4486084,
        "median": 1013.18304443,
        "min": 900.19317627,
        "var": 32461.3144531
    },
    "spectral_complexity": {
        "dmean": 0.360000014305,
        "dmean2": 0.610738277435,
        "dvar": 0.550399959087,
        "dvar2": 1.17733442783,
        "max": 8,
        "mean": 2.43046355247,
        "median": 2,
        "min": 1,
        "var": 1.47695291042
    },
    "spectral_decrease": {
        "dmean": 4.54893400725e-10,
        "dmean2": 4.54176335429e-10,
        "dvar": 7.66780814803e-19,
        "dvar2": 1.11834053675e-18,
        "max": -2.62152244357e-10,
        "mean": -4.59019666721e-09,
        "median": -3.15754689062e-09,
        "min": -1.47509524595e-08,
        "var": 1.79641559868e-17
    },
    "spectral_energy": {
        "dmean": 0.00196788180619,
        "dmean2": 0.0019768923521,
        "dvar": 1.41501950566e-05,
        "dvar2": 2.08987912629e-05,
        "max": 0.0620836317539,
        "mean": 0.0191654283553,
        "median": 0.0130572840571,
        "min": 0.00110483856406,
        "var": 0.000318310805596
    },
    "spectral_energyband_high": {
        "dmean": 2.05817595997e-05,
        "dmean2": 2.84222187474e-05,
        "dvar": 3.04119107675e-09,
        "dvar2": 5.22571852457e-09,
        "max": 0.00084237678675,
        "mean": 4.21967379225e-05,
        "median": 5.68162477066e-06,
        "min": 2.24122146619e-07,
        "var": 1.27865060762e-08
    },
    "spectral_energyband_low": {
        "dmean": 1.62233766332e-06,
        "dmean2": 2.65798325927e-06,
        "dvar": 3.88682879285e-12,
        "dvar2": 8.69754008398e-12,
        "max": 1.3272158867e-05,
        "mean": 2.27876444114e-06,
        "median": 1.1983299828e-06,
        "min": 1.21842973044e-07,
        "var": 6.97236149025e-12
    },
    "spectral_energyband_middle_high": {
        "dmean": 0.00195212999824,
        "dmean2": 0.001960511785,
        "dvar": 1.39710227813e-05,
        "dvar2": 2.05483847822e-05,
        "max": 0.0619268678129,
        "mean": 0.0191132072359,
        "median": 0.013042232953,
        "min": 0.000984438695014,
        "var": 0.000315993995173
    },
    "spectral_energyband_middle_low": {
        "dmean": 2.76678133559e-06,
        "dmean2": 4.71797966384e-06,
        "dvar": 1.62366953216e-10,
        "dvar2": 2.76480144334e-10,
        "max": 0.000130874672323,
        "mean": 3.69743861484e-06,
        "median": 5.63432308809e-07,
        "min": 1.56881625912e-07,
        "var": 2.75034189867e-10
    },
    "spectral_entropy": {
        "dmean": 0.289324760437,
        "dmean2": 0.461035311222,
        "dvar": 0.0918258950114,
        "dvar2": 0.19183626771,
        "max": 7.47003793716,
        "mean": 4.17390441895,
        "median": 4.06374502182,
        "min": 3.05461716652,
        "var": 0.504363656044
    },
    "spectral_flux": {
        "dmean": 0.00533589860424,
        "dmean2": 0.00789610203356,
        "dvar": 0.000161230302183,
        "dvar2": 0.000224029601668,
        "max": 0.170048668981,
        "mean": 0.014240110293,
        "median": 0.00767501490191,
        "min": 0.00111562630627,
        "var": 0.000336717086611
    },
    "spectral_kurtosis": {
        "dmean": 7.69681406021,
        "dmean2": 12.0229797363,
        "dvar": 38.0946998596,
        "dvar2": 80.1714248657,
        "max": 92.0210876465,
        "mean": 36.7394523621,
        "median": 31.703125,
        "min": 8.01059341431,
        "var": 399.788299561
    },
    "spectral_rms": {
        "dmean": 0.000194433843717,
        "dmean2": 0.00018262444064,
        "dvar": 1.89999852296e-07,
        "dvar2": 2.27453639923e-07,
        "max": 0.00778263434768,
        "mean": 0.00381994363852,
        "median": 0.00356914754957,
        "min": 0.00103821547236,
        "var": 4.10600478062e-06
    },
    "spectral_rolloff": {
        "dmean": 95.1767578125,
        "dmean2": 189.318771362,
        "dvar": 69683.34375,
        "dvar2": 170299.484375,
        "max": 2648.58398438,
        "mean": 1099.19042969,
        "median": 925.927734375,
        "min": 904.39453125,
        "var": 139253.125
    },
    "spectral_skewness": {
        "dmean": 0.585674107075,
        "dmean2": 0.904533863068,
        "dvar": 0.210202351213,
        "dvar2": 0.474455296993,
        "max": 8.02235031128,
        "mean": 4.57882452011,
        "median": 4.3516535759,
        "min": 2.09010314941,
        "var": 2.19517111778
    },
    "spectral_spread": {
        "dmean": 319285.75,
        "dmean2": 504610.9375,
        "dvar": 58156797952,
        "dvar2": 124094521344,
        "max": 3916630.5,
        "mean": 2194249,
        "median": 2113640.5,
        "min": 1125549.25,
        "var": 238771388416
    },
    "spectral_strongpeak": {
        "dmean": 0.266510367393,
        "dmean2": 0.32451403141,
        "dvar": 0.624210178852,
        "dvar2": 1.5341463089,
        "max": 11.6154727936,
        "mean": 4.14675855637,
        "median": 3.98321580887,
        "min": 0.128779292107,
        "var": 4.46533155441
    },
    "zerocrossingrate": {
        "dmean": 0.00114908849355,
        "dmean2": 0.00130099093076,
        "dvar": 1.52178990902e-05,
        "dvar2": 1.2092513316e-05,
        "max": 0.08154296875,
        "mean": 0.0423608236015,
        "median": 0.041015625,
        "min": 0.01025390625,
        "var": 7.79928595875e-05
    },
    "barkbands": {
        "dmean": [6.0301049416e-06, 1.54788125428e-07, 8.25775074986e-08, 8.85533566475e-08, 1.37862713245e-07, 2.59304414385e-07, 2.57707682749e-07, 3.32381631551e-07, 1.04105197352e-06, 0.00123217655346, 0.000206699798582, 6.50212712117e-07, 3.1496543329e-07, 1.76075536729e-06, 0.00104438210838, 5.58058957267e-07, 3.35059012286e-05, 0.000108777916466, 2.56114035437e-05, 4.92506160299e-07, 1.26038521557e-05, 9.84458256426e-06, 1.62695403105e-06, 1.36701237352e-06, 1.29033617213e-06, 2.78535395637e-07, 5.34446122913e-08],
        "dmean2": [1.00353181551e-05, 2.52653620691e-07, 1.411975461e-07, 1.4268378834e-07, 2.23412229161e-07, 4.12310356523e-07, 4.05644414059e-07, 5.38067297384e-07, 1.73469811671e-06, 0.000935858406592, 0.000316131132422, 1.1775296116e-06, 5.30155887191e-07, 2.88891351374e-06, 0.00125294842292, 8.47506498758e-07, 4.39638060925e-05, 0.000150095889694, 4.05906430387e-05, 8.01179567134e-07, 2.04955540539e-05, 1.19567903312e-05, 2.60113711192e-06, 1.95028019334e-06, 1.49455274823e-06, 3.58432259873e-07, 6.95596327205e-08],
        "dvar": [6.02574379283e-11, 6.38734806149e-14, 7.34263385228e-14, 5.34069621481e-14, 4.04007285525e-13, 1.03396425536e-12, 1.40156614613e-12, 1.9986093943e-12, 2.01264022809e-11, 5.51239736524e-06, 1.07918310732e-07, 3.37583845426e-12, 1.25835951902e-12, 4.11336971429e-11, 4.52689755548e-06, 2.89142082673e-12, 1.65817670705e-08, 1.83882690408e-07, 5.82304338081e-09, 3.12105202793e-12, 9.64424540228e-10, 1.89194304667e-09, 2.29058941953e-11, 1.16076115733e-11, 1.21501272585e-11, 1.27800211819e-12, 1.26448906955e-14],
        "dvar2": [1.31022595551e-10, 1.16636030261e-13, 1.7004732583e-13, 8.13974267763e-14, 5.96892977753e-13, 2.17640380544e-12, 2.69098914159e-12, 3.34067365784e-12, 3.05261024791e-11, 6.11741506873e-06, 2.64748877044e-07, 6.44880633269e-12, 3.10498545278e-12, 9.89646004035e-11, 8.59773717821e-06, 5.51126115231e-12, 2.34524311082e-08, 2.98692356182e-07, 1.41808547127e-08, 6.16832843484e-12, 2.51774845417e-09, 2.44047670961e-09, 6.86424667107e-11, 2.54715953191e-11, 1.15606196491e-11, 2.59910148959e-12, 1.039237852e-14],
        "max": [4.9787639e-05, 3.30530224346e-06, 3.0251037515e-06, 2.38407210418e-06, 5.90308991377e-06, 1.20240547403e-05, 1.25785300042e-05, 1.59992705449e-05, 4.69197402708e-05, 0.0449836626649, 0.00350975431502, 2.52612280747e-05, 1.58449074661e-05, 7.00958335074e-05, 0.0266127381474, 1.84022701433e-05, 0.00167040305678, 0.0056985639967, 0.00102314143442, 1.95155735128e-05, 0.000284931767965, 0.000590139708947, 4.86479439132e-05, 3.60269223165e-05, 5.21457477589e-05, 1.56769820023e-05, 1.93447181118e-06],
        "mean": [6.51376012684e-06, 2.01144388257e-07, 1.06609043371e-07, 1.21294362998e-07, 2.23392405019e-07, 3.69875380102e-07, 3.48757225765e-07, 4.20544125745e-07, 1.19708454349e-06, 0.0149692967534, 0.00127235951368, 8.82909603206e-07, 3.89685169466e-07, 2.02978594643e-06, 0.00257230107673, 7.03142347902e-07, 5.66168273508e-05, 0.000193077910808, 4.5454071369e-05, 9.01634621187e-07, 1.63390868693e-05, 1.77592937689e-05, 1.88695980796e-06, 2.35046991293e-06, 2.82730047729e-06, 4.01302685304e-07, 2.97676734817e-07],
        "median": [2.43528666033e-06, 1.06524325361e-07, 3.68497516945e-08, 4.50995685242e-08, 9.32590396019e-08, 1.07163792507e-07, 5.31012886995e-08, 4.91993468188e-08, 8.00993973371e-08, 0.0111761130393, 0.00100605550688, 5.24915613198e-08, 3.73308353119e-08, 5.10178601587e-08, 0.000797265849542, 2.53013059393e-08, 1.69053009813e-06, 1.80912484211e-05, 9.67039613897e-06, 2.95301916253e-08, 1.50505093188e-06, 1.57247689003e-06, 1.36797225991e-07, 3.88396045992e-07, 3.38972967029e-07, 5.27968033737e-08, 2.49734853242e-07],
        "min": [5.58589130506e-09, 1.17551568479e-08, 1.37173861159e-09, 2.06589878537e-09, 7.57203366675e-09, 9.94171500679e-09, 5.45328315837e-09, 6.94933666168e-09, 7.18810788669e-09, 0.000439861789346, 0.000188035424799, 3.40355477135e-09, 2.67488498018e-09, 2.57513788071e-09, 1.53778032086e-07, 1.4704006901e-09, 1.15776890297e-08, 1.08227624196e-07, 3.88216427893e-08, 1.66617708519e-09, 4.20038137605e-09, 4.73615369145e-09, 3.10755376987e-09, 4.71917793732e-09, 6.41761088715e-09, 1.35428450676e-08, 2.31033041587e-08],
        "var": [8.37577160406e-11, 1.37190131759e-13, 1.03763575694e-13, 1.03136202107e-13, 6.30956495818e-13, 1.72653558117e-12, 2.37116034273e-12, 3.71584187031e-12, 3.43959929983e-11, 0.000179525581188, 9.67076971392e-07, 1.00043428403e-11, 2.63237955739e-12, 5.39617794892e-11, 2.18525765376e-05, 6.05544043727e-12, 5.11984801221e-08, 5.21299739376e-07, 1.56953738895e-08, 1.00762237096e-11, 1.386366133e-09, 5.67109736949e-09, 2.92689657233e-11, 2.53543817885e-11, 7.34300259486e-11, 2.32575850939e-12, 5.35875563487e-14]
    },
    "erbbands": {
        "dmean": [1.97420522454e-05, 1.66811878444e-05, 6.97014329489e-05, 0.000232481615967, 0.000299256760627, 0.000538547290489, 0.00136966246646, 0.00222044042312, 0.00296108564362, 0.00504769710824, 0.0106322942302, 0.0891680493951, 4.43562316895, 56.6343612671, 4.01328134537, 0.143839612603, 0.0437825992703, 1.28385913372, 52.1182861328, 12.8121480942, 0.37942224741, 3.11083769798, 5.20205020905, 0.207479268312, 1.84623658657, 0.153772428632, 0.836859285831, 0.223778247833, 0.196285873652, 0.158389315009, 0.0772190764546, 0.044728949666, 0.0200832653791, 0.015150132589, 0.00866302009672, 0.00259474874474, 0.000343991763657, 6.23220257694e-05, 1.03835118352e-05, 2.90178422802e-06],
        "dmean2": [3.35038821504e-05, 2.31173671636e-05, 0.000118583564472, 0.000370619614841, 0.00048185014748, 0.000863963039592, 0.00207482976839, 0.0034754795488, 0.00474646827206, 0.00820415373892, 0.0163472853601, 0.0817406922579, 3.68974304199, 45.632686615, 3.96455001831, 0.145716935396, 0.0585231892765, 1.48884010315, 61.4542922974, 15.773683548, 0.447588980198, 3.5653591156, 6.66578865051, 0.226175904274, 2.93658351898, 0.233207881451, 1.35960972309, 0.292819291353, 0.256460905075, 0.184986963868, 0.123333133757, 0.0738428458571, 0.0245488993824, 0.0215838588774, 0.00943798292428, 0.00277724233456, 0.000405434926506, 6.67821441311e-05, 1.305364367e-05, 3.19892501466e-06],
        "dvar": [5.1165022219e-10, 2.37037967032e-09, 6.9606628017e-08, 2.84767338599e-07, 1.50248558839e-06, 6.49413414067e-06, 2.04617390409e-05, 0.000107545107312, 0.000183178170118, 0.000619817932602, 0.00168088194914, 0.0308379549533, 74.7120742798, 11459.5664062, 56.2652816772, 0.0715821236372, 0.00868262257427, 6.75279903412, 11161.1875, 690.22442627, 0.634874105453, 135.553939819, 391.733001709, 0.421651870012, 30.8686790466, 0.173253536224, 4.31976032257, 0.794588267803, 0.733105003834, 0.319049119949, 0.0531054586172, 0.0150738665834, 0.00223992974497, 0.001323014847, 0.000645633437671, 6.73272734275e-05, 1.88055525996e-06, 3.78068918394e-08, 5.84683801375e-10, 2.60571945965e-11],
        "dvar2": [1.2940495342e-09, 2.1431842967e-09, 1.52671958631e-07, 4.40012058789e-07, 2.21205527851e-06, 1.16219634947e-05, 4.10259599448e-05, 0.000236209933064, 0.00032728741644, 0.00128279079217, 0.0032461269293, 0.0605785399675, 95.8607254028, 13810.2929688, 80.0776596069, 0.116296201944, 0.0207516402006, 12.1623935699, 20578.0410156, 1398.24353027, 1.15085554123, 177.473693848, 576.113525391, 0.363297313452, 75.265586853, 0.428996443748, 11.2707538605, 1.16843903065, 1.00507521629, 0.351933896542, 0.151376366615, 0.040162589401, 0.00333901587874, 0.00209347973578, 0.000759090413339, 6.5040156187e-05, 3.65323580809e-06, 3.04889447023e-08, 4.62554883285e-10, 3.52177523255e-11],
        "max": [0.000132522895001, 0.000680915371049, 0.00294817076065, 0.00571219949052, 0.0120789492503, 0.0253690164536, 0.0364821590483, 0.121713154018, 0.143685624003, 0.278186798096, 0.476325750351, 2.90545868874, 160.63848877, 2014.48779297, 134.257354736, 4.73344182968, 1.22311270237, 33.3594055176, 1341.08703613, 317.359191895, 10.8522024155, 166.026687622, 274.06930542, 10.5662231445, 74.2772216797, 6.15599632263, 19.2554779053, 11.9887838364, 11.3878059387, 8.39908218384, 2.56746506691, 1.1882225275, 0.576602756977, 0.484083771706, 0.405266910791, 0.135853275657, 0.0199471227825, 0.00327527639456, 0.000419050193159, 9.3902417575e-05],
        "mean": [2.75480997516e-05, 2.37254425883e-05, 9.64827049756e-05, 0.000320957944496, 0.000469428603537, 0.000805464282166, 0.00188007124234, 0.00329496245831, 0.00479052774608, 0.00990974064916, 0.0503324866295, 0.924237668514, 51.1645317078, 679.399719238, 46.2940101624, 1.63095283508, 0.23115478456, 3.24671268463, 129.017196655, 31.0263576508, 0.980190753937, 5.66354417801, 9.34759616852, 0.459210127592, 3.27284240723, 0.339239448309, 1.09867298603, 0.39639762044, 0.347798794508, 0.268762737513, 0.0982645153999, 0.0636275187135, 0.0368225574493, 0.0291838012636, 0.0176861155778, 0.00468190712854, 0.000541553366929, 0.000156572539709, 4.91301216243e-05, 2.81142238236e-05],
        "median": [1.56232654263e-05, 1.18277457659e-05, 3.54457224603e-05, 0.000123253819766, 0.000193494939595, 0.00028316071257, 0.000643824168947, 0.000994864152744, 0.00119120895397, 0.00353955826722, 0.0314653888345, 0.702917039394, 37.5035552979, 508.550384521, 34.6877441406, 1.1995061636, 0.141627281904, 0.914640843868, 37.2034645081, 10.2197408676, 0.30755135417, 0.457210689783, 0.798854410648, 0.0938702598214, 0.689325690269, 0.0741668045521, 0.102360978723, 0.0399124287069, 0.0319790020585, 0.0235651116818, 0.00852857530117, 0.00934417173266, 0.00592949427664, 0.0032186047174, 0.00156793405768, 0.00046055635903, 8.67429989739e-05, 5.57224739168e-05, 3.42652128893e-05, 2.04497446248e-05],
        "min": [1.44209150221e-06, 1.43170757383e-06, 2.37669405578e-06, 2.08758992812e-05, 1.97779463633e-05, 2.55485010712e-05, 3.85321436625e-05, 0.000122257930343, 0.000231686775805, 0.00063805381069, 0.00524732051417, 0.114629589021, 5.69797134399, 19.5462379456, 5.0781750679, 0.224142566323, 0.0212456863374, 0.00444400776178, 0.00878327060491, 0.00270876171999, 0.000464673328679, 0.00318804825656, 0.00548577029258, 0.000530804973096, 0.00269539421424, 0.000340623955708, 0.000209315388929, 0.000144682344398, 0.000153697503265, 9.47465450736e-05, 0.000114616348583, 0.000104858409031, 9.00350423763e-05, 6.28900379525e-05, 4.78295878565e-05, 2.83075969492e-05, 2.59001280938e-05, 2.59520838881e-05, 4.24961990575e-06, 1.66651136624e-06],
        "var": [9.75330038955e-10, 4.98846031149e-09, 1.02635631549e-07, 5.67760366721e-07, 2.52972381531e-06, 9.49568402575e-06, 2.99740841001e-05, 0.000159039263963, 0.000330983137246, 0.00101781915873, 0.00411311769858, 0.683699429035, 2179.74438477, 356959.625, 1563.65722656, 1.93511116505, 0.062791660428, 35.2470626831, 55686.25, 3107.15649414, 3.39392852783, 455.103118896, 1216.43554688, 2.05723571777, 82.3551483154, 0.620044052601, 6.27071714401, 2.35714292526, 2.12300276756, 1.15516996384, 0.0802275165915, 0.0228346977383, 0.0068282308057, 0.00574666447937, 0.00344021944329, 0.000290070543997, 3.94690141547e-06, 1.763963553e-07, 2.86958012907e-09, 5.06949482393e-10]
    },
    "gfcc": {
        "mean": [-237.671432495, 11.9534273148, -212.347198486, -56.3643875122, -37.5349121094, 35.2601890564, 18.1965274811, 19.7701835632, -20.8034534454, -31.158323288, -29.2982387543, -0.496655583382, 31.3822975159],
        "cov": [[6514.42822266, -2449.89916992, -2263.34277344, 1163.74462891, -477.095153809, 596.812194824, -1071.30236816, 253.811065674, 388.444763184, 368.991271973, -394.768432617, -301.029968262, 141.239608765], [-2449.89916992, 1237.80102539, 1005.19781494, -456.266571045, 172.467269897, -261.051239014, 354.439941406, -133.689971924, -142.809432983, -121.395172119, 185.895736694, 97.5757751465, -53.1564826965], [-2263.34277344, 1005.19781494, 1073.67504883, -435.562591553, 92.5572967529, -177.426391602, 340.430847168, -109.213264465, -173.550918579, -120.15196991, 153.553070068, 124.438346863, -81.9866027832], [1163.74462891, -456.266571045, -435.562591553, 391.058349609, -30.6863441467, 72.9211730957, -204.62902832, 40.2965621948, 99.4183044434, 79.4546966553, -65.1888961792, -43.0523681641, 7.75711917877], [-477.095153809, 172.467269897, 92.5572967529, -30.6863441467, 141.213485718, -59.0334968567, 55.1860160828, -0.126560866833, -5.5068025589, -40.8339385986, 17.8251285553, 13.2173233032, -20.9907226562], [596.812194824, -261.051239014, -177.426391602, 72.9211730957, -59.0334968567, 152.152328491, -99.8330307007, 19.7358112335, 58.6959762573, 30.2784347534, -46.5850715637, -46.9196434021, 30.2651634216], [-1071.30236816, 354.439941406, 340.430847168, -204.62902832, 55.1860160828, -99.8330307007, 270.744018555, -23.8419628143, -76.6746368408, -47.9711761475, 65.3957977295, 54.4848518372, -11.8334913254], [253.811065674, -133.689971924, -109.213264465, 40.2965621948, -0.126560866833, 19.7358112335, -23.8419628143, 68.097869873, 2.3037045002, -5.51908302307, 3.00209522247, -3.40308189392, -7.80479431152], [388.444763184, -142.809432983, -173.550918579, 99.4183044434, -5.5068025589, 58.6959762573, -76.6746368408, 2.3037045002, 79.4417419434, 35.6720733643, -18.9222927094, -14.6548938751, 21.964881897], [368.991271973, -121.395172119, -120.15196991, 79.4546966553, -40.8339385986, 30.2784347534, -47.9711761475, -5.51908302307, 35.6720733643, 85.1672286987, -10.8512125015, -21.8754806519, 35.3774909973], [-394.768432617, 185.895736694, 153.553070068, -65.1888961792, 17.8251285553, -46.5850715637, 65.3957977295, 3.00209522247, -18.9222927094, -10.8512125015, 73.8920059204, 20.9659481049, 4.18764209747], [-301.029968262, 97.5757751465, 124.438346863, -43.0523681641, 13.2173233032, -46.9196434021, 54.4848518372, -3.40308189392, -14.6548938751, -21.8754806519, 20.9659481049, 66.777633667, -17.7699928284], [141.239608765, -53.1564826965, -81.9866027832, 7.75711917877, -20.9907226562, 30.2651634216, -11.8334913254, -7.80479431152, 21.964881897, 35.3774909973, 4.18764209747, -17.7699928284, 57.0774040222]],
        "icov": [[0.00373145285994, -0.00195424980484, 0.00484288437292, -0.00284377997741, 0.00589874060825, -0.00461480906233, 0.00538203818724, -0.00562352081761, 0.00377166294493, -0.00458476180211, 0.00410000467673, -0.00175260042306, 0.0017962633865], [-0.00195424980484, 0.0148677425459, -0.0177801847458, 0.00493752490729, -0.00291101587936, 0.0249632727355, -0.00193036219571, -0.00179280352313, -0.0261771585792, 0.00983826443553, 0.00178056035656, 0.0189077313989, -0.01274938602], [0.00484288437292, -0.0177801847458, 0.0339616797864, -0.00510115316138, 0.000661376398057, -0.0455458909273, 0.00497535942122, 0.0190075673163, 0.0516133233905, -0.0193500164896, -0.0202710516751, -0.0341321974993, 0.0319501198828], [-0.00284377997741, 0.00493752490729, -0.00510115316138, 0.0100776217878, -0.00573115842417, 0.00873644277453, -0.00166516343597, 0.00399523694068, -0.0103510338813, 0.000476115848869, -0.00383445154876, 0.00435057934374, 0.00172336364631], [0.00589874060825, -0.00291101587936, 0.000661376398057, -0.00573115842417, 0.0255428832024, 0.00914022698998, 0.00673650484532, -0.0240321867168, -0.0156051572412, 0.00235646427609, 0.02109310776, 0.00942762196064, -0.00698897708207], [-0.00461480906233, 0.0249632727355, -0.0455458909273, 0.00873644277453, 0.00914022698998, 0.0818095505238, -0.00359827955253, -0.0360989496112, -0.085620649159, 0.0292090717703, 0.0381298027933, 0.0559846684337, -0.0481650568545], [0.00538203818724, -0.00193036219571, 0.00497535942122, -0.00166516343597, 0.00673650484532, -0.00359827955253, 0.0164979733527, -0.00938865914941, 0.00645662052557, -0.00686590233818, 0.00550330989063, -0.00390833476558, -0.00107042957097], [-0.00562352081761, -0.00179280352313, 0.0190075673163, 0.00399523694068, -0.0240321867168, -0.0360989496112, -0.00938865914941, 0.0705538988113, 0.0480852648616, -0.00407554814592, -0.0551965348423, -0.0287659130991, 0.0361255668104], [0.00377166294493, -0.0261771585792, 0.0516133233905, -0.0103510338813, -0.0156051572412, -0.085620649159, 0.00645662052557, 0.0480852648616, 0.118477016687, -0.0337030626833, -0.0471581295133, -0.0649660602212, 0.0479382649064], [-0.00458476180211, 0.00983826443553, -0.0193500164896, 0.000476115848869, 0.00235646427609, 0.0292090717703, -0.00686590233818, -0.00407554814592, -0.0337030626833, 0.0365556851029, 0.00762528227642, 0.0216495990753, -0.0274611487985], [0.00410000467673, 0.00178056035656, -0.0202710516751, -0.00383445154876, 0.02109310776, 0.0381298027933, 0.00550330989063, -0.0551965348423, -0.0471581295133, 0.00762528227642, 0.0698718503118, 0.0261960048229, -0.0395007543266], [-0.00175260042306, 0.0189077313989, -0.0341321974993, 0.00435057934374, 0.00942762196064, 0.0559846684337, -0.00390833476558, -0.0287659130991, -0.0649660602212, 0.0216495990753, 0.0261960048229, 0.0617412477732, -0.0297538787127], [0.0017962633865, -0.01274938602, 0.0319501198828, 0.00172336364631, -0.00698897708207, -0.0481650568545, -0.00107042957097, 0.0361255668104, 0.0479382649064, -0.0274611487985, -0.0395007543266, -0.0297538787127, 0.0667556598783]]
    },
    "melbands": {
        "dmean": [3.09312696345e-07, 2.83526659928e-08, 3.92363155299e-08, 2.95832798258e-08, 4.19688568343e-08, 4.98892163137e-08, 4.98613630384e-08, 5.67573259502e-08, 7.93410279698e-08, 1.51206833721e-07, 1.75387740455e-05, 0.000236845764448, 1.89987531485e-05, 1.01806229225e-07, 3.41457280228e-08, 3.11058272473e-08, 5.30676160793e-08, 6.76321287756e-05, 6.43455059617e-05, 6.43871231887e-08, 2.41262156919e-08, 4.23106286007e-07, 1.20813137983e-05, 2.3868540211e-07, 8.69298411033e-09, 1.15953469049e-06, 7.24272126718e-07, 5.69914382353e-09, 6.40862481305e-07, 1.22165189964e-07, 2.0877763518e-07, 1.77161552983e-07, 7.68204131418e-08, 6.50022471405e-08, 4.86314064574e-08, 2.03127132892e-08, 3.02925222684e-08, 1.51926933256e-08, 1.12525171403e-08, 1.17689271661e-08],
        "dmean2": [5.11881466991e-07, 4.86661981824e-08, 6.37384900415e-08, 4.81092712334e-08, 6.46192290787e-08, 7.82180435976e-08, 7.86740486092e-08, 9.66026192373e-08, 1.35174914817e-07, 2.51344403068e-07, 1.73077260115e-05, 0.000187819387065, 2.35577554122e-05, 1.77690765213e-07, 5.87070907443e-08, 5.45312985878e-08, 9.16736979661e-08, 7.91901475168e-05, 7.88187098806e-05, 1.09644396673e-07, 3.35473657742e-08, 5.76046033984e-07, 1.48208328028e-05, 3.91147239043e-07, 1.39272344768e-08, 1.8429592501e-06, 1.15064983675e-06, 8.9083345145e-09, 1.03993124867e-06, 1.98812855956e-07, 2.64851877319e-07, 2.35908061086e-07, 9.16921152339e-08, 7.72594646037e-08, 7.84991271985e-08, 3.53096893946e-08, 4.90934972674e-08, 2.02744327993e-08, 1.56371502413e-08, 1.66650480082e-08],
        "dvar": [1.47045692137e-13, 1.15706725004e-14, 1.27498592535e-14, 1.83214175168e-14, 1.94861674404e-14, 5.07955494073e-14, 5.10727934553e-14, 7.67629978137e-14, 1.29066096461e-13, 4.19709487434e-13, 1.07246289627e-09, 2.01151706847e-07, 1.0668169681e-09, 7.97534713509e-14, 8.19490739238e-15, 1.11319365387e-14, 1.92388693952e-14, 1.87171451671e-08, 1.74759851035e-08, 5.47682965603e-14, 5.69641557841e-15, 2.79909255496e-12, 2.09339945378e-09, 6.09297876909e-13, 1.375627352e-15, 1.21533772629e-11, 4.63968273523e-12, 4.27697190027e-16, 2.45857522709e-12, 1.07923286735e-13, 8.6565558324e-13, 5.81615810201e-13, 7.4772531374e-14, 5.3487352351e-14, 2.13048251052e-14, 3.16313845064e-15, 7.03886327344e-15, 1.32153212222e-15, 7.1065418412e-16, 8.14236996207e-16],
        "dvar2": [3.3128149746e-13, 2.18732164e-14, 2.00724734821e-14, 3.16788153869e-14, 3.36071943115e-14, 1.09294660182e-13, 9.78024491905e-14, 1.54647806063e-13, 2.23847687348e-13, 6.25804312884e-13, 1.64101687794e-09, 2.39870246332e-07, 1.89729898459e-09, 1.46524543258e-13, 1.55434391351e-14, 2.93638675658e-14, 4.02396520239e-14, 3.414742622e-08, 3.45199353546e-08, 1.27806985373e-13, 1.05504162332e-14, 4.37793638147e-12, 2.94593682781e-09, 1.48820040492e-12, 3.45294632662e-15, 2.93750614111e-11, 1.14644248955e-11, 7.2256209093e-16, 6.35258382356e-12, 2.92408377242e-13, 1.18818355762e-12, 8.26891940336e-13, 8.36583474479e-14, 6.04966313047e-14, 6.3996652758e-14, 9.77657370885e-15, 1.82894792925e-14, 2.18686352223e-15, 1.0396596744e-15, 1.34738801469e-15],
        "max": [2.51442793342e-06, 1.1804170299e-06, 1.17364379548e-06, 1.35913489885e-06, 1.24524353851e-06, 2.66982920039e-06, 2.41349243879e-06, 2.99840007756e-06, 3.73337525161e-06, 6.86649673298e-06, 0.000576279941015, 0.00845860596746, 0.000522646121681, 3.67362531506e-06, 1.39558108003e-06, 1.4831905446e-06, 1.71127396698e-06, 0.00174532900564, 0.00161791883875, 1.88312662885e-06, 7.50149922624e-07, 2.03633499041e-05, 0.000640908954665, 8.29785039969e-06, 4.01839173492e-07, 4.67660211143e-05, 2.90361622319e-05, 1.97100604282e-07, 1.43418510561e-05, 3.1008401038e-06, 1.21548810057e-05, 9.92509467324e-06, 4.02749583372e-06, 3.40260726261e-06, 1.45430192333e-06, 5.49449794107e-07, 8.1233616811e-07, 4.2994028604e-07, 3.20936919707e-07, 3.90572040487e-07],
        "mean": [4.23943504302e-07, 4.28702549016e-08, 5.80782071324e-08, 4.41246577054e-08, 5.94737272763e-08, 7.19674417837e-08, 6.94175739113e-08, 7.57910996185e-08, 9.97914426648e-08, 1.73141103232e-07, 0.000164584009326, 0.00284360582009, 0.000186013421626, 1.28151555145e-07, 4.99617769378e-08, 3.95121908525e-08, 7.91357592789e-08, 0.000167680118466, 0.000157262940775, 8.86561366542e-08, 2.72660187761e-08, 7.55137705255e-07, 2.1570820536e-05, 3.69148068557e-07, 1.1984679027e-08, 2.06492495636e-06, 1.28564010993e-06, 1.06060804583e-08, 8.37587492697e-07, 1.55574568339e-07, 3.55012872433e-07, 2.99400056747e-07, 1.27856054633e-07, 1.09123007519e-07, 5.51789121062e-08, 2.72180358252e-08, 4.08237852412e-08, 2.28064340746e-08, 2.37249757618e-08, 2.2313596304e-08],
        "median": [2.13853795117e-07, 1.6722687235e-08, 2.27470486891e-08, 1.82691710648e-08, 2.10844444126e-08, 2.05764703054e-08, 1.19180363356e-08, 8.51057535556e-09, 1.12185540857e-08, 1.05209876367e-08, 0.000115069407912, 0.00212698196992, 0.000144246849231, 7.58509433041e-09, 4.19892964842e-09, 3.63605701104e-09, 3.74103859002e-09, 4.78672955069e-05, 5.1718641771e-05, 1.8947756697e-09, 1.90379356724e-09, 2.41145929891e-08, 1.79677476808e-06, 6.05998309311e-08, 1.02048858253e-09, 4.00006285872e-07, 2.78886403748e-07, 6.38139652231e-10, 7.57508118454e-08, 1.53593902041e-08, 2.42246063209e-08, 2.61353871878e-08, 9.85215109495e-09, 9.85350734339e-09, 3.81353970624e-09, 2.83857892747e-09, 5.56170531851e-09, 2.45324627279e-09, 2.54508036868e-09, 2.53125187477e-09],
        "min": [1.75470908914e-08, 1.11061071451e-09, 3.690650896e-09, 1.53838253247e-09, 1.15362652764e-09, 2.44329734223e-09, 1.34855093759e-09, 1.26712385029e-09, 1.33038102756e-09, 1.19726795145e-09, 1.65867786563e-05, 8.19940760266e-05, 2.3911919925e-05, 3.76765341148e-10, 2.57052712449e-10, 2.78724487934e-10, 2.1619370183e-10, 1.10330464764e-08, 1.03572297405e-08, 1.09663507442e-10, 1.24060137163e-10, 3.62157637213e-10, 1.14827720665e-08, 5.94141624788e-10, 7.39528369098e-11, 1.82836190632e-09, 9.95807547532e-10, 4.78637338097e-11, 1.0590536087e-10, 8.96002716466e-11, 6.64945043471e-11, 6.20219917091e-11, 4.41303972532e-11, 5.14189003875e-11, 5.46901586518e-11, 5.64768024014e-11, 5.39559646962e-11, 5.8849286555e-11, 4.97212410133e-11, 4.66310393077e-11],
        "var": [2.50194396451e-13, 1.96845442507e-14, 2.38484243882e-14, 2.76293829531e-14, 3.15009723493e-14, 7.79932623476e-14, 8.78967580144e-14, 1.29210051404e-13, 2.21947595936e-13, 7.25772577887e-13, 2.56531240694e-08, 6.30233716947e-06, 2.32243024811e-08, 2.10462954031e-13, 3.03566816595e-14, 2.46056515142e-14, 5.88210510573e-14, 9.45399492025e-08, 8.03890571888e-08, 8.64482842407e-14, 9.24286417802e-15, 8.45841192226e-12, 6.64462618261e-09, 1.30014553811e-12, 1.80023808632e-15, 3.30448793329e-11, 1.24013880762e-11, 1.08437115556e-15, 3.63868874267e-12, 1.34228741945e-13, 2.41255301327e-12, 1.61495003568e-12, 2.70654755118e-13, 1.90796014513e-13, 2.57297540207e-14, 4.67722826683e-15, 9.75165315251e-15, 3.13618840336e-15, 3.17836513842e-15, 3.46257412662e-15]
    },
    "mfcc": {
        "mean": [-926.158813477, 51.8568305969, -48.4055290222, -28.5137310028, -28.2642765045, 1.68700671196, 25.4531154633, 41.3126525879, 41.0392875671, 9.35030078888, -36.1129760742, -59.8937225342, -18.5583343506],
        "cov": [[6144.84765625, -1843.33996582, -1429.40393066, -97.383972168, -23.7089138031, 308.220703125, -507.163970947, -228.958053589, 203.775787354, -8.22005176544, 234.513122559, 35.6006355286, -255.246612549], [-1843.33996582, 1101.9317627, 443.648529053, -79.5501861572, 27.1172885895, -124.996574402, 132.09753418, -58.2588806152, -160.021392822, 20.8045158386, -14.6086168289, 188.971878052, 162.798873901], [-1429.40393066, 443.648529053, 548.961608887, -44.8562164307, 29.5097827911, -47.3719024658, 121.695365906, 60.8065757751, -57.7153244019, -7.24735736847, -86.2265472412, 7.48271799088, 75.3973922729], [-97.383972168, -79.5501861572, -44.8562164307, 190.481445312, 23.4158992767, -14.4866762161, -0.108624510467, 33.7353286743, 14.7592086792, -3.66559410095, 12.0993709564, -55.453666687, -31.037979126], [-23.7089138031, 27.1172885895, 29.5097827911, 23.4158992767, 102.82837677, -8.88862323761, -6.99203062057, 16.0877571106, -23.7997055054, 10.6437597275, -9.25658988953, 7.71400880814, -6.88690090179], [308.220703125, -124.996574402, -47.3719024658, -14.4866762161, -8.88862323761, 83.6384811401, -28.391620636, -16.0069999695, 28.7055168152, 6.9564037323, 17.0158309937, -19.534954071, -18.1958065033], [-507.163970947, 132.09753418, 121.695365906, -0.108624510467, -6.99203062057, -28.391620636, 101.252601624, 21.2757453918, -5.25807142258, 21.4171867371, -25.5349693298, -8.18413734436, 29.5251922607], [-228.958053589, -58.2588806152, 60.8065757751, 33.7353286743, 16.0877571106, -16.0069999695, 21.2757453918, 104.424285889, 12.0124902725, -21.9777851105, -12.668759346, -31.8840751648, -20.3752040863], [203.775787354, -160.021392822, -57.7153244019, 14.7592086792, -23.7997055054, 28.7055168152, -5.25807142258, 12.0124902725, 77.4450683594, -8.54054832458, -5.47739839554, -35.327205658, -33.1146240234], [-8.22005176544, 20.8045158386, -7.24735736847, -3.66559410095, 10.6437597275, 6.9564037323, 21.4171867371, -21.9777851105, -8.54054832458, 78.738571167, 7.99483060837, -7.373067379, 28.3258552551], [234.513122559, -14.6086168289, -86.2265472412, 12.0993709564, -9.25658988953, 17.0158309937, -25.5349693298, -12.668759346, -5.47739839554, 7.99483060837, 88.3250732422, 13.3294563293, 19.0191364288], [35.6006355286, 188.971878052, 7.48271799088, -55.453666687, 7.71400880814, -19.534954071, -8.18413734436, -31.8840751648, -35.327205658, -7.373067379, 13.3294563293, 170.866119385, 32.8452529907], [-255.246612549, 162.798873901, 75.3973922729, -31.037979126, -6.88690090179, -18.1958065033, 29.5251922607, -20.3752040863, -33.1146240234, 28.3258552551, 19.0191364288, 32.8452529907, 84.4738616943]],
