{
"lowlevel": {
    "average_loudness": 0.990674674511,
    "barkbands_crest": {
        "dmean": 1.06152486801,
        "dmean2": 1.53680193424,
        "dvar": 1.58507120609,
        "dvar2": 3.96540737152,
        "max": 26.6126041412,
        "mean": 19.3358135223,
        "median": 21.3131637573,
        "min": 7.41218996048,
        "var": 42.0809593201
    },
    "barkbands_flatness_db": {
        "dmean": 0.015351629816,
        "dmean2": 0.0209958329797,
        "dvar": 0.000135162772494,
        "dvar2": 0.000295124511467,
        "max": 0.517669379711,
        "mean": 0.2761105299,
        "median": 0.274877041578,
        "min": 0.102534845471,
        "var": 0.0122596779838
    },
    "barkbands_kurtosis": {
        "dmean": 44.0756187439,
        "dmean2": 72.2326889038,
        "dvar": 23828.7480469,
        "dvar2": 68121.9921875,
        "max": 1533.60192871,
        "mean": 95.811920166,
        "median": 15.327091217,
        "min": 0.210898637772,
        "var": 48068.2421875
    },
    "barkbands_skewness": {
        "dmean": 1.75160896778,
        "dmean2": 2.70494890213,
        "dvar": 7.06377220154,
        "dvar2": 19.6953659058,
        "max": 27.2909030914,
        "mean": 4.3718919754,
        "median": 2.57536482811,
        "min": 0.154661789536,
        "var": 21.9726104736
    },
    "barkbands_spread": {
        "dmean": 2.38975453377,
        "dmean2": 3.34044075012,
        "dvar": 14.7993841171,
        "dvar2": 26.8551368713,
        "max": 71.1300888062,
        "mean": 13.0015516281,
        "median": 4.54062271118,
        "min": 0.0567395463586,
        "var": 270.530822754
    },
    "dissonance": {
        "dmean": 0.0460640192032,
        "dmean2": 0.0758261531591,
        "dvar": 0.00257759401575,
        "dvar2": 0.00656322482973,
        "max": 0.477914720774,
        "mean": 0.317291676998,
        "median": 0.319801747799,
        "min": 0.173209041357,
        "var": 0.00588083453476
    },
    "dynamic_complexity": 17.7043991089,
    "erbbands_crest": {
        "dmean": 1.14036345482,
        "dmean2": 1.56851875782,
        "dvar": 1.83924686909,
        "dvar2": 3.0428545475,
        "max": 32.1223754883,
        "mean": 22.700340271,
        "median": 23.842748642,
        "min": 11.8786344528,
        "var": 26.2004776001
    },
    "erbbands_flatness_db": {
        "dmean": 0.0138468239456,
        "dmean2": 0.0171767864376,
        "dvar": 9.88218380371e-05,
        "dvar2": 0.000161547897733,
        "max": 0.55893856287,
        "mean": 0.328432649374,
        "median": 0.338309794664,
        "min": 0.125272408128,
        "var": 0.0132092097774
    },
    "erbbands_kurtosis": {
        "dmean": 8.8693819046,
        "dmean2": 11.9663658142,
        "dvar": 160.790985107,
        "dvar2": 365.011871338,
        "max": 135.143585205,
        "mean": 38.5891952515,
        "median": 20.1159706116,
        "min": -0.756433486938,
        "var": 1396.4041748
    },
    "erbbands_skewness": {
        "dmean": 0.583177924156,
        "dmean2": 0.805127620697,
        "dvar": 0.248678475618,
        "dvar2": 0.563206613064,
        "max": 8.61140155792,
        "mean": 3.75653028488,
        "median": 3.63344788551,
        "min": 0.659581243992,
        "var": 3.18005990982
    },
    "erbbands_spread": {
        "dmean": 0.941187739372,
        "dmean2": 1.13929378986,
        "dvar": 1.1223795414,
        "dvar2": 1.92258310318,
        "max": 18.4506072998,
        "mean": 5.65159654617,
        "median": 4.88906240463,
        "min": 0.345066845417,
        "var": 19.517326355
    },
    "hfc": {
        "dmean": 1.30124533176,
        "dmean2": 0.836970031261,
        "dvar": 6.7102265358,
        "dvar2": 3.30019712448,
        "max": 67.3604049683,
        "mean": 8.12533283234,
        "median": 0.120184071362,
        "min": 0.000331435061526,
        "var": 227.220870972
    },
    "melbands_crest": {
        "dmean": 1.13344037533,
        "dmean2": 1.65238845348,
        "dvar": 1.83893859386,
        "dvar2": 3.46055912971,
        "max": 29.4291267395,
        "mean": 21.9788398743,
        "median": 23.5108776093,
        "min": 9.93200778961,
        "var": 40.6562614441
    },
    "melbands_flatness_db": {
        "dmean": 0.0142354154959,
        "dmean2": 0.0176009871066,
        "dvar": 0.000127528648591,
        "dvar2": 0.000223709197599,
        "max": 0.573797404766,
        "mean": 0.345333307981,
        "median": 0.353141635656,
        "min": 0.189851284027,
        "var": 0.00895819440484
    },
    "melbands_kurtosis": {
        "dmean": 10.242565155,
        "dmean2": 14.0994682312,
        "dvar": 224.916275024,
        "dvar2": 481.540252686,
        "max": 224.202560425,
        "mean": 31.7285175323,
        "median": 12.6251859665,
        "min": 0.156313180923,
        "var": 1660.2364502
    },
    "melbands_skewness": {
        "dmean": 0.665902853012,
        "dmean2": 0.952271282673,
        "dvar": 0.547392964363,
        "dvar2": 1.02285659313,
        "max": 10.3292379379,
        "mean": 1.3714799881,
        "median": 0.322469979525,
        "min": -4.68999433517,
        "var": 12.0289268494
    },
    "melbands_spread": {
        "dmean": 1.5166567564,
        "dmean2": 2.47277903557,
        "dvar": 3.93094730377,
        "dvar2": 9.43235397339,
        "max": 25.1423988342,
        "mean": 6.86118173599,
        "median": 5.24942445755,
        "min": 0.264235019684,
        "var": 34.9647789001
    },
    "pitch_salience": {
        "dmean": 0.0505131483078,
        "dmean2": 0.0757071375847,
        "dvar": 0.00296160043217,
        "dvar2": 0.00775576010346,
        "max": 0.822446167469,
        "mean": 0.376937538385,
        "median": 0.391598492861,
        "min": 0.113176889718,
        "var": 0.0325839966536
    },
    "silence_rate_20dB": {
        "dmean": 0,
        "dmean2": 0,
        "dvar": 0,
        "dvar2": 0,
        "max": 1,
        "mean": 1,
        "median": 1,
        "min": 1,
        "var": 0
    },
    "silence_rate_30dB": {
        "dmean": 0,
        "dmean2": 0,
        "dvar": 0,
        "dvar2": 0,
        "max": 1,
        "mean": 1,
        "median": 1,
        "min": 1,
        "var": 0
    },
    "silence_rate_60dB": {
        "dmean": 0.0166666675359,
        "dmean2": 0.0336134470999,
        "dvar": 0.0163888763636,
        "dvar2": 0.0324835851789,
        "max": 1,
        "mean": 0.685950398445,
        "median": 1,
        "min": 0,
        "var": 0.215422347188
    },
    "spectral_centroid": {
        "dmean": 37.6333351135,
        "dmean2": 41.8243026733,
        "dvar": 2282.86791992,
        "dvar2": 3863.31323242,
        "max": 1531.15185547,
        "mean": 914.654296875,
        "median": 831.409973145,
        "min": 674.118774414,
        "var": 36743.2304688
    },
    "spectral_complexity": {
        "dmean": 0.233333334327,
        "dmean2": 0.394957989454,
        "dvar": 0.328888684511,
        "dvar2": 0.625520408154,
        "max": 8,
        "mean": 1.82644629478,
        "median": 1,
        "min": 0,
        "var": 5.23433637619
    },
    "spectral_decrease": {
        "dmean": 3.46747658364e-10,
        "dmean2": 2.16743803461e-10,
        "dvar": 5.27274804341e-19,
        "dvar2": 2.45960785125e-19,
        "max": -1.90776841075e-14,
        "mean": -2.16758344607e-09,
        "median": -2.7145743986e-11,
        "min": -1.80098140845e-08,
        "var": 1.62466808809e-17
    },
    "spectral_energy": {
        "dmean": 0.00142669538036,
        "dmean2": 0.000891250674613,
        "dvar": 8.82226504473e-06,
        "dvar2": 4.11829660152e-06,
        "max": 0.0740827620029,
        "mean": 0.00891791842878,
        "median": 0.000113355425128,
        "min": 1.02065733643e-07,
        "var": 0.000274759804597
    },
    "spectral_energyband_high": {
        "dmean": 2.23748284043e-05,
        "dmean2": 2.25152834901e-05,
        "dvar": 4.72233629978e-09,
        "dvar2": 3.81086318058e-09,
        "max": 0.00108657160308,
        "mean": 5.80539635848e-05,
        "median": 4.81448182654e-07,
        "min": 7.94272114746e-09,
        "var": 3.34547429759e-08
    },
    "spectral_energyband_low": {
        "dmean": 5.64122672131e-07,
        "dmean2": 1.00856857443e-06,
        "dvar": 3.33073521021e-13,
        "dvar2": 9.65036427505e-13,
        "max": 4.38663710156e-06,
        "mean": 9.42632425449e-07,
        "median": 8.2150114622e-07,
        "min": 1.77661565459e-08,
        "var": 3.99142009591e-13
    },
    "spectral_energyband_middle_high": {
        "dmean": 0.00140850106254,
        "dmean2": 0.00088327541016,
        "dvar": 8.69050654728e-06,
        "dvar2": 4.12219242207e-06,
        "max": 0.0731892064214,
        "mean": 0.00883458741009,
        "median": 0.000107801592094,
        "min": 9.70662483724e-09,
        "var": 0.000269223091891
    },
    "spectral_energyband_middle_low": {
        "dmean": 0.000236530322582,
        "dmean2": 0.000205191303394,
        "dvar": 3.1779757137e-07,
        "dvar2": 3.45546055769e-07,
        "max": 0.0124075505883,
        "mean": 0.00131948769558,
        "median": 3.46253400494e-05,
        "min": 5.89552264785e-08,
        "var": 6.42552231511e-06
    },
    "spectral_entropy": {
        "dmean": 0.134783104062,
        "dmean2": 0.174995750189,
        "dvar": 0.0143548045307,
        "dvar2": 0.0284076053649,
        "max": 7.8910574913,
        "mean": 6.04988098145,
        "median": 5.90883302689,
        "min": 3.94598650932,
        "var": 0.968757510185
    },
    "spectral_flux": {
        "dmean": 0.00242183776572,
        "dmean2": 0.00425042631105,
        "dvar": 1.37415891004e-05,
        "dvar2": 4.19199750468e-05,
        "max": 0.0404522754252,
        "mean": 0.00775921856984,
        "median": 0.00244255037978,
        "min": 0.000791759113781,
        "var": 8.43626621645e-05
    },
    "spectral_kurtosis": {
        "dmean": 3.24629449844,
        "dmean2": 4.86763429642,
        "dvar": 25.8410778046,
        "dvar2": 47.4773750305,
        "max": 72.3301315308,
        "mean": 18.4492340088,
        "median": 12.503827095,
        "min": 4.79696893692,
        "var": 183.826751709
    },
    "spectral_rms": {
        "dmean": 0.000161704607308,
        "dmean2": 9.3324961199e-05,
        "dvar": 5.37004680723e-08,
        "dvar2": 2.15235491652e-08,
        "max": 0.0085015213117,
        "mean": 0.00175692921039,
        "median": 0.000332551746396,
        "min": 9.97879396891e-06,
        "var": 5.61360366191e-06
    },
    "spectral_rolloff": {
        "dmean": 852.355834961,
        "dmean2": 1535.19067383,
        "dvar": 11966380,
        "dvar2": 34520508,
        "max": 18884.6191406,
        "mean": 1732.26745605,
        "median": 839.794921875,
        "min": 689.0625,
        "var": 11293739
    },
    "spectral_skewness": {
        "dmean": 0.273939579725,
        "dmean2": 0.399902373552,
        "dvar": 0.0992514640093,
        "dvar2": 0.16607606411,
        "max": 6.99485206604,
        "mean": 3.3660993576,
        "median": 3.06739068031,
        "min": 1.64219725132,
        "var": 1.28903210163
    },
    "spectral_spread": {
        "dmean": 381063.46875,
        "dmean2": 487523.65625,
        "dvar": 489641082880,
        "dvar2": 524976586752,
        "max": 17815078,
        "mean": 4830345.5,
        "median": 3551094,
        "min": 1187719.375,
        "var": 7.62876264448e+12
    },
    "spectral_strongpeak": {
        "dmean": 0.261617958546,
        "dmean2": 0.309877187014,
        "dvar": 0.251473814249,
        "dvar2": 0.463204681873,
        "max": 9.21188735962,
        "mean": 1.63082194328,
        "median": 0.272906690836,
        "min": 0,
        "var": 5.23310899734
    },
    "zerocrossingrate": {
        "dmean": 0.00926920585334,
        "dmean2": 0.00983948260546,
        "dvar": 0.000236511157709,
        "dvar2": 0.000239134416915,
        "max": 0.2421875,
        "mean": 0.0883224084973,
        "median": 0.05224609375,
        "min": 0.0234375,
        "var": 0.00419524498284
    },
    "barkbands": {
        "dmean": [9.69630377767e-07, 1.78409621299e-07, 1.64550741033e-07, 2.69828035471e-07, 5.9708935396e-07, 6.34520404219e-07, 3.0677492191e-07, 5.95500068812e-07, 2.37546169046e-06, 0.00134659896139, 1.90751325135e-05, 1.8048116317e-06, 3.49854349224e-06, 9.73185378825e-05, 1.10425071398e-06, 2.02205887945e-06, 9.44102157519e-06, 3.06761364754e-07, 5.25515970367e-05, 1.48096751218e-05, 5.85385078011e-06, 1.55771920163e-06, 4.63863102595e-07, 6.08638515587e-07, 2.42863080757e-07, 5.31168353746e-08, 7.05200733364e-08],
        "dmean2": [1.67537484685e-06, 2.82187642142e-07, 2.83725398731e-07, 4.85213092816e-07, 1.07191863208e-06, 9.1850068884e-07, 4.48404023246e-07, 9.72919451669e-07, 3.15195802614e-06, 0.000824208371341, 1.70668954524e-05, 2.90895832222e-06, 3.17868511956e-06, 0.000130701184389, 1.03224306258e-06, 2.7922640129e-06, 1.42065473483e-05, 4.70012849974e-07, 5.38817621418e-05, 1.87309487956e-05, 5.30236184204e-06, 1.42629357924e-06, 5.44897147847e-07, 7.33278739062e-07, 3.067182206e-07, 7.34354017595e-08, 1.13839519145e-07],
        "dvar": [7.87385510525e-13, 4.10132980366e-14, 4.21601704828e-14, 4.23494843794e-13, 6.96830960989e-12, 3.16557587435e-12, 2.61710981662e-13, 1.57747296128e-12, 1.72886583522e-11, 8.22510082799e-06, 1.94379645713e-09, 3.60041510494e-11, 4.73899045006e-11, 4.96986523046e-08, 1.00337021677e-11, 3.13478097647e-11, 5.31337640552e-10, 5.82914033882e-13, 1.49622696455e-08, 2.10400252776e-09, 3.83688469885e-10, 2.30689755493e-11, 1.49425502353e-12, 2.37396820951e-12, 3.91952068675e-13, 1.35344082743e-14, 5.90329575248e-15],
        "dvar2": [2.16683030026e-12, 9.73580550488e-14, 1.27814628998e-13, 1.21350791828e-12, 1.8858626466e-11, 6.19617942024e-12, 5.73128241914e-13, 4.0214203495e-12, 3.97452522283e-11, 3.77625065084e-06, 2.19995399675e-09, 8.59645202245e-11, 4.12644640679e-11, 9.46399012491e-08, 1.13731159906e-11, 4.75722655713e-11, 1.18669485349e-09, 1.28909524114e-12, 1.92955589284e-08, 2.46150855254e-09, 2.30075986041e-10, 1.24282919026e-11, 1.96019415977e-12, 3.411857602e-12, 5.10506675995e-13, 2.63289790089e-14, 1.20237097663e-14],
        "max": [4.09628319176e-06, 1.8147229639e-06, 1.12946099762e-06, 5.9713192968e-06, 2.42037822318e-05, 1.68716069311e-05, 6.50233505439e-06, 1.38448367579e-05, 6.14004602539e-05, 0.0704343691468, 0.00103540567216, 5.57971870876e-05, 0.000176347588422, 0.00185844826046, 4.79393129353e-05, 5.2733146731e-05, 0.000185112716281, 7.09605365046e-06, 0.00210060365498, 0.000670203298796, 0.000296763930237, 7.81299604569e-05, 1.75335098902e-05, 1.72169420694e-05, 7.96085078036e-06, 1.51475762777e-06, 1.34643642014e-06],
        "mean": [8.60253976498e-07, 2.79659644775e-07, 1.96866949409e-07, 2.96117747212e-07, 7.0766935778e-07, 1.04713001292e-06, 6.90482806931e-07, 8.80330844666e-07, 6.82098152538e-06, 0.00837787147611, 0.00010540594667, 2.92536765301e-06, 2.07255907299e-05, 0.000160291951033, 2.17657952817e-06, 3.56103237209e-06, 2.06571239687e-05, 5.30725571934e-07, 0.000153319080709, 3.62772625522e-05, 1.39888215926e-05, 4.19455682277e-06, 1.02012074876e-06, 1.62828337125e-06, 6.87878696226e-07, 1.68172306303e-07, 4.82028724491e-07],
        "median": [4.89325145736e-07, 2.24219803613e-07, 1.12395667884e-07, 1.28722874138e-07, 1.25588897504e-07, 2.35061150988e-07, 1.99514914812e-07, 4.10973825637e-07, 4.51321102446e-06, 8.588914352e-05, 3.53775448048e-07, 1.44771320265e-07, 9.86520490187e-07, 3.55597535417e-07, 2.07799732976e-08, 2.46941507243e-08, 2.36341755055e-08, 9.98006832731e-09, 1.1272661915e-08, 6.75888900403e-09, 6.51760601045e-09, 6.55819443196e-09, 8.79640982276e-09, 1.37411459988e-08, 1.68221898633e-08, 3.63198466857e-08, 4.52131615702e-07],
        "min": [7.91415022405e-09, 7.00667612819e-09, 7.72184205466e-10, 2.31452723654e-09, 3.03754399411e-09, 1.20465126763e-09, 2.5136168702e-09, 8.48553494137e-09, 3.61908689683e-08, 7.75545050402e-09, 9.3343333063e-10, 7.03775482336e-10, 7.9181911028e-10, 4.52342774349e-10, 2.89572477108e-10, 2.80064693658e-10, 4.27078407361e-11, 1.22683946335e-10, 1.23544258157e-10, 7.27845006487e-11, 9.09097866431e-11, 1.63455665669e-10, 2.23506879671e-10, 2.9651370248e-10, 2.25599622317e-10, 6.90701829065e-10, 9.74655378627e-09],
        "var": [7.55953893233e-13, 6.60774603436e-14, 4.9599389808e-14, 4.12050032766e-13, 7.23311558218e-12, 5.70811063347e-12, 1.64268295147e-12, 2.56895611554e-12, 7.74143457671e-11, 0.000245870411163, 5.32218003002e-08, 8.22358986463e-11, 1.54065893376e-09, 1.19479224736e-07, 4.29450953965e-11, 8.31282542801e-11, 1.9147405883e-09, 1.70315714657e-12, 1.60704303198e-07, 1.31612951648e-08, 2.35456232289e-09, 1.93397908799e-10, 8.28558142235e-12, 1.51657887637e-11, 2.63461019494e-12, 9.81830244819e-14, 2.02856953918e-14]
    },
    "erbbands": {
        "dmean": [8.11641803011e-06, 4.12273657275e-05, 0.00014067585289, 0.000628410314675, 0.000767423654906, 0.00289785233326, 0.00386635330506, 0.0048275324516, 0.00582158286124, 0.0126199126244, 0.0259851124138, 0.945244550705, 37.9067497253, 13.8792934418, 0.554084181786, 0.0938768684864, 0.0981257408857, 2.24058270454, 2.88112998009, 0.0867423936725, 0.17228654027, 0.599635660648, 0.0963311716914, 3.04428339005, 0.658536374569, 0.966389477253, 0.188994809985, 0.284543693066, 0.100137278438, 0.0219478085637, 0.00799355935305, 0.0184107162058, 0.00875362567604, 0.0040084621869, 0.00184179353528, 0.000426612386946, 4.14372407249e-05, 3.64531260857e-05, 1.00161551018e-05, 2.60905608229e-06],
        "dmean2": [1.40880556501e-05, 6.44588435534e-05, 0.000240587047301, 0.00114447355736, 0.00131342827808, 0.0050799343735, 0.0072611249052, 0.00660577276722, 0.00790139473975, 0.0210545342416, 0.0220118369907, 0.519005894661, 20.8150920868, 9.71401882172, 0.374193876982, 0.131546676159, 0.104103982449, 3.04543948174, 3.8161315918, 0.1130746454, 0.226257130504, 0.909407734871, 0.0922473967075, 3.10661625862, 0.671414077282, 1.19880723953, 0.192694619298, 0.258596092463, 0.0888746008277, 0.0264177750796, 0.010655676946, 0.0245820712298, 0.0108032356948, 0.00595134869218, 0.00217077392153, 0.00053645321168, 5.38854874321e-05, 5.10741811013e-05, 1.5221621652e-05, 2.66033271146e-06],
        "dvar": [3.79517632598e-11, 3.41236039425e-09, 3.23337800978e-08, 1.65575920619e-06, 3.84082932214e-06, 0.000184993390576, 0.000317401514621, 0.000119015086966, 0.000136329734232, 0.000699510972481, 0.00195797951892, 3.5432767868, 6298.98535156, 871.607849121, 1.4839566946, 0.081095777452, 0.0298884194344, 26.7761802673, 42.1760902405, 0.0357400253415, 0.180057182908, 2.13570642471, 0.0412320569158, 50.5973091125, 2.27341914177, 8.87074184418, 0.354433357716, 0.908633947372, 0.0969154834747, 0.00461072893813, 0.000449479033705, 0.00250526960008, 0.000553345424123, 0.000114731024951, 3.63696926797e-05, 1.08631456897e-06, 6.07073991077e-09, 5.24001908531e-09, 9.44404901504e-11, 1.10662902453e-11],
        "dvar2": [8.8205026616e-11, 8.045097033e-09, 8.43799625727e-08, 4.66348183181e-06, 9.12399445951e-06, 0.000506993150339, 0.000614702003077, 0.00022676383378, 0.000218948480324, 0.00206008274108, 0.00117204233538, 1.55791687965, 2563.43530273, 613.223815918, 0.783631503582, 0.192337423563, 0.0336900986731, 52.0546569824, 78.3628005981, 0.0642110556364, 0.319721400738, 4.76306915283, 0.0475992262363, 65.4487457275, 2.88132238388, 10.6286287308, 0.288626730442, 0.54321372509, 0.0510955415666, 0.00494816806167, 0.000644043844659, 0.00408829282969, 0.000900684448425, 0.00026343902573, 4.74758453493e-05, 1.82461917575e-06, 7.15448722488e-09, 8.85233397696e-09, 1.74463304914e-10, 6.47372910487e-12],
        "max": [3.49608963006e-05, 0.000526178162545, 0.00149517389946, 0.0114531414583, 0.0223353244364, 0.120590426028, 0.148172527552, 0.103033058345, 0.160196319222, 0.309283614159, 1.13346529007, 48.2671051025, 1997.98632812, 728.330322266, 31.6606998444, 3.36293935776, 3.96974158287, 42.4434242249, 57.9740219116, 1.90257203579, 4.57849931717, 11.8976373672, 3.62551093102, 122.50415802, 25.7754974365, 44.1373977661, 9.1400976181, 14.4582843781, 5.08911991119, 0.985991477966, 0.281751781702, 0.515199184418, 0.303956061602, 0.0997001081705, 0.0781957507133, 0.012193675153, 0.00133622554131, 0.00113084586337, 0.000192262828932, 9.86489030765e-05],
        "mean": [1.16067567433e-05, 5.72506978642e-05, 0.000196317196242, 0.000718418275937, 0.00124362879433, 0.00284865242429, 0.00444764690474, 0.00854090135545, 0.012167064473, 0.0246055684984, 0.159139573574, 5.73012065887, 233.770797729, 83.5643310547, 3.65625548363, 0.325535267591, 0.587631285191, 4.19705820084, 4.85771226883, 0.169987544417, 0.394435495138, 1.31186580658, 0.311039835215, 8.9067773819, 1.96832215786, 2.39247298241, 0.479194045067, 0.686487019062, 0.268828898668, 0.0536523424089, 0.0184891410172, 0.0453247390687, 0.0188589859754, 0.00887728109956, 0.00431115087122, 0.00123853422701, 0.000169548831764, 0.000135090886033, 5.93338663748e-05, 1.92308143596e-05],
        "median": [9.88219289866e-06, 3.73789043806e-05, 0.000123348363559, 0.00037311273627, 0.000329202681314, 0.000398778065573, 0.00107772659976, 0.00207564793527, 0.00253772549331, 0.00878436584026, 0.031473621726, 0.349591135979, 2.24870300293, 0.929765105247, 0.0319957248867, 0.0157771389931, 0.0340107344091, 0.0618391819298, 0.0143436035141, 0.00244349823333, 0.00167289818637, 0.00163814402185, 0.000598659040406, 0.000647106498946, 0.000457570160506, 0.000368021952454, 0.000289696501568, 0.000248303666012, 0.000233743601711, 0.000246963521931, 0.000259467138676, 0.000266216113232, 0.000238141641603, 0.000197549088625, 0.000121292338008, 7.00191885699e-05, 7.19079980627e-05, 8.48335621413e-05, 5.07119621034e-05, 9.53152994043e-06],
        "min": [3.00928377328e-07, 1.29291163375e-06, 4.49799927082e-06, 1.07935884444e-05, 1.20174827316e-05, 8.92765365279e-06, 1.06336656245e-05, 9.39860001381e-06, 2.44723469223e-05, 6.50359870633e-05, 0.000355856260285, 0.000865890993737, 0.000405460275942, 0.000127622988657, 2.79123141809e-05, 2.75862948911e-05, 2.67734139925e-05, 3.73365983251e-05, 1.29821928567e-05, 1.82554140338e-05, 1.31079104904e-05, 3.13674922836e-06, 5.67176630284e-06, 5.70201700612e-06, 7.08641528036e-06, 4.30587215305e-06, 2.47719526669e-06, 4.48211585535e-06, 4.60233241029e-06, 8.62765318743e-06, 5.7038137129e-06, 7.01202998243e-06, 4.76416425954e-06, 2.29235274674e-06, 1.67308826349e-06, 1.29936051962e-06, 1.36181085963e-06, 2.16134480979e-06, 8.98624932688e-07, 1.51455964215e-07],
        "var": [6.28797153235e-11, 5.13942710612e-09, 4.70261234398e-08, 1.67008113294e-06, 1.06937695818e-05, 0.000155294997967, 0.000359532627044, 0.00032052595634, 0.000754899694584, 0.00173077289946, 0.0643642544746, 108.661766052, 192667.203125, 24367.4785156, 50.067440033, 0.468244224787, 0.946394383907, 71.459526062, 106.782112122, 0.116093143821, 0.707492589951, 7.70273208618, 0.550341784954, 543.852539062, 25.6377105713, 56.289855957, 2.40866971016, 5.64298248291, 0.800762593746, 0.0285282209516, 0.00219963281415, 0.0124982409179, 0.00238297111355, 0.000401358032832, 0.000146647813381, 7.85773045209e-06, 5.81453996062e-08, 2.29266596818e-08, 7.38858640936e-10, 3.98474170327e-10]
    },
    "gfcc": {
        "mean": [-328.794708252, 43.2872467041, -121.454879761, -60.4349937439, -52.8420715332, 10.5109682083, 11.2576560974, 16.1467990875, -13.5567131042, -16.2146911621, -19.9694728851, -15.1653308868, 0.00329819996841],
        "cov": [[14689.1064453, -2392.09448242, -8058.32568359, 1141.9543457, -859.698364258, 230.274154663, 769.547912598, 1192.27185059, -892.655822754, -640.928161621, -336.280853271, -274.242767334, 933.856140137], [-2392.09448242, 897.645629883, 1250.20935059, -425.829986572, 360.259185791, -7.72821998596, -160.396713257, -275.300628662, 116.493797302, -56.8132324219, -32.3226394653, 63.5465774536, -94.4590606689], [-8058.32568359, 1250.20935059, 4817.04150391, -505.408691406, 287.061523438, -160.282318115, -418.108978271, -630.484130859, 490.374542236, 384.841888428, 192.991760254, 165.196670532, -550.052307129], [1141.9543457, -425.829986572, -505.408691406, 414.84588623, -126.800758362, -57.2162857056, -4.32966089249, 86.0132675171, -68.0704345703, 0.321770220995, -6.78627157211, -51.5442886353, 14.9358730316], [-859.698364258, 360.259185791, 287.061523438, -126.800758362, 373.82635498, 43.4222488403, -150.117614746, -184.182907104, 39.9216766357, -23.1530475616, -34.1115989685, -19.0748023987, -31.6417484283], [230.274154663, -7.72821998596, -160.282318115, -57.2162857056, 43.4222488403, 98.6115264893, 40.1359710693, 19.0908222198, -2.71436429024, -2.00706934929, -18.61003685, -17.9111461639, 32.4690704346], [769.547912598, -160.396713257, -418.108978271, -4.32966089249, -150.117614746, 40.1359710693, 235.498153687, 194.405960083, -32.4262657166, -42.4590530396, -12.9579553604, 8.59159946442, 76.2657089233], [1192.27185059, -275.300628662, -630.484130859, 86.0132675171, -184.182907104, 19.0908222198, 194.405960083, 242.944396973, -56.5218772888, -53.4188995361, -10.4369411469, -3.37482357025, 79.6748275757], [-892.655822754, 116.493797302, 490.374542236, -68.0704345703, 39.9216766357, -2.71436429024, -32.4262657166, -56.5218772888, 86.4930038452, 73.4709625244, 34.1293640137, 14.1480455399, -64.2763977051], [-640.928161621, -56.8132324219, 384.841888428, 0.321770220995, -23.1530475616, -2.00706934929, -42.4590530396, -53.4188995361, 73.4709625244, 146.513656616, 74.0150222778, 3.44029927254, -70.5682754517], [-336.280853271, -32.3226394653, 192.991760254, -6.78627157211, -34.1115989685, -18.61003685, -12.9579553604, -10.4369411469, 34.1293640137, 74.0150222778, 71.1437530518, 23.5183544159, -33.9600257874], [-274.242767334, 63.5465774536, 165.196670532, -51.5442886353, -19.0748023987, -17.9111461639, 8.59159946442, -3.37482357025, 14.1480455399, 3.44029927254, 23.5183544159, 47.8211517334, 4.47306060791], [933.856140137, -94.4590606689, -550.052307129, 14.9358730316, -31.6417484283, 32.4690704346, 76.2657089233, 79.6748275757, -64.2763977051, -70.5682754517, -33.9600257874, 4.47306060791, 107.030342102]],
        "icov": [[0.00259290658869, -0.00305041554384, 0.00388572155498, -0.00341492029838, 0.00400881143287, -0.00322175584733, 0.00166166725103, -0.00220306403935, 0.00536642642692, -0.00430400157347, 0.00277406419627, -0.000795582251158, -0.000952607952058], [-0.00305041554384, 0.0150386923924, -0.00635033519939, 0.0105279991403, -0.00925822462887, 0.00690502347425, -0.00265148235485, 0.00701496982947, -0.0129355359823, 0.0185323134065, -0.0042338934727, 0.000180932809599, 0.000717875664122], [0.00388572155498, -0.00635033519939, 0.00756995379925, -0.00615005800501, 0.00723995501176, -0.00589406350628, 0.00165025668684, -0.00157099973876, 0.00587160047144, -0.0081582069397, 0.00638829590753, -0.0065081929788, 0.00462204637006], [-0.00341492029838, 0.0105279991403, -0.00615005800501, 0.0131992707029, -0.00759106362239, 0.0100090373307, -0.000232802151004, 0.00215537636541, -0.0072123715654, 0.00975756812841, -0.00274833641015, 0.00560456747189, -8.45918621053e-05], [0.00400881143287, -0.00925822462887, 0.00723995501176, -0.00759106362239, 0.0156812015921, -0.0104064447805, 0.0047470163554, 0.000586964015383, 0.00260213878937, -0.00396407255903, 0.00133781007025, 0.00265706656501, -0.00164542882703], [-0.00322175584733, 0.00690502347425, -0.00589406350628, 0.0100090373307, -0.0104064447805, 0.0265033114702, -0.00478426041082, 0.000537814165, -0.00620956066996, -0.00108001520857, 0.00110270280857, 0.0124978106469, -0.0102048479021], [0.00166166725103, -0.00265148235485, 0.00165025668684, -0.000232802151004, 0.0047470163554, -0.00478426041082, 0.0189814008772, -0.015757124871, 0.00158386409748, -0.00409521255642, 0.00351854227483, 0.00152062962297, -0.0079617490992], [-0.00220306403935, 0.00701496982947, -0.00157099973876, 0.00215537636541, 0.000586964015383, 0.000537814165, -0.015757124871, 0.0289315991104, -0.0167484935373, 0.0202554557472, -0.0104949148372, -0.000868830364197, 0.00674299197271], [0.00536642642692, -0.0129355359823, 0.00587160047144, -0.0072123715654, 0.00260213878937, -0.00620956066996, 0.00158386409748, -0.0167484935373, 0.0691464245319, -0.0425222292542, 0.0175898205489, -0.0094947097823, 0.00640228763223], [-0.00430400157347, 0.0185323134065, -0.0081582069397, 0.00975756812841, -0.00396407255903, -0.00108001520857, -0.00409521255642, 0.0202554557472, -0.0425222292542, 0.0634726509452, -0.0398452393711, 0.0171267278492, 0.000570130010601], [0.00277406419627, -0.0042338934727, 0.00638829590753, -0.00274833641015, 0.00133781007025, 0.00110270280857, 0.00351854227483, -0.0104949148372, 0.0175898205489, -0.0398452393711, 0.060622766614, -0.0375455133617, 0.0157366320491], [-0.000795582251158, 0.000180932809599, -0.0065081929788, 0.00560456747189, 0.00265706656501, 0.0124978106469, 0.00152062962297, -0.000868830364197, -0.0094947097823, 0.0171267278492, -0.0375455133617, 0.0738191381097, -0.0399783626199], [-0.000952607952058, 0.000717875664122, 0.00462204637006, -8.45918621053e-05, -0.00164542882703, -0.0102048479021, -0.0079617490992, 0.00674299197271, 0.00640228763223, 0.000570130010601, 0.0157366320491, -0.0399783626199, 0.0562015399337]]
    },
    "melbands": {
        "dmean": [9.09289710194e-08, 6.32319867577e-08, 1.01970798028e-07, 1.228504658e-07, 1.35457185024e-07, 1.17184981718e-07, 7.87874583352e-08, 1.44806080016e-07, 1.21693858546e-07, 4.28521104823e-07, 0.00020370564016, 8.11539866845e-05, 1.63193442404e-06, 1.32253333618e-07, 1.71322653841e-07, 3.81403964411e-07, 5.92121659793e-06, 7.2684533734e-06, 4.88518487884e-08, 9.66656443779e-09, 2.40565412923e-07, 8.70804001352e-07, 4.13716030323e-08, 1.34492434967e-08, 2.93894618153e-06, 1.21016091725e-06, 9.03523122986e-09, 9.21954949717e-07, 5.56093446846e-08, 2.2374307207e-07, 1.03235194615e-07, 5.35162918425e-08, 2.22257572347e-08, 1.37777460552e-08, 3.053229225e-09, 3.50645712466e-09, 1.77536900736e-08, 5.7532747455e-09, 4.53102488862e-09, 2.92998625362e-09],
        "dmean2": [1.58865319122e-07, 1.05601017708e-07, 1.77827160996e-07, 2.18550553654e-07, 2.38607896108e-07, 1.57397096245e-07, 1.04801038958e-07, 2.47501446893e-07, 1.49290372065e-07, 5.52711355795e-07, 0.000114783571917, 5.67368806514e-05, 1.40442239172e-06, 2.11001278672e-07, 2.72668927437e-07, 3.5692170286e-07, 8.04280261946e-06, 9.66646348388e-06, 4.78257149439e-08, 1.35091662301e-08, 3.15362512993e-07, 1.32275658871e-06, 4.53500419439e-08, 2.25050058589e-08, 2.99857629216e-06, 1.2577694406e-06, 1.45365346427e-08, 1.14833585485e-06, 7.43019867855e-08, 1.98470871737e-07, 9.59303605441e-08, 4.77320298842e-08, 2.14431512546e-08, 1.95843714579e-08, 4.24171009428e-09, 4.98506791402e-09, 2.44345397249e-08, 7.55818341247e-09, 6.73106903548e-09, 4.10998701739e-09],
        "dvar": [5.24618156805e-15, 7.36106613625e-15, 4.60432608923e-14, 2.65728167552e-13, 3.6021465216e-13, 7.29976178788e-14, 2.20961961293e-14, 1.00457267288e-13, 3.04752086739e-14, 5.30784942908e-13, 1.82828472362e-07, 2.95359363633e-08, 1.37144974197e-11, 1.88994842996e-13, 3.11132982442e-13, 5.47347106875e-13, 1.8849304062e-10, 2.71042854827e-10, 1.76158763412e-14, 3.50846499527e-16, 3.67280750084e-13, 4.56135129667e-12, 1.19409563414e-14, 1.02362470544e-15, 4.72106971572e-11, 7.84062224868e-12, 5.83848746175e-16, 8.17919950519e-12, 3.29050582084e-14, 5.51799545726e-13, 1.2105220255e-13, 2.65326158939e-14, 4.97547153217e-15, 1.91083877813e-15, 6.66705787008e-17, 1.02948470436e-16, 2.37797448392e-15, 2.84937568882e-16, 1.45893947452e-16, 5.28852531418e-17],
        "dvar2": [1.46972820199e-14, 1.78595050397e-14, 1.23137543456e-13, 7.5755417564e-13, 7.3494693404e-13, 1.35201691422e-13, 3.31634879606e-14, 2.82039555556e-13, 5.74514800967e-14, 1.00480181901e-12, 7.54270459424e-08, 2.15558877414e-08, 1.37407628678e-11, 4.38289378749e-13, 7.61238131992e-13, 5.19988078203e-13, 3.65543761927e-10, 5.06905073472e-10, 2.00934629585e-14, 5.55858754191e-16, 6.25729231884e-13, 1.01311832187e-11, 1.20020223347e-14, 2.43302844912e-15, 6.11420497565e-11, 1.01654977838e-11, 1.41255904729e-15, 9.79881280283e-12, 5.86994510074e-14, 3.20201791514e-13, 7.48272835837e-14, 1.3615255875e-14, 3.00465604511e-15, 2.85480914048e-15, 1.04548052452e-16, 1.8944359057e-16, 4.06742722524e-15, 4.8954216247e-16, 3.53247679114e-16, 1.1495822634e-16],
        "max": [3.75313334189e-07, 8.09786570244e-07, 2.1217063022e-06, 4.38986080553e-06, 5.44042450201e-06, 2.42880469159e-06, 2.08579058381e-06, 3.34627793563e-06, 3.10026030093e-06, 1.08430440378e-05, 0.0107180839404, 0.00423317728564, 8.89265647857e-05, 4.00955468649e-06, 5.25229779669e-06, 1.82253661478e-05, 0.000110103057523, 0.000143924931763, 2.00278964257e-06, 2.30245646549e-07, 6.29269834462e-06, 1.70355051523e-05, 1.87475450275e-06, 2.8375779948e-07, 0.000118323296192, 4.75207925774e-05, 2.40549127284e-07, 4.20095966547e-05, 2.49752565651e-06, 1.13371925181e-05, 5.20937965121e-06, 2.68153462457e-06, 1.11793497126e-06, 5.46742455754e-07, 1.02295274473e-07, 1.17656959731e-07, 4.95400229283e-07, 2.13277644434e-07, 1.00640171752e-07, 7.20541493138e-08],
        "mean": [1.29739333943e-07, 9.60665644811e-08, 1.33894445753e-07, 1.4260996295e-07, 1.47425438968e-07, 2.10076066764e-07, 1.64947294934e-07, 1.96318708845e-07, 3.63799472325e-07, 1.62448270657e-06, 0.00125849619508, 0.000484383781441, 9.26810116653e-06, 2.32543342804e-07, 2.69444313972e-07, 2.26797169489e-06, 1.04559940155e-05, 1.21031334857e-05, 9.89373774019e-08, 2.49954688059e-08, 4.84744646201e-07, 1.80663460014e-06, 1.12086084414e-07, 2.24815543959e-08, 8.59241208673e-06, 3.52410961568e-06, 2.28877183872e-08, 2.24537416216e-06, 1.02102973187e-07, 5.29028170604e-07, 2.49087037218e-07, 1.42574066331e-07, 6.08548234027e-08, 2.92992279327e-08, 6.71503164185e-09, 7.66861329993e-09, 4.08736759994e-08, 1.03203170454e-08, 8.02387045695e-09, 7.23004101033e-09],
        "median": [1.13980561878e-07, 6.7943553006e-08, 6.37759569599e-08, 2.33012116269e-08, 3.3465834548e-08, 4.50497239513e-08, 3.19719895003e-08, 7.63683303262e-08, 2.22996803245e-07, 1.08111294139e-06, 1.2265463738e-05, 5.4663123592e-06, 3.66659662632e-08, 1.65512066275e-08, 1.32440645118e-08, 1.14085707992e-07, 1.19187994585e-07, 2.5046389851e-08, 1.280030415e-09, 9.91298265696e-10, 1.73117509217e-09, 1.31583866025e-09, 5.60448298881e-10, 3.98208244157e-10, 5.33201482966e-10, 4.14619560907e-10, 2.50144155389e-10, 2.5056709485e-10, 1.8501160326e-10, 1.64878652398e-10, 1.46813103341e-10, 1.39599817817e-10, 1.36431199671e-10, 1.38379474546e-10, 1.51530427095e-10, 1.66584426808e-10, 1.7138601649e-10, 1.71431951967e-10, 1.66455293993e-10, 1.62617683208e-10],
        "min": [2.69268962683e-09, 2.23212603956e-09, 1.94008342724e-09, 7.4337885847e-10, 3.71175534752e-10, 2.11830553098e-10, 4.17173434686e-10, 7.91475440742e-10, 3.67397223755e-09, 5.33928945501e-09, 1.8819696912e-09, 5.43204758952e-10, 1.03320969835e-10, 7.95115570607e-11, 4.65740467026e-11, 9.42888267463e-11, 6.02527056026e-11, 1.89971406661e-11, 2.23183398845e-11, 2.39236686017e-11, 1.20481723556e-11, 1.63358530262e-12, 6.00551726404e-12, 5.19870127849e-12, 4.44587335696e-12, 4.41958015324e-12, 4.5770557483e-12, 2.26719055856e-12, 1.02565102678e-12, 2.34593637918e-12, 2.64430231184e-12, 2.13542486645e-12, 4.06476501763e-12, 4.6915388241e-12, 2.53016141025e-12, 3.92313482048e-12, 4.58183534516e-12, 3.16669325311e-12, 2.73550735015e-12, 1.54217090487e-12],
        "var": [7.03172659734e-15, 1.13193976355e-14, 6.40297073717e-14, 2.70778896267e-13, 4.06525534806e-13, 2.05507323398e-13, 1.34227495113e-13, 1.48878413937e-13, 2.32681631124e-13, 3.18632923865e-12, 5.57597513762e-06, 8.16215163013e-07, 4.06034983413e-10, 4.48823541267e-13, 7.12246451054e-13, 1.76574640326e-11, 4.72656358497e-10, 6.71407152097e-10, 7.84759356023e-14, 2.06334833083e-15, 1.19407110068e-12, 1.52649524965e-11, 9.39786375348e-14, 2.66648301136e-15, 5.06906461251e-10, 8.34659633075e-11, 2.20839721733e-15, 5.08240637076e-11, 1.14073531979e-13, 3.38949766691e-12, 7.42780403157e-13, 2.24366261247e-13, 4.07392489968e-14, 8.45046485586e-15, 2.88958328404e-16, 3.25962153845e-16, 1.08037112717e-14, 8.86200703647e-16, 3.80450565732e-16, 2.54985451546e-16]
    },
    "mfcc": {
        "mean": [-969.041687012, 88.6099090576, -13.3295564651, -29.746837616, -32.4726104736, -8.47966861725, 14.5186243057, 17.5221347809, 19.4201793671, 17.41157341, 2.74941277504, -18.3498649597, -24.4164829254],
        "cov": [[11555.7441406, -1800.15698242, -4704.75244141, -424.127746582, -1050.61584473, -12.126452446, 904.715820312, 257.299957275, 218.838912964, -81.3418426514, -629.075622559, -1196.66345215, -702.249267578], [-1800.15698242, 954.486999512, 613.992980957, -170.381103516, 220.771713257, -5.46442937851, -122.723106384, 49.3032035828, -22.3312988281, 5.77428102493, -10.511464119, 38.6466293335, 30.9362831116], [-4704.75244141, 613.992980957, 2227.77636719, 255.785018921, 290.861663818, -19.1443309784, -381.923919678, -112.455802917, -88.7964706421, -23.0734939575, 272.262420654, 593.511413574, 407.365112305], [-424.127746582, -170.381103516, 255.785018921, 290.450836182, 134.638168335, -23.5931510925, -93.4287338257, -75.6575164795, -57.9767532349, -0.509606659412, 52.5829620361, 86.9638214111, 18.2492427826], [-1050.61584473, 220.771713257, 290.861663818, 134.638168335, 332.09979248, 37.4162025452, -136.228927612, -93.6770401001, -67.3747329712, 65.7208557129, 67.2926635742, 31.5420093536, -88.625869751], [-12.126452446, -5.46442937851, -19.1443309784, -23.5931510925, 37.4162025452, 69.3162307739, 6.76659631729, -22.2315769196, 11.8844614029, 28.5306491852, 12.1893453598, -20.2334403992, -52.8162841797], [904.715820312, -122.723106384, -381.923919678, -93.4287338257, -136.228927612, 6.76659631729, 151.31098938, 92.9218673706, 73.4929122925, -4.62236022949, -83.5918731689, -99.6115493774, -17.9901447296], [257.299957275, 49.3032035828, -112.455802917, -75.6575164795, -93.6770401001, -22.2315769196, 92.9218673706, 121.697998047, 69.0909957886, -23.5445137024, -79.6898498535, -42.4385910034, 44.4301643372], [218.838912964, -22.3312988281, -88.7964706421, -57.9767532349, -67.3747329712, 11.8844614029, 73.4929122925, 69.0909957886, 98.7934188843, 10.9411172867, -53.877872467, -29.8479652405, 0.443893313408], [-81.3418426514, 5.77428102493, -23.0734939575, -0.509606659412, 65.7208557129, 28.5306491852, -4.62236022949, -23.5445137024, 10.9411172867, 68.5220108032, 34.1089324951, -10.7684803009, -66.3546142578], [-629.075622559, -10.511464119, 272.262420654, 52.5829620361, 67.2926635742, 12.1893453598, -83.5918731689, -79.6898498535, -53.877872467, 34.1089324951, 132.854354858, 115.620941162, 27.1914310455], [-1196.66345215, 38.6466293335, 593.511413574, 86.9638214111, 31.5420093536, -20.2334403992, -99.6115493774, -42.4385910034, -29.8479652405, -10.7684803009, 115.620941162, 229.768768311, 164.556243896], [-702.249267578, 30.9362831116, 407.365112305, 18.2492427826, -88.625869751, -52.8162841797, -17.9901447296, 44.4301643372, 0.443893313408, -66.3546142578, 27.1914310455, 164.556243896, 229.570556641]],
