{
"lowlevel": {
    "average_loudness": 0.248964399099,
    "barkbands_crest": {
        "dmean": 2.17623543739,
        "dmean2": 3.66515898705,
        "dvar": 4.18049955368,
        "dvar2": 11.0860528946,
        "max": 22.7061500549,
        "mean": 7.12018013,
        "median": 6.43039703369,
        "min": 2.18952965736,
        "var": 9.64011859894
    },
    "barkbands_flatness_db": {
        "dmean": 0.0201258659363,
        "dmean2": 0.032153211534,
        "dvar": 0.000410512671806,
        "dvar2": 0.000996119575575,
        "max": 0.263031065464,
        "mean": 0.10205168277,
        "median": 0.097917996347,
        "min": 0.0116444258019,
        "var": 0.00277715153061
    },
    "barkbands_kurtosis": {
        "dmean": 2.2129342556,
        "dmean2": 3.63466644287,
        "dvar": 10.7413396835,
        "dvar2": 28.1795730591,
        "max": 36.2085494995,
        "mean": 2.76845693588,
        "median": 1.17367315292,
        "min": -1.76664793491,
        "var": 22.9497890472
    },
    "barkbands_skewness": {
        "dmean": 0.566079318523,
        "dmean2": 0.914536356926,
        "dvar": 0.358945071697,
        "dvar2": 0.803349077702,
        "max": 4.24812507629,
        "mean": 0.768189847469,
        "median": 0.767561256886,
        "min": -4.80057382584,
        "var": 1.56334757805
    },
    "barkbands_spread": {
        "dmean": 9.9566526413,
        "dmean2": 15.9377651215,
        "dvar": 181.784194946,
        "dvar2": 405.604400635,
        "max": 126.263313293,
        "mean": 36.9438209534,
        "median": 27.2074375153,
        "min": 2.72383475304,
        "var": 924.903015137
    },
    "dissonance": {
        "dmean": 0.0172903519124,
        "dmean2": 0.0297956038266,
        "dvar": 0.000447020574939,
        "dvar2": 0.00121532764751,
        "max": 0.499999523163,
        "mean": 0.476751148701,
        "median": 0.485742002726,
        "min": 0.323845982552,
        "var": 0.000631722796243
    },
    "dynamic_complexity": 16.3357772827,
    "erbbands_crest": {
        "dmean": 2.13246417046,
        "dmean2": 3.64076948166,
        "dvar": 3.99748110771,
        "dvar2": 10.649928093,
        "max": 20.7807006836,
        "mean": 7.04746007919,
        "median": 6.45480585098,
        "min": 1.99996197224,
        "var": 10.3886909485
    },
    "erbbands_flatness_db": {
        "dmean": 0.0201583039016,
        "dmean2": 0.0309498012066,
        "dvar": 0.000507598742843,
        "dvar2": 0.00107523694169,
        "max": 0.321444839239,
        "mean": 0.149596005678,
        "median": 0.140991583467,
        "min": 0.0208051297814,
        "var": 0.00525958416983
    },
    "erbbands_kurtosis": {
        "dmean": 1.26176869869,
        "dmean2": 2.03522348404,
        "dvar": 2.18159389496,
        "dvar2": 5.4921169281,
        "max": 15.1381149292,
        "mean": 1.60921418667,
        "median": 0.731235265732,
        "min": -1.52137410641,
        "var": 7.64423418045
    },
    "erbbands_skewness": {
        "dmean": 0.392840057611,
        "dmean2": 0.639881432056,
        "dvar": 0.179332986474,
        "dvar2": 0.441464334726,
        "max": 2.74478173256,
        "mean": 0.38417994976,
        "median": 0.371425032616,
        "min": -2.43522047997,
        "var": 0.880320012569
    },
    "erbbands_spread": {
        "dmean": 7.93445539474,
        "dmean2": 12.6308660507,
        "dvar": 106.08896637,
        "dvar2": 224.867889404,
        "max": 101.583816528,
        "mean": 32.8687438965,
        "median": 26.798789978,
        "min": 3.01840662956,
        "var": 482.466003418
    },
    "hfc": {
        "dmean": 15.7033977509,
        "dmean2": 25.9368286133,
        "dvar": 6408.15966797,
        "dvar2": 17333.9941406,
        "max": 876.619934082,
        "mean": 15.5726423264,
        "median": 0.322965174913,
        "min": 0.00227381894365,
        "var": 5340.3828125
    },
    "melbands_crest": {
        "dmean": 2.60241746902,
        "dmean2": 4.15352582932,
        "dvar": 5.50520467758,
        "dvar2": 14.9198703766,
        "max": 24.3014068604,
        "mean": 9.17924880981,
        "median": 8.37336158752,
        "min": 2.6029484272,
        "var": 14.5073814392
    },
    "melbands_flatness_db": {
        "dmean": 0.0234602931887,
        "dmean2": 0.0366796590388,
        "dvar": 0.000571830896661,
        "dvar2": 0.00126435013954,
        "max": 0.37532505393,
        "mean": 0.152377560735,
        "median": 0.156809717417,
        "min": 0.0124127250165,
        "var": 0.00549618899822
    },
    "melbands_kurtosis": {
        "dmean": 3.40804409981,
        "dmean2": 5.43344163895,
        "dvar": 32.8580780029,
        "dvar2": 74.0200500488,
        "max": 62.7834625244,
        "mean": 5.59531354904,
        "median": 2.6355099678,
        "min": -1.70225203037,
        "var": 72.6488342285
    },
    "melbands_skewness": {
        "dmean": 0.601438045502,
        "dmean2": 0.974626362324,
        "dvar": 0.428136914968,
        "dvar2": 0.920615375042,
        "max": 6.37441635132,
        "mean": 1.39247918129,
        "median": 1.26269578934,
        "min": -2.26054883003,
        "var": 1.57680618763
    },
    "melbands_spread": {
        "dmean": 13.5730981827,
        "dmean2": 21.834646225,
        "dvar": 580.52947998,
        "dvar2": 1483.48388672,
        "max": 236.905548096,
        "mean": 39.8259887695,
        "median": 21.3355731964,
        "min": 3.39055538177,
        "var": 1939.58190918
    },
    "pitch_salience": {
        "dmean": 0.0685408264399,
        "dmean2": 0.116097517312,
        "dvar": 0.00377328274772,
        "dvar2": 0.0106657063589,
        "max": 0.938491880894,
        "mean": 0.71998667717,
        "median": 0.738804340363,
        "min": 0.321370303631,
        "var": 0.00819195620716
    },
    "silence_rate_20dB": {
        "dmean": 0.00888888910413,
        "dmean2": 0.0178173724562,
        "dvar": 0.00880987755954,
        "dvar2": 0.0174999628216,
        "max": 1,
        "mean": 0.986696243286,
        "median": 1,
        "min": 0,
        "var": 0.0131267411634
    },
    "silence_rate_30dB": {
        "dmean": 0.0177777782083,
        "dmean2": 0.0356347449124,
        "dvar": 0.0174617599696,
        "dvar2": 0.0343651026487,
        "max": 1,
        "mean": 0.964523255825,
        "median": 1,
        "min": 0,
        "var": 0.0342182330787
    },
    "silence_rate_60dB": {
        "dmean": 0.0577777773142,
        "dmean2": 0.113585747778,
        "dvar": 0.0544392168522,
        "dvar2": 0.109592378139,
        "max": 1,
        "mean": 0.780487775803,
        "median": 1,
        "min": 0,
        "var": 0.171327069402
    },
    "spectral_centroid": {
        "dmean": 307.035583496,
        "dmean2": 491.557830811,
        "dvar": 227667.46875,
        "dvar2": 497155.09375,
        "max": 6294.85546875,
        "mean": 1649.22521973,
        "median": 1414.86547852,
        "min": 376.017425537,
        "var": 1076253.125
    },
    "spectral_complexity": {
        "dmean": 2.14222216606,
        "dmean2": 2.90423154831,
        "dvar": 21.5664329529,
        "dvar2": 33.6812400818,
        "max": 62,
        "mean": 5.94013309479,
        "median": 0,
        "min": 0,
        "var": 117.994194031
    },
    "spectral_decrease": {
        "dmean": 3.25610249874e-09,
        "dmean2": 4.98909757951e-09,
        "dvar": 4.10749251892e-16,
        "dvar2": 8.13034685878e-16,
        "max": -5.57621101529e-15,
        "mean": -4.05728250996e-09,
        "median": -4.34403173155e-11,
        "min": -3.47204633044e-07,
        "var": 6.23536792555e-16
    },
    "spectral_energy": {
        "dmean": 0.0136835258454,
        "dmean2": 0.0211545191705,
        "dvar": 0.00654929270968,
        "dvar2": 0.0131773278117,
        "max": 1.35712778568,
        "mean": 0.0167255606502,
        "median": 0.000212324957829,
        "min": 2.2728782767e-07,
        "var": 0.00977522414178
    },
    "spectral_energyband_high": {
        "dmean": 0.000655938638374,
        "dmean2": 0.00118533836212,
        "dvar": 2.12922022911e-05,
        "dvar2": 6.05301502219e-05,
        "max": 0.0642790198326,
        "mean": 0.000468660553452,
        "median": 6.3157999648e-06,
        "min": 6.87028602897e-08,
        "var": 1.32395734909e-05
    },
    "spectral_energyband_low": {
        "dmean": 0.000132444693008,
        "dmean2": 0.000217240361962,
        "dvar": 4.33209322637e-07,
        "dvar2": 9.48382592014e-07,
        "max": 0.00948486011475,
        "mean": 0.000117690447951,
        "median": 4.65078346679e-06,
        "min": 1.21867111957e-08,
        "var": 5.12359690674e-07
    },
    "spectral_energyband_middle_high": {
        "dmean": 0.00363630359061,
        "dmean2": 0.00556198880076,
        "dvar": 0.000411147368141,
        "dvar2": 0.0010635840008,
        "max": 0.266391694546,
        "mean": 0.00443381071091,
        "median": 5.52386009076e-05,
        "min": 5.8813618864e-08,
        "var": 0.000424412690336
    },
    "spectral_energyband_middle_low": {
        "dmean": 0.00974188279361,
        "dmean2": 0.015184385702,
        "dvar": 0.00475913984701,
        "dvar2": 0.00896571017802,
        "max": 1.25533413887,
        "mean": 0.0118182934821,
        "median": 7.43366545066e-05,
        "min": 3.07543324141e-08,
        "var": 0.00753269903362
    },
    "spectral_entropy": {
        "dmean": 0.151230826974,
        "dmean2": 0.23751950264,
        "dvar": 0.0354927964509,
        "dvar2": 0.0752945393324,
        "max": 9.00727844238,
        "mean": 7.84241056442,
        "median": 7.79865503311,
        "min": 6.17164993286,
        "var": 0.323829323053
    },
    "spectral_flux": {
        "dmean": 0.0191165693104,
        "dmean2": 0.0275883283466,
        "dvar": 0.00392831908539,
        "dvar2": 0.00870065391064,
        "max": 0.858683943748,
        "mean": 0.0407284162939,
        "median": 0.0108572011814,
        "min": 0.00141575583257,
        "var": 0.0084867849946
    },
    "spectral_kurtosis": {
        "dmean": 2.19361138344,
        "dmean2": 3.29651880264,
        "dvar": 10.5708932877,
        "dvar2": 22.8704586029,
        "max": 58.6442337036,
        "mean": 8.80053806305,
        "median": 6.37898826599,
        "min": -0.786504745483,
        "var": 70.4020843506
    },
    "spectral_rms": {
        "dmean": 0.000703209836502,
        "dmean2": 0.000975568720605,
        "dvar": 5.05462185174e-06,
        "dvar2": 9.46283489611e-06,
        "max": 0.0363871827722,
        "mean": 0.0016320142895,
        "median": 0.000455133267678,
        "min": 1.48910785356e-05,
        "var": 1.36541475513e-05
    },
    "spectral_rolloff": {
        "dmean": 1559.81762695,
        "dmean2": 2691.12280273,
        "dvar": 11318102,
        "dvar2": 23346756,
        "max": 21210.2050781,
        "mean": 5781.97119141,
        "median": 2110.25390625,
        "min": 279.931640625,
        "var": 40375896
    },
    "spectral_skewness": {
        "dmean": 0.262604296207,
        "dmean2": 0.392741411924,
        "dvar": 0.108941502869,
        "dvar2": 0.238109573722,
        "max": 6.24313640594,
        "mean": 2.12566018105,
        "median": 2.01309800148,
        "min": 0.122766770422,
        "var": 0.981006741524
    },
    "spectral_spread": {
        "dmean": 714840.125,
        "dmean2": 1052856.25,
        "dvar": 1.01034472243e+12,
        "dvar2": 1.8223717417e+12,
        "max": 19411058,
        "mean": 5959874,
        "median": 5655695,
        "min": 1459855.375,
        "var": 9.09307910554e+12
    },
    "spectral_strongpeak": {
        "dmean": 0.246762171388,
        "dmean2": 0.392543077469,
        "dvar": 0.505873501301,
        "dvar2": 1.10181951523,
        "max": 11.4467411041,
        "mean": 0.327327787876,
        "median": 0.0650397315621,
        "min": 0,
        "var": 0.733004212379
    },
    "zerocrossingrate": {
        "dmean": 0.023457031697,
        "dmean2": 0.0274535864592,
        "dvar": 0.000843811722007,
        "dvar2": 0.00131742097437,
        "max": 0.44580078125,
        "mean": 0.164257377386,
        "median": 0.146484375,
        "min": 0.02001953125,
        "var": 0.0107330186293
    },
    "barkbands": {
        "dmean": [1.29680111058e-05, 9.55935320235e-06, 5.01037684444e-05, 0.000321036146488, 0.00461666472256, 0.00425433414057, 0.000946969783399, 0.000925779400859, 0.000798539840616, 0.000583782442845, 0.000514529878274, 0.000453317741631, 0.00040967183304, 0.000431465974543, 0.000302017695503, 0.000261574430624, 0.000653483206406, 0.000310395465931, 0.000260976783466, 0.000101150362752, 7.21911419532e-05, 4.62573407276e-05, 5.44923386769e-05, 0.00013606234279, 0.000196503446205, 9.80539261946e-05, 1.36765793286e-05],
        "dmean2": [2.11239603232e-05, 1.65815818036e-05, 8.27278781799e-05, 0.000523588212673, 0.00715608336031, 0.00574577320367, 0.0016812691465, 0.00151577370707, 0.00142867711838, 0.000988313695416, 0.00087945611449, 0.000627254019491, 0.000687663210556, 0.000684936821926, 0.000550876837224, 0.000457842485048, 0.00122849328909, 0.000540486944374, 0.000478211353766, 0.000179831215064, 0.000126924540382, 8.09145058156e-05, 0.000100120392744, 0.000251296703937, 0.000356033910066, 0.000180476912647, 2.51235796895e-05],
        "dvar": [6.50685239023e-09, 4.06420097576e-09, 9.824385927e-08, 3.93812524635e-06, 0.00190626713447, 0.000895434233826, 2.94745896099e-05, 5.75354169996e-05, 1.25030192066e-05, 1.0993126125e-05, 7.00126520314e-06, 3.61342290489e-06, 4.488184004e-06, 8.15946259536e-06, 3.01257909996e-06, 1.89713500731e-06, 5.96368918195e-05, 8.47047431307e-06, 5.22376467416e-06, 4.7508351031e-07, 1.55612752906e-07, 7.73386688024e-08, 1.55555284209e-07, 1.01850685041e-06, 2.88815931526e-06, 1.2257180515e-06, 1.20314771479e-08],
        "dvar2": [1.51207917298e-08, 1.06320499071e-08, 2.23260371968e-07, 9.59904355113e-06, 0.00445153284818, 0.00146704621147, 8.26702162158e-05, 0.000150436579133, 3.45034095517e-05, 2.30108198593e-05, 1.97128774744e-05, 6.03359421802e-06, 1.15356233437e-05, 2.09542595258e-05, 8.85250847205e-06, 5.17314947501e-06, 0.000176075831405, 2.39849669015e-05, 1.48447115862e-05, 1.37240374443e-06, 4.40867694351e-07, 2.14991132452e-07, 4.44306408554e-07, 2.9345819712e-06, 8.17345699033e-06, 3.5023831515e-06, 3.45056463402e-08],
        "max": [0.00142975896597, 0.000767130055465, 0.00494915619493, 0.032005418092, 0.787397921085, 0.638073205948, 0.0803539007902, 0.132636785507, 0.0400422140956, 0.0525960884988, 0.0377613082528, 0.0378635935485, 0.0337663851678, 0.0483721494675, 0.0244120117277, 0.0168085489422, 0.121017277241, 0.0486808754504, 0.0358283668756, 0.0104950247332, 0.00506162457168, 0.00367893977091, 0.00587315298617, 0.0130792213604, 0.0239024031907, 0.0177612490952, 0.00157633936033],
        "mean": [1.05323488242e-05, 7.60287139201e-06, 4.39611067122e-05, 0.000255641352851, 0.00373027171008, 0.00486888643354, 0.000938433804549, 0.000946927873883, 0.000933197210543, 0.00080465892097, 0.00052193691954, 0.00061910552904, 0.000520898378454, 0.000495762797073, 0.000338247045875, 0.000268797739409, 0.000439206633018, 0.000262890011072, 0.000199167538085, 9.06717468752e-05, 6.16729303147e-05, 3.48200846929e-05, 4.1486317059e-05, 8.99494043551e-05, 0.00012789205357, 6.12322328379e-05, 1.03148222479e-05],
        "median": [2.61839181803e-06, 8.3480279045e-07, 7.18459716609e-07, 1.39798464716e-06, 7.78572302806e-06, 1.08738577183e-05, 9.07170760911e-06, 6.85484246787e-06, 1.03323391158e-05, 8.90932005859e-06, 6.65302241032e-06, 6.23760661256e-06, 4.47295133199e-06, 2.92416757475e-06, 2.5065526188e-06, 1.55238831212e-06, 1.29880345412e-06, 1.36781966376e-06, 1.27612656797e-06, 1.17798708743e-06, 7.45247007217e-07, 4.87480519951e-07, 5.15213002927e-07, 6.78946605603e-07, 5.28483894868e-07, 2.37476342591e-07, 1.72858415226e-06],
        "min": [3.04866354384e-09, 4.16312584406e-09, 4.95106711185e-09, 2.79027290162e-09, 3.15802806128e-09, 1.57702952919e-08, 3.74296904582e-09, 3.22684073906e-10, 2.10637063347e-09, 2.11551611784e-08, 4.37636771267e-09, 1.02746984254e-08, 6.54665521793e-09, 1.47029555198e-09, 1.00859598451e-09, 1.28542754219e-09, 2.12664796884e-09, 1.25958421471e-09, 1.61138213883e-09, 8.69903871159e-10, 8.26174240132e-10, 2.41012765301e-09, 6.68583144403e-09, 9.88956205816e-09, 7.30541449556e-09, 5.4067252897e-09, 4.32733671119e-08],
        "var": [5.67555780151e-09, 3.26257909578e-09, 1.02207557973e-07, 3.39881444233e-06, 0.00171601760667, 0.00169238867238, 2.91205014946e-05, 4.90845814056e-05, 1.72380514414e-05, 1.65783021657e-05, 6.36907952867e-06, 7.54457960284e-06, 4.76422792417e-06, 7.52424557504e-06, 2.52978975368e-06, 1.70614453054e-06, 3.30526454491e-05, 5.96338486503e-06, 3.3753376556e-06, 3.42700559486e-07, 1.15233341091e-07, 5.13432212301e-08, 9.72689448986e-08, 6.14321209014e-07, 1.77917843303e-06, 7.25081918063e-07, 7.16402137613e-09]
    },
    "erbbands": {
        "dmean": [0.000332021823851, 0.00269581680186, 0.0397743396461, 0.52297347784, 5.36155891418, 23.9486293793, 20.9530086517, 31.3123722076, 15.4482212067, 20.0114326477, 12.4611911774, 17.087223053, 16.5917797089, 18.7616024017, 17.8795032501, 19.6832962036, 20.9246616364, 22.4499282837, 16.852432251, 13.8624792099, 17.5718574524, 36.7589378357, 20.404176712, 15.9064769745, 10.0226678848, 5.29054355621, 2.74910330772, 2.75715756416, 1.71147727966, 2.01493358612, 1.32842457294, 1.98800694942, 2.88918709755, 2.43682551384, 1.21408045292, 0.559194922447, 0.146882712841, 0.0218684077263, 0.00205460912548, 0.000126346669276],
        "dmean2": [0.000590130337514, 0.00491687143221, 0.0657917261124, 0.812368094921, 8.56572437286, 36.764125824, 28.9633979797, 50.8210678101, 26.8827476501, 32.5701637268, 19.6880893707, 29.1799411774, 23.3470878601, 31.427936554, 30.4576034546, 27.2949371338, 34.3307685852, 35.17993927, 28.9381446838, 24.3658370972, 31.8693695068, 69.0549163818, 37.5280799866, 28.6584091187, 18.084646225, 9.49464511871, 4.66979551315, 4.89713287354, 2.99740481377, 3.67162227631, 2.42442035675, 3.58637499809, 5.37378692627, 4.53527784348, 2.14159369469, 1.01777160168, 0.269280672073, 0.040696747601, 0.00364196789451, 0.000226617383305],
        "dvar": [4.92808612762e-06, 0.000313845695928, 0.0555352605879, 8.07372379303, 1391.23803711, 60207.1679688, 27006.9804688, 57325.0546875, 11184.1074219, 21831.5917969, 5410.98242188, 5693.73876953, 7168.37402344, 9185.08691406, 6546.09912109, 6834.9921875, 11515.5986328, 24179.7949219, 9195.63085938, 4311.64453125, 13832.2978516, 185334.0625, 43870.4570312, 23018.9160156, 5485.88720703, 1418.80822754, 211.635574341, 256.825195312, 112.749252319, 274.246002197, 71.4648666382, 189.633514404, 526.867248535, 467.671356201, 105.515602112, 38.1215400696, 2.57883119583, 0.0479353293777, 0.000246146839345, 5.77008904656e-07],
        "dvar2": [1.14992162707e-05, 0.000775536522269, 0.12210354954, 17.7230396271, 3265.49609375, 139218.375, 46687.8476562, 104208.382812, 32942.3515625, 58442.3867188, 13305.7783203, 15355.6894531, 16043.2353516, 20152.0449219, 17688.5683594, 11818.4316406, 29339.7148438, 61121.2109375, 26259.7167969, 12007.2890625, 39621.3554688, 544237.5, 125856.273438, 66612.421875, 15402.0820312, 4125.12695312, 578.267272949, 737.66583252, 317.794494629, 802.926574707, 197.719085693, 538.98425293, 1531.11413574, 1354.46166992, 291.952972412, 108.592880249, 7.30720949173, 0.137752577662, 0.000694653659593, 1.6112475123e-06],
        "max": [0.0288597047329, 0.198560997844, 3.64201688766, 50.1764259338, 671.140869141, 4384.47753906, 3525.3671875, 4360.76367188, 1610.63439941, 2598.75219727, 1216.7175293, 881.433349609, 1391.58789062, 1372.52490234, 1010.58648682, 1607.99316406, 1653.87731934, 2677.10839844, 1427.93164062, 708.677307129, 1627.50158691, 6774.81591797, 3401.97070312, 2492.91430664, 992.947509766, 577.56854248, 203.079101562, 216.151245117, 131.470779419, 242.734954834, 120.31174469, 152.288131714, 319.04006958, 307.832214355, 142.011932373, 99.1677093506, 25.8557739258, 3.40642595291, 0.22980260849, 0.00894769188017],
        "mean": [0.000286660040729, 0.00226097484119, 0.0358511507511, 0.462157905102, 4.53813409805, 19.0341892242, 22.7973670959, 40.7140083313, 14.8468465805, 21.2506046295, 16.7212924957, 20.5326042175, 21.5857162476, 25.6012973785, 22.6209430695, 26.6697769165, 25.6318321228, 25.7126483917, 20.9776515961, 14.6154537201, 16.6082401276, 24.9775562286, 15.5959682465, 12.7569971085, 7.87379550934, 4.59902238846, 2.66501951218, 2.21302771568, 1.2973126173, 1.41846466064, 1.06095898151, 1.39076030254, 1.8537068367, 1.52082180977, 0.827466964722, 0.357416898012, 0.0917604640126, 0.0136112859473, 0.00154986267444, 0.000124944432173],
        "median": [4.42999371444e-05, 0.000163749849889, 0.00073162879562, 0.00345718394965, 0.0111426971853, 0.0257660131902, 0.0574843399227, 0.0967251956463, 0.118667297065, 0.165687173605, 0.160189479589, 0.221579045057, 0.257430553436, 0.340823352337, 0.304583877325, 0.296394884586, 0.208319708705, 0.162062868476, 0.134584084153, 0.116622172296, 0.0906343460083, 0.0732716172934, 0.0781894251704, 0.0678657963872, 0.0572187975049, 0.0538897588849, 0.0365985780954, 0.0266782715917, 0.0182608831674, 0.0142750032246, 0.0146439094096, 0.0128337750211, 0.0113933980465, 0.00655624084175, 0.00313467532396, 0.00105275143869, 0.000407900544815, 0.000353107549017, 0.000196649692953, 3.51535745722e-05],
        "min": [1.15432655434e-07, 1.01220064153e-06, 4.9513414524e-06, 8.62704746396e-06, 6.74333068673e-06, 8.85278041096e-06, 6.56619595247e-05, 0.00014277806622, 8.58866114868e-05, 2.04125535674e-05, 7.91274851508e-06, 4.66224519187e-05, 0.000341308536008, 0.000576326157898, 0.000237725733314, 0.000618130376097, 0.000349259673385, 8.05784511613e-05, 6.44068932161e-05, 8.10914425529e-05, 7.76558299549e-05, 0.000102920697827, 5.98961778451e-05, 0.000103468395537, 4.7123983677e-05, 4.56265042885e-05, 2.14094015973e-05, 6.01183455728e-05, 0.000105699364212, 0.000135493624839, 0.000174187967787, 0.000138014627737, 0.000176781657501, 7.68764002714e-05, 6.93621987011e-05, 2.73830410151e-05, 7.59077602197e-06, 8.9341410785e-06, 6.66910727887e-06, 7.10563483608e-07],
        "var": [4.61542640551e-06, 0.000276531704003, 0.0613370724022, 8.83048057556, 1367.65026855, 53656.03125, 43271.4023438, 110519.664062, 9130.66699219, 21533.6542969, 6789.61474609, 8451.29785156, 10643.4785156, 13974.5488281, 8301.58886719, 13985.8017578, 12115.3378906, 21803.5917969, 8760.83007812, 4096.58447266, 10298.9882812, 104014.046875, 27474.0917969, 15199.1542969, 3774.74414062, 980.167358398, 186.81993103, 172.945297241, 72.1286392212, 159.05682373, 48.5683250427, 117.916725159, 308.878356934, 269.787567139, 69.4430770874, 22.8413467407, 1.5526304245, 0.0280617978424, 0.000155698027811, 3.74541315296e-07]
    },
    "gfcc": {
        "mean": [-200.614089966, 37.384349823, -107.618347168, -21.1590824127, -56.8327980042, -8.4890422821, -34.242855072, -5.02965211868, -22.5175991058, -6.32850551605, -8.113240242, -4.24700212479, -5.57691383362],
        "cov": [[16070.9189453, 1408.91711426, -4909.20068359, 45.9712982178, -1362.25158691, -317.455963135, -1323.60339355, -238.997650146, -967.327026367, -136.276245117, -451.090789795, -297.323516846, -60.5477027893], [1408.91711426, 2684.00537109, -837.871398926, -1072.92468262, -17.1075057983, -429.121276855, 121.306640625, -311.112487793, -127.448410034, -272.730957031, -34.0401229858, -150.671264648, 68.8034133911], [-4909.20068359, -837.871398926, 2554.84326172, 372.141143799, 185.978988647, 114.633148193, 230.486083984, 113.049331665, 253.896575928, 47.8029937744, 39.2932243347, 72.2778091431, -59.8350219727], [45.9712982178, -1072.92468262, 372.141143799, 854.562194824, -34.9576911926, 105.20841217, -159.547073364, 91.4977722168, 7.12050819397, 61.5504341125, -55.6253128052, -6.10903310776, -56.8526954651], [-1362.25158691, -17.1075057983, 185.978988647, -34.9576911926, 362.653381348, 58.8580856323, 144.124359131, 33.0039710999, 108.905158997, 9.36087036133, 51.8902778625, 9.79806613922, 8.60846138], [-317.455963135, -429.121276855, 114.633148193, 105.20841217, 58.8580856323, 199.197128296, 23.5618343353, 82.7975616455, 27.7517681122, 55.0449981689, 18.3500480652, 30.2643642426, -17.1849403381], [-1323.60339355, 121.306640625, 230.486083984, -159.547073364, 144.124359131, 23.5618343353, 244.001800537, 22.9562549591, 97.1534042358, -3.23546409607, 62.4389190674, 34.1716918945, 28.3466835022], [-238.997650146, -311.112487793, 113.049331665, 91.4977722168, 33.0039710999, 82.7975616455, 22.9562549591, 136.498245239, 53.4629440308, 40.0670433044, 15.2759170532, 19.5108623505, -9.26833438873], [-967.327026367, -127.448410034, 253.896575928, 7.12050819397, 108.905158997, 27.7517681122, 97.1534042358, 53.4629440308, 121.302932739, 48.3679008484, 48.2820396423, 26.801651001, 5.42795467377], [-136.276245117, -272.730957031, 47.8029937744, 61.5504341125, 9.36087036133, 55.0449981689, -3.23546409607, 40.0670433044, 48.3679008484, 108.06791687, 37.5986366272, 30.5382232666, 3.19317936897], [-451.090789795, -34.0401229858, 39.2932243347, -55.6253128052, 51.8902778625, 18.3500480652, 62.4389190674, 15.2759170532, 48.2820396423, 37.5986366272, 74.0341110229, 37.3995628357, 18.2283058167], [-297.323516846, -150.671264648, 72.2778091431, -6.10903310776, 9.79806613922, 30.2643642426, 34.1716918945, 19.5108623505, 26.801651001, 30.5382232666, 37.3995628357, 65.7104415894, 21.3163337708], [-60.5477027893, 68.8034133911, -59.8350219727, -56.8526954651, 8.60846138, -17.1849403381, 28.3466835022, -9.26833438873, 5.42795467377, 3.19317936897, 18.2283058167, 21.3163337708, 42.3905410767]],
        "icov": [[0.000757249013986, -0.000712562177796, 0.00105852051638, -0.000666416308377, 0.00109457597136, -0.000300719577353, 0.00149699533358, -0.0012849054765, 0.00175006012432, -0.00133820122574, 0.00134731852449, -0.00105096783955, 0.00103816797491], [-0.000712562177796, 0.00257704989053, -0.000827999203466, 0.00236107246019, -0.00107094366103, 0.00192030519247, -0.00170731567778, 0.00242841150612, -0.00198383093812, 0.00313493120484, -0.00167031853925, 0.00417575705796, -0.00189776474144], [0.00105852051638, -0.000827999203466, 0.00213162042201, -0.0010788309155, 0.00169018574525, -0.00035470459261, 0.00157742167357, -0.00133592588827, 0.000946816289797, -0.00126039725728, 0.00241397949867, -0.00207147886977, 0.00256114429794], [-0.000666416308377, 0.00236107246019, -0.0010788309155, 0.004023198504, -0.00119779782835, 0.00128367985599, -6.39963036519e-05, 0.00154795614071, -0.00216480041854, 0.00230546691455, -0.000360493460903, 0.00355750555173, -0.00129658472724], [0.00109457597136, -0.00107094366103, 0.00169018574525, -0.00119779782835, 0.00634315423667, -0.0024801553227, 0.00120251858607, -0.000697610143106, -0.00207793922164, 0.000193440311705, 0.000493606261443, 0.000596661178861, 0.000569908239413], [-0.000300719577353, 0.00192030519247, -0.00035470459261, 0.00128367985599, -0.0024801553227, 0.0110414605588, -0.00296968594193, -0.00305625330657, 0.00471403915435, -0.00246283039451, -9.37358054216e-05, -0.000719999428838, 0.00395630858839], [0.00149699533358, -0.00170731567778, 0.00157742167357, -6.39963036519e-05, 0.00120251858607, -0.00296968594193, 0.0133455581963, -0.00233339355327, -0.00309941079468, 0.00198290101252, -0.000605679349974, -0.00259935809299, -0.00201738975011], [-0.0012849054765, 0.00242841150612, -0.00133592588827, 0.00154795614071, -0.000697610143106, -0.00305625330657, -0.00233339355327, 0.0155047774315, -0.0104146804661, 0.0043429704383, -0.00136080826633, 0.0030341015663, -0.00166753388476], [0.00175006012432, -0.00198383093812, 0.000946816289797, -0.00216480041854, -0.00207793922164, 0.00471403915435, -0.00309941079468, -0.0104146804661, 0.0326038338244, -0.0139239383861, -0.00140723597724, -0.00272004492581, 0.0051281847991], [-0.00133820122574, 0.00313493120484, -0.00126039725728, 0.00230546691455, 0.000193440311705, -0.00246283039451, 0.00198290101252, 0.0043429704383, -0.0139239383861, 0.0231771785766, -0.00969648547471, 0.00344650656916, -0.00462732929736], [0.00134731852449, -0.00167031853925, 0.00241397949867, -0.000360493460903, 0.000493606261443, -9.37358054216e-05, -0.000605679349974, -0.00136080826633, -0.00140723597724, -0.00969648547471, 0.0321348793805, -0.0133811850101, 0.00134976150002], [-0.00105096783955, 0.00417575705796, -0.00207147886977, 0.00355750555173, 0.000596661178861, -0.000719999428838, -0.00259935809299, 0.0030341015663, -0.00272004492581, 0.00344650656916, -0.0133811850101, 0.0358597673476, -0.0166325308383], [0.00103816797491, -0.00189776474144, 0.00256114429794, -0.00129658472724, 0.000569908239413, 0.00395630858839, -0.00201738975011, -0.00166753388476, 0.0051281847991, -0.00462732929736, 0.00134976150002, -0.0166325308383, 0.0399772711098]]
    },
    "melbands": {
        "dmean": [3.18289107781e-06, 1.43729594129e-05, 0.000153617802425, 0.00113175949082, 0.000716074660886, 0.000753404165152, 0.000224287243327, 0.000226460499107, 9.17407378438e-05, 0.000113489651994, 8.49084317451e-05, 7.93835497461e-05, 6.46976623102e-05, 4.79176705994e-05, 5.65450936847e-05, 3.72363392671e-05, 4.46661651949e-05, 2.68312560365e-05, 2.432630572e-05, 1.59719420481e-05, 2.29130419029e-05, 3.81434292649e-05, 3.24420143443e-05, 1.03200618469e-05, 1.36808366733e-05, 8.17312411527e-06, 4.84267411593e-06, 3.21706443174e-06, 1.65171036315e-06, 1.70643204456e-06, 1.49848392539e-06, 8.81405128439e-07, 1.00745000964e-06, 1.14524573291e-06, 6.56311271996e-07, 9.23851303014e-07, 1.32898685479e-06, 1.96782116291e-06, 2.23548363465e-06, 2.01167654268e-06],
        "dmean2": [5.46938917978e-06, 2.39324654103e-05, 0.000243044996751, 0.0017550624907, 0.00114521686919, 0.00113790668547, 0.000386927975342, 0.000370740395738, 0.00014768166875, 0.000197615459911, 0.000117921932542, 0.000135351292556, 0.000109307693492, 7.05258498783e-05, 8.93501492101e-05, 5.78966028115e-05, 7.05044949427e-05, 4.53553111583e-05, 4.38733695773e-05, 2.81880493276e-05, 4.21394615842e-05, 7.23367629689e-05, 5.93091426708e-05, 1.81046762009e-05, 2.48441956501e-05, 1.47244554682e-05, 8.76544709172e-06, 5.92511332798e-06, 2.76785135611e-06, 2.97859446619e-06, 2.68193139163e-06, 1.5476560975e-06, 1.81869404514e-06, 2.09235804505e-06, 1.16948274353e-06, 1.68117458088e-06, 2.42383521254e-06, 3.65751748177e-06, 4.1584689825e-06, 3.75802460439e-06],
        "dvar": [4.13447248659e-10, 7.96849342066e-09, 6.77757270751e-07, 0.000116929375508, 4.04552156397e-05, 2.91041524179e-05, 2.10749408325e-06, 3.18594766213e-06, 2.20293671305e-07, 2.54562337432e-07, 1.93307556628e-07, 1.76948603325e-07, 1.0626328617e-07, 3.84427849554e-08, 6.57825367512e-08, 2.53916070392e-08, 1.04080534413e-07, 1.78445187515e-08, 1.92973512725e-08, 5.17593834459e-09, 2.481809247e-08, 2.07896690085e-07, 1.25144467233e-07, 7.60537943734e-09, 1.86109545552e-08, 3.74566777595e-09, 1.0958652874e-09, 5.61259649867e-10, 7.593934509e-11, 9.85303505452e-11, 7.94376370239e-11, 2.89284377702e-11, 5.21166131084e-11, 1.10904840867e-10, 1.51356826378e-11, 3.71258093712e-11, 8.70876287751e-11, 2.50867021601e-10, 3.35235728066e-10, 3.56024598691e-10],
        "dvar2": [9.95841964446e-10, 1.90560154323e-08, 1.62933349657e-06, 0.000272732228041, 6.81774981786e-05, 4.97763430758e-05, 6.18556441623e-06, 8.48095623951e-06, 5.13032205163e-07, 6.93731351475e-07, 4.15479178173e-07, 3.77463123868e-07, 2.90272112125e-07, 6.75073721368e-08, 1.54491686999e-07, 5.99956777592e-08, 2.63212115215e-07, 5.03509767213e-08, 5.60595410093e-08, 1.39150655443e-08, 7.26858857547e-08, 6.16940042164e-07, 3.55565958898e-07, 2.18867199919e-08, 5.40334958998e-08, 1.05749045076e-08, 3.08279890504e-09, 1.65152169718e-09, 2.03253594511e-10, 2.79040984763e-10, 2.28401395019e-10, 8.09449382522e-11, 1.47723097643e-10, 3.26996069111e-10, 4.12597317423e-11, 1.04362116171e-10, 2.4757196293e-10, 7.29220295259e-10, 9.68780389243e-10, 1.03737185508e-09],
        "max": [0.000262625399046, 0.00137968081981, 0.0108701214194, 0.194672733545, 0.122109808028, 0.106206782162, 0.0220344364643, 0.031639739871, 0.00714106531814, 0.00607640342787, 0.00736507819965, 0.00623030075803, 0.00473727937788, 0.00338406465016, 0.00334094860591, 0.00240728538483, 0.00557340588421, 0.00184026535135, 0.00188403693028, 0.000863582827151, 0.00213801604696, 0.00709172990173, 0.00574098573998, 0.00145164213609, 0.00223633111455, 0.000758107344154, 0.00047897148761, 0.000369527493604, 0.000120885575598, 0.000125822494738, 0.000124645404867, 6.28425550531e-05, 0.000104760511022, 0.000161202857271, 5.68268478673e-05, 7.18527953723e-05, 9.74182839855e-05, 0.000224116869504, 0.000240168956225, 0.000275471364148],
        "mean": [2.68190342467e-06, 1.2010120372e-05, 0.000134525747853, 0.00090115488274, 0.000831036188174, 0.000920448743273, 0.000210550555494, 0.000237774424022, 0.000130266329506, 0.000132810499053, 0.00011131100473, 0.000109011292807, 7.29680396034e-05, 6.98852963978e-05, 6.81637175148e-05, 4.64350050606e-05, 4.84886040795e-05, 3.33846946887e-05, 2.48735941568e-05, 1.64235407283e-05, 2.00573103939e-05, 2.55481190834e-05, 2.24425984925e-05, 9.35070238484e-06, 1.0706196008e-05, 6.27816871202e-06, 4.07276093028e-06, 2.8018721423e-06, 1.64894925092e-06, 1.52062364123e-06, 1.15539842227e-06, 6.78540345689e-07, 7.2395494044e-07, 8.00449299732e-07, 5.36619211289e-07, 7.04186845724e-07, 9.05139756924e-07, 1.25771521198e-06, 1.4223587641e-06, 1.23850634282e-06],
        "median": [4.54111841464e-07, 3.17983705145e-07, 8.54677352891e-07, 1.48101969444e-06, 1.97163217308e-06, 2.24664540838e-06, 1.88396813883e-06, 1.79958362878e-06, 1.24489179143e-06, 1.38007146688e-06, 1.26508155063e-06, 1.33656021717e-06, 9.88155875348e-07, 7.85588724739e-07, 5.76271474984e-07, 3.96968744099e-07, 2.73716096899e-07, 2.25300240686e-07, 1.75928178692e-07, 1.12586583612e-07, 9.88523822798e-08, 7.81253248761e-08, 7.41096783941e-08, 5.76384486806e-08, 5.44235838618e-08, 4.16487644372e-08, 3.94785288904e-08, 3.23703019944e-08, 2.27692638077e-08, 1.74520984331e-08, 1.34365318871e-08, 9.67709024025e-09, 7.73405872678e-09, 7.58533857947e-09, 8.71744987307e-09, 8.32656432692e-09, 7.23655846357e-09, 8.36663005543e-09, 6.16581763424e-09, 5.70164004898e-09],
        "min": [1.24147092606e-09, 2.21654383736e-09, 1.47473622203e-09, 4.03741873267e-10, 1.91866789123e-09, 3.15693360342e-09, 1.18133947069e-09, 1.61657243147e-10, 6.00738556122e-11, 3.21014048676e-10, 1.8250175815e-09, 2.54402188204e-09, 5.57315138483e-10, 1.0802033712e-09, 1.12116316231e-09, 3.6061159614e-10, 1.26976332226e-10, 1.17439336034e-10, 7.56345333586e-11, 1.08164928403e-10, 1.01814688624e-10, 1.36306035903e-10, 3.07395255084e-11, 7.55349810477e-11, 8.73681613167e-11, 5.29385493775e-11, 1.54096440469e-11, 3.51400297749e-11, 1.46921485394e-11, 1.09063400672e-11, 4.37468672398e-11, 7.14525383305e-11, 3.42704961631e-11, 9.90608844953e-11, 8.80386180624e-11, 1.1563151131e-10, 7.46660164253e-11, 1.25778318316e-10, 1.21352497495e-10, 4.48885512094e-11],
        "var": [3.73349712257e-10, 7.7022805911e-09, 6.65077720896e-07, 0.000104599319457, 6.24984386377e-05, 5.68698596908e-05, 1.75121817847e-06, 2.98565282719e-06, 3.45391811152e-07, 3.67237618093e-07, 2.95040479159e-07, 2.73501143511e-07, 1.0928005878e-07, 8.59942375087e-08, 8.49687893378e-08, 3.30924549985e-08, 9.14020219511e-08, 1.91985591869e-08, 1.52088972527e-08, 5.24511589717e-09, 1.74729457569e-08, 1.13275959279e-07, 7.65802781189e-08, 5.5746536276e-09, 1.19940830601e-08, 2.52255061284e-09, 7.97143739906e-10, 3.76728120921e-10, 7.00863533876e-11, 7.43876280018e-11, 5.17619939966e-11, 1.88199456019e-11, 3.29641626495e-11, 6.25465582105e-11, 1.08396217349e-11, 2.37608595993e-11, 5.40061745324e-11, 1.4564470463e-10, 1.98849658961e-10, 2.00747307666e-10]
    },
    "mfcc": {
        "mean": [-855.807067871, 103.401618958, -8.12273979187, -8.81322383881, -8.96164131165, -10.1477994919, -4.1672949791, -6.16377544403, -7.86623096466, -4.33781766891, -6.08559274673, -2.13868641853, -2.98837280273],
        "cov": [[19747.4355469, 398.764373779, -4058.78588867, -765.913269043, -898.494995117, -825.734680176, -603.138427734, -879.104980469, -651.946044922, -608.972412109, -611.881713867, -382.887023926, -551.987976074], [398.764373779, 2894.90185547, -677.690307617, -608.105712891, -427.659759521, -208.327072144, -20.9185447693, -96.6100921631, -57.9160270691, -153.497619629, -167.236557007, -94.9772415161, -70.3947677612], [-4058.78588867, -677.690307617, 1879.05737305, 435.535522461, 233.293548584, 149.436782837, 29.0480766296, 155.111053467, 101.172904968, 118.942489624, 105.346260071, 39.2876434326, 89.4245834351], [-765.913269043, -608.105712891, 435.535522461, 461.315032959, 177.830352783, 61.9686660767, -21.7602558136, 25.2013702393, 24.8137264252, 39.6060409546, 33.9716720581, -8.59235668182, -6.98109817505], [-898.494995117, -427.659759521, 233.293548584, 177.830352783, 284.681091309, 86.7182693481, 35.2847709656, 56.7141876221, 44.6060714722, 71.2138366699, 58.5991897583, 23.6384029388, 17.2442703247], [-825.734680176, -208.327072144, 149.436782837, 61.9686660767, 86.7182693481, 147.598678589, 49.6798820496, 41.5308609009, 24.6867580414, 42.2861251831, 42.7426223755, 15.8732213974, 31.3576717377], [-603.138427734, -20.9185447693, 29.0480766296, -21.7602558136, 35.2847709656, 49.6798820496, 97.9574356079, 65.5993423462, 42.6659393311, 25.5170154572, 25.4930686951, 30.9995994568, 27.3643703461], [-879.104980469, -96.6100921631, 155.111053467, 25.2013702393, 56.7141876221, 41.5308609009, 65.5993423462, 125.304412842, 59.1136932373, 35.1844482422, 35.0296478271, 33.8628768921, 29.1813354492], [-651.946044922, -57.9160270691, 101.172904968, 24.8137264252, 44.6060714722, 24.6867580414, 42.6659393311, 59.1136932373, 85.2247085571, 45.5143470764, 34.3711776733, 32.4132843018, 27.7761135101], [-608.972412109, -153.497619629, 118.942489624, 39.6060409546, 71.2138366699, 42.2861251831, 25.5170154572, 35.1844482422, 45.5143470764, 75.8866043091, 53.9632568359, 28.7738838196, 31.0920143127], [-611.881713867, -167.236557007, 105.346260071, 33.9716720581, 58.5991897583, 42.7426223755, 25.4930686951, 35.0296478271, 34.3711776733, 53.9632568359, 80.1598052979, 40.8017845154, 35.1544189453], [-382.887023926, -94.9772415161, 39.2876434326, -8.59235668182, 23.6384029388, 15.8732213974, 30.9995994568, 33.8628768921, 32.4132843018, 28.7738838196, 40.8017845154, 63.5223312378, 37.0934867859], [-551.987976074, -70.3947677612, 89.4245834351, -6.98109817505, 17.2442703247, 31.3576717377, 27.3643703461, 29.1813354492, 27.7761135101, 31.0920143127, 35.1544189453, 37.0934867859, 63.5675201416]],
