{
"lowlevel": {
    "average_loudness": 0.907850265503,
    "barkbands_crest": {
        "dmean": 1.81834447384,
        "dmean2": 3.11279082298,
        "dvar": 2.69181990623,
        "dvar2": 7.26231956482,
        "max": 15.935338974,
        "mean": 6.3031001091,
        "median": 5.78685569763,
        "min": 2.6434545517,
        "var": 5.47860908508
    },
    "barkbands_flatness_db": {
        "dmean": 0.0153395077214,
        "dmean2": 0.0249582119286,
        "dvar": 0.000159727278515,
        "dvar2": 0.000399282056605,
        "max": 0.183279499412,
        "mean": 0.0884320288897,
        "median": 0.0856500864029,
        "min": 0.0377302281559,
        "var": 0.000808992830571
    },
    "barkbands_kurtosis": {
        "dmean": 1.34673070908,
        "dmean2": 2.19770073891,
        "dvar": 2.00311040878,
        "dvar2": 5.02651023865,
        "max": 11.2306718826,
        "mean": 1.36816167831,
        "median": 0.599261760712,
        "min": -1.72245669365,
        "var": 6.60574054718
    },
    "barkbands_skewness": {
        "dmean": 0.37296718359,
        "dmean2": 0.578810095787,
        "dvar": 0.0892001986504,
        "dvar2": 0.211871340871,
        "max": 1.63761365414,
        "mean": -0.998443901539,
        "median": -1.10186576843,
        "min": -2.89047408104,
        "var": 0.680844068527
    },
    "barkbands_spread": {
        "dmean": 5.90829181671,
        "dmean2": 9.64687347412,
        "dvar": 25.7325649261,
        "dvar2": 69.9932098389,
        "max": 70.8143234253,
        "mean": 25.3376464844,
        "median": 23.6369361877,
        "min": 7.63054037094,
        "var": 100.321815491
    },
    "dissonance": {
        "dmean": 0.0055875456892,
        "dmean2": 0.00969385076314,
        "dvar": 2.66897823167e-05,
        "dvar2": 7.57943125791e-05,
        "max": 0.500000059605,
        "mean": 0.491266101599,
        "median": 0.493147015572,
        "min": 0.452579528093,
        "var": 5.216271893e-05
    },
    "dynamic_complexity": 5.15774011612,
    "erbbands_crest": {
        "dmean": 2.66656756401,
        "dmean2": 4.32420778275,
        "dvar": 6.19555616379,
        "dvar2": 17.6850204468,
        "max": 21.5132579803,
        "mean": 8.70499801636,
        "median": 7.91616296768,
        "min": 3.21954798698,
        "var": 12.9782438278
    },
    "erbbands_flatness_db": {
        "dmean": 0.015791034326,
        "dmean2": 0.0258785448968,
        "dvar": 0.000167769976542,
        "dvar2": 0.000418862327933,
        "max": 0.237901896238,
        "mean": 0.169922739267,
        "median": 0.16991057992,
        "min": 0.110336028039,
        "var": 0.000671021640301
    },
    "erbbands_kurtosis": {
        "dmean": 1.1487377882,
        "dmean2": 1.83479321003,
        "dvar": 1.46742129326,
        "dvar2": 3.58538365364,
        "max": 11.8714265823,
        "mean": 1.40007436275,
        "median": 0.612136602402,
        "min": -1.58943140507,
        "var": 5.41395378113
    },
    "erbbands_skewness": {
        "dmean": 0.329519271851,
        "dmean2": 0.506752729416,
        "dvar": 0.0647409185767,
        "dvar2": 0.158115789294,
        "max": 0.966746091843,
        "mean": -0.764428138733,
        "median": -0.844355046749,
        "min": -2.52468323708,
        "var": 0.438785225153
    },
    "erbbands_spread": {
        "dmean": 6.20646286011,
        "dmean2": 9.81138706207,
        "dvar": 27.3842983246,
        "dvar2": 74.2269592285,
        "max": 72.4751968384,
        "mean": 28.7212467194,
        "median": 27.2828998566,
        "min": 8.44804286957,
        "var": 115.650588989
    },
    "hfc": {
        "dmean": 32.7540969849,
        "dmean2": 55.1752052307,
        "dvar": 12400.7568359,
        "dvar2": 28019.3144531,
        "max": 1472.19421387,
        "mean": 56.4807167053,
        "median": 18.852558136,
        "min": 0.63219833374,
        "var": 20356.6484375
    },
    "melbands_crest": {
        "dmean": 2.08035373688,
        "dmean2": 3.55090594292,
        "dvar": 3.56781888008,
        "dvar2": 9.79695606232,
        "max": 15.8560476303,
        "mean": 6.35667181015,
        "median": 5.79531812668,
        "min": 2.58584284782,
        "var": 5.66666126251
    },
    "melbands_flatness_db": {
        "dmean": 0.010630373843,
        "dmean2": 0.0166731253266,
        "dvar": 8.41312721604e-05,
        "dvar2": 0.000215885127545,
        "max": 0.136134341359,
        "mean": 0.049502056092,
        "median": 0.0465409234166,
        "min": 0.0167373605072,
        "var": 0.000293612538371
    },
    "melbands_kurtosis": {
        "dmean": 0.692647814751,
        "dmean2": 1.08374774456,
        "dvar": 0.769081771374,
        "dvar2": 1.74616754055,
        "max": 12.5368766785,
        "mean": -0.322539031506,
        "median": -0.761037111282,
        "min": -1.64371991158,
        "var": 1.84214985371
    },
    "melbands_skewness": {
        "dmean": 0.37052065134,
        "dmean2": 0.570419073105,
        "dvar": 0.0825299844146,
        "dvar2": 0.211433783174,
        "max": 3.34391832352,
        "mean": 0.140587210655,
        "median": 0.08725836128,
        "min": -1.5372582674,
        "var": 0.586181819439
    },
    "melbands_spread": {
        "dmean": 15.026556015,
        "dmean2": 24.3962306976,
        "dvar": 167.706634521,
        "dvar2": 462.217926025,
        "max": 154.058242798,
        "mean": 86.6201705933,
        "median": 89.0430221558,
        "min": 21.2623004913,
        "var": 693.583068848
    },
    "pitch_salience": {
        "dmean": 0.0512272045016,
        "dmean2": 0.0886645242572,
        "dvar": 0.00151329196524,
        "dvar2": 0.00457350583747,
        "max": 0.865364432335,
        "mean": 0.689026415348,
        "median": 0.690425395966,
        "min": 0.525880753994,
        "var": 0.00312333018519
    },
    "silence_rate_20dB": {
        "dmean": 0,
        "dmean2": 0,
        "dvar": 0,
        "dvar2": 0,
        "max": 1,
        "mean": 1,
        "median": 1,
        "min": 1,
        "var": 0
    },
    "silence_rate_30dB": {
        "dmean": 0.00689655169845,
        "dmean2": 0.0138408308849,
        "dvar": 0.00684899091721,
        "dvar2": 0.013649164699,
        "max": 1,
        "mean": 0.989690721035,
        "median": 1,
        "min": 0,
        "var": 0.0102030402049
    },
    "silence_rate_60dB": {
        "dmean": 0.0965517237782,
        "dmean2": 0.190311416984,
        "dvar": 0.0872296467423,
        "dvar2": 0.209455981851,
        "max": 1,
        "mean": 0.432989686728,
        "median": 0,
        "min": 0,
        "var": 0.24550974369
    },
    "spectral_centroid": {
        "dmean": 235.1590271,
        "dmean2": 341.566680908,
        "dvar": 38096.9882812,
        "dvar2": 82935.3828125,
        "max": 4681.34765625,
        "mean": 3688.7409668,
        "median": 3831.91650391,
        "min": 1682.39025879,
        "var": 344631.5625
    },
    "spectral_complexity": {
        "dmean": 3.95517230034,
        "dmean2": 6.14186859131,
        "dvar": 22.0566234589,
        "dvar2": 47.1044425964,
        "max": 55,
        "mean": 15.0584192276,
        "median": 10,
        "min": 0,
        "var": 196.86605835
    },
    "spectral_decrease": {
        "dmean": 7.50691786511e-10,
        "dmean2": 1.26867694128e-09,
        "dvar": 7.97263723185e-18,
        "dvar2": 2.01110519815e-17,
        "max": -7.45620093445e-11,
        "mean": -1.44366485433e-09,
        "median": -5.69274849482e-10,
        "min": -3.00181675073e-08,
        "var": 9.69081047813e-18
    },
    "spectral_energy": {
        "dmean": 0.00570436194539,
        "dmean2": 0.00968317780644,
        "dvar": 0.000405784056056,
        "dvar2": 0.000965644430835,
        "max": 0.234193712473,
        "mean": 0.0105716940016,
        "median": 0.00371795450337,
        "min": 0.000338756595738,
        "var": 0.000586512614973
    },
    "spectral_energyband_high": {
        "dmean": 0.00356695614755,
        "dmean2": 0.00604646932334,
        "dvar": 0.000117499097541,
        "dvar2": 0.00028254991048,
        "max": 0.129116103053,
        "mean": 0.00638077268377,
        "median": 0.00249626324512,
        "min": 3.70994384866e-05,
        "var": 0.000194602660486
    },
    "spectral_energyband_low": {
        "dmean": 2.70293348876e-05,
        "dmean2": 4.83961448481e-05,
        "dvar": 1.31963542316e-08,
        "dvar2": 3.33776846162e-08,
        "max": 0.00118544674478,
        "mean": 2.59722419287e-05,
        "median": 5.69058056499e-06,
        "min": 2.9679591762e-07,
        "var": 1.0866255451e-08
    },
    "spectral_energyband_middle_high": {
        "dmean": 0.00239266850986,
        "dmean2": 0.00405452772975,
        "dvar": 9.77559247985e-05,
        "dvar2": 0.000237903484958,
        "max": 0.103164829314,
        "mean": 0.0036964986939,
        "median": 0.00125132489484,
        "min": 0.000113015470561,
        "var": 0.000110137822048
    },
    "spectral_energyband_middle_low": {
        "dmean": 0.000241757574258,
        "dmean2": 0.000352061761077,
        "dvar": 1.93779783331e-07,
        "dvar2": 3.49812211198e-07,
        "max": 0.00539125455543,
        "mean": 0.000555447826628,
        "median": 0.000312817574013,
        "min": 3.32709678332e-05,
        "var": 5.46321700767e-07
    },
    "spectral_entropy": {
        "dmean": 0.11250820756,
        "dmean2": 0.184855446219,
        "dvar": 0.00891031138599,
        "dvar2": 0.0244595259428,
        "max": 8.62285041809,
        "mean": 8.2126789093,
        "median": 8.22946357727,
        "min": 7.61513948441,
        "var": 0.023504562676
    },
    "spectral_flux": {
        "dmean": 0.0131864761934,
        "dmean2": 0.0199890527874,
        "dvar": 0.000929665053263,
        "dvar2": 0.00191177299712,
        "max": 0.389333814383,
        "mean": 0.0601048357785,
        "median": 0.0423323214054,
        "min": 0.0173012763262,
        "var": 0.002661438426
    },
    "spectral_kurtosis": {
        "dmean": 0.573516607285,
        "dmean2": 0.914039134979,
        "dvar": 0.215577721596,
        "dvar2": 0.520372867584,
        "max": 5.26206302643,
        "mean": 2.13993096352,
        "median": 2.01941394806,
        "min": 0.127094268799,
        "var": 0.742838203907
    },
    "spectral_rms": {
        "dmean": 0.000577422499191,
        "dmean2": 0.000926303910092,
        "dvar": 1.2829627849e-06,
        "dvar2": 3.0667054034e-06,
        "max": 0.0151156103238,
        "mean": 0.00256242509931,
        "median": 0.00190453999676,
        "min": 0.00057488627499,
        "var": 3.74782575818e-06
    },
    "spectral_rolloff": {
        "dmean": 1143.63537598,
        "dmean2": 1869.29174805,
        "dvar": 1148567.375,
        "dvar2": 2720820,
        "max": 12338.5253906,
        "mean": 7814.92333984,
        "median": 8311.81640625,
        "min": 1830.32226562,
        "var": 4691250.5
    },
    "spectral_skewness": {
        "dmean": 0.116692744195,
        "dmean2": 0.18377815187,
        "dvar": 0.00971305090934,
        "dvar2": 0.023908527568,
        "max": 1.67045509815,
        "mean": 1.10749042034,
        "median": 1.08623564243,
        "min": 0.585870623589,
        "var": 0.036104451865
    },
    "spectral_spread": {
        "dmean": 619829.625,
        "dmean2": 1010913.875,
        "dvar": 345836814336,
        "dvar2": 883235291136,
        "max": 9205790,
        "mean": 5927672,
        "median": 5862370,
        "min": 3640677.5,
        "var": 936597979136
    },
    "spectral_strongpeak": {
        "dmean": 1.53337204456,
        "dmean2": 2.58289265633,
        "dvar": 2.8325521946,
        "dvar2": 7.91682815552,
        "max": 13.4194288254,
        "mean": 2.67391943932,
        "median": 2.08416628838,
        "min": 0,
        "var": 5.99009656906
    },
    "zerocrossingrate": {
        "dmean": 0.0166638605297,
        "dmean2": 0.019289644435,
        "dvar": 0.000222878879867,
        "dvar2": 0.000273404468317,
        "max": 0.34228515625,
        "mean": 0.234165251255,
        "median": 0.240234375,
        "min": 0.0478515625,
        "var": 0.00282573862933
    },
    "barkbands": {
        "dmean": [9.51054425968e-06, 1.33439277761e-06, 1.03924585346e-05, 3.1344297895e-05, 4.97756627738e-05, 7.3413568316e-05, 3.93093905586e-05, 7.52724154154e-05, 8.1776168372e-05, 0.000105359467852, 9.85407459666e-05, 0.000129565494717, 0.000115304115752, 0.000230345132877, 0.000308867223794, 0.000324828026351, 0.000316800549626, 0.000519382418133, 0.000607721274719, 0.0010582015384, 0.000586196605582, 0.000437220674939, 0.000393208378227, 0.000929888803512, 0.000808084674645, 0.000226144678891, 6.70419904054e-05],
        "dmean2": [1.6266516468e-05, 2.37485255639e-06, 1.86178203876e-05, 5.66136804991e-05, 7.97954853624e-05, 0.000120342061564, 6.67267522658e-05, 0.000125318227219, 0.000136672490044, 0.000166977493791, 0.000150101448526, 0.000201616290724, 0.00018897789414, 0.000419532152591, 0.000562122266274, 0.000577873841394, 0.000546830589883, 0.000889806600753, 0.00103031529579, 0.00186256715097, 0.000997628201731, 0.000725125195459, 0.00068721716525, 0.00154695578385, 0.00135983014479, 0.000368718610844, 0.00010570017912],
        "dvar": [4.37419211963e-10, 1.0791925513e-11, 1.72428571421e-09, 2.34386732245e-08, 2.83014358615e-08, 2.98649460717e-08, 3.37823147234e-09, 7.99836552545e-09, 2.04917860458e-08, 4.60047502315e-08, 3.89099739095e-08, 1.35082743213e-07, 1.46712565652e-07, 7.77526793172e-07, 1.84583097962e-06, 1.94699555323e-06, 2.30987461691e-06, 7.81565086072e-06, 1.11608023872e-05, 1.13787682494e-05, 1.07103346636e-06, 2.31012654694e-06, 1.7006118469e-06, 7.87201588537e-06, 8.58547628013e-06, 7.23337734598e-07, 9.50447756054e-08],
        "dvar2": [1.25574206589e-09, 3.05798060485e-11, 4.5207984023e-09, 6.02605894073e-08, 5.57029196102e-08, 6.61639489863e-08, 9.74851932511e-09, 2.1524369842e-08, 4.61528628648e-08, 1.03353031022e-07, 8.3427622144e-08, 3.14267765589e-07, 3.17393698879e-07, 2.22828271035e-06, 5.20775665791e-06, 5.57748671781e-06, 6.3199363467e-06, 1.59080227604e-05, 3.05727153318e-05, 3.26891349687e-05, 2.80327662949e-06, 6.22965671937e-06, 4.88086061523e-06, 1.66264326253e-05, 1.83590291272e-05, 1.61663047038e-06, 2.23397535137e-07],
        "max": [0.000195304717636, 3.66529420717e-05, 0.000349521898897, 0.00161815900356, 0.00210734526627, 0.00313461548649, 0.000461127143353, 0.000859430991113, 0.00216577551328, 0.00212046923116, 0.00312528572977, 0.00445686839521, 0.00431591644883, 0.00879691168666, 0.0151101732627, 0.0164509881288, 0.019666435197, 0.0373138263822, 0.03863106668, 0.039804879576, 0.0110429935157, 0.020117206499, 0.0129992365837, 0.042713124305, 0.0402598939836, 0.0123592093587, 0.00460266880691],
        "mean": [8.22382207843e-06, 1.66657173395e-06, 8.79631807038e-06, 2.7571888495e-05, 6.80690354784e-05, 0.000121044715343, 5.41516383237e-05, 0.000105896033347, 0.000135252077598, 0.000174005064764, 0.000150743609993, 0.00019215681823, 0.000178245565621, 0.000264460250037, 0.000315816549119, 0.000343297055224, 0.0003500735329, 0.00056900177151, 0.000605971494224, 0.00166596588679, 0.0011140902061, 0.000756776251364, 0.000476411165437, 0.00134854158387, 0.00114795193076, 0.000306288624415, 7.804462075e-05],
        "median": [2.3484533358e-06, 7.85976794759e-07, 1.0124522305e-06, 1.67683742802e-06, 1.48823346535e-05, 5.27711636096e-05, 2.92706863547e-05, 5.84199806326e-05, 6.91721797921e-05, 9.44042840274e-05, 6.50432193652e-05, 7.50180115574e-05, 5.63675894227e-05, 6.80743469275e-05, 5.3377218137e-05, 7.37846348784e-05, 6.23029045528e-05, 5.94837911194e-05, 8.72991222423e-05, 0.000575333659071, 0.000504250696395, 0.000300006999169, 0.000122438999824, 0.000434051355114, 0.000226444040891, 6.38973360765e-05, 1.45007970787e-05],
        "min": [1.077338041e-08, 4.35648495056e-08, 5.45780842742e-09, 4.772148543e-08, 1.25995757116e-06, 2.72657666756e-06, 1.42602345932e-06, 2.21466302719e-06, 4.652678399e-06, 3.96043742512e-06, 3.55671818397e-06, 3.44379395756e-06, 2.56450880443e-06, 4.55299641544e-06, 2.41939642365e-06, 6.61053672957e-06, 5.08875109517e-06, 5.60202306588e-06, 3.43482133758e-06, 6.90858178132e-06, 1.59075170814e-05, 6.34348316453e-06, 1.71697229234e-06, 2.0515246888e-06, 2.22969151764e-06, 7.37285972718e-07, 8.04552712452e-07],
        "var": [3.61393803772e-10, 8.06726387081e-12, 1.29190591558e-09, 2.04671515291e-08, 4.85960747199e-08, 8.52422274988e-08, 4.4329242499e-09, 1.4479413224e-08, 4.56361100021e-08, 7.5527594845e-08, 8.79218333694e-08, 1.62266488246e-07, 2.21059366368e-07, 6.37082962385e-07, 1.45173191868e-06, 1.50729624693e-06, 1.97081521947e-06, 9.02879673959e-06, 8.09159337223e-06, 1.0667571587e-05, 2.48686023951e-06, 2.70553346127e-06, 1.51996243858e-06, 1.40758093039e-05, 1.43986680996e-05, 1.19028698009e-06, 1.13056564999e-07]
    },
    "erbbands": {
        "dmean": [5.30809229531e-05, 0.000441679731011, 0.00820717867464, 0.0637852996588, 0.134225934744, 0.175436526537, 0.329822063446, 0.753798544407, 0.468551278114, 1.33030748367, 1.24225473404, 1.91695582867, 2.68715643883, 3.46536803246, 4.6276473999, 5.19994592667, 5.11404132843, 10.2445068359, 13.2834644318, 19.7355594635, 15.5782566071, 18.7429409027, 25.1940345764, 31.2938842773, 25.4519691467, 57.1769332886, 35.4848937988, 17.7294025421, 20.9863605499, 6.93001270294, 11.1553316116, 17.4546833038, 15.6712961197, 8.32933998108, 7.39500761032, 1.92486274242, 0.270253926516, 0.0578083582222, 0.0126532251015, 0.000474187370855],
        "dmean2": [8.76016929396e-05, 0.000784618838225, 0.0145714525133, 0.115817718208, 0.228103607893, 0.308143407106, 0.581344723701, 1.22848522663, 0.807130515575, 2.19562792778, 1.96726715565, 3.17859840393, 4.37804365158, 5.22679376602, 7.16348457336, 8.389793396, 8.51170539856, 18.263502121, 23.8190841675, 35.4945983887, 27.7626934052, 31.760881424, 45.4992675781, 52.1261825562, 41.744808197, 100.674598694, 60.5383110046, 30.496263504, 35.4564361572, 11.0881795883, 19.7626075745, 30.0979309082, 25.729927063, 13.0239429474, 12.4223775864, 3.18574428558, 0.434761315584, 0.0954329892993, 0.020397439599, 0.000754308362957],
        "dvar": [7.3337576012e-09, 1.87158047993e-06, 0.00105826731306, 0.0949905365705, 0.337236374617, 0.336095809937, 0.716385602951, 3.90089154243, 0.510310351849, 3.18930268288, 3.45895051956, 11.9575185776, 25.4386577606, 89.03565979, 72.7633895874, 266.57824707, 281.442901611, 1616.5715332, 2881.70874023, 8207.98144531, 4012.48364258, 9071.8515625, 22106.5976562, 29900.3417969, 11178.6210938, 34079.8203125, 5516.58349609, 1025.10266113, 6704.66015625, 689.604553223, 1187.43493652, 2226.54492188, 2577.6784668, 658.288024902, 1034.78686523, 51.9752006531, 1.45341098309, 0.0502652488649, 0.00346286711283, 5.58988040211e-06],
        "dvar2": [2.04706438467e-08, 5.187185252e-06, 0.0027862759307, 0.239760875702, 0.852680444717, 0.783841729164, 1.93330943584, 8.1973323822, 1.32489013672, 8.79518508911, 8.1570892334, 28.2749233246, 61.2769393921, 197.396682739, 183.696548462, 564.824401855, 622.368347168, 4549.65332031, 8220.02929688, 23181.2402344, 11630.5947266, 24358.7324219, 43622.1289062, 80432.25, 29391.4570312, 98447.5234375, 15230.5537109, 2783.45874023, 18505.4628906, 1817.65197754, 3406.47998047, 5415.15722656, 5125.70068359, 1399.58911133, 2613.69873047, 128.800750732, 3.06873703003, 0.106540232897, 0.00875074975193, 1.16020619316e-05],
        "max": [0.000976510811597, 0.0142210926861, 0.272780388594, 3.26828622818, 6.71647596359, 6.05788850784, 7.55673503876, 38.1255187988, 6.68802499771, 14.8395395279, 18.4629478455, 47.2264099121, 49.1617355347, 116.991188049, 104.670143127, 205.670211792, 199.709716797, 478.73147583, 473.14642334, 988.573791504, 725.511474609, 1279.30065918, 1897.5201416, 1968.46936035, 1145.87854004, 2112.89404297, 728.73046875, 288.733642578, 1085.92456055, 319.957397461, 341.644317627, 580.767578125, 788.762145996, 417.268463135, 448.092773438, 104.99671936, 17.700428009, 3.32848858833, 0.857911765575, 0.035352781415],
        "mean": [7.29949024389e-05, 0.00047428716789, 0.00711581064388, 0.057659458369, 0.145542487502, 0.235261812806, 0.43888387084, 1.24617743492, 0.741924285889, 1.9291574955, 2.06650280952, 3.04724693298, 4.31070327759, 5.4364657402, 7.45935344696, 8.31129074097, 8.30599021912, 12.5887107849, 14.7889566422, 18.9703292847, 17.9728183746, 20.8563041687, 29.4907169342, 29.8117790222, 35.7439308167, 85.0825881958, 63.7883644104, 33.0790367126, 34.1499671936, 11.5388326645, 14.1938323975, 24.9267196655, 22.9041576385, 11.0953788757, 9.43085289001, 2.44864964485, 0.376974612474, 0.0788916796446, 0.0141221685335, 0.000647250853945],
        "median": [4.23087039962e-05, 0.000165455639944, 0.000864109839313, 0.00434750411659, 0.0177968274802, 0.05000955984, 0.145117983222, 0.467436462641, 0.4005022645, 1.16681683064, 1.18205487728, 1.52644777298, 2.43469572067, 2.36845231056, 3.41592407227, 3.41638207436, 2.94703888893, 3.55726623535, 3.32316279411, 3.13892030716, 4.19134664536, 3.79213809967, 3.35443615913, 3.43905925751, 9.16401386261, 31.0469722748, 28.705827713, 16.2248268127, 13.6833314896, 4.02045726776, 4.12845277786, 7.63877391815, 6.6174993515, 2.67518234253, 1.39891552925, 0.473317056894, 0.0767785459757, 0.0159802548587, 0.00254851882346, 0.000134223359055],
        "min": [1.49168215557e-06, 8.81225605553e-06, 5.53567078896e-05, 0.000214907879126, 0.00023327411327, 0.0042094127275, 0.00987400114536, 0.0280464068055, 0.0309209637344, 0.070749476552, 0.0526250377297, 0.112618587911, 0.137359812856, 0.158089160919, 0.270750671625, 0.239498496056, 0.148710265756, 0.215230241418, 0.166324526072, 0.307293355465, 0.367116510868, 0.362059146166, 0.272759228945, 0.246816292405, 0.525155246258, 0.317151904106, 0.31507012248, 0.489728152752, 0.339658081532, 0.144214451313, 0.0426550917327, 0.0473124757409, 0.029337996617, 0.0216825995594, 0.0155657213181, 0.00643801689148, 0.000492385181133, 0.000195384185645, 8.88082722668e-05, 1.64182856679e-05],
        "var": [9.87742776459e-09, 1.3228119542e-06, 0.000798038963694, 0.0826421827078, 0.35591891408, 0.493160486221, 0.971414268017, 12.2763767242, 0.85451900959, 4.76739311218, 7.00474786758, 24.1271286011, 38.9166870117, 143.926208496, 145.664825439, 330.516448975, 410.737335205, 1438.45397949, 2237.140625, 6201.13476562, 3222.55932617, 7848.15185547, 25920.2714844, 23223.2890625, 10993.2470703, 28631.4199219, 9610.33496094, 2174.5690918, 6524.80761719, 850.322875977, 1160.87841797, 3562.48779297, 4854.44482422, 1088.75073242, 1301.82727051, 74.2512817383, 2.26961660385, 0.0798824578524, 0.00370641099289, 7.65946970205e-06]
    },
    "gfcc": {
        "mean": [-31.6354808807, -55.5037231445, -145.103179932, 4.70425891876, -89.3510360718, 3.0759241581, -38.94165802, 4.11195850372, -32.207736969, 10.10846138, -13.9838037491, -4.04663276672, -0.785125911236],
        "cov": [[3110.43359375, -820.97076416, -46.1336593628, 142.299346924, 175.654449463, -29.7659473419, -250.794403076, -44.7634773254, -244.446609497, -180.063522339, -157.857910156, -86.4918899536, -83.3425140381], [-820.97076416, 1025.46496582, -156.284194946, -63.973274231, 113.401748657, 6.63500738144, 20.9403705597, -24.9420681, 61.0781326294, -102.436378479, 4.15302944183, -58.4503364563, -69.0903320312], [-46.1336593628, -156.284194946, 348.086730957, 127.545555115, -56.6304283142, -9.41572475433, 43.2964324951, -2.78846001625, -40.2651939392, 16.9788551331, -13.406165123, -2.40947437286, 21.0392780304], [142.299346924, -63.973274231, 127.545555115, 215.21987915, 9.01510429382, -7.42300891876, 14.7266111374, -9.11220932007, -52.1124038696, -31.8805027008, -25.9257640839, -23.5443115234, -4.22403287888], [175.654449463, 113.401748657, -56.6304283142, 9.01510429382, 141.14616394, 37.9265136719, -17.627155304, 6.22908449173, -3.21273994446, -48.8853645325, -9.00002670288, -15.809387207, -32.3913002014], [-29.7659473419, 6.63500738144, -9.41572475433, -7.42300891876, 37.9265136719, 77.1205444336, 34.4749679565, 16.8214111328, 12.9639282227, 3.62436819077, -0.685227453709, 0.827054977417, -1.11031317711], [-250.794403076, 20.9403705597, 43.2964324951, 14.7266111374, -17.627155304, 34.4749679565, 102.805610657, 31.9336299896, 14.8398761749, 23.1291675568, 5.65531826019, 0.260593533516, 9.40545368195], [-44.7634773254, -24.9420681, -2.78846001625, -9.11220932007, 6.22908449173, 16.8214111328, 31.9336299896, 65.2000808716, 31.7749519348, 17.6982498169, 11.4798717499, -1.02052521706, -3.11727118492], [-244.446609497, 61.0781326294, -40.2651939392, -52.1124038696, -3.21273994446, 12.9639282227, 14.8398761749, 31.7749519348, 89.1437225342, 42.5952301025, 32.8591117859, 18.977848053, 1.08704793453], [-180.063522339, -102.436378479, 16.9788551331, -31.8805027008, -48.8853645325, 3.62436819077, 23.1291675568, 17.6982498169, 42.5952301025, 104.08454895, 46.9684181213, 36.5825500488, 31.1682682037], [-157.857910156, 4.15302944183, -13.406165123, -25.9257640839, -9.00002670288, -0.685227453709, 5.65531826019, 11.4798717499, 32.8591117859, 46.9684181213, 64.7013549805, 34.251537323, 18.4300003052], [-86.4918899536, -58.4503364563, -2.40947437286, -23.5443115234, -15.809387207, 0.827054977417, 0.260593533516, -1.02052521706, 18.977848053, 36.5825500488, 34.251537323, 67.8635940552, 35.6532974243], [-83.3425140381, -69.0903320312, 21.0392780304, -4.22403287888, -32.3913002014, -1.11031317711, 9.40545368195, -3.11727118492, 1.08704793453, 31.1682682037, 18.4300003052, 35.6532974243, 55.5081443787]],
        "icov": [[0.000960551435128, 0.000920147809666, 0.000307785900077, -7.76230444899e-05, -0.00114774215035, 5.35707658855e-05, 0.00157689244952, -0.000566269969568, 0.00144663138781, 0.0004617391387, 0.000657642958686, 0.000319909187965, 0.000785835669376], [0.000920147809666, 0.00262741511688, 0.000582336215302, 0.000331733375788, -0.00212625018321, 0.00108806986827, -0.000413328059949, 0.00181113684084, -0.0010234718211, 0.0028953445144, -0.00107814883813, 0.00185007078107, 0.000973082729615], [0.000307785900077, 0.000582336215302, 0.00449232803658, -0.00234314403497, 0.000763699703384, 0.000258405634668, -0.000979608739726, 7.44992867112e-05, 0.00127307150979, -0.000634038413409, 0.000662943173666, 7.74777072365e-05, -1.18858006317e-05], [-7.76230444899e-05, 0.000331733375788, -0.00234314403497, 0.0071584796533, -0.00163520558272, 0.00141692336183, -0.00168843625579, 0.000447326572612, 0.00176512473263, 0.00138388643973, -0.000517779961228, 0.0014706508955, -0.00046975564328], [-0.00114774215035, -0.00212625018321, 0.000763699703384, -0.00163520558272, 0.0151084251702, -0.00853698048741, 0.00281370757148, -0.00266819586977, -0.000114265647426, 0.00384781043977, -0.00336228427477, -0.00265509774908, 0.00389873888344], [5.35707658855e-05, 0.00108806986827, 0.000258405634668, 0.00141692336183, -0.00853698048741, 0.0213896017522, -0.0087606087327, 0.00123356597032, -0.00255850772373, -0.00121904327534, 0.00287188193761, 0.000247990712523, -0.00193372322246], [0.00157689244952, -0.000413328059949, -0.000979608739726, -0.00168843625579, 0.00281370757148, -0.0087606087327, 0.0204201899469, -0.00940925162286, 0.00469279102981, -0.00243764184415, 0.00236166990362, 0.000528439297341, -0.000272512232186], [-0.000566269969568, 0.00181113684084, 7.44992867112e-05, 0.000447326572612, -0.00266819586977, 0.00123356597032, -0.00940925162286, 0.0258085746318, -0.0108196996152, 0.00168467883486, -0.00366462417878, 0.00447132904083, 0.000531960162334], [0.00144663138781, -0.0010234718211, 0.00127307150979, 0.00176512473263, -0.000114265647426, -0.00255850772373, 0.00469279102981, -0.0108196996152, 0.025805817917, -0.00779311079532, -0.000850562355481, -0.00424791686237, 0.00591068807989], [0.0004617391387, 0.0028953445144, -0.000634038413409, 0.00138388643973, 0.00384781043977, -0.00121904327534, -0.00243764184415, 0.00168467883486, -0.00779311079532, 0.02516486682, -0.0120572121814, 0.000834162172396, -0.00313883926719], [0.000657642958686, -0.00107814883813, 0.000662943173666, -0.000517779961228, -0.00336228427477, 0.00287188193761, 0.00236166990362, -0.00366462417878, -0.000850562355481, -0.0120572121814, 0.031772762537, -0.0102528464049, -0.000332716503181], [0.000319909187965, 0.00185007078107, 7.74777072365e-05, 0.0014706508955, -0.00265509774908, 0.000247990712523, 0.000528439297341, 0.00447132904083, -0.00424791686237, 0.000834162172396, -0.0102528464049, 0.0305502321571, -0.0151208583266], [0.000785835669376, 0.000973082729615, -1.18858006317e-05, -0.00046975564328, 0.00389873888344, -0.00193372322246, -0.000272512232186, 0.000531960162334, 0.00591068807989, -0.00313883926719, -0.000332716503181, -0.0151208583266, 0.0341570936143]]
    },
    "melbands": {
        "dmean": [6.93507786309e-07, 2.89637250717e-06, 1.29977988763e-05, 9.82066012511e-06, 1.09642023745e-05, 1.56292026077e-05, 7.19251102055e-06, 1.5859175619e-05, 1.07691885205e-05, 1.19839951367e-05, 1.38728701131e-05, 1.45648846228e-05, 1.40294978337e-05, 1.35409291033e-05, 1.50112209667e-05, 1.14021104309e-05, 2.02971696126e-05, 2.12287759496e-05, 2.50132070505e-05, 2.54520364251e-05, 1.68930982909e-05, 1.99653841264e-05, 1.80385886779e-05, 2.80126769212e-05, 2.57659667113e-05, 2.28348399105e-05, 1.94266012841e-05, 4.86948083562e-05, 2.69095562544e-05, 1.65953115356e-05, 9.84576035989e-06, 1.47935998029e-05, 6.23819596512e-06, 3.93344407712e-06, 5.11386315338e-06, 1.04879572973e-05, 1.27259463625e-05, 1.27609264382e-05, 8.13809219835e-06, 6.77161824569e-06],
        "dmean2": [1.177052809e-06, 5.08540915689e-06, 2.37038366322e-05, 1.6503410734e-05, 1.95485481527e-05, 2.55043887591e-05, 1.2353359125e-05, 2.62008161371e-05, 1.67268844962e-05, 2.00745271286e-05, 2.28033604799e-05, 2.27508571697e-05, 2.17886372411e-05, 2.14349747694e-05, 2.55060367635e-05, 1.99445985345e-05, 3.64568040823e-05, 3.84184313589e-05, 4.47369420726e-05, 4.59271941509e-05, 3.02758107864e-05, 3.46413107764e-05, 3.28548157995e-05, 4.8693480494e-05, 4.42403979832e-05, 3.85989042115e-05, 3.12262563966e-05, 8.60725485836e-05, 4.56706038676e-05, 2.84798443317e-05, 1.71879746631e-05, 2.58281015704e-05, 1.02508920463e-05, 6.66330060994e-06, 8.9670311354e-06, 1.89979946299e-05, 2.22907492571e-05, 2.14411120396e-05, 1.34480897032e-05, 1.11501394713e-05],
        "dvar": [1.57040255366e-12, 1.25087953884e-10, 3.83902909462e-09, 1.24893340114e-09, 9.13577158368e-10, 1.55212986908e-09, 1.16090199953e-10, 4.19590473477e-10, 3.49294426716e-10, 4.09988210048e-10, 6.87869927685e-10, 1.4461806197e-09, 7.0940958663e-10, 8.16675782556e-10, 4.63208360557e-09, 1.16571985398e-09, 6.61268728663e-09, 7.38471106487e-09, 1.23116388195e-08, 1.53384007717e-08, 4.03560695972e-09, 1.08513988906e-08, 9.22352594301e-09, 2.26921219593e-08, 2.1521875837e-08, 1.79632078101e-08, 1.73479786092e-09, 2.76822529344e-08, 3.54746809705e-09, 9.92429138869e-10, 3.39310829434e-10, 2.81902456933e-09, 4.65602528754e-10, 2.53244841764e-10, 2.29245372685e-10, 1.35453936956e-09, 1.22129939495e-09, 1.87291782083e-09, 4.24067059246e-10, 7.12829073546e-10],
        "dvar2": [4.40124542714e-12, 3.3177835479e-10, 9.79023528913e-09, 2.44741715782e-09, 2.46523335079e-09, 3.33179617229e-09, 2.99290869865e-10, 1.15218878882e-09, 7.77238384764e-10, 9.67217417269e-10, 1.70804204114e-09, 3.26518856397e-09, 1.64602598218e-09, 2.04478900478e-09, 9.01884877891e-09, 3.2074132239e-09, 1.86653767997e-08, 2.13313224862e-08, 3.43489787724e-08, 4.36490630307e-08, 1.16835758845e-08, 3.07587946224e-08, 1.86277411274e-08, 4.49414834236e-08, 5.96248952434e-08, 4.84484203866e-08, 4.15125800401e-09, 8.03958002393e-08, 1.00213828347e-08, 2.62727084532e-09, 9.71997371479e-10, 8.0134805458e-09, 1.15896559016e-09, 7.08223812929e-10, 6.16238782225e-10, 3.96586674611e-09, 2.83244649957e-09, 3.65409835723e-09, 9.20860998566e-10, 1.7797379126e-09],
        "max": [1.3616252545e-05, 9.33202463784e-05, 0.000633982475847, 0.000452151114587, 0.000274314719718, 0.000747846032027, 8.52180164657e-05, 0.000169704188011, 0.000239466768107, 0.000270179123618, 0.000249383301707, 0.000445467972895, 0.000384713202948, 0.000280256936094, 0.000822291825898, 0.000449714832939, 0.000985123799182, 0.000781656824984, 0.00127515883651, 0.00136040418874, 0.000609125476331, 0.00135858682916, 0.00119102362078, 0.00196942640468, 0.00171837618109, 0.00150909426156, 0.000678641546983, 0.00195077981334, 0.000609532638919, 0.000362578575732, 0.000146376070916, 0.000673905364238, 0.000279883417534, 0.000186807854334, 0.000156502181198, 0.000408282212447, 0.000480749702547, 0.000682644546032, 0.000258868007222, 0.000406341452617],
        "mean": [9.00921463654e-07, 2.54444921666e-06, 1.22884712255e-05, 1.37170500238e-05, 1.45346875797e-05, 2.60288488789e-05, 1.14354725156e-05, 2.30963141803e-05, 1.77220117621e-05, 1.90246009879e-05, 2.187688915e-05, 2.20631791308e-05, 2.24780233111e-05, 2.15076961467e-05, 2.24251052714e-05, 1.6935309759e-05, 2.38809589064e-05, 2.27637101489e-05, 2.50182456512e-05, 2.45624814852e-05, 1.99992919079e-05, 2.14085248444e-05, 2.07352932193e-05, 3.12260090141e-05, 2.31555368373e-05, 2.20668098336e-05, 3.3203723433e-05, 6.42057348159e-05, 4.3669842853e-05, 2.72694487649e-05, 1.63182230608e-05, 2.2057822207e-05, 1.01525238279e-05, 5.22279424331e-06, 6.45599266136e-06, 1.22036344692e-05, 1.73570369952e-05, 1.79231665243e-05, 1.17920699267e-05, 8.05433410278e-06],
        "median": [4.87380191316e-07, 4.22976626169e-07, 9.63264938036e-07, 2.26901988754e-06, 4.36842401541e-06, 1.00769420897e-05, 6.47253000352e-06, 1.42342723848e-05, 9.79148626357e-06, 1.00376855698e-05, 1.23513036669e-05, 8.97464906302e-06, 1.0281251889e-05, 1.00307688626e-05, 7.8507591752e-06, 5.46462842976e-06, 6.36947015664e-06, 5.38800259164e-06, 4.1315256567e-06, 4.4508224164e-06, 5.02023067384e-06, 3.94764492739e-06, 3.09536176246e-06, 2.95631275549e-06, 2.27344230552e-06, 3.08655671688e-06, 1.04205118987e-05, 2.1460104108e-05, 1.90752361959e-05, 1.12281004476e-05, 8.10010988062e-06, 8.09545053926e-06, 3.57976091436e-06, 1.66184520367e-06, 1.75892830612e-06, 3.42245584761e-06, 5.26452822669e-06, 4.71754401588e-06, 3.04606078316e-06, 1.85400051578e-06],
        "min": [1.51454848663e-08, 1.95323277552e-08, 3.09575192148e-08, 8.3061408418e-08, 2.48773005751e-07, 5.43730266145e-07, 4.2013851953e-07, 8.04678961686e-07, 2.28388245205e-07, 6.56898009765e-07, 6.57462805975e-07, 4.61936451757e-07, 5.93878041855e-07, 6.46987018627e-07, 3.53893256033e-07, 1.7232470384e-07, 3.64742874126e-07, 2.4335110993e-07, 3.35107785077e-07, 3.77924180839e-07, 3.64823449672e-07, 3.62948810562e-07, 2.64151225338e-07, 2.06066729902e-07, 1.74026880018e-07, 1.70923414089e-07, 2.49598883784e-07, 1.78788170047e-07, 1.4052002939e-07, 2.82090127257e-07, 2.2088249807e-07, 1.72981486912e-07, 1.04514377597e-07, 4.59002116315e-08, 2.07224246651e-08, 2.79123000269e-08, 2.72526516909e-08, 1.86941502278e-08, 2.50723477535e-08, 1.4594092157e-08],
        "var": [1.78343635433e-12, 9.25537146923e-11, 3.46080941682e-09, 2.02800642946e-09, 1.20840970563e-09, 4.71865746476e-09, 1.90499699348e-10, 6.63984422999e-10, 6.82175149702e-10, 8.70214733606e-10, 9.72967373336e-10, 2.24974794349e-09, 1.54979140632e-09, 1.1710767911e-09, 5.65929925145e-09, 1.53030021988e-09, 5.68757574371e-09, 5.38540234629e-09, 9.88013226788e-09, 1.10727214064e-08, 3.36589955907e-09, 8.27809198967e-09, 1.09505480239e-08, 2.68406417092e-08, 1.54480090941e-08, 1.31253603541e-08, 4.20631529607e-09, 2.04646610769e-08, 5.09710540442e-09, 1.94583393842e-09, 5.47028811138e-10, 2.59175214623e-09, 6.45030195923e-10, 2.3112375902e-10, 2.58381371854e-10, 1.04012531921e-09, 1.99989114158e-09, 3.39405725747e-09, 8.36887281697e-10, 7.90312815191e-10]
    },
    "mfcc": {
        "mean": [-668.711303711, -0.245115250349, -20.0978717804, -9.76443576813, -28.3237495422, -10.772778511, -2.10324835777, -17.8064403534, 0.0330598428845, -1.24460220337, -12.4176254272, 5.75973701477, -2.33348751068],
        "cov": [[3125.52172852, -687.359741211, -251.722229004, 46.8262901306, 272.163269043, -57.0686416626, 24.1927032471, -13.0677461624, -109.279342651, -93.5627822876, -108.795181274, -180.388687134, -196.953277588], [-687.359741211, 816.399047852, -160.541320801, -59.9977760315, 51.9845848083, 8.19564723969, -23.4119338989, 74.8645401001, -26.4696788788, 15.8152246475, 59.492980957, -12.4509649277, -0.657955408096], [-251.722229004, -160.541320801, 349.594390869, 117.556907654, -67.7256469727, 16.4419994354, 34.8040390015, -36.1825904846, 27.9379882812, 4.0453004837, -50.1453552246, 12.7930011749, 14.0125694275], [46.8262901306, -59.9977760315, 117.556907654, 173.917114258, 20.3859176636, 8.97126293182, 31.1198616028, 0.905346870422, -5.03431844711, -14.7744426727, -26.4345779419, -29.932559967, -18.8561649323], [272.163269043, 51.9845848083, -67.7256469727, 20.3859176636, 138.119689941, 7.8894276619, 2.75311183929, 30.6078166962, -24.1916561127, -11.8554449081, 3.25593042374, -21.2430973053, -34.8204574585], [-57.0686416626, 8.19564723969, 16.4419994354, 8.97126293182, 7.8894276619, 71.9714279175, 22.9897842407, 11.3893442154, 9.71417236328, 0.972142934799, -5.83050060272, 1.78859901428, 3.78904438019], [24.1927032471, -23.4119338989, 34.8040390015, 31.1198616028, 2.75311183929, 22.9897842407, 84.1464920044, 19.8081378937, 14.9779443741, 10.000620842, -8.30585479736, -15.6575174332, -1.70754003525], [-13.0677461624, 74.8645401001, -36.1825904846, 0.905346870422, 30.6078166962, 11.3893442154, 19.8081378937, 80.0434646606, 12.4341278076, 10.7030010223, 17.088596344, -11.4594039917, -9.19797611237], [-109.279342651, -26.4696788788, 27.9379882812, -5.03431844711, -24.1916561127, 9.71417236328, 14.9779443741, 12.4341278076, 59.9290275574, 18.0226612091, 12.7968063354, 9.69629955292, 7.31199502945], [-93.5627822876, 15.8152246475, 4.0453004837, -14.7744426727, -11.8554449081, 0.972142934799, 10.000620842, 10.7030010223, 18.0226612091, 64.8179321289, 18.0670013428, 18.5093631744, 18.0194549561], [-108.795181274, 59.492980957, -50.1453552246, -26.4345779419, 3.25593042374, -5.83050060272, -8.30585479736, 17.088596344, 12.7968063354, 18.0670013428, 67.5194244385, 23.5872039795, 17.031496048], [-180.388687134, -12.4509649277, 12.7930011749, -29.932559967, -21.2430973053, 1.78859901428, -15.6575174332, -11.4594039917, 9.69629955292, 18.5093631744, 23.5872039795, 74.1447525024, 33.1643714905], [-196.953277588, -0.657955408096, 14.0125694275, -18.8561649323, -34.8204574585, 3.78904438019, -1.70754003525, -9.19797611237, 7.31199502945, 18.0194549561, 17.031496048, 33.1643714905, 74.468536377]],
