{
"lowlevel": {
    "average_loudness": 0.0713365897536,
    "barkbands_crest": {
        "dmean": 2.50293731689,
        "dmean2": 4.12900876999,
        "dvar": 4.59891462326,
        "dvar2": 12.5439424515,
        "max": 21.7482528687,
        "mean": 8.96774959564,
        "median": 8.32141971588,
        "min": 3.12830328941,
        "var": 10.305896759
    },
    "barkbands_flatness_db": {
        "dmean": 0.0230435915291,
        "dmean2": 0.0371572375298,
        "dvar": 0.00042864822899,
        "dvar2": 0.00105048646219,
        "max": 0.345623195171,
        "mean": 0.168148815632,
        "median": 0.159888505936,
        "min": 0.0341604351997,
        "var": 0.00297990906984
    },
    "barkbands_kurtosis": {
        "dmean": 1.75875937939,
        "dmean2": 3.02917695045,
        "dvar": 4.98300695419,
        "dvar2": 14.1082248688,
        "max": 25.0075187683,
        "mean": 2.20378470421,
        "median": 1.62443304062,
        "min": -1.42273616791,
        "var": 8.69672489166
    },
    "barkbands_skewness": {
        "dmean": 0.404675573111,
        "dmean2": 0.691298425198,
        "dvar": 0.143705248833,
        "dvar2": 0.38480246067,
        "max": 4.42921257019,
        "mean": 1.36587250233,
        "median": 1.36246085167,
        "min": -0.286893010139,
        "var": 0.420986264944
    },
    "barkbands_spread": {
        "dmean": 2.785125494,
        "dmean2": 4.28050947189,
        "dvar": 9.66367340088,
        "dvar2": 16.6051959991,
        "max": 55.8665504456,
        "mean": 13.2461948395,
        "median": 11.9777050018,
        "min": 3.26502895355,
        "var": 58.1393585205
    },
    "dissonance": {
        "dmean": 0.0230128392577,
        "dmean2": 0.0386803746223,
        "dvar": 0.000371589296265,
        "dvar2": 0.000972977373749,
        "max": 0.498783797026,
        "mean": 0.4580475986,
        "median": 0.463466078043,
        "min": 0.232172563672,
        "var": 0.000855838821735
    },
    "dynamic_complexity": 13.398850441,
    "erbbands_crest": {
        "dmean": 2.91361260414,
        "dmean2": 4.74294662476,
        "dvar": 6.49753427505,
        "dvar2": 17.9386520386,
        "max": 20.7506980896,
        "mean": 8.31114864349,
        "median": 7.44967603683,
        "min": 2.78673267365,
        "var": 11.6259860992
    },
    "erbbands_flatness_db": {
        "dmean": 0.0240041166544,
        "dmean2": 0.0419631227851,
        "dvar": 0.000491275917739,
        "dvar2": 0.00113158731256,
        "max": 0.416259080172,
        "mean": 0.217491298914,
        "median": 0.210909947753,
        "min": 0.103692509234,
        "var": 0.00224488717504
    },
    "erbbands_kurtosis": {
        "dmean": 0.574375391006,
        "dmean2": 0.987704873085,
        "dvar": 0.309700667858,
        "dvar2": 0.854471802711,
        "max": 3.67106866837,
        "mean": -0.108029998839,
        "median": -0.332457065582,
        "min": -1.43827152252,
        "var": 0.616237699986
    },
    "erbbands_skewness": {
        "dmean": 0.329234451056,
        "dmean2": 0.544092833996,
        "dvar": 0.0662132874131,
        "dvar2": 0.173227950931,
        "max": 1.48657715321,
        "mean": 0.442512691021,
        "median": 0.4524962008,
        "min": -0.669292926788,
        "var": 0.167245402932
    },
    "erbbands_spread": {
        "dmean": 5.15808820724,
        "dmean2": 8.60537910461,
        "dvar": 17.4694423676,
        "dvar2": 46.2377357483,
        "max": 56.3727226257,
        "mean": 26.3660125732,
        "median": 25.5446414948,
        "min": 5.8585357666,
        "var": 71.9534072876
    },
    "hfc": {
        "dmean": 4.36255216599,
        "dmean2": 6.13715314865,
        "dvar": 952.681640625,
        "dvar2": 2158.45727539,
        "max": 504.920257568,
        "mean": 6.28347587585,
        "median": 0.0853826627135,
        "min": 0.00131472607609,
        "var": 1291.5958252
    },
    "melbands_crest": {
        "dmean": 3.47007036209,
        "dmean2": 5.73532819748,
        "dvar": 7.37664318085,
        "dvar2": 19.8170261383,
        "max": 26.011882782,
        "mean": 12.7259197235,
        "median": 12.0177307129,
        "min": 5.19216823578,
        "var": 17.7988319397
    },
    "melbands_flatness_db": {
        "dmean": 0.0258926898241,
        "dmean2": 0.04153656587,
        "dvar": 0.000555863021873,
        "dvar2": 0.00130085076671,
        "max": 0.416587561369,
        "mean": 0.217463955283,
        "median": 0.21472749114,
        "min": 0.0511182397604,
        "var": 0.00362118333578
    },
    "melbands_kurtosis": {
        "dmean": 2.62397098541,
        "dmean2": 4.59868526459,
        "dvar": 11.3636617661,
        "dvar2": 33.8915557861,
        "max": 34.9465789795,
        "mean": 4.66698503494,
        "median": 3.74519872665,
        "min": -0.895260095596,
        "var": 15.2023105621
    },
    "melbands_skewness": {
        "dmean": 0.458646297455,
        "dmean2": 0.781305909157,
        "dvar": 0.18200160563,
        "dvar2": 0.547307729721,
        "max": 4.9792766571,
        "mean": 1.73906493187,
        "median": 1.71232891083,
        "min": -0.274543553591,
        "var": 0.420927464962
    },
    "melbands_spread": {
        "dmean": 4.22903823853,
        "dmean2": 6.60388422012,
        "dvar": 22.3542079926,
        "dvar2": 41.8642730713,
        "max": 82.9658737183,
        "mean": 18.2975959778,
        "median": 16.3871669769,
        "min": 3.63405871391,
        "var": 121.746559143
    },
    "pitch_salience": {
        "dmean": 0.0590605735779,
        "dmean2": 0.0977962613106,
        "dvar": 0.00272054341622,
        "dvar2": 0.00687026418746,
        "max": 0.896444618702,
        "mean": 0.594193696976,
        "median": 0.597281813622,
        "min": 0.278834789991,
        "var": 0.00700512854382
    },
    "silence_rate_20dB": {
        "dmean": 0,
        "dmean2": 0,
        "dvar": 0,
        "dvar2": 0,
        "max": 1,
        "mean": 1,
        "median": 1,
        "min": 1,
        "var": 0
    },
    "silence_rate_30dB": {
        "dmean": 0.0133333336562,
        "dmean2": 0.0267558526248,
        "dvar": 0.0131555637345,
        "dvar2": 0.0260399654508,
        "max": 1,
        "mean": 0.980066418648,
        "median": 1,
        "min": 0,
        "var": 0.0195361990482
    },
    "silence_rate_60dB": {
        "dmean": 0.019999999553,
        "dmean2": 0.0401337780058,
        "dvar": 0.0196000020951,
        "dvar2": 0.0385230667889,
        "max": 1,
        "mean": 0.820598006248,
        "median": 1,
        "min": 0,
        "var": 0.147216975689
    },
    "spectral_centroid": {
        "dmean": 164.875579834,
        "dmean2": 254.781112671,
        "dvar": 32364.4003906,
        "dvar2": 63240.875,
        "max": 3011.50170898,
        "mean": 1034.11865234,
        "median": 947.453552246,
        "min": 349.142852783,
        "var": 219064.03125
    },
    "spectral_complexity": {
        "dmean": 1.13999998569,
        "dmean2": 1.47826087475,
        "dvar": 10.2404022217,
        "dvar2": 14.8047056198,
        "max": 56,
        "mean": 3.92358803749,
        "median": 0,
        "min": 0,
        "var": 72.0240325928
    },
    "spectral_decrease": {
        "dmean": 1.25540489115e-09,
        "dmean2": 1.9768464643e-09,
        "dvar": 3.73310316214e-17,
        "dvar2": 8.48503211162e-17,
        "max": -1.88199933068e-13,
        "mean": -2.00934646699e-09,
        "median": -2.44200232952e-11,
        "min": -9.13353375154e-08,
        "var": 6.45900143194e-17
    },
    "spectral_energy": {
        "dmean": 0.00511737028137,
        "dmean2": 0.00800610426813,
        "dvar": 0.000658952863887,
        "dvar2": 0.00149085873272,
        "max": 0.390518844128,
        "mean": 0.00815365929157,
        "median": 0.000101931400422,
        "min": 8.29559610338e-07,
        "var": 0.00111336703412
    },
    "spectral_energyband_high": {
        "dmean": 8.79164945218e-05,
        "dmean2": 0.000130777611048,
        "dvar": 4.77697881252e-07,
        "dvar2": 1.15955572255e-06,
        "max": 0.0107656847686,
        "mean": 8.48083436722e-05,
        "median": 7.91207185102e-07,
        "min": 6.10457817629e-08,
        "var": 4.61539229946e-07
    },
    "spectral_energyband_low": {
        "dmean": 3.13248856401e-05,
        "dmean2": 5.36497245776e-05,
        "dvar": 2.21007585566e-08,
        "dvar2": 6.58795613617e-08,
        "max": 0.00154600304086,
        "mean": 2.92769636872e-05,
        "median": 1.63246937745e-07,
        "min": 8.52966941522e-09,
        "var": 2.17879989606e-08
    },
    "spectral_energyband_middle_high": {
        "dmean": 0.00149126700126,
        "dmean2": 0.00209801108576,
        "dvar": 0.000131943685119,
        "dvar2": 0.000305392226437,
        "max": 0.189670979977,
        "mean": 0.00228914967738,
        "median": 2.85897331196e-05,
        "min": 5.00806436321e-07,
        "var": 0.000195748521946
    },
    "spectral_energyband_middle_low": {
        "dmean": 0.00364112621173,
        "dmean2": 0.00617278693244,
        "dvar": 0.000246382143814,
        "dvar2": 0.000582391570788,
        "max": 0.193544581532,
        "mean": 0.00581464543939,
        "median": 7.27711085347e-05,
        "min": 2.09372160498e-07,
        "var": 0.00045914913062
    },
    "spectral_entropy": {
        "dmean": 0.186222746968,
        "dmean2": 0.307620793581,
        "dvar": 0.0287485942245,
        "dvar2": 0.071928858757,
        "max": 8.41403961182,
        "mean": 7.32354545593,
        "median": 7.34428501129,
        "min": 5.86527919769,
        "var": 0.141814231873
    },
    "spectral_flux": {
        "dmean": 0.00956137385219,
        "dmean2": 0.0144871361554,
        "dvar": 0.000849197502248,
        "dvar2": 0.00174321304075,
        "max": 0.492577880621,
        "mean": 0.0259886365384,
        "median": 0.00534037407488,
        "min": 0.00182885664981,
        "var": 0.00326235219836
    },
    "spectral_kurtosis": {
        "dmean": 4.14895868301,
        "dmean2": 7.33510780334,
        "dvar": 22.7246513367,
        "dvar2": 70.3968963623,
        "max": 48.9462547302,
        "mean": 9.064037323,
        "median": 7.25277900696,
        "min": 1.44761943817,
        "var": 37.1223297119
    },
    "spectral_rms": {
        "dmean": 0.00038051235606,
        "dmean2": 0.000588127411902,
        "dvar": 1.40142560667e-06,
        "dvar2": 2.92837944471e-06,
        "max": 0.0195190683007,
        "mean": 0.00129667529836,
        "median": 0.00031534943264,
        "min": 2.84486632154e-05,
        "var": 6.27342387816e-06
    },
    "spectral_rolloff": {
        "dmean": 333.980010986,
        "dmean2": 524.934509277,
        "dvar": 230901.46875,
        "dvar2": 344450.125,
        "max": 8311.81640625,
        "mean": 1366.96508789,
        "median": 1141.25976562,
        "min": 236.865234375,
        "var": 918001.875
    },
    "spectral_skewness": {
        "dmean": 0.369226872921,
        "dmean2": 0.650216579437,
        "dvar": 0.103512778878,
        "dvar2": 0.286042332649,
        "max": 4.79785013199,
        "mean": 2.03627896309,
        "median": 1.93723380566,
        "min": 1.05743777752,
        "var": 0.276586622
    },
    "spectral_spread": {
        "dmean": 546299.4375,
        "dmean2": 941949.875,
        "dvar": 256396771328,
        "dvar2": 551186464768,
        "max": 9373417,
        "mean": 3073850,
        "median": 2845211.75,
        "min": 930645.875,
        "var": 1.10544499507e+12
    },
    "spectral_strongpeak": {
        "dmean": 0.134139716625,
        "dmean2": 0.207192197442,
        "dvar": 0.245342299342,
        "dvar2": 0.563774824142,
        "max": 8.07125473022,
        "mean": 0.30684325099,
        "median": 0.0689520016313,
        "min": 0.00092183961533,
        "var": 0.596691071987
    },
    "zerocrossingrate": {
        "dmean": 0.00667968764901,
        "dmean2": 0.00776024255902,
        "dvar": 7.5810123235e-05,
        "dvar2": 9.3788949016e-05,
        "max": 0.17919921875,
        "mean": 0.0487924367189,
        "median": 0.04296875,
        "min": 0.01416015625,
        "var": 0.000626520079095
    },
    "barkbands": {
        "dmean": [8.24388877163e-08, 2.13198532606e-07, 4.77895355289e-06, 0.000209088568226, 0.00211792159826, 0.000958610791713, 0.000167850550497, 0.000544747628737, 0.000871403841302, 0.000315458630212, 0.000211789883906, 0.000177603898919, 0.000325269938912, 0.000184300224646, 0.000126398314023, 0.000112881658424, 0.000148014980368, 7.93267754489e-05, 7.63306597946e-05, 5.16061190865e-05, 3.00805804727e-05, 1.39115081765e-05, 9.39010169532e-06, 1.0433767784e-05, 8.44825808599e-06, 1.65166795796e-06, 2.34683440681e-07],
        "dmean2": [1.17852920312e-07, 3.69828057956e-07, 7.60190869187e-06, 0.000349665584508, 0.0038882936351, 0.00158180692233, 0.000279506348306, 0.000932352908421, 0.00139941542875, 0.000501144910231, 0.000267233524937, 0.000275991798844, 0.000567769573536, 0.000259160355199, 0.000199337824597, 0.00017564574955, 0.000236022824538, 0.000119553202239, 0.00012051480735, 7.99645058578e-05, 4.71752209705e-05, 2.27267573791e-05, 1.59419305419e-05, 1.68206915987e-05, 1.18704892884e-05, 2.42974965659e-06, 3.49957474555e-07],
        "dvar": [2.4401842851e-13, 6.9088490354e-13, 4.1561254438e-10, 9.28476424633e-07, 7.19676390872e-05, 1.56296355271e-05, 2.63296129788e-07, 8.8120386863e-06, 3.86177380278e-05, 1.67106259141e-06, 1.34639708449e-06, 1.48200922467e-06, 1.01981877378e-05, 1.79767437203e-06, 1.05898675429e-06, 8.48412355481e-07, 1.8654361611e-06, 4.56574440477e-07, 4.07122769275e-07, 1.87023104559e-07, 6.80231053707e-08, 1.4870935594e-08, 6.86176093723e-09, 7.0702754762e-09, 3.63978869267e-09, 1.127262797e-10, 3.27859852982e-12],
        "dvar2": [4.96624497168e-13, 1.79433128512e-12, 1.0689077401e-09, 2.81263783108e-06, 0.000234870836721, 4.02819023293e-05, 6.92206128861e-07, 2.49642871495e-05, 7.5127085438e-05, 3.96389305024e-06, 1.55172074301e-06, 2.55014379036e-06, 2.80249423668e-05, 4.09056565331e-06, 2.56609177995e-06, 1.67105292803e-06, 4.79057734992e-06, 9.07249614102e-07, 1.04951516278e-06, 4.59945880493e-07, 1.72951374111e-07, 4.01774684633e-08, 1.91482723011e-08, 1.83986941238e-08, 8.34224866963e-09, 2.68242345003e-10, 7.79450549243e-12],
        "max": [8.36724211695e-06, 7.72878411226e-06, 0.00017606880283, 0.00977835711092, 0.0780431032181, 0.0442990511656, 0.00591395003721, 0.040190063417, 0.0989064723253, 0.0173551179469, 0.0213348362595, 0.0207082573324, 0.0459222085774, 0.0222072899342, 0.0160242058337, 0.0144347464666, 0.0205651130527, 0.0104390019551, 0.00967685971409, 0.00645212316886, 0.00389137188904, 0.00178590894211, 0.00115665246267, 0.00119834579527, 0.000902934523765, 0.000140562100569, 2.59197295236e-05],
        "mean": [7.61720215792e-08, 1.80501288582e-07, 5.44289241589e-06, 0.0001882075303, 0.00214881566353, 0.00126104755327, 0.000242924696067, 0.00058933388209, 0.00125883391593, 0.000527945929207, 0.00031479250174, 0.000338508194545, 0.000312440737616, 0.000266784685664, 0.00014136423124, 0.000134574613185, 0.000142231234349, 9.51678521233e-05, 7.29682578822e-05, 4.73003892694e-05, 2.68844105449e-05, 1.18716243378e-05, 7.57792122386e-06, 8.75620844454e-06, 7.87911722e-06, 1.55683824232e-06, 1.95126716562e-07],
        "median": [1.21994654378e-08, 5.81076520234e-09, 5.18233420621e-08, 1.60919501013e-06, 2.20854344661e-05, 1.04784894575e-05, 1.5871875803e-05, 1.82889889402e-05, 5.45331704416e-06, 8.86893758434e-06, 1.87924274542e-06, 2.68271969617e-06, 3.56346731678e-06, 4.73420595881e-06, 1.59401770361e-06, 2.03000354304e-06, 1.70452779003e-06, 8.40072573283e-07, 8.28224187899e-07, 3.47531283751e-07, 3.10920967195e-07, 7.30945401983e-08, 3.35544640961e-08, 5.34550288478e-08, 3.67050674299e-08, 9.72006741762e-09, 5.22093301925e-09],
        "min": [3.82143830469e-11, 2.45217929296e-10, 7.82783171616e-10, 2.98439317703e-08, 3.46199726664e-08, 2.1518321347e-08, 3.98765145349e-08, 4.54957529428e-08, 3.21871098663e-08, 3.16127959366e-08, 4.69402756664e-08, 1.34250583983e-07, 3.25518989541e-08, 1.91647426817e-08, 1.87357969139e-08, 9.91287496532e-09, 2.59945878156e-08, 1.70899969731e-08, 1.11987850104e-08, 8.72208438807e-09, 1.68388218924e-08, 5.43010525433e-09, 7.68229979631e-10, 1.50756840345e-09, 8.46991810022e-10, 4.17870710256e-10, 5.23983911815e-10],
        "var": [2.95720587774e-13, 6.31755607029e-13, 5.83652626229e-10, 8.5842077624e-07, 8.04166920716e-05, 2.52234749496e-05, 4.81083247905e-07, 7.89518162492e-06, 6.27575573162e-05, 3.50759523826e-06, 3.52928213943e-06, 4.31104490417e-06, 7.84290932643e-06, 2.6807579161e-06, 1.16475109735e-06, 1.10270741516e-06, 1.67902646808e-06, 6.00610917445e-07, 3.60763948493e-07, 1.68799260791e-07, 5.72429321721e-08, 1.14859002309e-08, 4.8031840727e-09, 5.51447199015e-09, 3.68487929059e-09, 1.16670173522e-10, 2.84422593984e-12]
    },
    "erbbands": {
        "dmean": [1.63978111232e-05, 0.00020789190603, 0.00755215110257, 0.312360703945, 6.0154004097, 5.95582389832, 5.26748418808, 10.1127166748, 1.49912917614, 10.8601293564, 6.78912210464, 18.6580467224, 13.336722374, 6.44845056534, 8.76026630402, 8.50810527802, 12.6973829269, 13.1702365875, 7.40903806686, 5.87016248703, 7.90309429169, 6.55091190338, 4.00936889648, 4.49793338776, 3.81532073021, 2.42884778976, 1.43332195282, 0.816669881344, 0.534135937691, 0.329360038042, 0.275784164667, 0.233297556639, 0.160348981619, 0.100054524839, 0.0528347380459, 0.0143626527861, 0.00195349776186, 0.000293914723443, 4.10444954468e-05, 8.13797214505e-06],
        "dmean2": [2.81482061837e-05, 0.000322732666973, 0.0119370054454, 0.538893163204, 10.8193187714, 10.9922246933, 8.89517688751, 17.2241859436, 2.43453550339, 18.7328701019, 11.2393522263, 29.8634929657, 19.6129131317, 10.1422433853, 11.8865213394, 13.1435403824, 21.0530128479, 20.2491092682, 12.4227275848, 8.62760448456, 12.0438175201, 9.87163352966, 5.68129014969, 6.20520162582, 6.06043291092, 3.72951745987, 2.15009474754, 1.17381501198, 0.883407652378, 0.528759419918, 0.481753647327, 0.394603580236, 0.251175135374, 0.140032202005, 0.07593780756, 0.0215696543455, 0.00282736099325, 0.000432834523963, 5.83322726015e-05, 1.27419471028e-05],
        "dvar": [4.52119408578e-09, 7.60634748076e-07, 0.00115179293789, 2.23118948936, 614.510131836, 538.803649902, 682.12878418, 1853.19897461, 34.2088928223, 2220.76464844, 1423.44067383, 17868.1757812, 5169.59619141, 1020.84216309, 2452.66723633, 3465.31103516, 13570.359375, 12425.7314453, 3562.8125, 2520.41943359, 4861.85205078, 3198.00073242, 1083.43310547, 1305.58239746, 1075.96582031, 407.174743652, 148.39276123, 40.2972869873, 22.4292812347, 7.69277000427, 6.25826311111, 4.00866270065, 1.55273652077, 0.48581969738, 0.141083270311, 0.00939978752285, 0.000161266754731, 4.33765490016e-06, 9.11384105962e-08, 2.13931872217e-09],
        "dvar2": [1.35655771061e-08, 2.15974500861e-06, 0.00338790123351, 6.94104194641, 2039.5513916, 1692.10070801, 1938.16516113, 5706.49853516, 87.0866546631, 6662.85888672, 3616.81176758, 33488.9492188, 8499.14257812, 1846.01879883, 2892.9699707, 6129.74462891, 35749.2773438, 31589.7792969, 8995.1328125, 5181.66650391, 11402.4873047, 7605.23681641, 2321.82836914, 2862.40771484, 2742.68652344, 991.24206543, 361.372619629, 93.4706192017, 61.9038543701, 20.1198291779, 17.6074848175, 10.9134197235, 3.8972568512, 1.07365059853, 0.332832962275, 0.0233625303954, 0.000367370259482, 1.04342943814e-05, 2.08189163686e-07, 5.10984365931e-09],
        "max": [0.000640772341285, 0.00972714181989, 0.362268447876, 16.9486236572, 237.791610718, 238.883850098, 289.838531494, 408.16607666, 77.1432571411, 603.942077637, 558.49786377, 2189.81762695, 1112.41833496, 475.852508545, 895.497070312, 1009.43127441, 1765.97583008, 1744.79455566, 926.538085938, 811.349365234, 1068.5534668, 887.277526855, 516.06829834, 567.503234863, 497.271606445, 301.939544678, 185.450637817, 99.6498718262, 68.2640533447, 40.6978569031, 34.6618728638, 27.9261894226, 17.9925689697, 10.3695821762, 5.59706163406, 1.33099591732, 0.173234373331, 0.0294027514756, 0.00443226983771, 0.000743399839848],
        "mean": [1.95310112758e-05, 0.000283504603431, 0.0091984141618, 0.366218149662, 6.3159031868, 5.87452793121, 5.65838956833, 11.228978157, 2.36422181129, 12.4033355713, 9.33385658264, 27.916973114, 22.1431465149, 12.1800699234, 14.0955991745, 15.7505092621, 14.8001127243, 16.0768470764, 8.91475391388, 7.34858894348, 8.22766017914, 7.24175214767, 4.74507284164, 4.78117799759, 3.50702905655, 2.26220726967, 1.35927820206, 0.798078119755, 0.454687327147, 0.277434706688, 0.222467511892, 0.187586188316, 0.139735147357, 0.0934183970094, 0.0500636361539, 0.01317210868, 0.00185674603563, 0.000252487516263, 3.76549978682e-05, 1.13227770271e-05],
        "median": [3.92592482967e-07, 4.19553725806e-06, 9.53247363213e-05, 0.00351382861845, 0.0697099119425, 0.0477245375514, 0.0496740117669, 0.082813590765, 0.0607916116714, 0.553609848022, 0.247538253665, 0.10413274169, 0.175472959876, 0.206414058805, 0.124398224056, 0.118706516922, 0.197184413671, 0.194673985243, 0.15726006031, 0.0696689859033, 0.137614533305, 0.101647980511, 0.051650505513, 0.0509467460215, 0.0277705732733, 0.0185121446848, 0.00908541306853, 0.0124177066609, 0.00416626781225, 0.000992533401586, 0.00107082456816, 0.00125424761791, 0.000596296740696, 0.000448031001724, 0.00021538780129, 6.58814096823e-05, 1.1837179045e-05, 2.72519287137e-06, 9.10370829388e-07, 2.33196516319e-07],
        "min": [4.42966658909e-08, 4.68512411089e-07, 6.97201039657e-06, 7.5753479905e-05, 0.000147533675772, 9.7155731055e-05, 6.25382817816e-05, 0.000218634493649, 0.000374521390768, 0.000990307424217, 0.000876036821865, 0.00076798669761, 0.000559649663046, 0.00268465443514, 0.00570135563612, 0.00549578201026, 0.00199714465998, 0.000851612188853, 0.0017728159437, 0.000861791661009, 0.000682040408719, 0.00222712522373, 0.00112109386828, 0.000737276452128, 0.000668862427119, 0.000379719043849, 0.000718756869901, 0.000572463381104, 0.000252451747656, 7.484555681e-05, 3.94961571146e-05, 3.43742030964e-05, 2.04874158953e-05, 1.18203624879e-05, 4.85493637825e-06, 1.48487379192e-06, 7.31922170871e-07, 4.25189028874e-07, 8.06331996728e-08, 8.28553936572e-09],
        "var": [5.54158319233e-09, 1.23405573049e-06, 0.00153979519382, 2.52441120148, 665.976196289, 646.054077148, 648.254943848, 2182.49121094, 69.551071167, 2235.68701172, 1725.72131348, 30885.0332031, 11013.5644531, 2546.77075195, 6841.69091797, 9767.13671875, 13193.4648438, 13256.6220703, 3834.14331055, 3340.70825195, 4869.38671875, 3514.87792969, 1361.33752441, 1499.578125, 943.838134766, 372.975494385, 139.362121582, 40.8721885681, 16.680437088, 6.16463041306, 4.2751750946, 2.83590197563, 1.30231881142, 0.505629956722, 0.142733618617, 0.00897650979459, 0.000171993218828, 3.9302208279e-06, 8.66688480983e-08, 2.74600475691e-09]
    },
    "gfcc": {
        "mean": [-259.831726074, 98.1056365967, -165.043273926, -20.9952526093, -77.5451126099, -26.5831775665, -55.9456443787, -14.601140976, -37.9056816101, -13.7604570389, -22.9520797729, -16.0347309113, -11.5455312729],
        "cov": [[13452.6542969, 451.459442139, -157.664138794, 259.540100098, -545.207641602, 214.741256714, -312.709594727, 5.02138328552, -380.588226318, -360.871734619, 15.9013185501, -179.801712036, 153.103378296], [451.459442139, 1348.64331055, -201.327316284, -241.582397461, 157.128509521, -273.247070312, 58.3655204773, -181.903701782, 101.775634766, -186.704742432, 90.5324935913, -169.643844604, 87.2661437988], [-157.664138794, -201.327316284, 340.357513428, 178.462768555, 4.27282428741, 83.0179977417, -39.1886100769, 45.9679985046, -61.0835609436, 15.9608888626, -46.8655471802, 3.82247757912, -39.5031433105], [259.540100098, -241.582397461, 178.462768555, 261.437957764, 7.85965156555, 92.5221557617, -48.7490615845, 35.9979705811, -70.1864547729, -0.209549963474, -57.5429878235, -28.0069408417, -49.1689147949], [-545.207641602, 157.128509521, 4.27282428741, 7.85965156555, 131.117919922, -42.8651580811, -0.858807146549, -24.3188800812, 6.63015890121, -11.0643262863, -1.29985713959, -32.3402366638, -17.0986156464], [214.741256714, -273.247070312, 83.0179977417, 92.5221557617, -42.8651580811, 116.544700623, -6.95105457306, 44.4010009766, -44.1135139465, 13.9411754608, -24.6103935242, 24.6386051178, -20.1945304871], [-312.709594727, 58.3655204773, -39.1886100769, -48.7490615845, -0.858807146549, -6.95105457306, 98.2637863159, -22.8088760376, 30.6408596039, -10.7899503708, 5.63265562057, 29.5491600037, 19.2843952179], [5.02138328552, -181.903701782, 45.9679985046, 35.9979705811, -24.3188800812, 44.4010009766, -22.8088760376, 69.5603713989, -14.8789405823, 26.2967395782, -9.71977710724, 9.80575084686, -15.6283054352], [-380.588226318, 101.775634766, -61.0835609436, -70.1864547729, 6.63015890121, -44.1135139465, 30.6408596039, -14.8789405823, 68.8670196533, 7.69357824326, 22.0567569733, 1.33325695992, 11.1598262787], [-360.871734619, -186.704742432, 15.9608888626, -0.209549963474, -11.0643262863, 13.9411754608, -10.7899503708, 26.2967395782, 7.69357824326, 68.62159729, 4.29884338379, 34.7086753845, -13.8538265228], [15.9013185501, 90.5324935913, -46.8655471802, -57.5429878235, -1.29985713959, -24.6103935242, 5.63265562057, -9.71977710724, 22.0567569733, 4.29884338379, 59.2477684021, 5.03444004059, 15.9944124222], [-179.801712036, -169.643844604, 3.82247757912, -28.0069408417, -32.3402366638, 24.6386051178, 29.5491600037, 9.80575084686, 1.33325695992, 34.7086753845, 5.03444004059, 76.5225067139, 10.5149707794], [153.103378296, 87.2661437988, -39.5031433105, -49.1689147949, -17.0986156464, -20.1945304871, 19.2843952179, -15.6283054352, 11.1598262787, -13.8538265228, 15.9944124222, 10.5149707794, 45.0454521179]],
        "icov": [[0.000188943857211, -0.000342933490174, 0.00035362818744, -0.000357966928277, 0.000944530125707, -0.000368238659576, 0.000625104468782, -0.000157939473866, 0.000879132130649, 0.000409071799368, -9.54319330049e-05, -0.000340135622537, -0.000166122728842], [-0.000342933490174, 0.00634195050225, -0.00242279423401, 0.00344923580997, -0.00386649835855, 0.00603354815394, -0.00298179103993, 0.00433252379298, -0.0025204133708, 0.00736231124029, -0.00425779214129, 0.00907863490283, -0.00318208127283], [0.00035362818744, -0.00242279423401, 0.00618696957827, -0.00434559350833, 0.00173794676084, -0.00263052922674, 0.00219181226566, -0.00280585116707, 0.00269080605358, -0.00167248898651, 0.00180603645276, -0.0048983739689, 0.00106379354838], [-0.000357966928277, 0.00344923580997, -0.00434559350833, 0.0122174890712, -0.00351523701102, -0.00205347687006, -0.00144800613634, 0.00382181117311, 0.000931368442252, 0.00196969998069, 0.00141095195431, 0.00954481214285, 0.00139639759436], [0.000944530125707, -0.00386649835855, 0.00173794676084, -0.00351523701102, 0.0165961328894, 0.00125593855046, 0.00156248814892, -0.000223356153583, 0.00640996126458, -0.00175826775376, 0.000543264613952, -0.00189333804883, 0.00620385957882], [-0.000368238659576, 0.00603354815394, -0.00263052922674, -0.00205347687006, 0.00125593855046, 0.0282343663275, -0.00734588876367, -0.00416431948543, 0.0050561465323, 0.00894751958549, -0.004840078298, 0.00253239274025, 0.00247583095916], [0.000625104468782, -0.00298179103993, 0.00219181226566, -0.00144800613634, 0.00156248814892, -0.00734588876367, 0.0211429484189, 0.00192177493591, -0.00688977725804, 0.00626773806289, 0.00370861962438, -0.0139235872775, -0.00152346305549], [-0.000157939473866, 0.00433252379298, -0.00280585116707, 0.00382181117311, -0.000223356153583, -0.00416431948543, 0.00192177493591, 0.027267633006, -0.00267870351672, -0.00200100545771, -0.00192789710127, 0.00897696614265, -0.000822298461571], [0.000879132130649, -0.0025204133708, 0.00269080605358, 0.000931368442252, 0.00640996126458, 0.0050561465323, -0.00688977725804, -0.00267870351672, 0.0332100279629, -0.0080289831385, -0.00343939429149, 0.00383616168983, 0.0016199540114], [0.000409071799368, 0.00736231124029, -0.00167248898651, 0.00196969998069, -0.00175826775376, 0.00894751958549, 0.00626773806289, -0.00200100545771, -0.0080289831385, 0.0428502447903, -0.00887494441122, -0.0070958212018, 0.00497181434184], [-9.54319330049e-05, -0.00425779214129, 0.00180603645276, 0.00141095195431, 0.000543264613952, -0.004840078298, 0.00370861962438, -0.00192789710127, -0.00343939429149, -0.00887494441122, 0.0266386102885, -0.00596235739067, -0.00246761762537], [-0.000340135622537, 0.00907863490283, -0.0048983739689, 0.00954481214285, -0.00189333804883, 0.00253239274025, -0.0139235872775, 0.00897696614265, 0.00383616168983, -0.0070958212018, -0.00596235739067, 0.043949637562, -0.0120918946341], [-0.000166122728842, -0.00318208127283, 0.00106379354838, 0.00139639759436, 0.00620385957882, 0.00247583095916, -0.00152346305549, -0.000822298461571, 0.0016199540114, 0.00497181434184, -0.00246761762537, -0.0120918946341, 0.0400444939733]]
    },
    "melbands": {
        "dmean": [5.39165867508e-08, 1.16641103887e-06, 0.000162596683367, 0.000573266181163, 0.000155204033945, 0.000201006638235, 2.34956023633e-05, 0.000131720546051, 5.02421826241e-05, 0.000137073424412, 6.81785095367e-05, 2.66199403995e-05, 3.42835373885e-05, 1.88525118574e-05, 2.26450993068e-05, 3.43313040503e-05, 2.32159582083e-05, 1.21396997201e-05, 1.00284050859e-05, 7.16683825885e-06, 1.06361358121e-05, 8.35513856146e-06, 2.89395825348e-06, 4.73412001156e-06, 3.55145971298e-06, 2.359940936e-06, 2.81343477582e-06, 1.2884388525e-06, 8.43583620735e-07, 7.90406943452e-07, 3.83213205168e-07, 2.84513959059e-07, 2.86293158069e-07, 1.56103325821e-07, 1.68124898892e-07, 1.48750203266e-07, 1.36349584068e-07, 1.10744416304e-07, 1.12809345865e-07, 7.20665269682e-08],
        "dmean2": [9.27334511402e-08, 1.82985570518e-06, 0.000286892667646, 0.00105859537143, 0.000255617429502, 0.000346040265867, 4.09355779993e-05, 0.000226771880989, 8.127115143e-05, 0.000219434077735, 0.000102497746411, 4.57742462459e-05, 4.18736271968e-05, 2.55112372542e-05, 3.9263501094e-05, 5.73770157644e-05, 3.5319768358e-05, 2.07700668398e-05, 1.51521744556e-05, 1.05528188215e-05, 1.73946336872e-05, 1.24011876323e-05, 4.60263527202e-06, 6.79692220729e-06, 5.038699328e-06, 3.78943127544e-06, 4.70727536594e-06, 1.91370872926e-06, 1.20298420825e-06, 1.26812062717e-06, 5.24194319951e-07, 4.76884338241e-07, 4.90749300752e-07, 2.46569641149e-07, 3.07459544047e-07, 2.47203445269e-07, 2.31405437034e-07, 1.79063505357e-07, 1.63720827118e-07, 9.79210454943e-08],
        "dvar": [7.41085727399e-14, 2.35977019175e-11, 5.19862908277e-07, 5.48340312889e-06, 5.55973826977e-07, 7.0707778832e-07, 7.39997041421e-09, 3.85476710107e-07, 8.02708655101e-08, 9.85585870694e-07, 1.3786826969e-07, 1.66117501976e-08, 3.53008431375e-08, 1.21113226115e-08, 3.29061293769e-08, 1.07151485906e-07, 3.56059857154e-08, 8.7037106411e-09, 6.8258443342e-09, 3.58602392225e-09, 9.14633080384e-09, 5.40161115836e-09, 4.79298323253e-10, 1.74422309929e-09, 7.72111319325e-10, 3.66416647024e-10, 6.69133026765e-10, 1.0212499596e-10, 4.82185992523e-11, 4.84488733854e-11, 7.63808374188e-12, 5.87437043453e-12, 7.47346715763e-12, 1.56786487005e-12, 2.55294201577e-12, 1.64400968967e-12, 1.34092726072e-12, 7.76897263969e-13, 7.29911573891e-13, 2.16713989419e-13],
        "dvar2": [1.89037316616e-13, 5.97136159963e-11, 1.62966807693e-06, 1.8020551579e-05, 1.53628911903e-06, 2.05734318115e-06, 1.91347577783e-08, 1.1376795328e-06, 2.04002162718e-07, 1.88350122698e-06, 2.28240566003e-07, 3.42964163735e-08, 4.17240997308e-08, 1.9366837023e-08, 8.22908603482e-08, 2.84658653982e-07, 8.97822687307e-08, 2.28359535726e-08, 1.57124997457e-08, 6.63672938828e-09, 2.30413412794e-08, 1.29936843507e-08, 1.01779717987e-09, 4.00872357531e-09, 1.65475788627e-09, 9.50473255656e-10, 1.76273440289e-09, 2.26361943079e-10, 1.08062205018e-10, 1.26060079042e-10, 1.61958606248e-11, 1.62242372315e-11, 2.06708799383e-11, 4.07667302693e-12, 7.35341475211e-12, 4.43685886642e-12, 3.65033264033e-12, 2.00976431677e-12, 1.66783774291e-12, 4.62760092832e-13],
        "max": [3.56680675395e-06, 4.25487342e-05, 0.00817520916462, 0.0212913807482, 0.00822786986828, 0.00808869395405, 0.00104820751585, 0.00816882681102, 0.00416762428358, 0.016205213964, 0.0057090758346, 0.00184831453953, 0.00354311894625, 0.00205665687099, 0.00280461017974, 0.00485111773014, 0.00298461690545, 0.00142474821769, 0.00130566093139, 0.000974874361418, 0.00141883152537, 0.00114482885692, 0.000349439156707, 0.000639719946776, 0.000437326903921, 0.000294841738651, 0.000372953771148, 0.000152943393914, 0.000107572086563, 0.000103005375422, 4.47303646069e-05, 3.53745635948e-05, 3.83903061447e-05, 1.82777166629e-05, 2.16871139855e-05, 1.82028998097e-05, 1.60632534971e-05, 1.25611950352e-05, 1.26359509522e-05, 6.84876749801e-06],
        "mean": [4.47309602691e-08, 1.33373191602e-06, 0.000196140812477, 0.000552611832973, 0.000179466544068, 0.000241695423028, 3.68812579836e-05, 0.00014802631631, 7.08011793904e-05, 0.000198520283448, 0.000114926529932, 5.19745190104e-05, 5.03666778968e-05, 3.59381992894e-05, 3.19918399327e-05, 3.57232929673e-05, 2.8854703487e-05, 1.39338235385e-05, 1.1846103007e-05, 8.69062478159e-06, 1.0054138329e-05, 8.7199432528e-06, 3.92059837395e-06, 4.81612778458e-06, 3.79932771466e-06, 2.40837289311e-06, 2.23337474381e-06, 1.33635285238e-06, 8.69704535944e-07, 6.84696487951e-07, 3.97672863528e-07, 2.54471501648e-07, 2.18550567865e-07, 1.3263760934e-07, 1.33495916543e-07, 1.18667593085e-07, 1.10168755896e-07, 9.49214964407e-08, 1.01146206077e-07, 6.90917758561e-08],
        "median": [2.35649344482e-09, 1.43650575879e-08, 2.07814082387e-06, 5.64931951885e-06, 1.59592593718e-06, 1.84105715562e-06, 1.47104287862e-06, 5.68793620914e-06, 1.77379797606e-06, 5.70199574668e-07, 9.67422010945e-07, 9.86997179098e-07, 3.71261961618e-07, 3.02913122141e-07, 3.46572335275e-07, 4.26566970191e-07, 3.41273647564e-07, 2.66177551111e-07, 1.06584877813e-07, 8.67292939688e-08, 1.80782080861e-07, 1.21058391755e-07, 4.15996055381e-08, 4.17648884365e-08, 3.97703807664e-08, 2.55001495475e-08, 1.39356712836e-08, 1.18654019943e-08, 6.52506626508e-09, 4.80050710294e-09, 7.13920700335e-09, 2.39163289173e-09, 7.34919458623e-10, 4.37164665579e-10, 5.04669472878e-10, 7.50104867109e-10, 7.44887207471e-10, 4.47170800388e-10, 3.71884967265e-10, 3.60267371491e-10],
        "min": [1.83616719052e-10, 5.56316659406e-10, 1.54872470404e-08, 9.72753344541e-09, 2.1899733138e-09, 4.72269201524e-09, 6.45291198254e-09, 1.10883000559e-08, 6.79045264462e-09, 4.61386884254e-09, 2.51578491373e-09, 6.18210993508e-09, 8.17817280563e-09, 1.55394044299e-08, 1.07510294001e-08, 1.87774773508e-09, 1.51543366744e-09, 3.08610070832e-09, 1.470674027e-09, 8.72336647362e-10, 7.78684727809e-10, 1.72855907365e-09, 1.92832882995e-09, 5.62661084391e-10, 6.01736771522e-10, 4.34798669291e-10, 3.36418892743e-10, 2.09767619941e-10, 2.62367877424e-10, 1.53538404213e-10, 2.66738797716e-10, 1.34689565057e-10, 4.33316993398e-11, 1.03294265502e-11, 1.18110547384e-11, 2.34864159371e-11, 1.90496785013e-11, 1.39851455069e-11, 7.88590373557e-12, 7.87664378166e-12],
        "var": [6.01229000396e-14, 3.42860566327e-11, 6.39900008537e-07, 5.61154047318e-06, 6.0508699562e-07, 9.62253807302e-07, 1.41045966018e-08, 3.6753550603e-07, 9.60127977123e-08, 1.64737116393e-06, 2.92095279519e-07, 4.0030609938e-08, 9.17302358516e-08, 4.12946690176e-08, 5.05965864761e-08, 9.18321987342e-08, 4.01230018099e-08, 8.95958685021e-09, 8.25677837213e-09, 4.98770624802e-09, 7.98137911318e-09, 5.67814151253e-09, 6.97918334236e-10, 1.82346715505e-09, 9.12685649279e-10, 3.51355139427e-10, 4.99690011591e-10, 1.11269785052e-10, 5.27002746997e-11, 3.95193669456e-11, 8.83399256524e-12, 4.59063039318e-12, 5.11244605678e-12, 1.28749159771e-12, 1.65620707253e-12, 1.19084288871e-12, 9.47850738869e-13, 6.143688531e-13, 6.9915926347e-13, 2.43656765771e-13]
    },
    "mfcc": {
        "mean": [-883.549133301, 128.183166504, -35.955909729, -17.8625793457, -20.0313663483, -28.4949054718, -21.9813747406, -22.6692428589, -19.1915302277, -17.1411514282, -15.106924057, -13.775762558, -18.3777770996],
        "cov": [[12019.9667969, 1016.39752197, -891.145446777, 273.043151855, -573.711120605, -254.393493652, -37.7755088806, -230.196960449, -333.794281006, -120.992225647, -482.430206299, -489.768218994, -381.486694336], [1016.39752197, 975.765014648, -216.501281738, -67.395401001, -69.6985321045, -157.952926636, -80.7993927002, -94.1532287598, -114.559181213, -7.66241359711, -104.889892578, -161.617492676, -68.1661453247], [-891.145446777, -216.501281738, 315.022003174, 70.6584243774, 90.705078125, 70.8105621338, 34.0329322815, 47.792224884, 48.386013031, 10.4052801132, 54.4054450989, 54.3234176636, 27.3340625763], [273.043151855, -67.395401001, 70.6584243774, 186.430435181, 59.4765167236, 32.6512680054, 42.3629341125, -6.04614114761, -0.0972070842981, 8.03087329865, -8.34905147552, -13.2963171005, -50.3309326172], [-573.711120605, -69.6985321045, 90.705078125, 59.4765167236, 153.439880371, 22.5689086914, 11.7812051773, 1.4936671257, -8.95133209229, 41.2002677917, 32.9804229736, 7.97874259949, 10.7353458405], [-254.393493652, -157.952926636, 70.8105621338, 32.6512680054, 22.5689086914, 70.9129180908, 33.85779953, 25.4702224731, 25.6907787323, -11.4047250748, 14.0123310089, 26.4045581818, -0.488834440708], [-37.7755088806, -80.7993927002, 34.0329322815, 42.3629341125, 11.7812051773, 33.85779953, 62.7690811157, 25.7378787994, 9.91491985321, 3.53224253654, -1.54934215546, 11.0519418716, 4.16203212738], [-230.196960449, -94.1532287598, 47.792224884, -6.04614114761, 1.4936671257, 25.4702224731, 25.7378787994, 54.2358665466, 33.1573677063, -1.71888959408, 12.6989107132, 22.4048786163, 16.2627220154], [-333.794281006, -114.559181213, 48.386013031, -0.0972070842981, -8.95133209229, 25.6907787323, 9.91491985321, 33.1573677063, 62.9755935669, 1.21101737022, 20.0834102631, 29.8544006348, 8.71898555756], [-120.992225647, -7.66241359711, 10.4052801132, 8.03087329865, 41.2002677917, -11.4047250748, 3.53224253654, -1.71888959408, 1.21101737022, 48.6179733276, 18.4142799377, -0.936363518238, 14.0269174576], [-482.430206299, -104.889892578, 54.4054450989, -8.34905147552, 32.9804229736, 14.0123310089, -1.54934215546, 12.6989107132, 20.0834102631, 18.4142799377, 61.1023635864, 38.6187896729, 24.2431125641], [-489.768218994, -161.617492676, 54.3234176636, -13.2963171005, 7.97874259949, 26.4045581818, 11.0519418716, 22.4048786163, 29.8544006348, -0.936363518238, 38.6187896729, 72.7892074585, 36.0186462402], [-381.486694336, -68.1661453247, 27.3340625763, -50.3309326172, 10.7353458405, -0.488834440708, 4.16203212738, 16.2627220154, 8.71898555756, 14.0269174576, 24.2431125641, 36.0186462402, 74.8734512329]],
