{
"lowlevel": {
    "average_loudness": 0.853962779045,
    "barkbands_crest": {
        "dmean": 4.89438915253,
        "dmean2": 7.98494100571,
        "dvar": 19.5567188263,
        "dvar2": 40.2411766052,
        "max": 26.4204692841,
        "mean": 13.0867376328,
        "median": 11.5302772522,
        "min": 2.55990982056,
        "var": 52.3620872498
    },
    "barkbands_flatness_db": {
        "dmean": 0.0374299660325,
        "dmean2": 0.0578653030097,
        "dvar": 0.00150953268167,
        "dvar2": 0.00295741157606,
        "max": 0.339439749718,
        "mean": 0.102091126144,
        "median": 0.0802861303091,
        "min": 0.0286020152271,
        "var": 0.00472160242498
    },
    "barkbands_kurtosis": {
        "dmean": 9.92401409149,
        "dmean2": 16.9525585175,
        "dvar": 555.980895996,
        "dvar2": 1432.29785156,
        "max": 165.540145874,
        "mean": 8.36328697205,
        "median": 0.411508321762,
        "min": -1.58015823364,
        "var": 591.357971191
    },
    "barkbands_skewness": {
        "dmean": 1.19635117054,
        "dmean2": 1.95440864563,
        "dvar": 2.60262775421,
        "dvar2": 5.99680042267,
        "max": 12.1895313263,
        "mean": 1.89580869675,
        "median": 1.10034155846,
        "min": -0.566765964031,
        "var": 5.09441041946
    },
    "barkbands_spread": {
        "dmean": 15.3276786804,
        "dmean2": 25.1449623108,
        "dvar": 239.341949463,
        "dvar2": 500.776611328,
        "max": 110.52041626,
        "mean": 46.2920417786,
        "median": 44.0043373108,
        "min": 2.87799787521,
        "var": 474.560241699
    },
    "dissonance": {
        "dmean": 0.0110407928005,
        "dmean2": 0.0163694135845,
        "dvar": 0.000253243662883,
        "dvar2": 0.000258462678175,
        "max": 0.499624758959,
        "mean": 0.483653515577,
        "median": 0.488299846649,
        "min": 0.262701183558,
        "var": 0.000574490753934
    },
    "dynamic_complexity": 2.9369635582,
    "erbbands_crest": {
        "dmean": 2.35539245605,
        "dmean2": 3.98839116096,
        "dvar": 3.13737487793,
        "dvar2": 7.34536457062,
        "max": 28.2345790863,
        "mean": 7.72131633759,
        "median": 6.50060606003,
        "min": 3.18276786804,
        "var": 19.2452011108
    },
    "erbbands_flatness_db": {
        "dmean": 0.0155889224261,
        "dmean2": 0.0240484271199,
        "dvar": 0.000208794182981,
        "dvar2": 0.000446992955403,
        "max": 0.266714602709,
        "mean": 0.102307833731,
        "median": 0.0979408919811,
        "min": 0.0362235717475,
        "var": 0.00170576688834
    },
    "erbbands_kurtosis": {
        "dmean": 0.906574130058,
        "dmean2": 1.30535960197,
        "dvar": 0.711829125881,
        "dvar2": 1.26856029034,
        "max": 14.8893642426,
        "mean": 1.07832574844,
        "median": 0.536574363708,
        "min": -1.20613467693,
        "var": 5.06045198441
    },
    "erbbands_skewness": {
        "dmean": 0.32206517458,
        "dmean2": 0.480425804853,
        "dvar": 0.0681620165706,
        "dvar2": 0.192407593131,
        "max": 3.53603005409,
        "mean": 0.588832676411,
        "median": 0.50547516346,
        "min": -0.792895674706,
        "var": 0.459999114275
    },
    "erbbands_spread": {
        "dmean": 7.06774282455,
        "dmean2": 10.2042388916,
        "dvar": 33.7944831848,
        "dvar2": 76.9166641235,
        "max": 82.5364456177,
        "mean": 35.4427757263,
        "median": 30.4899272919,
        "min": 8.65886116028,
        "var": 254.853179932
    },
    "hfc": {
        "dmean": 28.2259883881,
        "dmean2": 26.3515949249,
        "dvar": 28380.7207031,
        "dvar2": 45894.4648438,
        "max": 1677.66101074,
        "mean": 34.7728424072,
        "median": 4.04111719131,
        "min": 2.62848854065,
        "var": 32739.7597656
    },
    "melbands_crest": {
        "dmean": 5.52307462692,
        "dmean2": 9.07070446014,
        "dvar": 30.1012496948,
        "dvar2": 57.0016937256,
        "max": 37.8492698669,
        "mean": 16.022359848,
        "median": 13.3752727509,
        "min": 3.43985533714,
        "var": 84.6232757568
    },
    "melbands_flatness_db": {
        "dmean": 0.0272016711533,
        "dmean2": 0.0396369062364,
        "dvar": 0.000746547768358,
        "dvar2": 0.00131593027618,
        "max": 0.339691579342,
        "mean": 0.141259908676,
        "median": 0.12055336684,
        "min": 0.0459764972329,
        "var": 0.00366316502914
    },
    "melbands_kurtosis": {
        "dmean": 6.31622648239,
        "dmean2": 10.1182527542,
        "dvar": 109.248931885,
        "dvar2": 273.905548096,
        "max": 66.7717971802,
        "mean": 8.93730354309,
        "median": 2.94697856903,
        "min": -1.04645109177,
        "var": 177.850036621
    },
    "melbands_skewness": {
        "dmean": 0.815282464027,
        "dmean2": 1.23283052444,
        "dvar": 0.904362738132,
        "dvar2": 1.96798861027,
        "max": 7.2698469162,
        "mean": 2.01991343498,
        "median": 1.4897018671,
        "min": -0.273933231831,
        "var": 2.54963159561
    },
    "melbands_spread": {
        "dmean": 9.18547439575,
        "dmean2": 14.2779960632,
        "dvar": 76.2777633667,
        "dvar2": 205.006500244,
        "max": 78.2715682983,
        "mean": 35.1310195923,
        "median": 35.4676132202,
        "min": 4.22905158997,
        "var": 351.053436279
    },
    "pitch_salience": {
        "dmean": 0.147363767028,
        "dmean2": 0.230293214321,
        "dvar": 0.0180383529514,
        "dvar2": 0.0367491655052,
        "max": 0.832571744919,
        "mean": 0.483306884766,
        "median": 0.503433585167,
        "min": 0.047474257648,
        "var": 0.0448700226843
    },
    "silence_rate_20dB": {
        "dmean": 0.00833333376795,
        "dmean2": 0.01680672355,
        "dvar": 0.00826388876885,
        "dvar2": 0.0165242571384,
        "max": 1,
        "mean": 0.975206613541,
        "median": 1,
        "min": 0,
        "var": 0.0241786744446
    },
    "silence_rate_30dB": {
        "dmean": 0.00833333376795,
        "dmean2": 0.01680672355,
        "dvar": 0.00826388876885,
        "dvar2": 0.0165242552757,
        "max": 1,
        "mean": 0.958677709103,
        "median": 1,
        "min": 0,
        "var": 0.0396147891879
    },
    "silence_rate_60dB": {
        "dmean": 0.0916666686535,
        "dmean2": 0.184873953462,
        "dvar": 0.0832639113069,
        "dvar2": 0.167502209544,
        "max": 1,
        "mean": 0.661157011986,
        "median": 1,
        "min": 0,
        "var": 0.22402843833
    },
    "spectral_centroid": {
        "dmean": 290.32824707,
        "dmean2": 461.135284424,
        "dvar": 64452.6835938,
        "dvar2": 173754.3125,
        "max": 2949.56811523,
        "mean": 1738.09301758,
        "median": 1736.04467773,
        "min": 748.96661377,
        "var": 289123.75
    },
    "spectral_complexity": {
        "dmean": 2.40833330154,
        "dmean2": 3.34453773499,
        "dvar": 22.3249320984,
        "dvar2": 19.1334037781,
        "max": 56,
        "mean": 6.49586772919,
        "median": 2,
        "min": 0,
        "var": 109.159065247
    },
    "spectral_decrease": {
        "dmean": 5.13443731975e-09,
        "dmean2": 5.61114132935e-09,
        "dvar": 8.23942246777e-16,
        "dvar2": 1.44976168725e-15,
        "max": -4.54011897522e-11,
        "mean": -4.89119100777e-09,
        "median": -4.97818453127e-10,
        "min": -2.78647320329e-07,
        "var": 7.98747992915e-16
    },
    "spectral_energy": {
        "dmean": 0.0218980945647,
        "dmean2": 0.0234816893935,
        "dvar": 0.0152647411451,
        "dvar2": 0.0265939217061,
        "max": 1.20384800434,
        "mean": 0.0216144919395,
        "median": 0.00239636283368,
        "min": 0.000468869897304,
        "var": 0.0151099264622
    },
    "spectral_energyband_high": {
        "dmean": 0.000908389512915,
        "dmean2": 0.000808492593933,
        "dvar": 2.65361795755e-05,
        "dvar2": 3.73576112906e-05,
        "max": 0.0531549043953,
        "mean": 0.00143985648174,
        "median": 0.000129014500999,
        "min": 7.25457211956e-05,
        "var": 4.30461514043e-05
    },
    "spectral_energyband_low": {
        "dmean": 0.000570183561649,
        "dmean2": 0.000946635846049,
        "dvar": 7.93556012013e-07,
        "dvar2": 1.93626760847e-06,
        "max": 0.00720151606947,
        "mean": 0.000698621908668,
        "median": 0.000359656813089,
        "min": 2.22869675781e-05,
        "var": 1.1812945786e-06
    },
    "spectral_energyband_middle_high": {
        "dmean": 0.018990572542,
        "dmean2": 0.0193377863616,
        "dvar": 0.0140305887908,
        "dvar2": 0.0245828777552,
        "max": 1.14499080181,
        "mean": 0.0175237674266,
        "median": 0.000455456465716,
        "min": 2.20276706386e-05,
        "var": 0.013561300002
    },
    "spectral_energyband_middle_low": {
        "dmean": 0.000245171540882,
        "dmean2": 0.000395483482862,
        "dvar": 2.48235011213e-07,
        "dvar2": 5.76122431539e-07,
        "max": 0.00657266937196,
        "mean": 0.000534972001333,
        "median": 0.000315821671393,
        "min": 8.11347490526e-05,
        "var": 5.69173380427e-07
    },
    "spectral_entropy": {
        "dmean": 0.0920323207974,
        "dmean2": 0.141943410039,
        "dvar": 0.00626818556339,
        "dvar2": 0.0158452168107,
        "max": 8.53116893768,
        "mean": 8.09771156311,
        "median": 8.08915805817,
        "min": 7.76366853714,
        "var": 0.0179153848439
    },
    "spectral_flux": {
        "dmean": 0.0208435487002,
        "dmean2": 0.0283606275916,
        "dvar": 0.00279877474532,
        "dvar2": 0.0026370678097,
        "max": 0.96034437418,
        "mean": 0.0516803897917,
        "median": 0.0328647755086,
        "min": 0.0134138567373,
        "var": 0.00952208321542
    },
    "spectral_kurtosis": {
        "dmean": 1.0780146122,
        "dmean2": 1.57872331142,
        "dvar": 1.22742855549,
        "dvar2": 2.25585412979,
        "max": 13.7796115875,
        "mean": 6.8638215065,
        "median": 6.85788345337,
        "min": 1.04947805405,
        "var": 6.25610113144
    },
    "spectral_rms": {
        "dmean": 0.00100176606793,
        "dmean2": 0.00120039260946,
        "dvar": 8.25134156912e-06,
        "dvar2": 1.24893531392e-05,
        "max": 0.0342707745731,
        "mean": 0.00237824837677,
        "median": 0.00152902421542,
        "min": 0.000676338735502,
        "var": 1.54312456289e-05
    },
    "spectral_rolloff": {
        "dmean": 3256.71630859,
        "dmean2": 6049.92529297,
        "dvar": 30537062,
        "dvar2": 60522552,
        "max": 20155.078125,
        "mean": 4999.26171875,
        "median": 2260.98632812,
        "min": 21.533203125,
        "var": 38796900
    },
    "spectral_skewness": {
        "dmean": 0.144776493311,
        "dmean2": 0.212103068829,
        "dvar": 0.0177487134933,
        "dvar2": 0.036508873105,
        "max": 2.77501678467,
        "mean": 2.07972669601,
        "median": 2.09620881081,
        "min": 1.19482660294,
        "var": 0.103030189872
    },
    "spectral_spread": {
        "dmean": 772064.5625,
        "dmean2": 1045315,
        "dvar": 1.24140886426e+12,
        "dvar2": 1.40471160013e+12,
        "max": 20403560,
        "mean": 7118760,
        "median": 6909149,
        "min": 3359899.25,
        "var": 5.28244382106e+12
    },
    "spectral_strongpeak": {
        "dmean": 0.541463673115,
        "dmean2": 0.557132363319,
        "dvar": 6.19928598404,
        "dvar2": 5.41487264633,
        "max": 27.3257675171,
        "mean": 0.786756694317,
        "median": 0,
        "min": 0,
        "var": 13.8190746307
    },
    "zerocrossingrate": {
        "dmean": 0.0444824211299,
        "dmean2": 0.0511587448418,
        "dvar": 0.00154601514805,
        "dvar2": 0.00272577092983,
        "max": 0.3271484375,
        "mean": 0.162194117904,
        "median": 0.15771484375,
        "min": 0,
        "var": 0.00567378336564
    },
    "barkbands": {
        "dmean": [0.00211336882785, 4.30588734162e-05, 1.66811278177e-05, 2.25809671974e-05, 3.19183855026e-05, 7.98117616796e-05, 5.55818187422e-05, 7.94440202299e-05, 6.94898481015e-05, 0.00295414845459, 0.01468716003, 9.65157014434e-05, 8.54633253766e-05, 0.00011267670925, 0.000561090360861, 8.21209323476e-05, 0.00010505852697, 0.000154811728862, 0.000262649846263, 0.000137920083944, 5.59856489417e-05, 4.34638859588e-05, 4.85116397613e-05, 0.00025936862221, 0.000302920903778, 0.000107975662104, 4.63231081085e-05],
        "dmean2": [0.00365164550021, 6.98424919392e-05, 2.97700134979e-05, 4.03370795539e-05, 5.53560421395e-05, 0.000127470630105, 9.48191009229e-05, 0.000144394871313, 0.000108094718598, 0.00370757328346, 0.0143220946193, 0.000139845171361, 0.000137191702379, 0.000169963255757, 0.000768857076764, 0.000119915370306, 0.000124004654936, 0.000184143034858, 0.000324452004861, 0.00015034864191, 6.41860024189e-05, 4.23494420829e-05, 5.80365631322e-05, 0.000320361054037, 0.000365318235708, 0.000107015381218, 5.31062578375e-05],
        "dvar": [1.40636984725e-05, 2.27351670823e-09, 5.10578634927e-10, 1.22646914846e-09, 2.44396658466e-09, 3.04697458375e-08, 7.88504372906e-09, 1.80130914629e-08, 4.50076775849e-08, 0.00038970541209, 0.00844624917954, 1.72256250153e-07, 5.26535899326e-08, 1.24539226931e-07, 1.32930035761e-05, 1.34836000143e-07, 2.93534043294e-07, 6.29904604921e-07, 2.2820297545e-06, 5.20188905284e-07, 7.6644475655e-08, 6.07433534583e-08, 7.50803081928e-08, 2.12157078749e-06, 3.47261175193e-06, 4.0050554162e-07, 4.74810377682e-08],
        "dvar2": [3.68417204299e-05, 6.06567995831e-09, 1.32830790811e-09, 3.26777693793e-09, 6.82893652737e-09, 7.00637770024e-08, 2.40266047058e-08, 5.29812567152e-08, 1.08845284785e-07, 0.000855042773765, 0.014148327522, 4.12681714579e-07, 1.26694715163e-07, 1.72734502257e-07, 3.04153236357e-05, 1.85138205211e-07, 3.67512598132e-07, 6.29761416349e-07, 3.16622299579e-06, 6.6224447437e-07, 8.54476240875e-08, 1.05272576434e-07, 1.32465771685e-07, 3.94258358938e-06, 4.22995844929e-06, 5.61466549698e-07, 7.09790626274e-08],
        "max": [0.0276510305703, 0.000365140556823, 0.000169261533301, 0.000290578434942, 0.000363399158232, 0.00149349775165, 0.000653363065794, 0.00095620600041, 0.00246644765139, 0.181190818548, 0.888393223286, 0.00511786108837, 0.00214548571967, 0.00339794717729, 0.03128734231, 0.00363083439879, 0.005460947752, 0.00791607052088, 0.0139408800751, 0.00731116998941, 0.00274585187435, 0.00249880668707, 0.00276224594563, 0.0143544552848, 0.0179947484285, 0.00643263664097, 0.00227085524239],
        "mean": [0.00201482721604, 6.06239227636e-05, 1.77346591954e-05, 2.55414597632e-05, 4.82887298858e-05, 0.000118856019981, 8.14835366327e-05, 0.000112578636617, 9.93014909909e-05, 0.00225295731798, 0.0134849771857, 0.00014627618657, 0.000121407712868, 0.000192877952941, 0.000417590956204, 0.000130557644297, 0.000152412612806, 0.000235558953136, 0.000299548060866, 0.000183667158126, 8.57597769937e-05, 5.92788310314e-05, 6.99051015545e-05, 0.000340212776791, 0.000506462936755, 0.000164169468917, 0.000142432298162],
        "median": [0.000744369463064, 4.25454163633e-05, 1.14279873742e-05, 1.69017694134e-05, 3.64343213732e-05, 5.16388645337e-05, 4.44724901172e-05, 3.93497357436e-05, 4.31876578659e-05, 2.95837890008e-05, 4.78128204122e-05, 3.14668104693e-05, 4.03264311899e-05, 6.04148517596e-05, 3.07856607833e-05, 3.41620361723e-05, 1.85929657164e-05, 1.12282432383e-05, 1.53206110554e-05, 1.36223516165e-05, 1.19640435514e-05, 2.85285750579e-06, 4.22893526775e-06, 9.23638617678e-06, 7.82748338679e-06, 7.13161944077e-06, 8.18371845526e-05],
        "min": [7.75085140958e-07, 5.96724703428e-06, 8.42062604534e-07, 1.41658915709e-06, 5.04882245878e-06, 3.19612058775e-06, 2.68947906079e-06, 2.84776069748e-06, 4.55002282251e-06, 2.15304680751e-06, 2.25457006309e-06, 2.11897963709e-06, 9.4261980621e-07, 1.08704216473e-06, 1.05905621695e-06, 8.62874230734e-07, 7.49236960473e-07, 7.76639694777e-07, 4.09894823861e-07, 7.06521120719e-07, 7.66764401305e-07, 7.61538672123e-07, 1.00045042473e-06, 1.45702506416e-06, 1.8987096837e-06, 4.71726980322e-06, 3.37552373821e-05],
        "var": [1.5386251107e-05, 3.28322546927e-09, 4.91654994494e-10, 1.03970865251e-09, 2.59320587226e-09, 4.63797711348e-08, 1.2880744471e-08, 2.81457399609e-08, 6.20131714868e-08, 0.000289726420306, 0.00844942592084, 2.8892878845e-07, 8.73244871968e-08, 1.98447011712e-07, 8.21391859063e-06, 2.22009518325e-07, 4.60706303329e-07, 1.20064657949e-06, 2.62500020654e-06, 8.00810596502e-07, 1.2605536881e-07, 8.15078422534e-08, 1.08784718122e-07, 2.74549984169e-06, 6.20773971605e-06, 6.36946026589e-07, 8.55637907193e-08]
    },
    "erbbands": {
        "dmean": [0.00680074561387, 0.00502009829506, 0.0136342914775, 0.0497517511249, 0.071729414165, 0.124170176685, 0.429810941219, 0.753752410412, 0.460615664721, 1.68457520008, 1.33873939514, 1.78081822395, 22.594543457, 645.161437988, 136.440856934, 7.23058986664, 4.54581928253, 5.14017343521, 18.2960529327, 17.7960243225, 4.9998717308, 5.76145410538, 10.4311151505, 10.8983621597, 11.1276636124, 6.97348213196, 3.33311414719, 1.80458450317, 1.77335250378, 1.48016619682, 1.50215983391, 3.77104139328, 4.60313510895, 3.23256993294, 2.49443912506, 0.838248848915, 0.112583987415, 0.0487936772406, 0.0064966189675, 0.000417606759584],
        "dmean2": [0.0111531345174, 0.00891286693513, 0.0241038799286, 0.0863365158439, 0.124679759145, 0.219779849052, 0.676046848297, 1.20863521099, 0.772568821907, 3.0000231266, 2.32964301109, 2.51102423668, 24.9627494812, 662.937744141, 138.23336792, 8.19416713715, 6.98161172867, 7.18310546875, 25.4085102081, 22.6529922485, 6.81975746155, 6.71756410599, 12.2300167084, 11.0510950089, 15.2236242294, 7.34976959229, 3.77169013023, 1.78492283821, 2.29459166527, 1.66992521286, 1.93442881107, 5.08161067963, 5.03117132187, 3.44594693184, 3.04108119011, 0.828433394432, 0.115699701011, 0.0599936842918, 0.00662580644712, 0.000556707323994],
        "dvar": [7.43081691326e-05, 7.09306914359e-05, 0.00032734440174, 0.00581533508375, 0.008430108428, 0.0448423400521, 0.518825173378, 2.56540417671, 0.760777592659, 9.45972728729, 4.07661485672, 27.7433376312, 18746.1894531, 16647578, 712609.8125, 1351.09069824, 170.052078247, 339.246917725, 10403.2539062, 12575.9580078, 526.883422852, 925.016784668, 2557.17211914, 2912.63623047, 4749.40283203, 1376.83422852, 257.630065918, 84.5238342285, 113.888885498, 75.1935653687, 69.9221954346, 380.38885498, 704.895690918, 360.392120361, 228.687713623, 24.3051872253, 0.431839674711, 0.0805692002177, 0.000877834681887, 1.64540529113e-06],
        "dvar2": [0.000171640393091, 0.000186339515494, 0.000941422418691, 0.0136871840805, 0.0206431075931, 0.138984560966, 0.877132952213, 6.64424276352, 1.98701202869, 30.9169597626, 10.8672447205, 54.9277496338, 35713.890625, 29484916, 1243613.25, 2574.35107422, 401.956207275, 626.688659668, 22925.5, 26895.9902344, 699.531005859, 1072.80334473, 2732.96289062, 4375.73632812, 6363.69873047, 1742.39807129, 419.838806152, 78.1342315674, 234.115219116, 141.014129639, 115.35333252, 708.846374512, 1226.38439941, 503.392242432, 280.78414917, 31.0794258118, 0.679830908775, 0.146575778723, 0.00113150977995, 2.17522097046e-06],
        "max": [0.0745373442769, 0.0728202909231, 0.120019204915, 0.639668703079, 0.846341192722, 1.75635814667, 6.35830020905, 12.289437294, 8.96602249146, 19.4281139374, 21.5618495941, 65.646194458, 1365.77160645, 39058.3007812, 8301.43554688, 411.01763916, 120.64654541, 180.309371948, 902.454589844, 1015.6697998, 226.462982178, 292.992767334, 555.960144043, 540.397705078, 609.122619629, 375.029693604, 161.27557373, 93.534614563, 102.761291504, 86.5651702881, 84.399597168, 187.647384644, 265.959564209, 190.671112061, 148.747177124, 50.0141143799, 6.70665407181, 2.82320618629, 0.312538325787, 0.0137100713328],
        "mean": [0.00867501553148, 0.00640267925337, 0.0172374267131, 0.0618571601808, 0.0979453101754, 0.182950884104, 0.582546114922, 1.0128057003, 0.749184072018, 2.48065924644, 1.9305049181, 2.59786915779, 21.6114311218, 566.100891113, 127.462905884, 9.24192237854, 6.19012212753, 7.73506355286, 17.5116825104, 15.0450983047, 7.47399234772, 8.90237045288, 14.2340354919, 12.5437030792, 13.8990135193, 9.17536735535, 4.14448404312, 3.01858353615, 2.16872787476, 2.0160741806, 2.3397128582, 4.93798160553, 6.31427621841, 4.9002494812, 4.00027084351, 1.28623187542, 0.17322576046, 0.0887200757861, 0.0176180042326, 0.00190511741675],
        "median": [0.00460228417069, 0.00427080877125, 0.0111649325117, 0.0374484322965, 0.07344815135, 0.13736358285, 0.252603024244, 0.4558814466, 0.456847667694, 0.865542113781, 0.875473976135, 1.05196511745, 0.967745184898, 1.12685120106, 2.31874513626, 1.52308928967, 2.10996627808, 2.83976745605, 2.35879826546, 1.57932019234, 1.57874655724, 1.03349792957, 0.636723279953, 0.692221343517, 0.731233119965, 0.707648456097, 0.514566957951, 0.342237532139, 0.108739092946, 0.0985808968544, 0.131715670228, 0.117884844542, 0.196477338672, 0.122406989336, 0.0502656213939, 0.0163937155157, 0.0135882264003, 0.0149618443102, 0.00899992603809, 0.00162516988348],
        "min": [0.000174840999534, 0.00081510131713, 0.00144984619692, 0.00519751291722, 0.00689700338989, 0.0198058765382, 0.0378058813512, 0.0412549860775, 0.0233478844166, 0.0597113855183, 0.0858920663595, 0.0941408053041, 0.0897584334016, 0.0917179211974, 0.093295045197, 0.0882500261068, 0.0488510876894, 0.0710497871041, 0.068739078939, 0.0602628588676, 0.047153133899, 0.0374336354434, 0.0419047251344, 0.0290331523865, 0.0270345769823, 0.0333966016769, 0.0297558065504, 0.0302993040532, 0.0237766876817, 0.026752859354, 0.0306234173477, 0.0267318431288, 0.0240744277835, 0.0221648495644, 0.01331280265, 0.00880717486143, 0.00938945170492, 0.0106212366372, 0.00465072644874, 0.000335774879204],
        "var": [0.000143047247548, 5.87940921832e-05, 0.000334336742526, 0.00597699685022, 0.0112814372405, 0.0366653241217, 0.960112690926, 3.32650709152, 1.02560174465, 14.340423584, 7.57692718506, 48.0716629028, 18404.3964844, 15617056, 718477.5625, 1803.6697998, 261.816650391, 348.932830811, 7120.1875, 9038.55273438, 802.54675293, 1506.64453125, 4696.078125, 3636.41870117, 5703.63867188, 2101.47167969, 316.94354248, 169.894805908, 120.476402283, 95.7861099243, 114.858657837, 547.432434082, 945.079223633, 568.588928223, 405.539916992, 41.3152351379, 0.65229177475, 0.126460969448, 0.00173085229471, 2.43324961957e-06]
    },
    "gfcc": {
        "mean": [-81.9573287964, 18.5619411469, -92.5471343994, -17.8691825867, -33.8182868958, -1.99544787407, -20.9580745697, 1.99530267715, -13.3261518478, 1.00180625916, 0.16235037148, -4.18650436401, -0.0962296128273],
        "cov": [[4356.31591797, -1074.25366211, -1720.93676758, 39.4019966125, -449.847869873, 320.597076416, -220.430877686, 419.118591309, -332.455596924, 13.1463251114, -99.9541702271, 3.65226340294, 120.595603943], [-1074.25366211, 473.740844727, 319.289672852, -34.3399467468, 171.61416626, -86.4888000488, 101.085174561, -136.815109253, 142.65687561, 37.8575706482, 33.3870124817, -28.9371623993, -49.0798072815], [-1720.93676758, 319.289672852, 993.295776367, -29.193687439, 96.509437561, -66.7929382324, 77.3265533447, -118.414321899, 23.5021419525, -73.3735809326, 16.4611434937, 89.0792388916, -6.59731864929], [39.4019966125, -34.3399467468, -29.193687439, 129.996109009, 28.6689281464, -40.4270515442, -38.4404640198, 7.18703794479, 11.7762880325, 17.6759033203, 21.7879276276, -34.4532546997, -5.2677526474], [-449.847869873, 171.61416626, 96.509437561, 28.6689281464, 154.407409668, -24.0546875, 51.2445907593, -56.7532081604, 71.3981018066, 7.7980055809, 8.25291061401, -8.5686378479, -26.2012023926], [320.597076416, -86.4888000488, -66.7929382324, -40.4270515442, -24.0546875, 145.301040649, 39.7682533264, 48.7168769836, -24.3117389679, -13.2554349899, -23.7462291718, 24.5978145599, 22.8182315826], [-220.430877686, 101.085174561, 77.3265533447, -38.4404640198, 51.2445907593, 39.7682533264, 100.471450806, -8.41999435425, 37.6294898987, -8.05955982208, -7.13378000259, 18.4822273254, -13.1709604263], [419.118591309, -136.815109253, -118.414321899, 7.18703794479, -56.7532081604, 48.7168769836, -8.41999435425, 91.6710128784, -33.2422561646, -5.08911848068, -13.5117406845, 8.6387348175, 12.916762352], [-332.455596924, 142.65687561, 23.5021419525, 11.7762880325, 71.3981018066, -24.3117389679, 37.6294898987, -33.2422561646, 126.347946167, 62.467590332, 25.6913566589, -46.5802955627, -29.1546459198], [13.1463251114, 37.8575706482, -73.3735809326, 17.6759033203, 7.7980055809, -13.2554349899, -8.05955982208, -5.08911848068, 62.467590332, 83.6229095459, 42.132686615, -39.9920463562, -3.77618908882], [-99.9541702271, 33.3870124817, 16.4611434937, 21.7879276276, 8.25291061401, -23.7462291718, -7.13378000259, -13.5117406845, 25.6913566589, 42.132686615, 57.4232559204, -9.08117771149, 3.10871243477], [3.65226340294, -28.9371623993, 89.0792388916, -34.4532546997, -8.5686378479, 24.5978145599, 18.4822273254, 8.6387348175, -46.5802955627, -39.9920463562, -9.08117771149, 78.3313751221, 24.5671157837], [120.595603943, -49.0798072815, -6.59731864929, -5.2677526474, -26.2012023926, 22.8182315826, -13.1709604263, 12.916762352, -29.1546459198, -3.77618908882, 3.10871243477, 24.5671157837, 41.1536445618]],
        "icov": [[0.00541924312711, -0.000812794780359, 0.00778835080564, -0.00465187290683, 0.00555625697598, -0.00573467463255, 0.00298208999448, -0.0054381066002, 0.00675880303606, -0.00533231813461, 0.00490907533094, -0.0078483549878, 0.00179496291094], [-0.000812794780359, 0.0101139992476, -0.00290601467714, 0.00510800583288, -0.00608712108806, 0.00516999652609, -0.00678742490709, 0.00592194264755, -0.00258598686196, -0.00145571539178, -0.00157527870033, 0.00601644348353, -0.00157947198022], [0.00778835080564, -0.00290601467714, 0.013142965734, -0.00786417070776, 0.00940063688904, -0.00857177842408, 0.00467106886208, -0.00690789474174, 0.00857150647789, -0.00489046936855, 0.00590314716101, -0.0140484506264, 0.00277680950239], [-0.00465187290683, 0.00510800583288, -0.00786417070776, 0.0199938826263, -0.0140276579186, 0.00903816428035, 4.0590937715e-05, -0.000186302917427, -0.00506097637117, 0.00651454972103, -0.0104129407555, 0.0160391591489, -0.00462451064959], [0.00555625697598, -0.00608712108806, 0.00940063688904, -0.0140276579186, 0.0242825206369, -0.00895480345935, 0.000784091709647, 0.000358845078154, 0.000300326209981, -0.00146633305121, 0.00698949815705, -0.0156484432518, 0.00562510406598], [-0.00573467463255, 0.00516999652609, -0.00857177842408, 0.00903816428035, -0.00895480345935, 0.0208382382989, -0.0126611012965, 0.00252721062861, -0.00537369400263, 0.0026095486246, -0.00208826642483, 0.0121132833883, -0.00998823344707], [0.00298208999448, -0.00678742490709, 0.00467106886208, 4.0590937715e-05, 0.000784091709647, -0.0126611012965, 0.0288652610034, -0.00905281864107, -0.00390549795702, 0.00395974470302, 0.000257632898865, -0.0126802055165, 0.00866622664034], [-0.0054381066002, 0.00592194264755, -0.00690789474174, -0.000186302917427, 0.000358845078154, 0.00252721062861, -0.00905281864107, 0.0304092299193, -0.00774383032694, 0.00197539059445, -0.00114829116501, 0.0043822908774, 0.000418369483668], [0.00675880303606, -0.00258598686196, 0.00857150647789, -0.00506097637117, 0.000300326209981, -0.00537369400263, -0.00390549795702, -0.00774383032694, 0.0373530164361, -0.0269873831421, 0.0105401454493, -0.00218875240535, 0.00668397732079], [-0.00533231813461, -0.00145571539178, -0.00489046936855, 0.00651454972103, -0.00146633305121, 0.0026095486246, 0.00395974470302, 0.00197539059445, -0.0269873831421, 0.0508132986724, -0.0295414328575, 0.0153561746702, -0.0091854352504], [0.00490907533094, -0.00157527870033, 0.00590314716101, -0.0104129407555, 0.00698949815705, -0.00208826642483, 0.000257632898865, -0.00114829116501, 0.0105401454493, -0.0295414328575, 0.0417149923742, -0.0144876763225, -0.000346146756783], [-0.0078483549878, 0.00601644348353, -0.0140484506264, 0.0160391591489, -0.0156484432518, 0.0121132833883, -0.0126802055165, 0.0043822908774, -0.00218875240535, 0.0153561746702, -0.0144876763225, 0.0461048297584, -0.0187080670148], [0.00179496291094, -0.00157947198022, 0.00277680950239, -0.00462451064959, 0.00562510406598, -0.00998823344707, 0.00866622664034, 0.000418369483668, 0.00668397732079, -0.0091854352504, -0.000346146756783, -0.0187080670148, 0.0438569448888]]
    },
    "melbands": {
        "dmean": [0.00011138793343, 6.69067640047e-06, 8.56930910231e-06, 6.34599655314e-06, 1.26647337311e-05, 1.59143364726e-05, 8.41823020892e-06, 1.97609824681e-05, 1.0169743291e-05, 9.30198802962e-06, 1.67501839314e-05, 0.00241045164876, 0.000974978262093, 1.22416649901e-05, 9.32539660425e-06, 7.32079706722e-06, 9.96524249786e-06, 2.06030945265e-05, 5.20799512742e-05, 6.08881646258e-06, 5.59795762456e-06, 5.71667351323e-06, 1.14184222184e-05, 7.05786715116e-06, 9.04270564206e-06, 1.07694122562e-05, 6.66874802846e-06, 4.62745856566e-06, 2.27622172133e-06, 1.80875645128e-06, 8.02249189746e-07, 9.70309429249e-07, 9.28557938096e-07, 8.04884905392e-07, 7.7112076724e-07, 1.53218081778e-06, 2.55055147136e-06, 3.16555428981e-06, 3.15333113576e-06, 2.85358783003e-06],
        "dmean2": [0.000185076060006, 1.17515292004e-05, 1.47462869791e-05, 1.1370944776e-05, 2.02127666853e-05, 2.57484643953e-05, 1.41097443702e-05, 3.44314139511e-05, 1.74218621396e-05, 1.42377903103e-05, 2.38980810536e-05, 0.00249131559394, 0.000967219122685, 1.81197447091e-05, 1.49306779349e-05, 1.10220980787e-05, 1.37272581924e-05, 2.894912177e-05, 7.06981300027e-05, 8.43199632072e-06, 7.67259371059e-06, 6.17755131316e-06, 1.33644944071e-05, 7.81364269642e-06, 9.61714431469e-06, 1.30040752992e-05, 8.78216451383e-06, 5.88096281717e-06, 2.96400730804e-06, 2.20527545025e-06, 7.69331961692e-07, 1.20345998766e-06, 1.01342050129e-06, 9.50581920733e-07, 8.8477798954e-07, 1.99963642444e-06, 3.54936128133e-06, 4.31871785622e-06, 3.37510914505e-06, 2.96224743579e-06],
        "dvar": [2.88748580601e-08, 6.00456420696e-11, 1.62694538397e-10, 6.23329929339e-11, 4.01080529899e-10, 1.22548293735e-09, 2.2315978232e-10, 1.25471844026e-09, 2.90492269128e-10, 4.75877837136e-10, 6.04665606474e-09, 0.000232806589338, 3.69478402718e-05, 2.81518919287e-09, 9.33929711344e-10, 2.67405014798e-10, 1.12732301272e-09, 8.44474534745e-09, 1.23721818568e-07, 9.51927425774e-10, 5.96431293243e-10, 8.17242273854e-10, 3.04833536191e-09, 1.24689558678e-09, 1.93855331787e-09, 4.14573486651e-09, 1.29514554637e-09, 6.13679607131e-10, 1.22781548817e-10, 6.87597687121e-11, 1.77663387474e-11, 3.33722910417e-11, 2.97840328789e-11, 2.26968773637e-11, 1.7197156893e-11, 6.36534783216e-11, 1.7789150708e-10, 3.39616640366e-10, 3.35787286865e-10, 2.63926908106e-10],
        "dvar2": [6.93044057698e-08, 1.67585709199e-10, 4.07675948555e-10, 1.89815343998e-10, 7.42022721045e-10, 3.08642800206e-09, 6.11354800117e-10, 4.10849176902e-09, 7.87551968084e-10, 1.06311526249e-09, 1.4405016735e-08, 0.00041494978359, 6.30469294265e-05, 6.87276902056e-09, 2.2798705146e-09, 5.58915247417e-10, 1.99766936326e-09, 1.71253269343e-08, 2.8271932706e-07, 1.29635513435e-09, 7.83836107132e-10, 1.16548604101e-09, 4.89734519604e-09, 1.40456168918e-09, 2.99647950897e-09, 5.89624749026e-09, 1.94908955642e-09, 1.04856001659e-09, 2.4931506859e-10, 7.2716860311e-11, 1.71375847541e-11, 6.79499304046e-11, 5.66290313253e-11, 4.50088993853e-11, 2.35135053789e-11, 1.25735741263e-10, 3.30876631649e-10, 6.99772795265e-10, 4.43858921839e-10, 4.00611460671e-10],
        "max": [0.0013908999972, 5.67093775317e-05, 0.000106153049273, 5.65930204175e-05, 0.000167142556165, 0.000282024004264, 0.000141003489261, 0.000235416533542, 0.000181303956197, 0.000295190868201, 0.00102912762668, 0.145989403129, 0.0591698139906, 0.00066742207855, 0.0003177766921, 0.000173758817255, 0.000326013017911, 0.000853172270581, 0.00301090464927, 0.000302704575006, 0.000242654525209, 0.000290838826913, 0.00060243770713, 0.000357987068128, 0.000439664232545, 0.000593125761952, 0.000354609452188, 0.000249712553341, 0.000106911938929, 8.47441624501e-05, 4.29323190474e-05, 5.58873398404e-05, 5.38517779205e-05, 4.70385639346e-05, 4.18613235524e-05, 7.54020729801e-05, 0.000128091443912, 0.000176755449502, 0.000183956944966, 0.000162583601195],
        "mean": [0.000134443456773, 8.50202468428e-06, 1.15632165034e-05, 9.50196044869e-06, 1.79550042958e-05, 2.24150189752e-05, 1.2986177353e-05, 2.83739318547e-05, 1.44079876918e-05, 1.44717178046e-05, 2.71412100119e-05, 0.00210670358501, 0.000899296544958, 1.86849283637e-05, 1.36531061798e-05, 1.10575219878e-05, 1.46049196701e-05, 2.41849611484e-05, 3.63280232705e-05, 1.00601591839e-05, 8.16067131382e-06, 8.13517453935e-06, 1.26900022224e-05, 1.09493203126e-05, 1.00452298284e-05, 1.19689284475e-05, 7.73231658968e-06, 5.74540945308e-06, 2.48868673225e-06, 2.48810351877e-06, 1.41724842706e-06, 1.17033732749e-06, 1.19687376809e-06, 1.06684910861e-06, 1.30363264361e-06, 1.7724423742e-06, 3.4378044802e-06, 4.01158558816e-06, 4.73775116916e-06, 4.07997140428e-06],
        "median": [6.63738974254e-05, 6.14907912677e-06, 7.72081330069e-06, 6.77888692735e-06, 9.30567784962e-06, 1.02696749309e-05, 8.30731823953e-06, 9.30016994971e-06, 6.62652564642e-06, 6.10596589468e-06, 4.8621204769e-06, 4.53608208772e-06, 7.47464036976e-06, 4.12378631154e-06, 3.60943386113e-06, 4.03098738389e-06, 5.78412800678e-06, 3.57550129593e-06, 2.53107964454e-06, 2.08648521038e-06, 1.54067436142e-06, 9.91136516859e-07, 6.42491613689e-07, 5.09149970185e-07, 5.52693563804e-07, 6.21707556547e-07, 4.49246101653e-07, 3.74738675646e-07, 2.98895514561e-07, 3.02173873479e-07, 1.23674340102e-07, 6.23647622433e-08, 4.70227341509e-08, 5.64229729605e-08, 7.61785514669e-08, 6.23259452937e-08, 6.76561739965e-08, 1.04331668638e-07, 1.57210308771e-07, 5.68269662438e-08],
        "min": [2.74511762655e-06, 5.58459305466e-07, 1.03025729459e-06, 1.18686978112e-06, 1.35424556902e-06, 9.68378344623e-07, 3.48005187334e-07, 6.75148726259e-07, 6.28328166385e-07, 5.76651871143e-07, 4.1725533606e-07, 3.33487662374e-07, 3.4343750599e-07, 2.75555748885e-07, 1.35715268357e-07, 8.86923245957e-08, 1.04023854419e-07, 1.10261282771e-07, 9.21412066646e-08, 6.15892616906e-08, 5.33436086414e-08, 3.93976335999e-08, 3.98287305359e-08, 3.98293771298e-08, 2.10776587295e-08, 1.04901580755e-08, 2.25899707829e-08, 2.03876471261e-08, 1.7924303819e-08, 1.10348237214e-08, 1.48853986914e-08, 9.13552256065e-09, 1.37763507269e-08, 1.40321034792e-08, 1.44981342487e-08, 1.53635948408e-08, 1.6993835672e-08, 1.34453594924e-08, 1.34683348918e-08, 1.65920912565e-08],
        "var": [4.49690702453e-08, 7.47144082713e-11, 1.66372637889e-10, 7.0184233425e-11, 7.50415674045e-10, 1.63979485546e-09, 3.07695174895e-10, 1.86709381289e-09, 4.47540282611e-10, 1.05684316853e-09, 1.21540013609e-08, 0.000217110427911, 3.69891204173e-05, 4.95703478265e-09, 1.60093638346e-09, 5.48758205543e-10, 1.18731002807e-09, 7.26214910429e-09, 7.60034737368e-08, 1.53997836705e-09, 9.28097709796e-10, 1.17377318976e-09, 4.25304547136e-09, 2.44492892598e-09, 2.33780261816e-09, 4.57488180672e-09, 1.64152158533e-09, 8.33984215021e-10, 1.21624085803e-10, 1.11828858673e-10, 3.77305894861e-11, 3.50854831299e-11, 3.54419306403e-11, 2.72514424221e-11, 3.49417404732e-11, 7.39317773668e-11, 2.65733518523e-10, 3.8918782086e-10, 5.28217580786e-10, 3.99618838021e-10]
    },
    "mfcc": {
        "mean": [-746.72442627, 95.6234130859, -7.48855400085, -2.30708861351, 5.52989768982, -3.27098155022, 9.40143871307, -2.77911472321, 1.73276865482, 6.17283773422, 0.868447303772, 4.45133399963, 2.8076646328],
        "cov": [[5716.36865234, -1579.67456055, -1422.78271484, -464.334106445, -242.626525879, -348.579803467, 105.57195282, -44.6378936768, 44.0926742554, 42.3763160706, -167.781341553, -156.797958374, -49.8542404175], [-1579.67456055, 647.540405273, 286.625915527, 98.3128662109, 38.3173828125, 154.027313232, -36.4868621826, 12.7324590683, 9.84959983826, 11.9932308197, 88.0410614014, 62.2513809204, 12.9329557419], [-1422.78271484, 286.625915527, 638.410522461, 77.8304977417, 50.1989479065, 38.9336738586, 27.1192321777, 57.730091095, -21.6999225616, -70.8702545166, -27.1920261383, 3.77955198288, 32.8463516235], [-464.334106445, 98.3128662109, 77.8304977417, 188.812088013, 67.8932342529, 1.19786679745, -27.6767406464, -28.8815631866, -31.24360466, 16.3077697754, 36.3205528259, 12.1158008575, -1.11604917049], [-242.626525879, 38.3173828125, 50.1989479065, 67.8932342529, 83.2695999146, 22.9070739746, -5.26304769516, -9.70624160767, -2.80566287041, 6.803399086, 9.1832113266, 13.3932971954, 1.07906925678], [-348.579803467, 154.027313232, 38.9336738586, 1.19786679745, 22.9070739746, 115.953163147, 8.4947385788, 30.047668457, 26.0679588318, 19.6004505157, 31.5790500641, 24.6972484589, 3.27352285385], [105.57195282, -36.4868621826, 27.1192321777, -27.6767406464, -5.26304769516, 8.4947385788, 63.7433319092, 45.4172325134, 4.27564144135, -14.8591279984, -21.0353221893, -12.725317955, 7.33370256424], [-44.6378936768, 12.7324590683, 57.730091095, -28.8815631866, -9.70624160767, 30.047668457, 45.4172325134, 124.404014587, 28.0225753784, -35.9252052307, -24.2995929718, -23.9912204742, 9.56838130951], [44.0926742554, 9.84959983826, -21.6999225616, -31.24360466, -2.80566287041, 26.0679588318, 4.27564144135, 28.0225753784, 52.546169281, 18.803188324, 7.04870891571, 8.7947883606, 0.467204600573], [42.3763160706, 11.9932308197, -70.8702545166, 16.3077697754, 6.803399086, 19.6004505157, -14.8591279984, -35.9252052307, 18.803188324, 89.5149688721, 56.5485343933, 33.8012695312, 5.2211098671], [-167.781341553, 88.0410614014, -27.1920261383, 36.3205528259, 9.1832113266, 31.5790500641, -21.0353221893, -24.2995929718, 7.04870891571, 56.5485343933, 73.2030792236, 37.6380195618, -1.05826544762], [-156.797958374, 62.2513809204, 3.77955198288, 12.1158008575, 13.3932971954, 24.6972484589, -12.725317955, -23.9912204742, 8.7947883606, 33.8012695312, 37.6380195618, 51.8972740173, 9.9075050354], [-49.8542404175, 12.9329557419, 32.8463516235, -1.11604917049, 1.07906925678, 3.27352285385, 7.33370256424, 9.56838130951, 0.467204600573, 5.2211098671, -1.05826544762, 9.9075050354, 41.2769699097]],
