{
"lowlevel": {
    "average_loudness": 0.884089112282,
    "barkbands_crest": {
        "dmean": 2.08536458015,
        "dmean2": 3.48460865021,
        "dvar": 2.52644491196,
        "dvar2": 8.04494571686,
        "max": 15.5683412552,
        "mean": 7.008893013,
        "median": 6.58602333069,
        "min": 2.44468164444,
        "var": 5.13065958023
    },
    "barkbands_flatness_db": {
        "dmean": 0.0182156823575,
        "dmean2": 0.0300982426852,
        "dvar": 0.000230357778491,
        "dvar2": 0.000598915969022,
        "max": 0.193238705397,
        "mean": 0.119894124568,
        "median": 0.121152587235,
        "min": 0.0333280339837,
        "var": 0.000865920563228
    },
    "barkbands_kurtosis": {
        "dmean": 1.75341367722,
        "dmean2": 2.81597495079,
        "dvar": 3.16608762741,
        "dvar2": 7.30799818039,
        "max": 15.0186023712,
        "mean": 2.81022357941,
        "median": 2.16683578491,
        "min": -1.155403018,
        "var": 7.84504175186
    },
    "barkbands_skewness": {
        "dmean": 0.460802108049,
        "dmean2": 0.750819325447,
        "dvar": 0.175147533417,
        "dvar2": 0.457875430584,
        "max": 2.03985619545,
        "mean": 0.183608219028,
        "median": 0.159977197647,
        "min": -1.41549837589,
        "var": 0.385316312313
    },
    "barkbands_spread": {
        "dmean": 3.99684333801,
        "dmean2": 6.14653778076,
        "dvar": 22.3492774963,
        "dvar2": 45.2892532349,
        "max": 45.0096969604,
        "mean": 13.2793312073,
        "median": 10.6953611374,
        "min": 3.88447117805,
        "var": 60.915851593
    },
    "dissonance": {
        "dmean": 0.0110206529498,
        "dmean2": 0.0199018698186,
        "dvar": 0.000159158546012,
        "dvar2": 0.000458315713331,
        "max": 0.499996721745,
        "mean": 0.489926755428,
        "median": 0.494689285755,
        "min": 0.427916169167,
        "var": 0.000151164378622
    },
    "dynamic_complexity": 4.8137383461,
    "erbbands_crest": {
        "dmean": 2.37986278534,
        "dmean2": 3.89486718178,
        "dvar": 4.15977954865,
        "dvar2": 11.9488887787,
        "max": 19.5400772095,
        "mean": 8.69222259521,
        "median": 8.18103981018,
        "min": 3.16847324371,
        "var": 8.35087680817
    },
    "erbbands_flatness_db": {
        "dmean": 0.0206236857921,
        "dmean2": 0.0323544591665,
        "dvar": 0.000338467623806,
        "dvar2": 0.000883694214281,
        "max": 0.310213446617,
        "mean": 0.225182130933,
        "median": 0.228747949004,
        "min": 0.113346673548,
        "var": 0.00150724698324
    },
    "erbbands_kurtosis": {
        "dmean": 1.3348762989,
        "dmean2": 2.1490521431,
        "dvar": 2.00420451164,
        "dvar2": 4.10083532333,
        "max": 10.0216283798,
        "mean": 1.91702210903,
        "median": 1.30730199814,
        "min": -1.40667033195,
        "var": 5.12403154373
    },
    "erbbands_skewness": {
        "dmean": 0.355857014656,
        "dmean2": 0.591862380505,
        "dvar": 0.107721894979,
        "dvar2": 0.250444352627,
        "max": 2.51844573021,
        "mean": 0.61240285635,
        "median": 0.539546847343,
        "min": -0.556487679482,
        "var": 0.320266336203
    },
    "erbbands_spread": {
        "dmean": 3.19280552864,
        "dmean2": 5.06287813187,
        "dvar": 23.3641433716,
        "dvar2": 43.5133132935,
        "max": 60.3310127258,
        "mean": 12.3035078049,
        "median": 10.4685506821,
        "min": 4.40312242508,
        "var": 55.8858070374
    },
    "hfc": {
        "dmean": 13.7134208679,
        "dmean2": 16.8711166382,
        "dvar": 1897.3626709,
        "dvar2": 3487.10522461,
        "max": 724.31060791,
        "mean": 23.9393844604,
        "median": 6.21606063843,
        "min": 0.670424222946,
        "var": 5379.59570312
    },
    "melbands_crest": {
        "dmean": 2.15179157257,
        "dmean2": 3.74424552917,
        "dvar": 3.36112880707,
        "dvar2": 9.56478786469,
        "max": 17.5721359253,
        "mean": 8.11636543274,
        "median": 7.63475894928,
        "min": 3.21787548065,
        "var": 6.03037786484
    },
    "melbands_flatness_db": {
        "dmean": 0.0197980049998,
        "dmean2": 0.0325180627406,
        "dvar": 0.000359892175766,
        "dvar2": 0.000854616169818,
        "max": 0.233085528016,
        "mean": 0.15715149045,
        "median": 0.163634866476,
        "min": 0.033405829221,
        "var": 0.00127543252893
    },
    "melbands_kurtosis": {
        "dmean": 1.43303513527,
        "dmean2": 2.32061290741,
        "dvar": 3.44964599609,
        "dvar2": 8.26520729065,
        "max": 21.017168045,
        "mean": 2.19470572472,
        "median": 1.64447689056,
        "min": -0.926251411438,
        "var": 6.69039058685
    },
    "melbands_skewness": {
        "dmean": 0.397738277912,
        "dmean2": 0.663437247276,
        "dvar": 0.139359727502,
        "dvar2": 0.316860049963,
        "max": 3.33697795868,
        "mean": 0.209504276514,
        "median": 0.236422762275,
        "min": -1.46580696106,
        "var": 0.368705719709
    },
    "melbands_spread": {
        "dmean": 5.12876224518,
        "dmean2": 8.26996231079,
        "dvar": 51.7520179749,
        "dvar2": 121.237449646,
        "max": 69.5568695068,
        "mean": 19.1592350006,
        "median": 16.7395362854,
        "min": 5.79959344864,
        "var": 96.0731506348
    },
    "pitch_salience": {
        "dmean": 0.05778073892,
        "dmean2": 0.0972377359867,
        "dvar": 0.00222542695701,
        "dvar2": 0.00628175679594,
        "max": 0.848166108131,
        "mean": 0.745950400829,
        "median": 0.753230750561,
        "min": 0.475497335196,
        "var": 0.00346776284277
    },
    "silence_rate_20dB": {
        "dmean": 0.00999999977648,
        "dmean2": 0.0201005022973,
        "dvar": 0.00990001298487,
        "dvar2": 0.0196965374053,
        "max": 1,
        "mean": 0.990049779415,
        "median": 1,
        "min": 0,
        "var": 0.00985128153116
    },
    "silence_rate_30dB": {
        "dmean": 0.00999999977648,
        "dmean2": 0.0201005022973,
        "dvar": 0.00990001205355,
        "dvar2": 0.01969653368,
        "max": 1,
        "mean": 0.975124359131,
        "median": 1,
        "min": 0,
        "var": 0.0242569223046
    },
    "silence_rate_60dB": {
        "dmean": 0.125,
        "dmean2": 0.251256287098,
        "dvar": 0.109375,
        "dvar2": 0.228327348828,
        "max": 1,
        "mean": 0.33830845356,
        "median": 0,
        "min": 0,
        "var": 0.22385571897
    },
    "spectral_centroid": {
        "dmean": 170.573822021,
        "dmean2": 269.192047119,
        "dvar": 42012.21875,
        "dvar2": 96990.328125,
        "max": 3277.52490234,
        "mean": 1658.89794922,
        "median": 1604.08764648,
        "min": 1181.20361328,
        "var": 97188.765625
    },
    "spectral_complexity": {
        "dmean": 4.30000019073,
        "dmean2": 6.42713546753,
        "dvar": 16.049993515,
        "dvar2": 30.5260906219,
        "max": 64,
        "mean": 17.9751243591,
        "median": 15,
        "min": 1,
        "var": 144.810287476
    },
    "spectral_decrease": {
        "dmean": 2.06319450413e-09,
        "dmean2": 2.65982813552e-09,
        "dvar": 7.62723191977e-17,
        "dvar2": 1.52127037918e-16,
        "max": -8.9407641013e-11,
        "mean": -3.38152594814e-09,
        "median": -1.00529973235e-09,
        "min": -1.36829768849e-07,
        "var": 1.3808227874e-16
    },
    "spectral_energy": {
        "dmean": 0.00898648332804,
        "dmean2": 0.0115094492212,
        "dvar": 0.00132695795037,
        "dvar2": 0.00259131216444,
        "max": 0.582123398781,
        "mean": 0.0149340378121,
        "median": 0.00435612583533,
        "min": 0.000398255157052,
        "var": 0.00257539749146
    },
    "spectral_energyband_high": {
        "dmean": 0.000398460892029,
        "dmean2": 0.000644907704554,
        "dvar": 3.42994326274e-06,
        "dvar2": 9.14042993827e-06,
        "max": 0.0207089297473,
        "mean": 0.000521553622093,
        "median": 3.98357078666e-05,
        "min": 1.21676011986e-05,
        "var": 4.5005690481e-06
    },
    "spectral_energyband_low": {
        "dmean": 7.84377552918e-05,
        "dmean2": 0.000135205074912,
        "dvar": 2.23886914341e-07,
        "dvar2": 6.29260398455e-07,
        "max": 0.00544264120981,
        "mean": 7.41851472412e-05,
        "median": 2.23484130402e-05,
        "min": 1.18929381188e-06,
        "var": 1.56051498834e-07
    },
    "spectral_energyband_middle_high": {
        "dmean": 0.00586060388014,
        "dmean2": 0.00720722274855,
        "dvar": 0.000399208744057,
        "dvar2": 0.000721972028259,
        "max": 0.341190516949,
        "mean": 0.0108045805246,
        "median": 0.00355674349703,
        "min": 0.000290284922812,
        "var": 0.000971062632743
    },
    "spectral_energyband_middle_low": {
        "dmean": 0.00309640588239,
        "dmean2": 0.00457741739228,
        "dvar": 0.000318240287015,
        "dvar2": 0.000714684836566,
        "max": 0.236431613564,
        "mean": 0.00360385724343,
        "median": 0.000567032780964,
        "min": 4.63330216007e-05,
        "var": 0.000375886156689
    },
    "spectral_entropy": {
        "dmean": 0.124257229269,
        "dmean2": 0.196151539683,
        "dvar": 0.0159864742309,
        "dvar2": 0.0336699672043,
        "max": 8.68622207642,
        "mean": 7.64922475815,
        "median": 7.58674049377,
        "min": 7.212059021,
        "var": 0.0665509775281
    },
    "spectral_flux": {
        "dmean": 0.0153413759544,
        "dmean2": 0.0203071422875,
        "dvar": 0.000720867887139,
        "dvar2": 0.000960291945376,
        "max": 0.538695633411,
        "mean": 0.0631473660469,
        "median": 0.045741096139,
        "min": 0.0135746737942,
        "var": 0.00399865675718
    },
    "spectral_kurtosis": {
        "dmean": 2.98690891266,
        "dmean2": 4.57286167145,
        "dvar": 7.2819275856,
        "dvar2": 15.1847677231,
        "max": 28.6681442261,
        "mean": 13.6565608978,
        "median": 14.0938091278,
        "min": -0.189886331558,
        "var": 31.8177814484
    },
    "spectral_rms": {
        "dmean": 0.000730770698283,
        "dmean2": 0.000934954092372,
        "dvar": 1.28230919927e-06,
        "dvar2": 2.18679474528e-06,
        "max": 0.0238311830908,
        "mean": 0.00278533506207,
        "median": 0.0020615234971,
        "min": 0.000623331055976,
        "var": 6.81170331518e-06
    },
    "spectral_rolloff": {
        "dmean": 453.919830322,
        "dmean2": 760.15435791,
        "dvar": 1518003.25,
        "dvar2": 2693298.75,
        "max": 11412.5976562,
        "mean": 2201.421875,
        "median": 1894.921875,
        "min": 1248.92578125,
        "var": 2522313
    },
    "spectral_skewness": {
        "dmean": 0.32139518857,
        "dmean2": 0.492385476828,
        "dvar": 0.0926701799035,
        "dvar2": 0.16967882216,
        "max": 4.41097974777,
        "mean": 2.66240978241,
        "median": 2.72718667984,
        "min": 0.854958295822,
        "var": 0.342114508152
    },
    "spectral_spread": {
        "dmean": 555157,
        "dmean2": 810427.125,
        "dvar": 593316872192,
        "dvar2": 934379126784,
        "max": 11420292,
        "mean": 3356347.25,
        "median": 2842620,
        "min": 1743671.625,
        "var": 2.48837491917e+12
    },
    "spectral_strongpeak": {
        "dmean": 0.500585734844,
        "dmean2": 0.856580138206,
        "dvar": 0.251870930195,
        "dvar2": 0.697382390499,
        "max": 4.36202669144,
        "mean": 0.816479682922,
        "median": 0.662626862526,
        "min": 0,
        "var": 0.457551985979
    },
    "zerocrossingrate": {
        "dmean": 0.0106933591887,
        "dmean2": 0.0131516959518,
        "dvar": 0.000194539854419,
        "dvar2": 0.000208639190532,
        "max": 0.2470703125,
        "mean": 0.0910170823336,
        "median": 0.08154296875,
        "min": 0.03515625,
        "var": 0.000952272734139
    },
    "barkbands": {
        "dmean": [6.65110565023e-05, 1.57966733241e-05, 2.50577631959e-05, 0.000135192050948, 0.000516698986758, 0.000401271274313, 0.00109578983393, 0.000343844876625, 0.00103967858013, 0.00108016771264, 0.000813737744465, 0.0011822108645, 0.000855461810715, 0.000941832375247, 0.000836957711726, 0.000527985626832, 0.000461344869109, 0.000378894881578, 0.000273020181339, 8.74937104527e-05, 6.55872499919e-05, 4.86923090648e-05, 3.23923995893e-05, 8.94107142813e-05, 8.96803467185e-05, 7.26676444174e-05, 1.42571898323e-05],
        "dmean2": [9.81117555057e-05, 3.01542640955e-05, 3.89252454625e-05, 0.000214691346628, 0.000865585112479, 0.000623155152425, 0.00207735854201, 0.000521032838151, 0.00151453085709, 0.00189802306704, 0.00144533568528, 0.00184294930659, 0.00130957586225, 0.00167566526216, 0.00132315885276, 0.000796022592112, 0.000707533210516, 0.000513801409397, 0.000353737326805, 0.000131174063426, 9.62821868598e-05, 8.27617623145e-05, 5.04356758029e-05, 0.00016239474644, 0.000147424667375, 0.000126874438138, 2.58503841906e-05],
        "dvar": [9.52600576198e-09, 1.62303095408e-08, 3.20538369181e-08, 9.67190089796e-07, 1.54596018547e-05, 6.55103121971e-06, 5.33532765985e-05, 2.0821914859e-06, 3.3810014429e-05, 2.68858948402e-05, 2.90294815386e-06, 1.5272271412e-05, 3.72662839254e-06, 1.88975373021e-05, 1.19059495773e-05, 2.31074091062e-06, 2.60132924268e-06, 2.12376903619e-06, 1.62228718636e-06, 1.23588819179e-07, 1.06108764442e-07, 7.22346129578e-08, 2.98798710219e-08, 2.3113435077e-07, 1.57002475021e-07, 2.55843303876e-07, 9.44068823117e-09],
        "dvar2": [1.61581716895e-08, 4.75227786012e-08, 7.94045007524e-08, 2.35997140408e-06, 4.04147103836e-05, 1.62670094142e-05, 0.000160399838933, 4.30130512541e-06, 7.54310240154e-05, 7.44120407035e-05, 6.78695869283e-06, 3.85008679586e-05, 7.63231128076e-06, 4.31638945884e-05, 2.19861813093e-05, 5.00639634993e-06, 4.17124056185e-06, 3.07754430651e-06, 2.91652850137e-06, 2.42800922479e-07, 2.58248121554e-07, 2.11640738712e-07, 7.03021214576e-08, 6.42932661776e-07, 3.37562454433e-07, 6.98397286669e-07, 2.64391086802e-08],
        "max": [0.000914216740057, 0.00133091874886, 0.00223899353296, 0.0121722463518, 0.0478904284537, 0.0319161713123, 0.0767586827278, 0.0203783009201, 0.0781075805426, 0.0626877844334, 0.0206521004438, 0.0521698817611, 0.035505477339, 0.0493948049843, 0.0473402179778, 0.0168097279966, 0.0223936066031, 0.0225740075111, 0.0193383637816, 0.00529590435326, 0.00412727985531, 0.00298882904463, 0.00212959595956, 0.00484202615917, 0.0040268576704, 0.00569635815918, 0.00107192865107],
        "mean": [8.72061427799e-05, 1.05787621578e-05, 2.40817098529e-05, 0.000111437497253, 0.000410451699281, 0.000392756715883, 0.000835570448544, 0.000436502537923, 0.00113705499098, 0.00116610294208, 0.00130825047381, 0.0017890612362, 0.00157376914285, 0.00132629275322, 0.00115840183571, 0.000918007979635, 0.000743810960557, 0.000559479172807, 0.000343671126757, 0.000124883750686, 8.05030213087e-05, 4.66202982352e-05, 4.56673915323e-05, 9.17384459171e-05, 0.00011445923883, 6.95400740369e-05, 2.10865291592e-05],
        "median": [2.97023834719e-05, 2.66861684395e-06, 2.25163262257e-06, 4.38886991105e-06, 1.54436056619e-05, 3.24145112245e-05, 4.73918626085e-05, 6.5075342718e-05, 0.000234292441746, 0.000389039341826, 0.000479469250422, 0.000775540655013, 0.00062988960417, 0.000299934938084, 0.000267947063548, 0.000178165064426, 0.000146055870573, 5.90290728724e-05, 2.77680082945e-05, 1.48408598761e-05, 6.88170439389e-06, 3.11429653266e-06, 2.53746452472e-06, 2.90653201773e-06, 2.96845951198e-06, 1.88688682101e-06, 1.18338148241e-05],
        "min": [1.02198356444e-07, 2.47144470222e-07, 1.05039930531e-07, 5.2948948337e-08, 1.19379444641e-06, 2.22383027904e-06, 1.70975897618e-06, 2.47553452937e-06, 5.27242900716e-06, 1.84164364327e-05, 2.34641083807e-05, 3.58884426532e-05, 8.41524888529e-06, 7.55832934374e-06, 6.45512818664e-06, 4.33061904914e-06, 1.98893462766e-06, 2.0028360268e-06, 1.64829589266e-06, 1.33214314246e-06, 6.80269863551e-07, 3.73067223336e-07, 2.46566514761e-07, 5.03093190218e-07, 5.17313878845e-07, 5.63128367048e-07, 5.29158296558e-06],
        "var": [2.10255599598e-08, 8.77151595802e-09, 3.25839444315e-08, 8.33610897644e-07, 1.21648026834e-05, 6.59383840684e-06, 3.09652859869e-05, 3.58340025741e-06, 3.68800865544e-05, 2.27258551604e-05, 6.99244128555e-06, 1.76767716766e-05, 1.37642864502e-05, 2.73832138191e-05, 1.92655406863e-05, 6.18179365119e-06, 6.68045549901e-06, 5.32440844836e-06, 2.70885016107e-06, 2.58798905861e-07, 1.43392043128e-07, 6.05775980489e-08, 4.10515283988e-08, 2.06378416578e-07, 2.33671627825e-07, 1.95786185486e-07, 6.05850125623e-09]
    },
    "erbbands": {
        "dmean": [0.000641565478873, 0.00358597072773, 0.0219004992396, 0.175001189113, 1.41719150543, 1.85850071907, 1.46024429798, 3.91744303703, 10.290063858, 17.4451828003, 9.12609195709, 21.2312870026, 23.1051712036, 40.3450508118, 30.2589607239, 50.6105575562, 40.6223220825, 49.899269104, 45.4057655334, 36.2015151978, 28.7451095581, 25.0497455597, 21.4776344299, 19.946893692, 7.37007331848, 4.48521232605, 2.92624759674, 2.64268040657, 1.69703614712, 0.957803785801, 1.17743229866, 1.17464113235, 1.93301427364, 1.0700622797, 0.66490572691, 0.398912280798, 0.109036810696, 0.022508289665, 0.00273995171301, 0.000133222376462],
        "dmean2": [0.00114791525993, 0.0067970934324, 0.0352084860206, 0.263519048691, 2.43512201309, 3.08421349525, 2.38406848907, 5.85239315033, 19.5211658478, 32.9420089722, 13.3139181137, 30.8184108734, 38.590259552, 69.2117614746, 45.8748321533, 78.9243011475, 60.8636932373, 84.5156936646, 62.996421814, 52.3763504028, 38.3572540283, 37.2669563293, 30.4864768982, 26.0645313263, 9.64193630219, 6.33761262894, 4.22822618484, 4.50706243515, 2.88717699051, 1.70065307617, 1.81708943844, 1.99984383583, 3.39282083511, 1.73125350475, 1.05287063122, 0.660374403, 0.194767072797, 0.0410743206739, 0.00495000043884, 0.000233747341554],
        "dvar": [1.2992876691e-05, 0.000897962308954, 0.0253798384219, 1.39439737797, 131.549285889, 196.910552979, 65.375831604, 623.012084961, 5633.30078125, 11319.3671875, 1273.88232422, 13935.6132812, 10399.5703125, 31769.4394531, 2478.37011719, 30914.0996094, 11475.9033203, 42343.703125, 40161.0234375, 10409.6367188, 6085.60009766, 7610.43457031, 6438.19580078, 9879.4140625, 700.886474609, 323.080871582, 152.978973389, 236.638137817, 103.673248291, 23.5678806305, 45.4049072266, 39.9180183411, 99.8482208252, 24.6339130402, 8.20265293121, 6.40428829193, 0.666104137897, 0.0302797667682, 0.000372699170839, 5.1334524187e-07],
        "dvar2": [3.68601104128e-05, 0.00262006861158, 0.0647611171007, 2.86035680771, 351.834320068, 513.112060547, 156.635269165, 1433.22485352, 16732.8417969, 33927.2695312, 2249.90551758, 30932.34375, 17584.0527344, 86879.0625, 5013.13183594, 76512.796875, 22986.5332031, 96569.09375, 83894.453125, 16915.4863281, 10070.2714844, 12797.4882812, 9476.66503906, 18065.984375, 960.010192871, 584.567871094, 262.057739258, 683.571289062, 306.897857666, 64.5988082886, 108.429794312, 106.683563232, 269.974334717, 54.7924690247, 19.6307506561, 17.0424442291, 1.84568452835, 0.0864074677229, 0.00104309152812, 1.42662793223e-06],
        "max": [0.0389973632991, 0.317974537611, 1.95329475403, 15.2655687332, 135.28012085, 171.978790283, 109.31578064, 311.325622559, 808.327331543, 1124.71984863, 507.584777832, 1583.58691406, 1266.68530273, 2219.23486328, 879.15411377, 2339.79248047, 1858.54040527, 2556.1796875, 3023.46728516, 1542.09887695, 1218.31469727, 1166.90722656, 1158.80114746, 1495.23876953, 416.271484375, 279.621368408, 182.851455688, 180.98236084, 117.60333252, 56.3772277832, 81.1163711548, 71.6992874146, 103.19883728, 55.5052490234, 25.3168964386, 28.8468856812, 9.23379898071, 1.89331114292, 0.212248146534, 0.00808282569051],
        "mean": [0.000578118371777, 0.0023753666319, 0.0199597552419, 0.170785456896, 1.02430105209, 1.52384996414, 1.56551587582, 3.90125417709, 8.02774143219, 14.4199924469, 11.3435993195, 24.1660690308, 31.8996734619, 50.4230537415, 53.1710205078, 75.2127532959, 73.0279769897, 71.4611129761, 64.4244155884, 54.3816871643, 49.8278617859, 40.6725883484, 32.0624084473, 25.2120933533, 11.3596191406, 6.22414255142, 4.02238845825, 2.62964868546, 1.65467739105, 1.21460211277, 1.48688912392, 1.37578225136, 1.96262431145, 1.29301273823, 0.798734724522, 0.406195789576, 0.093150421977, 0.0184655860066, 0.00310382875614, 0.000321851082845],
        "median": [0.000235137908021, 0.000427393912105, 0.00195426400751, 0.00978682935238, 0.0210997555405, 0.0685205608606, 0.15559540689, 0.298042356968, 0.555014669895, 1.07237279415, 1.69205188751, 4.69491910934, 8.44354248047, 16.1335411072, 22.4840221405, 32.1466560364, 28.8236370087, 18.7778530121, 16.3425483704, 13.709690094, 9.29202365875, 7.85981464386, 3.66007351875, 1.78591954708, 1.30854022503, 0.731064140797, 0.349769234657, 0.242026373744, 0.126558929682, 0.0877195596695, 0.0687019526958, 0.0524527728558, 0.0557669773698, 0.0364030376077, 0.0211965143681, 0.00787099543959, 0.00326370610856, 0.0024697126355, 0.00132854329422, 0.000238262713538],
        "min": [1.41648097269e-05, 3.31902047037e-05, 0.000147349099279, 0.000336649973178, 0.00294321356341, 0.00579838873819, 0.0142840389162, 0.0205046571791, 0.0273582153022, 0.0617920197546, 0.0799921527505, 0.138449236751, 0.822118461132, 0.901681065559, 1.83615326881, 2.05878186226, 0.958515048027, 0.563888192177, 0.505404293537, 0.3666626513, 0.263072192669, 0.110426001251, 0.0967835187912, 0.0949282348156, 0.0838249623775, 0.0672857090831, 0.036991879344, 0.0229458529502, 0.0131338350475, 0.00796069018543, 0.00719829834998, 0.0100489873439, 0.0078058457002, 0.00569990510121, 0.00333473505452, 0.00144131248817, 0.00104798725806, 0.000927131448407, 0.000595588760916, 0.000114462265628],
        "var": [7.68992140365e-06, 0.000504153780639, 0.02316233702, 1.57215464115, 94.9386825562, 158.835739136, 81.9760665894, 658.669494629, 3348.52758789, 7043.64013672, 2432.97192383, 15554.671875, 16241.5634766, 29735.0332031, 9294.66796875, 34437.6484375, 31694.2480469, 67989.4375, 65595.2109375, 25686.6191406, 20974.2011719, 18746.4882812, 15988.7128906, 16140.5283203, 1990.58374023, 692.949401855, 310.24105835, 200.574295044, 83.5651245117, 28.0519638062, 52.8902931213, 43.0451698303, 92.2571334839, 33.1304740906, 11.2149753571, 5.54160308838, 0.47049805522, 0.0187421943992, 0.000238147506025, 3.63975772188e-07]
    },
    "gfcc": {
        "mean": [-70.2176742554, 33.828994751, -170.664154053, -46.3409843445, -37.2933616638, 3.29890179634, -27.8092498779, -0.286377280951, -20.8470020294, -4.88463449478, -5.88004970551, 0.330936491489, -2.43598413467],
        "cov": [[4196.16357422, -337.222198486, -551.58190918, 400.194610596, -579.429077148, -186.736633301, -644.178833008, 149.842941284, -256.111328125, 37.5178871155, -229.14666748, -91.430267334, -189.012710571], [-337.222198486, 577.795288086, -175.525466919, -193.708450317, 158.359329224, -196.211700439, 105.345069885, -19.7821617126, 103.887756348, -25.788236618, 28.5498828888, -16.6022167206, 33.0625991821], [-551.58190918, -175.525466919, 647.231018066, 62.4493522644, -47.9669952393, 212.527542114, -9.77993679047, -37.5397033691, -61.5587844849, -3.57735657692, -5.73524332047, 24.2459831238, 2.7172908783], [400.194610596, -193.708450317, 62.4493522644, 186.394622803, -83.2236938477, 61.6869354248, -55.7842903137, -0.304644554853, -63.8237342834, 6.37436819077, -25.8455696106, -1.6921646595, -24.5287799835], [-579.429077148, 158.359329224, -47.9669952393, -83.2236938477, 229.328735352, 8.42006874084, 118.645675659, -40.4307899475, 38.7279777527, -24.140378952, 34.0846099854, 9.74464225769, 22.430891037], [-186.736633301, -196.211700439, 212.527542114, 61.6869354248, 8.42006874084, 187.621673584, 1.94417881966, -15.1162405014, -42.2089004517, -8.28254890442, -3.89149236679, 17.0055007935, 2.00965642929], [-644.178833008, 105.345069885, -9.77993679047, -55.7842903137, 118.645675659, 1.94417881966, 190.594314575, -5.55104064941, 61.1075973511, -1.2020277977, 29.825170517, 11.4090833664, 43.6177635193], [149.842941284, -19.7821617126, -37.5397033691, -0.304644554853, -40.4307899475, -15.1162405014, -5.55104064941, 78.8782501221, 30.1202201843, 27.7467708588, 3.94712924957, -7.9783244133, 1.91784119606], [-256.111328125, 103.887756348, -61.5587844849, -63.8237342834, 38.7279777527, -42.2089004517, 61.1075973511, 30.1202201843, 95.0323562622, 33.9139099121, 30.0891990662, 5.68889093399, 20.3373432159], [37.5178871155, -25.788236618, -3.57735657692, 6.37436819077, -24.140378952, -8.28254890442, -1.2020277977, 27.7467708588, 33.9139099121, 57.547996521, 21.2983913422, 9.36991882324, 3.98134851456], [-229.14666748, 28.5498828888, -5.73524332047, -25.8455696106, 34.0846099854, -3.89149236679, 29.825170517, 3.94712924957, 30.0891990662, 21.2983913422, 59.5748405457, 19.4254112244, 18.1867752075], [-91.430267334, -16.6022167206, 24.2459831238, -1.6921646595, 9.74464225769, 17.0055007935, 11.4090833664, -7.9783244133, 5.68889093399, 9.36991882324, 19.4254112244, 37.5667572021, 19.7570209503], [-189.012710571, 33.0625991821, 2.7172908783, -24.5287799835, 22.430891037, 2.00965642929, 43.6177635193, 1.91784119606, 20.3373432159, 3.98134851456, 18.1867752075, 19.7570209503, 41.1597442627]],
        "icov": [[0.0025421443861, -0.00235219253227, 0.00288397842087, -0.00295424112119, 0.00212381826714, -0.00125312106684, 0.00465340539813, -0.00411593448371, 0.00573524320498, -0.00451288558543, 0.00550450384617, -0.00294998288155, 0.00236322893761], [-0.00235219253227, 0.0078907487914, -0.00382590782829, 0.00423986418173, -0.00485392427072, 0.00729908747599, -0.00363075337373, 0.00498396437615, -0.00895964261144, 0.00749885244295, -0.00492910668254, 0.00525624444708, -0.00510001927614], [0.00288397842087, -0.00382590782829, 0.00626062136143, -0.00285834190436, 0.00439163204283, -0.00590238999575, 0.00453803036362, -0.00348737020977, 0.00780555885285, -0.00653057452291, 0.00595138361678, -0.00387416197918, 0.00345347356051], [-0.00295424112119, 0.00423986418173, -0.00285834190436, 0.0134950000793, -0.000560607237276, 0.000218553235754, -0.00699965190142, 0.00511648785323, -0.00129861419555, 0.00155142927542, -0.0051766782999, 0.00279139052145, 0.000171918174601], [0.00212381826714, -0.00485392427072, 0.00439163204283, -0.000560607237276, 0.0130531992763, -0.00697707897052, -0.00115233869292, 0.000312243908411, 0.00500653823838, -0.00197487743571, 0.00067347130971, -0.00378317758441, 0.00669724587351], [-0.00125312106684, 0.00729908747599, -0.00590238999575, 0.000218553235754, -0.00697707897052, 0.0180347245187, -0.00170761300251, 0.000800084439106, -0.00403124652803, 0.00619930541143, -0.00185382727068, 0.000745618832298, -0.00455031357706], [0.00465340539813, -0.00363075337373, 0.00453803036362, -0.00699965190142, -0.00115233869292, -0.00170761300251, 0.0201972592622, -0.00701101496816, 0.00387395988218, -0.00601110048592, 0.0103770969436, -0.00150574778672, -0.00574574386701], [-0.00411593448371, 0.00498396437615, -0.00348737020977, 0.00511648785323, 0.000312243908411, 0.000800084439106, -0.00701101496816, 0.027210874483, -0.0163231194019, 0.00259049073793, -0.00921135302633, 0.0129229007289, -0.00799082871526], [0.00573524320498, -0.00895964261144, 0.00780555885285, -0.00129861419555, 0.00500653823838, -0.00403124652803, 0.00387395988218, -0.0163231194019, 0.0441314168274, -0.0266733858734, 0.0104711409658, -0.00800277665257, 0.00635782815516], [-0.00451288558543, 0.00749885244295, -0.00653057452291, 0.00155142927542, -0.00197487743571, 0.00619930541143, -0.00601110048592, 0.00259049073793, -0.0266733858734, 0.0444789342582, -0.0185486655682, -0.000113316789793, -0.00124157371465], [0.00550450384617, -0.00492910668254, 0.00595138361678, -0.0051766782999, 0.00067347130971, -0.00185382727068, 0.0103770969436, -0.00921135302633, 0.0104711409658, -0.0185486655682, 0.0394801273942, -0.015470915474, 0.00151693529915], [-0.00294998288155, 0.00525624444708, -0.00387416197918, 0.00279139052145, -0.00378317758441, 0.000745618832298, -0.00150574778672, 0.0129229007289, -0.00800277665257, -0.000113316789793, -0.015470915474, 0.0515572056174, -0.0267776735127], [0.00236322893761, -0.00510001927614, 0.00345347356051, 0.000171918174601, 0.00669724587351, -0.00455031357706, -0.00574574386701, -0.00799082871526, 0.00635782815516, -0.00124157371465, 0.00151693529915, -0.0267776735127, 0.051314573735]]
    },
    "melbands": {
        "dmean": [7.421643204e-06, 9.12972063816e-06, 7.62153576943e-05, 0.000112258872832, 6.18784251856e-05, 8.95979173947e-05, 0.000182822826901, 0.000160196781508, 7.55249129725e-05, 0.000153477521962, 0.000116348368465, 0.000165857913089, 0.000108932479634, 0.000101739744423, 0.000159561706823, 8.7151711341e-05, 0.000100093595393, 7.81037888373e-05, 5.95284363953e-05, 3.91716057493e-05, 3.52420829586e-05, 2.94339861284e-05, 2.28584540309e-05, 2.08290239243e-05, 1.68263377418e-05, 6.7857868089e-06, 3.59379851034e-06, 2.96449343296e-06, 2.12658937926e-06, 1.2834223071e-06, 1.79385415322e-06, 1.12308816824e-06, 7.14536497526e-07, 3.73767136352e-07, 5.86529949942e-07, 7.05537161139e-07, 8.47377975788e-07, 1.48413926127e-06, 1.16712294584e-06, 7.61398723625e-07],
        "dmean2": [1.29424561237e-05, 1.54575755005e-05, 0.000125060745631, 0.000185281620361, 9.89617474261e-05, 0.0001372553088, 0.000347581371898, 0.000300594198052, 0.000114639013191, 0.000227870215895, 0.000194382781046, 0.000287687871605, 0.000177556852577, 0.000154322624439, 0.000261785055045, 0.000135463487823, 0.000163588367286, 0.000120025717479, 9.69708707999e-05, 6.18447811576e-05, 4.66073215648e-05, 4.14262794948e-05, 3.9897775423e-05, 3.12580559694e-05, 2.27881973842e-05, 8.84467681317e-06, 5.69761959923e-06, 4.36979553342e-06, 2.9917973734e-06, 1.91128901861e-06, 3.2228940654e-06, 1.94534891307e-06, 1.29751003897e-06, 6.59656620883e-07, 9.14843155897e-07, 1.08751294192e-06, 1.48600327066e-06, 2.63974106929e-06, 1.87599050605e-06, 1.29977138386e-06],
        "dvar": [1.2046964537e-09, 4.85244910919e-09, 3.54542748937e-07, 7.32510329726e-07, 1.48736049255e-07, 3.3831491919e-07, 1.64114544532e-06, 9.16947669793e-07, 7.99454369371e-08, 7.8757244637e-07, 2.53055759458e-07, 5.72710689539e-07, 4.79758348604e-08, 4.30515605387e-08, 3.16282211088e-07, 4.9278458647e-08, 1.75546972514e-07, 1.32651933882e-07, 4.69787302393e-08, 1.10636202422e-08, 9.38929556327e-09, 9.33377553025e-09, 8.52791082195e-09, 1.00158921157e-08, 7.45273531777e-09, 5.89835513765e-10, 2.21985207993e-10, 1.63148536347e-10, 7.86201936886e-11, 4.09452471928e-11, 1.266474009e-10, 5.52655872454e-11, 1.55962968235e-11, 3.26654870687e-12, 1.17839106528e-11, 1.45407063126e-11, 1.93930357884e-11, 5.57678625501e-11, 3.12808008662e-11, 1.44453208076e-11],
        "dvar2": [3.43472006392e-09, 1.3176275182e-08, 9.03348620795e-07, 1.88601438822e-06, 3.75178643708e-07, 8.20825334813e-07, 4.92591789225e-06, 2.71796625384e-06, 1.35881521146e-07, 1.81133236765e-06, 4.30732143286e-07, 1.59645196618e-06, 1.14888976555e-07, 9.10922040021e-08, 7.84583448876e-07, 1.23199555446e-07, 4.08904639926e-07, 3.11579327672e-07, 7.78610100838e-08, 2.21199236705e-08, 1.62479096844e-08, 1.37413813661e-08, 2.38991351154e-08, 1.76528054396e-08, 1.41588296643e-08, 9.96681404075e-10, 5.02316355178e-10, 3.5321071068e-10, 1.53125970237e-10, 9.4405004647e-11, 3.80364406638e-10, 1.63974944734e-10, 4.4647181785e-11, 8.48674863024e-12, 2.79826786742e-11, 3.60602138427e-11, 5.25067038459e-11, 1.53478021958e-10, 7.29115517961e-11, 3.27597844685e-11],
        "max": [0.000370656867744, 0.000826063915156, 0.00724166072905, 0.0105278808624, 0.00501250755042, 0.00720790820196, 0.0136588141322, 0.0104161491618, 0.00398973701522, 0.0116562126204, 0.00614152802154, 0.00925376731902, 0.00328857195564, 0.00307575706393, 0.00754379387945, 0.00349153159186, 0.00527717871591, 0.00522999744862, 0.00292623415589, 0.00125528208446, 0.00153016182594, 0.0014432851458, 0.00108688103501, 0.00139563437551, 0.00127910636365, 0.000383901468012, 0.000195606990019, 0.000188771751709, 0.000132181550725, 8.1892736489e-05, 0.000126870058011, 8.69036521181e-05, 4.12603258155e-05, 2.27022919717e-05, 4.13377274526e-05, 4.57726637251e-05, 4.41824886366e-05, 7.02319666743e-05, 6.00045932515e-05, 4.35502734035e-05],
        "mean": [7.38122071198e-06, 7.7618906289e-06, 6.02924519626e-05, 8.91402596608e-05, 6.03625339863e-05, 8.57854101923e-05, 0.000140189877129, 0.000142603152199, 9.61493351497e-05, 0.000164972458151, 0.000158745679073, 0.000199653499294, 0.000178092392161, 0.000176995163201, 0.000207201810554, 0.000146927603055, 0.000130213360535, 0.000102637583041, 8.68705174071e-05, 6.44996907795e-05, 5.8160014305e-05, 4.54256005469e-05, 3.04579461954e-05, 2.66897750407e-05, 2.05009473575e-05, 9.58544205787e-06, 5.58518104299e-06, 3.64741890735e-06, 2.79600408248e-06, 1.54895542437e-06, 1.63226980021e-06, 1.08354129225e-06, 6.57220937228e-07, 5.90596187067e-07, 7.48812738038e-07, 8.41622693315e-07, 9.24691903492e-07, 1.49809307004e-06, 1.35075390517e-06, 9.24073674469e-07],
        "median": [2.98779059449e-06, 8.55249140841e-07, 1.91280969375e-06, 3.06255537907e-06, 5.16241789228e-06, 6.93188849255e-06, 9.09092432266e-06, 1.17806230264e-05, 1.4957519852e-05, 3.18050515489e-05, 4.25308389822e-05, 6.31770890323e-05, 7.16371432645e-05, 8.3146711404e-05, 8.51297081681e-05, 5.14503917657e-05, 3.07393820549e-05, 2.58811905951e-05, 2.02239025384e-05, 1.46492584463e-05, 1.05807985165e-05, 8.92667867447e-06, 4.05694390793e-06, 2.3908444291e-06, 1.30007913413e-06, 9.95305413198e-07, 6.46146020244e-07, 4.01148781748e-07, 2.48670374958e-07, 1.66184918271e-07, 1.11920691381e-07, 7.19940018712e-08, 5.30885237993e-08, 4.5594010345e-08, 3.74286734939e-08, 3.33899983218e-08, 3.10214538501e-08, 3.85342566744e-08, 3.27884706053e-08, 2.87012511535e-08],
        "min": [1.38238405611e-07, 8.83461552803e-08, 7.23647488599e-08, 1.52298540002e-07, 4.45549716233e-07, 4.53510494935e-07, 3.33133527874e-07, 6.92141043146e-07, 4.82401219415e-07, 7.15729242984e-07, 3.60870058103e-06, 3.23906692756e-06, 4.92679464514e-06, 4.53332404504e-06, 3.74205274056e-06, 7.80794664479e-07, 9.57977931648e-07, 7.31858790459e-07, 5.73517240809e-07, 3.6064702158e-07, 2.47618970661e-07, 1.38284548257e-07, 5.33179083106e-08, 5.72687497424e-08, 6.89131667286e-08, 4.9581217354e-08, 5.54733361469e-08, 2.59166501593e-08, 2.54894079177e-08, 1.66550826464e-08, 1.12444746847e-08, 7.80194397976e-09, 4.86419393653e-09, 3.77345799052e-09, 3.50009732308e-09, 4.99084951144e-09, 5.49828804708e-09, 5.46558664993e-09, 4.85244333603e-09, 4.5163037754e-09],
        "var": [7.19052761777e-10, 3.86038978561e-09, 2.82663762619e-07, 5.91363857438e-07, 1.5261740316e-07, 3.31520823238e-07, 9.64289483818e-07, 6.19067634489e-07, 1.63179279866e-07, 8.10443566479e-07, 3.9681762587e-07, 5.04200500018e-07, 1.22595039898e-07, 1.02762967913e-07, 3.43138282233e-07, 1.42801624747e-07, 2.51033270615e-07, 1.81845535963e-07, 8.84214799157e-08, 3.0123899819e-08, 3.05825160751e-08, 2.41243629517e-08, 1.18704726049e-08, 1.66359050979e-08, 1.1366756425e-08, 1.38504996361e-09, 4.87191120779e-10, 2.62284499675e-10, 1.42943060166e-10, 5.69881884738e-11, 9.27869239775e-11, 4.29335976493e-11, 1.19948894567e-11, 5.40655584538e-12, 1.35293391074e-11, 1.67169923737e-11, 1.98567447207e-11, 5.10802893039e-11, 3.87848815564e-11, 1.81644855407e-11]
    },
    "mfcc": {
        "mean": [-711.599975586, 109.759140015, -75.0217208862, -35.3338356018, -6.11588048935, -5.84706830978, 3.8000600338, 0.225539147854, -1.84537243843, -4.61493396759, -4.0552573204, 2.17321491241, 2.9506278038],
        "cov": [[4940.98779297, -721.129821777, -303.392120361, 159.640823364, -75.2812805176, -470.173858643, -380.293579102, -256.193756104, -193.651107788, -78.7092895508, -41.4065437317, -141.929351807, -243.485580444], [-721.129821777, 743.501464844, -295.39630127, -3.14642858505, -18.7336330414, -52.5656013489, -15.6357698441, 17.6186408997, 58.5008010864, 36.0629234314, -0.771458148956, 37.8418006897, 38.5875968933], [-303.392120361, -295.39630127, 689.366271973, -45.3959274292, 63.6252937317, 114.198417664, 56.0665740967, 5.90213727951, -19.3492355347, -30.4197120667, -27.5172710419, -11.9228696823, 8.29132843018], [159.640823364, -3.14642858505, -45.3959274292, 102.193283081, -26.7935276031, -9.54022121429, -2.26004219055, -8.92388629913, -2.10032224655, 1.79907500744, -2.33452939987, 3.58592748642, -3.30986022949], [-75.2812805176, -18.7336330414, 63.6252937317, -26.7935276031, 110.984550476, 53.9760856628, 26.6884078979, 10.3124275208, -24.0765361786, -15.1925449371, -2.92065429688, 2.57510995865, -5.88786172867], [-470.173858643, -52.5656013489, 114.198417664, -9.54022121429, 53.9760856628, 170.751525879, 83.562210083, 43.6466255188, 8.73546981812, -21.0530548096, -6.43942975998, 0.811139822006, 13.8174085617], [-380.293579102, -15.6357698441, 56.0665740967, -2.26004219055, 26.6884078979, 83.562210083, 101.674629211, 44.176322937, 13.0672655106, 0.271809667349, -8.77371311188, 0.606676399708, 18.1184444427], [-256.193756104, 17.6186408997, 5.90213727951, -8.92388629913, 10.3124275208, 43.6466255188, 44.176322937, 54.8742103577, 26.6033096313, 4.45934152603, -1.59019994736, 2.43390893936, 12.4404287338], [-193.651107788, 58.5008010864, -19.3492355347, -2.10032224655, -24.0765361786, 8.73546981812, 13.0672655106, 26.6033096313, 66.869758606, 26.7600288391, 16.679189682, 13.3844118118, 17.3045043945], [-78.7092895508, 36.0629234314, -30.4197120667, 1.79907500744, -15.1925449371, -21.0530548096, 0.271809667349, 4.45934152603, 26.7600288391, 50.784324646, 19.844171524, 10.77967453, 13.795208931], [-41.4065437317, -0.771458148956, -27.5172710419, -2.33452939987, -2.92065429688, -6.43942975998, -8.77371311188, -1.59019994736, 16.679189682, 19.844171524, 48.240447998, 23.6669940948, 7.37115859985], [-141.929351807, 37.8418006897, -11.9228696823, 3.58592748642, 2.57510995865, 0.811139822006, 0.606676399708, 2.43390893936, 13.3844118118, 10.77967453, 23.6669940948, 58.4714584351, 34.3306770325], [-243.485580444, 38.5875968933, 8.29132843018, -3.30986022949, -5.88786172867, 13.8174085617, 18.1184444427, 12.4404287338, 17.3045043945, 13.795208931, 7.37115859985, 34.3306770325, 62.5308837891]],
