{
"lowlevel": {
    "average_loudness": 0.927788734436,
    "barkbands_crest": {
        "dmean": 2.77851176262,
        "dmean2": 4.6253080368,
        "dvar": 7.76199197769,
        "dvar2": 16.6708240509,
        "max": 26.7146072388,
        "mean": 18.0257091522,
        "median": 19.3983478546,
        "min": 3.82399845123,
        "var": 47.8415718079
    },
    "barkbands_flatness_db": {
        "dmean": 0.036632258445,
        "dmean2": 0.0567347481847,
        "dvar": 0.000988254905678,
        "dvar2": 0.00197253469378,
        "max": 0.550440073013,
        "mean": 0.267811924219,
        "median": 0.281260937452,
        "min": 0.048340510577,
        "var": 0.0167998708785
    },
    "barkbands_kurtosis": {
        "dmean": 19.1654567719,
        "dmean2": 32.8252487183,
        "dvar": 1295.33007812,
        "dvar2": 2550.62866211,
        "max": 231.523757935,
        "mean": 26.44140625,
        "median": 6.11923122406,
        "min": -1.27305567265,
        "var": 2424.35986328
    },
    "barkbands_skewness": {
        "dmean": 1.51428747177,
        "dmean2": 2.48066425323,
        "dvar": 3.02469849586,
        "dvar2": 5.63277339935,
        "max": 5.76994514465,
        "mean": -1.32768464088,
        "median": -0.596577107906,
        "min": -13.3242378235,
        "var": 14.2404050827
    },
    "barkbands_spread": {
        "dmean": 7.63600063324,
        "dmean2": 11.8152284622,
        "dvar": 153.281112671,
        "dvar2": 326.109527588,
        "max": 103.728942871,
        "mean": 15.5879764557,
        "median": 8.29487419128,
        "min": 0.107045009732,
        "var": 438.080444336
    },
    "dissonance": {
        "dmean": 0.0135123897344,
        "dmean2": 0.0229407828301,
        "dvar": 0.000975310220383,
        "dvar2": 0.00214797933586,
        "max": 0.499999970198,
        "mean": 0.486456662416,
        "median": 0.49537268281,
        "min": 0.321638971567,
        "var": 0.000802477239631
    },
    "dynamic_complexity": 19.3614959717,
    "erbbands_crest": {
        "dmean": 3.2694644928,
        "dmean2": 5.63614368439,
        "dvar": 11.8919620514,
        "dvar2": 31.8237438202,
        "max": 33.944644928,
        "mean": 20.4571208954,
        "median": 23.4990844727,
        "min": 3.58948135376,
        "var": 72.9799041748
    },
    "erbbands_flatness_db": {
        "dmean": 0.0350735709071,
        "dmean2": 0.0553141720593,
        "dvar": 0.00103035918437,
        "dvar2": 0.00196038582362,
        "max": 0.587514877319,
        "mean": 0.33167630434,
        "median": 0.361076742411,
        "min": 0.0370418578386,
        "var": 0.0173916053027
    },
    "erbbands_kurtosis": {
        "dmean": 13.7756872177,
        "dmean2": 24.2482719421,
        "dvar": 374.456756592,
        "dvar2": 884.805664062,
        "max": 115.19367981,
        "mean": 21.7294445038,
        "median": 6.61450481415,
        "min": -1.12436246872,
        "var": 897.678222656
    },
    "erbbands_skewness": {
        "dmean": 1.27512872219,
        "dmean2": 1.94299817085,
        "dvar": 1.36902487278,
        "dvar2": 3.53340649605,
        "max": 5.53134727478,
        "mean": -0.975984990597,
        "median": -0.26993316412,
        "min": -9.84866046906,
        "var": 10.0978870392
    },
    "erbbands_spread": {
        "dmean": 3.58407855034,
        "dmean2": 5.53396558762,
        "dvar": 15.6780920029,
        "dvar2": 31.4254570007,
        "max": 68.1073608398,
        "mean": 11.4164247513,
        "median": 7.00507307053,
        "min": 0.346803963184,
        "var": 189.525619507
    },
    "hfc": {
        "dmean": 5.45657157898,
        "dmean2": 7.74747276306,
        "dvar": 244.049087524,
        "dvar2": 538.99420166,
        "max": 134.681228638,
        "mean": 9.77356624603,
        "median": 0.135909691453,
        "min": 1.52218372023e-05,
        "var": 541.727966309
    },
    "melbands_crest": {
        "dmean": 4.11229324341,
        "dmean2": 6.48640298843,
        "dvar": 16.2228794098,
        "dvar2": 34.1698188782,
        "max": 37.9908676147,
        "mean": 23.0406856537,
        "median": 24.1620616913,
        "min": 4.69109392166,
        "var": 79.5360488892
    },
    "melbands_flatness_db": {
        "dmean": 0.0376834534109,
        "dmean2": 0.0585318915546,
        "dvar": 0.00103499612305,
        "dvar2": 0.00212129252031,
        "max": 0.504842936993,
        "mean": 0.267879486084,
        "median": 0.261366426945,
        "min": 0.0973896607757,
        "var": 0.0102336434647
    },
    "melbands_kurtosis": {
        "dmean": 16.218870163,
        "dmean2": 27.7475318909,
        "dvar": 1177.15270996,
        "dvar2": 2259.14233398,
        "max": 299.131530762,
        "mean": 22.6118507385,
        "median": 4.50994110107,
        "min": -1.77579843998,
        "var": 2739.27685547
    },
    "melbands_skewness": {
        "dmean": 1.4674077034,
        "dmean2": 2.47740507126,
        "dvar": 3.48452496529,
        "dvar2": 10.1456565857,
        "max": 5.35686016083,
        "mean": -0.932890951633,
        "median": -0.600581586361,
        "min": -14.5754795074,
        "var": 12.251294136
    },
    "melbands_spread": {
        "dmean": 12.3872241974,
        "dmean2": 20.3938293457,
        "dvar": 210.631744385,
        "dvar2": 494.085723877,
        "max": 124.228721619,
        "mean": 31.4817218781,
        "median": 24.3828849792,
        "min": 0.332761615515,
        "var": 819.481994629
    },
    "pitch_salience": {
        "dmean": 0.0844850987196,
        "dmean2": 0.132066681981,
        "dvar": 0.00592253822833,
        "dvar2": 0.0106528094038,
        "max": 0.877494394779,
        "mean": 0.422773957253,
        "median": 0.43265491724,
        "min": 0.0658340677619,
        "var": 0.0301773175597
    },
    "silence_rate_20dB": {
        "dmean": 0,
        "dmean2": 0,
        "dvar": 0,
        "dvar2": 0,
        "max": 1,
        "mean": 1,
        "median": 1,
        "min": 1,
        "var": 0
    },
    "silence_rate_30dB": {
        "dmean": 0,
        "dmean2": 0,
        "dvar": 0,
        "dvar2": 0,
        "max": 1,
        "mean": 1,
        "median": 1,
        "min": 1,
        "var": 0
    },
    "silence_rate_60dB": {
        "dmean": 0.0666666701436,
        "dmean2": 0.13483145833,
        "dvar": 0.0622222945094,
        "dvar2": 0.139124035835,
        "max": 1,
        "mean": 0.813186824322,
        "median": 1,
        "min": 0,
        "var": 0.151913821697
    },
    "spectral_centroid": {
        "dmean": 325.932342529,
        "dmean2": 458.443115234,
        "dvar": 1061609.75,
        "dvar2": 1164109.625,
        "max": 11167.3417969,
        "mean": 3073.99902344,
        "median": 3477.79931641,
        "min": 575.509094238,
        "var": 1583614.125
    },
    "spectral_complexity": {
        "dmean": 0.377777785063,
        "dmean2": 0.719101130962,
        "dvar": 0.346172720194,
        "dvar2": 0.966038882732,
        "max": 5,
        "mean": 0.94505494833,
        "median": 0,
        "min": 0,
        "var": 1.45851945877
    },
    "spectral_decrease": {
        "dmean": 3.56643492516e-10,
        "dmean2": 5.20113341285e-10,
        "dvar": 8.41950956366e-19,
        "dvar2": 1.83174266284e-18,
        "max": -4.33100492607e-16,
        "mean": -7.30783156211e-10,
        "median": -7.85272454701e-12,
        "min": -7.55409867992e-09,
        "var": 3.17134284651e-18
    },
    "spectral_energy": {
        "dmean": 0.00184097699821,
        "dmean2": 0.00265410263091,
        "dvar": 2.31296471611e-05,
        "dvar2": 5.06267824676e-05,
        "max": 0.0358731895685,
        "mean": 0.00364462728612,
        "median": 4.44673860329e-05,
        "min": 3.01528646496e-09,
        "var": 7.62879935792e-05
    },
    "spectral_energyband_high": {
        "dmean": 6.25626853434e-05,
        "dmean2": 0.000100934594229,
        "dvar": 4.10819609442e-08,
        "dvar2": 1.26759474028e-07,
        "max": 0.00159678643104,
        "mean": 8.13730875961e-05,
        "median": 8.2597864548e-08,
        "min": 4.23704821229e-10,
        "var": 6.54014158386e-08
    },
    "spectral_energyband_low": {
        "dmean": 4.23601846933e-08,
        "dmean2": 7.58841025572e-08,
        "dvar": 5.86432080197e-15,
        "dvar2": 1.57958956109e-14,
        "max": 3.66926741435e-07,
        "mean": 3.95410992837e-08,
        "median": 1.74827050614e-08,
        "min": 4.61773605465e-11,
        "var": 4.4998782024e-15
    },
    "spectral_energyband_middle_high": {
        "dmean": 0.00178722967394,
        "dmean2": 0.00257348199375,
        "dvar": 2.25165913434e-05,
        "dvar2": 4.87665092805e-05,
        "max": 0.035750746727,
        "mean": 0.0035617123358,
        "median": 3.61353704648e-05,
        "min": 2.42695175068e-09,
        "var": 7.34468339942e-05
    },
    "spectral_energyband_middle_low": {
        "dmean": 8.35833645851e-07,
        "dmean2": 1.3244763295e-06,
        "dvar": 1.58579573084e-12,
        "dvar2": 3.04507005548e-12,
        "max": 8.51522872836e-06,
        "mean": 2.06263462132e-06,
        "median": 1.47193850353e-06,
        "min": 5.71174219033e-11,
        "var": 4.59581765005e-12
    },
    "spectral_entropy": {
        "dmean": 0.368434011936,
        "dmean2": 0.562411785126,
        "dvar": 0.128363788128,
        "dvar2": 0.297858536243,
        "max": 9.82180500031,
        "mean": 6.03767681122,
        "median": 5.80308389664,
        "min": 3.85378599167,
        "var": 1.59276270866
    },
    "spectral_flux": {
        "dmean": 0.00843976251781,
        "dmean2": 0.0133699504659,
        "dvar": 0.000222737886361,
        "dvar2": 0.000552264915314,
        "max": 0.123898886144,
        "mean": 0.0170778185129,
        "median": 0.00270164106041,
        "min": 0.000138551316923,
        "var": 0.000725076999515
    },
    "spectral_kurtosis": {
        "dmean": 5.95328855515,
        "dmean2": 9.05687713623,
        "dvar": 44.0344924927,
        "dvar2": 78.5793685913,
        "max": 60.8019104004,
        "mean": 16.8875789642,
        "median": 13.903055191,
        "min": -1.22335934639,
        "var": 146.975906372
    },
    "spectral_rms": {
        "dmean": 0.000309922586894,
        "dmean2": 0.000401766475989,
        "dvar": 3.45998955709e-07,
        "dvar2": 6.23955770607e-07,
        "max": 0.00591593049467,
        "mean": 0.000995520851575,
        "median": 0.000208285418921,
        "min": 1.7151510292e-06,
        "var": 2.56467274085e-06
    },
    "spectral_rolloff": {
        "dmean": 985.502197266,
        "dmean2": 1645.2331543,
        "dvar": 8335543.5,
        "dvar2": 14036187,
        "max": 19422.9492188,
        "mean": 4020.79370117,
        "median": 3768.31054688,
        "min": 344.53125,
        "var": 10055505
    },
    "spectral_skewness": {
        "dmean": 0.564514756203,
        "dmean2": 0.883018493652,
        "dvar": 0.373669683933,
        "dvar2": 0.62594050169,
        "max": 5.93500328064,
        "mean": 2.34293603897,
        "median": 2.21900391579,
        "min": -0.155091762543,
        "var": 0.858878672123
    },
    "spectral_spread": {
        "dmean": 1072927,
        "dmean2": 1378791.625,
        "dvar": 1.13753173524e+13,
        "dvar2": 1.14745482936e+13,
        "max": 41372300,
        "mean": 3729397.5,
        "median": 2794347,
        "min": 822951.625,
        "var": 1.9942674006e+13
    },
    "spectral_strongpeak": {
        "dmean": 1.03358769417,
        "dmean2": 1.49555540085,
        "dvar": 4.24767684937,
        "dvar2": 8.04518032074,
        "max": 21.6359405518,
        "mean": 2.29460835457,
        "median": 0.528090000153,
        "min": 0,
        "var": 14.5534381866
    },
    "zerocrossingrate": {
        "dmean": 0.0133572053164,
        "dmean2": 0.0130190048367,
        "dvar": 0.000540046254173,
        "dvar2": 0.000387009407859,
        "max": 0.29443359375,
        "mean": 0.146076574922,
        "median": 0.16552734375,
        "min": 0.05029296875,
        "var": 0.00233207060955
    },
    "barkbands": {
        "dmean": [2.84204517698e-08, 3.82600040538e-09, 1.62878386334e-08, 6.88309071961e-08, 3.55742798774e-07, 2.37963362792e-07, 5.50416494605e-08, 2.87822985001e-07, 1.62468040799e-07, 2.16756944837e-07, 1.57199337991e-07, 1.15505869758e-07, 2.26852094443e-07, 5.54998337066e-07, 0.000869344512466, 1.67122270796e-05, 2.82097175841e-07, 2.26924854019e-07, 6.61485464661e-05, 0.00106323533691, 1.65585475997e-07, 4.84204647364e-05, 5.49879177925e-06, 4.94406913276e-06, 1.24683774629e-05, 7.81605251632e-07, 1.07450908615e-07],
        "dmean2": [4.62333247242e-08, 6.88777834768e-09, 2.95834077235e-08, 1.16981631493e-07, 5.29259295945e-07, 3.93457412429e-07, 8.98201051314e-08, 4.62066424234e-07, 2.0980614579e-07, 3.1429820524e-07, 2.62464709522e-07, 1.84890723176e-07, 4.0642819954e-07, 8.25669872029e-07, 0.00135574350134, 3.1838677387e-05, 4.3407410999e-07, 3.95873314574e-07, 0.000102169338788, 0.00160181033425, 2.64098105163e-07, 8.5579478764e-05, 9.9518283605e-06, 6.60117393636e-06, 1.97064382519e-05, 1.26063662265e-06, 1.51304263341e-07],
        "dvar": [1.18048599579e-15, 2.00149087789e-17, 1.62814184962e-15, 2.39713746086e-14, 4.21415018766e-13, 2.04986052546e-13, 5.9897367353e-15, 3.18659703659e-13, 5.66958623333e-14, 1.16408130964e-13, 4.96053969656e-14, 3.29534949404e-14, 1.75435593787e-13, 2.15875082567e-12, 8.14834038465e-06, 6.13984418862e-09, 7.50656318788e-13, 2.26692023985e-13, 1.275289776e-07, 1.45404637806e-05, 1.76844921086e-13, 3.62594931858e-08, 2.44549269723e-10, 3.59370422309e-10, 8.17077461246e-10, 1.00674347331e-11, 1.58498756654e-13],
        "dvar2": [2.8267278807e-15, 5.48644614284e-17, 4.32067144175e-15, 5.78073288023e-14, 9.21856232843e-13, 3.99370559409e-13, 1.41299401988e-14, 7.63531490637e-13, 1.00136384102e-13, 2.7350528526e-13, 1.36507436756e-13, 8.39722985157e-14, 5.2626447037e-13, 4.81442143097e-12, 1.79840299097e-05, 1.73420655614e-08, 1.68848940905e-12, 5.3242799709e-13, 3.04681407215e-07, 3.51387388946e-05, 4.52476489436e-13, 1.22049186757e-07, 7.01119329261e-10, 5.17523246479e-10, 2.24945506666e-09, 1.8383071107e-11, 3.76525552273e-13],
        "max": [2.46362134249e-07, 2.2883217099e-08, 2.87178295366e-07, 8.77675802258e-07, 3.72371846424e-06, 3.82397729481e-06, 5.61776289487e-07, 4.03291232942e-06, 2.44963075602e-06, 2.53294615504e-06, 1.39093367579e-06, 1.34643357796e-06, 2.73956970887e-06, 1.26007598737e-05, 0.0313506647944, 0.00063663587207, 8.96160509001e-06, 3.70535735783e-06, 0.00290350988507, 0.0344488210976, 3.23901122101e-06, 0.00133934745099, 0.000101083802292, 0.000202660594368, 0.000192874402273, 2.88859610009e-05, 4.01222814617e-06],
        "mean": [2.68880437915e-08, 4.54825865859e-09, 1.17273835087e-08, 6.75668658801e-08, 5.87204056046e-07, 3.29765413198e-07, 1.010485704e-07, 3.64933896435e-07, 4.07121888202e-07, 4.72424972031e-07, 2.60997182977e-07, 2.20160941922e-07, 3.09090069095e-07, 9.26673692447e-07, 0.00227511068806, 2.33080718317e-05, 5.30637237262e-07, 4.93531842949e-07, 5.10825739184e-05, 0.00121011049487, 2.86561913754e-07, 4.99647794641e-05, 4.9715977184e-06, 8.85150166141e-06, 1.47262835526e-05, 9.51009724304e-07, 1.51349539124e-07],
        "median": [1.56478616731e-08, 3.09590975078e-09, 1.96272109676e-09, 1.42499674283e-08, 1.29624822875e-07, 1.8652949052e-07, 5.78569654408e-08, 7.27880120621e-08, 1.157366043e-07, 1.5401502651e-07, 7.41341139587e-08, 7.62244667385e-08, 6.60843468836e-08, 1.31734736897e-07, 1.07207154088e-06, 6.22520843763e-08, 4.33080913353e-08, 3.55244793582e-08, 4.23227277224e-07, 2.61953991867e-05, 9.86811077297e-09, 6.67645583263e-09, 1.27560131347e-08, 3.05622926966e-09, 3.2545481865e-09, 1.40922795655e-09, 8.26063750736e-09],
        "min": [6.99273017962e-12, 1.88618027447e-11, 1.60886876738e-11, 1.25950231147e-11, 5.20674475757e-12, 1.27663699924e-12, 8.22361883451e-12, 1.00119149082e-11, 1.13325321349e-11, 4.3224198526e-11, 1.16599412417e-11, 9.22601231523e-12, 4.65440533337e-12, 2.14906824975e-11, 6.57998378006e-11, 4.23986817877e-11, 1.65512169942e-11, 2.39540245278e-11, 1.37821948298e-10, 9.91967064046e-11, 3.05259359457e-11, 6.68527299491e-12, 1.54480993969e-11, 2.05292761957e-11, 4.02751720863e-11, 6.5344618605e-11, 1.7199829061e-10],
        "var": [1.23705223243e-15, 2.05057296302e-17, 1.19782592489e-15, 2.2705820988e-14, 8.21477976788e-13, 3.02937687956e-13, 1.38985197862e-14, 4.314778786e-13, 3.58713791093e-13, 4.16532693753e-13, 1.17248048835e-13, 9.5057100212e-14, 3.08102501845e-13, 5.31453266811e-12, 4.59575239802e-05, 7.39264960359e-09, 1.57939427595e-12, 6.65403929873e-13, 1.08506277741e-07, 1.67999587575e-05, 3.01654317844e-13, 3.8734206953e-08, 1.99155136826e-10, 1.1326494187e-09, 1.13494991183e-09, 1.5382084495e-11, 2.66647814939e-13]
    },
    "erbbands": {
        "dmean": [2.13051606579e-07, 8.23328150545e-07, 1.26102659124e-05, 0.00012113754201, 0.00131397310179, 0.000842314853799, 0.00122964917682, 0.00182389677502, 0.000828285585158, 0.00433991057798, 0.00319814193062, 0.00404329085723, 0.00702095776796, 0.00498039042577, 0.00673026917502, 0.00489127263427, 0.0130533892661, 0.13612601161, 7.35457849503, 51.2678642273, 2.44921135902, 0.100965827703, 0.039167329669, 0.932756960392, 43.6858673096, 25.4344654083, 0.698439717293, 0.120057478547, 2.66680526733, 0.325279325247, 0.135780826211, 0.16561602056, 0.0257506109774, 0.0473683513701, 0.153192564845, 0.011224206537, 0.00177627720404, 0.000369716231944, 2.37946624111e-05, 4.17942010245e-06],
        "dmean2": [3.45715449157e-07, 1.51559197548e-06, 2.23123824981e-05, 0.000201487870072, 0.00198105257004, 0.00138456199784, 0.00214048591442, 0.00288819801062, 0.00123849092051, 0.00684596970677, 0.00529834721237, 0.00545445876196, 0.0105419168249, 0.00735312653705, 0.011100936681, 0.00771596468985, 0.0241558142006, 0.209114506841, 10.8793287277, 80.1187515259, 3.99790859222, 0.149402752519, 0.0568437203765, 1.31773722172, 63.1323623657, 37.4444580078, 1.01807701588, 0.197992861271, 4.71636295319, 0.571874022484, 0.222121566534, 0.25010317564, 0.0371652282774, 0.0724719911814, 0.244855552912, 0.01733308658, 0.00299695506692, 0.000566198374145, 3.39726648235e-05, 4.28166458732e-06],
        "dvar": [4.03125578437e-14, 1.4524145775e-12, 8.38632829847e-10, 6.06966139571e-08, 6.22188872512e-06, 2.90397019853e-06, 7.57798352424e-06, 8.60360341903e-06, 2.69449560619e-06, 6.67983986204e-05, 3.34897376888e-05, 4.69903061457e-05, 0.000125202233903, 7.23352932255e-05, 9.17784127523e-05, 4.81057904835e-05, 0.000769501028117, 0.188204720616, 630.577148438, 28968.4492188, 78.8273086548, 0.102085441351, 0.0116552338004, 14.5659341812, 31021.6386719, 6115.79492188, 4.42498636246, 0.138703912497, 110.057792664, 1.60046577454, 0.114508107305, 0.273774027824, 0.011492472142, 0.0292004551739, 0.165340185165, 0.000675939489156, 5.33746242581e-05, 1.15829868719e-06, 7.15713133204e-09, 9.50378248321e-11],
        "dvar2": [1.10125721476e-13, 3.59429738576e-12, 2.21276863499e-09, 1.42335395026e-07, 1.4440734958e-05, 6.96799270372e-06, 1.53096771101e-05, 1.66930840351e-05, 6.39788140688e-06, 0.000149511295604, 8.40431894176e-05, 0.000107987500087, 0.000277033715975, 0.000109477274236, 0.000249171978794, 0.000107163199573, 0.00205135182478, 0.381090044975, 1277.9197998, 66464.109375, 201.491851807, 0.242802649736, 0.0245346799493, 32.4861488342, 71278.2578125, 13280.4257812, 9.19221496582, 0.427580833435, 370.901275635, 5.34332084656, 0.261214852333, 0.382310241461, 0.0202281624079, 0.0503242425621, 0.47376409173, 0.00183423701674, 9.68569511315e-05, 2.32197498917e-06, 1.71821330497e-08, 1.37749645024e-10],
        "max": [1.10101632345e-06, 6.54242830933e-06, 0.000203408533707, 0.00142338278238, 0.0146818403155, 0.0116441659629, 0.0197552740574, 0.0260574351996, 0.0144554357976, 0.0636910945177, 0.0379464924335, 0.0639732480049, 0.0903431400657, 0.092016980052, 0.0627511069179, 0.0684681534767, 0.30166849494, 5.13571357727, 297.736419678, 1737.00415039, 83.0652542114, 3.18050503731, 0.988983511925, 35.2817955017, 1627.69384766, 651.435546875, 17.0464096069, 2.90482068062, 72.6588821411, 9.38625812531, 2.41588997841, 5.37823629379, 1.08735227585, 1.65348935127, 2.92570281029, 0.172329753637, 0.0661253109574, 0.00902910809964, 0.000878350751009, 0.000112170069769],
        "mean": [2.86850422526e-07, 8.88516751729e-07, 1.03809015854e-05, 0.000142320321174, 0.00191563402768, 0.00135833094828, 0.0013971462613, 0.00273660314269, 0.00136270734947, 0.00628081243485, 0.00521888770163, 0.00905332434922, 0.0143682081252, 0.0119512043893, 0.012520512566, 0.0118206553161, 0.0279684830457, 0.358761072159, 18.7221832275, 133.03163147, 5.96617794037, 0.25424644351, 0.0729700997472, 1.00509095192, 46.3776893616, 32.7006530762, 0.924836456776, 0.148446694016, 2.74975275993, 0.342600911856, 0.204200834036, 0.310336530209, 0.0382590405643, 0.0662782639265, 0.15770123899, 0.0132707059383, 0.00233581243083, 0.000433748326031, 3.37029196089e-05, 8.0851959865e-06],
        "median": [2.22863448585e-07, 4.9870533303e-07, 2.30116893363e-06, 2.97963342746e-05, 0.000377922144253, 0.00034523467184, 0.000483295851154, 0.00127689086366, 0.000572731078137, 0.0019503365038, 0.00162144459318, 0.00281196343713, 0.00294219818898, 0.00546927843243, 0.00404507154599, 0.00409754365683, 0.0043158531189, 0.00538100721315, 0.0112848356366, 0.0661266520619, 0.00811723060906, 0.00324699468911, 0.00314813666046, 0.0281856991351, 0.575834989548, 0.641262888908, 0.0204146876931, 0.00166546122637, 0.000447377591627, 0.000394931616029, 0.000204759766348, 9.30617825361e-05, 4.77769681311e-05, 3.89168344554e-05, 2.28309909289e-05, 5.37873802386e-06, 2.28917338063e-06, 1.76666458174e-06, 9.50658261445e-07, 2.39369853716e-07],
        "min": [5.97181359918e-10, 4.15843759427e-09, 1.60495545742e-08, 3.50586653042e-08, 3.20052926384e-08, 1.30402773024e-08, 5.21006571219e-09, 1.51913592816e-08, 8.18548500092e-08, 1.66283172121e-07, 2.39630907117e-07, 2.5520009217e-07, 8.97278596312e-07, 1.14093836601e-06, 4.51814258895e-07, 3.63965853012e-07, 2.06767381883e-07, 8.65295533004e-07, 1.45126955431e-06, 5.24789493284e-06, 1.54279041453e-06, 8.4847619064e-07, 1.09549819172e-06, 3.87093405152e-06, 9.42090173339e-06, 4.96618804391e-06, 4.10056372857e-06, 5.57911732812e-07, 2.15473249909e-07, 2.87347830863e-07, 4.81465292523e-07, 2.94841953519e-07, 4.52254397487e-07, 3.42168817724e-07, 4.00736297479e-07, 4.12675404959e-07, 6.30218934816e-08, 3.49956401635e-08, 1.81689099321e-08, 3.48786222126e-09],
        "var": [5.35682609382e-14, 1.50366730785e-12, 6.62209342916e-10, 6.80592435742e-08, 1.00018087323e-05, 4.39837731392e-06, 9.04524949874e-06, 1.59560422617e-05, 4.78833499074e-06, 0.000101761710539, 6.29791466054e-05, 0.000198269000975, 0.000457774411188, 0.000309723865939, 0.00025152991293, 0.000269978831057, 0.00370433763601, 1.0889043808, 3371.54150391, 154525.84375, 305.934814453, 0.503269374371, 0.0236668139696, 17.3441104889, 36105.78125, 9033.19628906, 7.00203180313, 0.204598367214, 116.878105164, 1.76237535477, 0.243245959282, 0.983961224556, 0.0217907074839, 0.0520398020744, 0.178554028273, 0.00101561553311, 8.82192471181e-05, 1.71210592725e-06, 1.26423236324e-08, 3.83940546023e-10]
    },
    "gfcc": {
        "mean": [-411.237854004, -17.5467376709, -153.292419434, 17.8487205505, -44.0037651062, -25.2330551147, -38.1786689758, -3.31931853294, -31.8191127777, 5.08340978622, -16.9510974884, -27.0020389557, 5.20281982422],
        "cov": [[24963.0390625, -7249.77441406, -6128.26123047, 919.40032959, -2099.64208984, 916.876098633, -2664.42871094, -21.6812400818, -114.601142883, 1057.82983398, -1190.22363281, -556.751220703, -22.1136875153], [-7249.77441406, 4477.69140625, 1675.81713867, -716.477172852, 812.411743164, -603.157836914, 631.530761719, -405.731903076, -122.70375061, -756.73828125, 320.959259033, 207.941665649, -99.3627700806], [-6128.26123047, 1675.81713867, 1887.93969727, -291.106536865, 441.917755127, -171.173065186, 662.498901367, 94.3131942749, -5.74923563004, -242.471099854, 358.022827148, 233.226364136, -56.2639312744], [919.40032959, -716.477172852, -291.106536865, 906.371765137, -34.9716262817, -232.979553223, 140.260940552, -88.6301956177, -218.586349487, 80.3984375, 22.1066932678, -251.186538696, 121.390220642], [-2099.64208984, 812.411743164, 441.917755127, -34.9716262817, 460.947296143, -62.8987808228, 140.270645142, -119.717033386, 140.161849976, -102.882713318, -0.452533304691, -68.6648254395, 46.2711334229], [916.876098633, -603.157836914, -171.173065186, -232.979553223, -62.8987808228, 460.879821777, -289.15222168, 49.466796875, 310.278839111, 108.244766235, -177.036712646, 87.4656600952, -14.1377563477], [-2664.42871094, 631.530761719, 662.498901367, 140.260940552, 140.270645142, -289.15222168, 497.04901123, 62.1073799133, -148.417373657, -93.7228164673, 229.992660522, 27.4366111755, 14.6331853867], [-21.6812400818, -405.731903076, 94.3131942749, -88.6301956177, -119.717033386, 49.466796875, 62.1073799133, 252.221511841, -53.4503631592, 92.5615768433, 71.1285018921, 37.5220985413, -18.9865989685], [-114.601142883, -122.70375061, -5.74923563004, -218.586349487, 140.161849976, 310.278839111, -148.417373657, -53.4503631592, 431.980163574, 59.3913459778, -161.078903198, 42.8575019836, 10.4416465759], [1057.82983398, -756.73828125, -242.471099854, 80.3984375, -102.882713318, 108.244766235, -93.7228164673, 92.5615768433, 59.3913459778, 176.673904419, -46.6703338623, -29.0740203857, 28.726682663], [-1190.22363281, 320.959259033, 358.022827148, 22.1066932678, -0.452533304691, -177.036712646, 229.992660522, 71.1285018921, -161.078903198, -46.6703338623, 204.251937866, 40.6367034912, -20.003484726], [-556.751220703, 207.941665649, 233.226364136, -251.186538696, -68.6648254395, 87.4656600952, 27.4366111755, 37.5220985413, 42.8575019836, -29.0740203857, 40.6367034912, 179.364608765, -53.0557327271], [-22.1136875153, -99.3627700806, -56.2639312744, 121.390220642, 46.2711334229, -14.1377563477, 14.6331853867, -18.9865989685, 10.4416465759, 28.726682663, -20.003484726, -53.0557327271, 67.6490097046]],
        "icov": [[0.00061196857132, 0.000202320617973, 0.000944983563386, -0.000635824981146, 0.000542786961887, 0.00103519717231, 0.00217158696614, -0.000487899058498, -8.9211636805e-05, -0.000323003099766, 0.00041395163862, -0.000694659538567, 0.00139102980029], [0.000202320617973, 0.00277734384872, 2.01725542865e-05, 0.00177394424099, -0.0019788260106, 0.00259631918743, 0.00048392478493, 0.00153403286822, -2.48481665039e-05, 0.00635457457975, -0.00057589932112, -0.00167503568809, -0.000977533054538], [0.000944983563386, 2.01725542865e-05, 0.00424951920286, -0.00157223490532, -0.00184029119555, -3.84391642001e-05, 0.00143391627353, -0.00195196259301, 0.000119492418889, 4.49975195806e-05, -0.00154290511273, -0.00395281333476, 0.00349290971644], [-0.000635824981146, 0.00177394424099, -0.00157223490532, 0.0070426040329, 0.000458907830762, -0.00267154839821, -0.00702314591035, 0.00744052557275, 0.00319909490645, 0.000962894468103, -0.00059259403497, 0.00712692784145, -0.00430038152263], [0.000542786961887, -0.0019788260106, -0.00184029119555, 0.000458907830762, 0.0115339625627, -0.000752073014155, 0.000668762309942, 0.00216331728734, -0.00240991148166, -0.00474066007882, 0.00216199387796, 0.010035244748, -0.00177209137473], [0.00103519717231, 0.00259631918743, -3.84391642001e-05, -0.00267154839821, -0.000752073014155, 0.0177879109979, 0.0124196242541, -0.00745488191023, -0.00805986486375, 0.00729609979317, 0.00370795861818, -0.0107695804909, -0.000837334722746], [0.00217158696614, 0.00048392478493, 0.00143391627353, -0.00702314591035, 0.000668762309942, 0.0124196242541, 0.0215895064175, -0.00992451235652, -0.00596220651641, 0.00339179020375, -0.00180791586172, -0.0098265837878, 0.00113688770216], [-0.000487899058498, 0.00153403286822, -0.00195196259301, 0.00744052557275, 0.00216331728734, -0.00745488191023, -0.00992451235652, 0.0175674706697, 0.00647527258843, -0.00637493189424, -0.00236412114464, 0.00990843959153, -6.19268321316e-05], [-8.9211636805e-05, -2.48481665039e-05, 0.000119492418889, 0.00319909490645, -0.00240991148166, -0.00805986486375, -0.00596220651641, 0.00647527258843, 0.0110502783209, -0.00654075527564, 0.00327060348354, 0.00263497070409, 0.00146975950338], [-0.000323003099766, 0.00635457457975, 4.49975195806e-05, 0.000962894468103, -0.00474066007882, 0.00729609979317, 0.00339179020375, -0.00637493189424, -0.00654075527564, 0.0339327864349, -0.00442396802828, -0.00654834136367, -0.0100615760311], [0.00041395163862, -0.00057589932112, -0.00154290511273, -0.00059259403497, 0.00216199387796, 0.00370795861818, -0.00180791586172, -0.00236412114464, 0.00327060348354, -0.00442396802828, 0.0193638559431, -0.00186206225771, 0.0037324486766], [-0.000694659538567, -0.00167503568809, -0.00395281333476, 0.00712692784145, 0.010035244748, -0.0107695804909, -0.0098265837878, 0.00990843959153, 0.00263497070409, -0.00654834136367, -0.00186206225771, 0.0279688052833, 0.000787011755165], [0.00139102980029, -0.000977533054538, 0.00349290971644, -0.00430038152263, -0.00177209137473, -0.000837334722746, 0.00113688770216, -6.19268321316e-05, 0.00146975950338, -0.0100615760311, 0.0037324486766, 0.000787011755165, 0.0309632401913]]
    },
    "melbands": {
        "dmean": [2.39931496893e-09, 4.47017889371e-09, 5.03558155174e-08, 8.84959234781e-08, 3.63113095148e-08, 4.22275299172e-08, 1.1708966241e-08, 5.76347787273e-08, 2.23726779325e-08, 2.62991814992e-08, 3.56445966077e-08, 2.11894004565e-08, 2.3715319486e-08, 1.51096610779e-08, 1.40681422067e-08, 2.45304665469e-08, 4.67399701165e-08, 3.12443802386e-07, 7.94002553448e-05, 2.74245412584e-05, 3.44262076624e-08, 1.84420070326e-08, 1.19382699282e-08, 1.27859118848e-08, 2.36990942426e-08, 8.19572051114e-06, 6.35867036181e-05, 5.07713002662e-06, 1.57065311868e-08, 2.64485744417e-09, 2.95939162065e-09, 1.32804211717e-06, 1.00788486179e-06, 2.52195686556e-09, 2.31873826806e-08, 2.41330440076e-07, 4.01514483883e-08, 7.92447385489e-10, 6.88666901283e-08, 1.75812324699e-08],
        "dmean2": [3.99790600625e-09, 8.04484123762e-09, 7.74692097139e-08, 1.33463387897e-07, 6.46658335768e-08, 6.72545255043e-08, 1.84184241192e-08, 9.24272143266e-08, 3.677298821e-08, 3.21792832381e-08, 5.46234133481e-08, 3.09141405808e-08, 4.00387776267e-08, 2.49043043965e-08, 2.36844073243e-08, 4.31819202618e-08, 7.03796985135e-08, 5.51530149551e-07, 0.000120117423648, 4.35993315477e-05, 6.06890608879e-08, 2.78325273939e-08, 1.98097609427e-08, 2.16887148241e-08, 3.61255523273e-08, 1.12245588753e-05, 9.34366835281e-05, 7.34504010325e-06, 2.77097722545e-08, 3.9844167965e-09, 4.38297931282e-09, 2.3520619834e-06, 1.77793185685e-06, 4.12189748999e-09, 4.1308251042e-08, 3.83771663337e-07, 5.60995125909e-08, 1.2331677901e-09, 9.92858915083e-08, 2.6571697731e-08],
        "dvar": [5.18408937779e-18, 1.12784223637e-16, 9.17729451054e-15, 2.70838378309e-14, 6.86063610639e-15, 5.25630361177e-15, 5.41785354712e-16, 1.25962837098e-14, 1.36172341205e-15, 1.60252312637e-15, 3.25125105298e-15, 1.33137591561e-15, 1.16041142082e-15, 5.24472318907e-16, 4.73813766491e-16, 2.53119745013e-15, 1.42702130901e-14, 1.29954055329e-12, 6.81938274738e-08, 1.02925081791e-08, 7.99586904934e-15, 3.43426374442e-15, 5.0248413769e-16, 6.82527502194e-16, 4.12171737848e-15, 1.47075718271e-09, 5.35930553269e-08, 3.73915370888e-10, 2.96108467031e-15, 3.43119944392e-17, 6.39394136066e-17, 2.74768575947e-11, 1.56847607818e-11, 2.42829919948e-17, 5.37787232146e-15, 4.20408797835e-13, 2.58747643672e-14, 6.49263409934e-18, 9.19328293505e-14, 5.49339279239e-15],
        "dvar2": [1.27292028595e-17, 2.96372725428e-16, 1.97172244759e-14, 6.19449966582e-14, 1.39934772618e-14, 1.03092032727e-14, 1.33789086953e-15, 2.88023626488e-14, 3.3058749372e-15, 3.17511719058e-15, 7.42447248158e-15, 2.12413480326e-15, 3.21389202957e-15, 1.55467815271e-15, 1.2159816526e-15, 7.81968958444e-15, 3.09625236691e-14, 3.44358244177e-12, 1.41411007348e-07, 2.61583696926e-08, 1.53591400123e-14, 7.57823267843e-15, 1.38648430268e-15, 1.61660240214e-15, 9.98162175066e-15, 3.17374593273e-09, 1.26155157432e-07, 5.77631498189e-10, 7.81835042535e-15, 7.74936149762e-17, 1.57062050392e-16, 9.27127333239e-11, 5.25342963575e-11, 5.51748328291e-17, 1.5434586931e-14, 7.14149388497e-13, 3.47307767398e-14, 1.46255822426e-17, 1.62651183212e-13, 9.08689237815e-15],
        "max": [1.17228911023e-08, 7.69984040971e-08, 5.5495019069e-07, 9.26784366584e-07, 5.58954980079e-07, 6.29308146927e-07, 2.01566336955e-07, 8.52383323036e-07, 2.70775814215e-07, 3.9402206653e-07, 4.39534744601e-07, 3.83099092005e-07, 1.92527792819e-07, 1.54845537281e-07, 1.56753458214e-07, 3.41911743362e-07, 1.25249198391e-06, 1.18965162983e-05, 0.00304928561673, 0.000971304427367, 9.45892963955e-07, 5.9380181483e-07, 1.70129311527e-07, 2.12765755236e-07, 5.5449379488e-07, 0.000344506843248, 0.0021418731194, 0.000187662226381, 4.35504006191e-07, 4.31136157886e-08, 6.77212810274e-08, 3.54372205038e-05, 2.9092112527e-05, 3.25356594999e-08, 5.53114318791e-07, 6.07240599493e-06, 1.64475272868e-06, 2.46990286001e-08, 2.90129059977e-06, 7.17403054296e-07],
        "mean": [3.09517811381e-09, 3.48601547628e-09, 6.6806755683e-08, 1.48757195007e-07, 4.17232328687e-08, 6.23131697353e-08, 1.98568699261e-08, 8.03786974757e-08, 3.9933404139e-08, 6.22044069587e-08, 7.00960498534e-08, 4.68398049236e-08, 3.88329972623e-08, 2.98847098179e-08, 2.744699934e-08, 3.43992425655e-08, 7.71860939608e-08, 4.85038185616e-07, 0.000207930788747, 6.59409924992e-05, 6.79788811908e-08, 3.31677512122e-08, 2.17669295921e-08, 2.4229500184e-08, 3.33618430659e-08, 7.46630757931e-06, 7.26660218788e-05, 7.95872711024e-06, 1.71531446824e-08, 5.64462698804e-09, 4.79568784684e-09, 1.36916207794e-06, 1.03998854684e-06, 3.9165408694e-09, 2.64873296629e-08, 4.00880395546e-07, 8.44585343884e-08, 1.464760091e-09, 8.80555148797e-08, 2.81877241548e-08],
        "median": [2.32820185353e-09, 9.11009268023e-10, 1.20144720839e-08, 3.45387825007e-08, 1.4491833511e-08, 2.96428375179e-08, 1.01667243513e-08, 2.35651445024e-08, 1.24276287039e-08, 1.73284515625e-08, 1.16765903613e-08, 2.03140384514e-08, 1.21434515776e-08, 9.18151510376e-09, 6.84736267687e-09, 6.87528345367e-09, 9.81547731982e-09, 7.51515649711e-09, 9.00602827869e-08, 4.04342372917e-08, 3.0678153351e-09, 2.59194332664e-09, 2.55517451642e-09, 1.66255209599e-09, 2.23325735682e-09, 5.15550127034e-08, 1.30220576011e-06, 1.96716190004e-08, 4.89195406406e-10, 2.69995775737e-10, 2.35066938137e-10, 1.92078672412e-10, 1.24890986442e-10, 2.75342387779e-10, 6.5266528293e-11, 5.87562012933e-11, 5.19507839525e-11, 3.10821993144e-11, 2.40224333481e-11, 2.92111231037e-11],
        "min": [5.6097513787e-12, 7.57140444091e-12, 6.1257930152e-12, 1.58544184725e-12, 2.19101524575e-13, 3.23930769361e-13, 1.38738228805e-12, 1.90873618994e-12, 1.9632253722e-12, 1.57861484301e-12, 4.77352012085e-12, 5.06428709732e-12, 1.5373880554e-12, 1.09810066855e-12, 5.5233546686e-13, 6.06733413511e-13, 1.74335079792e-12, 1.99861134587e-12, 5.51785960673e-12, 5.22747340206e-12, 1.44099510969e-12, 9.05392731274e-13, 6.03021701583e-13, 1.31725413997e-12, 2.33085729537e-12, 5.73874064588e-12, 5.19240293123e-12, 2.92628703387e-12, 2.10351506179e-12, 7.68381343795e-13, 1.64786397418e-13, 1.16404919016e-13, 1.11988184297e-13, 1.79153228168e-13, 2.66594824558e-13, 2.34153787939e-13, 1.85718316268e-13, 3.01686735489e-13, 3.35291364985e-13, 2.46234781696e-13],
        "var": [6.41349773013e-18, 8.63462607104e-17, 1.32180152105e-14, 5.22469776319e-14, 7.99059203407e-15, 8.93312371097e-15, 8.83883750899e-16, 1.80516951213e-14, 3.44225041808e-15, 9.09380077886e-15, 1.11521848613e-14, 5.24166137673e-15, 2.5136416335e-15, 1.47259017809e-15, 1.59947645474e-15, 4.3440241401e-15, 3.28620018296e-14, 3.00054252278e-12, 3.9617452785e-07, 3.74394488745e-08, 2.94195108541e-14, 6.57127736963e-15, 1.45534141091e-15, 1.69702998043e-15, 5.43074920022e-15, 1.63871050063e-09, 6.48006661663e-08, 8.4291479352e-10, 2.52508780148e-15, 9.64211551352e-17, 1.02694962739e-16, 2.8939524388e-11, 1.69767411934e-11, 5.20441527339e-17, 5.35595915559e-15, 1.27677707816e-12, 9.52270556788e-14, 1.4045851056e-17, 1.45834109762e-13, 1.07267591755e-14]
    },
    "mfcc": {
        "mean": [-1016.5411377, 14.6862802505, -29.7378463745, 8.39295196533, -1.21983706951, -9.55548000336, -2.94748663902, -17.1770858765, -8.11323547363, 22.258058548, -21.4275093079, -29.0146160126, 15.9259748459],
        "cov": [[9565.44433594, -974.914733887, -2642.04858398, -399.008972168, -239.774261475, -350.094360352, -890.258789062, -939.821594238, -2.92647027969, 1327.07275391, -815.934204102, -1187.49206543, 855.476989746], [-974.914733887, 1076.83728027, 378.083435059, -23.1772994995, 18.4655590057, -17.3637008667, 38.261631012, 94.2600250244, -173.399734497, -331.653137207, 8.99643993378, 114.820259094, -329.122436523], [-2642.04858398, 378.083435059, 940.990356445, 113.346328735, 18.1536121368, 61.6544876099, 238.528015137, 258.938812256, -30.1828918457, -466.592529297, 257.047729492, 364.264801025, -319.119995117], [-399.008972168, -23.1772994995, 113.346328735, 443.32131958, 48.7177085876, -63.0042037964, 243.834609985, -46.7327346802, -195.110519409, 112.493400574, -167.63671875, -130.98991394, 113.443466187], [-239.774261475, 18.4655590057, 18.1536121368, 48.7177085876, 194.627212524, 142.441452026, -43.2911643982, -39.2463340759, 108.461608887, -48.7448768616, 14.2532835007, -41.1395263672, -41.9904594421], [-350.094360352, -17.3637008667, 61.6544876099, -63.0042037964, 142.441452026, 162.78894043, -77.5619430542, -2.41628694534, 145.753036499, -110.843551636, 89.5203933716, 51.3573989868, -79.6456451416], [-890.258789062, 38.261631012, 238.528015137, 243.834609985, -43.2911643982, -77.5619430542, 258.223449707, 81.3451690674, -163.752365112, -9.64052867889, -37.2625198364, 44.4081459045, 23.2715015411], [-939.821594238, 94.2600250244, 258.938812256, -46.7327346802, -39.2463340759, -2.41628694534, 81.3451690674, 191.491043091, 1.35633969307, -141.164138794, 132.800170898, 193.1484375, -118.703384399], [-2.92647027969, -173.399734497, -30.1828918457, -195.110519409, 108.461608887, 145.753036499, -163.752365112, 1.35633969307, 263.749847412, -75.9835739136, 146.179504395, 50.0025215149, -53.1436576843], [1327.07275391, -331.653137207, -466.592529297, 112.493400574, -48.7448768616, -110.843551636, -9.64052867889, -141.164138794, -75.9835739136, 421.788970947, -222.945175171, -264.145721436, 294.016143799], [-815.934204102, 8.99643993378, 257.047729492, -167.63671875, 14.2532835007, 89.5203933716, -37.2625198364, 132.800170898, 146.179504395, -222.945175171, 239.783660889, 239.26890564, -164.900283813], [-1187.49206543, 114.820259094, 364.264801025, -130.98991394, -41.1395263672, 51.3573989868, 44.4081459045, 193.1484375, 50.0025215149, -264.145721436, 239.26890564, 328.524841309, -197.457458496], [855.476989746, -329.122436523, -319.119995117, 113.443466187, -41.9904594421, -79.6456451416, 23.2715015411, -118.703384399, -53.1436576843, 294.016143799, -164.900283813, -197.457458496, 256.59564209]],
