{
"lowlevel": {
    "average_loudness": 0.914820849895,
    "barkbands_crest": {
        "dmean": 3.60944056511,
        "dmean2": 5.87818717957,
        "dvar": 7.74432277679,
        "dvar2": 20.7431049347,
        "max": 21.8182373047,
        "mean": 10.9511165619,
        "median": 9.98435783386,
        "min": 2.75789499283,
        "var": 19.0372428894
    },
    "barkbands_flatness_db": {
        "dmean": 0.0254302732646,
        "dmean2": 0.0366768948734,
        "dvar": 0.000375891162548,
        "dvar2": 0.000781557231676,
        "max": 0.311555713415,
        "mean": 0.127734199166,
        "median": 0.114788174629,
        "min": 0.0254708770663,
        "var": 0.00390329072252
    },
    "barkbands_kurtosis": {
        "dmean": 8.17161560059,
        "dmean2": 12.1780490875,
        "dvar": 233.610305786,
        "dvar2": 453.006286621,
        "max": 200.285812378,
        "mean": 15.5536956787,
        "median": 4.19928407669,
        "min": -1.83337891102,
        "var": 907.753356934
    },
    "barkbands_skewness": {
        "dmean": 0.78433483839,
        "dmean2": 1.14235901833,
        "dvar": 0.51891374588,
        "dvar2": 1.08435809612,
        "max": 11.578915596,
        "mean": 2.66848230362,
        "median": 2.17765760422,
        "min": -0.080833889544,
        "var": 4.58562612534
    },
    "barkbands_spread": {
        "dmean": 12.2112913132,
        "dmean2": 18.6739845276,
        "dvar": 169.22265625,
        "dvar2": 333.497375488,
        "max": 125.007820129,
        "mean": 47.7425956726,
        "median": 43.7410125732,
        "min": 1.3099912405,
        "var": 1344.4197998
    },
    "dissonance": {
        "dmean": 0.0252381879836,
        "dmean2": 0.0426903963089,
        "dvar": 0.000735019682907,
        "dvar2": 0.00190650904551,
        "max": 0.500000059605,
        "mean": 0.448991268873,
        "median": 0.466128349304,
        "min": 0.24865141511,
        "var": 0.00220065028407
    },
    "dynamic_complexity": 6.85838747025,
    "erbbands_crest": {
        "dmean": 3.3934879303,
        "dmean2": 5.64209413528,
        "dvar": 7.99503707886,
        "dvar2": 20.3897819519,
        "max": 28.4409065247,
        "mean": 10.2445526123,
        "median": 8.45980834961,
        "min": 2.92943453789,
        "var": 35.3283996582
    },
    "erbbands_flatness_db": {
        "dmean": 0.0229245387018,
        "dmean2": 0.0350555628538,
        "dvar": 0.000450018414995,
        "dvar2": 0.000818181608338,
        "max": 0.29057186842,
        "mean": 0.117949679494,
        "median": 0.0981349647045,
        "min": 0.0330966040492,
        "var": 0.00423359964043
    },
    "erbbands_kurtosis": {
        "dmean": 4.12672424316,
        "dmean2": 6.09655618668,
        "dvar": 65.6162643433,
        "dvar2": 142.466171265,
        "max": 92.8611907959,
        "mean": 6.22366285324,
        "median": 2.21968507767,
        "min": -0.993778467178,
        "var": 155.779815674
    },
    "erbbands_skewness": {
        "dmean": 0.597145140171,
        "dmean2": 0.911495506763,
        "dvar": 0.365755438805,
        "dvar2": 0.860266089439,
        "max": 7.84680509567,
        "mean": 1.69011485577,
        "median": 1.34196722507,
        "min": -0.656346380711,
        "var": 1.92080235481
    },
    "erbbands_spread": {
        "dmean": 8.24764728546,
        "dmean2": 13.0179405212,
        "dvar": 68.7380828857,
        "dvar2": 150.515426636,
        "max": 82.4440002441,
        "mean": 37.0057373047,
        "median": 36.435836792,
        "min": 2.50058698654,
        "var": 494.510375977
    },
    "hfc": {
        "dmean": 1.99294674397,
        "dmean2": 2.92513847351,
        "dvar": 11.718793869,
        "dvar2": 20.0634155273,
        "max": 43.6434440613,
        "mean": 9.11697006226,
        "median": 5.95953655243,
        "min": 2.92338275909,
        "var": 57.2635688782
    },
    "melbands_crest": {
        "dmean": 4.12755298615,
        "dmean2": 6.76587963104,
        "dvar": 10.9131708145,
        "dvar2": 26.8389511108,
        "max": 32.4113235474,
        "mean": 14.5987329483,
        "median": 13.611538887,
        "min": 5.25539255142,
        "var": 35.826675415
    },
    "melbands_flatness_db": {
        "dmean": 0.0285902861506,
        "dmean2": 0.0416299588978,
        "dvar": 0.000501226284541,
        "dvar2": 0.000938352488447,
        "max": 0.443109065294,
        "mean": 0.215713590384,
        "median": 0.205999612808,
        "min": 0.0648253336549,
        "var": 0.00687085045502
    },
    "melbands_kurtosis": {
        "dmean": 11.1220703125,
        "dmean2": 17.59441185,
        "dvar": 266.077270508,
        "dvar2": 642.488464355,
        "max": 227.727172852,
        "mean": 22.2152481079,
        "median": 15.7224674225,
        "min": -0.394996881485,
        "var": 563.862487793
    },
    "melbands_skewness": {
        "dmean": 0.761743426323,
        "dmean2": 1.25304853916,
        "dvar": 0.452971160412,
        "dvar2": 1.17609024048,
        "max": 7.90542888641,
        "mean": 2.86802220345,
        "median": 2.71677851677,
        "min": 0.669207036495,
        "var": 1.26274573803
    },
    "melbands_spread": {
        "dmean": 4.70607995987,
        "dmean2": 7.32234859467,
        "dvar": 26.1453399658,
        "dvar2": 65.7902908325,
        "max": 70.1154937744,
        "mean": 13.9106054306,
        "median": 9.65187263489,
        "min": 0.618956148624,
        "var": 147.640441895
    },
    "pitch_salience": {
        "dmean": 0.0991346091032,
        "dmean2": 0.155926600099,
        "dvar": 0.00573027180508,
        "dvar2": 0.0124994805083,
        "max": 0.811115562916,
        "mean": 0.622182011604,
        "median": 0.641959309578,
        "min": 0.237153545022,
        "var": 0.0139916529879
    },
    "silence_rate_20dB": {
        "dmean": 0,
        "dmean2": 0,
        "dvar": 0,
        "dvar2": 0,
        "max": 1,
        "mean": 1,
        "median": 1,
        "min": 1,
        "var": 0
    },
    "silence_rate_30dB": {
        "dmean": 0,
        "dmean2": 0,
        "dvar": 0,
        "dvar2": 0,
        "max": 1,
        "mean": 1,
        "median": 1,
        "min": 1,
        "var": 0
    },
    "silence_rate_60dB": {
        "dmean": 0.0608695633709,
        "dmean2": 0.122270740569,
        "dvar": 0.0571643896401,
        "dvar2": 0.107320375741,
        "max": 1,
        "mean": 0.554112553596,
        "median": 1,
        "min": 0,
        "var": 0.247071787715
    },
    "spectral_centroid": {
        "dmean": 195.367202759,
        "dmean2": 286.411346436,
        "dvar": 40966.859375,
        "dvar2": 96680.4296875,
        "max": 2796.15625,
        "mean": 866.58190918,
        "median": 667.743286133,
        "min": 284.408966064,
        "var": 270559.4375
    },
    "spectral_complexity": {
        "dmean": 1.56521737576,
        "dmean2": 2.50218343735,
        "dvar": 2.18487143517,
        "dvar2": 4.82641458511,
        "max": 20,
        "mean": 5.22510814667,
        "median": 4,
        "min": 0,
        "var": 17.8627624512
    },
    "spectral_decrease": {
        "dmean": 1.33370436917e-09,
        "dmean2": 1.97690797066e-09,
        "dvar": 7.62472258466e-18,
        "dvar2": 1.4256790384e-17,
        "max": -2.84986877847e-12,
        "mean": -2.91317059364e-09,
        "median": -4.76330030974e-10,
        "min": -2.66118611592e-08,
        "var": 2.96230384189e-17
    },
    "spectral_energy": {
        "dmean": 0.00518640689552,
        "dmean2": 0.00768049433827,
        "dvar": 0.000115066832223,
        "dvar2": 0.000214720494114,
        "max": 0.10344491899,
        "mean": 0.0118219219148,
        "median": 0.00226677628234,
        "min": 0.00049530249089,
        "var": 0.000449656829005
    },
    "spectral_energyband_high": {
        "dmean": 1.73306671059e-05,
        "dmean2": 2.82782857539e-05,
        "dvar": 2.59366861322e-10,
        "dvar2": 6.67883137684e-10,
        "max": 0.000304940447677,
        "mean": 0.000166199461091,
        "median": 0.000161283212947,
        "min": 8.92584503163e-05,
        "var": 6.5552152595e-10
    },
    "spectral_energyband_low": {
        "dmean": 0.00040013846592,
        "dmean2": 0.000535738363396,
        "dvar": 5.7260479025e-07,
        "dvar2": 8.15222051642e-07,
        "max": 0.011589307338,
        "mean": 0.000817892665509,
        "median": 0.000258010200923,
        "min": 2.00183167181e-05,
        "var": 2.83527629108e-06
    },
    "spectral_energyband_middle_high": {
        "dmean": 0.000170848783455,
        "dmean2": 0.000279277766822,
        "dvar": 1.5875903614e-07,
        "dvar2": 3.83119072467e-07,
        "max": 0.0052562309429,
        "mean": 0.000388619373553,
        "median": 0.000122757584904,
        "min": 1.65482051671e-05,
        "var": 6.80488199123e-07
    },
    "spectral_energyband_middle_low": {
        "dmean": 0.00500368000939,
        "dmean2": 0.00743587780744,
        "dvar": 0.00011371599976,
        "dvar2": 0.000215235399082,
        "max": 0.10071631521,
        "mean": 0.0104982070625,
        "median": 0.0013781246962,
        "min": 8.59191204654e-05,
        "var": 0.000410149776144
    },
    "spectral_entropy": {
        "dmean": 0.224667534232,
        "dmean2": 0.335124671459,
        "dvar": 0.0504856817424,
        "dvar2": 0.0848493874073,
        "max": 8.41525173187,
        "mean": 7.49450159073,
        "median": 7.68918466568,
        "min": 5.2772192955,
        "var": 0.552760004997
    },
    "spectral_flux": {
        "dmean": 0.015034109354,
        "dmean2": 0.0244561806321,
        "dvar": 0.00055881193839,
        "dvar2": 0.00144052272663,
        "max": 0.254388183355,
        "mean": 0.0481273718178,
        "median": 0.0310657098889,
        "min": 0.013420141302,
        "var": 0.00161451206077
    },
    "spectral_kurtosis": {
        "dmean": 1.69636583328,
        "dmean2": 2.33991527557,
        "dvar": 6.57759809494,
        "dvar2": 11.973323822,
        "max": 36.9872169495,
        "mean": 9.96411037445,
        "median": 7.4505033493,
        "min": 3.58284235001,
        "var": 31.8021068573
    },
    "spectral_rms": {
        "dmean": 0.00058782211272,
        "dmean2": 0.000824171234854,
        "dvar": 7.19142406069e-07,
        "dvar2": 1.24774180676e-06,
        "max": 0.0100459875539,
        "mean": 0.00254720146768,
        "median": 0.00148710759822,
        "min": 0.000695141672622,
        "var": 5.04534182255e-06
    },
    "spectral_rolloff": {
        "dmean": 2566.66308594,
        "dmean2": 4395.12548828,
        "dvar": 24589292,
        "dvar2": 49889552,
        "max": 20930.2734375,
        "mean": 7936.9921875,
        "median": 1119.7265625,
        "min": 301.46484375,
        "var": 76572920
    },
    "spectral_skewness": {
        "dmean": 0.210290789604,
        "dmean2": 0.295061379671,
        "dvar": 0.0656999126077,
        "dvar2": 0.109652906656,
        "max": 5.15065765381,
        "mean": 2.57366943359,
        "median": 2.29701709747,
        "min": 1.66638934612,
        "var": 0.448705732822
    },
    "spectral_spread": {
        "dmean": 697927.25,
        "dmean2": 959913.5625,
        "dvar": 477730045952,
        "dvar2": 755020791808,
        "max": 14023543,
        "mean": 7249773.5,
        "median": 7474736,
        "min": 2517792,
        "var": 5.32854131917e+12
    },
    "spectral_strongpeak": {
        "dmean": 0.236858844757,
        "dmean2": 0.364381283522,
        "dvar": 0.109356462955,
        "dvar2": 0.233631327748,
        "max": 3.79678702354,
        "mean": 0.511599779129,
        "median": 0.195431739092,
        "min": 0,
        "var": 0.540411829948
    },
    "zerocrossingrate": {
        "dmean": 0.0382939875126,
        "dmean2": 0.0457896925509,
        "dvar": 0.0013629400637,
        "dvar2": 0.00173534953501,
        "max": 0.45703125,
        "mean": 0.186240196228,
        "median": 0.17626953125,
        "min": 0.021484375,
        "var": 0.0118148494512
    },
    "barkbands": {
        "dmean": [0.000312387186568, 2.9087303119e-05, 0.000159369519679, 0.000293459161185, 0.00318052899092, 0.00184296513908, 0.000691124296281, 0.000440836127382, 0.000492919643875, 0.000125040853163, 3.56618511432e-05, 3.17386766255e-05, 1.53393466462e-05, 1.6932386643e-05, 1.66642403201e-05, 7.10739777787e-06, 7.35749017622e-06, 6.38923256702e-06, 6.28835459793e-06, 3.29391946252e-06, 1.78594541467e-06, 1.22328299312e-06, 1.34011190767e-06, 1.90766559172e-06, 2.22773928726e-06, 1.82768360446e-06, 1.66453191923e-05],
        "dmean2": [0.000521945999935, 4.98187328049e-05, 0.000222529284656, 0.000393934315071, 0.00505345407873, 0.00297615886666, 0.00113864045125, 0.000644727435429, 0.000652658869512, 0.000219016277697, 5.8335626818e-05, 4.69023034384e-05, 2.65138969553e-05, 2.5211224056e-05, 2.6861733204e-05, 1.11447952804e-05, 1.20533568406e-05, 1.00973265944e-05, 9.7820911833e-06, 5.35108711119e-06, 2.80860012936e-06, 1.97663484869e-06, 2.29542911256e-06, 3.20825961353e-06, 3.74361070499e-06, 3.01634759126e-06, 2.69921056315e-05],
        "dvar": [1.07294255258e-07, 9.68490510012e-10, 1.08239476049e-07, 5.53230677269e-07, 6.28804336884e-05, 1.20395807244e-05, 4.65564562546e-06, 1.1960644315e-06, 2.25355188377e-06, 1.11085981302e-07, 9.75275771253e-09, 6.83471679253e-09, 2.20107998494e-09, 1.62428714923e-09, 1.2501781832e-09, 1.72266687026e-10, 1.48099074671e-10, 6.99469579479e-11, 2.49557180476e-10, 2.76811785299e-11, 4.7247466356e-12, 2.5399894861e-12, 3.75142538561e-12, 1.63675895754e-11, 1.76199853319e-11, 2.46096892864e-12, 1.79818993029e-10],
        "dvar2": [2.32532727296e-07, 2.50639775601e-09, 1.77795556056e-07, 1.00399870462e-06, 0.000122672514408, 3.21898151014e-05, 1.11295230454e-05, 2.44526586357e-06, 3.11212852466e-06, 3.39699965934e-07, 1.95434566308e-08, 1.38304070418e-08, 6.64225519031e-09, 3.41115513613e-09, 3.23044679895e-09, 3.2354643964e-10, 3.99398625284e-10, 1.8360267473e-10, 5.98807725627e-10, 7.29330484894e-11, 1.18536213831e-11, 5.77288087125e-12, 1.00556403482e-11, 4.48622181071e-11, 4.65473007361e-11, 6.70608187037e-12, 4.58515142521e-10],
        "max": [0.00208302470855, 0.000370943249436, 0.00377698708326, 0.00922131631523, 0.0810351148248, 0.0276234149933, 0.0286820679903, 0.0133187631145, 0.0274668112397, 0.00274148420431, 0.00136304670013, 0.00124145532027, 0.000626770022791, 0.000578850391321, 0.000392879534047, 0.000206769254874, 0.000101223071397, 6.58348653815e-05, 0.000209214515053, 5.06231990585e-05, 3.14176249958e-05, 2.18294298975e-05, 1.81646155397e-05, 5.18871238455e-05, 5.12228398293e-05, 2.20445854211e-05, 0.000187661935342],
        "mean": [0.000313892465783, 4.0876588173e-05, 0.000330906012096, 0.000445425277576, 0.00506392400712, 0.00258112605661, 0.000950566784013, 0.000559627078474, 0.000840542546939, 0.000164323326317, 6.91441382514e-05, 4.82628202008e-05, 2.61037239397e-05, 2.83930021396e-05, 2.41108209593e-05, 1.52025504576e-05, 1.39435269375e-05, 1.26447730509e-05, 1.18692832984e-05, 7.52228470446e-06, 5.07200729771e-06, 3.90469767808e-06, 4.01524948757e-06, 6.25053735348e-06, 8.10885649116e-06, 1.21117755043e-05, 0.000147005557665],
        "median": [0.000172987580299, 3.07259033434e-05, 5.49397300347e-05, 5.70068841625e-05, 0.000347859662725, 0.000339504040312, 0.000153410466737, 7.19691306585e-05, 4.164922575e-05, 2.12203394767e-05, 1.02191479527e-05, 1.01443356471e-05, 7.97296888777e-06, 8.02997692517e-06, 9.75353577815e-06, 7.65580261941e-06, 8.60183445184e-06, 8.30317731015e-06, 7.48035654397e-06, 4.86057842863e-06, 3.70189241039e-06, 2.90352500087e-06, 3.18115280606e-06, 4.95832591696e-06, 6.20765922577e-06, 1.17564222819e-05, 0.00014716910664],
        "min": [1.58026097097e-07, 2.80604490399e-06, 8.32300486309e-07, 1.64263406077e-06, 3.04479931401e-06, 5.37218193131e-06, 5.76375623496e-06, 2.8209813081e-06, 2.94238907372e-06, 1.55650468514e-06, 6.47771230433e-07, 5.59068212169e-07, 6.67179449465e-07, 5.21581000612e-07, 9.34815375331e-07, 7.33300169031e-07, 8.74443912835e-07, 6.67893345963e-07, 1.00561237559e-06, 1.11657698199e-06, 1.22044900763e-06, 1.09250402147e-06, 1.38773509661e-06, 2.71872136182e-06, 3.39605890076e-06, 7.12987684892e-06, 7.72106359364e-05],
        "var": [1.36050402944e-07, 1.45519063466e-09, 5.12626286309e-07, 1.60918773418e-06, 0.000161947711604, 2.14967640204e-05, 6.99885822542e-06, 2.01777857001e-06, 9.40575864661e-06, 1.7173248068e-07, 3.88145480201e-08, 1.50916772412e-08, 4.24022017498e-09, 4.15469880721e-09, 1.9413242125e-09, 7.13042014322e-10, 2.7709112782e-10, 1.68723451877e-10, 3.00592911673e-10, 6.19467394047e-11, 1.78891537e-11, 9.23076112075e-12, 6.2894836908e-12, 1.87815995395e-11, 2.92014329384e-11, 4.64970423275e-12, 2.65605037963e-10]
    },
    "erbbands": {
        "dmean": [0.00194226799067, 0.00615863641724, 0.106072515249, 0.763384282589, 1.35853123665, 11.2367801666, 27.0625629425, 11.1313095093, 11.935801506, 8.90653896332, 9.25014209747, 10.7921209335, 5.30687332153, 3.42290043831, 1.3611689806, 1.20959734917, 0.627180695534, 0.797077536583, 1.0844399929, 0.425333201885, 0.372142195702, 0.37928172946, 0.328124642372, 0.350718230009, 0.26261100173, 0.150672659278, 0.0872833356261, 0.0666394084692, 0.0492152050138, 0.0354907773435, 0.0398709960282, 0.0405660755932, 0.0355464890599, 0.0270092878491, 0.016598623246, 0.00713571207598, 0.00359216844663, 0.00364511343651, 0.00228271540254, 0.000390264467569],
        "dmean2": [0.00337921688333, 0.00972733646631, 0.150604188442, 0.98615115881, 2.01636385918, 17.988407135, 44.6603622437, 18.4711418152, 19.6980438232, 14.1286258698, 14.2034273148, 16.5844097137, 8.35975933075, 6.13869047165, 2.10772848129, 1.71946322918, 1.00911331177, 1.27081406116, 1.73137366772, 0.652250945568, 0.603038132191, 0.59710162878, 0.520231902599, 0.539937317371, 0.415850132704, 0.24283644557, 0.138379767537, 0.111101552844, 0.0786781087518, 0.0585465244949, 0.0698138996959, 0.0693527087569, 0.0578133761883, 0.0447563156486, 0.0274861808866, 0.0120244147256, 0.00612625060603, 0.00585574191064, 0.00391331827268, 0.000631440139841],
        "dvar": [4.05156743e-06, 8.4487721324e-05, 0.0465588718653, 3.19128918648, 22.1324977875, 908.847167969, 4626.23974609, 482.563293457, 1434.84216309, 1121.00695801, 598.657958984, 1586.2376709, 231.890823364, 106.779998779, 21.6360778809, 10.9563016891, 2.3512403965, 4.92040920258, 5.2342338562, 0.527449607849, 0.447645545006, 0.424035489559, 0.166413038969, 0.4121786654, 0.459522724152, 0.0559767000377, 0.0110237421468, 0.00843877159059, 0.00497224694118, 0.00190510891844, 0.00284554320388, 0.00562002370134, 0.00530770234764, 0.00174568069633, 0.000767652643844, 0.000134812464239, 7.42514521335e-06, 7.74159070716e-06, 3.42657358487e-06, 8.78454216036e-08],
        "dvar2": [1.16122228064e-05, 0.000178533708095, 0.0742003023624, 4.97616815567, 52.0933647156, 1733.89562988, 9968.14160156, 1366.89660645, 3677.97387695, 2547.41381836, 1288.53503418, 2390.44702148, 554.728759766, 345.920013428, 36.6779937744, 20.9770259857, 6.70747804642, 12.3825149536, 12.764298439, 1.10913848877, 0.878900468349, 1.1361784935, 0.381070524454, 0.960382282734, 1.16963779926, 0.131677910686, 0.0284892562777, 0.0195442903787, 0.0124749420211, 0.00429776264355, 0.00766544090584, 0.0157668571919, 0.0146027300507, 0.00462676538154, 0.00196312507614, 0.000359440746251, 2.02240189537e-05, 2.1029574782e-05, 1.00126162579e-05, 2.36416653365e-07],
        "max": [0.0114210508764, 0.149604260921, 2.46788334846, 25.7886199951, 59.2573318481, 307.716949463, 710.585632324, 199.772476196, 510.029418945, 442.363922119, 369.244567871, 663.768798828, 123.701759338, 100.416931152, 75.0977401733, 51.95703125, 20.6900100708, 31.5888748169, 27.1012306213, 6.94642448425, 9.33555793762, 5.89063596725, 3.90343236923, 7.92831134796, 8.84053516388, 2.64625573158, 1.4293358326, 1.11862814426, 0.91238117218, 0.446856200695, 0.468479841948, 0.810651004314, 0.963768064976, 0.445943713188, 0.351040571928, 0.149736225605, 0.034751933068, 0.0373172834516, 0.0218088142574, 0.00397412013263],
        "mean": [0.00248144962825, 0.0107281226665, 0.225998401642, 1.36431467533, 1.95434761047, 17.7263393402, 39.7550163269, 17.0406303406, 16.5811290741, 11.266705513, 14.3100166321, 18.3563613892, 7.03467655182, 4.50088596344, 2.99899959564, 1.97250139713, 1.1851195097, 1.39123249054, 1.61441385746, 0.828863680363, 0.861731529236, 0.754461884499, 0.707371413708, 0.629545032978, 0.533662736416, 0.356846123934, 0.240754634142, 0.181492134929, 0.14421236515, 0.11758954078, 0.117019481957, 0.11937277019, 0.110777325928, 0.0925469473004, 0.055562004447, 0.0274729523808, 0.0231099519879, 0.0262065287679, 0.0161925647408, 0.00291749625467],
        "median": [0.00178187666461, 0.00592048326507, 0.0432319045067, 0.198627278209, 0.240762829781, 1.1856276989, 3.73955202103, 2.29213166237, 2.43588614464, 1.8496171236, 1.53279840946, 0.959615528584, 0.839310824871, 0.606350243092, 0.407975405455, 0.448794811964, 0.391919583082, 0.39574944973, 0.609578311443, 0.39071303606, 0.47316801548, 0.449140101671, 0.47954210639, 0.397160887718, 0.340463221073, 0.23906826973, 0.176572963595, 0.128451153636, 0.105429090559, 0.0944707021117, 0.094048038125, 0.0935179442167, 0.0880317837, 0.0719684138894, 0.0436861030757, 0.0236885175109, 0.0229164641351, 0.026037985459, 0.0160092804581, 0.00292763230391],
        "min": [0.000216088024899, 0.000369877176126, 0.00176002038643, 0.00455284444615, 0.00525157246739, 0.00748844165355, 0.0143680321053, 0.0555358305573, 0.109889894724, 0.119230106473, 0.103511214256, 0.054942753166, 0.0685423016548, 0.0387426391244, 0.0343667380512, 0.0334916710854, 0.0377145931125, 0.0238828286529, 0.059537705034, 0.0387321226299, 0.0523977540433, 0.0512392669916, 0.0398084111512, 0.0518462359905, 0.0501118041575, 0.0544683262706, 0.0470943190157, 0.0372853428125, 0.037360381335, 0.0361471734941, 0.0456566624343, 0.045941747725, 0.0481263287365, 0.0381655059755, 0.0231615081429, 0.0108703169972, 0.0127882612869, 0.0135681722313, 0.00898256339133, 0.00143186212517],
        "var": [4.21749564339e-06, 0.000223801456741, 0.222653239965, 12.7245740891, 32.0976676941, 2049.69360352, 10822.8486328, 962.345458984, 2105.18139648, 1268.28076172, 1640.58007812, 5077.28515625, 312.533172607, 150.785003662, 101.432342529, 26.6482925415, 6.35228633881, 10.5517568588, 10.5929985046, 1.62484455109, 1.71020889282, 0.799314141273, 0.521851420403, 0.609529316425, 0.554630041122, 0.131207108498, 0.0435735620558, 0.0236079264432, 0.0143205439672, 0.00522154243663, 0.00513899931684, 0.00679080281407, 0.00608671503142, 0.00368840736337, 0.00136508536525, 0.00019527139375, 1.29215895868e-05, 1.2237307601e-05, 4.42060490968e-06, 1.37168242986e-07]
    },
    "gfcc": {
        "mean": [-84.8054733276, 47.4466171265, -54.9619636536, -21.0346603394, -44.953327179, -28.2648906708, -33.4502677917, -7.87265253067, -13.4924783707, -6.12543153763, -6.51286649704, -4.37545824051, -5.42930936813],
        "cov": [[2025.69128418, 1211.66333008, -368.491821289, -407.391998291, -376.921295166, -272.235870361, -212.520263672, -143.280075073, -254.615966797, -166.310287476, -117.656791687, -88.1070022583, 34.8273696899], [1211.66333008, 1056.71264648, 37.1274452209, -285.077758789, -279.419708252, -281.652587891, -211.824752808, -191.024993896, -206.762832642, -155.665802002, -97.0065917969, -43.0114707947, 25.2466545105], [-368.491821289, 37.1274452209, 362.438049316, 140.857223511, 36.2523155212, -56.3314208984, -47.6486549377, -70.446975708, -16.2208614349, -20.1379241943, 4.73696708679, 19.3285140991, -20.6514835358], [-407.391998291, -285.077758789, 140.857223511, 249.214752197, 138.573501587, 50.7887191772, 28.1784515381, 20.2022533417, 34.7229347229, 30.728849411, 30.6158027649, 11.8116207123, -36.6725845337], [-376.921295166, -279.419708252, 36.2523155212, 138.573501587, 138.548706055, 86.7974624634, 52.6293029785, 39.1240539551, 53.6185493469, 34.1650733948, 21.1756057739, 11.5741319656, -19.2515563965], [-272.235870361, -281.652587891, -56.3314208984, 50.7887191772, 86.7974624634, 143.918334961, 101.118026733, 66.0737991333, 54.0163917542, 36.5946350098, 13.0954685211, -1.10102343559, -4.83483457565], [-212.520263672, -211.824752808, -47.6486549377, 28.1784515381, 52.6293029785, 101.118026733, 100.552581787, 69.1196517944, 48.9584274292, 30.3117103577, 11.1716136932, -2.46610975266, -4.73018550873], [-143.280075073, -191.024993896, -70.446975708, 20.2022533417, 39.1240539551, 66.0737991333, 69.1196517944, 81.4061508179, 56.9786949158, 33.6427154541, 16.9308128357, 2.53287053108, -1.44249808788], [-254.615966797, -206.762832642, -16.2208614349, 34.7229347229, 53.6185493469, 54.0163917542, 48.9584274292, 56.9786949158, 78.2041320801, 49.4113349915, 20.7278518677, 8.55780315399, -5.78658390045], [-166.310287476, -155.665802002, -20.1379241943, 30.728849411, 34.1650733948, 36.5946350098, 30.3117103577, 33.6427154541, 49.4113349915, 53.2472686768, 33.7734680176, 12.3049764633, -2.68645715714], [-117.656791687, -97.0065917969, 4.73696708679, 30.6158027649, 21.1756057739, 13.0954685211, 11.1716136932, 16.9308128357, 20.7278518677, 33.7734680176, 46.0821113586, 26.9773654938, 3.76531744003], [-88.1070022583, -43.0114707947, 19.3285140991, 11.8116207123, 11.5741319656, -1.10102343559, -2.46610975266, 2.53287053108, 8.55780315399, 12.3049764633, 26.9773654938, 38.0334281921, 20.3139896393], [34.8273696899, 25.2466545105, -20.6514835358, -36.6725845337, -19.2515563965, -4.83483457565, -4.73018550873, -1.44249808788, -5.78658390045, -2.68645715714, 3.76531744003, 20.3139896393, 36.0476303101]],
        "icov": [[0.0433585867286, -0.0579695887864, 0.0572815909982, -0.0511110387743, 0.0508253388107, -0.0402210392058, 0.0435184799135, -0.0384121313691, 0.0248634852469, -0.0166161954403, 0.00868113245815, 0.000176880988874, 0.00719742430374], [-0.0579695887864, 0.082913801074, -0.0773682296276, 0.072279214859, -0.0673675239086, 0.05895518139, -0.0581814087927, 0.0528342090547, -0.0275015980005, 0.0237775426358, -0.00984380114824, 0.00149673002306, -0.00890377629548], [0.0572815909982, -0.0773682296276, 0.0834124311805, -0.0746325552464, 0.0712442025542, -0.0510628148913, 0.051147248596, -0.0366126038134, 0.0192299298942, -0.0103551475331, 0.00701039051637, -0.00290127214976, 0.0103680742905], [-0.0511110387743, 0.072279214859, -0.0746325552464, 0.0811956450343, -0.0779657065868, 0.0539143197238, -0.0474582612514, 0.0326476171613, -0.00741680944338, 0.00680138776079, -0.00673627434298, 0.00101105379872, -0.00127252738457], [0.0508253388107, -0.0673675239086, 0.0712442025542, -0.0779657065868, 0.0984072983265, -0.0652182996273, 0.0556097961962, -0.0333558022976, 0.00588167551905, -0.0036501577124, 0.0107188811526, -0.0127945896238, 0.0161083284765], [-0.0402210392058, 0.05895518139, -0.0510628148913, 0.0539143197238, -0.0652182996273, 0.0809188857675, -0.0745223239064, 0.0453547388315, -0.0145791731775, 0.0111442161724, -0.00668044481426, 0.00940610468388, -0.0148893240839], [0.0435184799135, -0.0581814087927, 0.051147248596, -0.0474582612514, 0.0556097961962, -0.0745223239064, 0.104056335986, -0.076602421701, 0.0369380488992, -0.0259268023074, 0.0157050192356, -0.0016321351286, 0.0132933817804], [-0.0384121313691, 0.0528342090547, -0.0366126038134, 0.0326476171613, -0.0333558022976, 0.0453547388315, -0.076602421701, 0.111328907311, -0.0791776254773, 0.0599148869514, -0.0398152992129, 0.0140633219853, -0.0169919654727], [0.0248634852469, -0.0275015980005, 0.0192299298942, -0.00741680944338, 0.00588167551905, -0.0145791731775, 0.0369380488992, -0.0791776254773, 0.119996599853, -0.100331373513, 0.0635925978422, -0.0268251076341, 0.0218348167837], [-0.0166161954403, 0.0237775426358, -0.0103551475331, 0.00680138776079, -0.0036501577124, 0.0111442161724, -0.0259268023074, 0.0599148869514, -0.100331373513, 0.143524825573, -0.0965542048216, 0.0429344810545, -0.0205907560885], [0.00868113245815, -0.00984380114824, 0.00701039051637, -0.00673627434298, 0.0107188811526, -0.00668044481426, 0.0157050192356, -0.0398152992129, 0.0635925978422, -0.0965542048216, 0.12139852345, -0.0812711417675, 0.0370971150696], [0.000176880988874, 0.00149673002306, -0.00290127214976, 0.00101105379872, -0.0127945896238, 0.00940610468388, -0.0016321351286, 0.0140633219853, -0.0268251076341, 0.0429344810545, -0.0812711417675, 0.117746576667, -0.0660468786955], [0.00719742430374, -0.00890377629548, 0.0103680742905, -0.00127252738457, 0.0161083284765, -0.0148893240839, 0.0132933817804, -0.0169919654727, 0.0218348167837, -0.0205907560885, 0.0370971150696, -0.0660468786955, 0.0746537446976]]
    },
    "melbands": {
        "dmean": [2.33843566093e-05, 4.0407434426e-05, 0.000119300631923, 0.000361685612006, 0.000923652667552, 0.000268849020358, 0.000166498241015, 9.58892342169e-05, 7.66268058214e-05, 6.57864220557e-05, 2.59772623394e-05, 1.45916046677e-05, 4.19051411882e-06, 4.52999529443e-06, 2.05364653993e-06, 1.16966373298e-06, 1.58340435519e-06, 1.81406505817e-06, 9.99937356028e-07, 5.31397745362e-07, 4.72484231295e-07, 4.32889606827e-07, 3.77286056619e-07, 3.12235329147e-07, 2.99906105283e-07, 2.42306299469e-07, 1.55838748128e-07, 9.86735813058e-08, 6.51993090628e-08, 4.89479319299e-08, 4.05968947348e-08, 3.15739434598e-08, 2.49869867019e-08, 2.04735304266e-08, 2.38960264909e-08, 2.76310956338e-08, 2.69280562293e-08, 2.92163946369e-08, 2.36531825237e-08, 2.70460951413e-08],
        "dmean2": [4.06422986998e-05, 5.73438774154e-05, 0.000161989810294, 0.000545725459233, 0.00147442973685, 0.000445046462119, 0.000276715756627, 0.000145953817992, 0.000119583688502, 0.000101053505205, 4.1766303184e-05, 2.64127120317e-05, 6.46383523417e-06, 6.51790833217e-06, 3.12971178573e-06, 1.76204571289e-06, 2.56155567513e-06, 2.87780153485e-06, 1.60702256835e-06, 8.1537996266e-07, 7.85812119375e-07, 7.20502896456e-07, 6.19855143213e-07, 4.90577861001e-07, 4.64143113277e-07, 3.92823267248e-07, 2.57564437334e-07, 1.58220444746e-07, 1.03533437823e-07, 7.82102560493e-08, 7.00446989299e-08, 5.22670653424e-08, 4.26739710235e-08, 3.42929560304e-08, 4.13711020997e-08, 4.86140621092e-08, 4.63596130373e-08, 4.95427485703e-08, 3.81091567192e-08, 4.56279067862e-08],
        "dvar": [5.75262282254e-10, 6.59536292247e-09, 8.24644388331e-08, 1.29222496525e-06, 5.04551599079e-06, 2.75640644531e-07, 2.68986923402e-07, 1.19982686897e-07, 5.14062783452e-08, 5.1689621472e-08, 5.43311973189e-09, 2.02868322141e-09, 1.60618476852e-10, 1.68503516695e-10, 3.51354501049e-11, 7.31606355359e-12, 1.94838346845e-11, 1.44311325043e-11, 3.95373404155e-12, 7.99706926114e-13, 6.96162691296e-13, 6.33420562095e-13, 2.50580453739e-13, 1.99925240751e-13, 3.12951596061e-13, 3.64951992238e-13, 1.10968681889e-13, 2.14238976088e-14, 6.33514703031e-15, 3.38597672544e-15, 3.77384391166e-15, 1.91059864429e-15, 1.16775794933e-15, 6.41906501962e-16, 9.84915723265e-16, 2.19955038172e-15, 2.38464253904e-15, 5.04688318589e-15, 8.86873830143e-16, 1.74162404164e-15],
        "dvar2": [1.47206546952e-09, 1.07865751886e-08, 1.54660568796e-07, 2.62463595391e-06, 1.06586321635e-05, 7.88396334883e-07, 6.8138598408e-07, 2.64961158791e-07, 9.65865893932e-08, 8.2306037541e-08, 1.30054118586e-08, 6.66354793566e-09, 2.79774925449e-10, 3.28062299548e-10, 9.77525144163e-11, 1.62115529334e-11, 4.85748767598e-11, 3.64443822343e-11, 9.99915168026e-12, 1.25819667185e-12, 1.5433047635e-12, 1.71818635708e-12, 6.43033098557e-13, 5.40447298459e-13, 6.99867030649e-13, 9.35031023962e-13, 2.85194990454e-13, 5.06383536448e-14, 1.5867212397e-14, 9.44867624354e-15, 8.89342751189e-15, 4.89085844646e-15, 2.49233219037e-15, 1.52212360605e-15, 2.70574616484e-15, 6.33061498053e-15, 6.42816988265e-15, 1.39874777275e-14, 2.32224691577e-15, 4.73426577143e-15],
        "max": [0.000142642573337, 0.000886526715476, 0.00357237062417, 0.0147316716611, 0.0245845653117, 0.00493198260665, 0.00700645893812, 0.00461823819205, 0.00381812849082, 0.00357391242869, 0.000637052347884, 0.000430790096289, 0.000195761138457, 0.000205252697924, 8.14181548776e-05, 4.88362748001e-05, 6.23323794571e-05, 3.89502529288e-05, 1.98360830836e-05, 1.52082084242e-05, 1.05484114101e-05, 7.04391823092e-06, 4.89451076646e-06, 3.95686083721e-06, 6.81712936057e-06, 7.61295586926e-06, 4.05262608183e-06, 1.53585608587e-06, 1.11790359369e-06, 7.88359500348e-07, 7.25852430605e-07, 5.17487251273e-07, 4.88613011385e-07, 2.7639262612e-07, 2.79788707758e-07, 4.01209774736e-07, 5.43177407053e-07, 9.12943335152e-07, 3.69107027609e-07, 3.95879254711e-07],
        "mean": [2.92975782941e-05, 8.58616040205e-05, 0.000205887714401, 0.000551100529265, 0.00139175599907, 0.000396167510189, 0.000234111983445, 0.000118840944197, 0.000135709080496, 0.000106958577817, 3.25740184053e-05, 1.82428102562e-05, 8.88494832907e-06, 7.50541812522e-06, 3.33152843268e-06, 2.31016815633e-06, 2.55628992818e-06, 2.64848176812e-06, 1.49616255385e-06, 1.04206139895e-06, 9.97367692435e-07, 8.05411161764e-07, 7.09722144165e-07, 5.65237485262e-07, 5.0427718179e-07, 4.42821374236e-07, 3.02428986743e-07, 2.20751914526e-07, 1.59305571401e-07, 1.19532089116e-07, 9.94400437548e-08, 8.30224848869e-08, 7.05421641101e-08, 6.31117842431e-08, 6.62826167286e-08, 6.90808263926e-08, 7.47124957456e-08, 7.78552760039e-08, 7.64185656976e-08, 7.961561721e-08],
        "median": [2.03053550649e-05, 1.84909840755e-05, 3.74226547137e-05, 3.36066441378e-05, 0.000132428234792, 5.76106831431e-05, 3.51530397893e-05, 1.89208203665e-05, 1.23932413771e-05, 5.37731330041e-06, 3.98548718294e-06, 2.3787772534e-06, 1.42393616898e-06, 1.16888975299e-06, 1.02880903796e-06, 7.60115653975e-07, 6.89168018653e-07, 9.52147217959e-07, 6.18166325239e-07, 5.12236795203e-07, 5.79229947562e-07, 4.69273658155e-07, 4.67019901862e-07, 3.45469743479e-07, 2.97728064425e-07, 2.66218165734e-07, 1.65976047128e-07, 1.40215220767e-07, 1.07890571144e-07, 8.83702497845e-08, 7.21956681105e-08, 6.03714696013e-08, 5.42441505047e-08, 5.27794874472e-08, 5.33503978772e-08, 5.39869127181e-08, 5.89091513348e-08, 6.1395503792e-08, 6.05419216981e-08, 6.17725035568e-08],
        "min": [2.32082106777e-06, 6.82491418047e-07, 8.99683641364e-07, 7.23903440303e-07, 4.20904768816e-07, 1.25681083318e-06, 1.64866946761e-06, 1.03806564766e-06, 5.41969200185e-07, 3.088816527e-07, 2.88064228471e-07, 1.37475296924e-07, 8.69348397714e-08, 7.99360506676e-08, 1.0217101476e-07, 5.52745795801e-08, 3.96937380742e-08, 7.49627560026e-08, 6.34406873701e-08, 5.47338494528e-08, 5.70794185251e-08, 4.76773536207e-08, 3.1122098676e-08, 3.06714298404e-08, 3.32923200119e-08, 2.99634557166e-08, 3.60662966159e-08, 3.19036104202e-08, 2.36985080448e-08, 1.92664870724e-08, 2.18882458825e-08, 1.76410051012e-08, 2.06977439632e-08, 1.41660470021e-08, 2.25532854614e-08, 2.23790319609e-08, 2.46122340286e-08, 2.79799454717e-08, 3.1310094073e-08, 2.79670508974e-08],
        "var": [6.28310847794e-10, 3.08835943486e-08, 2.58527563801e-07, 2.49431514021e-06, 1.26350541905e-05, 4.94225503189e-07, 4.11578525927e-07, 1.40696243989e-07, 1.94971207179e-07, 1.53686372073e-07, 6.8775909412e-09, 2.57399079828e-09, 7.51557371892e-10, 4.94202623269e-10, 6.36415573019e-11, 2.52762654557e-11, 3.76029485327e-11, 3.03062887286e-11, 6.29803284177e-12, 3.61652765027e-12, 2.09581505796e-12, 1.03350086735e-12, 6.0042975366e-13, 3.72785407144e-13, 4.42644076774e-13, 4.24870235565e-13, 1.5736981759e-13, 4.83369515746e-14, 2.32898247942e-14, 9.79227346453e-15, 7.9073041314e-15, 4.97838066683e-15, 3.33346661194e-15, 1.4114511282e-15, 1.75967569017e-15, 2.52074188718e-15, 2.8252097859e-15, 4.52771382263e-15, 2.01996457382e-15, 3.26192684449e-15]
    },
    "mfcc": {
        "mean": [-762.994628906, 126.988128662, 25.0640029907, 11.5993385315, 2.27296662331, -16.1216220856, -9.90745735168, -9.35059928894, -6.31617355347, -2.70224833488, -2.5630979538, -2.78697824478, -2.55305337906],
        "cov": [[2301.91503906, 1099.6973877, -256.024414062, -260.843811035, -328.700714111, -292.038513184, -126.210800171, -175.498016357, -145.460540771, -145.502044678, -189.828262329, -203.585830688, -142.050384521], [1099.6973877, 986.510375977, 117.763534546, -109.401397705, -184.58039856, -204.27355957, -148.454269409, -160.90020752, -144.589538574, -166.892974854, -184.768569946, -152.732696533, -100.577705383], [-256.024414062, 117.763534546, 268.829437256, 126.53994751, 45.6978187561, 6.11026573181, -28.9940013885, -33.787021637, -51.7589492798, -58.19090271, -41.1413383484, -11.6849708557, -0.676079928875], [-260.843811035, -109.401397705, 126.53994751, 193.829116821, 107.042144775, 36.1110687256, 1.11312878132, -0.121751919389, -27.6545028687, -20.4574050903, 5.30936717987, 19.8179416656, 16.6356811523], [-328.700714111, -184.58039856, 45.6978187561, 107.042144775, 116.230049133, 65.0740585327, 17.5424079895, 24.0652542114, 8.71430110931, 7.78353643417, 26.4198913574, 32.4240264893, 22.4661197662], [-292.038513184, -204.27355957, 6.11026573181, 36.1110687256, 65.0740585327, 94.6685562134, 50.9413566589, 39.052028656, 33.5952606201, 29.8369121552, 36.1902122498, 30.8794403076, 21.4209423065], [-126.210800171, -148.454269409, -28.9940013885, 1.11312878132, 17.5424079895, 50.9413566589, 69.1359481812, 46.1427726746, 29.7314186096, 30.2856903076, 24.5809936523, 19.9889640808, 15.3237838745], [-175.498016357, -160.90020752, -33.787021637, -0.121751919389, 24.0652542114, 39.052028656, 46.1427726746, 64.1603012085, 46.9103927612, 38.8696060181, 32.8615188599, 23.608581543, 13.9331712723], [-145.460540771, -144.589538574, -51.7589492798, -27.6545028687, 8.71430110931, 33.5952606201, 29.7314186096, 46.9103927612, 69.0691604614, 50.4415054321, 33.8438529968, 22.256275177, 10.4915704727], [-145.502044678, -166.892974854, -58.19090271, -20.4574050903, 7.78353643417, 29.8369121552, 30.2856903076, 38.8696060181, 50.4415054321, 73.2411193848, 52.5167427063, 27.0014247894, 14.5013647079], [-189.828262329, -184.768569946, -41.1413383484, 5.30936717987, 26.4198913574, 36.1902122498, 24.5809936523, 32.8615188599, 33.8438529968, 52.5167427063, 69.7588500977, 40.974571228, 18.6916294098], [-203.585830688, -152.732696533, -11.6849708557, 19.8179416656, 32.4240264893, 30.8794403076, 19.9889640808, 23.608581543, 22.256275177, 27.0014247894, 40.974571228, 52.2836380005, 28.532365799], [-142.050384521, -100.577705383, -0.676079928875, 16.6356811523, 22.4661197662, 21.4209423065, 15.3237838745, 13.9331712723, 10.4915704727, 14.5013647079, 18.6916294098, 28.532365799, 37.4692459106]],
