{
"lowlevel": {
    "average_loudness": 0.306515008211,
    "barkbands_crest": {
        "dmean": 2.63651013374,
        "dmean2": 4.4473361969,
        "dvar": 6.86016702652,
        "dvar2": 20.1219234467,
        "max": 18.8471775055,
        "mean": 7.25069952011,
        "median": 6.53423547745,
        "min": 2.81365036964,
        "var": 8.49936962128
    },
    "barkbands_flatness_db": {
        "dmean": 0.0149349300191,
        "dmean2": 0.0255328118801,
        "dvar": 0.000184596457984,
        "dvar2": 0.000500044377986,
        "max": 0.125772714615,
        "mean": 0.0711436346173,
        "median": 0.0691276341677,
        "min": 0.0407353490591,
        "var": 0.000267018971499
    },
    "barkbands_kurtosis": {
        "dmean": 0.805041074753,
        "dmean2": 1.3724360466,
        "dvar": 0.788617491722,
        "dvar2": 2.24730563164,
        "max": 4.66262578964,
        "mean": 0.526321649551,
        "median": 0.420507192612,
        "min": -1.56562888622,
        "var": 1.18502831459
    },
    "barkbands_skewness": {
        "dmean": 0.427117794752,
        "dmean2": 0.702487766743,
        "dvar": 0.142818123102,
        "dvar2": 0.357820391655,
        "max": 2.33061647415,
        "mean": 0.782790541649,
        "median": 0.789732515812,
        "min": -1.41324055195,
        "var": 0.301286876202
    },
    "barkbands_spread": {
        "dmean": 6.79010152817,
        "dmean2": 11.4875688553,
        "dvar": 49.0844497681,
        "dvar2": 134.865631104,
        "max": 62.6791610718,
        "mean": 33.5224571228,
        "median": 31.7073631287,
        "min": 16.0483932495,
        "var": 71.6852798462
    },
    "dissonance": {
        "dmean": 0.00813070591539,
        "dmean2": 0.0139576839283,
        "dvar": 5.30289762537e-05,
        "dvar2": 0.000126912113046,
        "max": 0.499599546194,
        "mean": 0.484961122274,
        "median": 0.486884325743,
        "min": 0.444036692381,
        "var": 9.05615816009e-05
    },
    "dynamic_complexity": 11.2954521179,
    "erbbands_crest": {
        "dmean": 3.18672919273,
        "dmean2": 5.50491142273,
        "dvar": 7.20364999771,
        "dvar2": 20.5880622864,
        "max": 19.9600887299,
        "mean": 8.24021625519,
        "median": 7.27589797974,
        "min": 2.91913437843,
        "var": 12.7187318802
    },
    "erbbands_flatness_db": {
        "dmean": 0.0197706930339,
        "dmean2": 0.0334498882294,
        "dvar": 0.000331016723067,
        "dvar2": 0.000874664110597,
        "max": 0.224859803915,
        "mean": 0.135173067451,
        "median": 0.13493527472,
        "min": 0.0554178208113,
        "var": 0.000594202021603
    },
    "erbbands_kurtosis": {
        "dmean": 1.05574381351,
        "dmean2": 1.82665979862,
        "dvar": 1.45695924759,
        "dvar2": 3.98802566528,
        "max": 9.06277084351,
        "mean": 0.746749937534,
        "median": 0.404054403305,
        "min": -1.32168126106,
        "var": 2.55675792694
    },
    "erbbands_skewness": {
        "dmean": 0.237568199635,
        "dmean2": 0.411909937859,
        "dvar": 0.0452491380274,
        "dvar2": 0.128279447556,
        "max": 0.717396140099,
        "mean": -0.129845902324,
        "median": -0.138795718551,
        "min": -1.28174030781,
        "var": 0.0791222974658
    },
    "erbbands_spread": {
        "dmean": 6.38952207565,
        "dmean2": 10.6485071182,
        "dvar": 25.7602806091,
        "dvar2": 63.248249054,
        "max": 55.2373504639,
        "mean": 27.9607372284,
        "median": 27.0402011871,
        "min": 7.45022058487,
        "var": 116.57522583
    },
    "hfc": {
        "dmean": 2.75220561028,
        "dmean2": 3.92833161354,
        "dvar": 115.425712585,
        "dvar2": 254.114318848,
        "max": 133.600845337,
        "mean": 7.32836055756,
        "median": 0.440901309252,
        "min": 0.1055085361,
        "var": 405.20211792
    },
    "melbands_crest": {
        "dmean": 3.16693687439,
        "dmean2": 5.48940229416,
        "dvar": 6.42318916321,
        "dvar2": 18.207736969,
        "max": 19.1144123077,
        "mean": 9.53319072723,
        "median": 8.98806762695,
        "min": 4.43477296829,
        "var": 8.82699489594
    },
    "melbands_flatness_db": {
        "dmean": 0.016303922981,
        "dmean2": 0.0268248412758,
        "dvar": 0.000164766548551,
        "dvar2": 0.000451735104434,
        "max": 0.179952561855,
        "mean": 0.13149702549,
        "median": 0.131701722741,
        "min": 0.0701256766915,
        "var": 0.000448850507382
    },
    "melbands_kurtosis": {
        "dmean": 1.57417440414,
        "dmean2": 2.53076291084,
        "dvar": 3.0231719017,
        "dvar2": 6.96957540512,
        "max": 15.5295772552,
        "mean": 1.56714701653,
        "median": 0.73353934288,
        "min": -1.50061285496,
        "var": 7.00430727005
    },
    "melbands_skewness": {
        "dmean": 0.540318727493,
        "dmean2": 0.88988417387,
        "dvar": 0.199680164456,
        "dvar2": 0.472663104534,
        "max": 3.40317177773,
        "mean": 1.18262135983,
        "median": 1.18930399418,
        "min": -0.599921286106,
        "var": 0.595601916313
    },
    "melbands_spread": {
        "dmean": 7.08730316162,
        "dmean2": 11.3194026947,
        "dvar": 56.387714386,
        "dvar2": 169.42880249,
        "max": 92.5341339111,
        "mean": 35.7488746643,
        "median": 35.1811408997,
        "min": 14.7669944763,
        "var": 94.193611145
    },
    "pitch_salience": {
        "dmean": 0.0722947195172,
        "dmean2": 0.121051959693,
        "dvar": 0.0047897589393,
        "dvar2": 0.0129368351772,
        "max": 0.836554408073,
        "mean": 0.685918748379,
        "median": 0.703094601631,
        "min": 0.297669172287,
        "var": 0.00706323469058
    },
    "silence_rate_20dB": {
        "dmean": 0,
        "dmean2": 0,
        "dvar": 0,
        "dvar2": 0,
        "max": 1,
        "mean": 1,
        "median": 1,
        "min": 1,
        "var": 0
    },
    "silence_rate_30dB": {
        "dmean": 0,
        "dmean2": 0,
        "dvar": 0,
        "dvar2": 0,
        "max": 1,
        "mean": 1,
        "median": 1,
        "min": 1,
        "var": 0
    },
    "silence_rate_60dB": {
        "dmean": 0.0294117648154,
        "dmean2": 0.0591715984046,
        "dvar": 0.0285466555506,
        "dvar2": 0.0675043687224,
        "max": 1,
        "mean": 0.795321643353,
        "median": 1,
        "min": 0,
        "var": 0.162784948945
    },
    "spectral_centroid": {
        "dmean": 240.817138672,
        "dmean2": 366.610076904,
        "dvar": 41932.4804688,
        "dvar2": 100345.75,
        "max": 2855.13574219,
        "mean": 1654.86096191,
        "median": 1595.3416748,
        "min": 906.588134766,
        "var": 155068
    },
    "spectral_complexity": {
        "dmean": 1.74705886841,
        "dmean2": 2.6153845787,
        "dvar": 11.3536806107,
        "dvar2": 18.7337417603,
        "max": 56,
        "mean": 7.58479547501,
        "median": 1,
        "min": 0,
        "var": 214.265640259
    },
    "spectral_decrease": {
        "dmean": 4.79797201969e-10,
        "dmean2": 7.31175398005e-10,
        "dvar": 2.91144290484e-18,
        "dvar2": 5.57550793493e-18,
        "max": -6.57966563178e-12,
        "mean": -1.25264854045e-09,
        "median": -5.95654706115e-11,
        "min": -2.37965274152e-08,
        "var": 1.12054286377e-17
    },
    "spectral_energy": {
        "dmean": 0.00203964370303,
        "dmean2": 0.00309481704608,
        "dvar": 5.35991312063e-05,
        "dvar2": 0.000103839338408,
        "max": 0.101931639016,
        "mean": 0.00539249228314,
        "median": 0.000265606766334,
        "min": 3.44031359418e-05,
        "var": 0.000207959601539
    },
    "spectral_energyband_high": {
        "dmean": 0.000128680112539,
        "dmean2": 0.000181931478437,
        "dvar": 1.92822227518e-07,
        "dvar2": 4.06182493862e-07,
        "max": 0.00587470689788,
        "mean": 0.000335114571499,
        "median": 9.87398379948e-06,
        "min": 2.98883628602e-06,
        "var": 8.7834388296e-07
    },
    "spectral_energyband_low": {
        "dmean": 4.43671669927e-05,
        "dmean2": 6.95336930221e-05,
        "dvar": 6.89325974079e-09,
        "dvar2": 1.79313648374e-08,
        "max": 0.00070626597153,
        "mean": 6.57861164655e-05,
        "median": 3.10952309519e-05,
        "min": 2.36553137256e-06,
        "var": 9.74180380808e-09
    },
    "spectral_energyband_middle_high": {
        "dmean": 0.000995498150587,
        "dmean2": 0.00156361819245,
        "dvar": 1.7298880266e-05,
        "dvar2": 4.40917028754e-05,
        "max": 0.0377239957452,
        "mean": 0.00210250495002,
        "median": 0.000115910166642,
        "min": 4.14791747971e-06,
        "var": 3.81844947697e-05
    },
    "spectral_energyband_middle_low": {
        "dmean": 0.00120290135965,
        "dmean2": 0.00176044274122,
        "dvar": 2.18540026253e-05,
        "dvar2": 4.80760900246e-05,
        "max": 0.0607254244387,
        "mean": 0.00290823820978,
        "median": 7.98179607955e-05,
        "min": 1.66492463904e-05,
        "var": 6.46977496217e-05
    },
    "spectral_entropy": {
        "dmean": 0.0841252654791,
        "dmean2": 0.141448751092,
        "dvar": 0.00482649402693,
        "dvar2": 0.0134788379073,
        "max": 8.23964214325,
        "mean": 7.87452220917,
        "median": 7.87770271301,
        "min": 7.63727045059,
        "var": 0.00990786217153
    },
    "spectral_flux": {
        "dmean": 0.00572565291077,
        "dmean2": 0.00842057354748,
        "dvar": 0.000180264964001,
        "dvar2": 0.000342931889463,
        "max": 0.196967974305,
        "mean": 0.0283560194075,
        "median": 0.0111717795953,
        "min": 0.00527592748404,
        "var": 0.00162168312818
    },
    "spectral_kurtosis": {
        "dmean": 1.00817883015,
        "dmean2": 1.58761811256,
        "dvar": 0.70391201973,
        "dvar2": 2.00440502167,
        "max": 15.0293617249,
        "mean": 9.14577770233,
        "median": 10.3350448608,
        "min": 2.99454164505,
        "var": 10.9016675949
    },
    "spectral_rms": {
        "dmean": 0.000257657055045,
        "dmean2": 0.000390636239899,
        "dvar": 3.6845611362e-07,
        "dvar2": 8.00416501079e-07,
        "max": 0.00997223705053,
        "mean": 0.00134538067505,
        "median": 0.000509046716616,
        "min": 0.000183204901987,
        "var": 3.45091734744e-06
    },
    "spectral_rolloff": {
        "dmean": 425.217376709,
        "dmean2": 712.761352539,
        "dvar": 207422.984375,
        "dvar2": 522544.84375,
        "max": 4263.57421875,
        "mean": 2185.55737305,
        "median": 2110.25390625,
        "min": 775.1953125,
        "var": 309587.59375
    },
    "spectral_skewness": {
        "dmean": 0.139029204845,
        "dmean2": 0.219472900033,
        "dvar": 0.0170012805611,
        "dvar2": 0.0394304357469,
        "max": 2.97254681587,
        "mean": 2.15123343468,
        "median": 2.35464954376,
        "min": 1.22610604763,
        "var": 0.278478652239
    },
    "spectral_spread": {
        "dmean": 435793.59375,
        "dmean2": 650666.3125,
        "dvar": 382937825280,
        "dvar2": 492093603840,
        "max": 13722341,
        "mean": 4486085,
        "median": 4417539,
        "min": 2562543,
        "var": 861490315264
    },
    "spectral_strongpeak": {
        "dmean": 0.189295470715,
        "dmean2": 0.302061796188,
        "dvar": 0.132274419069,
        "dvar2": 0.317900180817,
        "max": 3.4795627594,
        "mean": 0.254426598549,
        "median": 0.0728249698877,
        "min": 0,
        "var": 0.213850259781
    },
    "zerocrossingrate": {
        "dmean": 0.0164981614798,
        "dmean2": 0.0229174364358,
        "dvar": 0.000296646496281,
        "dvar2": 0.000486588745844,
        "max": 0.25927734375,
        "mean": 0.131036415696,
        "median": 0.12548828125,
        "min": 0.05126953125,
        "var": 0.00138774584047
    },
    "barkbands": {
        "dmean": [4.23378805863e-05, 2.32124216382e-06, 1.43395027408e-05, 4.03864432883e-05, 0.000384707236663, 0.000826334697194, 0.000358804420102, 0.000155977788381, 8.56297920109e-05, 8.28742049634e-05, 0.000140497490065, 0.000104633436422, 0.000376151729142, 0.000181437761057, 0.000123491219711, 0.000109789158159, 8.60061918502e-05, 0.000111728972115, 0.00013353273971, 6.96139904903e-05, 5.86074784223e-05, 1.9962530132e-05, 8.04750470706e-06, 8.874660125e-06, 1.22922074297e-05, 2.36391906583e-06, 7.07068068095e-07],
        "dmean2": [6.64004255668e-05, 3.79179073207e-06, 2.28759854508e-05, 6.4345273131e-05, 0.000717751623597, 0.00118858646601, 0.00055988546228, 0.000269916956313, 0.000124494094052, 0.000129704552819, 0.000232540915022, 0.000140124277095, 0.000670020468533, 0.000328927737428, 0.000201839429792, 0.000178956761374, 0.00012577540474, 0.000191127779544, 0.000200229464099, 8.34840466268e-05, 8.5631480033e-05, 3.27938832925e-05, 1.14708946057e-05, 1.15363500299e-05, 1.81961768249e-05, 3.39629400514e-06, 1.15975808512e-06],
        "dvar": [4.31045332761e-09, 4.2376095688e-11, 5.76680925235e-10, 1.41933940156e-08, 1.32941329412e-06, 9.67822325038e-06, 1.8203130594e-06, 3.18477617611e-07, 9.62418198469e-08, 1.6535857128e-07, 5.60017326734e-07, 2.36278822285e-07, 2.0323445824e-06, 1.02653325484e-06, 2.46414543881e-07, 1.22279573134e-07, 7.87314178297e-08, 1.72541277266e-07, 2.77519973224e-07, 5.91305209241e-08, 5.00358616762e-08, 7.44817318932e-09, 6.3204230738e-10, 7.7461603798e-10, 2.11156292451e-09, 7.681566494e-11, 4.02271315217e-13],
        "dvar2": [8.75907968378e-09, 4.65590968557e-11, 1.27014054829e-09, 3.83005449578e-08, 4.51165806226e-06, 2.18297464016e-05, 4.6226205086e-06, 9.69180973698e-07, 1.88353666886e-07, 3.51394646714e-07, 1.73955027094e-06, 4.51813633617e-07, 6.16766874373e-06, 3.09600000037e-06, 6.46175180918e-07, 2.75039525377e-07, 1.74435655254e-07, 5.26711744442e-07, 6.80285950239e-07, 7.28396898353e-08, 1.21868310998e-07, 2.05715977586e-08, 1.3927837772e-09, 1.4461796205e-09, 4.85514339843e-09, 1.85283829945e-10, 9.10929209667e-13],
        "max": [0.000567852170207, 8.97762947716e-05, 0.000210260492167, 0.00102539046202, 0.00858954433352, 0.0361513830721, 0.0146641787142, 0.00533714331686, 0.00389196816832, 0.00508251227438, 0.0074196094647, 0.00698408903554, 0.0133270248771, 0.0096664391458, 0.00461326306686, 0.00481190951541, 0.003880035365, 0.00483842333779, 0.00593695696443, 0.00361154228449, 0.00238695298322, 0.000874643097632, 0.000423342571594, 0.000490854610689, 0.000648228626233, 0.000125745980768, 1.15173579616e-05],
        "mean": [4.07874067605e-05, 2.74161834568e-06, 2.02144565264e-05, 5.00054993609e-05, 0.000508676166646, 0.00127832673024, 0.000536462874152, 0.000302204163745, 0.000186846242286, 0.000141779033584, 0.000141643642564, 0.000175899040187, 0.000457409361843, 0.000204352196306, 0.000168742117239, 0.000201412738534, 0.000162050317158, 0.000162830678164, 0.000241612433456, 0.000159666858963, 0.000109945722215, 4.38959250459e-05, 2.42944752245e-05, 2.71759872703e-05, 2.88021001325e-05, 5.57241492061e-06, 5.8280606936e-06],
        "median": [1.29935224322e-05, 1.79469964223e-06, 7.72801195126e-06, 1.376234286e-05, 2.32759302889e-05, 2.73460336757e-05, 6.88660475134e-06, 5.72950830247e-06, 4.98851113662e-06, 6.29690475762e-06, 8.32557634567e-06, 1.74035722011e-05, 4.3851458031e-05, 6.48310606266e-06, 6.4577543526e-06, 1.36076596391e-05, 3.31719161295e-06, 4.36637219536e-06, 3.10908581014e-06, 2.65307198788e-06, 1.02107753719e-06, 5.61644185382e-07, 2.74988224191e-07, 3.85294015359e-07, 3.76086603637e-07, 4.79089180772e-07, 5.66777544009e-06],
        "min": [2.07861319268e-08, 1.75128974433e-07, 2.48119789603e-07, 2.63837250714e-07, 2.39582459471e-06, 1.08117899345e-06, 5.23775781858e-07, 1.74386741492e-07, 3.49716458459e-07, 4.44779971076e-07, 3.67190040151e-07, 4.15430093881e-07, 2.57059326714e-07, 5.64903359646e-07, 2.44074811917e-07, 2.32504319797e-07, 1.17635465813e-07, 3.98236494448e-07, 2.56343099636e-07, 1.19254977449e-07, 8.62224140974e-08, 9.02751295939e-08, 8.48025081268e-08, 9.63200079696e-08, 1.54055911139e-07, 2.13759591361e-07, 2.6602087928e-06],
        "var": [6.26598817277e-09, 4.7687520599e-11, 9.62362634027e-10, 1.37683153767e-08, 1.75234652033e-06, 1.57458161993e-05, 3.38186987392e-06, 7.86715531831e-07, 3.15441752718e-07, 3.34524628443e-07, 4.94632502068e-07, 4.56108892877e-07, 1.95664733837e-06, 6.84488611569e-07, 2.95789249094e-07, 3.41459696074e-07, 2.1431640107e-07, 2.51561942832e-07, 6.16480235749e-07, 2.53447211662e-07, 1.03053366729e-07, 1.63507660744e-08, 4.98729768594e-09, 6.54209797446e-09, 8.11380207466e-09, 2.60652388562e-10, 1.08048411798e-12]
    },
    "erbbands": {
        "dmean": [0.000190946127987, 0.000418649840867, 0.00993604026735, 0.104671768844, 0.764479935169, 1.5607572794, 3.1973400116, 7.00588655472, 6.489569664, 7.29077005386, 2.08081054688, 2.20840716362, 3.2200922966, 3.0282292366, 6.02952432632, 3.96202754974, 18.1304664612, 12.4147148132, 7.39991664886, 4.57829427719, 5.39118766785, 4.81355524063, 4.97869634628, 7.18849229813, 5.29341697693, 3.45512700081, 2.97488427162, 1.54119670391, 0.74473375082, 0.514150321484, 0.222505688667, 0.187076181173, 0.173595413566, 0.157905474305, 0.0720871388912, 0.020656729117, 0.00181125930976, 0.000309058261337, 0.000110081455205, 1.61397983902e-05],
        "dmean2": [0.000314107717713, 0.000635298667476, 0.0157357528806, 0.16690005362, 1.41056013107, 2.95487236977, 5.18913507462, 10.2962751389, 9.56760787964, 12.5799627304, 3.74667310715, 3.26092123985, 4.93113899231, 5.03254985809, 9.51373672485, 5.30816268921, 32.2731552124, 23.0769901276, 11.6676521301, 7.52279806137, 8.91817092896, 7.43705224991, 8.67826461792, 12.2925872803, 7.07794570923, 4.31792402267, 4.51028442383, 2.16961216927, 1.26911306381, 0.851337313652, 0.349104046822, 0.260876059532, 0.237206324935, 0.234425872564, 0.108551733196, 0.0306501239538, 0.00241975393146, 0.000510309822857, 0.000176979301614, 2.61889636022e-05],
        "dvar": [7.2734621881e-08, 1.83492988981e-06, 0.000288960640319, 0.0619142688811, 4.68988418579, 25.7878265381, 80.0983276367, 838.712890625, 905.422790527, 637.953430176, 67.0925598145, 46.0882072449, 305.700561523, 212.817718506, 1484.18286133, 281.72567749, 5122.75634766, 4228.89550781, 969.552368164, 286.51864624, 292.902435303, 333.335205078, 394.246154785, 878.933349609, 364.495391846, 132.302230835, 134.380264282, 27.5274066925, 7.4089384079, 4.85834217072, 0.543791890144, 0.36154204607, 0.335066467524, 0.351565897465, 0.0790388137102, 0.00575749017298, 3.00921583403e-05, 3.82833405865e-07, 1.27708839059e-08, 3.0105012927e-10],
        "dvar2": [1.3929066256e-07, 1.94233280126e-06, 0.000681233534124, 0.167710229754, 15.1894245148, 88.4766235352, 216.695526123, 1810.48059082, 2193.52880859, 1819.15490723, 231.307922363, 104.896499634, 688.719299316, 549.636169434, 3912.18115234, 557.100585938, 15608.6982422, 12869.8457031, 2581.82885742, 738.79699707, 541.422363281, 799.247131348, 1091.71655273, 2391.84350586, 615.052246094, 165.662155151, 320.554534912, 60.570941925, 21.0389080048, 13.259095192, 1.26099801064, 0.652738511562, 0.751317739487, 0.78042024374, 0.195288524032, 0.0139209022745, 5.86842324992e-05, 8.37929064801e-07, 2.72835229964e-08, 6.24745200017e-10],
        "max": [0.00369610148482, 0.0188225023448, 0.137339830399, 2.10448598862, 15.901307106, 36.3655090332, 84.4503555298, 341.858001709, 356.16217041, 231.792312622, 82.9255523682, 88.5104751587, 199.439819336, 210.048629761, 428.615753174, 249.858062744, 664.161254883, 621.493286133, 303.87890625, 168.816604614, 231.937728882, 251.327484131, 255.564315796, 280.781921387, 277.82723999, 179.883621216, 123.390449524, 65.1469955444, 25.7908973694, 22.4252147675, 11.9509525299, 10.2464084625, 10.1588382721, 8.38829135895, 3.6455976963, 1.04961776733, 0.107344292104, 0.0103090144694, 0.00202747411095, 0.000286034919554],
        "mean": [0.000233261991525, 0.000636759097688, 0.0139872469008, 0.13815331459, 0.947418212891, 1.93813979626, 4.77795696259, 10.4994592667, 8.62941074371, 10.6111001968, 4.17208337784, 4.29421710968, 4.59435415268, 4.96703672409, 6.77703332901, 7.49705457687, 20.9299583435, 14.2259912491, 9.73992824554, 7.93214178085, 11.3986787796, 9.10504817963, 8.4915304184, 12.4547109604, 10.3510303497, 7.60107564926, 6.14951896667, 2.96881604195, 1.66764056683, 1.02864730358, 0.670147418976, 0.551764905453, 0.476918399334, 0.368907272816, 0.170928955078, 0.046890437603, 0.00611803680658, 0.0015219746856, 0.000662993290462, 0.000119343661936],
        "median": [0.000132111017592, 0.000444517150754, 0.00533022265881, 0.0366226695478, 0.0489636696875, 0.0823387503624, 0.19479380548, 0.145248502493, 0.114207074046, 0.094007588923, 0.133110418916, 0.121290780604, 0.178776815534, 0.314467936754, 0.457004785538, 0.693184971809, 1.84379446507, 0.733387410641, 0.274548888206, 0.622248232365, 0.509439170361, 0.215167373419, 0.208574414253, 0.234208211303, 0.131853893399, 0.121919989586, 0.0703530535102, 0.030172618106, 0.0242031607777, 0.0114374654368, 0.00805758684874, 0.00644163414836, 0.00778782600537, 0.00467602675781, 0.00246664672159, 0.00107579596806, 0.000938509532716, 0.00106689450331, 0.000618674617726, 0.000113485672045],
        "min": [7.48030834075e-06, 3.91051580664e-05, 0.000365122541552, 0.00168208405375, 0.00241340859793, 0.00638250401244, 0.00633747316897, 0.00764772342518, 0.00913828145713, 0.00781524088234, 0.00707167480141, 0.00835768412799, 0.0148733863607, 0.0169004686177, 0.019125059247, 0.0107751833275, 0.0113752847537, 0.0244270246476, 0.0293702818453, 0.0111143756658, 0.00902720727026, 0.00753385899588, 0.0194696933031, 0.0166980437934, 0.00957946944982, 0.007231767755, 0.00461375853047, 0.00290043558925, 0.00291090551764, 0.00273316702805, 0.00239714770578, 0.00281767942943, 0.00147978484165, 0.00171112688258, 0.00096284103347, 0.000494933105074, 0.000399419950554, 0.000612500414718, 0.000282766763121, 4.92296494485e-05],
        "var": [1.3819166611e-07, 2.10157350011e-06, 0.000453018641565, 0.072655133903, 5.91646432877, 30.1534137726, 147.699111938, 1291.87109375, 1154.77746582, 1129.79797363, 135.335510254, 160.763427734, 358.576324463, 455.632720947, 1258.19848633, 642.028869629, 4465.49658203, 2935.08081055, 1071.32214355, 519.444763184, 1072.25756836, 720.685424805, 676.866882324, 1531.07055664, 1169.00036621, 574.915222168, 316.274475098, 71.0027618408, 23.1522483826, 9.22667884827, 3.94290494919, 2.67919325829, 2.08159255981, 1.3537914753, 0.279686719179, 0.0209764037281, 0.0002603069006, 2.66001029559e-06, 3.8487620202e-08, 8.87230955371e-10]
    },
    "gfcc": {
        "mean": [-146.934265137, 45.9999732971, -120.182518005, -9.86001586914, -35.2756690979, -14.3481445312, -36.8691101074, -18.1572132111, -29.369146347, -6.03432369232, -6.14954185486, -6.22795152664, -7.61901855469],
        "cov": [[10098.3056641, -327.894256592, -2145.60253906, 1121.59277344, -2324.32299805, -402.85244751, -1439.13000488, 207.055267334, -568.716430664, 349.537536621, -177.602325439, -59.7268333435, -40.4273109436], [-327.894256592, 109.087440491, 133.691818237, -46.4807434082, 67.0036392212, -17.4428462982, 28.8365917206, -14.4826288223, 13.7660598755, -20.5453510284, 2.87006044388, -9.76150226593, -4.0851984024], [-2145.60253906, 133.691818237, 583.097167969, -250.370925903, 454.594818115, 63.6947250366, 274.00994873, -25.6251182556, 123.833602905, -72.6842880249, 23.5883731842, 6.1216583252, 3.70027470589], [1121.59277344, -46.4807434082, -250.370925903, 241.756210327, -218.091262817, -51.5325012207, -156.937805176, 8.90124320984, -63.7385864258, 26.0219230652, -20.7022666931, -18.5751495361, -8.81150341034], [-2324.32299805, 67.0036392212, 454.594818115, -218.091262817, 618.62902832, 137.196655273, 352.466674805, -71.9121398926, 116.488059998, -88.2309494019, 47.4779930115, 13.6819248199, 6.44484424591], [-402.85244751, -17.4428462982, 63.6947250366, -51.5325012207, 137.196655273, 87.5004959106, 84.6276321411, -14.5828113556, 12.3140439987, -13.9707345963, 10.2343969345, 8.14619159698, -0.489328354597], [-1439.13000488, 28.8365917206, 274.00994873, -156.937805176, 352.466674805, 84.6276321411, 252.993545532, -7.22971487045, 90.8277893066, -53.0040283203, 25.6024703979, 18.6348896027, 9.41815948486], [207.055267334, -14.4826288223, -25.6251182556, 8.90124320984, -71.9121398926, -14.5828113556, -7.22971487045, 62.2610588074, 21.4953937531, 14.1059741974, -9.07108306885, 9.77234649658, 1.55614340305], [-568.716430664, 13.7660598755, 123.833602905, -63.7385864258, 116.488059998, 12.3140439987, 90.8277893066, 21.4953937531, 70.694152832, -1.09698700905, 13.3191919327, 14.7989635468, 5.85912847519], [349.537536621, -20.5453510284, -72.6842880249, 26.0219230652, -88.2309494019, -13.9707345963, -53.0040283203, 14.1059741974, -1.09698700905, 45.6802482605, 9.69120311737, 7.41288328171, 2.97669458389], [-177.602325439, 2.87006044388, 23.5883731842, -20.7022666931, 47.4779930115, 10.2343969345, 25.6024703979, -9.07108306885, 13.3191919327, 9.69120311737, 35.2164459229, 19.4048233032, 8.24302196503], [-59.7268333435, -9.76150226593, 6.1216583252, -18.5751495361, 13.6819248199, 8.14619159698, 18.6348896027, 9.77234649658, 14.7989635468, 7.41288328171, 19.4048233032, 34.9562988281, 18.6126422882], [-40.4273109436, -4.0851984024, 3.70027470589, -8.81150341034, 6.44484424591, -0.489328354597, 9.41815948486, 1.55614340305, 5.85912847519, 2.97669458389, 8.24302196503, 18.6126422882, 27.5619392395]],
        "icov": [[0.0168901961297, -0.0225805789232, 0.0251335762441, -0.0159824118018, 0.0174343045801, -0.0206234939396, 0.0256287306547, -0.029618024826, 0.0322143733501, -0.0248807873577, 0.0220803115517, -0.0208955332637, 0.00476153520867], [-0.0225805789232, 0.0474436059594, -0.0389017872512, 0.0221320446581, -0.0230328608304, 0.0335665084422, -0.0323144830763, 0.0400543548167, -0.0404578521848, 0.0371104963124, -0.0348259098828, 0.0320786200464, -0.00568272173405], [0.0251335762441, -0.0389017872512, 0.0457262843847, -0.0201794672757, 0.0208574533463, -0.0300799235702, 0.0411360897124, -0.046283248812, 0.0422522164881, -0.0343501120806, 0.0347891077399, -0.0300484020263, 0.00626975856721], [-0.0159824118018, 0.0221320446581, -0.0201794672757, 0.024598442018, -0.020428692922, 0.0214891899377, -0.0172083694488, 0.0237392205745, -0.0304556339979, 0.0264148879796, -0.0218328908086, 0.0233457479626, -0.00550510594621], [0.0174343045801, -0.0230328608304, 0.0208574533463, -0.020428692922, 0.0432546921074, -0.0323006175458, 0.00739196594805, -0.00653301738203, 0.0169769525528, -0.0147315599024, 0.0136975934729, -0.0172856282443, 0.00554088596255], [-0.0206234939396, 0.0335665084422, -0.0300799235702, 0.0214891899377, -0.0323006175458, 0.0563601702452, -0.0393682979047, 0.0295514781028, -0.0152181852609, 0.0135820014402, -0.0173021759838, 0.0145956752822, 0.00305730011314], [0.0256287306547, -0.0323144830763, 0.0411360897124, -0.0172083694488, 0.00739196594805, -0.0393682979047, 0.0835733190179, -0.0638469010592, 0.0320055745542, -0.0168543346226, 0.0253074094653, -0.0255483500659, -0.000901774794329], [-0.029618024826, 0.0400543548167, -0.046283248812, 0.0237392205745, -0.00653301738203, 0.0295514781028, -0.0638469010592, 0.105140484869, -0.0870097652078, 0.0471734069288, -0.0269341599196, 0.0234908610582, -0.000176491346792], [0.0322143733501, -0.0404578521848, 0.0422522164881, -0.0304556339979, 0.0169769525528, -0.0152181852609, 0.0320055745542, -0.0870097652078, 0.138204172254, -0.0882980972528, 0.0531638413668, -0.0534587986767, 0.0159394536167], [-0.0248807873577, 0.0371104963124, -0.0343501120806, 0.0264148879796, -0.0147315599024, 0.0135820014402, -0.0168543346226, 0.0471734069288, -0.0882980972528, 0.10649356246, -0.0678121522069, 0.0468656904995, -0.015254702419], [0.0220803115517, -0.0348259098828, 0.0347891077399, -0.0218328908086, 0.0136975934729, -0.0173021759838, 0.0253074094653, -0.0269341599196, 0.0531638413668, -0.0678121522069, 0.101084761322, -0.0712606832385, 0.0188504159451], [-0.0208955332637, 0.0320786200464, -0.0300484020263, 0.0233457479626, -0.0172856282443, 0.0145956752822, -0.0255483500659, 0.0234908610582, -0.0534587986767, 0.0468656904995, -0.0712606832385, 0.107628032565, -0.0477585121989], [0.00476153520867, -0.00568272173405, 0.00626975856721, -0.00550510594621, 0.00554088596255, 0.00305730011314, -0.000901774794329, -0.000176491346792, 0.0159394536167, -0.015254702419, 0.0188504159451, -0.0477585121989, 0.0637716948986]]
    },
    "melbands": {
        "dmean": [2.55168902186e-06, 3.46879869539e-06, 2.16923435801e-05, 0.000107642452349, 8.33990197862e-05, 0.000163366334164, 8.98889411474e-05, 7.33013366698e-05, 1.55755587912e-05, 1.37200158861e-05, 1.71681676875e-05, 1.13888718261e-05, 1.83340725926e-05, 1.49051920744e-05, 1.3912549548e-05, 4.79269292555e-05, 1.93243668036e-05, 1.15872981041e-05, 7.33455817681e-06, 8.09383254818e-06, 6.85096347297e-06, 5.29575436303e-06, 3.97523490392e-06, 5.74555360799e-06, 6.17401610725e-06, 4.85574400955e-06, 3.03800675283e-06, 2.4105374905e-06, 1.91091044144e-06, 1.57121394295e-06, 7.14773648269e-07, 4.63785340798e-07, 4.32539707163e-07, 2.17383757217e-07, 1.35970608994e-07, 1.25976214349e-07, 1.28692775547e-07, 1.17273373235e-07, 1.43968165389e-07, 1.51473500409e-07],
        "dmean2": [3.98591237172e-06, 5.49121023141e-06, 3.47697423422e-05, 0.000204282812774, 0.000139644238516, 0.000233028287767, 0.000133795867441, 0.000124707250507, 2.7915204555e-05, 2.08473011298e-05, 2.61173026956e-05, 1.84092823474e-05, 2.96367707051e-05, 1.87174573512e-05, 2.48032811214e-05, 8.51565346238e-05, 3.64255429304e-05, 1.83910506166e-05, 1.18313482744e-05, 1.3009446775e-05, 1.07163568828e-05, 8.38204414322e-06, 5.76865386392e-06, 1.03061593109e-05, 1.07331998151e-05, 7.10649828761e-06, 3.69033773495e-06, 2.94671417578e-06, 3.16423256663e-06, 2.19763137466e-06, 1.05732146949e-06, 8.04120134035e-07, 7.60681587053e-07, 3.45654598277e-07, 2.22537579475e-07, 1.90237969377e-07, 1.82046520081e-07, 1.68264392642e-07, 2.01017726909e-07, 2.24145153993e-07],
        "dvar": [1.19029560514e-11, 3.35347166702e-11, 2.67796429476e-09, 1.09787876568e-07, 5.67798466022e-08, 4.61573478105e-07, 1.6043316009e-07, 6.09173156363e-08, 3.70733554966e-09, 2.07045802725e-09, 8.09030442639e-09, 2.86705170716e-09, 1.1239871256e-08, 6.39974784278e-09, 2.21155760372e-09, 3.67439731974e-08, 1.1195437466e-08, 2.27422480847e-09, 8.1586881695e-10, 6.54259368904e-10, 4.03851091457e-10, 3.54457629914e-10, 2.00899810676e-10, 4.65570582087e-10, 6.89251378194e-10, 3.38505307118e-10, 1.03679176355e-10, 6.24106599734e-11, 5.06719596838e-11, 3.47124690103e-11, 5.77783047101e-12, 2.45297185342e-12, 5.32741862777e-12, 5.72034065081e-13, 2.12744725265e-13, 1.88559603586e-13, 1.71849080105e-13, 1.73312319357e-13, 2.25682130319e-13, 3.28503934124e-13],
        "dvar2": [2.57163700057e-11, 6.95520377403e-11, 7.50358264412e-09, 3.71649719e-07, 1.54687000986e-07, 1.02143860659e-06, 3.72254987724e-07, 1.7521587381e-07, 1.33911752798e-08, 4.36000613391e-09, 1.85451725088e-08, 6.8706560441e-09, 3.21049995478e-08, 1.30412045607e-08, 6.62321886225e-09, 1.1113008469e-07, 3.39823138518e-08, 6.05801186992e-09, 2.08927297685e-09, 1.7035730604e-09, 8.45317482678e-10, 8.63865146083e-10, 4.34336233646e-10, 1.43982359369e-09, 1.88119675393e-09, 7.22916948526e-10, 1.4608496357e-10, 9.21335438497e-11, 1.23884014158e-10, 8.0328077523e-11, 1.22623109583e-11, 7.12896191732e-12, 1.51610772547e-11, 1.41888681793e-12, 4.71968763984e-13, 4.54134261663e-13, 3.44214890965e-13, 3.97991752402e-13, 5.06206025448e-13, 7.59749576619e-13],
        "max": [3.9597711293e-05, 4.85219243274e-05, 0.000455445464468, 0.00239129411057, 0.0023514397908, 0.00809789076447, 0.00469457404688, 0.0022488553077, 0.000579210696742, 0.000512045109645, 0.00100144080352, 0.000816754763946, 0.00114060880151, 0.00107418454718, 0.000410895561799, 0.00180016038939, 0.00100330356508, 0.000455423898529, 0.000263568479568, 0.00033026500023, 0.000267779571004, 0.000247987540206, 0.00020548820612, 0.000245536357397, 0.000249061238719, 0.000265164737357, 0.000141372613143, 0.000128674320877, 7.0183778007e-05, 6.25550092082e-05, 3.19309183396e-05, 1.73218049895e-05, 2.3327074814e-05, 8.2639098764e-06, 8.08201639302e-06, 7.34106333766e-06, 6.73504837323e-06, 7.91400452727e-06, 6.70473491482e-06, 7.47059721107e-06],
        "mean": [3.13094005833e-06, 5.02088323628e-06, 3.29600916302e-05, 0.000123265592265, 0.000137747541885, 0.000247235468123, 0.000126948478282, 0.000107651991129, 2.76510982076e-05, 2.75737511402e-05, 2.24810737564e-05, 1.95901666302e-05, 1.97396657313e-05, 2.17434262595e-05, 2.49083113886e-05, 5.19295135746e-05, 2.19734465645e-05, 1.49210418385e-05, 1.164610876e-05, 1.25595870486e-05, 1.29241598188e-05, 9.65768231254e-06, 7.40076484362e-06, 8.14346549305e-06, 1.04580549305e-05, 8.51916411193e-06, 5.62701097806e-06, 5.02164175487e-06, 4.13279940403e-06, 2.71392582363e-06, 1.38122084081e-06, 9.89549334918e-07, 7.35071807867e-07, 4.90184902446e-07, 3.85488476695e-07, 3.38691023671e-07, 3.41320884445e-07, 3.36625276987e-07, 3.10828795591e-07, 3.1570181136e-07],
        "median": [1.55189752604e-06, 2.0972713628e-06, 6.32895307717e-06, 5.41790086572e-06, 5.54870894121e-06, 3.97889516535e-06, 1.76900050519e-06, 1.06995162241e-06, 1.03929244233e-06, 7.24991025436e-07, 8.6187924353e-07, 1.22011897474e-06, 1.2406295582e-06, 2.00732961275e-06, 2.18619720727e-06, 4.94704681842e-06, 9.38625532854e-07, 3.8189608631e-07, 5.41566862466e-07, 1.13895089271e-06, 4.94156381592e-07, 2.08153011272e-07, 1.45582035316e-07, 2.28269996683e-07, 1.90079532558e-07, 9.39317743587e-08, 5.6165745832e-08, 8.47347649824e-08, 5.47097904757e-08, 2.20511502391e-08, 1.33391209189e-08, 1.49788963455e-08, 8.86666029487e-09, 4.80129314084e-09, 4.93377116939e-09, 3.73005715204e-09, 4.06325151303e-09, 5.90292215108e-09, 4.38680425319e-09, 3.71453512393e-09],
        "min": [1.22898455857e-07, 1.67381585925e-07, 3.71814792288e-07, 2.67853437208e-07, 3.29034179458e-07, 1.7853184886e-07, 1.38367298064e-07, 1.19806244925e-07, 6.46829150242e-08, 4.40340883756e-08, 4.05635631751e-08, 5.88672861568e-08, 6.1269524565e-08, 4.82131561341e-08, 2.00023340113e-08, 2.82547478747e-08, 4.59899673899e-08, 2.45659812492e-08, 1.05289235108e-08, 1.95994722674e-08, 8.30503665838e-09, 5.46883827113e-09, 1.39560398793e-08, 2.13385931147e-08, 1.26631025665e-08, 7.60601270855e-09, 4.86783635623e-09, 5.00469488074e-09, 2.88193313658e-09, 1.58814472684e-09, 2.03495642559e-09, 1.64095015354e-09, 1.48746459594e-09, 1.12563125487e-09, 1.24399313073e-09, 1.48244794218e-09, 1.43276657205e-09, 9.90200255124e-10, 1.19669096854e-09, 1.55083501596e-09],
        "var": [2.58513471046e-11, 5.49743688072e-11, 4.23003099215e-09, 1.20559661809e-07, 1.20249907809e-07, 7.01511908119e-07, 2.27503733186e-07, 1.13723068296e-07, 5.96220450788e-09, 6.77170941543e-09, 8.95597018769e-09, 6.97549307205e-09, 9.71984004394e-09, 9.26028143056e-09, 4.17327816749e-09, 3.06430081309e-08, 7.46315453881e-09, 2.53876897283e-09, 1.21761467575e-09, 1.35934841161e-09, 1.35573852145e-09, 7.64477814386e-10, 5.10486763972e-10, 6.29703733601e-10, 1.11387288282e-09, 8.34052271692e-10, 3.48439194164e-10, 2.55761023471e-10, 1.39502381868e-10, 6.66288552109e-11, 1.51420577466e-11, 8.22036883008e-12, 6.05403791334e-12, 1.93997487345e-12, 1.36068174957e-12, 1.01950500993e-12, 1.06149887057e-12, 1.06657727355e-12, 8.80135862195e-13, 1.05890329057e-12]
    },
    "mfcc": {
        "mean": [-800.565124512, 111.687423706, -29.6125736237, 8.20239925385, 4.43126869202, -0.0223442651331, 1.80781149864, -13.3292188644, -13.4074716568, -10.2058963776, -6.51183652878, -0.983664870262, -2.42694973946],
        "cov": [[13028.0166016, -1931.39489746, -437.980194092, 329.934356689, -960.434936523, -989.641662598, -996.277404785, -891.17590332, -561.113708496, -306.029388428, -151.051315308, -126.50970459, -254.074386597], [-1931.39489746, 401.912963867, 117.191978455, -70.4613113403, 134.974151611, 116.313903809, 135.517868042, 118.607757568, 73.4355316162, 47.8068809509, 4.3741736412, 24.0102214813, 54.6824226379], [-437.980194092, 117.191978455, 141.807479858, -3.18319964409, 21.6766796112, -17.7684822083, -3.62630367279, 14.6715679169, 18.4217910767, 20.8661499023, -0.147255569696, 5.70402240753, 12.7119245529], [329.934356689, -70.4613113403, -3.18319964409, 112.250434875, -0.916700363159, -26.1270103455, -35.3918151855, -26.1025848389, -12.2862148285, -10.1719894409, 2.41546821594, -2.89264750481, -19.8097991943], [-960.434936523, 134.974151611, 21.6766796112, -0.916700363159, 120.08782959, 108.400619507, 88.7185058594, 61.1908721924, 30.6361904144, 17.8251781464, 5.69557476044, 9.72966098785, 16.6206760406], [-989.641662598, 116.313903809, -17.7684822083, -26.1270103455, 108.400619507, 150.820465088, 116.468978882, 73.3848724365, 35.049659729, 14.3204746246, 8.69284248352, 6.52108812332, 17.0035190582], [-996.277404785, 135.517868042, -3.62630367279, -35.3918151855, 88.7185058594, 116.468978882, 125.142692566, 86.475944519, 41.2670249939, 21.0335083008, 4.22170972824, 9.20556163788, 21.3443717957], [-891.17590332, 118.607757568, 14.6715679169, -26.1025848389, 61.1908721924, 73.3848724365, 86.475944519, 111.319488525, 61.7342376709, 26.091375351, 18.524805069, 9.15087604523, 19.6543560028], [-561.113708496, 73.4355316162, 18.4217910767, -12.2862148285, 30.6361904144, 35.049659729, 41.2670249939, 61.7342376709, 66.6038970947, 27.5236721039, 19.0509281158, 5.12990617752, 13.9564342499], [-306.029388428, 47.8068809509, 20.8661499023, -10.1719894409, 17.8251781464, 14.3204746246, 21.0335083008, 26.091375351, 27.5236721039, 31.811164856, 16.3413963318, 7.75401115417, 8.8319978714], [-151.051315308, 4.3741736412, -0.147255569696, 2.41546821594, 5.69557476044, 8.69284248352, 4.22170972824, 18.524805069, 19.0509281158, 16.3413963318, 42.5634841919, 11.6816482544, 4.29950904846], [-126.50970459, 24.0102214813, 5.70402240753, -2.89264750481, 9.72966098785, 6.52108812332, 9.20556163788, 9.15087604523, 5.12990617752, 7.75401115417, 11.6816482544, 28.1441040039, 15.6315326691], [-254.074386597, 54.6824226379, 12.7119245529, -19.8097991943, 16.6206760406, 17.0035190582, 21.3443717957, 19.6543560028, 13.9564342499, 8.8319978714, 4.29950904846, 15.6315326691, 34.2655601501]],
