{
"lowlevel": {
    "average_loudness": 0.666326522827,
    "barkbands_crest": {
        "dmean": 2.828738451,
        "dmean2": 5.11817550659,
        "dvar": 10.9617776871,
        "dvar2": 31.7497463226,
        "max": 22.4106483459,
        "mean": 7.3579044342,
        "median": 5.21804714203,
        "min": 2.94766974449,
        "var": 23.8472213745
    },
    "barkbands_flatness_db": {
        "dmean": 0.0205881744623,
        "dmean2": 0.0360140241683,
        "dvar": 0.000563714304008,
        "dvar2": 0.00170940649696,
        "max": 0.183474063873,
        "mean": 0.0773577019572,
        "median": 0.0706058144569,
        "min": 0.029890447855,
        "var": 0.000844179710839
    },
    "barkbands_kurtosis": {
        "dmean": 1.58986055851,
        "dmean2": 2.83044147491,
        "dvar": 10.6157922745,
        "dvar2": 28.3480892181,
        "max": 22.9272060394,
        "mean": 0.973009645939,
        "median": 0.166085481644,
        "min": -1.45545339584,
        "var": 10.0540132523
    },
    "barkbands_skewness": {
        "dmean": 0.523315727711,
        "dmean2": 0.886589586735,
        "dvar": 0.369478315115,
        "dvar2": 0.978161036968,
        "max": 2.58696699142,
        "mean": 0.174811005592,
        "median": 0.154082238674,
        "min": -4.40435934067,
        "var": 1.00567913055
    },
    "barkbands_spread": {
        "dmean": 8.98722934723,
        "dmean2": 14.9669437408,
        "dvar": 95.098526001,
        "dvar2": 282.623535156,
        "max": 78.2216796875,
        "mean": 30.4201469421,
        "median": 27.0996322632,
        "min": 8.74387645721,
        "var": 184.26789856
    },
    "dissonance": {
        "dmean": 0.00838144216686,
        "dmean2": 0.0145065430552,
        "dvar": 8.23082809802e-05,
        "dvar2": 0.000255580962403,
        "max": 0.499999880791,
        "mean": 0.489733368158,
        "median": 0.492769300938,
        "min": 0.429860115051,
        "var": 0.0001045884419
    },
    "dynamic_complexity": 11.043299675,
    "erbbands_crest": {
        "dmean": 1.74836945534,
        "dmean2": 2.99706053734,
        "dvar": 3.13593292236,
        "dvar2": 8.2882232666,
        "max": 17.3130626678,
        "mean": 6.25675439835,
        "median": 5.64006710052,
        "min": 3.24317359924,
        "var": 5.32760000229
    },
    "erbbands_flatness_db": {
        "dmean": 0.0140576586127,
        "dmean2": 0.0219141580164,
        "dvar": 0.000191919723875,
        "dvar2": 0.000406788749387,
        "max": 0.233569905162,
        "mean": 0.1545483917,
        "median": 0.150536254048,
        "min": 0.080928042531,
        "var": 0.00097758276388
    },
    "erbbands_kurtosis": {
        "dmean": 0.762428879738,
        "dmean2": 1.21794712543,
        "dvar": 1.07817423344,
        "dvar2": 2.25638628006,
        "max": 7.44576454163,
        "mean": 0.829062223434,
        "median": 0.420902252197,
        "min": -1.14388632774,
        "var": 2.2081258297
    },
    "erbbands_skewness": {
        "dmean": 0.301694899797,
        "dmean2": 0.501503646374,
        "dvar": 0.114881888032,
        "dvar2": 0.235346749425,
        "max": 1.75872921944,
        "mean": 0.270109623671,
        "median": 0.265167355537,
        "min": -2.77557229996,
        "var": 0.371285170317
    },
    "erbbands_spread": {
        "dmean": 5.06292629242,
        "dmean2": 8.25513362885,
        "dvar": 28.1483154297,
        "dvar2": 60.7139053345,
        "max": 53.6760559082,
        "mean": 25.0959224701,
        "median": 23.6248054504,
        "min": 9.59127616882,
        "var": 63.2730140686
    },
    "hfc": {
        "dmean": 3.66693401337,
        "dmean2": 4.49357795715,
        "dvar": 51.872756958,
        "dvar2": 90.9906158447,
        "max": 128.261322021,
        "mean": 15.0687952042,
        "median": 0.743867576122,
        "min": 0.0765869542956,
        "var": 902.371765137
    },
    "melbands_crest": {
        "dmean": 2.6845331192,
        "dmean2": 4.42637491226,
        "dvar": 7.23481225967,
        "dvar2": 19.2298526764,
        "max": 27.6606731415,
        "mean": 8.27396011353,
        "median": 6.18264102936,
        "min": 2.84082841873,
        "var": 28.7154006958
    },
    "melbands_flatness_db": {
        "dmean": 0.0176766701043,
        "dmean2": 0.0290186703205,
        "dvar": 0.000275689875707,
        "dvar2": 0.00074242631672,
        "max": 0.164263248444,
        "mean": 0.0854394733906,
        "median": 0.0822357386351,
        "min": 0.021341143176,
        "var": 0.000920077087358
    },
    "melbands_kurtosis": {
        "dmean": 1.11667943001,
        "dmean2": 1.88115656376,
        "dvar": 1.51915574074,
        "dvar2": 4.26273965836,
        "max": 7.62731361389,
        "mean": 1.06790888309,
        "median": 0.603837013245,
        "min": -1.72441697121,
        "var": 2.97706246376
    },
    "melbands_skewness": {
        "dmean": 0.36580440402,
        "dmean2": 0.597440600395,
        "dvar": 0.126917004585,
        "dvar2": 0.290383428335,
        "max": 2.42203521729,
        "mean": 0.632131993771,
        "median": 0.600538849831,
        "min": -1.65273177624,
        "var": 0.375618457794
    },
    "melbands_spread": {
        "dmean": 12.46322155,
        "dmean2": 20.9621582031,
        "dvar": 355.771606445,
        "dvar2": 1046.72802734,
        "max": 217.963195801,
        "mean": 50.0611763,
        "median": 44.9247665405,
        "min": 11.5995578766,
        "var": 667.80670166
    },
    "pitch_salience": {
        "dmean": 0.0736855119467,
        "dmean2": 0.130682975054,
        "dvar": 0.00797056872398,
        "dvar2": 0.0227604601532,
        "max": 0.843766391277,
        "mean": 0.677187085152,
        "median": 0.742569923401,
        "min": 0.182390540838,
        "var": 0.0228948667645
    },
    "silence_rate_20dB": {
        "dmean": 0,
        "dmean2": 0,
        "dvar": 0,
        "dvar2": 0,
        "max": 1,
        "mean": 1,
        "median": 1,
        "min": 1,
        "var": 0
    },
    "silence_rate_30dB": {
        "dmean": 0,
        "dmean2": 0,
        "dvar": 0,
        "dvar2": 0,
        "max": 1,
        "mean": 1,
        "median": 1,
        "min": 1,
        "var": 0
    },
    "silence_rate_60dB": {
        "dmean": 0.0335570462048,
        "dmean2": 0.0675675645471,
        "dvar": 0.0324310027063,
        "dvar2": 0.0630021691322,
        "max": 1,
        "mean": 0.786666691303,
        "median": 1,
        "min": 0,
        "var": 0.167822316289
    },
    "spectral_centroid": {
        "dmean": 312.543609619,
        "dmean2": 488.966278076,
        "dvar": 136766.71875,
        "dvar2": 278942.21875,
        "max": 6051.85986328,
        "mean": 2447.51074219,
        "median": 2238.24511719,
        "min": 1272.68237305,
        "var": 622346.5
    },
    "spectral_complexity": {
        "dmean": 1.93288588524,
        "dmean2": 2.84459447861,
        "dvar": 14.7069063187,
        "dvar2": 24.9690933228,
        "max": 52,
        "mean": 9.11333370209,
        "median": 0,
        "min": 0,
        "var": 264.180358887
    },
    "spectral_decrease": {
        "dmean": 1.8639273458e-10,
        "dmean2": 2.59474941533e-10,
        "dvar": 1.62937532998e-19,
        "dvar2": 3.21526189774e-19,
        "max": -4.92110909314e-12,
        "mean": -7.17625014968e-10,
        "median": -9.69929969674e-11,
        "min": -7.89627030429e-09,
        "var": 2.19458502495e-18
    },
    "spectral_energy": {
        "dmean": 0.00100048724562,
        "dmean2": 0.00136049382854,
        "dvar": 4.25265261583e-06,
        "dvar2": 7.73503779783e-06,
        "max": 0.0414360389113,
        "mean": 0.0040752668865,
        "median": 0.000441275537014,
        "min": 2.64077989414e-05,
        "var": 6.82873651385e-05
    },
    "spectral_energyband_high": {
        "dmean": 0.0003166992974,
        "dmean2": 0.000399038923206,
        "dvar": 3.78917064836e-07,
        "dvar2": 7.31381646801e-07,
        "max": 0.0101096592844,
        "mean": 0.00109941582195,
        "median": 3.49733163603e-05,
        "min": 2.21705477088e-06,
        "var": 4.85604232381e-06
    },
    "spectral_energyband_low": {
        "dmean": 1.44594159792e-05,
        "dmean2": 2.66995484708e-05,
        "dvar": 4.47838877093e-10,
        "dvar2": 1.34629563053e-09,
        "max": 0.000159277842613,
        "mean": 1.90754835785e-05,
        "median": 1.02619733298e-05,
        "min": 3.88418413877e-07,
        "var": 5.74056802094e-10
    },
    "spectral_energyband_middle_high": {
        "dmean": 0.000625772809144,
        "dmean2": 0.000786283635534,
        "dvar": 2.54502992902e-06,
        "dvar2": 4.42884493168e-06,
        "max": 0.0308863669634,
        "mean": 0.00262409658171,
        "median": 0.000222921633394,
        "min": 5.78679646424e-06,
        "var": 3.18088896165e-05
    },
    "spectral_energyband_middle_low": {
        "dmean": 0.000188731268281,
        "dmean2": 0.000309246039251,
        "dvar": 2.68159340067e-07,
        "dvar2": 7.43572229567e-07,
        "max": 0.00605040183291,
        "mean": 0.000316552090226,
        "median": 8.57017585076e-05,
        "min": 1.59024943969e-06,
        "var": 4.92425954235e-07
    },
    "spectral_entropy": {
        "dmean": 0.0891724154353,
        "dmean2": 0.146985262632,
        "dvar": 0.00740297278389,
        "dvar2": 0.0155973173678,
        "max": 8.7927904129,
        "mean": 8.13057422638,
        "median": 8.10516452789,
        "min": 7.68369960785,
        "var": 0.0380478389561
    },
    "spectral_flux": {
        "dmean": 0.00421175500378,
        "dmean2": 0.00565381580964,
        "dvar": 2.35371589952e-05,
        "dvar2": 4.13378766098e-05,
        "max": 0.127725929022,
        "mean": 0.0285747628659,
        "median": 0.0152446459979,
        "min": 0.00288474885747,
        "var": 0.000903335690964
    },
    "spectral_kurtosis": {
        "dmean": 1.01277267933,
        "dmean2": 1.71130979061,
        "dvar": 1.07609200478,
        "dvar2": 2.3230304718,
        "max": 12.0780353546,
        "mean": 5.25298833847,
        "median": 4.58017539978,
        "min": -1.24723315239,
        "var": 8.77575492859
    },
    "spectral_rms": {
        "dmean": 0.000220137328142,
        "dmean2": 0.000312095333356,
        "dvar": 7.25569577753e-08,
        "dvar2": 1.25951515884e-07,
        "max": 0.00635809730738,
        "mean": 0.00133655534592,
        "median": 0.000656125950627,
        "min": 0.000160510768183,
        "var": 2.18949003283e-06
    },
    "spectral_rolloff": {
        "dmean": 795.861450195,
        "dmean2": 1354.4095459,
        "dvar": 1133174,
        "dvar2": 3125055.25,
        "max": 11843.2617188,
        "mean": 4212.32519531,
        "median": 2680.88378906,
        "min": 473.73046875,
        "var": 9444691
    },
    "spectral_skewness": {
        "dmean": 0.166793614626,
        "dmean2": 0.259447097778,
        "dvar": 0.0295432582498,
        "dvar2": 0.0606497637928,
        "max": 2.67252159119,
        "mean": 1.76182794571,
        "median": 1.72445082664,
        "min": 0.0121912285686,
        "var": 0.190462782979
    },
    "spectral_spread": {
        "dmean": 536562.8125,
        "dmean2": 821500.375,
        "dvar": 1.15112778138e+12,
        "dvar2": 1.57716709376e+12,
        "max": 16601671,
        "mean": 5394300.5,
        "median": 5069201,
        "min": 3254588.25,
        "var": 2.69511163904e+12
    },
    "spectral_strongpeak": {
        "dmean": 0.282199114561,
        "dmean2": 0.47041234374,
        "dvar": 0.203620448709,
        "dvar2": 0.580873072147,
        "max": 2.99609017372,
        "mean": 0.415774017572,
        "median": 0.133006542921,
        "min": 0,
        "var": 0.359023094177
    },
    "zerocrossingrate": {
        "dmean": 0.0172864664346,
        "dmean2": 0.0216394364834,
        "dvar": 0.000362908031093,
        "dvar2": 0.000504271592945,
        "max": 0.39453125,
        "mean": 0.157291665673,
        "median": 0.130859375,
        "min": 0.03759765625,
        "var": 0.00518056564033
    },
    "barkbands": {
        "dmean": [4.55602130387e-05, 1.08093092877e-06, 1.72543877852e-06, 4.88219075123e-06, 1.23372437884e-05, 2.76629798464e-05, 1.58810871653e-05, 0.000146078542457, 5.09176061314e-05, 5.71106320422e-05, 5.32574304088e-05, 6.14924283582e-05, 0.000111722103611, 0.000140836302307, 0.000151992193423, 0.000122355384519, 9.79209580692e-05, 0.000132179979119, 0.000160644660355, 9.73322894424e-05, 9.94914298644e-05, 1.93906871573e-05, 2.98279064737e-05, 8.34581514937e-05, 9.09428708837e-05, 1.91024810192e-05, 3.57958242603e-06],
        "dmean2": [8.51870936458e-05, 1.96211271941e-06, 3.03098318e-06, 9.02999272512e-06, 1.97924018721e-05, 4.73857980978e-05, 2.77883427771e-05, 0.000243586182478, 9.25727508729e-05, 8.95442499314e-05, 8.13841616036e-05, 0.000100395052868, 0.000144961930346, 0.000212933999137, 0.000265147886239, 0.000196421940927, 0.000143645098433, 0.000208492798265, 0.000265979120741, 0.000151950604049, 0.000125231032143, 2.85293808702e-05, 4.98541521665e-05, 0.000122094686958, 0.000124808531837, 2.80113199551e-05, 4.41004613094e-06],
        "dvar": [5.9849387668e-09, 9.37203765115e-13, 2.41212570751e-11, 2.12809644906e-10, 8.52451276234e-10, 3.81444564823e-09, 8.20856382866e-10, 2.33425581087e-07, 2.4228041795e-08, 1.75405645564e-08, 9.90632909037e-09, 2.33313031117e-08, 1.03756363501e-07, 1.14595039236e-07, 2.07757622661e-07, 1.51084165623e-07, 6.07486043691e-08, 1.37023022262e-07, 1.52368940576e-07, 5.90574202874e-08, 6.90961101668e-08, 1.57389090649e-09, 4.53304904724e-09, 3.06612157885e-08, 3.96625736698e-08, 2.26322005581e-09, 5.50515084907e-11],
        "dvar2": [1.99264942324e-08, 2.81106539955e-12, 6.75862352195e-11, 6.25064611182e-10, 2.14283768507e-09, 8.53952020208e-09, 2.69021205312e-09, 6.30145052583e-07, 8.01808894835e-08, 4.00320807614e-08, 2.31346302115e-08, 6.32672509937e-08, 1.67032652598e-07, 3.11280558662e-07, 5.74574926304e-07, 2.9055834716e-07, 1.01511268724e-07, 3.31741802029e-07, 3.65390150137e-07, 1.40819651051e-07, 1.46878889495e-07, 3.26857962918e-09, 1.32926629703e-08, 5.88848898531e-08, 9.70048432691e-08, 6.03985617076e-09, 7.72958225204e-11],
        "max": [0.000562444911338, 6.78909827911e-06, 3.28210589942e-05, 0.0001060145878, 0.000255684775766, 0.000429889478255, 0.000200700684218, 0.00533980503678, 0.00139297940768, 0.00129479973111, 0.00101013586391, 0.00168034411035, 0.00474080536515, 0.00387880578637, 0.00548308808357, 0.00532012386248, 0.00373475044034, 0.00378324394114, 0.00459624407813, 0.00314603419974, 0.00377012905665, 0.000613056996372, 0.000633047893643, 0.00247743492946, 0.00230731908232, 0.000382956815884, 0.000137815251946],
        "mean": [4.36825175711e-05, 1.63656659424e-06, 1.46062893691e-06, 3.53933114638e-06, 1.37604774864e-05, 3.60313861165e-05, 1.90399114217e-05, 0.00017187881167, 6.27429690212e-05, 0.000101181598438, 9.57771480898e-05, 9.11401584744e-05, 0.000211780963582, 0.00029150643968, 0.000276171398582, 0.000295113277389, 0.000281065847958, 0.000399963115342, 0.000409000203945, 0.00028840766754, 0.000218449305976, 6.72365713399e-05, 6.91335371812e-05, 0.000267408206128, 0.000284301087959, 5.35337130714e-05, 1.90462851606e-05],
        "median": [1.77751026058e-05, 1.33194862428e-06, 3.64078459825e-07, 7.99328631729e-07, 5.41337840332e-06, 7.39283177609e-06, 6.59757233734e-06, 1.95144184545e-05, 1.32030090754e-05, 1.925203469e-05, 2.0224484615e-05, 1.84595901374e-05, 2.60413780779e-05, 2.61965869868e-05, 2.00349386432e-05, 1.7510548787e-05, 1.15142438517e-05, 8.91366471478e-06, 1.12165680548e-05, 8.84933433554e-06, 6.77158550388e-06, 1.600140763e-06, 6.3519082687e-06, 5.97093730903e-06, 4.14466194343e-06, 7.07860181137e-07, 2.08414212466e-06],
        "min": [1.66752691655e-08, 5.57999335626e-08, 2.35522819025e-08, 2.27260503749e-08, 5.5126029963e-08, 2.76093885532e-07, 1.23317121847e-07, 6.89529500164e-08, 1.2878642508e-07, 6.7219488642e-08, 2.41559746428e-07, 2.56366547546e-07, 6.52376343169e-07, 3.7180251411e-07, 5.63094886274e-07, 2.25855671943e-07, 4.01048140475e-07, 2.09056821632e-07, 1.54315245027e-07, 1.18383553627e-07, 9.20136571381e-08, 4.86727209648e-08, 5.0945256902e-08, 7.48501562953e-08, 7.66994361356e-08, 1.16000990147e-07, 1.14454007871e-06],
        "var": [5.74739944526e-09, 1.87489086756e-12, 1.7743606931e-11, 1.31298485972e-10, 8.09253997147e-10, 5.76334846514e-09, 1.1366786401e-09, 2.9800298762e-07, 2.24711484975e-08, 4.3969784258e-08, 3.17217399015e-08, 3.65484069675e-08, 3.84260061992e-07, 4.27932718594e-07, 4.65197331323e-07, 6.44360568458e-07, 4.67051535225e-07, 7.65758954913e-07, 8.42087104047e-07, 4.22943173817e-07, 3.07690072532e-07, 1.96339211556e-08, 1.85567845534e-08, 2.92716492822e-07, 2.84009729512e-07, 1.02828066062e-08, 1.03706587762e-09]
    },
    "erbbands": {
        "dmean": [0.00014396935876, 0.000103718804894, 0.00123113999143, 0.0105411531404, 0.0218139197677, 0.0463114343584, 0.139721915126, 0.255414515734, 0.12472384423, 1.8420791626, 1.95680654049, 1.1035066843, 1.02347683907, 1.35336267948, 2.23088216782, 2.82464575768, 5.10468816757, 6.98955440521, 8.16038131714, 6.00751256943, 5.82797908783, 5.69058704376, 7.39067411423, 6.53110313416, 8.45419502258, 3.79069519043, 2.12981629372, 5.18018913269, 0.829535186291, 0.609725236893, 0.835124194622, 1.85797429085, 1.3458032608, 0.94299441576, 0.725499391556, 0.184087514877, 0.0154707878828, 0.00519490614533, 0.00062272103969, 1.96023775061e-05],
        "dmean2": [0.000267052440904, 0.00018221103528, 0.00215180870146, 0.0197904296219, 0.0364784374833, 0.0771775841713, 0.250497251749, 0.425744831562, 0.193791359663, 3.07565999031, 3.21366000175, 2.05707788467, 1.55304908752, 1.96644425392, 3.7119705677, 4.60288667679, 7.02554416656, 11.4648351669, 14.2398633957, 9.8939781189, 9.58547687531, 8.74314308167, 11.7671575546, 9.71689796448, 13.0789165497, 5.59042835236, 3.06338238716, 7.10776424408, 1.1766295433, 0.958566486835, 1.37328529358, 2.78498506546, 2.06794095039, 1.51017570496, 0.98497235775, 0.280046522617, 0.0240004975349, 0.00677971495315, 0.000797776738182, 2.76846622e-05],
        "dvar": [4.151712929e-08, 1.21292105248e-08, 1.14345120892e-05, 0.000965676445048, 0.00333939213306, 0.0119936726987, 0.158593177795, 0.423196852207, 0.0584786869586, 32.406124115, 38.8538894653, 13.2195978165, 5.27616500854, 7.68046474457, 18.8966674805, 65.0246047974, 268.209533691, 295.860717773, 703.590820312, 377.06072998, 324.884735107, 193.895874023, 377.573730469, 217.640213013, 449.02166748, 86.0685348511, 27.3589839935, 223.537536621, 3.17883491516, 1.57727432251, 2.92891359329, 15.3199605942, 8.56545543671, 4.21655511856, 2.47866010666, 0.266241818666, 0.0014610303333, 0.000129162930534, 1.46126592426e-06, 1.37041122894e-09],
        "dvar2": [1.30669590703e-07, 3.3397441257e-08, 3.24106367771e-05, 0.00269891973585, 0.00882017053664, 0.0308056194335, 0.466736912727, 0.844947934151, 0.1100256145, 91.6052474976, 105.892990112, 42.4414901733, 12.3762331009, 17.3950614929, 46.2139472961, 166.84022522, 410.043029785, 909.109558105, 2086.25097656, 757.880554199, 635.909667969, 369.318115234, 981.364013672, 505.359954834, 1025.51049805, 189.169235229, 48.3734855652, 526.29675293, 6.97562408447, 3.71866750717, 7.46873521805, 29.0967693329, 17.2159690857, 10.6119041443, 5.38865566254, 0.755515754223, 0.00373553019017, 0.000252544792602, 2.57932902059e-06, 2.98722646619e-09],
        "max": [0.0017381592188, 0.000682190759107, 0.0231876950711, 0.203708767891, 0.571643412113, 0.946672081947, 2.80320930481, 5.22603368759, 2.42226290703, 61.260181427, 70.4174804688, 34.2921028137, 24.3912181854, 29.9553813934, 41.2567481995, 96.43384552, 218.103729248, 186.001937866, 331.823455811, 241.028457642, 250.268585205, 206.239273071, 218.070953369, 193.252593994, 226.815078735, 130.36958313, 72.0687942505, 199.329864502, 27.302570343, 16.9446735382, 20.9437160492, 57.7477416992, 31.2896556854, 20.451965332, 20.4088687897, 4.39828109741, 0.392235726118, 0.182607114315, 0.0205464046448, 0.000678985728882],
        "mean": [0.000221959053306, 0.000151267551701, 0.00111456704326, 0.00828155875206, 0.0214312896132, 0.0498219691217, 0.132218658924, 0.354709416628, 0.213671922684, 2.15088891983, 2.58695006371, 1.48208165169, 2.17249727249, 3.44443273544, 4.02012777328, 4.5500369072, 9.6441783905, 13.7086868286, 15.7211294174, 14.309589386, 16.1361579895, 16.3809642792, 20.849822998, 20.8234062195, 20.4692058563, 13.3787298203, 6.51553201675, 10.1980495453, 2.79507136345, 1.8030602932, 2.33212304115, 5.48872661591, 3.87733435631, 2.80952358246, 2.2257232666, 0.500079631805, 0.0497250966728, 0.0207859966904, 0.00289612519555, 0.000117846109788],
        "median": [0.000128593528643, 0.000113969472295, 0.000386730651371, 0.00199425779283, 0.00821252726018, 0.0178790837526, 0.0340690985322, 0.0719022229314, 0.0792751014233, 0.341588586569, 0.357388943434, 0.326053500175, 0.518527507782, 0.727694869041, 0.830288410187, 0.881905555725, 1.27959036827, 1.31553387642, 1.45768332481, 1.04316842556, 0.821475863457, 0.687435209751, 0.465084731579, 0.520911455154, 0.483987152576, 0.413872480392, 0.341374337673, 0.189344227314, 0.0699636638165, 0.0753344297409, 0.203390061855, 0.126078203321, 0.0995755940676, 0.0573652386665, 0.022218670696, 0.00501023186371, 0.000967178493738, 0.000571360695176, 0.000239591608988, 4.04447855544e-05],
        "min": [3.4813633647e-06, 1.20143986351e-05, 3.99606396968e-05, 7.37680384191e-05, 8.75931800692e-05, 0.000353770883521, 0.00101539795287, 0.00185635348316, 0.00223497534171, 0.00380489462987, 0.00203371420503, 0.00381931778975, 0.00351867754944, 0.00612311577424, 0.0119504081085, 0.0128119084984, 0.0277892611921, 0.0189633853734, 0.0303031504154, 0.0234333537519, 0.0189279746264, 0.0224963948131, 0.0145147154108, 0.00998135935515, 0.00940807070583, 0.00587615743279, 0.00513167772442, 0.00287116575055, 0.00162695080508, 0.00142589746974, 0.00154109671712, 0.00167355453596, 0.0012559981551, 0.000748279155232, 0.000509285833687, 0.000244932394708, 0.000245720701059, 0.000255124701653, 9.7894378996e-05, 2.13831262954e-05],
        "var": [7.15859087563e-08, 1.46824081781e-08, 8.42737063067e-06, 0.000655789452139, 0.0028643605765, 0.0105850668624, 0.10457161814, 0.67793315649, 0.153854116797, 40.4906425476, 55.2806396484, 12.5839557648, 16.827375412, 39.8175048828, 56.1738204956, 107.873695374, 853.334777832, 938.024475098, 1529.53564453, 1291.56945801, 1773.78210449, 1472.40588379, 2118.36572266, 2030.57543945, 2223.59277344, 910.209594727, 217.997161865, 718.046325684, 34.5486297607, 13.2275047302, 22.1574649811, 140.934234619, 54.348285675, 26.5982875824, 18.7012996674, 0.922273874283, 0.00846087373793, 0.00148018356413, 2.55627692241e-05, 2.23373550767e-08]
    },
    "gfcc": {
        "mean": [-139.890640259, -8.40223503113, -145.659744263, -11.5138912201, -52.6379508972, 5.32944107056, -35.5694084167, 6.52712583542, -17.5785198212, 2.86277794838, -3.18084645271, -5.89259576797, -2.06377792358],
        "cov": [[10379.0097656, -3497.21118164, -2199.08129883, 58.7945556641, -1582.13549805, -35.7284812927, -1107.24633789, 775.638916016, -673.060241699, 372.614196777, -293.375732422, 103.471382141, -161.93572998], [-3497.21118164, 2326.6652832, 599.681518555, -163.242370605, 493.219573975, -157.888793945, 418.95425415, -502.981292725, 232.939941406, -277.388122559, 44.3554611206, -115.655975342, 44.4985694885], [-2199.08129883, 599.681518555, 624.325439453, 52.3585624695, 305.004089355, 3.20385742188, 213.451904297, -133.435241699, 111.775444031, -62.6459388733, 57.5195388794, -18.6039047241, 19.7949981689], [58.7945556641, -163.242370605, 52.3585624695, 139.801116943, 8.52904033661, 29.2236595154, -2.41255187988, 25.2802772522, -21.147611618, 0.444812864065, -16.5988006592, 4.55575180054, -9.76354885101], [-1582.13549805, 493.219573975, 305.004089355, 8.52904033661, 427.604553223, -18.523815155, 191.314834595, -132.680877686, 106.831871033, -30.3203983307, 28.6072158813, 23.3060722351, 9.7896156311], [-35.7284812927, -157.888793945, 3.20385742188, 29.2236595154, -18.523815155, 210.864700317, 3.94211030006, 45.3854103088, 4.99946022034, -4.76345252991, 32.5403289795, -30.1872711182, 14.9616384506], [-1107.24633789, 418.95425415, 213.451904297, -2.41255187988, 191.314834595, 3.94211030006, 208.51789856, -53.3689193726, 81.0796813965, -24.1620903015, 18.2412910461, -4.04656839371, 25.8812484741], [775.638916016, -502.981292725, -133.435241699, 25.2802772522, -132.680877686, 45.3854103088, -53.3689193726, 171.020477295, -36.4849205017, 76.4393539429, -6.040538311, 14.0763092041, -3.53362512589], [-673.060241699, 232.939941406, 111.775444031, -21.147611618, 106.831871033, 4.99946022034, 81.0796813965, -36.4849205017, 103.471313477, -8.58709430695, 35.1714477539, 0.823125958443, 14.0277042389], [372.614196777, -277.388122559, -62.6459388733, 0.444812864065, -30.3203983307, -4.76345252991, -24.1620903015, 76.4393539429, -8.58709430695, 106.256561279, 8.60517787933, 19.1827640533, 1.69960033894], [-293.375732422, 44.3554611206, 57.5195388794, -16.5988006592, 28.6072158813, 32.5403289795, 18.2412910461, -6.040538311, 35.1714477539, 8.60517787933, 51.0250091553, 9.15062236786, 19.0389328003], [103.471382141, -115.655975342, -18.6039047241, 4.55575180054, 23.3060722351, -30.1872711182, -4.04656839371, 14.0763092041, 0.823125958443, 19.1827640533, 9.15062236786, 69.5151367188, 11.6959571838], [-161.93572998, 44.4985694885, 19.7949981689, -9.76354885101, 9.7896156311, 14.9616384506, 25.8812484741, -3.53362512589, 14.0277042389, 1.69960033894, 19.0389328003, 11.6959571838, 41.6645584106]],
        "icov": [[0.00215278682299, -0.000385497434763, 0.00407092599198, -0.0013468087418, 0.00231320224702, -0.000378944998374, 0.00326352473348, -0.00247619114816, 0.00274593289942, -0.00251218467019, 0.003363722004, -0.00310191116296, 0.00239610229619], [-0.000385497434763, 0.00425885384902, -0.000569223368075, 0.00220358837396, 0.000146366262925, 0.00284201651812, -0.00630233203992, 0.00797628890723, -0.00201564119197, 0.00413165148348, -0.00309564219788, 0.00611187517643, -0.00151463504881], [0.00407092599198, -0.000569223368075, 0.011644798331, -0.00489952368662, 0.00315850670449, 0.000587013550103, 0.00358181050979, -0.0037443570327, 0.00553423166275, -0.00351218669675, 0.000791154394392, -0.00347286253236, 0.00514751207083], [-0.0013468087418, 0.00220358837396, -0.00489952368662, 0.0118296388537, -0.00146739103366, -0.000999334966764, -0.00347965187393, 0.00328133138828, -0.00125615613069, 0.00328414607793, 0.00318613345735, 0.00162758480292, -0.000968582637142], [0.00231320224702, 0.000146366262925, 0.00315850670449, -0.00146739103366, 0.00932151544839, -0.0015415007947, -0.00106757180765, 0.00314031960443, 0.000464875571197, -0.00497651146725, 0.00521976780146, -0.00706749781966, 0.00592788821086], [-0.000378944998374, 0.00284201651812, 0.000587013550103, -0.000999334966764, -0.0015415007947, 0.010186961852, -0.00447184592485, 0.0012783985585, 5.89210831095e-05, 0.0062914211303, -0.0111579336226, 0.010255144909, -0.00348747288808], [0.00326352473348, -0.00630233203992, 0.00358181050979, -0.00347965187393, -0.00106757180765, -0.00447184592485, 0.0253048036247, -0.0167868174613, 0.00117827556096, -0.00763800833374, 0.0146664977074, -0.0103220213205, -0.00227738195099], [-0.00247619114816, 0.00797628890723, -0.0037443570327, 0.00328133138828, 0.00314031960443, 0.0012783985585, -0.0167868174613, 0.031696755439, -0.00637828651816, -4.93650222779e-05, -0.00529765710235, 0.00890247430652, -0.00160486833192], [0.00274593289942, -0.00201564119197, 0.00553423166275, -0.00125615613069, 0.000464875571197, 5.89210831095e-05, 0.00117827556096, -0.00637828651816, 0.0238156523556, -0.00347675825469, -0.00766379293054, -0.00383627228439, 0.00520073669031], [-0.00251218467019, 0.00413165148348, -0.00351218669675, 0.00328414607793, -0.00497651146725, 0.0062914211303, -0.00763800833374, -4.93650222779e-05, -0.00347675825469, 0.023206057027, -0.013020764105, 0.00954855885357, -0.00459454394877], [0.003363722004, -0.00309564219788, 0.000791154394392, 0.00318613345735, 0.00521976780146, -0.0111579336226, 0.0146664977074, -0.00529765710235, -0.00766379293054, -0.013020764105, 0.0529980845749, -0.0170473530889, -0.00634991936386], [-0.00310191116296, 0.00611187517643, -0.00347286253236, 0.00162758480292, -0.00706749781966, 0.010255144909, -0.0103220213205, 0.00890247430652, -0.00383627228439, 0.00954855885357, -0.0170473530889, 0.0342850126326, -0.0123397875577], [0.00239610229619, -0.00151463504881, 0.00514751207083, -0.000968582637142, 0.00592788821086, -0.00348747288808, -0.00227738195099, -0.00160486833192, 0.00520073669031, -0.00459454394877, -0.00634991936386, -0.0123397875577, 0.0381992459297]]
    },
    "melbands": {
        "dmean": [2.22843300435e-06, 4.53922979204e-07, 1.96974656319e-06, 2.4694181775e-06, 3.97647681893e-06, 5.37707774129e-06, 2.14559008782e-06, 2.66608458332e-05, 1.24860098367e-05, 7.84522762842e-06, 5.9218300521e-06, 6.32461387795e-06, 7.94353854872e-06, 6.70795498081e-06, 8.3771892605e-06, 1.0876732631e-05, 1.4183766325e-05, 1.38869554576e-05, 1.03280181065e-05, 9.35812749958e-06, 7.08624929757e-06, 6.74472494211e-06, 8.03678813099e-06, 6.56018210066e-06, 5.85007228437e-06, 7.93503841123e-06, 5.74585146751e-06, 2.33616515288e-06, 1.63510742368e-06, 2.62370826931e-06, 2.79409823634e-06, 4.02131348665e-07, 4.03306870567e-07, 3.73883636939e-07, 4.00452790927e-07, 1.0293856576e-06, 1.23166591948e-06, 1.05285710106e-06, 8.72753957992e-07, 8.81256255525e-07],
        "dmean2": [4.12941017203e-06, 8.04314367997e-07, 3.63295293937e-06, 4.03811372962e-06, 7.09512141839e-06, 8.99917995412e-06, 3.39334155797e-06, 4.46596168331e-05, 2.04916977964e-05, 1.43063216456e-05, 8.80189872987e-06, 9.35238767852e-06, 1.26773284137e-05, 1.12157340482e-05, 1.24362832139e-05, 1.47587143147e-05, 2.28575136134e-05, 2.31703052123e-05, 1.74085362232e-05, 1.55303223437e-05, 1.06908910311e-05, 9.67428513832e-06, 1.31875931402e-05, 1.08413896669e-05, 9.41450889513e-06, 1.33964913402e-05, 1.01232380985e-05, 3.74604451281e-06, 2.56625594375e-06, 3.57026237907e-06, 3.96271980208e-06, 6.33904562619e-07, 6.57032444451e-07, 5.80554456064e-07, 6.56496240481e-07, 1.61851221492e-06, 1.83411793842e-06, 1.55050713602e-06, 1.28604403926e-06, 1.44483158238e-06],
        "dvar": [1.35698726561e-11, 1.44258194799e-12, 3.47103457088e-11, 3.37362950076e-11, 1.26016655444e-10, 1.70734662519e-10, 1.38225646207e-11, 7.40491357121e-09, 1.57155399805e-09, 6.52723652905e-10, 1.94346275184e-10, 1.85866683156e-10, 2.29892757608e-10, 2.69390371122e-10, 7.72118868841e-10, 9.38776056891e-10, 1.15877696327e-09, 1.98994887235e-09, 7.51422646328e-10, 9.84875625498e-10, 3.63941876635e-10, 2.69774036443e-10, 5.84790549318e-10, 3.08978564956e-10, 1.93698501683e-10, 4.55927989806e-10, 2.73904315895e-10, 3.00657658492e-11, 1.62956471234e-11, 5.47871782663e-11, 6.52719822636e-11, 8.65118198433e-13, 9.69557225304e-13, 5.17025712608e-13, 6.41441218717e-13, 5.9565598981e-12, 7.56598689949e-12, 5.00978512147e-12, 3.5671153531e-12, 3.37653169313e-12],
        "dvar2": [4.30855073841e-11, 4.10927238417e-12, 9.92653390042e-11, 8.36395883108e-11, 3.66167124399e-10, 3.42379763429e-10, 2.91305694844e-11, 2.03722763104e-08, 4.21847357046e-09, 2.1108121917e-09, 4.55194076876e-10, 4.1376937987e-10, 5.32378197082e-10, 8.04649125108e-10, 1.42663170166e-09, 1.51775048085e-09, 3.45625683629e-09, 5.73213831956e-09, 1.91081928058e-09, 2.13543938088e-09, 7.55294271571e-10, 5.20464227272e-10, 1.59145074896e-09, 8.49841197414e-10, 5.09802089432e-10, 1.18159382279e-09, 7.97390875551e-10, 6.35409017069e-11, 3.99365922277e-11, 1.23391408202e-10, 1.58322924215e-10, 1.79552314857e-12, 2.55658471823e-12, 1.39495175393e-12, 1.69147443448e-12, 1.52626956212e-11, 1.38814602174e-11, 1.00125793073e-11, 8.53392443517e-12, 9.00344989535e-12],
        "max": [3.10397372232e-05, 8.38114283397e-06, 4.5514323574e-05, 5.43348942301e-05, 7.99016779638e-05, 0.000103480408143, 3.18600541505e-05, 0.000939946388826, 0.000461050804006, 0.000230304824072, 0.0001446113165, 0.000140332471346, 0.000136074086186, 0.000170389728737, 0.000343066436471, 0.000455393048469, 0.000323121872498, 0.000569065799937, 0.000313806376653, 0.000378557859221, 0.000285413087113, 0.000239849978243, 0.000251148856478, 0.000164949102327, 0.00016531010624, 0.000202603900107, 0.000186170407687, 7.26853031665e-05, 5.12505976076e-05, 9.30342066567e-05, 0.000107708605356, 1.38133837027e-05, 1.04430455394e-05, 8.32882415125e-06, 8.99319093151e-06, 2.79996202153e-05, 3.67482316506e-05, 2.38983830059e-05, 1.77935762622e-05, 1.77751717274e-05],
        "mean": [3.21212723975e-06, 4.33995410276e-07, 1.62295839345e-06, 2.58483260041e-06, 3.93444315705e-06, 7.41273242966e-06, 3.24187453771e-06, 3.11029034492e-05, 1.82000367204e-05, 9.27345809032e-06, 1.1904463463e-05, 1.46005004353e-05, 1.33766670842e-05, 1.07080622911e-05, 1.50474070324e-05, 2.12839186133e-05, 2.67997875198e-05, 2.60839806288e-05, 2.00583763217e-05, 1.96314795176e-05, 1.81828727364e-05, 1.51705371536e-05, 2.15511608985e-05, 1.70596940734e-05, 1.66961417563e-05, 1.61424213729e-05, 1.27692346723e-05, 7.96922449808e-06, 3.74903675038e-06, 5.28862256033e-06, 5.69400845052e-06, 1.44467082919e-06, 1.08595861548e-06, 9.52072241489e-07, 1.07191158349e-06, 2.39723021878e-06, 3.69143799617e-06, 2.77964545603e-06, 2.30974546866e-06, 2.44278908212e-06],
        "median": [1.68513179233e-06, 1.76437310984e-07, 4.52721337751e-07, 1.0188360875e-06, 1.1659952861e-06, 1.59448109116e-06, 1.23874451674e-06, 4.485008958e-06, 2.88718092634e-06, 1.9605745365e-06, 2.62328376266e-06, 2.9118286875e-06, 2.69756992566e-06, 2.08417623071e-06, 2.1068535716e-06, 2.78149082078e-06, 2.43811064138e-06, 2.29333591051e-06, 1.58687100793e-06, 1.41585337587e-06, 8.23405116535e-07, 7.1510169164e-07, 4.15671081555e-07, 4.37095707184e-07, 4.0914645183e-07, 3.55739643965e-07, 3.16839958714e-07, 2.41202940288e-07, 2.06230879485e-07, 1.63917121654e-07, 8.74329586509e-08, 3.5597267356e-08, 2.3410041905e-08, 3.84735798775e-08, 1.00426120753e-07, 7.13966130661e-08, 7.59430776043e-08, 7.6883530653e-08, 6.61860326545e-08, 3.68663748418e-08],
        "min": [5.47065504009e-08, 1.95241565137e-08, 1.53132635461e-08, 1.16206884115e-08, 3.42581998325e-08, 4.3308567399e-08, 3.26662927819e-08, 3.93982517721e-08, 1.14534675077e-08, 1.96484997161e-08, 1.60912119185e-08, 1.49331675914e-08, 3.64190277935e-08, 2.44627713641e-08, 7.54323110641e-08, 6.05521179864e-08, 3.18176454073e-08, 3.77661244499e-08, 4.30367599336e-08, 1.44756659992e-08, 1.70997029869e-08, 2.6486727478e-08, 1.71893841383e-08, 9.28820842461e-09, 6.72118671829e-09, 5.66592639473e-09, 4.70020156129e-09, 3.7542959852e-09, 2.69800315422e-09, 2.68307664975e-09, 1.32933763997e-09, 8.93239537891e-10, 9.01259067376e-10, 7.7257400477e-10, 8.41981429023e-10, 8.61134552554e-10, 9.61573709546e-10, 7.82359954599e-10, 6.13252060244e-10, 5.36016342423e-10],
        "var": [1.99142872331e-11, 1.07115922035e-12, 2.29851485067e-11, 3.18069112715e-11, 8.5447156295e-11, 2.79140988102e-10, 3.18056136983e-11, 9.28654664278e-09, 2.49512455142e-09, 5.53861401187e-10, 5.44506051359e-10, 7.78181408201e-10, 6.3225930047e-10, 4.54022597296e-10, 1.76429582055e-09, 3.7114784579e-09, 3.56903218091e-09, 4.40161285198e-09, 2.16580309242e-09, 2.94641600007e-09, 2.20409179796e-09, 1.37807099065e-09, 2.45439490953e-09, 1.42606382258e-09, 1.32924937724e-09, 1.45428946663e-09, 9.03234820271e-10, 3.21714294094e-10, 7.11472894488e-11, 1.90937293754e-10, 2.1585920551e-10, 8.97736659317e-12, 5.21176331258e-12, 3.52474082907e-12, 4.41058257625e-12, 2.78396715403e-11, 6.45428085977e-11, 2.89822037897e-11, 1.8083727224e-11, 2.04000982773e-11]
    },
    "mfcc": {
        "mean": [-781.109924316, 55.3788070679, -39.4192581177, -14.6062192917, -1.21008610725, -8.44198036194, 2.1076874733, -5.66086244583, -1.44332623482, 7.33219718933, -1.48041152954, 5.24559497833, 0.176756709814],
        "cov": [[12244.5410156, -3980.97485352, -1283.12683105, -780.809997559, -692.774475098, -1187.83422852, -387.754730225, -390.727325439, -205.211700439, -165.713897705, 59.4044418335, -120.60005188, -404.680725098], [-3980.97485352, 2304.98803711, 270.343231201, 279.290893555, 81.6987075806, 418.480041504, 26.5574188232, 87.0946578979, 12.10430336, 0.857802331448, -83.5478363037, -31.6203098297, 50.805305481], [-1283.12683105, 270.343231201, 374.77130127, 46.9652748108, 53.1815681458, 91.9056243896, 61.8806037903, 36.9747047424, 9.39988899231, 35.8732261658, -29.1691513062, 19.4736194611, 37.6083335876], [-780.809997559, 279.290893555, 46.9652748108, 262.37713623, 31.9419269562, 70.8455505371, 2.80253839493, 24.1454372406, 28.0582695007, -36.2447891235, 26.9546337128, -16.0738372803, 30.9942054749], [-692.774475098, 81.6987075806, 53.1815681458, 31.9419269562, 160.25692749, 101.658088684, 33.0467987061, 25.4764709473, 0.563482165337, 9.03329467773, 2.05920743942, 16.3020248413, 38.1963233948], [-1187.83422852, 418.480041504, 91.9056243896, 70.8455505371, 101.658088684, 204.553482056, 62.0203552246, 51.0037918091, 22.474319458, 17.9170475006, -12.4860076904, 6.14295864105, 43.0610466003], [-387.754730225, 26.5574188232, 61.8806037903, 2.80253839493, 33.0467987061, 62.0203552246, 97.3580627441, 29.8481216431, 37.7045288086, 26.5108261108, 13.3646316528, 14.907374382, 17.5767841339], [-390.727325439, 87.0946578979, 36.9747047424, 24.1454372406, 25.4764709473, 51.0037918091, 29.8481216431, 82.7197189331, 24.2398109436, 2.02167844772, 0.0875706747174, -4.1540927887, 15.8608608246], [-205.211700439, 12.10430336, 9.39988899231, 28.0582695007, 0.563482165337, 22.474319458, 37.7045288086, 24.2398109436, 62.1699752808, 29.7347297668, 30.2982978821, 12.2744750977, 12.7891206741], [-165.713897705, 0.857802331448, 35.8732261658, -36.2447891235, 9.03329467773, 17.9170475006, 26.5108261108, 2.02167844772, 29.7347297668, 66.4690628052, 15.5847492218, 18.2429714203, 10.2132711411], [59.4044418335, -83.5478363037, -29.1691513062, 26.9546337128, 2.05920743942, -12.4860076904, 13.3646316528, 0.0875706747174, 30.2982978821, 15.5847492218, 55.4130516052, 18.1618824005, 12.1911687851], [-120.60005188, -31.6203098297, 19.4736194611, -16.0738372803, 16.3020248413, 6.14295864105, 14.907374382, -4.1540927887, 12.2744750977, 18.2429714203, 18.1618824005, 45.118598938, 20.753911972], [-404.680725098, 50.805305481, 37.6083335876, 30.9942054749, 38.1963233948, 43.0610466003, 17.5767841339, 15.8608608246, 12.7891206741, 10.2132711411, 12.1911687851, 20.753911972, 44.203792572]],
