{
"lowlevel": {
    "average_loudness": 0.99068403244,
    "barkbands_crest": {
        "dmean": 4.65598058701,
        "dmean2": 7.72996330261,
        "dvar": 24.205165863,
        "dvar2": 54.7116203308,
        "max": 24.975194931,
        "mean": 12.0217542648,
        "median": 8.53863525391,
        "min": 3.13895106316,
        "var": 54.6157836914
    },
    "barkbands_flatness_db": {
        "dmean": 0.0311246085912,
        "dmean2": 0.0421155355871,
        "dvar": 0.000711641972885,
        "dvar2": 0.0017069443129,
        "max": 0.208710625768,
        "mean": 0.0943120867014,
        "median": 0.0785430818796,
        "min": 0.0222671367228,
        "var": 0.00270386878401
    },
    "barkbands_kurtosis": {
        "dmean": 3.22757077217,
        "dmean2": 4.69285154343,
        "dvar": 10.8051404953,
        "dvar2": 19.6677684784,
        "max": 18.5513496399,
        "mean": 3.47146248817,
        "median": 1.72401428223,
        "min": -1.67525327206,
        "var": 27.0436458588
    },
    "barkbands_skewness": {
        "dmean": 1.00411498547,
        "dmean2": 1.44708073139,
        "dvar": 0.824101626873,
        "dvar2": 1.91690170765,
        "max": 4.37512874603,
        "mean": 1.30066716671,
        "median": 1.11427688599,
        "min": -2.02017021179,
        "var": 2.36791014671
    },
    "barkbands_spread": {
        "dmean": 12.2672014236,
        "dmean2": 19.159532547,
        "dvar": 197.866744995,
        "dvar2": 503.249511719,
        "max": 115.940429688,
        "mean": 41.7863693237,
        "median": 36.9805641174,
        "min": 10.1287183762,
        "var": 453.215606689
    },
    "dissonance": {
        "dmean": 0.0131808780134,
        "dmean2": 0.0211528167129,
        "dvar": 0.000180286675459,
        "dvar2": 0.000389817403629,
        "max": 0.498831778765,
        "mean": 0.478567183018,
        "median": 0.490953207016,
        "min": 0.355429828167,
        "var": 0.000995614100248
    },
    "dynamic_complexity": 4.67649555206,
    "erbbands_crest": {
        "dmean": 1.65313339233,
        "dmean2": 2.53916501999,
        "dvar": 1.69220948219,
        "dvar2": 4.97036409378,
        "max": 13.0254030228,
        "mean": 6.53689908981,
        "median": 6.12474298477,
        "min": 2.88118815422,
        "var": 5.23396587372
    },
    "erbbands_flatness_db": {
        "dmean": 0.0190985333174,
        "dmean2": 0.0304943341762,
        "dvar": 0.0004155159113,
        "dvar2": 0.000979204196483,
        "max": 0.198232725263,
        "mean": 0.105258688331,
        "median": 0.0926891714334,
        "min": 0.0387296751142,
        "var": 0.00149180099834
    },
    "erbbands_kurtosis": {
        "dmean": 0.918100774288,
        "dmean2": 1.42619454861,
        "dvar": 0.976007580757,
        "dvar2": 2.21395373344,
        "max": 6.00509643555,
        "mean": 0.431486308575,
        "median": -0.0268521308899,
        "min": -1.31119203568,
        "var": 2.08836698532
    },
    "erbbands_skewness": {
        "dmean": 0.346686899662,
        "dmean2": 0.540401160717,
        "dvar": 0.0901254490018,
        "dvar2": 0.195682913065,
        "max": 1.09280943871,
        "mean": -0.275602430105,
        "median": -0.318316400051,
        "min": -1.76496505737,
        "var": 0.42569476366
    },
    "erbbands_spread": {
        "dmean": 10.7342252731,
        "dmean2": 16.8112869263,
        "dvar": 89.0181808472,
        "dvar2": 256.488189697,
        "max": 74.2646484375,
        "mean": 38.9780578613,
        "median": 35.7755012512,
        "min": 12.005607605,
        "var": 240.331481934
    },
    "hfc": {
        "dmean": 29.9904232025,
        "dmean2": 48.3961257935,
        "dvar": 5431.18701172,
        "dvar2": 13977.3671875,
        "max": 444.121398926,
        "mean": 29.8031196594,
        "median": 6.16624259949,
        "min": 0.0943313091993,
        "var": 5292.06591797
    },
    "melbands_crest": {
        "dmean": 5.34656858444,
        "dmean2": 8.32923793793,
        "dvar": 25.4725627899,
        "dvar2": 57.5103530884,
        "max": 33.4357147217,
        "mean": 13.7798576355,
        "median": 11.3185052872,
        "min": 3.84931087494,
        "var": 65.118057251
    },
    "melbands_flatness_db": {
        "dmean": 0.0296917259693,
        "dmean2": 0.0445127040148,
        "dvar": 0.000617526238784,
        "dvar2": 0.00128890958149,
        "max": 0.280556112528,
        "mean": 0.120703481138,
        "median": 0.111350156367,
        "min": 0.0295920595527,
        "var": 0.0039431406185
    },
    "melbands_kurtosis": {
        "dmean": 4.29967546463,
        "dmean2": 6.21189308167,
        "dvar": 16.4396362305,
        "dvar2": 39.5841941833,
        "max": 25.329864502,
        "mean": 5.07983350754,
        "median": 3.13864564896,
        "min": -1.3701621294,
        "var": 37.2575569153
    },
    "melbands_skewness": {
        "dmean": 0.916924893856,
        "dmean2": 1.30292916298,
        "dvar": 0.554305911064,
        "dvar2": 1.54843401909,
        "max": 4.42341947556,
        "mean": 1.82400989532,
        "median": 1.83942878246,
        "min": -0.480072557926,
        "var": 1.42575728893
    },
    "melbands_spread": {
        "dmean": 17.6730251312,
        "dmean2": 26.1671562195,
        "dvar": 276.541625977,
        "dvar2": 592.586364746,
        "max": 136.500732422,
        "mean": 50.0884132385,
        "median": 41.5173988342,
        "min": 9.51221466064,
        "var": 955.495605469
    },
    "pitch_salience": {
        "dmean": 0.131787285209,
        "dmean2": 0.213824078441,
        "dvar": 0.0172056518495,
        "dvar2": 0.0385516546667,
        "max": 0.883125126362,
        "mean": 0.525429606438,
        "median": 0.583595216274,
        "min": 0.111328624189,
        "var": 0.0474849492311
    },
    "silence_rate_20dB": {
        "dmean": 0,
        "dmean2": 0,
        "dvar": 0,
        "dvar2": 0,
        "max": 1,
        "mean": 1,
        "median": 1,
        "min": 1,
        "var": 0
    },
    "silence_rate_30dB": {
        "dmean": 0,
        "dmean2": 0,
        "dvar": 0,
        "dvar2": 0,
        "max": 1,
        "mean": 1,
        "median": 1,
        "min": 1,
        "var": 0
    },
    "silence_rate_60dB": {
        "dmean": 0.0833333358169,
        "dmean2": 0.169491529465,
        "dvar": 0.0763889253139,
        "dvar2": 0.174662560225,
        "max": 1,
        "mean": 0.311475396156,
        "median": 0,
        "min": 0,
        "var": 0.214458376169
    },
    "spectral_centroid": {
        "dmean": 370.127380371,
        "dmean2": 548.340515137,
        "dvar": 135629.734375,
        "dvar2": 269500.875,
        "max": 3964.91674805,
        "mean": 2355.14794922,
        "median": 2467.37231445,
        "min": 454.260894775,
        "var": 855372.5
    },
    "spectral_complexity": {
        "dmean": 5.26666688919,
        "dmean2": 8.28813552856,
        "dvar": 46.3622245789,
        "dvar2": 92.3067779541,
        "max": 58,
        "mean": 13.6557378769,
        "median": 8,
        "min": 0,
        "var": 221.111022949
    },
    "spectral_decrease": {
        "dmean": 1.51875012566e-09,
        "dmean2": 2.18663287477e-09,
        "dvar": 3.78709133821e-18,
        "dvar2": 9.39673122675e-18,
        "max": -5.36833381568e-12,
        "mean": -2.534638055e-09,
        "median": -1.24363330745e-09,
        "min": -1.50474317451e-08,
        "var": 7.92338524381e-18
    },
    "spectral_energy": {
        "dmean": 0.00831767916679,
        "dmean2": 0.0123979737982,
        "dvar": 0.00018486501358,
        "dvar2": 0.000477128254715,
        "max": 0.0970755591989,
        "mean": 0.0122695416212,
        "median": 0.00549348257482,
        "min": 2.88175106107e-05,
        "var": 0.000262271496467
    },
    "spectral_energyband_high": {
        "dmean": 0.00329567142762,
        "dmean2": 0.00560285337269,
        "dvar": 8.0469319073e-05,
        "dvar2": 0.000212499915506,
        "max": 0.0515383817255,
        "mean": 0.00267368881032,
        "median": 0.000296219397569,
        "min": 5.90129366174e-06,
        "var": 6.73182803439e-05
    },
    "spectral_energyband_low": {
        "dmean": 0.000677558418829,
        "dmean2": 0.00106868869625,
        "dvar": 4.3262977556e-07,
        "dvar2": 1.15048248972e-06,
        "max": 0.00395557004958,
        "mean": 0.00115023169201,
        "median": 0.000620067061391,
        "min": 1.1195422303e-05,
        "var": 1.20351182886e-06
    },
    "spectral_energyband_middle_high": {
        "dmean": 0.00279851490632,
        "dmean2": 0.00410706363618,
        "dvar": 2.65079834207e-05,
        "dvar2": 6.10702263657e-05,
        "max": 0.0371159426868,
        "mean": 0.00342729315162,
        "median": 0.000958011834882,
        "min": 1.79036885584e-06,
        "var": 4.45207224402e-05
    },
    "spectral_energyband_middle_low": {
        "dmean": 0.0014545393642,
        "dmean2": 0.00208836467937,
        "dvar": 4.72214105685e-06,
        "dvar2": 9.42239694268e-06,
        "max": 0.0214116685092,
        "mean": 0.00289598572999,
        "median": 0.00110974605195,
        "min": 4.18306444772e-06,
        "var": 1.84253713087e-05
    },
    "spectral_entropy": {
        "dmean": 0.113152004778,
        "dmean2": 0.178357556462,
        "dvar": 0.0111030908301,
        "dvar2": 0.0238814540207,
        "max": 8.44331932068,
        "mean": 8.02695178986,
        "median": 8.13838291168,
        "min": 6.79480600357,
        "var": 0.137670710683
    },
    "spectral_flux": {
        "dmean": 0.0241755340248,
        "dmean2": 0.0363229066133,
        "dvar": 0.00101924629416,
        "dvar2": 0.00192420009989,
        "max": 0.239837676287,
        "mean": 0.0643194913864,
        "median": 0.0465169884264,
        "min": 0.0140827838331,
        "var": 0.00225207395852
    },
    "spectral_kurtosis": {
        "dmean": 1.21755993366,
        "dmean2": 1.79455578327,
        "dvar": 1.31927812099,
        "dvar2": 2.94202542305,
        "max": 20.9488258362,
        "mean": 6.08546972275,
        "median": 5.46639633179,
        "min": 1.34563016891,
        "var": 14.0254135132
    },
    "spectral_rms": {
        "dmean": 0.000988032552414,
        "dmean2": 0.00139003258664,
        "dvar": 1.14556530662e-06,
        "dvar2": 2.99759267364e-06,
        "max": 0.00973179657012,
        "mean": 0.00297069223598,
        "median": 0.00231505837291,
        "min": 0.00016767422494,
        "var": 3.14526869261e-06
    },
    "spectral_rolloff": {
        "dmean": 2390.54418945,
        "dmean2": 4477.81103516,
        "dvar": 18870376,
        "dvar2": 44116076,
        "max": 19659.8144531,
        "mean": 3377.53588867,
        "median": 1808.7890625,
        "min": 21.533203125,
        "var": 18303058
    },
    "spectral_skewness": {
        "dmean": 0.186171978712,
        "dmean2": 0.257029563189,
        "dvar": 0.0299166981131,
        "dvar2": 0.0582543201745,
        "max": 3.7570977211,
        "mean": 1.74266529083,
        "median": 1.68647432327,
        "min": 0.818115949631,
        "var": 0.383345931768
    },
    "spectral_spread": {
        "dmean": 835975.3125,
        "dmean2": 1121096.25,
        "dvar": 746049830912,
        "dvar2": 1.69710374093e+12,
        "max": 11821497,
        "mean": 5872551,
        "median": 5650908.5,
        "min": 3079872.5,
        "var": 2.36153942835e+12
    },
    "spectral_strongpeak": {
        "dmean": 0.234276205301,
        "dmean2": 0.394901752472,
        "dvar": 0.296104580164,
        "dvar2": 0.632996022701,
        "max": 3.09523749352,
        "mean": 0.264212399721,
        "median": 0,
        "min": 0,
        "var": 0.392528027296
    },
    "zerocrossingrate": {
        "dmean": 0.0396402999759,
        "dmean2": 0.0500446893275,
        "dvar": 0.00172954786103,
        "dvar2": 0.00234605767764,
        "max": 0.3193359375,
        "mean": 0.127417385578,
        "median": 0.126953125,
        "min": 0.005859375,
        "var": 0.00469772471115
    },
    "barkbands": {
        "dmean": [0.00193165580276, 4.14548158005e-05, 0.000128473213408, 0.000367328641005, 0.000660485762637, 0.000421897595515, 0.000155793866725, 0.000178719608812, 0.000265376816969, 0.000164585842867, 0.000111292829388, 0.000131202774355, 0.000149811326992, 0.000296254496789, 8.68006536621e-05, 8.88018184924e-05, 0.000204204116017, 0.000803467875812, 0.000312289950671, 0.00116215052549, 0.000795559899416, 0.000723812379874, 0.000549931835849, 0.000719118514098, 0.000183269788977, 1.57225967996e-05, 1.55766974785e-05],
        "dmean2": [0.00272299326025, 6.45137333777e-05, 0.000219936599024, 0.000669846951496, 0.00101308932062, 0.000686993007548, 0.00026373253786, 0.000271100463578, 0.000435912690591, 0.000273618730716, 0.000161130155902, 0.000208030935028, 0.000248417287366, 0.000540491833817, 0.000143811921589, 0.00014750205446, 0.000339076214004, 0.00142317998689, 0.00044526939746, 0.00187527376693, 0.00138163729571, 0.00131979130674, 0.00101287278812, 0.00130432529841, 0.00031040693284, 2.53191701631e-05, 2.57229585259e-05],
        "dvar": [5.91828074903e-06, 7.5892225837e-09, 5.29549950556e-08, 3.1069643569e-07, 1.30187436298e-06, 5.44373449429e-07, 6.57121077552e-08, 3.61551542483e-07, 2.41232186227e-07, 7.91050922544e-08, 4.02988007409e-08, 3.20635571427e-08, 5.88437991667e-08, 2.3115896397e-07, 2.19673310653e-08, 3.17288204599e-08, 1.50022501089e-07, 4.22633593189e-06, 6.5425797402e-07, 9.69283701124e-06, 6.72852183925e-06, 6.88895897838e-06, 2.62835374087e-06, 4.19676644015e-06, 2.36028981249e-07, 7.39735328548e-10, 2.58643134687e-10],
        "dvar2": [6.95522157912e-06, 8.73379679689e-09, 1.47848297161e-07, 1.02656701984e-06, 2.78827519651e-06, 1.404104637e-06, 1.88157926573e-07, 9.06231662157e-07, 6.20936532414e-07, 2.04984843322e-07, 8.84626700781e-08, 6.14560207168e-08, 1.47598413491e-07, 6.08699735949e-07, 5.19806384602e-08, 7.23492661336e-08, 3.7832606381e-07, 1.05445506051e-05, 1.19596904824e-06, 2.46993186011e-05, 1.86483339348e-05, 1.9282933863e-05, 7.08382731318e-06, 1.17543277156e-05, 6.33221020507e-07, 1.63411406628e-09, 4.57688442701e-10],
        "max": [0.0159701816738, 0.000770154001657, 0.00138823082671, 0.00302795879543, 0.00879439245909, 0.00596359139308, 0.00147322774865, 0.00494462763891, 0.00337085989304, 0.00160427019, 0.00177702761721, 0.00136969215237, 0.00111120427027, 0.00204559322447, 0.000711552391294, 0.00133231037762, 0.0020951051265, 0.0100945308805, 0.00627152435482, 0.0198308620602, 0.0159727353603, 0.0164319556206, 0.00825664959848, 0.00966814719141, 0.002312454395, 0.000184007614735, 0.000151702450239],
        "mean": [0.00308107770979, 6.02017207711e-05, 0.000115703514894, 0.000367651664419, 0.00098681775853, 0.000657876662444, 0.000218655899516, 0.00022531839204, 0.000339885766152, 0.000234806153458, 0.000182628704351, 0.000211743914406, 0.00017485828721, 0.000270951306447, 0.000110484223114, 0.000107396721432, 0.000257940613665, 0.000820091227069, 0.000391312059946, 0.00103273650166, 0.000644812476821, 0.000489062047563, 0.000468692800496, 0.000483183044707, 0.000153040178702, 2.47118950938e-05, 0.000100689918327],
        "median": [0.00127308245283, 3.79690354748e-05, 3.78695403924e-05, 0.000123612597235, 0.000222579299589, 0.000223047332838, 8.51074801176e-05, 5.1993985835e-05, 9.96964517981e-05, 9.76616865955e-05, 5.87703070778e-05, 9.38314042287e-05, 5.97917787672e-05, 6.30938884569e-05, 3.44806212524e-05, 2.81440152321e-05, 6.35016185697e-05, 4.61303825432e-05, 3.03523393086e-05, 6.27920671832e-05, 6.47545530228e-05, 1.91053841263e-05, 1.56287696882e-05, 2.41100624407e-05, 1.75173827301e-05, 1.09211014205e-05, 0.000102136160422],
        "min": [9.01132625586e-06, 5.85819998378e-06, 8.59040142132e-07, 3.93142613575e-07, 1.79416451829e-06, 1.6145858126e-06, 5.59714372628e-08, 2.35000044313e-07, 7.7959974476e-08, 5.20031804285e-08, 1.1129360189e-07, 3.54444068762e-07, 3.77881548275e-08, 1.12691090237e-07, 3.76742349317e-07, 8.70504734962e-08, 1.65203530855e-07, 5.26961798641e-08, 6.07138090913e-08, 6.11500865944e-07, 1.63072138548e-06, 1.21246068829e-06, 6.08676842262e-08, 9.09138151428e-08, 2.3425762663e-07, 3.19482751365e-07, 2.36657274399e-06],
        "var": [1.6613967091e-05, 9.4955119323e-09, 4.98191745635e-08, 3.85179504292e-07, 3.09504753204e-06, 1.2386248045e-06, 8.90907045914e-08, 4.66063568183e-07, 3.03983057393e-07, 1.0473979728e-07, 9.31456085596e-08, 7.52605160415e-08, 7.67764305465e-08, 2.2578063863e-07, 3.08023757611e-08, 4.9785132461e-08, 2.2313189163e-07, 4.39874247604e-06, 1.18218065381e-06, 9.48895103647e-06, 4.95221684105e-06, 4.60456521978e-06, 2.09518657357e-06, 2.78610787063e-06, 1.93772379475e-07, 1.25651777871e-09, 3.84508452855e-10]
    },
    "erbbands": {
        "dmean": [0.0052869906649, 0.00663480814546, 0.0939643681049, 0.806340277195, 2.00973176956, 2.17756724358, 1.72187459469, 4.62591505051, 2.58398389816, 3.56980586052, 4.00907945633, 5.7462015152, 6.10870885849, 3.2718167305, 4.75428009033, 5.16231870651, 6.20329523087, 16.2233104706, 7.23837566376, 4.2787065506, 5.6634516716, 12.6594820023, 35.4472579956, 21.9242649078, 42.5703239441, 45.9108467102, 25.5411930084, 34.5039482117, 29.3697891235, 13.16908741, 17.8957386017, 16.1268501282, 11.8279132843, 3.77986741066, 0.795502781868, 0.126152306795, 0.0235038436949, 0.00708985002711, 0.00214950204827, 0.000350447866367],
        "dmean2": [0.00797280110419, 0.0105612557381, 0.159147918224, 1.41538417339, 3.05265474319, 3.50761938095, 2.5762989521, 7.36918973923, 4.5706615448, 5.7408285141, 6.31695461273, 9.67585277557, 9.67576694489, 5.58895111084, 6.50795698166, 7.82307004929, 9.97106647491, 29.7235984802, 11.9958562851, 7.31503486633, 10.0374603271, 20.3336353302, 63.139503479, 39.5997047424, 63.2015800476, 71.7101821899, 46.2183265686, 59.8405303955, 53.7140007019, 23.2210922241, 30.871011734, 27.8635444641, 21.6876125336, 6.64244508743, 1.46671926975, 0.231985867023, 0.0377406328917, 0.0119554540142, 0.00355375162326, 0.000556665181648],
        "dvar": [2.87561015284e-05, 0.000147721526446, 0.0268196128309, 1.50083708763, 15.2504739761, 17.7785816193, 8.26780509949, 72.5084457397, 22.8536949158, 79.7138366699, 115.004516602, 125.704071045, 127.570724487, 24.6926231384, 65.0226669312, 33.009853363, 94.4817886353, 707.76574707, 144.795547485, 48.5123558044, 105.934799194, 559.243469238, 7335.10791016, 3280.60180664, 15001.9560547, 13880.8085938, 5420.30224609, 13715.1005859, 10795.0839844, 2251.46948242, 2205.41845703, 2067.49707031, 1205.93237305, 108.625457764, 5.80490446091, 0.0663864314556, 0.00182110921014, 0.000102311467344, 3.58553324986e-06, 1.16101283254e-07],
        "dvar2": [5.34998071089e-05, 0.000184162752703, 0.0735977739096, 5.23724746704, 33.8151702881, 47.4633178711, 15.5790081024, 196.551544189, 61.6876373291, 237.815475464, 274.479064941, 323.192047119, 307.456390381, 60.9951248169, 141.584411621, 91.7308959961, 245.799926758, 1844.76940918, 365.859863281, 115.092483521, 236.026092529, 1395.1003418, 18950.3203125, 7522.17431641, 33854.015625, 34883.3164062, 15193.8486328, 37727.3632812, 30296.2363281, 6186.31347656, 5883.62060547, 5653.9140625, 3423.98095703, 293.906860352, 16.6548309326, 0.180882677436, 0.00424126721919, 0.000262619985733, 7.35393132345e-06, 2.23008484568e-07],
        "max": [0.0519936457276, 0.0995868891478, 0.977440357208, 6.47486209869, 29.0909328461, 25.7098503113, 26.7378292084, 70.8547668457, 27.9425315857, 65.1558990479, 92.4452896118, 75.0241088867, 69.1503677368, 34.983341217, 66.9637527466, 42.3333587646, 45.6812667847, 105.579093933, 70.5556335449, 42.6100273132, 64.9391403198, 122.999603271, 392.249816895, 294.617523193, 940.057617188, 693.755615234, 375.684020996, 735.928710938, 647.128173828, 305.463378906, 208.526977539, 224.179580688, 171.997543335, 49.5286140442, 13.0754985809, 1.27111387253, 0.304108768702, 0.0825978070498, 0.0195237379521, 0.00311484071426],
        "mean": [0.0103211486712, 0.00821942556649, 0.0897858217359, 0.809596478939, 3.08886504173, 2.75753426552, 2.593708992, 6.45584058762, 3.36155343056, 4.38033008575, 5.36439561844, 7.1951842308, 8.34756565094, 6.70034408569, 8.84447669983, 8.05037975311, 7.61776018143, 14.8671455383, 8.4385137558, 5.34209346771, 6.55752754211, 15.9680700302, 37.0195045471, 24.8960075378, 43.5180969238, 43.7459526062, 21.8285369873, 26.9745674133, 19.8818187714, 9.38911056519, 14.628663063, 11.7059268951, 7.93445110321, 2.81535840034, 0.694832742214, 0.144478157163, 0.0386208109558, 0.0214685928077, 0.0111750327051, 0.00197900109924],
        "median": [0.00522438529879, 0.00562683679163, 0.0327456705272, 0.351810634136, 0.534699678421, 0.725895345211, 0.844296097755, 1.84233641624, 1.33765995502, 1.15521991253, 1.38647937775, 1.78937399387, 2.65351390839, 2.5462474823, 2.85503554344, 4.1735086441, 2.81979560852, 3.6831176281, 2.18729281425, 1.61923348904, 1.73759377003, 3.35656023026, 2.09221148491, 2.46384453773, 1.93140232563, 3.11868333817, 3.05137085915, 1.78875768185, 0.886824250221, 0.381522595882, 0.452669978142, 0.548051834106, 0.349118679762, 0.23616990447, 0.0925976932049, 0.0354458019137, 0.020613303408, 0.0195021852851, 0.0110843777657, 0.00197261432186],
        "min": [0.000311282783514, 0.000485120923258, 0.00111189321615, 0.0012367174495, 0.00235102395527, 0.00680164666846, 0.0138722239062, 0.011474436149, 0.00207047536969, 0.00224071508273, 0.00478962203488, 0.00173850427382, 0.00140987837221, 0.00296007865109, 0.00607695290819, 0.0148995714262, 0.00344014912844, 0.00317155313678, 0.0173011831939, 0.0126790273935, 0.00433743139729, 0.00971729587764, 0.00365856895223, 0.00283838808537, 0.00693863071501, 0.0393796227872, 0.0873447656631, 0.0362620949745, 0.0569682978094, 0.00832177232951, 0.00187098339666, 0.00186718953773, 0.00185079325456, 0.00234768446535, 0.00163110136054, 0.00103465316352, 0.000559549836908, 0.000413641275372, 0.000264044239884, 4.86045355501e-05],
        "var": [0.000130067477585, 0.00016957722255, 0.0262671895325, 1.75660920143, 31.2752990723, 24.991191864, 18.3997058868, 139.400436401, 26.2096843719, 87.1143188477, 167.040237427, 144.85218811, 164.260147095, 70.482208252, 178.283309937, 87.7655105591, 127.611251831, 688.954772949, 198.700790405, 75.4860458374, 169.032669067, 862.666381836, 7804.84423828, 3854.94677734, 18900.9765625, 14588.1962891, 4068.33935547, 10047.6054688, 7205.17138672, 1597.64233398, 1934.21118164, 1516.89758301, 768.574768066, 82.0096664429, 3.90959763527, 0.0784391313791, 0.00256374129094, 0.000110621345812, 6.25508027952e-06, 1.69426300545e-07]
    },
    "gfcc": {
        "mean": [-32.0690307617, 19.0265579224, -95.6088562012, 6.61772012711, -47.572845459, -8.50110530853, -24.9006595612, -6.94367647171, -21.4709529877, -5.75312900543, -4.66917943954, -6.14321708679, -2.79415869713],
        "cov": [[5691.04980469, -295.576751709, -1591.39147949, 526.387573242, -868.568481445, 122.885063171, -491.414123535, 120.738571167, -530.030517578, -526.208862305, -72.9952316284, -276.449188232, -303.960876465], [-295.576751709, 995.748352051, 374.985961914, -586.703308105, 45.347743988, -127.715644836, 24.3514709473, -45.2643280029, -31.3993148804, -105.023109436, -35.7245979309, 53.3833732605, 22.6094932556], [-1591.39147949, 374.985961914, 737.859619141, -254.367202759, 229.584945679, -60.6873512268, 127.074874878, -20.7528438568, 133.003753662, 110.586273193, -1.36855769157, 78.44921875, 79.0578765869], [526.387573242, -586.703308105, -254.367202759, 568.390930176, -46.7954940796, 94.3484268188, -6.29888010025, 29.9474067688, -49.2235298157, 21.1371059418, -14.115893364, -60.5432052612, -38.0769615173], [-868.568481445, 45.347743988, 229.584945679, -46.7954940796, 282.853057861, 12.4734840393, 75.9207000732, 8.12703800201, 95.8433990479, 81.3559417725, 13.8193616867, 52.0424156189, 37.0722503662], [122.885063171, -127.715644836, -60.6873512268, 94.3484268188, 12.4734840393, 59.6694717407, -5.464158535, 15.7998104095, 0.202109992504, 5.42985391617, 0.0236109420657, -8.64846324921, -5.89202737808], [-491.414123535, 24.3514709473, 127.074874878, -6.29888010025, 75.9207000732, -5.464158535, 114.819252014, -8.72903633118, 44.4793548584, 45.8131752014, 3.47940921783, 22.5343513489, 29.2318725586], [120.738571167, -45.2643280029, -20.7528438568, 29.9474067688, 8.12703800201, 15.7998104095, -8.72903633118, 51.4333152771, 9.16315555573, -10.3078260422, 7.96025133133, -8.23558235168, -16.8635997772], [-530.030517578, -31.3993148804, 133.003753662, -49.2235298157, 95.8433990479, 0.202109992504, 44.4793548584, 9.16315555573, 102.325424194, 82.6512145996, 25.4319763184, 23.418214798, 33.4073486328], [-526.208862305, -105.023109436, 110.586273193, 21.1371059418, 81.3559417725, 5.42985391617, 45.8131752014, -10.3078260422, 82.6512145996, 111.800003052, 17.6225223541, 22.3359088898, 45.0707130432], [-72.9952316284, -35.7245979309, -1.36855769157, -14.115893364, 13.8193616867, 0.0236109420657, 3.47940921783, 7.96025133133, 25.4319763184, 17.6225223541, 40.5007705688, 14.7850131989, 0.462853997946], [-276.449188232, 53.3833732605, 78.44921875, -60.5432052612, 52.0424156189, -8.64846324921, 22.5343513489, -8.23558235168, 23.418214798, 22.3359088898, 14.7850131989, 47.0137252808, 22.8675727844], [-303.960876465, 22.6094932556, 79.0578765869, -38.0769615173, 37.0722503662, -5.89202737808, 29.2318725586, -16.8635997772, 33.4073486328, 45.0707130432, 0.462853997946, 22.8675727844, 44.7001800537]],
        "icov": [[0.00190749554895, -0.00201071240008, 0.00257049966604, -0.00169256271329, 0.00249033933505, -0.00222935900092, 0.00261491467245, -0.00302807241678, 0.00113484170288, 0.000496066000778, -0.000631868606433, 0.00103064416908, 0.000919288082514], [-0.00201071240008, 0.00725078349933, -0.0043277842924, 0.00608391314745, -0.00373330828734, 0.0045485929586, -0.00392182031646, 0.00340168480761, 0.00246031070128, 0.00368599500507, 0.00262336526066, -0.000160216572112, -0.00246030511335], [0.00257049966604, -0.0043277842924, 0.00679815607145, -0.0029366875533, 0.00268082367256, -0.00184106372762, 0.00265089585446, -0.00462047522888, -0.0010220084805, -0.00158340821508, 0.00128178251907, -0.00050218362594, 0.00180470349733], [-0.00169256271329, 0.00608391314745, -0.0029366875533, 0.00926509592682, -0.00327590852976, -0.000225062976824, -0.00503765419126, 0.000643074512482, 0.00827246904373, -0.00419942568988, 0.00261080055498, 0.00239585503004, 0.00152271951083], [0.00249033933505, -0.00373330828734, 0.00268082367256, -0.00327590852976, 0.0107600428164, -0.00624242471531, 0.00220534671098, -0.00447959359735, -0.00415755296126, -0.000936223135795, 0.00208891183138, -0.00537693267688, 0.00519211916253], [-0.00222935900092, 0.0045485929586, -0.00184106372762, -0.000225062976824, -0.00624242471531, 0.0301278717816, -0.00184025615454, -0.00130964955315, -0.00231588981114, 0.00292375870049, 0.0029868693091, -0.000994488946162, -0.00527746835724], [0.00261491467245, -0.00392182031646, 0.00265089585446, -0.00503765419126, 0.00220534671098, -0.00184025615454, 0.0170230735093, -0.00234890589491, -0.00307156401686, 0.00179862137884, -0.000942546699662, -0.000122497498523, -0.0027501641307], [-0.00302807241678, 0.00340168480761, -0.00462047522888, 0.000643074512482, -0.00447959359735, -0.00130964955315, -0.00234890589491, 0.0356253795326, -0.0169436540455, 0.0112290168181, -0.00176641205326, -0.000589520961512, 0.00658775586635], [0.00113484170288, 0.00246031070128, -0.0010220084805, 0.00827246904373, -0.00415755296126, -0.00231588981114, -0.00307156401686, -0.0169436540455, 0.0527040213346, -0.0282875150442, -0.0128132663667, 0.0113212745637, -0.00244007864967], [0.000496066000778, 0.00368599500507, -0.00158340821508, -0.00419942568988, -0.000936223135795, 0.00292375870049, 0.00179862137884, 0.0112290168181, -0.0282875150442, 0.0486540012062, -0.00344845280051, 0.00247098063119, -0.0241905897856], [-0.000631868606433, 0.00262336526066, 0.00128178251907, 0.00261080055498, 0.00208891183138, 0.0029868693091, -0.000942546699662, -0.00176641205326, -0.0128132663667, -0.00344845280051, 0.0433869734406, -0.0205200929195, 0.0160461738706], [0.00103064416908, -0.000160216572112, -0.00050218362594, 0.00239585503004, -0.00537693267688, -0.000994488946162, -0.000122497498523, -0.000589520961512, 0.0113212745637, 0.00247098063119, -0.0205200929195, 0.0467478148639, -0.0204507596791], [0.000919288082514, -0.00246030511335, 0.00180470349733, 0.00152271951083, 0.00519211916253, -0.00527746835724, -0.0027501641307, 0.00658775586635, -0.00244007864967, -0.0241905897856, 0.0160461738706, -0.0204507596791, 0.0637648776174]]
    },
    "melbands": {
        "dmean": [9.02231113287e-05, 3.39367543347e-05, 0.000151824002387, 0.000167048536241, 6.3114304794e-05, 9.67885862337e-05, 3.69841982319e-05, 4.11231849284e-05, 3.53311297658e-05, 3.60863305104e-05, 3.04718651023e-05, 1.3274743651e-05, 1.74924407474e-05, 1.27934163174e-05, 1.0694435332e-05, 1.93843370653e-05, 3.1310471968e-05, 1.28031470013e-05, 5.52477604288e-06, 5.8257605815e-06, 6.72973510518e-06, 1.31591050376e-05, 1.45171807162e-05, 5.07671393279e-05, 1.39234798553e-05, 1.47134023791e-05, 5.37982305104e-05, 2.32857928495e-05, 1.62076648849e-05, 1.93113719433e-05, 1.89758156921e-05, 1.35252275868e-05, 1.77762049134e-05, 3.71057103621e-06, 7.87689714343e-06, 1.72412292159e-05, 7.20024536349e-06, 8.138409612e-06, 6.35114110992e-06, 2.38812981479e-06],
        "dmean2": [0.000133133333293, 5.74714795221e-05, 0.000273087673122, 0.000260465691099, 9.95990048978e-05, 0.00015569612151, 6.47770648357e-05, 6.63507598802e-05, 5.79451734666e-05, 6.00466046308e-05, 4.75919041492e-05, 2.3088303351e-05, 2.27737218665e-05, 1.94059193745e-05, 1.79464259418e-05, 3.26413683069e-05, 5.76429483772e-05, 2.10578800761e-05, 8.34043567011e-06, 9.31451813813e-06, 1.2182633327e-05, 2.08988367376e-05, 2.6125306249e-05, 8.81205050973e-05, 2.5083154469e-05, 2.1210842533e-05, 8.40517168399e-05, 3.71473797713e-05, 3.04037002934e-05, 3.30580915033e-05, 3.35462718795e-05, 2.43720223807e-05, 3.29540016537e-05, 6.3964794208e-06, 1.2929872355e-05, 3.1820818549e-05, 1.30113685373e-05, 1.4978379113e-05, 1.16158707897e-05, 4.03594003728e-06],
        "dvar": [9.45065270486e-09, 3.72200137377e-09, 4.56738256105e-08, 9.67520961126e-08, 1.19570930934e-08, 2.92168333971e-08, 5.17260989596e-09, 1.47820902185e-08, 8.37721092495e-09, 4.06694011801e-09, 3.06446357179e-09, 4.53048654148e-10, 1.01884090054e-09, 3.21775245338e-10, 1.69760358548e-10, 9.48352951724e-10, 2.61854249395e-09, 4.64466271e-10, 8.40916572487e-11, 9.96123183938e-11, 1.57734797446e-10, 6.64054256028e-10, 7.4529027394e-10, 1.6801559255e-08, 1.38957578777e-09, 1.61593727288e-09, 2.38173356593e-08, 3.77366538018e-09, 2.30301022697e-09, 4.47919745739e-09, 4.07661593371e-09, 1.8486910891e-09, 5.34726041224e-09, 1.44679879188e-10, 3.91016413692e-10, 3.43015371662e-09, 3.61310009689e-10, 5.21879595095e-10, 3.86898763027e-10, 3.9646969735e-11],
        "dvar2": [1.41954927813e-08, 9.68438662596e-09, 1.3552860878e-07, 2.06434847883e-07, 2.45827269651e-08, 7.88617029457e-08, 1.3864313253e-08, 4.14092227174e-08, 2.04878158883e-08, 1.03409272256e-08, 7.45639816557e-09, 1.12404630048e-09, 2.25704943624e-09, 5.94411464494e-10, 3.7655303875e-10, 2.52440401916e-09, 6.74824462976e-09, 1.18892240497e-09, 2.0535842471e-10, 2.37407427051e-10, 3.58267249201e-10, 1.66480651487e-09, 2.05859751468e-09, 4.25752979538e-08, 3.23022519844e-09, 3.28598859234e-09, 5.72793723563e-08, 9.65144586473e-09, 6.74353772823e-09, 1.2220936263e-08, 1.12625979654e-08, 5.09072117794e-09, 1.52631915995e-08, 3.87912146849e-10, 9.62559809636e-10, 9.76451808299e-09, 9.77372960342e-10, 1.47467404954e-09, 1.10481634952e-09, 1.02645433819e-10],
        "max": [0.000738952250686, 0.000369777611922, 0.00119932228699, 0.00227712397464, 0.000869260169566, 0.0013915556483, 0.000431655702414, 0.000921132217627, 0.000750109844375, 0.00042789732106, 0.000335273653036, 0.000122139215819, 0.000277529208688, 0.000130257350975, 8.64631074364e-05, 0.000124512647744, 0.000207389370189, 0.000131031512865, 5.19560671819e-05, 7.14989728294e-05, 7.6571603131e-05, 0.000134803267429, 0.000152846550918, 0.000661053287331, 0.000189223268535, 0.000308570539346, 0.00111574225593, 0.000345601234585, 0.000254903105088, 0.000440745148808, 0.000389815395465, 0.000267945637461, 0.000450138439192, 7.66494486015e-05, 0.000109507178422, 0.000317072088365, 9.96996968752e-05, 0.00010716579709, 0.000100831428426, 3.34898322762e-05],
        "mean": [0.000170474377228, 3.27818415826e-05, 0.000195172906388, 0.000244304625085, 8.72505770531e-05, 0.000136806120281, 5.21445690538e-05, 5.07870681759e-05, 4.63686556031e-05, 4.55128574686e-05, 4.03344274673e-05, 2.57273495663e-05, 2.97865153698e-05, 2.36333653447e-05, 1.63076620083e-05, 2.02657138288e-05, 2.84754223685e-05, 1.44960822581e-05, 7.47068497731e-06, 6.99890051692e-06, 7.37333675715e-06, 1.59316459758e-05, 1.6371064703e-05, 5.05655079905e-05, 1.53735200001e-05, 1.73315420398e-05, 4.79434056615e-05, 2.36646010308e-05, 1.2442453226e-05, 1.65807578014e-05, 1.41847685882e-05, 9.37074219109e-06, 1.159445128e-05, 2.77157550954e-06, 6.25316715741e-06, 1.31881179186e-05, 4.89812327942e-06, 5.48327534489e-06, 4.27543454862e-06, 1.88520459687e-06],
        "median": [7.4785304605e-05, 1.26365448523e-05, 6.46611224511e-05, 4.15226313635e-05, 3.31594601448e-05, 4.33410641563e-05, 2.05969136005e-05, 1.32652676257e-05, 1.11631734399e-05, 1.07619371192e-05, 1.29586032926e-05, 1.03963984657e-05, 9.49676177697e-06, 1.10328373921e-05, 6.07353285886e-06, 6.75270894135e-06, 6.25728080195e-06, 3.58468651029e-06, 2.66086931333e-06, 2.11193241739e-06, 1.82612018307e-06, 3.87294448956e-06, 2.35022662309e-06, 2.06214372156e-06, 2.09243148674e-06, 7.5354830642e-07, 1.62353137512e-06, 2.22810626838e-06, 1.70170483216e-06, 1.8009948235e-06, 6.74816817536e-07, 4.84184624838e-07, 3.25878374952e-07, 1.53743769715e-07, 2.31302308862e-07, 4.08355759873e-07, 3.05052964222e-07, 2.60340101477e-07, 2.51213322144e-07, 1.77119986233e-07],
        "min": [2.6348461688e-06, 7.59003683015e-07, 2.34684137013e-07, 3.11832167199e-07, 4.64657432531e-07, 2.61663700485e-07, 2.48693137195e-08, 3.15781534255e-08, 3.57307676779e-08, 9.88329862395e-09, 6.6589160852e-09, 1.08372875118e-08, 1.72651279939e-08, 3.49497959462e-08, 2.73301363762e-08, 2.19562479309e-09, 5.55302381855e-09, 2.51059066869e-08, 2.92198869545e-08, 8.6654470266e-09, 3.95387056429e-09, 1.04626725062e-08, 5.36807931439e-09, 2.92876922714e-09, 2.07584038847e-09, 2.20857754307e-09, 1.38907623182e-08, 2.39366304555e-08, 5.40023101792e-08, 2.8230436655e-08, 2.20964242459e-08, 3.72176032215e-08, 1.46624907771e-08, 6.91061097235e-10, 6.88073154009e-10, 1.85943194175e-09, 7.30238314262e-10, 1.32200839165e-09, 1.41508460505e-09, 2.33442354336e-09],
        "var": [3.87180065786e-08, 3.5596261494e-09, 8.40553724402e-08, 2.01803004529e-07, 2.0957461544e-08, 5.80737378186e-08, 6.09284755981e-09, 1.62289204297e-08, 1.08754969474e-08, 5.25815258001e-09, 3.87724208295e-09, 1.05811670537e-09, 2.49226528304e-09, 8.68633553974e-10, 4.52777232374e-10, 1.0066679712e-09, 2.61679611313e-09, 6.29549579134e-10, 1.2567108465e-10, 1.57710094983e-10, 2.36590608216e-10, 9.02946217796e-10, 1.00392594238e-09, 1.725332055e-08, 1.53318635565e-09, 2.60622656789e-09, 2.49524596541e-08, 3.81855258524e-09, 1.47055256861e-09, 3.46478934432e-09, 2.8978992539e-09, 1.32075317349e-09, 3.32961613836e-09, 1.09889687627e-10, 3.86896570337e-10, 2.24014606864e-09, 2.64122890226e-10, 3.38793409993e-10, 2.42435460596e-10, 3.40432439183e-11]
    },
    "mfcc": {
        "mean": [-689.037902832, 81.1196136475, 1.90269970894, 16.6314125061, -1.60654938221, -0.570986688137, 6.30617141724, -4.35552549362, -3.28538346291, -1.07314324379, -4.12403106689, 4.47902202606, -5.70747900009],
        "cov": [[7514.32324219, -1439.0045166, -850.507873535, -143.767837524, -365.249450684, -449.690551758, -3.94804120064, 145.344955444, -585.764221191, -103.536636353, -69.1215667725, -377.195159912, -530.202087402], [-1439.0045166, 1652.62561035, 291.296447754, -327.706878662, 2.0111989975, -114.918777466, -48.3758087158, 40.9886360168, 41.7386665344, -32.5638008118, -118.668426514, -49.7116546631, 194.923019409], [-850.507873535, 291.296447754, 325.990264893, 21.2459030151, 4.79196977615, 15.9525632858, -7.49211025238, -13.107085228, 60.479839325, 17.577413559, -26.782535553, 7.46345329285, 74.8276901245], [-143.767837524, -327.706878662, 21.2459030151, 222.530487061, 42.675151825, 93.4768371582, 52.5939407349, -5.16455888748, 51.5488243103, 4.46651363373, 33.3256607056, 35.8717308044, -11.6527528763], [-365.249450684, 2.0111989975, 4.79196977615, 42.675151825, 167.117294312, 48.5064811707, 12.8376932144, 18.6760463715, 41.5969276428, 24.5153121948, 29.1530342102, 53.8209381104, 22.421918869], [-449.690551758, -114.918777466, 15.9525632858, 93.4768371582, 48.5064811707, 122.770675659, 29.4111919403, -17.7794399261, 73.6526565552, 11.3364782333, 26.5889453888, 47.9858665466, 14.6451864243], [-3.94804120064, -48.3758087158, -7.49211025238, 52.5939407349, 12.8376932144, 29.4111919403, 50.6930274963, 28.2634010315, 16.0780677795, -5.75428009033, 10.5177631378, 14.2419366837, -9.4210319519], [145.344955444, 40.9886360168, -13.107085228, -5.16455888748, 18.6760463715, -17.7794399261, 28.2634010315, 65.99168396, -9.23057365417, -9.35600566864, 4.68643093109, 0.633874118328, -7.68267965317], [-585.764221191, 41.7386665344, 60.479839325, 51.5488243103, 41.5969276428, 73.6526565552, 16.0780677795, -9.23057365417, 106.162872314, 26.2590713501, 15.5647182465, 59.2726669312, 33.8335266113], [-103.536636353, -32.5638008118, 17.577413559, 4.46651363373, 24.5153121948, 11.3364782333, -5.75428009033, -9.35600566864, 26.2590713501, 56.7846946716, 15.5697460175, 29.2432079315, 8.05634021759], [-69.1215667725, -118.668426514, -26.782535553, 33.3256607056, 29.1530342102, 26.5889453888, 10.5177631378, 4.68643093109, 15.5647182465, 15.5697460175, 43.2063026428, 34.3593139648, -3.02048254013], [-377.195159912, -49.7116546631, 7.46345329285, 35.8717308044, 53.8209381104, 47.9858665466, 14.2419366837, 0.633874118328, 59.2726669312, 29.2432079315, 34.3593139648, 83.0956802368, 23.7915725708], [-530.202087402, 194.923019409, 74.8276901245, -11.6527528763, 22.421918869, 14.6451864243, -9.4210319519, -7.68267965317, 33.8335266113, 8.05634021759, -3.02048254013, 23.7915725708, 76.7776184082]],
