{
"lowlevel": {
    "average_loudness": 0.757157802582,
    "barkbands_crest": {
        "dmean": 2.75941944122,
        "dmean2": 4.444480896,
        "dvar": 5.23869180679,
        "dvar2": 14.6898269653,
        "max": 22.7021255493,
        "mean": 13.5762586594,
        "median": 13.0364141464,
        "min": 5.63429927826,
        "var": 15.1907911301
    },
    "barkbands_flatness_db": {
        "dmean": 0.0318852625787,
        "dmean2": 0.0457970574498,
        "dvar": 0.00105720793363,
        "dvar2": 0.002258783672,
        "max": 0.582705199718,
        "mean": 0.306175529957,
        "median": 0.307768464088,
        "min": 0.0903166681528,
        "var": 0.0103721274063
    },
    "barkbands_kurtosis": {
        "dmean": 18.9680156708,
        "dmean2": 25.9578075409,
        "dvar": 721.360778809,
        "dvar2": 1240.36865234,
        "max": 284.065856934,
        "mean": 41.3918952942,
        "median": 21.7210636139,
        "min": 0.275275468826,
        "var": 2609.17529297
    },
    "barkbands_skewness": {
        "dmean": 1.07353413105,
        "dmean2": 1.44512796402,
        "dvar": 1.13813173771,
        "dvar2": 2.14650988579,
        "max": 14.1806316376,
        "mean": 3.83078551292,
        "median": 3.15191102028,
        "min": -0.0456578545272,
        "var": 6.80478191376
    },
    "barkbands_spread": {
        "dmean": 2.1600651741,
        "dmean2": 3.11355781555,
        "dvar": 22.6480674744,
        "dvar2": 45.3722801208,
        "max": 44.7656555176,
        "mean": 5.46652936935,
        "median": 2.2121989727,
        "min": 0.597750782967,
        "var": 62.0797805786
    },
    "dissonance": {
        "dmean": 0.055078573525,
        "dmean2": 0.0943971574306,
        "dvar": 0.00209998898208,
        "dvar2": 0.00626181205735,
        "max": 0.491429448128,
        "mean": 0.385462582111,
        "median": 0.41476213932,
        "min": 0.0928319469094,
        "var": 0.00753066549078
    },
    "dynamic_complexity": 19.4014472961,
    "erbbands_crest": {
        "dmean": 2.85861802101,
        "dmean2": 4.41220760345,
        "dvar": 4.7313284874,
        "dvar2": 12.4631204605,
        "max": 20.6606426239,
        "mean": 11.7284317017,
        "median": 11.2013120651,
        "min": 3.83185124397,
        "var": 11.4708213806
    },
    "erbbands_flatness_db": {
        "dmean": 0.0279710087925,
        "dmean2": 0.0407408066094,
        "dvar": 0.000816111336462,
        "dvar2": 0.00192050042097,
        "max": 0.496045142412,
        "mean": 0.263575196266,
        "median": 0.275710999966,
        "min": 0.0690696388483,
        "var": 0.00901003647596
    },
    "erbbands_kurtosis": {
        "dmean": 4.89145946503,
        "dmean2": 7.53712368011,
        "dvar": 38.0851745605,
        "dvar2": 95.0246582031,
        "max": 58.7824478149,
        "mean": 9.40043735504,
        "median": 5.5413980484,
        "min": -0.426929950714,
        "var": 106.480148315
    },
    "erbbands_skewness": {
        "dmean": 0.629436254501,
        "dmean2": 0.947571516037,
        "dvar": 0.297508120537,
        "dvar2": 0.757495701313,
        "max": 6.2515335083,
        "mean": 1.83206093311,
        "median": 1.66568398476,
        "min": -0.661721289158,
        "var": 1.61218476295
    },
    "erbbands_spread": {
        "dmean": 3.99181509018,
        "dmean2": 6.00056648254,
        "dvar": 31.7865982056,
        "dvar2": 79.6486053467,
        "max": 62.1137924194,
        "mean": 12.9189882278,
        "median": 7.51203966141,
        "min": 2.41459226608,
        "var": 159.88861084
    },
    "hfc": {
        "dmean": 0.98419547081,
        "dmean2": 1.14396548271,
        "dvar": 8.94234657288,
        "dvar2": 16.9808139801,
        "max": 47.8659706116,
        "mean": 2.39548707008,
        "median": 0.0384561493993,
        "min": 0.00108820747118,
        "var": 40.937286377
    },
    "melbands_crest": {
        "dmean": 3.85942816734,
        "dmean2": 6.07514238358,
        "dvar": 9.44733142853,
        "dvar2": 27.0571060181,
        "max": 31.3420410156,
        "mean": 19.3986949921,
        "median": 19.2158241272,
        "min": 6.17690181732,
        "var": 35.5891418457
    },
    "melbands_flatness_db": {
        "dmean": 0.034972358495,
        "dmean2": 0.0499812476337,
        "dvar": 0.00132448924705,
        "dvar2": 0.00280373473652,
        "max": 0.709330439568,
        "mean": 0.432089865208,
        "median": 0.437585324049,
        "min": 0.197399228811,
        "var": 0.0108597250655
    },
    "melbands_kurtosis": {
        "dmean": 15.5271081924,
        "dmean2": 21.7355690002,
        "dvar": 574.41986084,
        "dvar2": 1069.4407959,
        "max": 327.977478027,
        "mean": 31.5542507172,
        "median": 12.8041152954,
        "min": -1.12805092335,
        "var": 2325.98046875
    },
    "melbands_skewness": {
        "dmean": 0.898661196232,
        "dmean2": 1.30726194382,
        "dvar": 0.655270457268,
        "dvar2": 1.42913067341,
        "max": 11.9078960419,
        "mean": 2.94029998779,
        "median": 2.36242055893,
        "min": -0.144699409604,
        "var": 5.05205821991
    },
    "melbands_spread": {
        "dmean": 0.92949539423,
        "dmean2": 1.38226687908,
        "dvar": 1.27308106422,
        "dvar2": 2.37236237526,
        "max": 10.607211113,
        "mean": 2.91670465469,
        "median": 2.39180517197,
        "min": 0.489573836327,
        "var": 3.74014163017
    },
    "pitch_salience": {
        "dmean": 0.0780102089047,
        "dmean2": 0.127024173737,
        "dvar": 0.00454330723733,
        "dvar2": 0.0114051150158,
        "max": 0.80201125145,
        "mean": 0.541752576828,
        "median": 0.549915611744,
        "min": 0.214517980814,
        "var": 0.0148882223293
    },
    "silence_rate_20dB": {
        "dmean": 0,
        "dmean2": 0,
        "dvar": 0,
        "dvar2": 0,
        "max": 1,
        "mean": 1,
        "median": 1,
        "min": 1,
        "var": 0
    },
    "silence_rate_30dB": {
        "dmean": 0.0117647061124,
        "dmean2": 0.0236686393619,
        "dvar": 0.0116262929514,
        "dvar2": 0.0231084935367,
        "max": 1,
        "mean": 0.982456147671,
        "median": 1,
        "min": 0,
        "var": 0.0172360800207
    },
    "silence_rate_60dB": {
        "dmean": 0.0470588244498,
        "dmean2": 0.0887573957443,
        "dvar": 0.0448442474008,
        "dvar2": 0.0927138701081,
        "max": 1,
        "mean": 0.777777791023,
        "median": 1,
        "min": 0,
        "var": 0.172839835286
    },
    "spectral_centroid": {
        "dmean": 42.4206123352,
        "dmean2": 61.2630958557,
        "dvar": 2693.3828125,
        "dvar2": 4814.36035156,
        "max": 769.893188477,
        "mean": 301.266296387,
        "median": 276.848327637,
        "min": 187.460357666,
        "var": 8074.02197266
    },
    "spectral_complexity": {
        "dmean": 0.688235282898,
        "dmean2": 1.17751479149,
        "dvar": 1.22633194923,
        "dvar2": 2.53653526306,
        "max": 12,
        "mean": 1.94736838341,
        "median": 1,
        "min": 0,
        "var": 6.24868917465
    },
    "spectral_decrease": {
        "dmean": 1.11040032724e-09,
        "dmean2": 1.17878051764e-09,
        "dvar": 9.49435094674e-18,
        "dvar2": 1.62041042404e-17,
        "max": -1.23849986256e-13,
        "mean": -2.82980106014e-09,
        "median": -3.63363748812e-11,
        "min": -4.77455799341e-08,
        "var": 5.55151878726e-17
    },
    "spectral_energy": {
        "dmean": 0.00428002327681,
        "dmean2": 0.00454405415803,
        "dvar": 0.000141352036735,
        "dvar2": 0.000241626257775,
        "max": 0.184543982148,
        "mean": 0.0108975721523,
        "median": 0.000141971220728,
        "min": 5.6614260302e-07,
        "var": 0.000823493755888
    },
    "spectral_energyband_high": {
        "dmean": 2.99774285395e-07,
        "dmean2": 5.34324442469e-07,
        "dvar": 2.61263775371e-12,
        "dvar2": 7.55180293299e-12,
        "max": 1.47403716255e-05,
        "mean": 2.94762571684e-07,
        "median": 8.83248887362e-08,
        "min": 3.62135281762e-08,
        "var": 1.56415993439e-12
    },
    "spectral_energyband_low": {
        "dmean": 0.00162049755454,
        "dmean2": 0.00194756465498,
        "dvar": 3.02738972096e-05,
        "dvar2": 4.5333046728e-05,
        "max": 0.0674355179071,
        "mean": 0.00361313251778,
        "median": 2.29132856475e-05,
        "min": 5.48150040913e-08,
        "var": 0.000119101787277
    },
    "spectral_energyband_middle_high": {
        "dmean": 2.99451239698e-05,
        "dmean2": 3.99524142267e-05,
        "dvar": 8.9363005884e-09,
        "dvar2": 1.70471139427e-08,
        "max": 0.00102013279684,
        "mean": 5.2313615015e-05,
        "median": 4.15993781644e-07,
        "min": 1.13666498436e-08,
        "var": 2.2277271583e-08
    },
    "spectral_energyband_middle_low": {
        "dmean": 0.00404038652778,
        "dmean2": 0.00425882963464,
        "dvar": 0.000122140045278,
        "dvar2": 0.000212490442209,
        "max": 0.174698784947,
        "mean": 0.0104483049363,
        "median": 0.000136516289786,
        "min": 3.78989369665e-07,
        "var": 0.000750410603359
    },
    "spectral_entropy": {
        "dmean": 0.281126141548,
        "dmean2": 0.401761442423,
        "dvar": 0.0870156958699,
        "dvar2": 0.193004831672,
        "max": 7.86762714386,
        "mean": 5.79187822342,
        "median": 5.66334724426,
        "min": 3.56274700165,
        "var": 0.794315874577
    },
    "spectral_flux": {
        "dmean": 0.00974867586046,
        "dmean2": 0.0143218059093,
        "dvar": 0.000427823455539,
        "dvar2": 0.000821118243039,
        "max": 0.202597379684,
        "mean": 0.0227101221681,
        "median": 0.0076403352432,
        "min": 0.000551105244085,
        "var": 0.00144900626037
    },
    "spectral_kurtosis": {
        "dmean": 13.6425094604,
        "dmean2": 20.4283561707,
        "dvar": 386.754425049,
        "dvar2": 894.694152832,
        "max": 219.648864746,
        "mean": 50.3237953186,
        "median": 38.6151390076,
        "min": 3.87963867188,
        "var": 2078.85595703
    },
    "spectral_rms": {
        "dmean": 0.000451040628832,
        "dmean2": 0.000517812906764,
        "dvar": 7.73131546339e-07,
        "dvar2": 1.35234904519e-06,
        "max": 0.0134180067107,
        "mean": 0.0016371968668,
        "median": 0.000372167327441,
        "min": 2.35017923842e-05,
        "var": 7.95135747467e-06
    },
    "spectral_rolloff": {
        "dmean": 91.4527816772,
        "dmean2": 146.909957886,
        "dvar": 33645.6367188,
        "dvar2": 85137.7109375,
        "max": 1658.05664062,
        "mean": 380.545959473,
        "median": 322.998046875,
        "min": 172.265625,
        "var": 35151.9101562
    },
    "spectral_skewness": {
        "dmean": 0.770146071911,
        "dmean2": 1.16287541389,
        "dvar": 0.795373260975,
        "dvar2": 1.86360251904,
        "max": 12.2621946335,
        "mean": 5.42676305771,
        "median": 5.22928285599,
        "min": 1.90549683571,
        "var": 6.01153659821
    },
    "spectral_spread": {
        "dmean": 703865.8125,
        "dmean2": 1165950.875,
        "dvar": 725831581696,
        "dvar2": 1.47588120576e+12,
        "max": 9941970,
        "mean": 3415079,
        "median": 2518441.75,
        "min": 545758,
        "var": 5.61937750426e+12
    },
    "spectral_strongpeak": {
        "dmean": 0.0942262858152,
        "dmean2": 0.14100253582,
        "dvar": 0.0338820628822,
        "dvar2": 0.0761151537299,
        "max": 2.16013741493,
        "mean": 0.276417970657,
        "median": 0.0504214353859,
        "min": 0,
        "var": 0.259189218283
    },
    "zerocrossingrate": {
        "dmean": 0.0114114200696,
        "dmean2": 0.0142323868349,
        "dvar": 0.000338610028848,
        "dvar2": 0.00046637680498,
        "max": 0.23046875,
        "mean": 0.0401190146804,
        "median": 0.02197265625,
        "min": 0.0068359375,
        "var": 0.00174351304304
    },
    "barkbands": {
        "dmean": [5.21713275248e-07, 1.00187726275e-05, 0.000284333858872, 0.00230411300436, 0.000761972914916, 0.00138698820956, 0.000190435879631, 5.83490509598e-05, 2.51446417678e-05, 2.63766360149e-05, 4.17312685386e-06, 6.5109420575e-06, 2.47068055614e-06, 2.53536040873e-06, 9.15101793453e-07, 6.87508133979e-07, 4.2994844307e-07, 2.79165675465e-07, 3.14775348897e-07, 1.69865074895e-07, 4.81690740628e-08, 1.80414883033e-08, 1.98099012749e-08, 2.24608189825e-08, 8.03710094033e-08, 1.5913110829e-08, 9.89949633379e-09],
        "dmean2": [8.21679634555e-07, 1.89885922737e-05, 0.000375048170099, 0.00262168585323, 0.00108956359327, 0.00206873309799, 0.000296760204947, 8.22067377158e-05, 4.05576865887e-05, 3.60927188012e-05, 6.68475922794e-06, 1.06520474219e-05, 4.31899252362e-06, 3.86555029763e-06, 1.55189991347e-06, 9.88081637843e-07, 6.81387518853e-07, 4.6492061756e-07, 5.42913255686e-07, 2.98164081869e-07, 8.05220139455e-08, 2.85744423678e-08, 3.44312631739e-08, 3.71609587546e-08, 1.54092205662e-07, 3.01855145324e-08, 1.69888902946e-08],
        "dvar": [3.44257473006e-13, 2.12310946601e-09, 1.02405624602e-06, 4.62969874206e-05, 5.89492401559e-06, 3.01119762298e-05, 9.75235934675e-07, 8.14110947545e-08, 5.38229549818e-09, 5.99768146259e-09, 2.06189620933e-10, 5.10134545717e-10, 4.5817644817e-11, 1.38346833989e-10, 1.39149976264e-11, 5.52243407254e-12, 2.19049279583e-12, 1.51170514908e-12, 1.8654472498e-12, 5.77908435082e-13, 4.57432790919e-14, 5.94332017682e-15, 9.90280957008e-15, 7.45742968652e-15, 3.84677451568e-13, 1.33258111644e-14, 3.86677687262e-16],
        "dvar2": [7.03745059189e-13, 6.17682438531e-09, 1.70620205608e-06, 7.80387199484e-05, 1.34271431307e-05, 8.09793564258e-05, 1.68852022853e-06, 1.52019396182e-07, 1.53126311631e-08, 1.3283755429e-08, 3.97005234243e-10, 1.35541666779e-09, 1.39560391021e-10, 3.35019734177e-10, 3.7647305412e-11, 1.26416325325e-11, 5.38020452842e-12, 4.10604319642e-12, 5.34456420093e-12, 1.63563823943e-12, 1.2536021212e-13, 1.56545952687e-14, 2.77560584244e-14, 1.92882243109e-14, 1.14239672409e-12, 3.93948721843e-14, 1.0941812794e-15],
        "max": [4.36258051195e-06, 0.000391788722482, 0.0118443015963, 0.0817635431886, 0.0228894706815, 0.0725137069821, 0.0119752492756, 0.00392189947888, 0.000685212144163, 0.000731042935513, 0.000121508921438, 0.000241249421379, 4.85362070322e-05, 0.000133788984385, 3.84409795515e-05, 2.28547796723e-05, 1.40879410537e-05, 9.95293066808e-06, 1.04919909063e-05, 6.17930618318e-06, 1.7521490463e-06, 6.92040600825e-07, 8.5079358314e-07, 7.96458721197e-07, 5.8771042859e-06, 1.10838243472e-06, 2.45644912411e-07],
        "mean": [4.8788751883e-07, 6.35550941297e-06, 0.000405839673476, 0.00651826290414, 0.000997710856609, 0.002548342105, 0.000211787759326, 0.000111025590741, 3.68331529899e-05, 3.9035876398e-05, 5.07075856149e-06, 8.06058687886e-06, 2.95282802654e-06, 2.7986875466e-06, 8.97117217846e-07, 8.10092615211e-07, 4.28070762837e-07, 2.53666343042e-07, 2.42890848767e-07, 1.311445601e-07, 4.30551629904e-08, 1.76310024358e-08, 1.74788468144e-08, 2.38470949654e-08, 5.22935188485e-08, 1.56788342309e-08, 6.83116923028e-08],
        "median": [2.66287628392e-07, 8.06719953061e-08, 2.42015494223e-06, 4.04471757065e-05, 4.38069728261e-05, 1.8629258193e-05, 5.74453133595e-06, 2.23848905989e-06, 1.07546588879e-06, 3.47946837564e-07, 1.25078997826e-07, 5.01649424223e-08, 1.49236853986e-08, 1.25447909838e-08, 9.65177804346e-09, 6.19986506578e-09, 5.59958435176e-09, 4.78560657768e-09, 5.18906606573e-09, 3.52946916138e-09, 2.77207745647e-09, 2.38793496088e-09, 2.97247071401e-09, 5.82020653894e-09, 6.89671697529e-09, 6.54221787855e-09, 6.72348932085e-08],
        "min": [5.81592685123e-09, 2.39779973654e-09, 1.13916942546e-09, 1.38127269622e-08, 1.996799881e-08, 2.24755538625e-08, 2.35058976727e-08, 6.82223832982e-09, 4.83478546087e-09, 1.99004057677e-09, 1.26335120143e-09, 7.63542451487e-10, 3.6748401544e-10, 5.5404431043e-10, 5.41879097149e-10, 5.16733045242e-10, 5.09862929654e-10, 4.80320894169e-10, 4.46139347687e-10, 4.76898076585e-10, 6.19158890824e-10, 6.66090294033e-10, 9.97407711978e-10, 1.44676237657e-09, 1.3844649871e-09, 2.44498488122e-09, 2.91796418139e-08],
        "var": [4.67162875224e-13, 1.20481213894e-09, 1.97122380996e-06, 0.000322817475535, 7.63107618695e-06, 6.16094475845e-05, 1.37063045713e-06, 2.47603935577e-07, 9.12677844411e-09, 1.38966829155e-08, 2.7520480339e-10, 7.28540228145e-10, 6.11318842769e-11, 1.48904583108e-10, 1.19088116105e-11, 7.687830407e-12, 2.27648238801e-12, 1.18272503336e-12, 1.30483677249e-12, 3.94076102046e-13, 3.48145449101e-14, 4.89498180284e-15, 6.60718436682e-15, 6.2372503504e-15, 2.0099559224e-13, 7.07533651215e-15, 2.43760809157e-16]
    },
    "erbbands": {
        "dmean": [0.000237419939367, 0.00558419944718, 0.24729116261, 4.60807800293, 5.69140005112, 1.75738561153, 8.16357326508, 9.2357339859, 1.26494503021, 4.70144033432, 0.841821193695, 0.584193468094, 1.02525532246, 0.26805627346, 0.191072776914, 0.202957421541, 0.111142091453, 0.139415562153, 0.0569541417062, 0.0352668240666, 0.0387948080897, 0.0235204584897, 0.0167435370386, 0.0182515177876, 0.0108427833766, 0.00917161535472, 0.00336631317623, 0.00122218416072, 0.000624064647127, 0.000547628733329, 0.000570374890231, 0.000465495017124, 0.000432971166447, 0.000669676228426, 0.00066957634408, 0.000153757195221, 1.25491442304e-05, 3.84462691727e-06, 3.06198671751e-06, 4.80097696709e-06],
        "dmean2": [0.000372700043954, 0.00852942280471, 0.308364182711, 5.25356483459, 7.75188589096, 2.692943573, 12.9712276459, 14.5246133804, 1.99280416965, 7.1644115448, 1.45072841644, 0.971811413765, 1.46454954147, 0.397129625082, 0.297601312399, 0.318788617849, 0.194105997682, 0.221134588122, 0.0868937000632, 0.0569253377616, 0.0580035485327, 0.035940412432, 0.0274810791016, 0.0306817851961, 0.0184388384223, 0.0163231827319, 0.00604563346133, 0.00182839680929, 0.000923695450183, 0.000953493465204, 0.000978961703368, 0.000771760649513, 0.000723674893379, 0.00124468759168, 0.00130395789165, 0.000294583034702, 2.26616848522e-05, 6.95423750585e-06, 4.04960883316e-06, 5.16100953973e-06],
        "dvar": [5.95126323333e-07, 0.000380624318495, 0.666804790497, 212.102706909, 261.50201416, 26.9320774078, 1203.49572754, 1328.72766113, 21.4864063263, 704.04901123, 10.7353878021, 3.07914924622, 9.10085487366, 0.697768270969, 0.503840565681, 0.420821607113, 0.11782874167, 0.444046825171, 0.0450653657317, 0.0156900845468, 0.0204894654453, 0.00720868399367, 0.00532528618351, 0.00629358366132, 0.00187248480506, 0.0018830759218, 0.000261208129814, 2.34595136135e-05, 6.37935818304e-06, 8.52776065585e-06, 7.43241207601e-06, 3.59801333616e-06, 3.39446819453e-06, 2.08275414479e-05, 2.97434635286e-05, 1.42420583416e-06, 5.05769603976e-09, 1.75282746651e-10, 3.73421259192e-11, 1.69422309515e-10],
        "dvar2": [1.53770031375e-06, 0.000932268041652, 1.07426595688, 322.604919434, 611.375976562, 73.7218933105, 3317.76000977, 3326.56884766, 38.5522613525, 1226.31054688, 26.5796737671, 8.66681575775, 22.81067276, 1.34824943542, 1.13168609142, 0.968747138977, 0.347804874182, 1.11202526093, 0.115767158568, 0.0399722792208, 0.048239108175, 0.0164704546332, 0.0142178516835, 0.0176974274218, 0.00520304916427, 0.00546066137031, 0.000749363971408, 5.79482075409e-05, 1.57697995746e-05, 2.40768331423e-05, 2.06101412914e-05, 9.0363982963e-06, 9.35996195039e-06, 6.14635937382e-05, 8.84908658918e-05, 4.22078301199e-06, 1.48293484159e-08, 5.12043019096e-10, 7.5344057382e-11, 2.89979817936e-10],
        "max": [0.00512654474005, 0.154596090317, 9.86071777344, 180.984390259, 149.731170654, 44.2957649231, 429.066833496, 429.182922363, 54.959312439, 336.435882568, 39.1520042419, 17.8288764954, 25.9574222565, 8.29772472382, 6.34785079956, 6.49942588806, 3.28394627571, 7.56575679779, 2.35637402534, 1.31981158257, 1.44713139534, 0.769881188869, 0.646915912628, 0.613298118114, 0.339903116226, 0.351925641298, 0.119098044932, 0.0443859770894, 0.0221153795719, 0.0272455383092, 0.0216699633747, 0.016130246222, 0.0177616868168, 0.043600782752, 0.0515112914145, 0.0113528305665, 0.000702348188497, 0.000138928226079, 9.33823757805e-05, 0.00020431856683],
        "mean": [0.00034708585008, 0.0084088658914, 0.464084148407, 11.9224462509, 12.3956260681, 2.49474239349, 13.9817552567, 17.3166770935, 1.93478357792, 5.84136152267, 1.42750394344, 0.881506204605, 1.44708848, 0.458367854357, 0.249937534332, 0.285745680332, 0.136725500226, 0.157251656055, 0.0639681220055, 0.042308870703, 0.0437423177063, 0.0242108516395, 0.0158008076251, 0.0145600456744, 0.00898008979857, 0.00658213207498, 0.00263591762632, 0.00128657510504, 0.000656552612782, 0.000494886189699, 0.000513729406521, 0.000475312263006, 0.000446113495855, 0.000488436548039, 0.000418324867496, 0.000109183267341, 2.25995609071e-05, 1.42711442095e-05, 1.25713395391e-05, 1.32551740535e-05],
        "median": [9.60115085036e-06, 9.48806846282e-05, 0.00320856878534, 0.0746586844325, 0.165421143174, 0.144738525152, 0.11966457963, 0.12006508559, 0.0804009586573, 0.0882089063525, 0.0500114671886, 0.026309363544, 0.0186990946531, 0.00647805351764, 0.00368729559705, 0.00201815715991, 0.000736627960578, 0.000728702463675, 0.000464066950371, 0.000419847900048, 0.000339247082593, 0.000318431819323, 0.000299533538055, 0.0002945366723, 0.000236174528254, 0.000174078697455, 0.000127777675516, 0.000104016595287, 8.00906273071e-05, 8.41863584355e-05, 8.87046335265e-05, 9.93928406388e-05, 9.79341857601e-05, 7.31260588509e-05, 4.4601605623e-05, 1.84605887625e-05, 1.32323184516e-05, 1.31949955176e-05, 7.73291685618e-06, 1.54754627602e-06],
        "min": [1.35179249128e-07, 5.64759545796e-07, 5.24314918948e-06, 5.01923750562e-05, 0.000101569596154, 8.97913050721e-05, 0.000187839366845, 0.000154424022185, 0.000300262880046, 0.000363753671991, 0.000177093708771, 0.000125243357616, 3.43196406902e-05, 5.34379360033e-05, 4.93008992635e-05, 3.66548119928e-05, 1.78974405571e-05, 3.24490792991e-05, 2.28573608183e-05, 3.60921985703e-05, 3.03441429423e-05, 3.19042665069e-05, 1.81893519766e-05, 1.77598722075e-05, 2.05419455597e-05, 2.4411798222e-05, 2.1852174541e-05, 2.10135422094e-05, 2.03280233109e-05, 2.73594050668e-05, 2.5163326427e-05, 2.70377713605e-05, 2.48973592534e-05, 1.65191358974e-05, 9.80425647867e-06, 5.57254907108e-06, 3.90976538256e-06, 5.09185156261e-06, 3.87902127841e-06, 4.94219875691e-07],
        "var": [8.32222099234e-07, 0.000568729126826, 1.96619403362, 1160.41992188, 939.655334473, 38.9749946594, 1861.68188477, 2939.84545898, 40.4033927917, 1114.37023926, 27.714056015, 5.5900387764, 17.8973999023, 1.81815254688, 0.633691251278, 0.843506395817, 0.150359392166, 0.452519327402, 0.0521265566349, 0.018659312278, 0.0257850661874, 0.00752838049084, 0.0044054328464, 0.00457759434357, 0.00144042959437, 0.00118761649355, 0.000168205195223, 2.36206815316e-05, 6.10983397564e-06, 5.60902935831e-06, 5.20257253811e-06, 3.10355858346e-06, 2.44970351559e-06, 1.12201150841e-05, 1.54027984536e-05, 7.47710998894e-07, 2.90995094687e-09, 1.01266925401e-10, 1.80965409324e-10, 9.8868213616e-10]
    },
    "gfcc": {
        "mean": [-374.045379639, 137.501022339, -30.8886127472, -21.9935874939, -56.2605819702, -29.9891929626, -42.3660430908, -18.6692028046, -29.5926418304, -20.5693759918, -15.8809995651, -16.1377410889, -10.7346010208],
        "cov": [[13838.6103516, 5864.73632812, -1785.01586914, -271.888458252, 456.194976807, -101.848266602, -237.26348877, -416.530426025, -443.990814209, -448.208465576, 135.312057495, -374.866119385, 193.309585571], [5864.73632812, 3196.27197266, -517.29309082, -472.076477051, 38.3562889099, -148.13331604, -12.9727811813, -197.472839355, -134.316329956, -220.094055176, 54.1828804016, -144.681152344, 67.1474761963], [-1785.01586914, -517.29309082, 677.096923828, 161.608825684, -128.836624146, -54.2491569519, -12.9994382858, 44.0852241516, 41.4288673401, 20.8020420074, -2.7487783432, 39.4479484558, -17.525396347], [-271.888458252, -472.076477051, 161.608825684, 544.400817871, 226.08921814, 58.869594574, -123.491661072, -29.2110919952, -61.9412574768, -5.74717712402, 23.270401001, -20.4456157684, 12.2655649185], [456.194976807, 38.3562889099, -128.836624146, 226.08921814, 344.398651123, 97.7716903687, -62.7416763306, -93.6417999268, -36.6987724304, -17.1690235138, 23.5782794952, -44.799911499, 16.8569927216], [-101.848266602, -148.13331604, -54.2491569519, 58.869594574, 97.7716903687, 110.597923279, -1.38131082058, -8.42278003693, -26.2665615082, 4.75859022141, 0.254317432642, -5.90077352524, -2.84996366501], [-237.26348877, -12.9727811813, -12.9994382858, -123.491661072, -62.7416763306, -1.38131082058, 94.2412490845, 43.3303871155, 42.3147125244, 15.2013053894, -25.2287826538, 5.57884597778, -12.4217510223], [-416.530426025, -197.472839355, 44.0852241516, -29.2110919952, -93.6417999268, -8.42278003693, 43.3303871155, 87.1890029907, 33.4298019409, 18.4642944336, -22.6541080475, 13.9849023819, -5.88801431656], [-443.990814209, -134.316329956, 41.4288673401, -61.9412574768, -36.6987724304, -26.2665615082, 42.3147125244, 33.4298019409, 90.0510253906, 41.5458641052, 1.77410531044, 10.0314722061, -5.21953630447], [-448.208465576, -220.094055176, 20.8020420074, -5.74717712402, -17.1690235138, 4.75859022141, 15.2013053894, 18.4642944336, 41.5458641052, 53.7529296875, 14.2016916275, 14.6703529358, -8.2750453949], [135.312057495, 54.1828804016, -2.7487783432, 23.270401001, 23.5782794952, 0.254317432642, -25.2287826538, -22.6541080475, 1.77410531044, 14.2016916275, 46.5807800293, 11.2873754501, 6.62099981308], [-374.866119385, -144.681152344, 39.4479484558, -20.4456157684, -44.799911499, -5.90077352524, 5.57884597778, 13.9849023819, 10.0314722061, 14.6703529358, 11.2873754501, 46.4356002808, 9.22923851013], [193.309585571, 67.1474761963, -17.525396347, 12.2655649185, 16.8569927216, -2.84996366501, -12.4217510223, -5.88801431656, -5.21953630447, -8.2750453949, 6.62099981308, 9.22923851013, 35.6148872375]],
        "icov": [[0.00220615090802, -0.00370182399638, 0.00390241551213, -0.00354916136712, 0.00272821169347, -0.00128728488926, 0.00152910477482, -0.000713841873221, 0.000540487468243, 0.000326407025568, -0.00176974909846, 0.00482316035777, -0.00359736336395], [-0.00370182399638, 0.00751343136653, -0.00632037874311, 0.00711867306381, -0.0045644082129, 0.00367179536261, -0.00410922244191, 0.00195359135978, 9.45238571148e-05, 0.00375788565725, -0.0017351055285, -0.00355124240741, 0.00383905670606], [0.00390241551213, -0.00632037874311, 0.0094425464049, -0.00809080805629, 0.00710546597838, -0.00240262574516, 0.00226087635383, 0.000674724986311, -0.00172298110556, 0.00307613564655, -0.00336377834901, 0.00758637581021, -0.00536585692316], [-0.00354916136712, 0.00711867306381, -0.00809080805629, 0.0126689318568, -0.0099091026932, 0.00506363110617, 0.00145334447734, -0.00467493431643, 0.00478891097009, -0.000294783123536, -0.00117144489195, -0.00315455859527, 0.00399615056813], [0.00272821169347, -0.0045644082129, 0.00710546597838, -0.0099091026932, 0.0163304563612, -0.010152506642, 9.18120422284e-05, 0.0112988604233, -0.00795902498066, 0.00506871007383, -0.00261019426398, 0.0108470004052, -0.00824959948659], [-0.00128728488926, 0.00367179536261, -0.00240262574516, 0.00506363110617, -0.010152506642, 0.0205557905138, -0.00593949761242, -0.00553090358153, 0.0124954460189, -0.00392219377682, -0.00356257753447, -0.000540884619113, 0.00232487940229], [0.00152910477482, -0.00410922244191, 0.00226087635383, 0.00145334447734, 9.18120422284e-05, -0.00593949761242, 0.02889498882, -0.00913100969046, -0.00779120437801, -0.00495601957664, 0.0130750024691, -0.00393225625157, 0.00440439907834], [-0.000713841873221, 0.00195359135978, 0.000674724986311, -0.00467493431643, 0.0112988604233, -0.00553090358153, -0.00913100969046, 0.0316950529814, -0.0100825149566, 0.00242483662441, 0.00717553636059, -0.00013160747767, -0.00381597713567], [0.000540487468243, 9.45238571148e-05, -0.00172298110556, 0.00478891097009, -0.00795902498066, 0.0124954460189, -0.00779120437801, -0.0100825149566, 0.0336735993624, -0.0193266123533, -0.00573162734509, 0.00745913572609, -0.00564914708957], [0.000326407025568, 0.00375788565725, 0.00307613564655, -0.000294783123536, 0.00506871007383, -0.00392219377682, -0.00495601957664, 0.00242483662441, -0.0193266123533, 0.0587970949709, -0.0285284854472, 0.00783075205982, 0.0028212252073], [-0.00176974909846, -0.0017351055285, -0.00336377834901, -0.00117144489195, -0.00261019426398, -0.00356257753447, 0.0130750024691, 0.00717553636059, -0.00573162734509, -0.0285284854472, 0.0557174831629, -0.0289352405816, 0.0079938210547], [0.00482316035777, -0.00355124240741, 0.00758637581021, -0.00315455859527, 0.0108470004052, -0.000540884619113, -0.00393225625157, -0.00013160747767, 0.00745913572609, 0.00783075205982, -0.0289352405816, 0.06115161255, -0.0287896115333], [-0.00359736336395, 0.00383905670606, -0.00536585692316, 0.00399615056813, -0.00824959948659, 0.00232487940229, 0.00440439907834, -0.00381597713567, -0.00564914708957, 0.0028212252073, 0.0079938210547, -0.0287896115333, 0.0471470840275]]
    },
    "melbands": {
        "dmean": [2.18409422814e-06, 6.66712439852e-05, 0.00081150943879, 0.000239932880504, 0.000228650736972, 0.000223175418796, 2.14256997424e-05, 4.31128573837e-05, 5.93559525441e-06, 3.42212297255e-06, 5.14116754857e-06, 1.19044784697e-06, 5.68599602957e-07, 8.41723760914e-07, 3.54177927875e-07, 2.03815872624e-07, 2.76456347592e-07, 8.92010731945e-08, 6.80495162442e-08, 4.15031529144e-08, 4.57568880563e-08, 2.54980445646e-08, 1.86345729958e-08, 1.28320873927e-08, 1.59719117931e-08, 9.22063225772e-09, 5.85773385353e-09, 6.20307138988e-09, 2.22302154462e-09, 1.1086414009e-09, 6.07896954996e-10, 3.64660718288e-10, 3.02200015012e-10, 2.90883345189e-10, 3.12026265936e-10, 3.46966760878e-10, 2.55553161965e-10, 2.55280019346e-10, 3.83606396648e-10, 6.51186105038e-10],
        "dmean2": [4.01525085181e-06, 8.88118011062e-05, 0.00093194656074, 0.000343118823366, 0.000373201532057, 0.000330491544446, 3.3556654671e-05, 6.49839130347e-05, 9.96402832243e-06, 5.72504268348e-06, 7.21070773579e-06, 1.76730156909e-06, 9.17739953366e-07, 1.41241582696e-06, 5.76892659865e-07, 3.5143315813e-07, 4.29495855769e-07, 1.35373298349e-07, 1.13856529538e-07, 6.43341167006e-08, 7.02958331544e-08, 3.92891763568e-08, 3.09692644862e-08, 2.11693897967e-08, 2.71265996332e-08, 1.58581361376e-08, 9.9417887256e-09, 1.12862279522e-08, 4.02192767979e-09, 1.77291281656e-09, 9.22051657248e-10, 5.39093325536e-10, 4.88773466145e-10, 5.15961162684e-10, 5.45245459893e-10, 5.7505039619e-10, 4.32538699302e-10, 4.20521950595e-10, 6.54882592599e-10, 1.23347854153e-09],
        "dvar": [8.28181620505e-11, 5.34216546555e-08, 5.50065988136e-06, 5.0266243079e-07, 9.13699011562e-07, 7.39879965295e-07, 7.188169171e-09, 5.86922972445e-08, 4.88233453666e-10, 1.06327675831e-10, 2.26286170357e-10, 1.38974075303e-11, 4.38884041956e-12, 9.5182733223e-12, 8.73421452351e-13, 5.41109095465e-13, 1.71489959819e-12, 9.09106909761e-14, 6.59373678704e-14, 1.68095585736e-14, 2.99014759893e-14, 7.65278004812e-15, 6.14649500527e-15, 3.13778717805e-15, 4.81525355613e-15, 1.49222397829e-15, 4.99323857764e-16, 9.56995717379e-16, 1.13628516962e-16, 2.06561391897e-17, 5.67152581966e-18, 2.03646738291e-18, 2.02195429227e-18, 2.64336690321e-18, 2.29996266511e-18, 2.37708422913e-18, 9.94921570443e-19, 9.65711031279e-19, 3.41247095816e-18, 2.22185857595e-17],
        "dvar2": [2.39906261523e-10, 9.1818229464e-08, 9.55439008976e-06, 1.22208280118e-06, 2.55047189057e-06, 1.92352217709e-06, 1.1965613389e-08, 1.02440843364e-07, 1.30707300539e-09, 3.02312841427e-10, 5.55371582056e-10, 2.95998156541e-11, 8.885896359e-12, 2.49735249841e-11, 2.17640705805e-12, 1.59228240402e-12, 4.21694320088e-12, 2.19068646144e-13, 1.6682607986e-13, 4.20401628548e-14, 6.91050407002e-14, 1.77421825062e-14, 1.617702825e-14, 8.12540579796e-15, 1.36486891125e-14, 4.17463025615e-15, 1.34061757447e-15, 2.79140300691e-15, 3.26492819986e-16, 5.48672142854e-17, 1.40978658272e-17, 5.04081549184e-18, 5.4025974084e-18, 7.55600538246e-18, 6.50261982369e-18, 6.29730201513e-18, 2.42492091114e-18, 2.62517699474e-18, 9.65704661988e-18, 6.59202861805e-17],
        "max": [7.26663056412e-05, 0.00262284372002, 0.027372688055, 0.00558914104477, 0.0119826383889, 0.0109553709626, 0.000963509839494, 0.0031315900851, 0.000291204458335, 0.000101026176708, 0.000133345442009, 3.53464420186e-05, 1.75268214662e-05, 3.22353589581e-05, 1.0324496543e-05, 7.51350944483e-06, 1.48341778186e-05, 3.29026443069e-06, 2.73866999123e-06, 1.21882362691e-06, 1.65863764323e-06, 7.26439907339e-07, 6.45216402972e-07, 5.56110933303e-07, 5.20425999184e-07, 2.9617856967e-07, 1.86188600537e-07, 2.49046962608e-07, 7.95357806282e-08, 3.56838931737e-08, 2.14147704014e-08, 1.26267947209e-08, 1.29205659505e-08, 1.5324692626e-08, 1.24256018808e-08, 1.21594556646e-08, 8.46089776019e-09, 9.33875821119e-09, 1.79845400794e-08, 4.4757701545e-08],
        "mean": [1.41164969136e-06, 9.26012216951e-05, 0.00220797513612, 0.000437941693235, 0.00040274776984, 0.000416299677454, 2.59321132035e-05, 5.63538815186e-05, 8.82294989424e-06, 5.042947123e-06, 7.19862464393e-06, 1.90423304502e-06, 7.46011835417e-07, 1.00715715234e-06, 4.60565786398e-07, 2.35607743093e-07, 3.03882330854e-07, 1.06379189901e-07, 6.73115394534e-08, 5.02610539854e-08, 5.08786079934e-08, 2.46536355775e-08, 1.83029964518e-08, 1.1571025027e-08, 1.23093446547e-08, 7.39382910453e-09, 5.04722841299e-09, 4.26220436722e-09, 1.70899205898e-09, 1.04015496216e-09, 6.39919894851e-10, 3.76461667395e-10, 2.96011604117e-10, 2.51737491963e-10, 2.73631034498e-10, 3.20736215365e-10, 2.69626876381e-10, 2.77752099098e-10, 3.48427453556e-10, 4.38376251966e-10],
        "median": [5.43715401591e-08, 6.21576930371e-07, 1.53266482812e-05, 1.3349758774e-05, 3.60466037819e-06, 2.9815569178e-06, 1.29486477363e-06, 8.48983006563e-07, 3.27136945089e-07, 1.56145560481e-07, 7.70872077283e-08, 2.06927364133e-08, 1.55602339902e-08, 6.80701717215e-09, 2.64555777285e-09, 1.36780842208e-09, 1.21952203891e-09, 7.96181620633e-10, 6.31923513517e-10, 4.59697752087e-10, 3.88676035801e-10, 3.39856920384e-10, 2.55368476365e-10, 2.25156462919e-10, 2.23890198048e-10, 2.00666039341e-10, 1.42102357659e-10, 1.08152702072e-10, 8.29714630335e-11, 6.62853244515e-11, 5.61495364093e-11, 4.43247868964e-11, 4.74837114073e-11, 4.45185381615e-11, 5.05681017893e-11, 5.32099017625e-11, 6.12905906583e-11, 6.88558654538e-11, 7.77643435756e-11, 6.06085251431e-11],
        "min": [1.67224001313e-09, 1.70040426184e-09, 1.07519140258e-08, 9.00684060667e-09, 6.00280003482e-09, 3.60208951555e-09, 5.16610043633e-09, 3.23113291678e-09, 1.28893318241e-09, 6.15363260348e-10, 1.44853684603e-10, 1.99802091538e-10, 1.75626499455e-10, 7.2712211252e-11, 7.6015929662e-11, 3.48312732823e-11, 6.02257479998e-11, 2.9125785117e-11, 4.27271898418e-11, 4.21042332943e-11, 3.36771999176e-11, 3.68403155204e-11, 1.85254225155e-11, 1.75912860667e-11, 9.70812492895e-12, 1.55584815864e-11, 1.30734806661e-11, 1.54212007747e-11, 1.33588392084e-11, 1.16396718652e-11, 9.30103129931e-12, 9.52282003253e-12, 1.15673599171e-11, 1.27913634546e-11, 1.14992277853e-11, 1.73023297079e-11, 1.48711928188e-11, 1.54700141586e-11, 1.31634850589e-11, 1.43378460146e-11],
        "var": [4.83752309044e-11, 9.98829534637e-08, 3.56421951437e-05, 1.07721211862e-06, 1.47036564613e-06, 1.65627841398e-06, 1.15491536334e-08, 9.843797244e-08, 9.50989398341e-10, 1.78871736867e-10, 4.52375914506e-10, 3.27298535496e-11, 5.81164413468e-12, 1.18903220603e-11, 1.65163564249e-12, 5.74071335174e-13, 1.75479726236e-12, 1.31051880502e-13, 6.39901272161e-14, 2.36669103098e-14, 3.65953673072e-14, 7.64420129843e-15, 5.33651339671e-15, 2.68107823608e-15, 3.40750343252e-15, 1.10805038512e-15, 4.08082448067e-16, 5.78544731738e-16, 7.28014561125e-17, 1.75340121421e-17, 5.57300612716e-18, 1.94558649657e-18, 1.61477918523e-18, 1.63434779698e-18, 1.53794847859e-18, 1.82944971818e-18, 9.023045354e-19, 7.70862434138e-19, 2.16554105928e-18, 1.17196024521e-17]
    },
    "mfcc": {
        "mean": [-995.454467773, 145.792510986, 60.178527832, 17.2224941254, -2.75077319145, -14.1724176407, -14.7479496002, -14.7164974213, -15.0853624344, -14.2943239212, -14.2146263123, -13.5132675171, -12.2938594818],
        "cov": [[8301.27832031, 5641.20947266, -847.981079102, -938.48651123, -146.32170105, -275.479187012, -37.1778678894, -223.105331421, -428.918426514, -402.667358398, -467.857269287, -411.699310303, -326.439880371], [5641.20947266, 4278.63574219, -259.723937988, -728.380371094, -218.672744751, -220.891296387, -69.5936126709, -154.585525513, -306.611297607, -314.113769531, -350.712738037, -315.763366699, -249.437362671], [-847.981079102, -259.723937988, 484.276733398, 148.253829956, -81.6805801392, -23.6754951477, -37.7025375366, 0.798719704151, 16.8556976318, -5.72835254669, 5.63087844849, 7.79138183594, 14.0248365402], [-938.48651123, -728.380371094, 148.253829956, 362.94140625, 200.794509888, 95.718963623, 30.0465583801, 0.812098622322, 18.6392974854, 25.9054107666, 26.0895996094, 29.6520996094, 28.3581886292], [-146.32170105, -218.672744751, -81.6805801392, 200.794509888, 271.438842773, 156.877319336, 58.7815093994, -14.0511789322, -40.9043502808, -28.5836448669, -22.624250412, -18.0574436188, -13.2937574387], [-275.479187012, -220.891296387, -23.6754951477, 95.718963623, 156.877319336, 145.290206909, 71.763633728, 11.3611125946, -16.7318706512, -20.8973941803, -9.12985229492, -0.448008775711, 2.70357847214], [-37.1778678894, -69.5936126709, -37.7025375366, 30.0465583801, 58.7815093994, 71.763633728, 74.7861557007, 38.4922943115, 11.2665882111, 0.113269865513, 0.300998687744, 7.6565155983, 14.020277977], [-223.105331421, -154.585525513, 0.798719704151, 0.812098622322, -14.0511789322, 11.3611125946, 38.4922943115, 58.7906723022, 55.0789756775, 34.4752655029, 25.5386638641, 21.4099292755, 20.6347751617], [-428.918426514, -306.611297607, 16.8556976318, 18.6392974854, -40.9043502808, -16.7318706512, 11.2665882111, 55.0789756775, 87.785987854, 74.4968032837, 55.8493270874, 40.8382301331, 30.632478714], [-402.667358398, -314.113769531, -5.72835254669, 25.9054107666, -28.5836448669, -20.8973941803, 0.113269865513, 34.4752655029, 74.4968032837, 87.8200454712, 73.5408935547, 49.365436554, 33.6232910156], [-467.857269287, -350.712738037, 5.63087844849, 26.0895996094, -22.624250412, -9.12985229492, 0.300998687744, 25.5386638641, 55.8493270874, 73.5408935547, 80.6131744385, 63.8986167908, 42.3882141113], [-411.699310303, -315.763366699, 7.79138183594, 29.6520996094, -18.0574436188, -0.448008775711, 7.6565155983, 21.4099292755, 40.8382301331, 49.365436554, 63.8986167908, 67.4789428711, 50.8616600037], [-326.439880371, -249.437362671, 14.0248365402, 28.3581886292, -13.2937574387, 2.70357847214, 14.020277977, 20.6347751617, 30.632478714, 33.6232910156, 42.3882141113, 50.8616600037, 51.1649856567]],
