{
"lowlevel": {
    "average_loudness": 0.99068403244,
    "barkbands_crest": {
        "dmean": 2.85545516014,
        "dmean2": 4.64957046509,
        "dvar": 5.79280042648,
        "dvar2": 13.6219329834,
        "max": 21.7856388092,
        "mean": 10.324005127,
        "median": 9.65784454346,
        "min": 4.46914148331,
        "var": 16.481962204
    },
    "barkbands_flatness_db": {
        "dmean": 0.0290230568498,
        "dmean2": 0.0412802807987,
        "dvar": 0.000688021478709,
        "dvar2": 0.00145510560833,
        "max": 0.289940416813,
        "mean": 0.123559646308,
        "median": 0.117262408137,
        "min": 0.0355102419853,
        "var": 0.00242047500797
    },
    "barkbands_kurtosis": {
        "dmean": 2.71849584579,
        "dmean2": 4.37567853928,
        "dvar": 25.2374820709,
        "dvar2": 62.4475326538,
        "max": 36.9489974976,
        "mean": 1.63415205479,
        "median": 0.127206087112,
        "min": -1.70175778866,
        "var": 28.533411026
    },
    "barkbands_skewness": {
        "dmean": 0.580571115017,
        "dmean2": 0.950375139713,
        "dvar": 0.443582713604,
        "dvar2": 1.0806927681,
        "max": 5.20087909698,
        "mean": 0.969191074371,
        "median": 0.864774823189,
        "min": -0.735592067242,
        "var": 0.830580174923
    },
    "barkbands_spread": {
        "dmean": 8.78524589539,
        "dmean2": 14.3029518127,
        "dvar": 53.9551887512,
        "dvar2": 118.411018372,
        "max": 78.3506851196,
        "mean": 28.9945049286,
        "median": 27.1195964813,
        "min": 3.20617127419,
        "var": 216.352508545
    },
    "dissonance": {
        "dmean": 0.025920489803,
        "dmean2": 0.0444977767766,
        "dvar": 0.00122492178343,
        "dvar2": 0.00317789893597,
        "max": 0.500000059605,
        "mean": 0.475257307291,
        "median": 0.486896723509,
        "min": 0.350486189127,
        "var": 0.0010907324031
    },
    "dynamic_complexity": 8.89046096802,
    "erbbands_crest": {
        "dmean": 4.57443761826,
        "dmean2": 6.86020469666,
        "dvar": 12.0662069321,
        "dvar2": 38.5411529541,
        "max": 29.7605648041,
        "mean": 14.6884870529,
        "median": 14.5429115295,
        "min": 3.32968664169,
        "var": 44.3377380371
    },
    "erbbands_flatness_db": {
        "dmean": 0.0300440434366,
        "dmean2": 0.0448560044169,
        "dvar": 0.000686673971359,
        "dvar2": 0.0014467680594,
        "max": 0.369414448738,
        "mean": 0.191768735647,
        "median": 0.184280708432,
        "min": 0.101943917572,
        "var": 0.00278096273541
    },
    "erbbands_kurtosis": {
        "dmean": 3.57589197159,
        "dmean2": 5.70245742798,
        "dvar": 40.9785728455,
        "dvar2": 100.738761902,
        "max": 47.4002494812,
        "mean": 2.46095776558,
        "median": 0.211903095245,
        "min": -1.52528595924,
        "var": 47.3559265137
    },
    "erbbands_skewness": {
        "dmean": 0.749306797981,
        "dmean2": 1.14343512058,
        "dvar": 0.556253671646,
        "dvar2": 1.4992415905,
        "max": 6.63890361786,
        "mean": 1.24020707607,
        "median": 0.976317405701,
        "min": -0.606104195118,
        "var": 1.39386999607
    },
    "erbbands_spread": {
        "dmean": 11.0149784088,
        "dmean2": 17.9732646942,
        "dvar": 77.8513946533,
        "dvar2": 168.077102661,
        "max": 83.8870773315,
        "mean": 36.8443069458,
        "median": 35.7873649597,
        "min": 4.06698083878,
        "var": 285.031188965
    },
    "hfc": {
        "dmean": 12.1417045593,
        "dmean2": 18.152759552,
        "dvar": 1769.87109375,
        "dvar2": 4202.88769531,
        "max": 349.443634033,
        "mean": 24.9284343719,
        "median": 2.64617753029,
        "min": 0.161022856832,
        "var": 3351.31298828
    },
    "melbands_crest": {
        "dmean": 3.07351207733,
        "dmean2": 5.04235744476,
        "dvar": 7.93931722641,
        "dvar2": 19.8793983459,
        "max": 27.1026172638,
        "mean": 12.9551448822,
        "median": 11.4182510376,
        "min": 4.94794940948,
        "var": 27.1694755554
    },
    "melbands_flatness_db": {
        "dmean": 0.0330427624285,
        "dmean2": 0.0513798333704,
        "dvar": 0.000941614445765,
        "dvar2": 0.00208801869303,
        "max": 0.322746306658,
        "mean": 0.15180516243,
        "median": 0.147660151124,
        "min": 0.0544845089316,
        "var": 0.00295702624135
    },
    "melbands_kurtosis": {
        "dmean": 8.05563831329,
        "dmean2": 13.3857812881,
        "dvar": 323.278503418,
        "dvar2": 783.723144531,
        "max": 151.655105591,
        "mean": 9.94717025757,
        "median": 4.51029014587,
        "min": -0.643953084946,
        "var": 381.442687988
    },
    "melbands_skewness": {
        "dmean": 0.764826774597,
        "dmean2": 1.22470784187,
        "dvar": 1.07450032234,
        "dvar2": 2.38301110268,
        "max": 10.3319826126,
        "mean": 2.01655316353,
        "median": 1.61238873005,
        "min": -0.111225239933,
        "var": 2.29272675514
    },
    "melbands_spread": {
        "dmean": 13.8537998199,
        "dmean2": 21.7140750885,
        "dvar": 146.695404053,
        "dvar2": 355.084899902,
        "max": 119.540153503,
        "mean": 35.9378509521,
        "median": 31.3471031189,
        "min": 2.1883251667,
        "var": 575.97869873
    },
    "pitch_salience": {
        "dmean": 0.112189136446,
        "dmean2": 0.176847621799,
        "dvar": 0.00772724440321,
        "dvar2": 0.0201963111758,
        "max": 0.800838649273,
        "mean": 0.544029355049,
        "median": 0.545125246048,
        "min": 0.174722835422,
        "var": 0.0185012929142
    },
    "silence_rate_20dB": {
        "dmean": 0,
        "dmean2": 0,
        "dvar": 0,
        "dvar2": 0,
        "max": 1,
        "mean": 1,
        "median": 1,
        "min": 1,
        "var": 0
    },
    "silence_rate_30dB": {
        "dmean": 0,
        "dmean2": 0,
        "dvar": 0,
        "dvar2": 0,
        "max": 1,
        "mean": 1,
        "median": 1,
        "min": 1,
        "var": 0
    },
    "silence_rate_60dB": {
        "dmean": 0.0500000007451,
        "dmean2": 0.101265825331,
        "dvar": 0.0475000217557,
        "dvar2": 0.0910110920668,
        "max": 1,
        "mean": 0.617283940315,
        "median": 1,
        "min": 0,
        "var": 0.236244395375
    },
    "spectral_centroid": {
        "dmean": 376.426391602,
        "dmean2": 630.340087891,
        "dvar": 115321.601562,
        "dvar2": 294932.46875,
        "max": 3096.19238281,
        "mean": 1984.14123535,
        "median": 1950.42370605,
        "min": 782.139221191,
        "var": 294287.5625
    },
    "spectral_complexity": {
        "dmean": 1.73749995232,
        "dmean2": 2.51898741722,
        "dvar": 9.99359226227,
        "dvar2": 18.0724239349,
        "max": 25,
        "mean": 6.28395080566,
        "median": 2,
        "min": 0,
        "var": 50.7712364197
    },
    "spectral_decrease": {
        "dmean": 1.23272347885e-09,
        "dmean2": 1.63341906667e-09,
        "dvar": 8.06507301094e-18,
        "dvar2": 1.59060594852e-17,
        "max": -1.07587159667e-11,
        "mean": -1.97157912218e-09,
        "median": -1.77098447018e-10,
        "min": -1.99230338893e-08,
        "var": 1.60407691567e-17
    },
    "spectral_energy": {
        "dmean": 0.00558245927095,
        "dmean2": 0.00742249609903,
        "dvar": 0.000194775348064,
        "dvar2": 0.000408888183301,
        "max": 0.101675458252,
        "mean": 0.00970227550715,
        "median": 0.000922704988625,
        "min": 5.52110395802e-05,
        "var": 0.0003822130966
    },
    "spectral_energyband_high": {
        "dmean": 0.000904745073058,
        "dmean2": 0.00140741199721,
        "dvar": 8.1232865341e-06,
        "dvar2": 1.90568971448e-05,
        "max": 0.0228130891919,
        "mean": 0.00171525101177,
        "median": 0.000138505725772,
        "min": 1.48606532093e-05,
        "var": 1.75854220288e-05
    },
    "spectral_energyband_low": {
        "dmean": 0.000146763035445,
        "dmean2": 0.000281831104076,
        "dvar": 3.6698219219e-07,
        "dvar2": 1.06056825189e-06,
        "max": 0.00417092442513,
        "mean": 0.000111272624054,
        "median": 2.40379949901e-06,
        "min": 8.76677006545e-08,
        "var": 2.57218999877e-07
    },
    "spectral_energyband_middle_high": {
        "dmean": 0.00373583543114,
        "dmean2": 0.00495251687244,
        "dvar": 7.90429039625e-05,
        "dvar2": 0.000147967322846,
        "max": 0.0780653506517,
        "mean": 0.00577125698328,
        "median": 0.000609073438682,
        "min": 2.46201216214e-05,
        "var": 0.000158190203365
    },
    "spectral_energyband_middle_low": {
        "dmean": 0.00161024963018,
        "dmean2": 0.00255526672117,
        "dvar": 2.1985031708e-05,
        "dvar2": 4.61403833469e-05,
        "max": 0.0321899242699,
        "mean": 0.00221654120833,
        "median": 0.000190263453987,
        "min": 1.02350941233e-06,
        "var": 3.02055195789e-05
    },
    "spectral_entropy": {
        "dmean": 0.213417887688,
        "dmean2": 0.334121882915,
        "dvar": 0.0375906601548,
        "dvar2": 0.0838383436203,
        "max": 8.33708572388,
        "mean": 7.80600547791,
        "median": 7.80700540543,
        "min": 6.9578166008,
        "var": 0.105254761875
    },
    "spectral_flux": {
        "dmean": 0.018091507256,
        "dmean2": 0.0305580161512,
        "dvar": 0.00157866382506,
        "dvar2": 0.00398637354374,
        "max": 0.310502082109,
        "mean": 0.0463916063309,
        "median": 0.0219459850341,
        "min": 0.00633019162342,
        "var": 0.00282327807508
    },
    "spectral_kurtosis": {
        "dmean": 1.04494690895,
        "dmean2": 1.61927676201,
        "dvar": 2.30778837204,
        "dvar2": 4.2126493454,
        "max": 13.1288566589,
        "mean": 2.86064815521,
        "median": 2.45409584045,
        "min": 0.605023622513,
        "var": 3.84002041817
    },
    "spectral_rms": {
        "dmean": 0.000641419086605,
        "dmean2": 0.000892729614861,
        "dvar": 1.61417551681e-06,
        "dvar2": 3.18105799124e-06,
        "max": 0.00995969679207,
        "mean": 0.00207964587025,
        "median": 0.000948788714595,
        "min": 0.000232087113545,
        "var": 5.14070961799e-06
    },
    "spectral_rolloff": {
        "dmean": 1884.15429688,
        "dmean2": 3182.55200195,
        "dvar": 3927661.5,
        "dvar2": 8812100,
        "max": 12790.7226562,
        "mean": 4823.4375,
        "median": 4112.84179688,
        "min": 1076.66015625,
        "var": 10306573
    },
    "spectral_skewness": {
        "dmean": 0.234057858586,
        "dmean2": 0.344157397747,
        "dvar": 0.0585063695908,
        "dvar2": 0.115628734231,
        "max": 2.98990869522,
        "mean": 1.46451032162,
        "median": 1.38660824299,
        "min": 0.853413999081,
        "var": 0.133879706264
    },
    "spectral_spread": {
        "dmean": 872242.625,
        "dmean2": 1277279.75,
        "dvar": 1.87998076928e+12,
        "dvar2": 2.40986855834e+12,
        "max": 15701429,
        "mean": 6996172.5,
        "median": 6697060,
        "min": 2518161.75,
        "var": 4.09307394867e+12
    },
    "spectral_strongpeak": {
        "dmean": 1.05239701271,
        "dmean2": 1.48731660843,
        "dvar": 2.09855699539,
        "dvar2": 3.54515981674,
        "max": 11.3676729202,
        "mean": 1.70724523067,
        "median": 0.724106609821,
        "min": 0.0358070507646,
        "var": 5.89642858505
    },
    "zerocrossingrate": {
        "dmean": 0.0270690917969,
        "dmean2": 0.032924991101,
        "dvar": 0.000378589553293,
        "dvar2": 0.000478645903058,
        "max": 0.3056640625,
        "mean": 0.152711465955,
        "median": 0.13427734375,
        "min": 0.06201171875,
        "var": 0.00383433839306
    },
    "barkbands": {
        "dmean": [1.55884458763e-06, 3.47890875219e-07, 2.57034753304e-05, 0.000356282282155, 0.000473038671771, 0.000237540065427, 0.000363567727618, 0.000407019018894, 0.000140761927469, 0.000262701476458, 0.00133477640338, 0.00227468577214, 0.000189563215827, 7.98062392278e-05, 9.15588607313e-05, 1.63915265148e-05, 2.47625139309e-05, 7.83919313108e-05, 1.57974645845e-05, 1.04023947642e-05, 0.000165999779711, 1.56575897563e-05, 1.9024748326e-05, 0.000355409982149, 0.000311377370963, 0.000178562739165, 0.000174902394065],
        "dmean2": [2.10141320167e-06, 6.24590995812e-07, 4.53914035461e-05, 0.000685239851009, 0.000738983566407, 0.000422406563303, 0.000619840982836, 0.00071875937283, 0.00020540272817, 0.000360514328349, 0.00182213890366, 0.00304119614884, 0.000313673634082, 0.000149878818775, 0.000170715677086, 2.95599493256e-05, 4.31251064583e-05, 0.000124916652567, 2.78830648313e-05, 1.69003324118e-05, 0.000296582467854, 2.03336549021e-05, 3.51272246917e-05, 0.000542690046132, 0.000539707602002, 0.000275085069006, 0.000258302519796],
        "dvar": [4.42093237019e-12, 1.16106018029e-12, 1.03589625766e-08, 1.88040519333e-06, 1.25752751501e-06, 3.40968796309e-07, 1.03748448055e-06, 2.04003276849e-06, 1.36695362585e-07, 7.54045345275e-07, 1.05262033685e-05, 3.16089062835e-05, 2.78303446066e-07, 1.00313137352e-07, 2.02660004334e-07, 2.58163024291e-09, 3.43803274738e-09, 2.74345914875e-08, 1.09118125646e-09, 3.47282591573e-10, 1.26333731032e-07, 9.61330792748e-10, 4.47237891166e-09, 4.67013705929e-07, 8.97781205822e-07, 3.55301750687e-07, 6.62895160985e-07],
        "dvar2": [6.43310925363e-12, 2.31300547292e-12, 2.84461538769e-08, 5.43784108231e-06, 2.93911875815e-06, 7.83795826464e-07, 2.63032575276e-06, 3.64586730939e-06, 3.06954120788e-07, 1.58438524522e-06, 1.69721224665e-05, 6.27128902124e-05, 7.3349883678e-07, 2.89418466082e-07, 5.93481502165e-07, 7.45554995518e-09, 1.0147283902e-08, 5.95363225386e-08, 3.28069771349e-09, 8.27414803339e-10, 3.59807927452e-07, 1.77630643527e-09, 1.3952215383e-08, 9.70287032942e-07, 2.279840146e-06, 8.18171770334e-07, 1.65044593814e-06],
        "max": [2.28966182476e-05, 7.63667321735e-06, 0.000723181641661, 0.00949282106012, 0.00694228196517, 0.00402761436999, 0.00618223147467, 0.0093345483765, 0.00321868457831, 0.00779884774238, 0.0314676836133, 0.0452696494758, 0.00280231633224, 0.00215352722444, 0.00308555341326, 0.000370427937014, 0.000378894037567, 0.00133158778772, 0.000175096996827, 0.000118900003145, 0.0021705229301, 0.000353536102921, 0.000472164218081, 0.00603368971497, 0.00735996197909, 0.0047579491511, 0.00643627392128],
        "mean": [2.02794308279e-06, 3.5691755329e-07, 2.05776213988e-05, 0.000244569266215, 0.000557857274543, 0.000294513069093, 0.000371355941752, 0.000492153048981, 0.000196974331629, 0.000277735089185, 0.00179335160647, 0.00316171115264, 0.000221159949433, 7.62450872571e-05, 6.70707449899e-05, 1.88409940165e-05, 3.21528241329e-05, 0.000126954633743, 2.11511596717e-05, 1.74715933099e-05, 0.000242998896283, 2.76714326901e-05, 2.1602925699e-05, 0.000502711278386, 0.000443271419499, 0.000291865377221, 0.000176339221071],
        "median": [7.71046416048e-07, 8.25772872304e-08, 3.56617704256e-07, 2.3137727112e-06, 2.3267686629e-05, 3.55101328751e-05, 3.22898740706e-05, 3.60866142728e-05, 1.72402942553e-05, 1.68555125128e-05, 0.000136139380629, 0.000428412371548, 9.54775077844e-06, 1.08288195406e-05, 3.96010318582e-06, 3.56183841177e-06, 6.33965646557e-06, 3.60276681022e-05, 5.3281351029e-06, 5.86561736782e-06, 4.10539760196e-05, 6.11341238255e-06, 3.15084162139e-06, 4.23115743615e-05, 1.529423389e-05, 9.09303435037e-06, 1.49137167682e-06],
        "min": [1.15897780262e-08, 1.04703294923e-08, 6.7701715345e-09, 1.89959203922e-09, 1.18278123296e-07, 6.25945375532e-08, 3.52466464904e-08, 5.76204683966e-08, 1.71622218659e-07, 1.71223888401e-07, 1.07796643078e-06, 4.44220040663e-06, 4.56897964796e-07, 2.17020385662e-07, 1.19930390952e-07, 1.23316212353e-07, 1.76660080342e-07, 1.01398256902e-06, 2.793860574e-07, 2.22939647188e-07, 3.58741544915e-06, 4.91346668241e-07, 2.18476813529e-07, 3.05366756947e-06, 6.47880654014e-07, 3.75731389113e-07, 1.69354862578e-07],
        "var": [1.25443891386e-11, 1.22234514177e-12, 8.47630499123e-09, 1.22214032672e-06, 1.78869015599e-06, 4.91073762987e-07, 1.05713513676e-06, 2.55757640844e-06, 2.50749423003e-07, 1.05457797872e-06, 2.23683982767e-05, 5.26493604411e-05, 3.02308137634e-07, 6.10590760175e-08, 1.17150236179e-07, 2.37873853948e-09, 4.56145787808e-09, 5.76975018873e-08, 1.36837374765e-09, 6.55795528992e-10, 2.03557192435e-07, 2.85820789259e-09, 4.1831058617e-09, 1.09632674139e-06, 1.67919154137e-06, 8.34712295728e-07, 6.57516295632e-07]
    },
    "erbbands": {
        "dmean": [2.13943021663e-05, 0.000463796168333, 0.02478011325, 0.587408542633, 1.81366825104, 1.30719876289, 2.37963604927, 1.88621485233, 3.8703815937, 6.8401594162, 8.72589588165, 3.6903026104, 5.0545592308, 10.6602430344, 128.408325195, 39.994884491, 9.17200279236, 4.77881526947, 5.23789262772, 2.8184773922, 0.868278503418, 1.81031680107, 4.34363412857, 1.04432821274, 0.814663589001, 0.550634503365, 1.10950362682, 9.25452613831, 1.37184798717, 0.196775451303, 2.0797598362, 11.8767948151, 1.23720812798, 1.42600190639, 3.65688896179, 0.923832535744, 0.225011512637, 0.159880131483, 0.0329876132309, 0.001160230604],
        "dmean2": [3.7517198507e-05, 0.00078631384531, 0.0451674051583, 1.13158869743, 3.411216259, 2.0969645977, 3.73046422005, 3.38594889641, 6.25866603851, 10.4472970963, 14.1082620621, 4.87931489944, 6.84088230133, 15.2377099991, 165.084899902, 55.806022644, 14.897567749, 8.62967967987, 9.59277534485, 5.43794298172, 1.57642805576, 3.07274913788, 6.84433698654, 1.66875636578, 1.4728102684, 0.877982139587, 1.7389010191, 16.2910861969, 2.36848592758, 0.320038020611, 3.54522585869, 17.4143123627, 2.06989502907, 2.54710817337, 6.22396564484, 1.54662013054, 0.327840030193, 0.252955466509, 0.0467188023031, 0.00173762138002],
        "dvar": [3.82366538432e-09, 2.92853519568e-06, 0.00940345507115, 5.23610448837, 31.381275177, 10.0401554108, 43.0490608215, 21.8145694733, 142.704711914, 413.674133301, 840.48260498, 84.4108581543, 227.430465698, 887.908813477, 102179.046875, 9727.60449219, 618.90637207, 249.293243408, 608.485412598, 201.668457031, 8.82961559296, 14.6271543503, 84.7636108398, 3.97144460678, 3.81848597527, 1.17720127106, 4.70716953278, 371.328186035, 10.1926212311, 0.301484793425, 23.6745643616, 472.406555176, 11.3721036911, 21.4723014832, 122.578895569, 9.84722709656, 0.627730727196, 0.57063049078, 0.021618001163, 2.77839371847e-05],
        "dvar2": [1.01808286246e-08, 7.75026819611e-06, 0.0262366328388, 15.1946649551, 89.5406036377, 21.4051856995, 93.5146102905, 59.6128005981, 352.408233643, 917.096801758, 1465.61572266, 168.461547852, 441.674102783, 2002.06188965, 172163.265625, 21688.5449219, 1632.59973145, 709.481628418, 1743.42895508, 602.37902832, 25.2550163269, 44.8925971985, 172.346557617, 8.13203525543, 11.6211214066, 2.91896009445, 9.86946105957, 1053.98754883, 28.232421875, 0.802117705345, 52.0839958191, 964.495239258, 33.308265686, 53.1550140381, 319.503173828, 24.9001350403, 1.22295200825, 1.52418792248, 0.0506747588515, 6.72059686622e-05],
        "max": [0.000469438295113, 0.0128003600985, 0.692487299442, 15.8254556656, 34.723903656, 21.1948471069, 52.6979598999, 29.1064300537, 85.332572937, 130.377334595, 217.420120239, 79.6235351562, 139.288909912, 254.327453613, 3001.83837891, 704.306152344, 132.652374268, 100.616401672, 171.579666138, 96.7400436401, 21.5710372925, 27.4959640503, 77.2121582031, 15.1918554306, 11.4889631271, 7.66329669952, 16.3220443726, 118.83921814, 24.6789703369, 4.5235118866, 41.2851333618, 192.174179077, 23.8233642578, 39.8375549316, 82.6295166016, 27.4364585876, 6.46530914307, 6.00463342667, 1.16337800026, 0.0414498820901],
        "mean": [2.22528033191e-05, 0.000400432560127, 0.0194028355181, 0.424594163895, 1.44568324089, 1.77984201908, 2.43454027176, 2.34275579453, 4.37933826447, 7.55106401443, 10.4177160263, 4.91038370132, 6.88581132889, 13.1472511292, 169.481124878, 64.7009124756, 12.1342248917, 5.07643318176, 4.23736381531, 2.30546712875, 1.04725646973, 2.38239336014, 7.11197757721, 1.96276247501, 0.987803816795, 0.885637283325, 2.13927674294, 13.772767067, 1.92151880264, 0.364179998636, 3.04978346825, 16.403377533, 1.6962647438, 2.07497262955, 5.21561145782, 1.27599811554, 0.454110831022, 0.184146568179, 0.0336968563497, 0.00120496633463],
        "median": [8.30836870591e-06, 2.89919335046e-05, 0.000452741194749, 0.00452537275851, 0.0171269401908, 0.0998729541898, 0.137418448925, 0.375494122505, 0.374430269003, 0.620898425579, 0.814892113209, 0.458184272051, 0.560469865799, 1.1483271122, 14.7057132721, 8.45279121399, 0.741338551044, 0.513644278049, 0.353365510702, 0.218982443213, 0.220923140645, 0.666340947151, 1.84818458557, 0.608393907547, 0.227995127439, 0.279054045677, 0.53669667244, 2.28296351433, 0.376505583525, 0.104687452316, 0.303303390741, 1.34359037876, 0.259302616119, 0.0976438298821, 0.197599217296, 0.0440847352147, 0.0106072099879, 0.00201615481637, 0.000266268558335, 1.75345539901e-05],
        "min": [2.80860803059e-07, 1.75123511781e-06, 1.7686663341e-05, 5.19414788869e-05, 7.65292934375e-05, 0.000329058733769, 0.000335597927915, 0.000690486340318, 0.00075827143155, 0.000464258773718, 0.00168981065508, 0.00363072520122, 0.0106462920085, 0.0433231927454, 0.0856483876705, 0.16489751637, 0.069961592555, 0.0119947418571, 0.0125307943672, 0.00493530277163, 0.00761832483113, 0.0181922856718, 0.050371222198, 0.0302732549608, 0.0123341800645, 0.0132827917114, 0.0337122753263, 0.152887269855, 0.0286757331342, 0.00460789073259, 0.0231585204601, 0.0694826170802, 0.0179716832936, 0.00410661567003, 0.00688066473231, 0.000581998319831, 0.000753510918003, 0.000151022541104, 2.38631873799e-05, 2.87261718768e-06],
        "var": [3.24380833305e-09, 2.52563995673e-06, 0.00726514542475, 3.50774359703, 23.4834804535, 16.840139389, 48.8231086731, 25.6297111511, 147.073043823, 476.585083008, 1142.38806152, 159.127487183, 464.197875977, 1224.75976562, 193122.859375, 16873.1308594, 747.356140137, 179.129608154, 365.834289551, 115.723617554, 7.57745361328, 19.3036060333, 187.520584106, 9.86993312836, 3.72092795372, 1.88088726997, 13.2240905762, 634.265136719, 14.4804191589, 0.494394093752, 46.455947876, 1131.78686523, 16.7385292053, 40.9517669678, 221.509506226, 17.2998867035, 1.84935939312, 0.605174303055, 0.022671373561, 2.75514212262e-05]
    },
    "gfcc": {
        "mean": [-114.900764465, -12.8447294235, -129.388473511, -26.0647277832, -88.44480896, 7.66417694092, -40.9761047363, -7.55504989624, -49.3019104004, -8.45835590363, -8.777759552, 11.4975252151, -12.9576749802],
        "cov": [[11146.0400391, 712.23449707, 1247.34655762, -1205.72143555, -232.249847412, -723.648193359, -998.133972168, -722.223083496, -507.409179688, -221.305007935, -507.020690918, -355.44329834, -525.864318848], [712.23449707, 1065.93359375, -57.0583381653, -52.0261116028, -160.57131958, -277.35067749, -140.442169189, -44.7497024536, 81.0919647217, 17.331073761, -164.006103516, -234.938262939, -84.3146820068], [1247.34655762, -57.0583381653, 400.898925781, -37.8517303467, 100.250442505, -20.5149116516, -140.12991333, -91.8055877686, -83.6065139771, -14.4722309113, -49.5564498901, -7.92959070206, -96.1198883057], [-1205.72143555, -52.0261116028, -37.8517303467, 298.94732666, 34.79637146, 66.5712280273, 63.0980300903, 80.8378753662, 69.4279022217, 28.5358066559, 35.1698684692, 13.056344986, 31.3347434998], [-232.249847412, -160.57131958, 100.250442505, 34.79637146, 241.676925659, 127.155883789, 81.5051116943, 22.1269512177, -34.7239151001, 31.3804111481, 13.6252412796, 19.3616752625, -5.05671024323], [-723.648193359, -277.35067749, -20.5149116516, 66.5712280273, 127.155883789, 247.565765381, 135.696609497, 30.7351875305, -63.313495636, -3.81289052963, 79.3538970947, 58.2096328735, 61.8312759399], [-998.133972168, -140.442169189, -140.12991333, 63.0980300903, 81.5051116943, 135.696609497, 246.525558472, 86.4487533569, -14.5452375412, -2.21629405022, 56.7470207214, 48.5746688843, 59.3729171753], [-722.223083496, -44.7497024536, -91.8055877686, 80.8378753662, 22.1269512177, 30.7351875305, 86.4487533569, 115.236877441, 73.5889816284, 23.8967704773, 14.4304018021, -0.935397267342, 34.0053329468], [-507.409179688, 81.0919647217, -83.6065139771, 69.4279022217, -34.7239151001, -63.313495636, -14.5452375412, 73.5889816284, 174.878082275, 40.7655410767, -6.57693624496, -60.0335006714, 24.0187168121], [-221.305007935, 17.331073761, -14.4722309113, 28.5358066559, 31.3804111481, -3.81289052963, -2.21629405022, 23.8967704773, 40.7655410767, 74.7092208862, -16.5746421814, -28.5262489319, 18.5873985291], [-507.020690918, -164.006103516, -49.5564498901, 35.1698684692, 13.6252412796, 79.3538970947, 56.7470207214, 14.4304018021, -6.57693624496, -16.5746421814, 81.4717254639, 72.6721420288, 34.9121208191], [-355.44329834, -234.938262939, -7.92959070206, 13.056344986, 19.3616752625, 58.2096328735, 48.5746688843, -0.935397267342, -60.0335006714, -28.5262489319, 72.6721420288, 161.807159424, 6.32699775696], [-525.864318848, -84.3146820068, -96.1198883057, 31.3347434998, -5.05671024323, 61.8312759399, 59.3729171753, 34.0053329468, 24.0187168121, 18.5873985291, 34.9121208191, 6.32699775696, 75.9576950073]],
        "icov": [[0.000787618046161, 0.000368544220692, -0.00122234364972, 0.00187252415344, 0.000339559104759, 0.000841349887196, 0.000777976296376, 0.000583425688092, 0.00121379445773, 0.00105981423985, 0.0012111000251, 0.00154736661352, 0.000682315439917], [0.000368544220692, 0.00235010334291, 0.000570040487219, 0.000340003229212, 0.000374809984351, 0.00172380451113, 8.52221564855e-05, 0.00122148881201, 0.00104653299786, 0.000485631462652, 0.0014787777327, 0.0032567428425, 0.00234878598712], [-0.00122234364972, 0.000570040487219, 0.00868284050375, -0.00392095278949, -0.00382252619602, -0.00130895629991, 0.00239592744038, 0.000653026159853, -0.000244239141466, -0.000408207299188, 8.24487869977e-05, -0.0012456435943, 0.00366432359442], [0.00187252415344, 0.000340003229212, -0.00392095278949, 0.00932658277452, 0.00160407484509, -1.76134799403e-05, 0.00160824379418, -0.00104441517033, 0.001005222206, 0.00114285957534, 0.00162654940505, 0.00274227210321, 0.00228995457292], [0.000339559104759, 0.000374809984351, -0.00382252619602, 0.00160407484509, 0.0107117006555, -0.00536947650835, -0.00368865975179, 0.000182878546184, -0.00119241722859, -0.00577983260155, 0.0016627892619, 0.000282723689452, 0.0061569432728], [0.000841349887196, 0.00172380451113, -0.00130895629991, -1.76134799403e-05, -0.00536947650835, 0.0167965218425, -0.000484824471641, -0.00122401269618, 0.00892445910722, 0.00292740971781, -0.00914956070483, 0.00723517173901, -0.00694984337315], [0.000777976296376, 8.52221564855e-05, 0.00239592744038, 0.00160824379418, -0.00368865975179, -0.000484824471641, 0.0124897770584, -0.00666928989813, 0.00540508469567, 0.00419051293284, 8.68194110808e-05, 0.00141870148946, -0.00167147687171], [0.000583425688092, 0.00122148881201, 0.000653026159853, -0.00104441517033, 0.000182878546184, -0.00122401269618, -0.00666928989813, 0.0240644440055, -0.00977152585983, 0.000224439179874, 0.00894071534276, -0.00191659585107, 0.00118572590873], [0.00121379445773, 0.00104653299786, -0.000244239141466, 0.001005222206, -0.00119241722859, 0.00892445910722, 0.00540508469567, -0.00977152585983, 0.0194573942572, -0.00124990264885, -0.00907109864056, 0.0104538779706, -0.000901514664292], [0.00105981423985, 0.000485631462652, -0.000408207299188, 0.00114285957534, -0.00577983260155, 0.00292740971781, 0.00419051293284, 0.000224439179874, -0.00124990264885, 0.0241395197809, 0.0099485591054, 0.00099506857805, -0.0094229048118], [0.0012111000251, 0.0014787777327, 8.24487869977e-05, 0.00162654940505, 0.0016627892619, -0.00914956070483, 8.68194110808e-05, 0.00894071534276, -0.00907109864056, 0.0099485591054, 0.045806132257, -0.0141319464892, -0.00649510417134], [0.00154736661352, 0.0032567428425, -0.0012456435943, 0.00274227210321, 0.000282723689452, 0.00723517173901, 0.00141870148946, -0.00191659585107, 0.0104538779706, 0.00099506857805, -0.0141319464892, 0.0210915878415, 0.00668785069138], [0.000682315439917, 0.00234878598712, 0.00366432359442, 0.00228995457292, 0.0061569432728, -0.00694984337315, -0.00167147687171, 0.00118572590873, -0.000901514664292, -0.0094229048118, -0.00649510417134, 0.00668785069138, 0.0360505543649]]
    },
    "melbands": {
        "dmean": [1.37157044833e-07, 5.95144774707e-06, 0.000148392064148, 0.000107040643343, 7.78155372245e-05, 4.05709506595e-05, 6.46642074571e-05, 8.05005256552e-05, 6.2841703766e-05, 2.10727121157e-05, 2.60493434325e-05, 3.53121431544e-05, 0.000299547566101, 0.00031192615279, 2.26293977903e-05, 1.84474483831e-05, 7.94499828771e-06, 9.00101713341e-06, 6.3689972194e-06, 1.69089958035e-06, 9.73034161689e-07, 7.86134478403e-07, 5.95687060923e-06, 3.75369450012e-06, 5.98746169089e-07, 5.69519556848e-07, 5.49708033759e-07, 3.41195288911e-07, 4.54606151834e-07, 2.73935006589e-06, 6.2093959059e-06, 8.43231987346e-07, 8.31152249248e-08, 9.76343272896e-08, 2.41912204046e-07, 6.91164768796e-06, 5.7293127611e-06, 6.94085599662e-07, 5.41072267879e-07, 1.2597266732e-06],
        "dmean2": [2.35145208194e-07, 1.03921784103e-05, 0.000288799958071, 0.00018196637393, 0.000123861522297, 7.36696310923e-05, 0.000106284474896, 0.000124978119857, 9.85058650258e-05, 2.7866981327e-05, 3.62157225027e-05, 5.27688862348e-05, 0.000385867868317, 0.000403257727157, 3.83105507353e-05, 3.27201669279e-05, 1.45385938595e-05, 1.65181463672e-05, 1.215775319e-05, 3.12808379022e-06, 1.75337447672e-06, 1.3692815628e-06, 1.07826253952e-05, 5.71032478547e-06, 1.05633364456e-06, 1.00484089671e-06, 9.67047753875e-07, 5.31016382865e-07, 6.9698688776e-07, 4.97622522744e-06, 1.07556898001e-05, 1.41728196468e-06, 1.38877794598e-07, 1.56248248118e-07, 4.35247926589e-07, 1.04172422652e-05, 8.33802641864e-06, 1.2101423863e-06, 1.01369232652e-06, 2.07842685995e-06],
        "dvar": [5.24704621928e-14, 5.47830669717e-10, 2.96568060776e-07, 8.2201573548e-08, 3.76483981768e-08, 1.00044905693e-08, 3.75783493212e-08, 6.31796268635e-08, 4.01655704252e-08, 2.61905142018e-09, 6.27353369254e-09, 1.678480821e-08, 5.45874968338e-07, 5.84685267313e-07, 2.80835310562e-09, 2.80000467257e-09, 7.60977225678e-10, 1.75889769416e-09, 1.01311592449e-09, 4.53547650825e-11, 1.04644262006e-11, 4.7770168897e-12, 1.70339867211e-10, 6.95674629014e-11, 1.17038952314e-12, 1.44682193743e-12, 1.77166733974e-12, 5.25561798942e-13, 1.09951945552e-12, 2.6293852512e-11, 1.7737013247e-10, 4.49659363563e-12, 2.26994394418e-14, 1.08259362304e-13, 8.27002962639e-13, 1.93590657394e-10, 1.04407080204e-10, 4.54670459268e-12, 6.380751396e-12, 1.82468051085e-11],
        "dvar2": [1.00020842032e-13, 1.48977385983e-09, 8.67359631229e-07, 2.03937219112e-07, 7.5856682713e-08, 2.5542430393e-08, 9.59760839692e-08, 1.29931905235e-07, 6.99924243008e-08, 5.2511031079e-09, 1.2392155746e-08, 3.74973332384e-08, 9.17523607313e-07, 1.11372060019e-06, 6.97842494901e-09, 7.42743111459e-09, 2.19184048689e-09, 5.01486807636e-09, 3.02404279395e-09, 1.35263689138e-10, 2.94939454804e-11, 1.18726270135e-11, 5.26712895521e-10, 1.23404689245e-10, 3.29301256402e-12, 4.40337696861e-12, 5.46032750265e-12, 1.21979065303e-12, 2.14752499637e-12, 6.92692292414e-11, 5.04845165672e-10, 1.20995349157e-11, 6.18483942446e-14, 2.76077392284e-13, 2.36852898405e-12, 3.93021643008e-10, 2.14595771708e-10, 1.3600885175e-11, 1.93298311385e-11, 4.02549764356e-11],
        "max": [1.5239215827e-06, 0.000167535763467, 0.00367452879436, 0.00185557734221, 0.00154398276936, 0.000576903636102, 0.00134085526224, 0.0016542528756, 0.00156017416157, 0.000449217273854, 0.000715205795132, 0.00109936331864, 0.00702176755294, 0.00649445597082, 0.000334347045282, 0.000275063677691, 0.000180458737304, 0.000291898177238, 0.000213972627535, 4.85711680085e-05, 2.3200562282e-05, 1.67692705872e-05, 9.0604145953e-05, 5.28862547071e-05, 6.57156442685e-06, 6.29978330835e-06, 8.67991093401e-06, 5.9049984884e-06, 9.27253950067e-06, 3.09567330987e-05, 8.48521231092e-05, 1.7006035705e-05, 1.10499911443e-06, 2.69898737315e-06, 6.93015272191e-06, 0.000125514299725, 8.95769044291e-05, 1.34006631924e-05, 1.79545877472e-05, 4.27615159424e-05],
        "mean": [1.75315918227e-07, 4.83741678181e-06, 0.000105667328171, 0.000118895746709, 8.52894372656e-05, 5.31431287527e-05, 7.00764721842e-05, 9.08227666514e-05, 7.62824929552e-05, 2.82254204649e-05, 3.45647422364e-05, 3.64713996532e-05, 0.000394207309, 0.000449343351647, 3.24014581565e-05, 1.98394081963e-05, 7.92014543549e-06, 7.1790605034e-06, 4.57254054709e-06, 1.72013858446e-06, 1.11071358333e-06, 1.39721487358e-06, 6.37727498543e-06, 5.94667244513e-06, 9.6445910458e-07, 7.01388955804e-07, 6.25860820946e-07, 5.49703486286e-07, 6.7203012577e-07, 4.28399653174e-06, 8.69790619618e-06, 1.03146976471e-06, 1.40942660209e-07, 1.58650962589e-07, 3.04729240952e-07, 9.2925502031e-06, 8.08877757663e-06, 9.25539552554e-07, 5.25076131908e-07, 1.7418723246e-06],
        "median": [8.43349710067e-08, 1.00765632283e-07, 1.33758328502e-06, 3.76513844458e-06, 5.78895833314e-06, 8.24402650323e-06, 5.56028271603e-06, 7.39542838346e-06, 6.34924299447e-06, 2.62327284872e-06, 2.31575722864e-06, 3.00005171994e-06, 3.30231778207e-05, 5.74182267883e-05, 3.86061401514e-06, 9.59148337643e-07, 9.05371450699e-07, 5.51065227228e-07, 3.22032946087e-07, 2.40257293171e-07, 2.43917952503e-07, 3.4254301795e-07, 1.13620092179e-06, 1.52730353875e-06, 3.24777715832e-07, 1.54902849658e-07, 1.36006647722e-07, 1.76817962938e-07, 1.73063270381e-07, 7.64264314057e-07, 1.42084979871e-06, 1.77490193209e-07, 5.83895847228e-08, 3.90706809128e-08, 5.40241344993e-08, 7.91440868397e-07, 6.90928061431e-07, 1.24402191659e-07, 4.567822387e-08, 6.28523011414e-08],
        "min": [5.75759573351e-09, 7.73100605755e-09, 9.24430043625e-09, 2.94198230222e-08, 1.21948895426e-08, 1.58305155651e-08, 1.04842099447e-08, 5.47117107175e-09, 1.20996190844e-08, 2.74767799624e-08, 3.29379226116e-08, 5.64658968472e-08, 1.74461547431e-07, 5.77288687964e-07, 2.9216545272e-07, 3.6420448879e-08, 1.4265452819e-08, 2.07605630465e-08, 8.96748986179e-09, 7.54054063634e-09, 7.38918926046e-09, 8.17601275571e-09, 1.87513720107e-08, 4.04484232774e-08, 1.37721256621e-08, 1.07071045363e-08, 5.13564213378e-09, 8.71081695664e-09, 1.11315481277e-08, 5.91519189186e-08, 9.34484774007e-08, 1.06601190097e-08, 1.55560608839e-09, 2.08755990272e-09, 3.51161877354e-09, 3.49204896111e-08, 4.21714538845e-08, 7.14377490496e-09, 1.34109467975e-09, 2.76804623667e-09],
        "var": [7.05123554489e-14, 4.57749449456e-10, 1.91400260974e-07, 1.00522228763e-07, 4.91374656519e-08, 1.35344375707e-08, 3.72671813409e-08, 7.4465432931e-08, 5.71076945732e-08, 5.24506793553e-09, 1.23634151805e-08, 1.88287039293e-08, 1.04726302652e-06, 1.07393861981e-06, 4.02303701463e-09, 2.74408007428e-09, 4.98229957291e-10, 1.05992037369e-09, 5.60372193092e-10, 3.29757575412e-11, 8.84262368189e-12, 7.42519067065e-12, 1.68731223438e-10, 1.5120844854e-10, 2.1651541237e-12, 1.6629505932e-12, 1.58407098202e-12, 7.77449773396e-13, 1.82814614141e-12, 5.83257053766e-11, 2.76121708831e-10, 5.40315492001e-12, 4.20685689517e-14, 1.39394192803e-13, 7.5629633849e-13, 4.15920325958e-10, 2.6212707005e-10, 6.29328490362e-12, 4.54563687038e-12, 3.55355363191e-11]
    },
    "mfcc": {
        "mean": [-770.904968262, 59.2698669434, -13.4110469818, -27.7328643799, -30.6762866974, -8.94700908661, 2.73508286476, -4.89275836945, -20.6196403503, -28.1583023071, -17.7303009033, 20.3090362549, -17.9252758026],
        "cov": [[9337.25976562, 1572.07653809, 402.89465332, -470.354888916, -63.3059616089, -453.342346191, -726.565307617, -791.51184082, -623.012451172, -361.112670898, -223.646087646, -384.15524292, -809.86126709], [1572.07653809, 914.640319824, -5.69695043564, -60.6745300293, -133.671890259, -175.108505249, -270.489013672, -191.317169189, -84.0214691162, 44.6026268005, -41.9353752136, -134.486221313, -186.404571533], [402.89465332, -5.69695043564, 189.018234253, 63.9453811646, 86.4439163208, 2.56918668747, -43.1394958496, -50.4812850952, -46.8755111694, -33.458732605, -20.2231216431, -1.2472089529, -22.6577987671], [-470.354888916, -60.6745300293, 63.9453811646, 157.999191284, 31.6560726166, -0.260255247355, -23.1593971252, 32.8250961304, 36.5491485596, 27.4405860901, 29.1241455078, -4.40480136871, 67.5311965942], [-63.3059616089, -133.671890259, 86.4439163208, 31.6560726166, 230.581207275, 89.6829605103, 51.8175544739, -27.7467842102, 21.829240799, 5.39804172516, 26.4842586517, 14.6691408157, 63.8306350708], [-453.342346191, -175.108505249, 2.56918668747, -0.260255247355, 89.6829605103, 139.116012573, 141.170562744, 41.8782806396, 6.49009847641, -31.2613792419, 2.13371610641, 43.2776298523, 62.4507675171], [-726.565307617, -270.489013672, -43.1394958496, -23.1593971252, 51.8175544739, 141.170562744, 297.98626709, 114.461219788, 59.0624160767, -33.2797164917, -14.2771434784, 71.0386810303, 116.218666077], [-791.51184082, -191.317169189, -50.4812850952, 32.8250961304, -27.7467842102, 41.8782806396, 114.461219788, 161.993148804, 25.9469795227, -27.9753913879, 8.05425071716, 78.4895935059, 51.8678207397], [-623.012451172, -84.0214691162, -46.8755111694, 36.5491485596, 21.829240799, 6.49009847641, 59.0624160767, 25.9469795227, 158.283950806, 118.198410034, 33.8976211548, -13.8193693161, 108.686401367], [-361.112670898, 44.6026268005, -33.458732605, 27.4405860901, 5.39804172516, -31.2613792419, -33.2797164917, -27.9753913879, 118.198410034, 176.840240479, 26.5451450348, -58.6117630005, 74.0367965698], [-223.646087646, -41.9353752136, -20.2231216431, 29.1241455078, 26.4842586517, 2.13371610641, -14.2771434784, 8.05425071716, 33.8976211548, 26.5451450348, 61.6971626282, -6.95460605621, 30.0416526794], [-384.15524292, -134.486221313, -1.2472089529, -4.40480136871, 14.6691408157, 43.2776298523, 71.0386810303, 78.4895935059, -13.8193693161, -58.6117630005, -6.95460605621, 120.871017456, 5.02077388763], [-809.86126709, -186.404571533, -22.6577987671, 67.5311965942, 63.8306350708, 62.4507675171, 116.218666077, 51.8678207397, 108.686401367, 74.0367965698, 30.0416526794, 5.02077388763, 175.121231079]],
