{
"lowlevel": {
    "average_loudness": 0.687085211277,
    "barkbands_crest": {
        "dmean": 3.21575951576,
        "dmean2": 5.56555318832,
        "dvar": 11.1159181595,
        "dvar2": 34.3500328064,
        "max": 18.8676605225,
        "mean": 7.01554536819,
        "median": 5.73635005951,
        "min": 2.87884998322,
        "var": 13.455447197
    },
    "barkbands_flatness_db": {
        "dmean": 0.0193460248411,
        "dmean2": 0.0322047546506,
        "dvar": 0.000263556372374,
        "dvar2": 0.000731910055038,
        "max": 0.142504692078,
        "mean": 0.0821935534477,
        "median": 0.0783701315522,
        "min": 0.0358268730342,
        "var": 0.000539781874977
    },
    "barkbands_kurtosis": {
        "dmean": 1.3561514616,
        "dmean2": 2.26861476898,
        "dvar": 2.91251277924,
        "dvar2": 8.20087718964,
        "max": 10.3817615509,
        "mean": 0.70287668705,
        "median": 0.0726556777954,
        "min": -1.76490259171,
        "var": 4.3500585556
    },
    "barkbands_skewness": {
        "dmean": 0.481244504452,
        "dmean2": 0.817022502422,
        "dvar": 0.167236238718,
        "dvar2": 0.411194324493,
        "max": 2.54385972023,
        "mean": 0.754611849785,
        "median": 0.746979057789,
        "min": -0.89176261425,
        "var": 0.382357388735
    },
    "barkbands_spread": {
        "dmean": 12.3524656296,
        "dmean2": 19.5623950958,
        "dvar": 133.523834229,
        "dvar2": 323.64440918,
        "max": 128.436584473,
        "mean": 48.7850608826,
        "median": 43.1153106689,
        "min": 9.88204574585,
        "var": 812.374328613
    },
    "dissonance": {
        "dmean": 0.0153239974752,
        "dmean2": 0.0258636642247,
        "dvar": 0.000280393694993,
        "dvar2": 0.000547076342627,
        "max": 0.499965250492,
        "mean": 0.480367273092,
        "median": 0.486289262772,
        "min": 0.388415455818,
        "var": 0.000340438651619
    },
    "dynamic_complexity": 25.3910636902,
    "erbbands_crest": {
        "dmean": 2.99419188499,
        "dmean2": 4.73901224136,
        "dvar": 7.41850376129,
        "dvar2": 19.6595935822,
        "max": 20.3364372253,
        "mean": 8.98080444336,
        "median": 7.99824285507,
        "min": 3.02642631531,
        "var": 14.8803853989
    },
    "erbbands_flatness_db": {
        "dmean": 0.0218784250319,
        "dmean2": 0.0319662541151,
        "dvar": 0.000307572976453,
        "dvar2": 0.000712388195097,
        "max": 0.245494455099,
        "mean": 0.133429348469,
        "median": 0.138590976596,
        "min": 0.0425007194281,
        "var": 0.00298920413479
    },
    "erbbands_kurtosis": {
        "dmean": 1.73842537403,
        "dmean2": 2.70577263832,
        "dvar": 5.75340557098,
        "dvar2": 14.5684480667,
        "max": 16.9544773102,
        "mean": 2.17703223228,
        "median": 0.89905834198,
        "min": -1.51902389526,
        "var": 13.9030370712
    },
    "erbbands_skewness": {
        "dmean": 0.347898453474,
        "dmean2": 0.536762297153,
        "dvar": 0.117989659309,
        "dvar2": 0.26119685173,
        "max": 2.23668670654,
        "mean": 0.478487551212,
        "median": 0.51455950737,
        "min": -0.933068573475,
        "var": 0.528662145138
    },
    "erbbands_spread": {
        "dmean": 6.91886520386,
        "dmean2": 11.2156171799,
        "dvar": 66.6961746216,
        "dvar2": 146.517669678,
        "max": 94.395614624,
        "mean": 30.4469165802,
        "median": 22.5403194427,
        "min": 4.51417922974,
        "var": 451.33782959
    },
    "hfc": {
        "dmean": 12.5390529633,
        "dmean2": 15.7489414215,
        "dvar": 3183.02197266,
        "dvar2": 4913.68554688,
        "max": 562.809936523,
        "mean": 19.6040210724,
        "median": 0.173453077674,
        "min": 0.00591984251514,
        "var": 6966.48095703
    },
    "melbands_crest": {
        "dmean": 2.97512483597,
        "dmean2": 4.99645709991,
        "dvar": 7.10793542862,
        "dvar2": 18.9474525452,
        "max": 22.8064060211,
        "mean": 8.91355037689,
        "median": 8.03374195099,
        "min": 2.88463783264,
        "var": 17.8520622253
    },
    "melbands_flatness_db": {
        "dmean": 0.0176989231259,
        "dmean2": 0.0295976307243,
        "dvar": 0.000262225221377,
        "dvar2": 0.000703185272869,
        "max": 0.197303980589,
        "mean": 0.139605179429,
        "median": 0.137206017971,
        "min": 0.0438173860312,
        "var": 0.000686014594976
    },
    "melbands_kurtosis": {
        "dmean": 2.54878664017,
        "dmean2": 4.30592107773,
        "dvar": 12.3812923431,
        "dvar2": 31.5964984894,
        "max": 23.0565929413,
        "mean": 3.50865936279,
        "median": 1.20185041428,
        "min": -0.994975566864,
        "var": 26.4646530151
    },
    "melbands_skewness": {
        "dmean": 0.5172316432,
        "dmean2": 0.835530996323,
        "dvar": 0.323058217764,
        "dvar2": 0.748792827129,
        "max": 4.00820684433,
        "mean": 1.0382540226,
        "median": 0.714165985584,
        "min": -1.50261497498,
        "var": 1.50705909729
    },
    "melbands_spread": {
        "dmean": 8.35366725922,
        "dmean2": 13.9451465607,
        "dvar": 82.8370742798,
        "dvar2": 214.326019287,
        "max": 72.2041091919,
        "mean": 31.4071674347,
        "median": 31.1647701263,
        "min": 13.3010911942,
        "var": 147.852050781
    },
    "pitch_salience": {
        "dmean": 0.0885975062847,
        "dmean2": 0.152012571692,
        "dvar": 0.00595773709938,
        "dvar2": 0.0174920018762,
        "max": 0.896367967129,
        "mean": 0.683850705624,
        "median": 0.707102119923,
        "min": 0.363226532936,
        "var": 0.0120613295585
    },
    "silence_rate_20dB": {
        "dmean": 0.0222222227603,
        "dmean2": 0.0449438206851,
        "dvar": 0.0217284411192,
        "dvar2": 0.0653957277536,
        "max": 1,
        "mean": 0.989010989666,
        "median": 1,
        "min": 0,
        "var": 0.0108682531863
    },
    "silence_rate_30dB": {
        "dmean": 0.0222222227603,
        "dmean2": 0.0449438206851,
        "dvar": 0.0217284411192,
        "dvar2": 0.042923822999,
        "max": 1,
        "mean": 0.967032968998,
        "median": 1,
        "min": 0,
        "var": 0.0318801179528
    },
    "silence_rate_60dB": {
        "dmean": 0.0222222227603,
        "dmean2": 0.0449438206851,
        "dvar": 0.0217284355313,
        "dvar2": 0.0429238304496,
        "max": 1,
        "mean": 0.89010989666,
        "median": 1,
        "min": 0,
        "var": 0.0978139713407
    },
    "spectral_centroid": {
        "dmean": 259.240661621,
        "dmean2": 404.294036865,
        "dvar": 109219.53125,
        "dvar2": 268240.3125,
        "max": 3086.34277344,
        "mean": 1727.69348145,
        "median": 1552.82043457,
        "min": 845.800537109,
        "var": 341090.46875
    },
    "spectral_complexity": {
        "dmean": 1.55555558205,
        "dmean2": 1.50561797619,
        "dvar": 27.3579750061,
        "dvar2": 30.5420742035,
        "max": 65,
        "mean": 5.23076915741,
        "median": 0,
        "min": 0,
        "var": 216.661224365
    },
    "spectral_decrease": {
        "dmean": 1.72583602964e-09,
        "dmean2": 1.94901317307e-09,
        "dvar": 5.20623341638e-17,
        "dvar2": 9.68380343116e-17,
        "max": -5.29901697608e-13,
        "mean": -2.28816809944e-09,
        "median": -1.1619266313e-11,
        "min": -7.73484174488e-08,
        "var": 9.81354571762e-17
    },
    "spectral_energy": {
        "dmean": 0.0076504307799,
        "dmean2": 0.00810266379267,
        "dvar": 0.000995655194856,
        "dvar2": 0.00174020568375,
        "max": 0.34297990799,
        "mean": 0.0104142297059,
        "median": 5.73193829041e-05,
        "min": 2.53691791841e-06,
        "var": 0.00200219312683
    },
    "spectral_energyband_high": {
        "dmean": 0.000675618241075,
        "dmean2": 0.00104275473859,
        "dvar": 1.29815452965e-05,
        "dvar2": 3.1696195947e-05,
        "max": 0.0298060607165,
        "mean": 0.000640801910777,
        "median": 4.19694788434e-06,
        "min": 2.35909226376e-07,
        "var": 1.2449220776e-05
    },
    "spectral_energyband_low": {
        "dmean": 4.09756576119e-05,
        "dmean2": 6.45274558337e-05,
        "dvar": 4.31851567839e-08,
        "dvar2": 1.06188288385e-07,
        "max": 0.0016978365602,
        "mean": 3.73967595806e-05,
        "median": 5.0157646001e-06,
        "min": 5.08040010061e-08,
        "var": 3.83761431522e-08
    },
    "spectral_energyband_middle_high": {
        "dmean": 0.00488537130877,
        "dmean2": 0.00451215356588,
        "dvar": 0.000372762122424,
        "dvar2": 0.000560364103876,
        "max": 0.219029843807,
        "mean": 0.00733398273587,
        "median": 2.81436678051e-05,
        "min": 6.30126351098e-07,
        "var": 0.000927521381527
    },
    "spectral_energyband_middle_low": {
        "dmean": 0.00244016363285,
        "dmean2": 0.00379841704853,
        "dvar": 0.000151608212036,
        "dvar2": 0.000385524093872,
        "max": 0.109181009233,
        "mean": 0.00244101765566,
        "median": 1.19011856441e-05,
        "min": 3.14826451131e-07,
        "var": 0.000150823863805
    },
    "spectral_entropy": {
        "dmean": 0.141123503447,
        "dmean2": 0.205563813448,
        "dvar": 0.0156647674739,
        "dvar2": 0.04297510162,
        "max": 8.72677612305,
        "mean": 7.88019752502,
        "median": 7.85107088089,
        "min": 7.42756843567,
        "var": 0.0473825447261
    },
    "spectral_flux": {
        "dmean": 0.00963562261313,
        "dmean2": 0.0127899209037,
        "dvar": 0.00180825695861,
        "dvar2": 0.00348099507391,
        "max": 0.395639151335,
        "mean": 0.0287616644055,
        "median": 0.00536698894575,
        "min": 0.00226136203855,
        "var": 0.00567034166306
    },
    "spectral_kurtosis": {
        "dmean": 1.75854933262,
        "dmean2": 2.73077821732,
        "dvar": 3.24982023239,
        "dvar2": 7.66907072067,
        "max": 23.8172035217,
        "mean": 8.98482131958,
        "median": 7.68474197388,
        "min": 1.10708379745,
        "var": 16.2704658508
    },
    "spectral_rms": {
        "dmean": 0.000452130072517,
        "dmean2": 0.000508636352606,
        "dvar": 2.42383657678e-06,
        "dvar2": 3.43370447808e-06,
        "max": 0.0182924717665,
        "mean": 0.00115203624591,
        "median": 0.000236476946156,
        "min": 4.97497931065e-05,
        "var": 8.833033462e-06
    },
    "spectral_rolloff": {
        "dmean": 4124.08642578,
        "dmean2": 7656.14257812,
        "dvar": 34723248,
        "dvar2": 87068384,
        "max": 20133.5449219,
        "mean": 8324.59570312,
        "median": 3682.17773438,
        "min": 904.39453125,
        "var": 57508868
    },
    "spectral_skewness": {
        "dmean": 0.217763096094,
        "dmean2": 0.322920262814,
        "dvar": 0.0350105538964,
        "dvar2": 0.0858175903559,
        "max": 4.00426769257,
        "mean": 2.25781846046,
        "median": 2.27529263496,
        "min": 1.08794546127,
        "var": 0.375057816505
    },
    "spectral_spread": {
        "dmean": 877218.5625,
        "dmean2": 1224088.75,
        "dvar": 1.73355250483e+12,
        "dvar2": 2.6917362729e+12,
        "max": 15610049,
        "mean": 6209957.5,
        "median": 6033799,
        "min": 2123848.5,
        "var": 6.93752089805e+12
    },
    "spectral_strongpeak": {
        "dmean": 0.311485975981,
        "dmean2": 0.564932644367,
        "dvar": 0.773606717587,
        "dvar2": 2.16510462761,
        "max": 7.96553850174,
        "mean": 0.324882626534,
        "median": 0.00971363764256,
        "min": 0,
        "var": 1.05047738552
    },
    "zerocrossingrate": {
        "dmean": 0.0330837666988,
        "dmean2": 0.0437862090766,
        "dvar": 0.000963498896454,
        "dvar2": 0.00161800906062,
        "max": 0.3525390625,
        "mean": 0.193702787161,
        "median": 0.18994140625,
        "min": 0.0302734375,
        "var": 0.0054416260682
    },
    "barkbands": {
        "dmean": [1.36740027301e-05, 1.2792297639e-05, 1.3785167539e-05, 4.05863975175e-05, 0.000142423305078, 0.000891874718945, 0.000709798594471, 0.000322736945236, 0.000505770789459, 0.000515984953381, 0.000365786050679, 0.000767380173784, 0.000471797364298, 0.000517700274941, 0.000692895613611, 0.000537083367817, 0.000690927961841, 0.000557061401196, 0.000577667728066, 0.000208037381526, 0.000270354968961, 5.34677055839e-05, 4.47818092653e-05, 6.3720952312e-05, 2.74577505479e-05, 2.48746819125e-05, 8.35009450384e-06],
        "dmean2": [2.63398032985e-05, 2.42918940785e-05, 2.56261300819e-05, 5.37573032489e-05, 0.000255237478996, 0.0015168733662, 0.00133637292311, 0.000549373042304, 0.000774333428126, 0.000957889773417, 0.000499325746205, 0.00130867422558, 0.000840159889776, 0.000666817242745, 0.000819192151539, 0.000786676944699, 0.000976334151346, 0.000679901684634, 0.000906793167815, 0.000344453408616, 0.000419625692302, 9.33129631449e-05, 7.79777692514e-05, 0.000112282534246, 4.73692125524e-05, 4.60555384052e-05, 1.61929929163e-05],
        "dvar": [1.22649790324e-09, 5.72960745515e-09, 5.67546631913e-09, 3.3155345136e-08, 5.06306832904e-07, 2.30726964219e-05, 1.39363719427e-05, 1.51013375671e-06, 6.09809649177e-06, 8.18196349428e-06, 2.3844804673e-06, 1.11377230496e-05, 4.21815047957e-06, 4.25621419708e-06, 6.28171255812e-06, 4.86747740069e-06, 1.09470538519e-05, 5.89796673012e-06, 9.30404894461e-06, 1.08467020254e-06, 2.14623560169e-06, 9.08467896465e-08, 6.83219738562e-08, 1.40144891247e-07, 2.52207676965e-08, 2.24570317897e-08, 2.60691424003e-09],
        "dvar2": [3.66681729425e-09, 1.66115672329e-08, 1.12213722758e-08, 4.84603575046e-08, 1.05520621219e-06, 6.09129165241e-05, 4.06875769841e-05, 4.38825054516e-06, 1.47911396198e-05, 2.43961076194e-05, 4.95440463055e-06, 3.38857498718e-05, 1.13969654194e-05, 7.64581000112e-06, 8.54241716297e-06, 9.22896106204e-06, 1.67821599462e-05, 1.1462004295e-05, 1.85445969692e-05, 1.98389216166e-06, 5.38914173376e-06, 2.48324823815e-07, 1.86126101198e-07, 3.90460428434e-07, 6.80702640921e-08, 6.36014263478e-08, 7.68119523542e-09],
        "max": [0.000245494389674, 0.000544114387594, 0.000551184522919, 0.00172753131483, 0.00567818013951, 0.0385498404503, 0.0289149042219, 0.010253963992, 0.0223454516381, 0.0219099782407, 0.0155227668583, 0.0268362052739, 0.0181046314538, 0.0214244015515, 0.0261000972241, 0.0216990206391, 0.0310794021934, 0.0249386280775, 0.025948991999, 0.0088889459148, 0.0121573042125, 0.00236989138648, 0.00201068958268, 0.00286291493103, 0.00123032019474, 0.00110520294402, 0.000362259306712],
        "mean": [9.9635699371e-06, 8.05438321549e-06, 1.32654313347e-05, 4.896228711e-05, 0.000206742071896, 0.000705370795913, 0.000540408713277, 0.000332646246534, 0.000538159103598, 0.000443087046733, 0.000471328879939, 0.000797698798124, 0.000517429434694, 0.000728228071239, 0.000915026350413, 0.000830741366372, 0.00106381776277, 0.000684204045683, 0.000771031773183, 0.0003625882091, 0.000260631903075, 4.37622475147e-05, 3.13002383336e-05, 4.51020932815e-05, 1.96448345378e-05, 1.5301626263e-05, 7.60377815823e-06],
        "median": [3.67151960745e-06, 8.91851584583e-07, 7.19451975328e-07, 1.33915659717e-06, 2.18563945964e-06, 1.99379269361e-06, 1.68258463873e-06, 1.32380171181e-06, 1.83073404969e-06, 1.24227301512e-06, 3.48963862962e-06, 9.12424184207e-06, 2.80224207927e-06, 1.15784052923e-06, 8.47795547543e-07, 4.11657623545e-07, 2.27258937002e-07, 1.88747591778e-07, 2.94425461789e-07, 5.21843787737e-07, 1.99350012053e-07, 9.37822761671e-08, 9.45714404565e-08, 1.55953642889e-07, 1.60252284331e-07, 2.94862246619e-07, 3.35758977599e-06],
        "min": [2.07094821292e-08, 2.95752222712e-08, 9.37409705415e-09, 1.67079239333e-09, 4.35538289878e-08, 3.67529722212e-08, 3.3825711121e-09, 2.1868993727e-08, 1.17105081188e-07, 6.58441052792e-08, 1.98277039232e-08, 3.3124685217e-08, 2.23850005199e-08, 4.75870294281e-08, 2.33451746823e-08, 1.76104659744e-08, 1.74052026125e-08, 2.15639985868e-08, 3.05789171762e-08, 4.63745521984e-08, 3.55719720346e-08, 2.20386233707e-08, 3.56316824934e-08, 3.10175281015e-08, 1.76899916937e-08, 1.50307073454e-08, 7.09463776616e-08],
        "var": [6.8017008692e-10, 3.23742388453e-09, 5.76816416853e-09, 5.79282222191e-08, 8.14837790131e-07, 1.78020109161e-05, 9.66037532635e-06, 1.94512426788e-06, 6.62436013954e-06, 5.73758597966e-06, 4.15424847233e-06, 1.20458962556e-05, 5.38561243957e-06, 8.68219194672e-06, 1.52865886776e-05, 1.15666180136e-05, 2.28056796914e-05, 9.52025220613e-06, 1.37732613439e-05, 2.23528695642e-06, 2.06065897146e-06, 6.82097365257e-08, 4.72206238555e-08, 9.48570715309e-08, 1.78645063187e-08, 1.36252076288e-08, 1.40477374178e-09]
    },
    "erbbands": {
        "dmean": [0.000383609876735, 0.00298827234656, 0.0137845342979, 0.0618243552744, 0.330744057894, 0.497038960457, 1.04107356071, 10.1005048752, 9.47214126587, 10.0374279022, 8.64183425903, 12.6908340454, 10.4998836517, 15.6028575897, 11.1011610031, 31.8040275574, 20.8877773285, 19.5417842865, 36.5474090576, 27.8887863159, 30.041305542, 35.8356323242, 35.5667114258, 29.078578949, 18.1261901855, 11.4104681015, 17.0125522614, 6.67428445816, 1.98005664349, 1.22259140015, 1.60037755966, 0.873706638813, 1.36807143688, 0.452028155327, 0.112363860011, 0.0854004621506, 0.0569695793092, 0.00614981772378, 0.00130813266151, 0.000150011605001],
        "dmean2": [0.000751103914808, 0.00538921356201, 0.0247394684702, 0.0943609327078, 0.523846209049, 0.961889743805, 1.363748312, 17.4997577667, 17.2408027649, 18.5547351837, 14.563331604, 21.313911438, 19.1120910645, 23.3251247406, 12.6795682907, 56.938949585, 33.0238571167, 25.2935276031, 48.231010437, 45.2665672302, 35.9603233337, 56.8387298584, 46.3833389282, 43.4010620117, 23.4474086761, 17.3792648315, 26.6663608551, 9.76432228088, 3.16358661652, 2.10135889053, 2.83842349052, 1.42860424519, 2.49783182144, 0.797508180141, 0.181596130133, 0.156206056476, 0.105454854667, 0.0113314548507, 0.00252925092354, 0.000281071203062],
        "dvar": [4.8326714932e-06, 0.000293194316328, 0.00561689492315, 0.0995512008667, 1.92573678493, 6.71925640106, 16.8508434296, 3145.91040039, 3005.19970703, 1961.24707031, 1562.0012207, 4471.20605469, 3077.04614258, 5220.51855469, 1932.4967041, 20551.0117188, 9778.80078125, 5431.73242188, 22752.3300781, 16568.5546875, 14944.9580078, 33612.0429688, 25559.1132812, 22327.1269531, 7270.48632812, 2362.59521484, 8686.69140625, 1167.171875, 112.208824158, 50.2420959473, 89.4733810425, 23.9496059418, 68.165687561, 7.05763339996, 0.381447136402, 0.25019210577, 0.120372489095, 0.0013284223387, 6.43442981527e-05, 7.68077427438e-07],
        "dvar2": [1.4473272131e-05, 0.000810701283626, 0.0111829908565, 0.176637262106, 4.39276313782, 15.8496103287, 27.8841018677, 8401.99902344, 8534.24609375, 5764.36230469, 3995.3503418, 12012.1367188, 8556.67480469, 10632.3154297, 3097.81787109, 62047.6367188, 23633.6171875, 8107.56689453, 31481.8535156, 29290.0195312, 25590.6367188, 55014.5742188, 51876.28125, 45633.9101562, 11436.0761719, 3976.25537109, 21989.7675781, 2716.74072266, 284.963775635, 134.614593506, 247.942550659, 62.8957710266, 194.155990601, 19.5966739655, 0.95490437746, 0.700723767281, 0.341728270054, 0.00376600585878, 0.000189140002476, 2.24220570999e-06],
        "max": [0.0152313737199, 0.128667727113, 0.568598270416, 2.61030435562, 11.4002017975, 21.1443080902, 41.8884544373, 445.047180176, 420.611541748, 361.864776611, 370.029663086, 561.620300293, 466.201965332, 664.702514648, 485.352844238, 1147.38879395, 932.535095215, 779.619689941, 1449.1192627, 1120.9173584, 1340.5592041, 1612.07922363, 1569.86450195, 1300.95117188, 813.25177002, 473.226165771, 765.104309082, 287.760742188, 87.7903671265, 54.9137458801, 71.8964920044, 39.237613678, 61.4623756409, 20.2762622833, 4.91750001907, 3.72575354576, 2.55468797684, 0.270198434591, 0.0569714009762, 0.00639850320294],
        "mean": [0.000244255119469, 0.00202321098186, 0.0135411471128, 0.0801099389791, 0.342357456684, 0.713197469711, 1.32318162918, 7.94955873489, 6.79194402695, 9.06311988831, 10.380645752, 11.8813638687, 10.9262685776, 18.9955615997, 18.5338115692, 33.4639396667, 25.3859577179, 33.2081604004, 49.5240058899, 49.0070610046, 44.3870697021, 57.9238815308, 39.5404281616, 41.2966537476, 28.0895729065, 16.5767593384, 15.5651350021, 6.87139558792, 1.91572666168, 0.875187158585, 1.08264005184, 0.720799565315, 0.887423098087, 0.312736183405, 0.0866946354508, 0.0535588562489, 0.0348126217723, 0.0043113110587, 0.00104260095395, 0.000150909589138],
        "median": [6.32827141089e-05, 0.000129609907162, 0.000566797505599, 0.00366463046521, 0.00339889666066, 0.00917158834636, 0.011874220334, 0.0191071610898, 0.0189175028354, 0.02495912835, 0.036094468087, 0.0447997674346, 0.0360122583807, 0.0746850445867, 0.216697320342, 0.350228786469, 0.166577637196, 0.0793587118387, 0.0484147742391, 0.0370150245726, 0.0203656814992, 0.0144101176411, 0.011475963518, 0.0144701860845, 0.0199660360813, 0.0254689250141, 0.0103478245437, 0.00604657176882, 0.00357188959606, 0.00264339568093, 0.00292588234879, 0.00289559434168, 0.00259213708341, 0.00209507299587, 0.00113623985089, 0.000647614127956, 0.000568794785067, 0.000623082451057, 0.000362278835382, 6.68572829454e-05],
        "min": [1.17060210414e-06, 5.52876326765e-06, 1.13543355837e-05, 9.13806161407e-06, 2.74881331279e-05, 0.000179337497684, 0.000340535538271, 0.000262417190243, 6.73156100675e-05, 9.73411515588e-05, 0.00121578166727, 0.00246329582296, 0.00216446304694, 0.00280298106372, 0.00101285718847, 0.00119585380889, 0.00143838534132, 0.00230293907225, 0.00160558358766, 0.00183767615817, 0.0012931751553, 0.00149174744729, 0.00161708379164, 0.00133331341203, 0.00152746250387, 0.00238293642178, 0.00161619763821, 0.000950260320678, 0.00103732466232, 0.00089811248472, 0.000904503278434, 0.000383542879717, 0.000655007723253, 0.000214051891817, 0.000140324133099, 4.29187239206e-05, 2.97762144328e-05, 2.03208473977e-05, 7.7582863014e-06, 1.12058694413e-06],
        "var": [2.5015533538e-06, 0.000187510318938, 0.00585818989202, 0.150869846344, 2.48791599274, 9.67772579193, 32.2012023926, 2354.05639648, 1977.63049316, 1794.20410156, 2063.16967773, 3800.39868164, 2830.52148438, 7444.37890625, 5429.88623047, 21887.9609375, 13170.3828125, 16391.015625, 46529.2578125, 40654.390625, 34404.8476562, 67714.2734375, 35187.3203125, 35697.765625, 15291.2070312, 4768.95214844, 7868.49707031, 1286.83935547, 107.033485413, 35.6932830811, 59.3882102966, 19.3664665222, 42.4782562256, 4.74443674088, 0.308417677879, 0.156270220876, 0.0727298930287, 0.000812604266685, 3.49809051841e-05, 4.41588980493e-07]
    },
    "gfcc": {
        "mean": [-241.120819092, 33.3059959412, -103.004882812, -25.516084671, -37.3033027649, -8.49658870697, -18.2420120239, -8.2388715744, -23.8188285828, -2.04588079453, -2.21899604797, -6.13271903992, -5.02545881271],
        "cov": [[14918.375, 1094.24353027, -5134.47021484, 466.467346191, -1031.03625488, -838.490722656, -1187.70129395, 212.106124878, -349.353179932, -116.403274536, -463.000335693, -313.11895752, -84.8583984375], [1094.24353027, 364.633239746, -586.807312012, -155.756484985, 35.1165542603, -37.7357711792, -78.7345733643, -8.60752010345, 2.36422348022, -56.6005325317, -49.3770065308, -33.9698257446, -16.163438797], [-5134.47021484, -586.807312012, 2433.06689453, 130.716003418, 253.736938477, 240.151046753, 392.701873779, -85.0272750854, 97.7532806396, 121.250907898, 180.372817993, 111.391967773, 16.6411952972], [466.467346191, -155.756484985, 130.716003418, 383.915374756, -190.240631104, -209.895614624, -61.3702697754, 3.22353792191, -63.3084640503, 61.3396377563, 17.8210144043, -37.8606796265, 10.826584816], [-1031.03625488, 35.1165542603, 253.736938477, -190.240631104, 254.724761963, 167.984161377, 91.0850143433, -11.7894392014, 68.8433685303, -22.2479934692, 19.3154354095, 46.0645942688, -31.0801105499], [-838.490722656, -37.7357711792, 240.151046753, -209.895614624, 167.984161377, 281.672943115, 116.440071106, -6.71077537537, 39.0194168091, -29.3500595093, 1.15073263645, 36.0982933044, -31.8356552124], [-1187.70129395, -78.7345733643, 392.701873779, -61.3702697754, 91.0850143433, 116.440071106, 149.550231934, -15.5435533524, 8.49319648743, -0.108428955078, 38.6108436584, 9.94411563873, -9.40724563599], [212.106124878, -8.60752010345, -85.0272750854, 3.22353792191, -11.7894392014, -6.71077537537, -15.5435533524, 52.1410331726, 23.7343997955, -6.94747591019, -20.5253791809, 5.57590293884, 5.26106834412], [-349.353179932, 2.36422348022, 97.7532806396, -63.3084640503, 68.8433685303, 39.0194168091, 8.49319648743, 23.7343997955, 83.8433990479, 5.82547998428, -8.14725399017, 26.2093009949, 6.91531181335], [-116.403274536, -56.6005325317, 121.250907898, 61.3396377563, -22.2479934692, -29.3500595093, -0.108428955078, -6.94747591019, 5.82547998428, 51.1180496216, 31.5426902771, 8.93128299713, 1.13657581806], [-463.000335693, -49.3770065308, 180.372817993, 17.8210144043, 19.3154354095, 1.15073263645, 38.6108436584, -20.5253791809, -8.14725399017, 31.5426902771, 57.947883606, 17.7257385254, -5.20021009445], [-313.11895752, -33.9698257446, 111.391967773, -37.8606796265, 46.0645942688, 36.0982933044, 9.94411563873, 5.57590293884, 26.2093009949, 8.93128299713, 17.7257385254, 56.7913360596, 16.1016159058], [-84.8583984375, -16.163438797, 16.6411952972, 10.826584816, -31.0801105499, -31.8356552124, -9.40724563599, 5.26106834412, 6.91531181335, 1.13657581806, -5.20021009445, 16.1016159058, 45.7858085632]],
        "icov": [[0.00103984063026, -0.00147398677655, 0.00119772215839, -0.0013771353988, 0.00133071443997, -0.00159118068404, 0.00331177120097, -0.00176960369572, 0.00243490352295, -0.00305179320276, 0.00309206126258, -0.0011955818627, 0.00245753931813], [-0.00147398677655, 0.0105273555964, -0.000148834267748, 0.00543003808707, -0.00420614611357, 0.0065912026912, -0.00467863958329, 0.00763905979693, -0.00533343385905, 0.00671070814133, -0.00268171285279, 0.00402396637946, -0.00143737834878], [0.00119772215839, -0.000148834267748, 0.00323004624806, -0.00320118572563, 0.000657121359836, -0.00181989197154, 0.000231333775446, 0.00157569604926, -0.000119781318062, -0.00354622933082, 0.0035171166528, -0.00264429743402, 0.0022329101339], [-0.0013771353988, 0.00543003808707, -0.00320118572563, 0.0133956670761, -7.84448857303e-05, 0.00935548171401, -0.00205438979901, -0.000808757380582, 0.00312380050309, -0.00204254710115, 0.00108094734605, 0.0033986705821, 0.00198956648819], [0.00133071443997, -0.00420614611357, 0.000657121359836, -7.84448857303e-05, 0.0167425591499, -0.00315199489705, 0.000731725885998, 0.00206930586137, -0.00609889626503, 0.00415453501046, 0.00124878226779, -0.0107973208651, 0.0146041782573], [-0.00159118068404, 0.0065912026912, -0.00181989197154, 0.00935548171401, -0.00315199489705, 0.0178827978671, -0.0130498502403, 0.00601189536974, -0.00166392989922, 0.00240694754757, 0.00847042165697, -0.00673940731212, 0.00827324111015], [0.00331177120097, -0.00467863958329, 0.000231333775446, -0.00205438979901, 0.000731725885998, -0.0130498502403, 0.0376986861229, -0.0153007991612, 0.0132351201028, -0.00327569968067, -0.00896926317364, 0.0140295838937, -0.00205546105281], [-0.00176960369572, 0.00763905979693, 0.00157569604926, -0.000808757380582, 0.00206930586137, 0.00601189536974, -0.0153007991612, 0.0415169149637, -0.0222273729742, 0.0125752836466, 0.00531272031367, -0.0102104926482, 0.00394525472075], [0.00243490352295, -0.00533343385905, -0.000119781318062, 0.00312380050309, -0.00609889626503, -0.00166392989922, 0.0132351201028, -0.0222273729742, 0.0401341728866, -0.0275624394417, 0.0210002213717, -0.00223694322631, -0.000294454657706], [-0.00305179320276, 0.00671070814133, -0.00354622933082, -0.00204254710115, 0.00415453501046, 0.00240694754757, -0.00327569968067, 0.0125752836466, -0.0275624394417, 0.064289316535, -0.0420344471931, 0.00370139675215, -0.00264825904742], [0.00309206126258, -0.00268171285279, 0.0035171166528, 0.00108094734605, 0.00124878226779, 0.00847042165697, -0.00896926317364, 0.00531272031367, 0.0210002213717, -0.0420344471931, 0.0723205059767, -0.0284322015941, 0.023618567735], [-0.0011955818627, 0.00402396637946, -0.00264429743402, 0.0033986705821, -0.0107973208651, -0.00673940731212, 0.0140295838937, -0.0102104926482, -0.00223694322631, 0.00370139675215, -0.0284322015941, 0.0500629581511, -0.029186533764], [0.00245753931813, -0.00143737834878, 0.0022329101339, 0.00198956648819, 0.0146041782573, 0.00827324111015, -0.00205546105281, 0.00394525472075, -0.000294454657706, -0.00264825904742, 0.023618567735, -0.029186533764, 0.0524533800781]]
    },
    "melbands": {
        "dmean": [4.02077057515e-06, 6.0858942561e-06, 1.76836329047e-05, 3.22433406836e-05, 3.220241706e-05, 0.000215965905227, 0.000151376210852, 9.35625503189e-05, 7.09636733518e-05, 7.7986427641e-05, 5.67612587474e-05, 6.9800989877e-05, 3.81635472877e-05, 8.0175777839e-05, 6.21800936642e-05, 5.56431259611e-05, 3.4902459447e-05, 5.58544088562e-05, 4.73092914035e-05, 4.40274416178e-05, 3.90535315091e-05, 4.49646977358e-05, 2.51461678999e-05, 2.8401527743e-05, 2.57076717389e-05, 2.1468165869e-05, 6.75308001519e-06, 8.5261381173e-06, 1.34435467771e-05, 4.90885304316e-06, 3.74685828319e-06, 1.20351967325e-06, 5.77485991471e-07, 6.19264426405e-07, 1.17877209505e-06, 3.60506476227e-07, 5.82447057695e-07, 1.16527621685e-06, 5.33471563813e-07, 3.21981588058e-07],
        "dmean2": [7.84425083111e-06, 1.0115670193e-05, 2.84520829155e-05, 6.14325981587e-05, 4.47717538918e-05, 0.000374215334887, 0.000280734646367, 0.000170746468939, 0.000111937093607, 0.0001298973948, 0.000104881539301, 0.000102403741039, 5.45979346498e-05, 0.000140606993227, 9.80492841336e-05, 0.000100823330285, 4.29877945862e-05, 8.25672177598e-05, 6.29126952845e-05, 7.69398975535e-05, 4.83918520331e-05, 6.933354598e-05, 3.53780342266e-05, 3.79785851692e-05, 3.66405620298e-05, 3.34126161761e-05, 8.88834802026e-06, 1.401159534e-05, 2.17363340198e-05, 7.27673977963e-06, 5.62849982089e-06, 2.00394993044e-06, 9.44234045619e-07, 1.05850631371e-06, 2.12423992707e-06, 5.71908344682e-07, 9.60629790825e-07, 2.15685258809e-06, 9.3225190767e-07, 5.7169648926e-07],
        "dvar": [4.8842990763e-10, 1.0373371051e-09, 7.22798887409e-09, 2.30822116976e-08, 1.7786815576e-08, 1.43079876125e-06, 7.46995567624e-07, 1.54499034011e-07, 1.08269503585e-07, 1.63321459468e-07, 8.96641125792e-08, 1.08806531784e-07, 2.40854891587e-08, 1.04797628353e-07, 1.01062241242e-07, 5.36212603208e-08, 1.64984523821e-08, 6.38158752508e-08, 3.37223120539e-08, 3.92086398904e-08, 2.71406577212e-08, 4.89327405262e-08, 1.37510323128e-08, 1.61483786343e-08, 1.73338872145e-08, 1.27316344134e-08, 7.49735329375e-10, 1.41355371852e-09, 5.58756996227e-09, 6.48199438569e-10, 3.74016762006e-10, 4.22051525673e-11, 1.06004597461e-11, 1.28925264561e-11, 4.98174938801e-11, 3.87726396128e-12, 1.0790359925e-11, 5.0543135649e-11, 9.71355895024e-12, 3.6081109888e-12],
        "dvar2": [1.44462086737e-09, 2.24614060684e-09, 1.2054734988e-08, 6.03218452966e-08, 2.68372470913e-08, 3.8307257455e-06, 2.13025623452e-06, 4.49802996627e-07, 2.6391350616e-07, 4.32008192774e-07, 2.56989324043e-07, 2.44799338134e-07, 3.7002315878e-08, 3.28940529926e-07, 2.65380236897e-07, 1.56533459972e-07, 2.13702904261e-08, 9.70386224708e-08, 4.42792256194e-08, 9.1100183397e-08, 5.41463442971e-08, 7.51419761968e-08, 2.22166605113e-08, 3.40014452149e-08, 3.86074283654e-08, 2.48818086135e-08, 1.07102071656e-09, 2.58924925944e-09, 1.44952929659e-08, 1.53109025458e-09, 8.84420370273e-10, 1.12178558109e-10, 2.74134274308e-11, 3.42490133476e-11, 1.39080233441e-10, 1.00829310179e-11, 2.83617625912e-11, 1.45249395844e-10, 2.67237742352e-11, 1.0080665469e-11],
        "max": [0.000155801637447, 0.000252524216194, 0.000711947621312, 0.00123934587464, 0.00132305501029, 0.00946975685656, 0.00665311515331, 0.00327255949378, 0.00317237153649, 0.00342441769317, 0.0024423559662, 0.00298833032139, 0.00165057519916, 0.00236724293791, 0.0027549827937, 0.00192278355826, 0.00138219259679, 0.00224448391236, 0.00177273759618, 0.00162646977697, 0.00173097825609, 0.00202251016162, 0.00110785872675, 0.00126367853954, 0.00114899873734, 0.000963456521276, 0.000300233688904, 0.000340686470736, 0.000604332250077, 0.000215523003135, 0.000161506948643, 5.30247561983e-05, 2.59373264271e-05, 2.7781314202e-05, 5.29565186298e-05, 1.61838488566e-05, 2.61573022726e-05, 5.23624257767e-05, 2.39305463765e-05, 1.44399973578e-05],
        "mean": [2.65860671789e-06, 5.31950308869e-06, 2.2269992769e-05, 3.63234139513e-05, 4.5334942115e-05, 0.00016737387341, 0.000111280489364, 8.80697698449e-05, 9.00575250853e-05, 7.31101754354e-05, 5.47473973711e-05, 7.81078124419e-05, 6.05070999882e-05, 8.00453053671e-05, 7.08637744538e-05, 5.66449671169e-05, 6.04427950748e-05, 7.87799799582e-05, 6.86346684233e-05, 6.50553411106e-05, 5.11794860358e-05, 6.91135428497e-05, 3.57668686775e-05, 3.34287942678e-05, 3.37743294949e-05, 2.98107279377e-05, 1.13866080937e-05, 1.07781215775e-05, 1.14679942271e-05, 5.26113763044e-06, 3.65995401808e-06, 1.12893553705e-06, 4.61591781686e-07, 4.355866281e-07, 7.5852176451e-07, 3.3046856629e-07, 4.70441563039e-07, 7.34670891234e-07, 3.7464297975e-07, 2.20975024945e-07],
        "median": [6.54799123367e-07, 2.80215004977e-07, 6.42203588086e-07, 4.01088243507e-07, 4.35945054278e-07, 3.94290452732e-07, 2.99152105754e-07, 2.57191828723e-07, 3.07784631559e-07, 2.79500369516e-07, 1.70157576918e-07, 2.74458443528e-07, 5.57970849968e-07, 8.34737875266e-07, 7.16066267614e-07, 2.30367334098e-07, 1.27349053969e-07, 7.5636116037e-08, 5.98752762926e-08, 2.9464773732e-08, 2.3215624978e-08, 1.44775782474e-08, 1.03732293866e-08, 8.54310933107e-09, 1.20767849054e-08, 9.84729364717e-09, 1.65046252221e-08, 1.56928710027e-08, 5.45461276147e-09, 5.07395991889e-09, 2.45596387671e-09, 1.99401428702e-09, 1.57217694419e-09, 1.31921684687e-09, 1.5963881328e-09, 1.63021018906e-09, 1.71938374649e-09, 1.81798487375e-09, 1.81030590518e-09, 1.82084936018e-09],
        "min": [1.03304058641e-08, 6.5676548644e-09, 1.64570057581e-09, 6.75066846867e-09, 1.17890675e-08, 5.97753357923e-09, 9.40480471279e-10, 1.15918974419e-09, 1.30215012106e-08, 1.52034900225e-08, 8.64459526184e-09, 9.34540889119e-09, 2.62494026515e-09, 3.8097263122e-09, 1.9947743457e-09, 4.48783499252e-09, 3.80890163854e-09, 1.73338765563e-09, 1.98640881521e-09, 2.01179339854e-09, 1.42261114e-09, 1.09176045981e-09, 1.60841284735e-09, 1.04409592083e-09, 8.37782454521e-10, 9.18567943931e-10, 1.36248612392e-09, 1.31567801098e-09, 8.1465706403e-10, 5.27228372071e-10, 4.05043248941e-10, 5.53795675984e-10, 3.53992418711e-10, 5.02719810225e-10, 5.46813927471e-10, 1.8973685123e-10, 2.47579096113e-10, 4.89297602435e-10, 3.49308193481e-10, 1.23413321229e-10],
        "var": [2.62088184488e-10, 9.7545804767e-10, 1.14217320046e-08, 2.66844715213e-08, 3.71034936109e-08, 1.06054528715e-06, 4.9748047104e-07, 1.57305819926e-07, 1.53381591872e-07, 1.4183601138e-07, 7.5313280945e-08, 1.33976570282e-07, 6.04787899761e-08, 1.19909131513e-07, 1.07057879006e-07, 6.26247853575e-08, 5.36632711601e-08, 1.18519622561e-07, 8.57374047314e-08, 7.38807770517e-08, 4.89234146528e-08, 1.00183676466e-07, 2.50306602112e-08, 2.32435066749e-08, 2.49573215427e-08, 1.99308800575e-08, 2.10602912887e-09, 2.24622831446e-09, 4.69951855209e-09, 7.20845161339e-10, 3.88924698003e-10, 3.73980985069e-11, 8.42049346916e-12, 9.15475421165e-12, 3.17828853513e-11, 3.52158861967e-12, 8.49911200446e-12, 3.05705911974e-11, 6.6616339181e-12, 2.39470899707e-12]
    },
    "mfcc": {
        "mean": [-903.754150391, 109.571922302, -16.9103851318, -5.48065805435, -6.55234479904, -1.7107667923, 10.9846630096, -7.27449941635, -6.13791179657, -0.397791683674, -5.37849330902, 2.32413482666, 3.54461407661],
        "cov": [[19326.0410156, -166.452545166, -4510.80126953, 76.820602417, -713.549072266, -1371.13452148, -982.338623047, -685.927368164, -210.801712036, -267.756866455, -397.742462158, -184.275848389, -775.772155762], [-166.452545166, 427.414367676, -272.588989258, -250.294525146, 71.970199585, 64.9836883545, 5.22382736206, 68.4710769653, 41.4991607666, -40.4649353027, 14.7721357346, 45.3931465149, 3.7271592617], [-4510.80126953, -272.588989258, 1654.05456543, 297.527618408, 125.544128418, 306.781890869, 225.993255615, 70.9636917114, 9.38460540771, 105.983520508, 76.993812561, 12.8834686279, 212.585235596], [76.820602417, -250.294525146, 297.527618408, 446.364837646, -53.9804725647, -126.554862976, -39.0156135559, -134.799041748, -74.3519287109, 41.3228416443, -20.373456955, -34.0428466797, 0.52252882719], [-713.549072266, 71.970199585, 125.544128418, -53.9804725647, 129.289596558, 90.0371551514, 12.145201683, 69.0846405029, 35.5326423645, -5.32807970047, 38.4543113708, 41.2345123291, 23.3164634705], [-1371.13452148, 64.9836883545, 306.781890869, -126.554862976, 90.0371551514, 205.494567871, 116.335197449, 88.9132919312, 28.9552192688, 0.601031720638, 49.5315093994, 42.7152099609, 59.7406692505], [-982.338623047, 5.22382736206, 225.993255615, -39.0156135559, 12.145201683, 116.335197449, 135.516448975, 47.6761894226, -12.9153614044, 8.33442497253, 25.3207550049, 6.27978658676, 51.6915740967], [-685.927368164, 68.4710769653, 70.9636917114, -134.799041748, 69.0846405029, 88.9132919312, 47.6761894226, 118.276008606, 53.927936554, -2.00420546532, 25.9473934174, 18.6142597198, 24.7685203552], [-210.801712036, 41.4991607666, 9.38460540771, -74.3519287109, 35.5326423645, 28.9552192688, -12.9153614044, 53.927936554, 67.8699188232, 11.4755153656, 2.04232907295, 3.07443976402, -2.17330217361], [-267.756866455, -40.4649353027, 105.983520508, 41.3228416443, -5.32807970047, 0.601031720638, 8.33442497253, -2.00420546532, 11.4755153656, 45.7388343811, 12.1167221069, -18.2208747864, 7.47369432449], [-397.742462158, 14.7721357346, 76.993812561, -20.373456955, 38.4543113708, 49.5315093994, 25.3207550049, 25.9473934174, 2.04232907295, 12.1167221069, 50.0252876282, 26.6066112518, 16.7679595947], [-184.275848389, 45.3931465149, 12.8834686279, -34.0428466797, 41.2345123291, 42.7152099609, 6.27978658676, 18.6142597198, 3.07443976402, -18.2208747864, 26.6066112518, 59.0648345947, 21.2026157379], [-775.772155762, 3.7271592617, 212.585235596, 0.52252882719, 23.3164634705, 59.7406692505, 51.6915740967, 24.7685203552, -2.17330217361, 7.47369432449, 16.7679595947, 21.2026157379, 61.545425415]],
