{
"lowlevel": {
    "average_loudness": 0.99068403244,
    "barkbands_crest": {
        "dmean": 3.70658445358,
        "dmean2": 5.83059549332,
        "dvar": 7.05116176605,
        "dvar2": 21.1780128479,
        "max": 22.4394264221,
        "mean": 13.4165554047,
        "median": 12.9080286026,
        "min": 3.7859005928,
        "var": 20.0968265533
    },
    "barkbands_flatness_db": {
        "dmean": 0.0355440862477,
        "dmean2": 0.0519195869565,
        "dvar": 0.00107588188257,
        "dvar2": 0.00187518482562,
        "max": 0.493877142668,
        "mean": 0.330641448498,
        "median": 0.367085576057,
        "min": 0.029073767364,
        "var": 0.014452422969
    },
    "barkbands_kurtosis": {
        "dmean": 13.735918045,
        "dmean2": 20.4915771484,
        "dvar": 261.044281006,
        "dvar2": 622.685058594,
        "max": 139.702789307,
        "mean": 26.4310493469,
        "median": 17.4102725983,
        "min": -0.60356426239,
        "var": 825.281188965
    },
    "barkbands_skewness": {
        "dmean": 0.89837294817,
        "dmean2": 1.27531445026,
        "dvar": 0.657004594803,
        "dvar2": 1.83736181259,
        "max": 6.56395626068,
        "mean": 2.25135946274,
        "median": 1.85346055031,
        "min": -0.0931119546294,
        "var": 2.50203466415
    },
    "barkbands_spread": {
        "dmean": 2.66303348541,
        "dmean2": 2.14789867401,
        "dvar": 22.9738674164,
        "dvar2": 16.4552059174,
        "max": 70.8653106689,
        "mean": 8.74275112152,
        "median": 1.64558637142,
        "min": 0.582375943661,
        "var": 258.979217529
    },
    "dissonance": {
        "dmean": 0.0820983201265,
        "dmean2": 0.143419206142,
        "dvar": 0.00425632297993,
        "dvar2": 0.013367482461,
        "max": 0.499945253134,
        "mean": 0.369564592838,
        "median": 0.379020780325,
        "min": 0.185948848724,
        "var": 0.00766464741901
    },
    "dynamic_complexity": 8.50028419495,
    "erbbands_crest": {
        "dmean": 2.78452444077,
        "dmean2": 4.69565582275,
        "dvar": 4.78864145279,
        "dvar2": 12.3178520203,
        "max": 21.5851573944,
        "mean": 13.7847385406,
        "median": 14.0596370697,
        "min": 3.49727535248,
        "var": 12.1839799881
    },
    "erbbands_flatness_db": {
        "dmean": 0.0314053110778,
        "dmean2": 0.046601716429,
        "dvar": 0.00101587653626,
        "dvar2": 0.00146330101416,
        "max": 0.474988162518,
        "mean": 0.329812645912,
        "median": 0.369970202446,
        "min": 0.0644729733467,
        "var": 0.0121735371649
    },
    "erbbands_kurtosis": {
        "dmean": 5.60234689713,
        "dmean2": 9.6422252655,
        "dvar": 40.2541656494,
        "dvar2": 116.848503113,
        "max": 33.7311210632,
        "mean": 9.42343711853,
        "median": 6.04980754852,
        "min": -0.984655857086,
        "var": 85.3760375977
    },
    "erbbands_skewness": {
        "dmean": 0.66880685091,
        "dmean2": 1.07857584953,
        "dvar": 0.350512504578,
        "dvar2": 0.874051213264,
        "max": 4.06779575348,
        "mean": 0.998403608799,
        "median": 0.60832464695,
        "min": -0.666310250759,
        "var": 1.4801980257
    },
    "erbbands_spread": {
        "dmean": 3.03694200516,
        "dmean2": 3.27603697777,
        "dvar": 31.3214321136,
        "dvar2": 27.1581783295,
        "max": 73.1180648804,
        "mean": 9.26711750031,
        "median": 4.32812166214,
        "min": 1.43696582317,
        "var": 213.032196045
    },
    "hfc": {
        "dmean": 6.47928905487,
        "dmean2": 9.24632453918,
        "dvar": 667.948242188,
        "dvar2": 1594.46337891,
        "max": 181.750061035,
        "mean": 5.30634498596,
        "median": 0.28918030858,
        "min": 0.00580320181325,
        "var": 576.150024414
    },
    "melbands_crest": {
        "dmean": 3.84890770912,
        "dmean2": 5.97362756729,
        "dvar": 7.94306612015,
        "dvar2": 24.9797229767,
        "max": 27.4526538849,
        "mean": 15.2296419144,
        "median": 14.0322875977,
        "min": 6.39405202866,
        "var": 22.2524757385
    },
    "melbands_flatness_db": {
        "dmean": 0.0381456241012,
        "dmean2": 0.0559407807887,
        "dvar": 0.00124753196724,
        "dvar2": 0.0023191254586,
        "max": 0.619903147221,
        "mean": 0.436902403831,
        "median": 0.487515747547,
        "min": 0.100102335215,
        "var": 0.0211418047547
    },
    "melbands_kurtosis": {
        "dmean": 3.04916501045,
        "dmean2": 4.91785860062,
        "dvar": 9.51312923431,
        "dvar2": 20.7608070374,
        "max": 18.7403354645,
        "mean": 3.86910772324,
        "median": 1.56702327728,
        "min": -1.01859664917,
        "var": 23.2259540558
    },
    "melbands_skewness": {
        "dmean": 0.519512355328,
        "dmean2": 0.824798882008,
        "dvar": 0.207307562232,
        "dvar2": 0.454318463802,
        "max": 2.786039114,
        "mean": 0.708202838898,
        "median": 0.594362616539,
        "min": -0.651271224022,
        "var": 0.734664857388
    },
    "melbands_spread": {
        "dmean": 1.90455198288,
        "dmean2": 2.12137556076,
        "dvar": 6.93344640732,
        "dvar2": 10.3854646683,
        "max": 39.7318458557,
        "mean": 6.27176952362,
        "median": 3.03426527977,
        "min": 1.04180502892,
        "var": 69.260055542
    },
    "pitch_salience": {
        "dmean": 0.0878685712814,
        "dmean2": 0.147958785295,
        "dvar": 0.00432926928625,
        "dvar2": 0.0112281451002,
        "max": 0.854946792126,
        "mean": 0.554774820805,
        "median": 0.560109496117,
        "min": 0.29306641221,
        "var": 0.0151145039126
    },
    "silence_rate_20dB": {
        "dmean": 0,
        "dmean2": 0,
        "dvar": 0,
        "dvar2": 0,
        "max": 1,
        "mean": 1,
        "median": 1,
        "min": 1,
        "var": 0
    },
    "silence_rate_30dB": {
        "dmean": 0,
        "dmean2": 0,
        "dvar": 0,
        "dvar2": 0,
        "max": 1,
        "mean": 1,
        "median": 1,
        "min": 1,
        "var": 0
    },
    "silence_rate_60dB": {
        "dmean": 0.10000000149,
        "dmean2": 0.203389823437,
        "dvar": 0.0900001451373,
        "dvar2": 0.229819118977,
        "max": 1,
        "mean": 0.704918026924,
        "median": 1,
        "min": 0,
        "var": 0.208008557558
    },
    "spectral_centroid": {
        "dmean": 81.6932067871,
        "dmean2": 104.079963684,
        "dvar": 16791.1933594,
        "dvar2": 25134.2675781,
        "max": 2233.90478516,
        "mean": 524.781066895,
        "median": 390.451751709,
        "min": 287.62902832,
        "var": 158887.34375
    },
    "spectral_complexity": {
        "dmean": 2.31666660309,
        "dmean2": 2.8813560009,
        "dvar": 45.94972229,
        "dvar2": 50.2740592957,
        "max": 54,
        "mean": 4.67213106155,
        "median": 3,
        "min": 0,
        "var": 73.1056213379
    },
    "spectral_decrease": {
        "dmean": 1.44806844293e-09,
        "dmean2": 2.07257477847e-09,
        "dvar": 2.52080214564e-17,
        "dvar2": 6.13651812182e-17,
        "max": -3.2967948033e-13,
        "mean": -1.44587519735e-09,
        "median": -2.23693674695e-10,
        "min": -3.4686895134e-08,
        "var": 2.11736829379e-17
    },
    "spectral_energy": {
        "dmean": 0.00605281628668,
        "dmean2": 0.00865944474936,
        "dvar": 0.000452765525552,
        "dvar2": 0.00110008206684,
        "max": 0.147401303053,
        "mean": 0.00593835301697,
        "median": 0.000870499701705,
        "min": 1.77065442131e-06,
        "var": 0.000380862067686
    },
    "spectral_energyband_high": {
        "dmean": 8.93110918696e-05,
        "dmean2": 0.0001200940751,
        "dvar": 1.39917389674e-07,
        "dvar2": 2.82192218037e-07,
        "max": 0.00267674797215,
        "mean": 7.57497473387e-05,
        "median": 2.08947838587e-07,
        "min": 1.47468000478e-07,
        "var": 1.51135537863e-07
    },
    "spectral_energyband_low": {
        "dmean": 1.20662480185e-05,
        "dmean2": 6.20049286226e-06,
        "dvar": 7.68366814619e-10,
        "dvar2": 1.10941943132e-10,
        "max": 0.00055121287005,
        "mean": 3.50424961653e-05,
        "median": 2.20484207603e-06,
        "min": 6.93628123827e-08,
        "var": 9.55873691311e-09
    },
    "spectral_energyband_middle_high": {
        "dmean": 0.00273852422833,
        "dmean2": 0.00395063264295,
        "dvar": 0.000146062346175,
        "dvar2": 0.000352523580659,
        "max": 0.0826355516911,
        "mean": 0.00197584810667,
        "median": 4.15490745809e-07,
        "min": 3.50247262304e-08,
        "var": 0.000121175617096
    },
    "spectral_energyband_middle_low": {
        "dmean": 0.00375921768136,
        "dmean2": 0.00540785724297,
        "dvar": 0.000130217362312,
        "dvar2": 0.000321689993143,
        "max": 0.0779482871294,
        "mean": 0.00422713952139,
        "median": 0.00086678302614,
        "min": 6.14193254478e-07,
        "var": 0.000111991990707
    },
    "spectral_entropy": {
        "dmean": 0.269182860851,
        "dmean2": 0.39342430234,
        "dvar": 0.0579216219485,
        "dvar2": 0.103299491107,
        "max": 8.34008598328,
        "mean": 5.67484712601,
        "median": 5.16174030304,
        "min": 4.48688268661,
        "var": 1.31769001484
    },
    "spectral_flux": {
        "dmean": 0.0122444434091,
        "dmean2": 0.0147457933053,
        "dvar": 0.000685124890879,
        "dvar2": 0.000958499265835,
        "max": 0.285340994596,
        "mean": 0.0331282131374,
        "median": 0.0155192231759,
        "min": 0.000815627689008,
        "var": 0.00261633959599
    },
    "spectral_kurtosis": {
        "dmean": 23.3476333618,
        "dmean2": 38.7671813965,
        "dvar": 969.064208984,
        "dvar2": 2481.95654297,
        "max": 168.514694214,
        "mean": 62.4186553955,
        "median": 55.3271980286,
        "min": 2.08938980103,
        "var": 2394.04541016
    },
    "spectral_rms": {
        "dmean": 0.000655351846945,
        "dmean2": 0.000759481219575,
        "dvar": 1.95767916011e-06,
        "dvar2": 3.19037690133e-06,
        "max": 0.0119919199497,
        "mean": 0.00152050401084,
        "median": 0.000921557366382,
        "min": 4.15628164774e-05,
        "var": 3.4815818708e-06
    },
    "spectral_rolloff": {
        "dmean": 376.11328125,
        "dmean2": 625.557800293,
        "dvar": 1927705.625,
        "dvar2": 4279023.5,
        "max": 10120.6054688,
        "mean": 916.39666748,
        "median": 516.796875,
        "min": 387.59765625,
        "var": 2478394.25
    },
    "spectral_skewness": {
        "dmean": 1.14070093632,
        "dmean2": 1.78992629051,
        "dvar": 1.89220845699,
        "dvar2": 4.48237657547,
        "max": 11.3727350235,
        "mean": 6.1613073349,
        "median": 6.33837509155,
        "min": 1.42655074596,
        "var": 8.3593082428
    },
    "spectral_spread": {
        "dmean": 802941.0625,
        "dmean2": 1144339.5,
        "dvar": 673515831296,
        "dvar2": 917925593088,
        "max": 9313848,
        "mean": 3156873.75,
        "median": 1968436.75,
        "min": 553282.8125,
        "var": 6.8784315433e+12
    },
    "spectral_strongpeak": {
        "dmean": 0.28531935811,
        "dmean2": 0.412117272615,
        "dvar": 0.414360195398,
        "dvar2": 1.07110416889,
        "max": 4.13818740845,
        "mean": 0.397675424814,
        "median": 0.210530593991,
        "min": 0,
        "var": 0.369665682316
    },
    "zerocrossingrate": {
        "dmean": 0.0129557289183,
        "dmean2": 0.0135063556954,
        "dvar": 0.000566367059946,
        "dvar2": 0.000587217800785,
        "max": 0.3291015625,
        "mean": 0.0503490008414,
        "median": 0.0205078125,
        "min": 0.01025390625,
        "var": 0.0046629216522
    },
    "barkbands": {
        "dmean": [3.00772512674e-06, 2.05361129701e-06, 5.13260283697e-06, 1.95154934772e-05, 0.000574060191866, 0.00135122006759, 0.000510668032803, 0.000326962646795, 0.000330441631377, 0.00136923859827, 0.000117097624752, 0.000252710393397, 0.000466392055387, 0.000414151960285, 9.57585507422e-05, 0.000354467425495, 0.000121614095406, 6.73008908052e-05, 0.000177620036993, 6.28881680313e-05, 2.86878130282e-05, 8.10997698864e-06, 4.19004982177e-06, 1.16302417155e-05, 1.79380494956e-05, 1.54994995683e-06, 2.84903109105e-07],
        "dmean2": [4.28020712206e-06, 2.65618768935e-06, 4.39041377831e-06, 2.79790165223e-05, 0.00101924291812, 0.00182356417645, 0.000667097221594, 0.000577467086259, 0.000391070527257, 0.00227879313752, 0.000139911426231, 0.000357892306056, 0.000783420342486, 0.00068028701935, 0.000112989560876, 0.000630868715234, 0.000158812079462, 7.19228410162e-05, 0.00027598219458, 0.000101807723695, 4.10802022088e-05, 1.27166322272e-05, 5.57132034373e-06, 1.85215358215e-05, 2.87724524242e-05, 2.56390399045e-06, 4.54626729152e-07],
        "dvar": [2.49990809303e-11, 1.23592011625e-10, 3.37329997269e-10, 1.68949909618e-09, 7.13005022135e-07, 8.73527915246e-06, 1.70054750015e-06, 3.55184226919e-07, 1.68096744346e-06, 4.27092854807e-05, 2.45759991913e-07, 1.61061109338e-06, 4.89790454594e-06, 3.63398908121e-06, 1.44117024092e-07, 3.00400665765e-06, 3.01457106389e-07, 6.81592595697e-08, 6.31502018678e-07, 8.22496986075e-08, 1.48339474038e-08, 1.29680344241e-09, 3.09473724425e-10, 2.81964629423e-09, 6.84966350306e-09, 5.12130338137e-11, 1.39285805112e-12],
        "dvar2": [3.26248819627e-11, 1.38754605028e-10, 2.33659369631e-10, 2.87819901246e-09, 2.33717810261e-06, 2.17584838538e-05, 3.13038390232e-06, 1.07567700525e-06, 3.13955820275e-06, 0.000115345006634, 3.76924106149e-07, 2.23108486352e-06, 1.32674676934e-05, 9.61452042247e-06, 2.82728166212e-07, 8.42987083161e-06, 6.80721939261e-07, 1.21210305792e-07, 1.54734095759e-06, 2.1497929481e-07, 3.44437758315e-08, 3.25707194548e-09, 6.47862374858e-10, 7.21059079112e-09, 1.72707217416e-08, 1.33617769627e-10, 3.558760708e-12],
        "max": [3.96939140046e-05, 8.31073484733e-05, 0.000229967728956, 0.000430424755905, 0.00416524382308, 0.0182866230607, 0.0102521665394, 0.00403863377869, 0.00940941367298, 0.0412811376154, 0.00356287695467, 0.00767376413569, 0.0140418289229, 0.0124538792297, 0.00288326013833, 0.0106416661292, 0.00364797166549, 0.00200907071121, 0.0053206239827, 0.00188643601723, 0.000861024367623, 0.000243458722252, 0.000125359321828, 0.000347692490323, 0.00053756730631, 4.62005591544e-05, 7.91691127233e-06],
        "mean": [3.41204918186e-06, 2.6030634217e-06, 1.00599727375e-05, 4.62583302578e-05, 0.000639623845927, 0.00142646138556, 0.000562137807719, 0.000441629556008, 0.000333843636326, 0.000876329373568, 0.000114358816063, 0.000263049936621, 0.00029260435258, 0.000270249758614, 7.9532743257e-05, 0.000208187804674, 8.9759058028e-05, 5.79145635129e-05, 0.000126038852613, 4.11000000895e-05, 2.13914863707e-05, 5.62976583751e-06, 3.46419415109e-06, 8.43477846502e-06, 1.27368848553e-05, 1.0850376384e-06, 3.65840151062e-07],
        "median": [1.66812628777e-06, 9.2728143386e-08, 2.90579777129e-07, 9.64993341768e-06, 0.00021682260558, 0.000173414111487, 0.000106461506221, 0.00011050588364, 4.43854196419e-06, 2.94977553494e-07, 4.77675925481e-08, 2.74855960214e-08, 2.33669901206e-08, 1.69132636785e-08, 1.50598928883e-08, 1.02378114875e-08, 7.81662556903e-09, 6.98666680066e-09, 9.40862054932e-09, 5.70380320752e-09, 4.77799932952e-09, 3.98253918732e-09, 6.27067997527e-09, 9.43349931504e-09, 1.16303171538e-08, 1.70289524704e-08, 1.77613316055e-07],
        "min": [1.86489614862e-08, 8.69829541728e-09, 1.58800206318e-09, 2.94189228534e-09, 9.91927180394e-08, 3.75430850852e-08, 5.659916269e-08, 1.84694187055e-07, 2.95870155043e-08, 5.79221870467e-09, 7.19350801148e-10, 2.90856316809e-09, 1.13575016059e-09, 1.42363854039e-09, 1.23695809151e-09, 1.83771398099e-09, 1.14008702479e-09, 1.59804092181e-09, 1.67652192129e-09, 2.03801220344e-09, 1.99399563527e-09, 1.33401178992e-09, 2.60459409596e-09, 4.36929248337e-09, 5.83940940047e-09, 1.06375912523e-08, 1.29243701963e-07],
        "var": [3.48632719915e-11, 1.36446812182e-10, 1.07980424602e-09, 9.0659533214e-09, 8.18456385332e-07, 8.80492279975e-06, 2.10651569432e-06, 5.87844454003e-07, 1.86688612303e-06, 2.87584953185e-05, 3.03209816366e-07, 1.79993344318e-06, 3.28263035954e-06, 2.59404123426e-06, 1.60691826068e-07, 1.85000931197e-06, 2.55536093619e-07, 8.16034742002e-08, 5.14821010711e-07, 5.9756736448e-08, 1.34491289216e-08, 1.02823438652e-09, 3.21824483729e-10, 2.23142082589e-09, 5.35783017952e-09, 3.81134221406e-11, 1.09925566913e-12]
    },
    "erbbands": {
        "dmean": [7.3219249316e-05, 0.000480842427351, 0.00434300443158, 0.0552669502795, 1.29100465775, 1.8775138855, 1.8751373291, 13.4446020126, 10.7436418533, 10.9257478714, 2.49912118912, 6.76993751526, 57.6392021179, 6.91292095184, 6.49079799652, 14.6634378433, 20.5524845123, 20.5339450836, 10.092001915, 5.55266618729, 23.8193874359, 5.96056365967, 4.10722398758, 6.97723197937, 8.02375411987, 3.61580967903, 2.0104060173, 0.641857981682, 0.305251181126, 0.155300095677, 0.123983129859, 0.216973006725, 0.214481577277, 0.2852845788, 0.0597579479218, 0.0148777747527, 0.000954179733526, 0.000197130895685, 5.53699574084e-05, 8.56618498801e-06],
        "dmean2": [9.86057057162e-05, 0.000569645897485, 0.00397212756798, 0.0775500014424, 2.3228559494, 3.26414585114, 2.89084124565, 17.8997631073, 13.9818353653, 16.3913803101, 3.75479054451, 7.86791563034, 94.7861022949, 9.84446334839, 8.23193264008, 19.6372909546, 32.7165031433, 34.5450782776, 14.4979829788, 6.14094495773, 43.3121185303, 7.84009552002, 5.25852489471, 10.114900589, 12.5445594788, 5.79047870636, 3.20122408867, 0.891579568386, 0.464644730091, 0.214149743319, 0.180672854185, 0.334368616343, 0.344363182783, 0.461395919323, 0.0916547253728, 0.0241552777588, 0.0013771353988, 0.000293369143037, 8.54768368299e-05, 1.0129324437e-05],
        "dvar": [1.20069373111e-07, 6.65343577566e-06, 0.000224718969548, 0.00874538626522, 4.56740522385, 6.64681959152, 44.9595870972, 822.764343262, 492.519012451, 452.858215332, 20.3854503632, 669.29699707, 74277.328125, 925.191955566, 830.672302246, 4664.35400391, 9001.04882812, 9334.69042969, 1835.36853027, 483.23550415, 14085.0898438, 709.43182373, 286.257110596, 886.910400391, 1300.23620605, 266.652191162, 81.2394638062, 7.19648456573, 1.77711141109, 0.438020646572, 0.281003624201, 0.966025352478, 0.965921461582, 1.74234569073, 0.0738841667771, 0.00470105418935, 1.7502992705e-05, 7.09295306933e-07, 5.49527605642e-08, 7.52098328061e-10],
        "dvar2": [1.42448300267e-07, 6.78437163515e-06, 0.000156569672981, 0.0195396896452, 15.1722517014, 20.9620418549, 117.909370422, 2045.27197266, 1020.71868896, 1014.543396, 37.9431190491, 1223.38256836, 199036.65625, 2216.58813477, 1349.48120117, 7327.87011719, 23477.6308594, 25229.7714844, 4314.79101562, 897.456787109, 40125.0039062, 1605.75878906, 614.60559082, 2069.00024414, 3203.19970703, 688.788574219, 206.751647949, 16.4079914093, 4.36651754379, 0.921786487103, 0.543433248997, 2.38819313049, 2.4865937233, 4.42195034027, 0.180433884263, 0.0119854668155, 3.99370110244e-05, 1.53007374593e-06, 1.35532559398e-07, 1.42045442075e-09],
        "max": [0.00255823764019, 0.0208636689931, 0.185696527362, 1.26289653778, 9.91989707947, 13.5414972305, 44.7740707397, 175.208526611, 161.044265747, 149.20526123, 36.1398582458, 187.154403687, 1729.1237793, 211.615219116, 196.834060669, 444.370544434, 619.41217041, 617.581237793, 303.515930176, 167.094512939, 715.099121094, 178.756988525, 122.758758545, 208.54864502, 240.613113403, 108.450744629, 60.3005180359, 19.28033638, 9.16942310333, 4.6557469368, 3.70675802231, 6.48704576492, 6.41406869888, 8.5506696701, 1.78928387165, 0.44476428628, 0.0281560756266, 0.00570093560964, 0.00156919378787, 0.000215831634705],
        "mean": [9.59759272519e-05, 0.000695339927915, 0.00893168523908, 0.12027426064, 1.4647231102, 2.22060346603, 1.7340991497, 14.2032518387, 12.2687330246, 12.5307941437, 4.86775445938, 6.95901536942, 37.3055076599, 5.47803688049, 6.02926445007, 13.774310112, 13.5848455429, 12.9915561676, 7.45804166794, 4.70814466476, 13.5776605606, 4.40284156799, 3.18811702728, 5.18403530121, 5.65559244156, 2.39857149124, 1.36347949505, 0.484080582857, 0.217010900378, 0.128463089466, 0.109697178006, 0.162523493171, 0.154100030661, 0.20046415925, 0.0448389425874, 0.0104653164744, 0.000830708537251, 0.000203548581339, 5.94689990976e-05, 1.2375409824e-05],
        "median": [1.28322890305e-05, 6.26882319921e-05, 0.000723142642528, 0.0260088350624, 0.517185926437, 0.568935155869, 0.499083101749, 1.6428412199, 2.27018880844, 3.39915513992, 1.27010440826, 0.130405336618, 0.0313538685441, 0.00407212646678, 0.00256143324077, 0.00139023375232, 0.00111833971459, 0.000934569339734, 0.000866306654643, 0.000649509660434, 0.000513947044965, 0.000459210015833, 0.000432636443293, 0.000488088408019, 0.00037460718886, 0.000358046323527, 0.000239763976424, 0.000164895041962, 0.000140190939419, 0.000159489325597, 0.000180198898306, 0.00019090952992, 0.000164821060025, 0.000125464226585, 8.06486277725e-05, 3.63554827345e-05, 3.48209578078e-05, 3.32437812176e-05, 1.99036967388e-05, 4.66865003546e-06],
        "min": [1.70942166733e-06, 9.16511112337e-07, 3.25431460624e-06, 1.43676388689e-05, 8.23546870379e-05, 0.000351626862539, 0.000280832522549, 0.0003607563267, 0.000963528233115, 0.00257660355419, 0.00216832547449, 0.000659712299239, 0.000416029681219, 0.000122528901557, 0.000119203185022, 0.000129148887936, 6.6722088377e-05, 9.28754016059e-05, 0.000100696612208, 0.000108074069431, 8.42671070131e-05, 7.99333429313e-05, 8.89339571586e-05, 8.77212369232e-05, 0.000102206133306, 8.73936296557e-05, 0.000101119272585, 6.79351942381e-05, 5.64017354918e-05, 7.34347340767e-05, 7.48370657675e-05, 9.75387229118e-05, 7.538904174e-05, 6.22715378995e-05, 3.84201484849e-05, 2.34899180214e-05, 2.07461744139e-05, 2.37391031987e-05, 1.42327362482e-05, 2.92059144158e-06],
        "var": [1.40228053169e-07, 7.99739700597e-06, 0.000699087046087, 0.0598176084459, 5.04064559937, 9.20774364471, 33.5359153748, 842.828613281, 624.076293945, 581.135925293, 61.7816429138, 750.812927246, 50655.9765625, 817.449523926, 927.536315918, 5063.79980469, 6518.67480469, 6332.14404297, 1636.51867676, 555.70098877, 8327.60058594, 606.654602051, 279.976593018, 795.547302246, 1048.86767578, 198.765930176, 62.4913864136, 6.7077627182, 1.47082173824, 0.448987036943, 0.312244147062, 0.805017411709, 0.75397002697, 1.34495282173, 0.0619022361934, 0.00361221004277, 1.67874732142e-05, 7.28350926238e-07, 4.58940192516e-08, 9.05011399155e-10]
    },
    "gfcc": {
        "mean": [-331.358856201, 121.978569031, -39.1560440063, -38.4248809814, -87.0400161743, -53.4857673645, -50.9678688049, -7.78712701797, -14.0395879745, -7.79430055618, -10.5579547882, -15.529088974, -13.057641983],
        "cov": [[15593.1113281, 1331.05908203, -4621.43115234, -76.8934860229, -223.945831299, 819.543640137, -386.042572021, 419.597717285, -879.088317871, -86.1216201782, 183.573135376, 202.209472656, 123.086883545], [1331.05908203, 2683.48583984, 734.332702637, -637.348571777, -468.742706299, -785.818359375, -367.830413818, -327.811248779, -230.565032959, -410.415985107, -182.916320801, -166.254165649, -259.452758789], [-4621.43115234, 734.332702637, 2158.71166992, -216.172103882, -305.476593018, -658.623840332, -121.088111877, -315.258880615, 180.547119141, -128.239608765, -145.101623535, -158.485977173, -160.750396729], [-76.8934860229, -637.348571777, -216.172103882, 294.716827393, 149.507049561, 207.852539062, 67.0691986084, 80.668006897, 41.9089279175, 112.828384399, 44.9727401733, 19.9413738251, 43.8869400024], [-223.945831299, -468.742706299, -305.476593018, 149.507049561, 276.982696533, 219.546875, 136.33265686, 80.5490036011, 56.4996528625, 68.7480010986, 30.5773525238, 31.2096443176, 30.4166622162], [819.543640137, -785.818359375, -658.623840332, 207.852539062, 219.546875, 497.055114746, 180.195526123, 182.925018311, 22.8627758026, 125.124519348, 57.2590332031, 92.066947937, 111.284912109], [-386.042572021, -367.830413818, -121.088111877, 67.0691986084, 136.33265686, 180.195526123, 165.083557129, 82.4279785156, 70.0510253906, 56.9997596741, 4.69139289856, 48.8935127258, 50.1307525635], [419.597717285, -327.811248779, -315.258880615, 80.668006897, 80.5490036011, 182.925018311, 82.4279785156, 124.706367493, 12.6788377762, 35.3233108521, 33.0558395386, 44.5374488831, 48.1409378052], [-879.088317871, -230.565032959, 180.547119141, 41.9089279175, 56.4996528625, 22.8627758026, 70.0510253906, 12.6788377762, 94.7021408081, 51.6211433411, 2.85069108009, 11.8244180679, 21.5564804077], [-86.1216201782, -410.415985107, -128.239608765, 112.828384399, 68.7480010986, 125.124519348, 56.9997596741, 35.3233108521, 51.6211433411, 109.291366577, 35.6956672668, 34.892539978, 49.4724464417], [183.573135376, -182.916320801, -145.101623535, 44.9727401733, 30.5773525238, 57.2590332031, 4.69139289856, 33.0558395386, 2.85069108009, 35.6956672668, 40.9398193359, 20.1919612885, 18.8089962006], [202.209472656, -166.254165649, -158.485977173, 19.9413738251, 31.2096443176, 92.066947937, 48.8935127258, 44.5374488831, 11.8244180679, 34.892539978, 20.1919612885, 60.6529045105, 42.8771438599], [123.086883545, -259.452758789, -160.750396729, 43.8869400024, 30.4166622162, 111.284912109, 50.1307525635, 48.1409378052, 21.5564804077, 49.4724464417, 18.8089962006, 42.8771438599, 70.70728302]],
        "icov": [[0.003183134133, -0.00432809302583, 0.00660771178082, -0.00187416130211, 0.00608715834096, -0.00415423838422, 0.00600706320256, -0.00556381558999, 0.00525400135666, -0.00898515805602, 0.00376850832254, -0.00109568622429, 0.00255879550241], [-0.00432809302583, 0.00788612384349, -0.00843933597207, 0.00408064527437, -0.00773772690445, 0.00642044981942, -0.00708738621324, 0.00872068479657, -0.00732714263722, 0.0145820528269, -0.00112185312901, 7.00223899912e-05, -0.000649702677038], [0.00660771178082, -0.00843933597207, 0.0169666483998, -0.00574423931539, 0.0169400982559, -0.00879553053528, 0.0114440284669, -0.00494139268994, -0.000593971926719, -0.0112898740917, 0.00844016950577, -0.00222152192146, 0.00865735579282], [-0.00187416130211, 0.00408064527437, -0.00574423931539, 0.0127428872511, -0.00953286420554, 0.00250919628888, 0.00264190207236, -0.00582683179528, 0.00533957034349, -0.00753683410585, 0.00496093649417, 0.00319087551907, -9.59948738455e-05], [0.00608715834096, -0.00773772690445, 0.0169400982559, -0.00953286420554, 0.0274896081537, -0.0113444961607, 0.0014755029697, 0.00312339351512, -0.0071300114505, -0.00232339045033, -0.00196586176753, -9.22502222238e-05, 0.0126753943041], [-0.00415423838422, 0.00642044981942, -0.00879553053528, 0.00250919628888, -0.0113444961607, 0.0158582702279, -0.0117744784802, -0.000419459218392, 0.0035291374661, 0.00431416323408, 8.31878496683e-05, 0.000840025255457, -0.00683421408758], [0.00600706320256, -0.00708738621324, 0.0114440284669, 0.00264190207236, 0.0014755029697, -0.0117744784802, 0.0452844873071, -0.025199579075, -0.000678415060975, -0.0235414970666, 0.0337659418583, -0.0137451719493, 0.00689338333905], [-0.00556381558999, 0.00872068479657, -0.00494139268994, -0.00582683179528, 0.00312339351512, -0.000419459218392, -0.025199579075, 0.0542311035097, -0.0345126278698, 0.0496444366872, -0.0300424229354, 0.00085401814431, -0.00241230684333], [0.00525400135666, -0.00732714263722, -0.000593971926719, 0.00533957034349, -0.0071300114505, 0.0035291374661, -0.000678415060975, -0.0345126278698, 0.0805407017469, -0.0556214526296, 0.00977473892272, 0.00279543525539, -0.00913783535361], [-0.00898515805602, 0.0145820528269, -0.0112898740917, -0.00753683410585, -0.00232339045033, 0.00431416323408, -0.0235414970666, 0.0496444366872, -0.0556214526296, 0.0855541676283, -0.0344998613, -0.0014527438907, -0.00758558744565], [0.00376850832254, -0.00112185312901, 0.00844016950577, 0.00496093649417, -0.00196586176753, 8.31878496683e-05, 0.0337659418583, -0.0300424229354, 0.00977473892272, -0.0344998613, 0.0808510482311, -0.017677789554, 0.0130332252011], [-0.00109568622429, 7.00223899912e-05, -0.00222152192146, 0.00319087551907, -9.22502222238e-05, 0.000840025255457, -0.0137451719493, 0.00085401814431, 0.00279543525539, -0.0014527438907, -0.017677789554, 0.0407970696688, -0.0168582238257], [0.00255879550241, -0.000649702677038, 0.00865735579282, -9.59948738455e-05, 0.0126753943041, -0.00683421408758, 0.00689338333905, -0.00241230684333, -0.00913783535361, -0.00758558744565, 0.0130332252011, -0.0168582238257, 0.0439540967345]]
    },
    "melbands": {
        "dmean": [7.20214529792e-07, 1.56199939738e-06, 2.64767259068e-05, 0.00015142938355, 5.25154246134e-05, 0.000293032207992, 0.000161286385264, 0.000113464477181, 1.20346612675e-05, 5.85905909247e-05, 0.000284513138467, 1.98917859962e-05, 1.83356460184e-05, 2.40491062868e-05, 6.21322615189e-05, 3.35222975991e-05, 3.87572035834e-05, 1.77189831447e-05, 7.61457113185e-06, 1.60334602697e-05, 2.6866200642e-05, 6.37121866021e-06, 3.05971047965e-06, 4.08076357417e-06, 5.80733967581e-06, 5.03780120198e-06, 4.42250620836e-06, 2.06288063964e-06, 1.61626428508e-06, 4.26406614906e-07, 3.43296676419e-07, 1.83216968708e-07, 1.16940505279e-07, 7.77608875069e-08, 8.95597338513e-08, 8.64397904365e-08, 1.335439066e-07, 1.21643751072e-07, 2.37142074866e-07, 2.45433938062e-07],
        "dmean2": [9.78351295089e-07, 1.35736763696e-06, 4.52446001873e-05, 0.000267614086624, 8.53551900946e-05, 0.000391894573113, 0.000206467244425, 0.000173609572812, 1.92893039639e-05, 6.95935086696e-05, 0.000465708842967, 2.66421211563e-05, 2.30641962844e-05, 3.36078155669e-05, 8.09656630736e-05, 5.71556993236e-05, 6.44143219688e-05, 2.47960761044e-05, 9.71621648205e-06, 2.51089531957e-05, 4.88177211082e-05, 7.88340003055e-06, 3.40449332725e-06, 5.70716747461e-06, 8.56255792314e-06, 7.52213372834e-06, 7.77961304266e-06, 3.25893051922e-06, 2.76014907286e-06, 4.84539214085e-07, 4.93574646043e-07, 2.81937673208e-07, 1.78221995384e-07, 1.14406198293e-07, 1.22157345572e-07, 1.25376757865e-07, 2.03013385658e-07, 1.93002222204e-07, 3.89901600784e-07, 3.97843081146e-07],
        "dvar": [1.10489638272e-11, 4.83777982951e-11, 1.73688508021e-09, 5.59521247112e-08, 2.93417752317e-08, 3.91745828665e-07, 1.12612767111e-07, 4.12409022488e-08, 5.89450543931e-10, 5.55987718087e-08, 1.80394033578e-06, 7.2012449337e-09, 6.54772680519e-09, 1.37037465819e-08, 7.60949276923e-08, 2.53511327486e-08, 3.27490745633e-08, 5.51286349904e-09, 9.62585233744e-10, 5.23674081876e-09, 1.80153083562e-08, 8.24798562782e-10, 1.58528648542e-10, 2.92445012651e-10, 6.22996765287e-10, 4.91785390189e-10, 4.48072051684e-10, 8.60563148519e-11, 5.73222719291e-11, 2.79223952987e-12, 2.12455660703e-12, 6.47962640574e-13, 2.62247824368e-13, 1.12761552483e-13, 1.45591926102e-13, 1.49033658136e-13, 3.63233857055e-13, 3.06592262429e-13, 1.21116159636e-12, 1.29347053901e-12],
        "dvar2": [1.29008834865e-11, 3.77813960672e-11, 5.45227551996e-09, 1.85227690963e-07, 7.66392744822e-08, 9.7231475138e-07, 2.28784884371e-07, 9.89943558238e-08, 1.11697651128e-09, 1.14993206068e-07, 4.8180208978e-06, 1.63031970146e-08, 9.69145386165e-09, 2.04121111125e-08, 1.70562529433e-07, 6.91488963867e-08, 8.775607796e-08, 1.26363044473e-08, 2.04473993293e-09, 1.34193038903e-08, 5.13626154941e-08, 1.77833037185e-09, 2.82838835686e-10, 6.74995059846e-10, 1.47526002525e-09, 1.03250719086e-09, 1.23233379057e-09, 2.20815685181e-10, 1.54066703839e-10, 5.24367918878e-12, 4.98882055458e-12, 1.60873387094e-12, 6.40355064981e-13, 2.24576040815e-13, 3.20938371365e-13, 3.52840640819e-13, 8.87250396851e-13, 7.83692717925e-13, 3.15170415807e-12, 3.2804555513e-12],
        "max": [2.46136114583e-05, 7.43428390706e-05, 0.000312146352371, 0.0011272005504, 0.00115055730566, 0.00382686033845, 0.00247314409353, 0.00130253785755, 0.000222990609473, 0.00167193380184, 0.00853927340358, 0.000615224475041, 0.000556943297852, 0.000730376283173, 0.00187547190581, 0.00100876612123, 0.00116580736358, 0.000532879377715, 0.000229132376262, 0.000481399270939, 0.000806695141364, 0.000191121158423, 9.16095377761e-05, 0.000121777527966, 0.000173548309249, 0.000151033658767, 0.000132682995172, 6.18646881776e-05, 4.84667471028e-05, 1.28114515974e-05, 1.03111306089e-05, 5.50493041374e-06, 3.50777440872e-06, 2.3313677957e-06, 2.6804789286e-06, 2.58223303717e-06, 3.99063901568e-06, 3.6324283883e-06, 7.1044755714e-06, 7.35725643608e-06],
        "mean": [9.15408350011e-07, 2.91992250823e-06, 4.31305270467e-05, 0.000164274504641, 5.19176064699e-05, 0.000311445997795, 0.000186422243132, 0.000135200403747, 3.00323499687e-05, 5.43741989532e-05, 0.000184628283023, 1.71553874679e-05, 1.80095885298e-05, 2.37588428718e-05, 4.69488441013e-05, 2.08794008358e-05, 2.48391515925e-05, 1.33848052428e-05, 6.02049976806e-06, 1.07237365228e-05, 1.52836528287e-05, 4.8677002269e-06, 2.61303398474e-06, 3.01975069306e-06, 4.25478447141e-06, 4.17131741415e-06, 2.68801682068e-06, 1.37636413911e-06, 1.01914406514e-06, 3.67935570011e-07, 2.52964582614e-07, 1.28848370196e-07, 8.3790659744e-08, 6.76560603097e-08, 7.07428284841e-08, 6.92850434802e-08, 1.01422820364e-07, 8.8827384559e-08, 1.64517715007e-07, 1.71709842789e-07],
        "median": [1.23728909784e-07, 1.04670768053e-07, 1.3280231542e-05, 5.08798184455e-05, 1.35424925247e-05, 3.78746117349e-05, 3.52747665602e-05, 4.20955766458e-05, 6.34948946754e-06, 5.26246139998e-07, 1.29321662712e-07, 1.22029852889e-08, 6.58637411277e-09, 3.87601684082e-09, 1.9515122851e-09, 2.15575202134e-09, 1.58853818988e-09, 1.4918380975e-09, 9.45501787974e-10, 7.40630334839e-10, 5.31529320558e-10, 4.8238468775e-10, 3.41986022834e-10, 3.43342326792e-10, 3.71126684939e-10, 3.25334120754e-10, 2.15621479005e-10, 1.96280325326e-10, 1.55359544673e-10, 1.15179220328e-10, 9.22235968148e-11, 7.67020683079e-11, 8.08921124529e-11, 8.46773484664e-11, 9.78398820295e-11, 1.11723220952e-10, 1.21949714216e-10, 1.17269194355e-10, 1.08301763391e-10, 1.10603096126e-10],
        "min": [9.86945636328e-09, 1.2161847085e-09, 2.05228145589e-09, 1.63184292745e-08, 1.0814115825e-08, 8.1983859701e-09, 1.37860993732e-08, 3.89537042622e-08, 1.44240903666e-08, 3.37010908069e-09, 9.22046716756e-10, 4.00244781762e-10, 2.85655554766e-10, 3.25833499071e-10, 1.6904895539e-10, 1.31894953292e-10, 1.12968107091e-10, 1.59974325453e-10, 9.26001636481e-11, 1.20624399358e-10, 7.66118002371e-11, 7.78186473593e-11, 6.7311059504e-11, 5.68806113321e-11, 6.29830770871e-11, 7.59359658487e-11, 7.05761352138e-11, 4.74893735447e-11, 4.81726047941e-11, 4.2269361622e-11, 3.64225004323e-11, 2.72687861874e-11, 2.69700303757e-11, 3.6932529951e-11, 3.71108074826e-11, 5.14464339185e-11, 6.04238326041e-11, 5.09904965473e-11, 5.5083538425e-11, 4.97547419931e-11],
        "var": [1.24633367862e-11, 1.02349073661e-10, 4.29321200812e-09, 6.18559425902e-08, 2.20967013576e-08, 4.05004698223e-07, 1.43810112263e-07, 5.84888262267e-08, 2.2871200489e-09, 5.58167307929e-08, 1.23848417388e-06, 7.20056592129e-09, 7.82839304492e-09, 1.49552512596e-08, 6.70012738624e-08, 1.68237370701e-08, 2.26519194513e-08, 5.11965048133e-09, 9.76640102124e-10, 3.93620469552e-09, 1.06138404732e-08, 7.29427296342e-10, 1.76010803155e-10, 2.64400057404e-10, 5.45386957818e-10, 4.91758522791e-10, 2.90383522783e-10, 6.48088735455e-11, 3.92194228482e-11, 3.33088504695e-12, 1.89350813674e-12, 5.26332449846e-13, 2.18647311628e-13, 1.2127947843e-13, 1.41247202736e-13, 1.35471820394e-13, 3.08926685231e-13, 2.44239117863e-13, 9.08583375637e-13, 9.94939265524e-13]
    },
    "mfcc": {
        "mean": [-968.769775391, 150.230834961, 63.4634552002, 11.653512001, -23.2519054413, -42.3267059326, -36.1896095276, -25.6454410553, -15.4525241852, -5.99852800369, -1.47498035431, -2.99963784218, -7.00288772583],
        "cov": [[13921.4111328, 1737.22106934, -3515.578125, -1422.89135742, -291.492706299, -165.65852356, 669.029907227, 170.902877808, -165.936080933, -303.955047607, -293.587493896, -207.424636841, -32.4920654297], [1737.22106934, 2785.05981445, 669.813598633, -180.877151489, -426.723937988, -550.114196777, -356.447235107, -134.103118896, -309.154327393, -367.029174805, -269.889282227, -242.482467651, -255.155899048], [-3515.578125, 669.813598633, 1785.6048584, 432.437225342, -196.115539551, -291.202941895, -486.745574951, -254.641494751, -154.850860596, -100.320198059, -80.2010345459, -69.0318527222, -81.96434021], [-1422.89135742, -180.877151489, 432.437225342, 265.207794189, 52.2060012817, -18.448015213, -118.668083191, -75.7222976685, -15.536359787, 35.0344238281, 35.3715057373, 24.4411201477, 11.962594986], [-291.492706299, -426.723937988, -196.115539551, 52.2060012817, 175.196212769, 136.058166504, 95.4575653076, 49.9179878235, 55.2851142883, 81.4029693604, 66.5602264404, 54.2078514099, 30.1113853455], [-165.65852356, -550.114196777, -291.202941895, -18.448015213, 136.058166504, 245.188400269, 168.836349487, 95.6852722168, 117.462753296, 92.0616607666, 69.8909378052, 55.4277191162, 66.6396560669], [669.029907227, -356.447235107, -486.745574951, -118.668083191, 95.4575653076, 168.836349487, 209.417556763, 133.840637207, 103.334831238, 70.1325759888, 47.6905059814, 40.7031173706, 43.4812850952], [170.902877808, -134.103118896, -254.641494751, -75.7222976685, 49.9179878235, 95.6852722168, 133.840637207, 144.637039185, 101.691734314, 49.0801315308, 38.0191612244, 28.9980297089, 15.672451973], [-165.936080933, -309.154327393, -154.850860596, -15.536359787, 55.2851142883, 117.462753296, 103.334831238, 101.691734314, 113.938400269, 78.958366394, 50.6567192078, 32.7581558228, 35.5989227295], [-303.955047607, -367.029174805, -100.320198059, 35.0344238281, 81.4029693604, 92.0616607666, 70.1325759888, 49.0801315308, 78.958366394, 94.7071456909, 60.0825004578, 36.7157478333, 31.944021225], [-293.587493896, -269.889282227, -80.2010345459, 35.3715057373, 66.5602264404, 69.8909378052, 47.6905059814, 38.0191612244, 50.6567192078, 60.0825004578, 54.6562843323, 37.7422523499, 25.8046703339], [-207.424636841, -242.482467651, -69.0318527222, 24.4411201477, 54.2078514099, 55.4277191162, 40.7031173706, 28.9980297089, 32.7581558228, 36.7157478333, 37.7422523499, 47.4197006226, 31.327917099], [-32.4920654297, -255.155899048, -81.96434021, 11.962594986, 30.1113853455, 66.6396560669, 43.4812850952, 15.672451973, 35.5989227295, 31.944021225, 25.8046703339, 31.327917099, 46.4770507812]],
