{
"lowlevel": {
    "average_loudness": 0.931017875671,
    "barkbands_crest": {
        "dmean": 1.5369797945,
        "dmean2": 2.69610309601,
        "dvar": 1.87116754055,
        "dvar2": 6.02938270569,
        "max": 10.9837656021,
        "mean": 5.00551891327,
        "median": 4.78976869583,
        "min": 2.41434431076,
        "var": 3.34231162071
    },
    "barkbands_flatness_db": {
        "dmean": 0.0106588434428,
        "dmean2": 0.0181650295854,
        "dvar": 6.38207857264e-05,
        "dvar2": 0.000172317129909,
        "max": 0.11206587404,
        "mean": 0.0797692611814,
        "median": 0.0799570605159,
        "min": 0.0465162135661,
        "var": 0.000192697640159
    },
    "barkbands_kurtosis": {
        "dmean": 0.458822548389,
        "dmean2": 0.786596238613,
        "dvar": 0.329810023308,
        "dvar2": 0.830619633198,
        "max": 5.35541343689,
        "mean": 0.45007148385,
        "median": 0.0720875263214,
        "min": -1.26045656204,
        "var": 2.13341784477
    },
    "barkbands_skewness": {
        "dmean": 0.207290798426,
        "dmean2": 0.34367659688,
        "dvar": 0.0352585427463,
        "dvar2": 0.0914321392775,
        "max": 1.62686300278,
        "mean": 0.569098353386,
        "median": 0.518582761288,
        "min": -0.0928663685918,
        "var": 0.17862957716
    },
    "barkbands_spread": {
        "dmean": 2.8761074543,
        "dmean2": 5.00029850006,
        "dvar": 8.30557727814,
        "dvar2": 18.7781829834,
        "max": 41.4517669678,
        "mean": 24.1234054565,
        "median": 23.8319416046,
        "min": 11.4571228027,
        "var": 49.0263824463
    },
    "dissonance": {
        "dmean": 0.00986195448786,
        "dmean2": 0.0148718850687,
        "dvar": 0.000383262085961,
        "dvar2": 0.000400485791033,
        "max": 0.499874860048,
        "mean": 0.488940149546,
        "median": 0.494669675827,
        "min": 0.280536472797,
        "var": 0.000573052617256
    },
    "dynamic_complexity": 5.72856426239,
    "erbbands_crest": {
        "dmean": 1.57942152023,
        "dmean2": 2.7929353714,
        "dvar": 2.50136709213,
        "dvar2": 8.58729553223,
        "max": 14.3539104462,
        "mean": 6.20893335342,
        "median": 6.0137052536,
        "min": 3.31673622131,
        "var": 3.30632829666
    },
    "erbbands_flatness_db": {
        "dmean": 0.010981538333,
        "dmean2": 0.0182209853083,
        "dvar": 6.31474686088e-05,
        "dvar2": 0.000167804857483,
        "max": 0.210109606385,
        "mean": 0.170494645834,
        "median": 0.170343503356,
        "min": 0.110729768872,
        "var": 0.000333703821525
    },
    "erbbands_kurtosis": {
        "dmean": 0.584039330482,
        "dmean2": 0.994027376175,
        "dvar": 0.474842190742,
        "dvar2": 1.54660499096,
        "max": 6.01657772064,
        "mean": 0.988309979439,
        "median": 0.656795501709,
        "min": -0.411909580231,
        "var": 1.48229646683
    },
    "erbbands_skewness": {
        "dmean": 0.221966534853,
        "dmean2": 0.359626471996,
        "dvar": 0.0368852764368,
        "dvar2": 0.112018637359,
        "max": 1.80558121204,
        "mean": 0.750738680363,
        "median": 0.757254183292,
        "min": -0.0481907092035,
        "var": 0.143952250481
    },
    "erbbands_spread": {
        "dmean": 3.0501844883,
        "dmean2": 5.03025245667,
        "dvar": 5.89997434616,
        "dvar2": 16.5110855103,
        "max": 44.8234901428,
        "mean": 25.3342494965,
        "median": 25.1222438812,
        "min": 11.4082250595,
        "var": 42.8735618591
    },
    "hfc": {
        "dmean": 5.04789829254,
        "dmean2": 6.97354698181,
        "dvar": 35.875919342,
        "dvar2": 69.2616882324,
        "max": 112.973526001,
        "mean": 45.2462234497,
        "median": 39.7365989685,
        "min": 0.00858003366739,
        "var": 1479.8939209
    },
    "melbands_crest": {
        "dmean": 2.0853946209,
        "dmean2": 3.76017308235,
        "dvar": 3.96574544907,
        "dvar2": 13.2759532928,
        "max": 14.0684576035,
        "mean": 6.72021150589,
        "median": 6.40223121643,
        "min": 3.37745165825,
        "var": 4.95223474503
    },
    "melbands_flatness_db": {
        "dmean": 0.010027426295,
        "dmean2": 0.0163755826652,
        "dvar": 5.26924159203e-05,
        "dvar2": 0.000139397903695,
        "max": 0.150994688272,
        "mean": 0.0887673795223,
        "median": 0.0876098126173,
        "min": 0.0513293966651,
        "var": 0.000646319240332
    },
    "melbands_kurtosis": {
        "dmean": 0.894401729107,
        "dmean2": 1.46523332596,
        "dvar": 0.515900731087,
        "dvar2": 1.54325520992,
        "max": 7.91298007965,
        "mean": 2.51433157921,
        "median": 2.0599822998,
        "min": -0.130767345428,
        "var": 3.00277161598
    },
    "melbands_skewness": {
        "dmean": 0.261525660753,
        "dmean2": 0.424776256084,
        "dvar": 0.0340491756797,
        "dvar2": 0.0935628116131,
        "max": 1.85310077667,
        "mean": 1.04114127159,
        "median": 1.01124811172,
        "min": -0.0373602733016,
        "var": 0.140237405896
    },
    "melbands_spread": {
        "dmean": 4.96079111099,
        "dmean2": 8.04639720917,
        "dvar": 16.9383850098,
        "dvar2": 44.2588119507,
        "max": 68.8803863525,
        "mean": 35.0402450562,
        "median": 35.0709953308,
        "min": 13.8304100037,
        "var": 157.48600769
    },
    "pitch_salience": {
        "dmean": 0.0434638336301,
        "dmean2": 0.0764269903302,
        "dvar": 0.00144657702185,
        "dvar2": 0.00417081313208,
        "max": 0.830331981182,
        "mean": 0.747448205948,
        "median": 0.754403948784,
        "min": 0.54111301899,
        "var": 0.00192949012853
    },
    "silence_rate_20dB": {
        "dmean": 0,
        "dmean2": 0,
        "dvar": 0,
        "dvar2": 0,
        "max": 1,
        "mean": 1,
        "median": 1,
        "min": 1,
        "var": 0
    },
    "silence_rate_30dB": {
        "dmean": 0,
        "dmean2": 0,
        "dvar": 0,
        "dvar2": 0,
        "max": 1,
        "mean": 1,
        "median": 1,
        "min": 1,
        "var": 0
    },
    "silence_rate_60dB": {
        "dmean": 0.0111111113802,
        "dmean2": 0.0224719103426,
        "dvar": 0.0109876487404,
        "dvar2": 0.0219669174403,
        "max": 1,
        "mean": 0.296703308821,
        "median": 0,
        "min": 0,
        "var": 0.208670452237
    },
    "spectral_centroid": {
        "dmean": 137.131881714,
        "dmean2": 205.923233032,
        "dvar": 8092.60888672,
        "dvar2": 21323.4394531,
        "max": 3003.50756836,
        "mean": 2281.3347168,
        "median": 2373.63696289,
        "min": 1221.0958252,
        "var": 282726.875
    },
    "spectral_complexity": {
        "dmean": 2.8666665554,
        "dmean2": 4.37078666687,
        "dvar": 8.75999641418,
        "dvar2": 17.2445297241,
        "max": 53,
        "mean": 29.3516483307,
        "median": 38,
        "min": 0,
        "var": 357.524719238
    },
    "spectral_decrease": {
        "dmean": 4.61878951752e-10,
        "dmean2": 7.32592153607e-10,
        "dvar": 2.73896613115e-19,
        "dvar2": 8.10032796563e-19,
        "max": -9.48264361998e-13,
        "mean": -2.95024005226e-09,
        "median": -2.86665935434e-09,
        "min": -7.77656694595e-09,
        "var": 5.35465443369e-18
    },
    "spectral_energy": {
        "dmean": 0.00203973613679,
        "dmean2": 0.00319905835204,
        "dvar": 5.42350426258e-06,
        "dvar2": 1.49409424921e-05,
        "max": 0.036962017417,
        "mean": 0.0152388615534,
        "median": 0.0164093952626,
        "min": 4.35720357927e-06,
        "var": 0.000144903053297
    },
    "spectral_energyband_high": {
        "dmean": 0.000347616325598,
        "dmean2": 0.000417830451624,
        "dvar": 1.94037198753e-07,
        "dvar2": 4.07874892971e-07,
        "max": 0.0082668280229,
        "mean": 0.00267767882906,
        "median": 0.00232784287073,
        "min": 2.5258475489e-07,
        "var": 6.31597367828e-06
    },
    "spectral_energyband_low": {
        "dmean": 1.17445388241e-05,
        "dmean2": 1.99030564545e-05,
        "dvar": 1.28306781866e-10,
        "dvar2": 3.31958183164e-10,
        "max": 6.30315116723e-05,
        "mean": 1.75602235686e-05,
        "median": 1.29269201352e-05,
        "min": 8.01386931926e-07,
        "var": 2.13559378515e-10
    },
    "spectral_energyband_middle_high": {
        "dmean": 0.00186202314217,
        "dmean2": 0.00315947714262,
        "dvar": 5.51200082555e-06,
        "dvar2": 1.5710345906e-05,
        "max": 0.031163258478,
        "mean": 0.0109857367352,
        "median": 0.0112756304443,
        "min": 1.76423395715e-06,
        "var": 7.8747914813e-05
    },
    "spectral_energyband_middle_low": {
        "dmean": 0.000674092210829,
        "dmean2": 0.00120613444597,
        "dvar": 6.33391266547e-07,
        "dvar2": 1.77990921202e-06,
        "max": 0.00684639438987,
        "mean": 0.00158507889137,
        "median": 0.00132569216657,
        "min": 1.16018372864e-06,
        "var": 1.83018346434e-06
    },
    "spectral_entropy": {
        "dmean": 0.0576391331851,
        "dmean2": 0.0842074155807,
        "dvar": 0.00410715816543,
        "dvar2": 0.00595128070563,
        "max": 8.50172138214,
        "mean": 8.13127994537,
        "median": 8.13833332062,
        "min": 7.79716968536,
        "var": 0.0215696394444
    },
    "spectral_flux": {
        "dmean": 0.00514513673261,
        "dmean2": 0.00800966657698,
        "dvar": 2.14325755223e-05,
        "dvar2": 5.16651343787e-05,
        "max": 0.122446626425,
        "mean": 0.0672276392579,
        "median": 0.0739367008209,
        "min": 0.00705513218418,
        "var": 0.00146397342905
    },
    "spectral_kurtosis": {
        "dmean": 0.62523573637,
        "dmean2": 0.916497409344,
        "dvar": 0.34103962779,
        "dvar2": 0.639776945114,
        "max": 10.6587438583,
        "mean": 4.40941238403,
        "median": 3.93033838272,
        "min": 1.87492656708,
        "var": 3.81398105621
    },
    "spectral_rms": {
        "dmean": 0.000245307164732,
        "dmean2": 0.000371817790437,
        "dvar": 5.29380024261e-08,
        "dvar2": 1.24735294094e-07,
        "max": 0.00600503990427,
        "mean": 0.00335074937902,
        "median": 0.00400114571676,
        "min": 6.51991576888e-05,
        "var": 3.63965250472e-06
    },
    "spectral_rolloff": {
        "dmean": 772.563537598,
        "dmean2": 1294.1697998,
        "dvar": 908767.75,
        "dvar2": 2572021.25,
        "max": 10185.2050781,
        "mean": 4609.28808594,
        "median": 3423.77929688,
        "min": 1335.05859375,
        "var": 7429362
    },
    "spectral_skewness": {
        "dmean": 0.0855357497931,
        "dmean2": 0.133843585849,
        "dvar": 0.00481054373085,
        "dvar2": 0.0108532235026,
        "max": 2.66289687157,
        "mean": 1.81850278378,
        "median": 1.76491880417,
        "min": 1.42508363724,
        "var": 0.0708874687552
    },
    "spectral_spread": {
        "dmean": 415658.28125,
        "dmean2": 596720.5625,
        "dvar": 731504115712,
        "dvar2": 652240486400,
        "max": 14825932,
        "mean": 5860198.5,
        "median": 5789191.5,
        "min": 4361460,
        "var": 1.40143925658e+12
    },
    "spectral_strongpeak": {
        "dmean": 0.564345538616,
        "dmean2": 0.962359070778,
        "dvar": 0.347164422274,
        "dvar2": 0.951545357704,
        "max": 5.63451385498,
        "mean": 1.31772863865,
        "median": 1.32727968693,
        "min": 0,
        "var": 1.18042361736
    },
    "zerocrossingrate": {
        "dmean": 0.0124782985076,
        "dmean2": 0.0160748772323,
        "dvar": 0.000240135806962,
        "dvar2": 0.00021261702932,
        "max": 0.22314453125,
        "mean": 0.15438272059,
        "median": 0.1552734375,
        "min": 0.04736328125,
        "var": 0.00173087487929
    },
    "barkbands": {
        "dmean": [3.74460469175e-05, 1.4962528212e-06, 1.75189097718e-06, 1.82554299499e-06, 2.20102028834e-05, 8.31397483125e-05, 0.000106970459456, 0.000502247421537, 0.000259324791841, 0.000332202995196, 0.000840772874653, 0.000920897873584, 0.000598375918344, 0.000538356543984, 0.000271156750387, 0.000305217632558, 0.000352580711478, 0.000377993128495, 0.000387149542803, 0.00017680390738, 7.31599138817e-05, 3.94364033127e-05, 3.66040658264e-05, 0.000145713886013, 0.000158778202604, 4.05650462199e-05, 8.34115235193e-06],
        "dmean2": [6.34592288407e-05, 2.63648257715e-06, 3.10275095217e-06, 3.02647094941e-06, 3.71530622942e-05, 0.000142527060234, 0.00017989432672, 0.000892958720215, 0.000405403552577, 0.00054793083109, 0.00151233945508, 0.00161312357523, 0.00103215535637, 0.0010281316936, 0.000445790385129, 0.00051789014833, 0.000563072564546, 0.000635423406493, 0.000631242932286, 0.00028206105344, 0.000119520955195, 6.577984459e-05, 5.6075543398e-05, 0.000247881922405, 0.000236025764025, 7.27184233256e-05, 1.29128120534e-05],
        "dvar": [1.62332047804e-09, 1.50307728503e-12, 3.50910901899e-12, 3.94578814067e-12, 6.7738109566e-10, 1.20655476721e-08, 1.9230563808e-08, 4.43566904096e-07, 1.61902860896e-07, 1.78396604156e-07, 1.54478561853e-06, 2.03558875e-06, 5.39746281447e-07, 4.88372904783e-07, 1.16741063039e-07, 2.02423109386e-07, 2.98105220509e-07, 3.93337529658e-07, 2.55285243611e-07, 6.30431529203e-08, 8.93903884247e-09, 2.54593679472e-09, 2.35083019717e-09, 3.41212462729e-08, 4.35837073098e-08, 2.65886201944e-09, 8.72647371031e-11],
        "dvar2": [4.4410404243e-09, 4.02874782146e-12, 1.00510858317e-11, 1.11569789865e-11, 1.81200277005e-09, 3.08274366034e-08, 5.14722025002e-08, 1.52677864662e-06, 4.46989986358e-07, 4.52645224414e-07, 4.78593938169e-06, 6.52515018373e-06, 1.64035202488e-06, 1.77558888481e-06, 3.3995161175e-07, 5.50891172679e-07, 9.41324742598e-07, 1.15199622996e-06, 5.52450387659e-07, 1.52471343995e-07, 2.44290809803e-08, 7.79986120136e-09, 5.94786664365e-09, 8.14292135942e-08, 8.11854690141e-08, 8.1406925645e-09, 2.43699838087e-10],
        "max": [0.000210457365029, 7.91008096712e-06, 1.25401875266e-05, 1.38617433549e-05, 0.00021542594186, 0.000611469440628, 0.000924815423787, 0.00356508186087, 0.00317278224975, 0.00286817667075, 0.00752127403393, 0.0134351616725, 0.00467468611896, 0.00434316368774, 0.00261275609955, 0.00362631166354, 0.00465603126213, 0.00537457689643, 0.00446784729138, 0.00226204097271, 0.000925460190047, 0.000606195942964, 0.000442259653937, 0.00210284814239, 0.00307347788475, 0.000529582903255, 0.000136054848554],
        "mean": [3.71043897758e-05, 2.33178707276e-06, 1.78431764652e-06, 2.41474617724e-06, 3.65137348126e-05, 0.000134027417516, 0.000173648906639, 0.000643939070869, 0.00051629653899, 0.000691820459906, 0.00148134632036, 0.0017730074469, 0.00117439567111, 0.000890178838745, 0.000730154744815, 0.000871264259331, 0.000909419031814, 0.00104659807403, 0.00109913514461, 0.000574877543841, 0.000294156896416, 0.000163099524798, 0.000129187217681, 0.00063792266883, 0.000990474713035, 0.00018268727581, 4.77230205433e-05],
        "median": [2.15566142288e-05, 1.86107592981e-06, 1.05421145236e-06, 1.58899149483e-06, 2.64226800937e-05, 8.97543941392e-05, 0.000106126462924, 0.000359467638191, 0.000319381448207, 0.000458331342088, 0.00107637210749, 0.00136063154787, 0.000757131900173, 0.000638451077975, 0.000705966667738, 0.000758533773478, 0.00059524574317, 0.000839998247102, 0.000942464859691, 0.000419279502239, 0.000226906122407, 9.27000874071e-05, 9.01474704733e-05, 0.000481254741317, 0.000917962403037, 0.00018337770598, 4.64103104605e-05],
        "min": [4.49958889703e-07, 3.69377744391e-07, 4.69430787575e-08, 2.1030693631e-08, 2.6787574825e-07, 4.0584245653e-07, 2.25654218866e-07, 2.17003268688e-08, 7.21813364635e-08, 1.57279927748e-07, 1.33554166837e-07, 3.91884810824e-07, 5.60951207262e-07, 3.08966178864e-07, 8.65832490149e-08, 4.14424370376e-08, 6.92137760439e-08, 1.96503240346e-08, 1.05353894497e-08, 1.79221970598e-08, 5.68475542195e-08, 1.23514096728e-08, 2.05353511973e-08, 3.22532187624e-08, 2.12964135216e-08, 2.09323118838e-08, 1.01717375856e-07],
        "var": [2.05228367633e-09, 2.13714896474e-12, 4.46331686887e-12, 5.854862168e-12, 1.33359223664e-09, 1.87403337293e-08, 4.10743226098e-08, 5.32998853942e-07, 3.25486979591e-07, 4.59755938209e-07, 2.61645527644e-06, 4.91429909744e-06, 1.57102203957e-06, 8.89180967079e-07, 4.12495950286e-07, 7.26944278995e-07, 8.8281291255e-07, 1.11193423891e-06, 1.21665448205e-06, 3.42705959611e-07, 7.3077991658e-08, 2.8671887975e-08, 1.56908228632e-08, 3.82457784553e-07, 9.06644231691e-07, 2.96635569441e-08, 1.67592650868e-09]
    },
    "erbbands": {
        "dmean": [0.000162389027537, 0.000195118729607, 0.00133729341906, 0.00443147309124, 0.0198102910072, 0.0870774835348, 0.563709497452, 0.596348702908, 1.00037074089, 7.90775156021, 6.33089113235, 5.47107315063, 7.10953235626, 16.5787944794, 35.7124176025, 44.0675392151, 27.9635734558, 28.791595459, 16.4679737091, 15.0660686493, 16.716468811, 17.541595459, 21.9081459045, 18.1486377716, 15.971200943, 8.24132919312, 3.27787709236, 3.74299860001, 1.20601665974, 1.37211835384, 1.00036120415, 2.2566177845, 2.74999904633, 1.71882581711, 1.59108734131, 0.304890841246, 0.031079955399, 0.0105057219043, 0.00125327543356, 4.62892785436e-05],
        "dmean2": [0.000283133471385, 0.000334466225468, 0.00238411151804, 0.00739307841286, 0.0329453870654, 0.153790995479, 0.99387139082, 1.0262721777, 1.7084069252, 14.4435310364, 11.3621959686, 8.74652194977, 11.6479740143, 27.7333469391, 64.0085906982, 78.4457092285, 49.1879730225, 54.0873680115, 28.246099472, 26.3281497955, 29.8156871796, 29.7351264954, 37.4214286804, 28.9880619049, 27.1819858551, 13.5030298233, 5.17093038559, 6.55584859848, 1.85056090355, 2.33444738388, 1.63992726803, 3.88810229301, 4.64348220825, 2.60694599152, 2.47079658508, 0.477858096361, 0.0507954806089, 0.0172336753458, 0.00200836663134, 6.96515562595e-05],
        "dvar": [2.0013418478e-08, 3.50281013084e-08, 1.79018195468e-06, 2.67650211754e-05, 0.000618682825007, 0.00843574944884, 0.685777723789, 0.636173844337, 1.70730781555, 132.931167603, 60.1858978271, 58.8500366211, 83.5250396729, 343.171203613, 2375.24291992, 5478.43994141, 1199.59863281, 1458.06713867, 419.210205078, 373.400604248, 539.908630371, 596.673461914, 1010.84375, 543.451477051, 532.524108887, 132.635726929, 14.3428182602, 20.51197052, 2.34452271461, 3.05969572067, 1.8653857708, 9.76684188843, 13.6235542297, 5.96891021729, 3.6539850235, 0.138403087854, 0.00161149504129, 0.00014432783064, 2.28580097428e-06, 2.68108335533e-09],
        "dvar2": [5.57689929792e-08, 9.51459000476e-08, 4.91951323056e-06, 7.28487211745e-05, 0.00168286671396, 0.0210095643997, 2.02343463898, 1.51323258877, 4.37727403641, 412.583129883, 208.469543457, 153.67829895, 214.836044312, 903.559143066, 7669.54931641, 17918.6074219, 3936.20336914, 5240.25048828, 1156.71472168, 1050.40222168, 1498.52636719, 1717.39831543, 2786.40014648, 1272.65673828, 1100.72192383, 332.413085938, 41.6129493713, 58.7563018799, 5.50617361069, 9.91164875031, 4.51162672043, 23.0149669647, 31.5338935852, 11.9795017242, 9.46827507019, 0.375871479511, 0.00489929644391, 0.000455192930531, 5.79160678171e-06, 4.51150805603e-09],
        "max": [0.000878673046827, 0.00112835329492, 0.00974852684885, 0.0373778641224, 0.183322295547, 0.615434348583, 4.88666963577, 5.80099821091, 11.1967515945, 60.5051002502, 41.3664894104, 60.7644920349, 84.2755050659, 123.665870667, 322.328460693, 652.588317871, 223.876266479, 256.274688721, 143.248245239, 158.03175354, 195.951751709, 215.030014038, 248.497085571, 211.799377441, 193.24508667, 108.933921814, 41.6897468567, 37.7808113098, 20.2274074554, 15.7490167618, 13.9553031921, 36.0342063904, 44.5928459167, 32.0102043152, 25.8571529388, 4.92731285095, 0.503489792347, 0.141329228878, 0.0221669841558, 0.000874113116879],
        "mean": [0.000225225609029, 0.000314432865707, 0.00147511833347, 0.00628080591559, 0.0294555667788, 0.131339177489, 0.65238904953, 1.00240075588, 2.04051065445, 9.73028278351, 9.88941192627, 11.0139055252, 16.5633602142, 35.285949707, 60.215927124, 84.4791412354, 58.1225318909, 49.647857666, 38.0287513733, 42.4653625488, 49.3070793152, 50.2719764709, 57.4727096558, 59.7177772522, 48.6398353577, 27.751493454, 11.9738864899, 11.95429039, 5.87434720993, 4.47615814209, 4.08316087723, 10.0264205933, 11.4877538681, 9.66322040558, 7.84188461304, 1.700735569, 0.175116166472, 0.0488995052874, 0.00757112400606, 0.000379940669518],
        "median": [0.000176170593477, 0.000257273175521, 0.000932536961045, 0.00424525421113, 0.0220143049955, 0.0901182219386, 0.345222711563, 0.649109184742, 1.34635901451, 6.00833034515, 6.88215112686, 6.58514118195, 12.7791433334, 29.6253070831, 53.4281845093, 57.1702651978, 52.2219161987, 33.7076377869, 34.8372497559, 45.3720092773, 41.1406669617, 34.2466621399, 45.9743995667, 46.883934021, 40.8990211487, 19.2493400574, 9.56610107422, 10.1839427948, 3.84717512131, 2.92243170738, 2.93184423447, 7.67769193649, 9.20769405365, 9.57929229736, 6.28794288635, 1.56802809238, 0.175650656223, 0.0458318479359, 0.00616612751037, 0.000305469613522],
        "min": [2.02665960387e-05, 5.16924628755e-05, 8.12485232018e-05, 0.000109875836642, 0.000442836375441, 0.00089150632266, 0.00210518296808, 0.00357008632272, 0.00389998406172, 0.00150680996012, 0.000596328289248, 0.00138650718145, 0.00452881399542, 0.00355181936175, 0.00905578397214, 0.0182669423521, 0.0266191158444, 0.0206508729607, 0.00792926643044, 0.0020135617815, 0.00239908602089, 0.0038093153853, 0.00142903591041, 0.000852113007568, 0.000480812770547, 0.00082581746392, 0.00236656237394, 0.00149082124699, 0.000449397048214, 0.000364844367141, 0.000673711940181, 0.000230898833252, 0.000812101003248, 0.000355307332939, 0.000119565076602, 6.02572436037e-05, 3.19829996442e-05, 2.83696554106e-05, 7.07389835952e-06, 2.12567897506e-06],
        "var": [3.11985175472e-08, 4.39922978046e-08, 2.37011113313e-06, 3.93936934415e-05, 0.000893219723366, 0.0162806604058, 0.704663097858, 1.07411289215, 5.05265855789, 143.746032715, 94.6094055176, 136.562545776, 235.224655151, 1007.48815918, 3630.10644531, 11200.5107422, 3424.57104492, 2650.28100586, 1113.88647461, 1437.18774414, 2320.81347656, 2497.92236328, 3326.45507812, 3339.17041016, 2461.0534668, 797.514404297, 129.843734741, 127.84602356, 34.0057449341, 20.6536407471, 15.3502235413, 89.6066589355, 132.325195312, 86.3554229736, 58.1950340271, 2.56532430649, 0.026820987463, 0.00202374369837, 4.65073062514e-05, 7.2165782683e-08]
    },
    "gfcc": {
        "mean": [-19.1579875946, -24.1148586273, -165.302642822, -32.7907371521, -67.1988220215, 7.1829457283, -40.5438652039, 16.994184494, -28.3910560608, 6.39725446701, -2.75957274437, 0.399860352278, -1.35976707935],
        "cov": [[10864.7236328, -3113.34594727, -2019.39135742, 313.183654785, -1002.96118164, -163.571029663, -1261.67297363, 778.269958496, -907.427612305, 196.879684448, -143.45854187, 485.725463867, -408.45425415], [-3113.34594727, 1071.02844238, 565.358276367, -115.633560181, 274.734802246, 45.1246948242, 378.222015381, -231.249633789, 275.778717041, -61.388584137, 31.5016326904, -172.316619873, 94.3675918579], [-2019.39135742, 565.358276367, 477.40637207, -27.3381881714, 191.083206177, 12.3615684509, 235.553619385, -129.934631348, 175.330429077, -31.0140571594, 23.0884666443, -91.0731048584, 72.5273513794], [313.183654785, -115.633560181, -27.3381881714, 51.5875778198, -16.569234848, -6.08380937576, -51.2703781128, 21.7652664185, -33.7600975037, 8.64876937866, -8.74217700958, 16.3882427216, -19.7004947662], [-1002.96118164, 274.734802246, 191.083206177, -16.569234848, 135.498809814, 31.4540882111, 123.392082214, -80.1482620239, 81.6981964111, -19.7977542877, 13.0663232803, -41.1277542114, 33.0249404907], [-163.571029663, 45.1246948242, 12.3615684509, -6.08380937576, 31.4540882111, 30.435874939, 24.5753822327, -13.9803361893, 11.4538373947, -1.28280186653, -0.452674537897, -8.84888744354, 2.25801539421], [-1261.67297363, 378.222015381, 235.553619385, -51.2703781128, 123.392082214, 24.5753822327, 196.231018066, -70.0289916992, 129.894363403, -25.4401473999, 15.3598880768, -68.0006790161, 48.4243812561], [778.269958496, -231.249633789, -129.934631348, 21.7652664185, -80.1482620239, -13.9803361893, -70.0289916992, 95.8036804199, -44.0164756775, 16.7095661163, -11.5743494034, 33.9799079895, -26.3649654388], [-907.427612305, 275.778717041, 175.330429077, -33.7600975037, 81.6981964111, 11.4538373947, 129.894363403, -44.0164756775, 116.230194092, -6.19570970535, 18.0369949341, -49.9323692322, 34.7481155396], [196.879684448, -61.388584137, -31.0140571594, 8.64876937866, -19.7977542877, -1.28280186653, -25.4401473999, 16.7095661163, -6.19570970535, 22.6908760071, 9.30173587799, 13.5092220306, -7.66971921921], [-143.45854187, 31.5016326904, 23.0884666443, -8.74217700958, 13.0663232803, -0.452674537897, 15.3598880768, -11.5743494034, 18.0369949341, 9.30173587799, 28.3972988129, 12.1579875946, 16.9135131836], [485.725463867, -172.316619873, -91.0731048584, 16.3882427216, -41.1277542114, -8.84888744354, -68.0006790161, 33.9799079895, -49.9323692322, 13.5092220306, 12.1579875946, 58.2685890198, -1.10140097141], [-408.45425415, 94.3675918579, 72.5273513794, -19.7004947662, 33.0249404907, 2.25801539421, 48.4243812561, -26.3649654388, 34.7481155396, -7.66971921921, 16.9135131836, -1.10140097141, 55.8797454834]],
        "icov": [[0.00218348577619, 0.00146153336391, 0.00341956294142, -0.000477179564768, 0.000240345383645, 0.00283043226227, 0.00156368804164, -0.00505628436804, 0.00352538889274, -0.00344193424098, 0.000974521215539, 0.00062496366445, 0.00194110930897], [0.00146153336391, 0.00819647219032, -0.000885043642484, 0.00408846884966, 0.0025724445004, -0.00075071118772, -0.000667064567097, 0.00435172114521, -0.00367395509966, 0.00343955308199, -0.00184633326717, 0.00442284857854, 0.00397534156218], [0.00341956294142, -0.000885043642484, 0.0173327662051, -0.0106082381681, -0.00604734616354, 0.0155838476494, -0.0035991105251, -0.00597625877708, 0.00325933634304, -0.0105992145836, 0.00570066692308, 0.000363640312571, -0.00170283112675], [-0.000477179564768, 0.00408846884966, -0.0106082381681, 0.047460924834, -0.0168211553246, 0.00436553824693, 0.0161095410585, -0.00781036308035, 0.00469006085768, -0.00979872513562, 0.00773167982697, 0.00306946202181, 0.00568718463182], [0.000240345383645, 0.0025724445004, -0.00604734616354, -0.0168211553246, 0.0508159808815, -0.0319376289845, -0.0147978775203, 0.0236841700971, -0.0137664303184, 0.0204308852553, -0.00380837428384, -0.0147910667583, 0.00681351870298], [0.00283043226227, -0.00075071118772, 0.0155838476494, 0.00436553824693, -0.0319376289845, 0.0704164206982, -0.00700445706025, -0.011191656813, 0.0179731491953, -0.0358207672834, 0.0185321047902, 0.0036290877033, -0.00154198182281], [0.00156368804164, -0.000667064567097, -0.0035991105251, 0.0161095410585, -0.0147978775203, -0.00700445706025, 0.0479471348226, -0.0190255492926, -0.0161681529135, 0.018827971071, -0.0111928014085, 0.0144500732422, -0.00228017894551], [-0.00505628436804, 0.00435172114521, -0.00597625877708, -0.00781036308035, 0.0236841700971, -0.011191656813, -0.0190255492926, 0.0565560758114, -0.0290424507111, 0.00656216219068, 0.0182953160256, -0.0224567297846, 0.00330141722225], [0.00352538889274, -0.00367395509966, 0.00325933634304, 0.00469006085768, -0.0137664303184, 0.0179731491953, -0.0161681529135, -0.0290424507111, 0.0697544664145, -0.0382214598358, -0.0149642899632, 0.0262399222702, -0.00646093394607], [-0.00344193424098, 0.00343955308199, -0.0105992145836, -0.00979872513562, 0.0204308852553, -0.0358207672834, 0.018827971071, 0.00656216219068, -0.0382214598358, 0.119906552136, -0.0576369725168, 0.00390327069908, 0.0132353445515], [0.000974521215539, -0.00184633326717, 0.00570066692308, 0.00773167982697, -0.00380837428384, 0.0185321047902, -0.0111928014085, 0.0182953160256, -0.0149642899632, -0.0576369725168, 0.111463963985, -0.053322378546, -0.00799260381609], [0.00062496366445, 0.00442284857854, 0.000363640312571, 0.00306946202181, -0.0147910667583, 0.0036290877033, 0.0144500732422, -0.0224567297846, 0.0262399222702, 0.00390327069908, -0.053322378546, 0.0772320702672, -0.0149330366403], [0.00194110930897, 0.00397534156218, -0.00170283112675, 0.00568718463182, 0.00681351870298, -0.00154198182281, -0.00228017894551, 0.00330141722225, -0.00646093394607, 0.0132353445515, -0.00799260381609, -0.0149330366403, 0.0371141508222]]
    },
    "melbands": {
        "dmean": [2.26593965635e-06, 5.39513280273e-07, 9.11695678951e-07, 3.70452335119e-06, 1.5150730178e-05, 1.47569926412e-05, 1.54103927343e-05, 0.000102985104604, 4.30732325185e-05, 3.83987608075e-05, 3.8081961975e-05, 6.72466558171e-05, 0.000127340375911, 8.56023470988e-05, 0.000105444560177, 4.43674944108e-05, 6.01747342444e-05, 3.03365086438e-05, 2.21557165787e-05, 2.44446819124e-05, 2.20593392442e-05, 1.9424891434e-05, 2.54002534348e-05, 1.78852642421e-05, 1.66485970112e-05, 1.50074019984e-05, 1.0200484212e-05, 5.31588557351e-06, 2.66211122835e-06, 3.08288144879e-06, 2.52338918472e-06, 8.7072317001e-07, 7.75330704528e-07, 8.20268041934e-07, 5.95498590883e-07, 1.07449113784e-06, 1.73402372639e-06, 2.15922273128e-06, 1.86919726275e-06, 1.92827678802e-06],
        "dmean2": [3.94408471038e-06, 9.592394008e-07, 1.5292862372e-06, 6.11428049524e-06, 2.6525283829e-05, 2.57450556091e-05, 2.61107852566e-05, 0.000185879514902, 7.72262064856e-05, 6.28881462035e-05, 6.32327646599e-05, 0.000109568434709, 0.000229670491535, 0.000158720533364, 0.000187773403013, 7.59843896958e-05, 0.000113014990347, 5.10542049597e-05, 3.69868103007e-05, 4.39099167124e-05, 3.97233161493e-05, 3.18194979627e-05, 4.30095133197e-05, 3.06000692945e-05, 2.6751526093e-05, 2.55712839135e-05, 1.67605066963e-05, 8.65777292347e-06, 4.654352324e-06, 5.21898437e-06, 4.39772475147e-06, 1.26183692828e-06, 1.38055963816e-06, 1.34383049044e-06, 9.32287264277e-07, 1.77379820343e-06, 2.81119400825e-06, 3.52948927684e-06, 2.80064432445e-06, 3.03758338305e-06],
        "dvar": [4.2648128952e-12, 2.52469079714e-13, 8.93167430207e-13, 1.61621462741e-11, 4.9384779599e-10, 3.82622572515e-10, 3.4832636775e-10, 2.1081877577e-08, 2.67699240553e-09, 3.54749962739e-09, 2.5557678196e-09, 5.45273648456e-09, 3.26236033743e-08, 1.42612757159e-08, 2.96295468161e-08, 2.87122925435e-09, 6.69945299236e-09, 1.61882907079e-09, 8.76485106716e-10, 1.11999098884e-09, 8.70464533786e-10, 6.74738265261e-10, 1.32404642805e-09, 8.16764322842e-10, 4.5224352041e-10, 4.76450157105e-10, 1.53258780666e-10, 5.84157167083e-11, 1.27254257479e-11, 1.50223358059e-11, 1.112913494e-11, 1.09372591279e-12, 1.03046813704e-12, 1.08971696684e-12, 6.2179449957e-13, 1.52112198705e-12, 6.54040103326e-12, 7.87915999806e-12, 5.32550869722e-12, 8.03758969103e-12],
        "dvar2": [1.0583986812e-11, 6.76179327374e-13, 2.38978628553e-12, 4.51096833498e-11, 1.44963863136e-09, 8.99068541838e-10, 8.59205040449e-10, 6.83366963017e-08, 8.86512019349e-09, 9.71416813655e-09, 6.40171471389e-09, 1.47834349207e-08, 1.02485003595e-07, 4.78955044514e-08, 9.57354870934e-08, 9.17318843108e-09, 2.45018814127e-08, 4.3620764778e-09, 2.69042588208e-09, 3.40946826327e-09, 2.43773090602e-09, 2.07275152597e-09, 3.70402553074e-09, 2.35448349706e-09, 1.10970754807e-09, 9.82057768439e-10, 4.10590700328e-10, 1.52097487383e-10, 3.75360575955e-11, 4.47665932102e-11, 3.2757692392e-11, 2.60742707807e-12, 3.29225383934e-12, 3.36057332136e-12, 1.47406707066e-12, 4.34001706101e-12, 1.62741990023e-11, 2.06532950464e-11, 1.44782354508e-11, 1.74785567963e-11],
        "max": [1.25192045743e-05, 3.71181931769e-06, 6.764056252e-06, 2.79395972029e-05, 0.000127509032609, 0.000135451875394, 0.000169154402101, 0.000761854695156, 0.000302480650134, 0.00046464294428, 0.000467283272883, 0.000467787700472, 0.00108359137084, 0.000971028173808, 0.00149589183275, 0.000401716562919, 0.000543483882211, 0.000265187467448, 0.000212513696169, 0.000239056564169, 0.000222260103328, 0.000184923585039, 0.00030354509363, 0.000241685600486, 0.000180664312211, 0.00017987418687, 0.000106563529698, 6.40262442175e-05, 2.88814990199e-05, 3.04982731905e-05, 2.22810194828e-05, 1.39537769428e-05, 9.11928964342e-06, 8.17198451841e-06, 7.40745372241e-06, 1.14155755e-05, 2.7441250495e-05, 3.06056645059e-05, 2.63062702288e-05, 3.1889660022e-05],
        "mean": [3.05756975649e-06, 6.48298509986e-07, 1.35226514431e-06, 4.97271230415e-06, 1.8404551156e-05, 2.486514677e-05, 3.11121002596e-05, 0.000127474835608, 7.19569216017e-05, 7.35391877242e-05, 8.63782988745e-05, 0.000135319860419, 0.000208663215744, 0.000180826405995, 0.000199914968107, 0.000100093020592, 9.22442122828e-05, 6.00663624937e-05, 5.54680846108e-05, 5.96139980189e-05, 5.72092176299e-05, 4.98311674164e-05, 5.39255161129e-05, 4.9167425459e-05, 4.87642755616e-05, 3.97922885895e-05, 2.78564202745e-05, 1.6184128981e-05, 7.04859348843e-06, 7.71082613937e-06, 6.49015692034e-06, 3.40574888469e-06, 2.69368683803e-06, 2.33452988141e-06, 1.95589473151e-06, 3.61222123502e-06, 7.111281775e-06, 8.22991751193e-06, 7.19570653018e-06, 8.86873112904e-06],
        "median": [2.36421669797e-06, 4.88878697524e-07, 8.76923309079e-07, 3.36860966854e-06, 1.23033496493e-05, 1.5675319446e-05, 1.90469181689e-05, 7.14431153028e-05, 5.72224598727e-05, 3.91389075958e-05, 6.3162544393e-05, 9.75010771072e-05, 0.000156346155563, 0.000144489720697, 0.00011024982814, 8.91759700608e-05, 6.17095865891e-05, 5.45297189092e-05, 4.85990385641e-05, 4.92975595989e-05, 4.56256966572e-05, 3.31263872795e-05, 3.88461776311e-05, 4.17105911765e-05, 4.03016820201e-05, 3.30797083734e-05, 1.99411570065e-05, 1.08095628093e-05, 5.33892762178e-06, 5.84110284763e-06, 4.86842645842e-06, 2.00728550226e-06, 1.47997423028e-06, 1.54962378929e-06, 1.28817839595e-06, 3.06179708787e-06, 5.3620806284e-06, 6.12652138443e-06, 5.94657376496e-06, 8.42749795993e-06],
        "min": [1.7099874583e-07, 5.45426388499e-08, 3.19641628721e-08, 5.17336644634e-08, 6.72816184988e-08, 8.08220121939e-08, 5.6353307798e-08, 1.22237509004e-08, 4.33100888486e-09, 1.0378667703e-08, 2.36674644327e-08, 1.43934189012e-08, 2.27919034756e-08, 3.86754486215e-08, 6.34922372456e-08, 5.15972828907e-08, 3.55458524837e-08, 1.26774635234e-08, 3.4599112464e-09, 2.64626520696e-09, 2.80862400004e-09, 3.95924448782e-09, 2.65231148155e-09, 8.94905538562e-10, 6.71622035764e-10, 3.05955788482e-10, 3.84336312775e-10, 5.72782044017e-10, 9.7321251058e-10, 2.30742558394e-09, 4.16518153301e-10, 2.4746130145e-10, 2.11258552318e-10, 2.09882305979e-10, 4.68805494425e-10, 1.93517687985e-10, 9.1951973813e-11, 4.25586343944e-10, 7.56598284024e-10, 1.56009274943e-10],
        "var": [7.2256298167e-12, 3.49145734026e-13, 1.54197184535e-12, 2.64400341898e-11, 5.29355337342e-10, 6.70426214544e-10, 1.1494796226e-09, 2.32352714846e-08, 4.48854731161e-09, 6.90333967768e-09, 6.80854173041e-09, 1.53980028728e-08, 4.97927956644e-08, 3.65763099808e-08, 6.14154274103e-08, 9.09441943975e-09, 1.02903978672e-08, 3.15282400187e-09, 2.4544599686e-09, 3.11088110827e-09, 3.37076255796e-09, 2.51227261217e-09, 3.43692119209e-09, 2.36359132266e-09, 2.30728836037e-09, 1.7622729942e-09, 7.65451757534e-10, 2.96664970367e-10, 5.10471387383e-11, 5.77752498621e-11, 4.2579301196e-11, 1.312516415e-11, 7.30617996658e-12, 5.77114658146e-12, 3.89889119254e-12, 1.0974510363e-11, 4.77670958343e-11, 7.03587119122e-11, 4.86757995022e-11, 7.57289161935e-11]
    },
    "mfcc": {
        "mean": [-656.405029297, 46.4691810608, -53.3928565979, -36.7762374878, -13.3669900894, -22.8194236755, 5.02493810654, -6.94673728943, -2.82287049294, -1.24990487099, -0.3152166605, 5.78303527832, 0.831521689892],
        "cov": [[12397.9775391, -3425.26660156, -1462.59509277, -248.646835327, -129.249008179, -1136.12280273, -252.196121216, -101.038291931, -556.445556641, -529.325927734, 57.6888198853, -171.510345459, 334.242584229], [-3425.26660156, 1124.97790527, 391.664581299, 46.6809959412, 9.98490428925, 317.339141846, 69.6382522583, 26.9083251953, 169.135238647, 172.935836792, -5.8210606575, 54.3040351868, -107.868080139], [-1462.59509277, 391.664581299, 253.970657349, 67.7651138306, 20.9559078217, 116.739257812, 22.202413559, 8.1706905365, 70.8993835449, 63.7522773743, 1.70802175999, 18.3384037018, -26.1157684326], [-248.646835327, 46.6809959412, 67.7651138306, 49.3550872803, 17.1675834656, 18.5834655762, 3.53806424141, 2.80069351196, 10.8206481934, 9.01034355164, 3.21092200279, 1.06459534168, 1.3995398283], [-129.249008179, 9.98490428925, 20.9559078217, 17.1675834656, 42.5268745422, 31.7415981293, 5.21926832199, -3.63166093826, -4.61483716965, -4.83258533478, -0.705855250359, 1.11491775513, 0.800879359245], [-1136.12280273, 317.339141846, 116.739257812, 18.5834655762, 31.7415981293, 146.425460815, 33.6679458618, 4.09814929962, 42.7818641663, 41.9083518982, -0.270848840475, 22.8238143921, -35.8124237061], [-252.196121216, 69.6382522583, 22.202413559, 3.53806424141, 5.21926832199, 33.6679458618, 26.6759204865, 9.21601676941, 15.9452648163, 11.660243988, -1.94462823868, 2.38933706284, -5.24993371964], [-101.038291931, 26.9083251953, 8.1706905365, 2.80069351196, -3.63166093826, 4.09814929962, 9.21601676941, 27.6814231873, 20.0016403198, 10.7161769867, 5.55302238464, 3.11096096039, 2.08394408226], [-556.445556641, 169.135238647, 70.8993835449, 10.8206481934, -4.61483716965, 42.7818641663, 15.9452648163, 20.0016403198, 63.5216140747, 47.7907981873, 1.03879141808, 9.61487388611, -17.3209075928], [-529.325927734, 172.935836792, 63.7522773743, 9.01034355164, -4.83258533478, 41.9083518982, 11.660243988, 10.7161769867, 47.7907981873, 55.3746795654, 8.68026065826, 12.3698692322, -18.5857715607], [57.6888198853, -5.8210606575, 1.70802175999, 3.21092200279, -0.705855250359, -0.270848840475, -1.94462823868, 5.55302238464, 1.03879141808, 8.68026065826, 25.3512458801, 14.1321897507, 6.56827306747], [-171.510345459, 54.3040351868, 18.3384037018, 1.06459534168, 1.11491775513, 22.8238143921, 2.38933706284, 3.11096096039, 9.61487388611, 12.3698692322, 14.1321897507, 29.6105690002, 4.12004756927], [334.242584229, -107.868080139, -26.1157684326, 1.3995398283, 0.800879359245, -35.8124237061, -5.24993371964, 2.08394408226, -17.3209075928, -18.5857715607, 6.56827306747, 4.12004756927, 36.0805091858]],
