{
"lowlevel": {
    "average_loudness": 0.99068403244,
    "barkbands_crest": {
        "dmean": 3.66358375549,
        "dmean2": 6.17086744308,
        "dvar": 8.48613262177,
        "dvar2": 25.2958717346,
        "max": 26.0819683075,
        "mean": 14.8014707565,
        "median": 13.1114044189,
        "min": 5.94073343277,
        "var": 30.1209335327
    },
    "barkbands_flatness_db": {
        "dmean": 0.0387024655938,
        "dmean2": 0.0468772947788,
        "dvar": 0.00162075844128,
        "dvar2": 0.00240710843354,
        "max": 0.514801800251,
        "mean": 0.324046820402,
        "median": 0.322979301214,
        "min": 0.170851305127,
        "var": 0.00443112011999
    },
    "barkbands_kurtosis": {
        "dmean": 25.9616069794,
        "dmean2": 32.1042366028,
        "dvar": 3285.18212891,
        "dvar2": 5475.98486328,
        "max": 414.25100708,
        "mean": 32.1850967407,
        "median": 6.37452888489,
        "min": -0.769794940948,
        "var": 5235.26171875
    },
    "barkbands_skewness": {
        "dmean": 1.28204584122,
        "dmean2": 1.67926430702,
        "dvar": 2.5686647892,
        "dvar2": 3.43795394897,
        "max": 16.2049694061,
        "mean": 2.78477287292,
        "median": 1.92840087414,
        "min": -0.827023625374,
        "var": 11.6029224396
    },
    "barkbands_spread": {
        "dmean": 1.17849493027,
        "dmean2": 1.60756421089,
        "dvar": 1.43371021748,
        "dvar2": 2.95238876343,
        "max": 9.5864906311,
        "mean": 3.0111682415,
        "median": 2.74166846275,
        "min": 0.140466272831,
        "var": 4.17955064774
    },
    "dissonance": {
        "dmean": 0.0451454631984,
        "dmean2": 0.0724422037601,
        "dvar": 0.00128598394804,
        "dvar2": 0.00273343292065,
        "max": 0.45710799098,
        "mean": 0.331431478262,
        "median": 0.344894677401,
        "min": 0.206380486488,
        "var": 0.00422520609573
    },
    "dynamic_complexity": 5.57334709167,
    "erbbands_crest": {
        "dmean": 4.39598464966,
        "dmean2": 7.40783309937,
        "dvar": 10.6902713776,
        "dvar2": 25.1208839417,
        "max": 27.3314552307,
        "mean": 15.4101829529,
        "median": 13.5722398758,
        "min": 5.56163311005,
        "var": 33.0674514771
    },
    "erbbands_flatness_db": {
        "dmean": 0.0337060801685,
        "dmean2": 0.0447940975428,
        "dvar": 0.00127204973251,
        "dvar2": 0.00173299200833,
        "max": 0.44230145216,
        "mean": 0.343947172165,
        "median": 0.357293099165,
        "min": 0.19645498693,
        "var": 0.00311945169233
    },
    "erbbands_kurtosis": {
        "dmean": 7.09479904175,
        "dmean2": 9.11077785492,
        "dvar": 147.357162476,
        "dvar2": 244.792251587,
        "max": 102.532852173,
        "mean": 9.52778911591,
        "median": 2.88982725143,
        "min": -0.816846609116,
        "var": 311.95880127
    },
    "erbbands_skewness": {
        "dmean": 0.784075498581,
        "dmean2": 1.08972322941,
        "dvar": 0.461200118065,
        "dvar2": 0.826801776886,
        "max": 7.81289815903,
        "mean": 1.49420034885,
        "median": 1.21038532257,
        "min": -1.34026288986,
        "var": 3.59823346138
    },
    "erbbands_spread": {
        "dmean": 3.06659936905,
        "dmean2": 4.27610397339,
        "dvar": 11.3975734711,
        "dvar2": 22.9618663788,
        "max": 27.9608154297,
        "mean": 7.74654769897,
        "median": 6.6065158844,
        "min": 1.06645894051,
        "var": 24.8424625397
    },
    "hfc": {
        "dmean": 2.38593935966,
        "dmean2": 2.47288799286,
        "dvar": 10.7549438477,
        "dvar2": 19.0910339355,
        "max": 23.5188388824,
        "mean": 4.14584302902,
        "median": 2.01236820221,
        "min": 0.108930543065,
        "var": 27.9293479919
    },
    "melbands_crest": {
        "dmean": 3.94436526299,
        "dmean2": 6.6699461937,
        "dvar": 11.610247612,
        "dvar2": 28.9043769836,
        "max": 30.7364387512,
        "mean": 17.5444068909,
        "median": 17.116809845,
        "min": 6.723736763,
        "var": 45.9694061279
    },
    "melbands_flatness_db": {
        "dmean": 0.0405990332365,
        "dmean2": 0.046723164618,
        "dvar": 0.00136727432255,
        "dvar2": 0.00218496890739,
        "max": 0.611260414124,
        "mean": 0.409059077501,
        "median": 0.410334289074,
        "min": 0.222073957324,
        "var": 0.00521473772824
    },
    "melbands_kurtosis": {
        "dmean": 9.56828594208,
        "dmean2": 12.9689416885,
        "dvar": 341.47769165,
        "dvar2": 439.966003418,
        "max": 176.315750122,
        "mean": 18.8808097839,
        "median": 5.47736549377,
        "min": -1.24366676807,
        "var": 1461.78918457
    },
    "melbands_skewness": {
        "dmean": 0.764978766441,
        "dmean2": 1.01171576977,
        "dvar": 0.542068123817,
        "dvar2": 0.980460882187,
        "max": 9.65791416168,
        "mean": 1.9089114666,
        "median": 1.62635815144,
        "min": -1.06032371521,
        "var": 4.14946269989
    },
    "melbands_spread": {
        "dmean": 1.88667833805,
        "dmean2": 2.67756223679,
        "dvar": 3.25331783295,
        "dvar2": 5.99372911453,
        "max": 16.5394515991,
        "mean": 4.91231632233,
        "median": 3.85895967484,
        "min": 0.367405891418,
        "var": 11.8178787231
    },
    "pitch_salience": {
        "dmean": 0.11518304795,
        "dmean2": 0.194757089019,
        "dvar": 0.00895856227726,
        "dvar2": 0.0200460534543,
        "max": 0.797795951366,
        "mean": 0.553827226162,
        "median": 0.575125455856,
        "min": 0.137079566717,
        "var": 0.0231431629509
    },
    "silence_rate_20dB": {
        "dmean": 0,
        "dmean2": 0,
        "dvar": 0,
        "dvar2": 0,
        "max": 1,
        "mean": 1,
        "median": 1,
        "min": 1,
        "var": 0
    },
    "silence_rate_30dB": {
        "dmean": 0,
        "dmean2": 0,
        "dvar": 0,
        "dvar2": 0,
        "max": 1,
        "mean": 1,
        "median": 1,
        "min": 1,
        "var": 0
    },
    "silence_rate_60dB": {
        "dmean": 0.159999996424,
        "dmean2": 0.326530605555,
        "dvar": 0.134399995208,
        "dvar2": 0.21990840137,
        "max": 1,
        "mean": 0.43137255311,
        "median": 0,
        "min": 0,
        "var": 0.24529029429
    },
    "spectral_centroid": {
        "dmean": 62.0085754395,
        "dmean2": 82.0615158081,
        "dvar": 3996.92211914,
        "dvar2": 6774.24658203,
        "max": 758.417114258,
        "mean": 472.073913574,
        "median": 437.392730713,
        "min": 243.46005249,
        "var": 18710.5625
    },
    "spectral_complexity": {
        "dmean": 1.29999995232,
        "dmean2": 1.8775510788,
        "dvar": 1.12999999523,
        "dvar2": 2.14827179909,
        "max": 11,
        "mean": 5.72549009323,
        "median": 6,
        "min": 1,
        "var": 6.9050359726
    },
    "spectral_decrease": {
        "dmean": 1.68665570399e-09,
        "dmean2": 1.87960202958e-09,
        "dvar": 7.63026552195e-18,
        "dvar2": 1.25432195706e-17,
        "max": -6.24243851055e-11,
        "mean": -2.9550371039e-09,
        "median": -9.15591602535e-10,
        "min": -1.87755127001e-08,
        "var": 1.8905831631e-17
    },
    "spectral_energy": {
        "dmean": 0.00658096978441,
        "dmean2": 0.00731160398573,
        "dvar": 0.000114745329483,
        "dvar2": 0.000189022786799,
        "max": 0.0727954357862,
        "mean": 0.0115289855748,
        "median": 0.00365687534213,
        "min": 0.000245483621256,
        "var": 0.000284896668745
    },
    "spectral_energyband_high": {
        "dmean": 1.56343764957e-06,
        "dmean2": 2.02962996809e-06,
        "dvar": 1.10591310415e-11,
        "dvar2": 1.56316053851e-11,
        "max": 2.34101462411e-05,
        "mean": 2.19357002607e-06,
        "median": 3.52442526719e-07,
        "min": 4.96697936114e-08,
        "var": 2.17275780701e-11
    },
    "spectral_energyband_low": {
        "dmean": 0.000121406534163,
        "dmean2": 0.000138313727803,
        "dvar": 7.53948228294e-08,
        "dvar2": 8.32212450064e-08,
        "max": 0.00202604802325,
        "mean": 0.000138337753015,
        "median": 1.30686821649e-05,
        "min": 2.87993088932e-07,
        "var": 1.25922724692e-07
    },
    "spectral_energyband_middle_high": {
        "dmean": 0.000103170605144,
        "dmean2": 0.000136017086334,
        "dvar": 1.54376103012e-08,
        "dvar2": 3.88474177271e-08,
        "max": 0.00100221508183,
        "mean": 0.000281738641206,
        "median": 0.000253185047768,
        "min": 1.42494736792e-05,
        "var": 5.26364090092e-08
    },
    "spectral_energyband_middle_low": {
        "dmean": 0.00661238096654,
        "dmean2": 0.00736455479637,
        "dvar": 0.000116785580758,
        "dvar2": 0.000194110514713,
        "max": 0.0724605992436,
        "mean": 0.0111973658204,
        "median": 0.00343552976847,
        "min": 0.000221067311941,
        "var": 0.000282088614767
    },
    "spectral_entropy": {
        "dmean": 0.35309112072,
        "dmean2": 0.398027896881,
        "dvar": 0.196791604161,
        "dvar2": 0.282324314117,
        "max": 7.48516511917,
        "mean": 5.93976211548,
        "median": 5.96802759171,
        "min": 4.25849962234,
        "var": 0.385218679905
    },
    "spectral_flux": {
        "dmean": 0.0154864918441,
        "dmean2": 0.0214817970991,
        "dvar": 0.000248439580901,
        "dvar2": 0.000400822900701,
        "max": 0.171847715974,
        "mean": 0.0503854937851,
        "median": 0.0288682691753,
        "min": 0.00787306856364,
        "var": 0.00163820944726
    },
    "spectral_kurtosis": {
        "dmean": 19.8482036591,
        "dmean2": 28.3055152893,
        "dvar": 229.119018555,
        "dvar2": 604.7109375,
        "max": 107.200752258,
        "mean": 49.5038490295,
        "median": 47.7987670898,
        "min": 3.66759681702,
        "var": 828.29486084
    },
    "spectral_rms": {
        "dmean": 0.000794356630649,
        "dmean2": 0.000755966175348,
        "dvar": 7.35553612685e-07,
        "dvar2": 9.62805415838e-07,
        "max": 0.00842733308673,
        "mean": 0.00270117516629,
        "median": 0.00188883114606,
        "min": 0.000489383528475,
        "var": 3.95144434151e-06
    },
    "spectral_rolloff": {
        "dmean": 98.19140625,
        "dmean2": 166.11328125,
        "dvar": 14469.7451172,
        "dvar2": 29126.6015625,
        "max": 1033.59375,
        "mean": 585.618652344,
        "median": 516.796875,
        "min": 236.865234375,
        "var": 43513.421875
    },
    "spectral_skewness": {
        "dmean": 1.17809605598,
        "dmean2": 1.69905090332,
        "dvar": 0.804801940918,
        "dvar2": 2.06414461136,
        "max": 8.7503824234,
        "mean": 5.05977058411,
        "median": 4.93687534332,
        "min": 1.91088080406,
        "var": 2.99962687492
    },
    "spectral_spread": {
        "dmean": 928184.875,
        "dmean2": 1125241.25,
        "dvar": 9.76471300506e+12,
        "dvar2": 1.05351416381e+13,
        "max": 25019314,
        "mean": 2217432.25,
        "median": 1331605.375,
        "min": 847440.375,
        "var": 1.19578306806e+13
    },
    "spectral_strongpeak": {
        "dmean": 0.422007858753,
        "dmean2": 0.587854325771,
        "dvar": 0.183705404401,
        "dvar2": 0.325103789568,
        "max": 3.50923109055,
        "mean": 0.894542455673,
        "median": 0.745104432106,
        "min": 0.0957772880793,
        "var": 0.463051140308
    },
    "zerocrossingrate": {
        "dmean": 0.00333007820882,
        "dmean2": 0.00384646048769,
        "dvar": 1.01441401057e-05,
        "dvar2": 1.42431508721e-05,
        "max": 0.03857421875,
        "mean": 0.0225471053272,
        "median": 0.02099609375,
        "min": 0.0048828125,
        "var": 5.98169281147e-05
    },
    "barkbands": {
        "dmean": [7.61306864661e-06, 1.39587873491e-05, 4.49009021395e-05, 0.000126830287627, 0.00319278147072, 0.00435709068552, 0.000436825386714, 0.000261855486315, 0.00041322899051, 8.94416880328e-05, 7.44708595448e-05, 2.11962724279e-05, 1.27654893731e-05, 1.1239025298e-05, 2.74755143437e-06, 3.29623867401e-06, 1.50356709128e-06, 9.73444798547e-07, 9.96830522126e-07, 6.70648091727e-07, 2.71361670912e-07, 1.55688866244e-07, 1.55971932259e-07, 3.25092628373e-07, 2.42781339921e-07, 1.84023832617e-07, 4.44769092667e-08],
        "dmean2": [7.83490122558e-06, 1.42460994539e-05, 5.76581696805e-05, 0.000171688079718, 0.00471123168245, 0.00501826079562, 0.000683130987454, 0.000386926665669, 0.000636166369077, 0.000123320220155, 0.000123562174849, 3.21430634358e-05, 1.72400395968e-05, 1.90484242921e-05, 3.71026135326e-06, 4.50634706795e-06, 1.99917144528e-06, 1.27411658468e-06, 1.11887584353e-06, 9.09083041734e-07, 3.36509145882e-07, 1.80600125077e-07, 2.54996848525e-07, 4.71964938242e-07, 3.60614620831e-07, 2.55475498534e-07, 5.20396632453e-08],
        "dvar": [2.58034105194e-09, 8.96239349402e-09, 1.51555621386e-08, 4.17203054326e-08, 5.92892720306e-05, 5.3548541473e-05, 3.40427590118e-07, 1.84439755913e-07, 9.79464630291e-07, 9.92792514865e-09, 1.06580113624e-08, 6.11633965697e-10, 2.73525119221e-10, 4.25987523034e-10, 1.53549048476e-11, 1.74732034397e-11, 3.42072897785e-12, 1.36214412146e-12, 2.0565174997e-12, 1.04176378895e-12, 2.20412934866e-13, 1.20868972383e-13, 2.31585123257e-13, 1.18209901503e-12, 6.03718247269e-13, 3.38831257973e-13, 2.22869140677e-14],
        "dvar2": [2.63101651576e-09, 9.13241926526e-09, 2.12352784246e-08, 5.98911427119e-08, 0.000105135644844, 0.000105371749669, 8.25698066365e-07, 2.80734440139e-07, 2.49676349995e-06, 2.20218367986e-08, 3.12831218707e-08, 1.45633749504e-09, 4.14008133331e-10, 1.12073217373e-09, 3.30266682058e-11, 3.07511516251e-11, 5.03526343884e-12, 2.90747634302e-12, 2.83907554584e-12, 2.10430999882e-12, 3.12755355468e-13, 2.08699255252e-13, 4.02374043373e-13, 2.45285757851e-12, 9.74877730625e-13, 7.59996883135e-13, 2.47201330993e-14],
        "max": [0.000363135593943, 0.000676730531268, 0.00082252768334, 0.00128640257753, 0.0444972775877, 0.0536342635751, 0.00425204169005, 0.00261512212455, 0.00709214154631, 0.000913347408641, 0.000556349463295, 0.000148086764966, 0.000147338476381, 0.0001141554676, 2.47665939241e-05, 2.91010164801e-05, 1.40401025419e-05, 8.39073982206e-06, 9.77106810751e-06, 5.559559213e-06, 3.2199072848e-06, 2.56051930592e-06, 2.75619026979e-06, 7.06895707481e-06, 5.03099454363e-06, 3.77275796382e-06, 9.7222164186e-07],
        "mean": [7.46128353057e-06, 1.37047572935e-05, 4.18265699409e-05, 0.000163364966284, 0.00416454812512, 0.00527220964432, 0.000589747913182, 0.000362507387763, 0.00053806026699, 0.000179871582077, 0.000109975364467, 2.81797711068e-05, 2.40081953962e-05, 1.43268653119e-05, 4.85535474581e-06, 5.82911388847e-06, 2.41767043008e-06, 1.73575506324e-06, 1.74220338067e-06, 9.16528279049e-07, 4.19197306201e-07, 1.96529541086e-07, 1.86338652952e-07, 3.41448696872e-07, 3.38484511531e-07, 1.61687296441e-07, 7.70766419578e-08],
        "median": [4.71738381691e-08, 1.91037869968e-08, 1.73805392478e-06, 3.54479343514e-05, 0.000261423818301, 0.00100397481583, 0.000217145949136, 0.000136989023304, 0.000131747554406, 0.000103246216895, 5.27455558768e-05, 1.54155404744e-05, 1.43578108691e-05, 7.10552967575e-06, 2.66495544565e-06, 3.48786966242e-06, 1.1353820355e-06, 8.67597123033e-07, 6.28639497791e-07, 3.22236303418e-07, 9.57397290335e-08, 2.94427255909e-08, 1.32611823744e-08, 1.48118344256e-08, 1.66554929848e-08, 7.28543003703e-09, 3.75513486972e-08],
        "min": [2.39461250828e-09, 3.57078677737e-09, 3.28472182787e-09, 1.67656992289e-06, 1.07281130113e-05, 4.23053279519e-05, 1.086557495e-05, 2.90479806608e-06, 2.54154019785e-06, 4.75552178614e-06, 2.28966382565e-06, 1.80662573257e-06, 8.76025296748e-07, 9.87151196341e-08, 1.00345097565e-07, 3.11750518733e-08, 2.19290168246e-08, 1.67171254617e-08, 1.40662610448e-08, 3.67891273001e-09, 2.65005239974e-09, 1.57059854011e-09, 1.81296200275e-09, 1.9215007363e-09, 2.07645989292e-09, 2.8136550867e-09, 3.1240372067e-08],
        "var": [2.53324627941e-09, 8.79940653675e-09, 1.77407297741e-08, 7.98217456577e-08, 9.62156991591e-05, 8.51347795106e-05, 6.48354955501e-07, 2.906201928e-07, 1.22005872072e-06, 4.05909439394e-08, 1.65489488779e-08, 1.12186016032e-09, 1.07447539754e-09, 4.77973993718e-10, 3.8619770576e-11, 4.46945536137e-11, 1.0221884103e-11, 4.22202897643e-12, 6.00582387641e-12, 1.74296471353e-12, 4.91063841066e-13, 2.07491806397e-13, 3.01650143666e-13, 1.4397708286e-12, 1.13847180381e-12, 3.38724382744e-13, 2.28755460619e-14]
    },
    "erbbands": {
        "dmean": [0.000469641207019, 0.00340094091371, 0.0340793654323, 0.29277831316, 4.64862585068, 16.496295929, 5.28028297424, 47.8358383179, 21.0188980103, 12.5385313034, 6.73629522324, 7.05007743835, 4.24933338165, 1.0915043354, 3.01888918877, 1.02984309196, 0.593950808048, 0.718933820724, 0.14144808054, 0.194805428386, 0.126428961754, 0.0813635364175, 0.0665856674314, 0.0636825487018, 0.0337717905641, 0.0336252078414, 0.0150807807222, 0.00863689091057, 0.00637282570824, 0.00552237266675, 0.0044003711082, 0.00732670538127, 0.00569732859731, 0.00329769589007, 0.00155437097419, 0.00113473599777, 0.000245627074037, 3.28250935127e-05, 8.50190735946e-06, 7.04333206158e-06],
        "dmean2": [0.000477258581668, 0.00349038070999, 0.0395694337785, 0.390193849802, 6.77186870575, 22.8216228485, 7.89906597137, 54.3129043579, 25.5988426208, 18.7238464355, 8.78379440308, 11.3279190063, 6.04607009888, 1.49835467339, 4.92702674866, 1.57502305508, 0.818550884724, 1.18565225601, 0.177901387215, 0.252869904041, 0.169863715768, 0.105488367379, 0.0881416425109, 0.0744243189692, 0.0429767742753, 0.0465672314167, 0.021454045549, 0.00947944819927, 0.00752798840404, 0.00739884423092, 0.00620782515034, 0.0117855630815, 0.00928568653762, 0.00443286960945, 0.00252014468424, 0.00151850865223, 0.000342573126545, 3.62764985766e-05, 9.24201231101e-06, 7.76584420237e-06],
        "dvar": [9.47104581428e-06, 0.000436027126852, 0.0102301230654, 0.280212014914, 109.911514282, 1610.6619873, 78.0124969482, 6647.49023438, 1018.203125, 329.224487305, 137.196990967, 300.151947021, 32.7610969543, 1.09398090839, 17.7975177765, 1.36484098434, 0.575269818306, 1.59239137173, 0.0322045497596, 0.0677324309945, 0.0201168414205, 0.00978028867394, 0.00634282873943, 0.00854513794184, 0.00241678813472, 0.00284857326187, 0.00060675671557, 0.0002160542208, 0.000203189032618, 0.000218827932258, 0.000141882992466, 0.000699489959516, 0.000404633348808, 0.000107585387013, 2.29550150834e-05, 1.28192550619e-05, 5.77956257075e-07, 1.01215320569e-08, 4.27470336906e-10, 1.30015623268e-10],
        "dvar2": [9.54227016337e-06, 0.000433574721683, 0.0105728218332, 0.431130081415, 230.797592163, 2885.51635742, 214.774658203, 12827.2177734, 2316.97607422, 794.821105957, 309.971435547, 776.561706543, 81.0525817871, 2.36017799377, 54.0565452576, 3.44472312927, 0.958676934242, 4.32316350937, 0.0546936802566, 0.145694151521, 0.0325758978724, 0.0153230652213, 0.0156011395156, 0.0135347209871, 0.0039310567081, 0.00590900704265, 0.0011294601718, 0.000338649842888, 0.000396283721784, 0.000480292888824, 0.000273142359219, 0.00189003150444, 0.000712960259989, 0.000156252688612, 4.14998467022e-05, 2.763471457e-05, 1.29531440507e-06, 1.18074430233e-08, 4.70527727892e-10, 2.065435184e-10],
        "max": [0.0221921540797, 0.151948720217, 0.771183729172, 2.9061858654, 59.1659355164, 232.614685059, 47.1221122742, 604.421142578, 214.62701416, 124.211730957, 93.3735733032, 121.415428162, 48.6192779541, 9.01315402985, 24.325296402, 6.74478769302, 5.92874240875, 8.24178314209, 1.41285097599, 1.78817844391, 0.940524458885, 0.753883957863, 0.522528409958, 0.637845516205, 0.272867590189, 0.312367707491, 0.159818843007, 0.115210309625, 0.107666112483, 0.101583518088, 0.0767209380865, 0.16236756742, 0.124132424593, 0.0708182528615, 0.0291726458818, 0.0244390033185, 0.00473992945626, 0.000623535597697, 0.000143881217809, 8.09665943962e-05],
        "mean": [0.000471735751489, 0.00347634428181, 0.0367390625179, 0.430984348059, 5.94159698486, 20.0943908691, 6.9580821991, 57.0454101562, 24.2914962769, 14.5462989807, 8.83071327209, 9.08434104919, 7.8038315773, 2.84798836708, 4.54030513763, 1.42595005035, 1.14149522781, 0.983799576759, 0.309795945883, 0.32987216115, 0.246161475778, 0.136544659734, 0.108250595629, 0.107447378337, 0.059259455651, 0.0443239100277, 0.0246386546642, 0.0118692070246, 0.00790975335985, 0.00568032870069, 0.0048064016737, 0.00610400782898, 0.0066903415136, 0.00421951571479, 0.00219126604497, 0.00102340593003, 0.000219982204726, 4.09779750044e-05, 1.5645626263e-05, 1.40319434649e-05],
        "median": [5.08437187818e-06, 0.000101795056253, 0.00444655911997, 0.0823908448219, 0.720331728458, 0.692130386829, 2.87733149529, 9.50416469574, 3.67149496078, 6.20331048965, 2.94816565514, 2.8926589489, 3.5468108654, 2.82779049873, 2.69304943085, 0.928912103176, 0.727300822735, 0.376572161913, 0.175085783005, 0.16211129725, 0.188701361418, 0.0714513063431, 0.0522782802582, 0.0431163534522, 0.0258635673672, 0.0150263030082, 0.00656618643552, 0.0027757815551, 0.00118566909805, 0.000615183904301, 0.000404723745305, 0.000323715648847, 0.00023316295119, 0.00021173908317, 0.000105307677586, 4.44806755695e-05, 1.41308501043e-05, 8.77882666828e-06, 6.75955106999e-06, 5.85153793509e-06],
        "min": [4.36666738324e-07, 5.72421913603e-06, 0.000128999643493, 0.00216569635086, 0.0209187138826, 0.0360261127353, 0.109658673406, 0.459597796202, 0.107315786183, 0.290328413248, 0.196844100952, 0.0916231349111, 0.112515024841, 0.104403719306, 0.158500760794, 0.0809343531728, 0.0412079840899, 0.0141045395285, 0.00392148317769, 0.0053221154958, 0.00198787637055, 0.00183572142851, 0.000910223869141, 0.000793880899437, 0.000631748349406, 0.000165893143276, 0.000133682740852, 8.53192468639e-05, 5.87504400755e-05, 4.36937880295e-05, 5.29286990059e-05, 3.92922520405e-05, 3.42799794453e-05, 2.58623676928e-05, 1.500343933e-05, 8.23807749839e-06, 5.64031915928e-06, 5.5027653616e-06, 3.75424815502e-06, 9.70794872046e-07],
        "var": [9.44614839682e-06, 0.000441830343334, 0.0133672822267, 0.594217300415, 169.544937134, 2519.61328125, 109.386520386, 10588.8359375, 1680.64538574, 484.673034668, 232.577224731, 347.103820801, 114.13092804, 4.421230793, 28.1788978577, 2.40610814095, 1.88837778568, 2.12849450111, 0.127193972468, 0.159429252148, 0.0613267570734, 0.0302544552833, 0.0173032991588, 0.0234559010714, 0.00585976894945, 0.0044727222994, 0.00131689291447, 0.000446854333859, 0.000334447860951, 0.000252738769632, 0.000183209034731, 0.000558191270102, 0.000557192310225, 0.000196134002181, 4.32888409705e-05, 1.41925547723e-05, 5.57114219646e-07, 1.15432934322e-08, 5.62330682019e-10, 3.50678264205e-10]
    },
    "gfcc": {
        "mean": [-219.847335815, 164.836380005, -122.101699829, -54.8433189392, -75.8749694824, -43.1554374695, -47.3651199341, -22.2812747955, -35.561416626, -17.2211589813, -11.1934661865, -11.9489850998, -4.90791797638],
        "cov": [[3780.20874023, -227.268203735, -49.3636131287, 1072.46887207, -66.9805755615, -357.144805908, -439.82800293, -38.2386856079, 164.637634277, 257.731445312, 245.630981445, 107.138557434, 127.155410767], [-227.268203735, 1662.35778809, -63.3605079651, -300.713592529, 464.612884521, -251.179870605, 341.55770874, -223.8565979, 67.2853012085, -251.006439209, 10.031452179, -266.700012207, -101.628639221], [-49.3636131287, -63.3605079651, 887.456787109, 397.587310791, 16.4183368683, 64.9815216064, -77.3357162476, -24.619096756, -80.7389907837, -34.4200553894, 0.136856690049, 35.8750572205, -9.07145500183], [1072.46887207, -300.713592529, 397.587310791, 636.992126465, -15.3307132721, -74.5399627686, -243.637298584, -54.1872215271, -37.4773483276, 85.8402633667, 85.4078674316, 89.7665405273, 64.8462677002], [-66.9805755615, 464.612884521, 16.4183368683, -15.3307132721, 210.984848022, -44.8594322205, 86.8328399658, -82.173210144, -7.93294477463, -69.3165512085, -5.26127910614, -52.3180503845, -21.328289032], [-357.144805908, -251.179870605, 64.9815216064, -74.5399627686, -44.8594322205, 218.401901245, 71.984161377, 125.674240112, -40.5882148743, -11.295085907, -106.047119141, 7.93167734146, -28.4695205688], [-439.82800293, 341.55770874, -77.3357162476, -243.637298584, 86.8328399658, 71.984161377, 222.60484314, 52.2995986938, 28.0766410828, -81.2193832397, -82.7291870117, -98.9209594727, -68.5119934082], [-38.2386856079, -223.8565979, -24.619096756, -54.1872215271, -82.173210144, 125.674240112, 52.2995986938, 141.992202759, 15.9305276871, 14.1196203232, -66.3494338989, -2.36259770393, -20.6075286865], [164.637634277, 67.2853012085, -80.7389907837, -37.4773483276, -7.93294477463, -40.5882148743, 28.0766410828, 15.9305276871, 83.9672241211, 29.3617725372, 19.4992103577, -0.244946286082, -0.914097607136], [257.731445312, -251.006439209, -34.4200553894, 85.8402633667, -69.3165512085, -11.295085907, -81.2193832397, 14.1196203232, 29.3617725372, 90.0700912476, 38.4029502869, 64.0899505615, 34.8136978149], [245.630981445, 10.031452179, 0.136856690049, 85.4078674316, -5.26127910614, -106.047119141, -82.7291870117, -66.3494338989, 19.4992103577, 38.4029502869, 94.7252960205, 34.0216827393, 40.0946731567], [107.138557434, -266.700012207, 35.8750572205, 89.7665405273, -52.3180503845, 7.93167734146, -98.9209594727, -2.36259770393, -0.244946286082, 64.0899505615, 34.0216827393, 98.2279205322, 48.2118377686], [127.155410767, -101.628639221, -9.07145500183, 64.8462677002, -21.328289032, -28.4695205688, -68.5119934082, -20.6075286865, -0.914097607136, 34.8136978149, 40.0946731567, 48.2118377686, 48.6289100647]],
        "icov": [[0.0028753366787, -0.00514795910567, 0.00348219159059, -0.00755547033623, 0.0047636507079, -0.0024448025506, 0.00534881604835, -0.00626491382718, -0.00124787120149, -0.00349276675843, -0.00153432646766, -0.00302178459242, 0.00472454028204], [-0.00514795910567, 0.0196670033038, -0.00816599838436, 0.0159831549972, -0.0209243651479, 0.0110549340025, -0.0139327431098, 0.0157920531929, -0.00755670201033, 0.016209051013, 0.00183226435911, 0.0176940839738, -0.0147158075124], [0.00348219159059, -0.00816599838436, 0.0072665787302, -0.0123110609129, 0.00981098227203, -0.00679081864655, 0.00539046525955, -0.0061568915844, -0.000220482063014, -0.00137009366881, -0.00428622728214, -0.00903785694391, 0.0103848176077], [-0.00755547033623, 0.0159831549972, -0.0123110609129, 0.0266936104745, -0.0204728245735, 0.0101570645347, -0.00690425653011, 0.012760608457, 0.00163087737747, 0.00531322415918, 0.00570722436532, 0.015984442085, -0.0164118260145], [0.0047636507079, -0.0209243651479, 0.00981098227203, -0.0204728245735, 0.0377778336406, -0.013664778322, 0.00135093624704, -0.00292421784252, 0.00868907943368, -0.0103929275647, -0.00075834983727, -0.024529716, 0.0147265475243], [-0.0024448025506, 0.0110549340025, -0.00679081864655, 0.0101570645347, -0.013664778322, 0.0376814864576, -0.0173193849623, -0.0102527104318, 0.0148545112461, -0.000719621544704, 0.0168206244707, -0.00392702128738, -0.00717435497791], [0.00534881604835, -0.0139327431098, 0.00539046525955, -0.00690425653011, 0.00135093624704, -0.0173193849623, 0.0472384057939, -0.0192868355662, -0.0150952655822, -0.00661288900301, -0.000149205807247, 0.00810960587114, 0.0124745490029], [-0.00626491382718, 0.0157920531929, -0.0061568915844, 0.012760608457, -0.00292421784252, -0.0102527104318, -0.0192868355662, 0.0507706031203, -0.0160913523287, 0.0143805351108, 0.00830233190209, 0.0168643873185, -0.015884777531], [-0.00124787120149, -0.00755670201033, -0.000220482063014, 0.00163087737747, 0.00868907943368, 0.0148545112461, -0.0150952655822, -0.0160913523287, 0.0462133176625, -0.0257040653378, -0.000646353815682, -0.020359467715, 0.00966367311776], [-0.00349276675843, 0.016209051013, -0.00137009366881, 0.00531322415918, -0.0103929275647, -0.000719621544704, -0.00661288900301, 0.0143805351108, -0.0257040653378, 0.0605195313692, -0.0106232119724, -0.000925962929614, -0.00666758231819], [-0.00153432646766, 0.00183226435911, -0.00428622728214, 0.00570722436532, -0.00075834983727, 0.0168206244707, -0.000149205807247, 0.00830233190209, -0.000646353815682, -0.0106232119724, 0.0458519086242, 0.00223621935584, -0.020174914971], [-0.00302178459242, 0.0176940839738, -0.00903785694391, 0.015984442085, -0.024529716, -0.00392702128738, 0.00810960587114, 0.0168643873185, -0.020359467715, -0.000925962929614, 0.00223621935584, 0.0645447149873, -0.0381614305079], [0.00472454028204, -0.0147158075124, 0.0103848176077, -0.0164118260145, 0.0147265475243, -0.00717435497791, 0.0124745490029, -0.015884777531, 0.00966367311776, -0.00666758231819, -0.020174914971, -0.0381614305079, 0.0738038495183]]
    },
    "melbands": {
        "dmean": [4.31162925452e-06, 1.33396479214e-05, 7.57500820328e-05, 0.000907914887648, 0.000220271889702, 0.00100127398036, 0.000312077841954, 0.000124853424495, 7.27973892936e-05, 4.04813108617e-05, 2.05098294828e-05, 4.58233489553e-06, 1.20028853416e-05, 2.94898586617e-06, 1.45500666804e-06, 1.41021303079e-06, 1.37795495903e-06, 2.44968504148e-07, 2.31001152429e-07, 2.65788912657e-07, 1.20546829407e-07, 8.3076422186e-08, 6.99399436144e-08, 4.45440129226e-08, 6.02333258826e-08, 2.41391173716e-08, 2.67091699868e-08, 2.29649828043e-08, 1.13362954579e-08, 6.67183552849e-09, 4.47788917057e-09, 3.62863539216e-09, 2.92136403957e-09, 3.36037087045e-09, 1.89834681308e-09, 4.20582368932e-09, 4.59167681655e-09, 4.63130378492e-09, 3.21771698175e-09, 2.62415622565e-09],
        "dmean2": [4.40470194008e-06, 1.62424366863e-05, 0.000103629812656, 0.00133417267352, 0.000320080464007, 0.00114265200682, 0.000380084267817, 0.000188704652828, 0.00010761521844, 6.39805512037e-05, 2.90143398161e-05, 6.10050437899e-06, 1.97442459466e-05, 4.49063372798e-06, 1.89901857084e-06, 1.85521150797e-06, 2.34353319684e-06, 3.56824642722e-07, 3.16797724054e-07, 3.87623373399e-07, 1.61402709864e-07, 1.16017687901e-07, 9.38174338216e-08, 5.98119243023e-08, 7.60361373864e-08, 2.9523818057e-08, 3.78311142413e-08, 3.13183754486e-08, 1.70373510855e-08, 7.83702791551e-09, 4.99787367048e-09, 4.30617186353e-09, 3.42490902305e-09, 4.91249174672e-09, 2.82867418377e-09, 6.49806874975e-09, 7.67459962248e-09, 7.81413511675e-09, 4.14019307726e-09, 3.76090758536e-09],
        "dvar": [8.51722248285e-10, 2.16142503895e-09, 1.75969052663e-08, 4.91502396471e-06, 1.41951943533e-07, 2.82310656985e-06, 2.14615070604e-07, 3.2003125483e-08, 2.34178063607e-08, 8.95189167238e-09, 7.62478025162e-10, 1.93397225318e-11, 2.76108691466e-10, 8.45790885246e-12, 3.27134760253e-12, 4.68903648548e-12, 6.23006637598e-12, 1.14077042083e-13, 1.0760251197e-13, 1.38851400538e-13, 2.2349240446e-14, 1.07961498086e-14, 7.2486919692e-15, 2.57275458058e-15, 8.60702619067e-15, 1.25882013214e-15, 1.68967286401e-15, 1.24332832306e-15, 3.58680548438e-16, 1.16636105965e-16, 6.34504108982e-17, 6.46533962067e-17, 4.90619184715e-17, 9.6120445204e-17, 2.28976878075e-17, 2.03705190182e-16, 2.96826814498e-16, 2.87575414768e-16, 8.7516138942e-17, 7.30959191757e-17],
        "dvar2": [8.68009275568e-10, 2.36920816299e-09, 3.63381253976e-08, 8.97997688298e-06, 2.96470290095e-07, 5.53169547857e-06, 4.85503278469e-07, 7.49759578866e-08, 5.6922630165e-08, 2.34167085722e-08, 1.90086590912e-09, 3.83229940837e-11, 8.23349888268e-10, 2.27998731006e-11, 6.84759063688e-12, 5.97343485439e-12, 1.71311142355e-11, 3.0087867961e-13, 2.0192350667e-13, 3.08840328528e-13, 3.67068537838e-14, 1.55799005153e-14, 1.34974717086e-14, 5.70160916093e-15, 1.48289719263e-14, 1.66734634607e-15, 3.37666804511e-15, 2.73109066117e-15, 8.50719605218e-16, 2.01595469338e-16, 9.71863633763e-17, 1.24005808766e-16, 9.28756605064e-17, 2.37946033853e-16, 3.6599039645e-17, 5.26577407539e-16, 8.27844209928e-16, 5.31795024615e-16, 1.43073830663e-16, 1.08826475426e-16],
        "max": [0.000208622484934, 0.00033753720345, 0.0008620225708, 0.0124346353114, 0.00221758708358, 0.012383886613, 0.00315681705251, 0.0011591858929, 0.00111924123485, 0.000671722111292, 0.000232286198298, 3.82665421057e-05, 9.01005187188e-05, 1.98296056624e-05, 1.30951639221e-05, 1.91047802218e-05, 1.43109036799e-05, 2.31917533711e-06, 1.90908281184e-06, 2.24456834985e-06, 9.73746523414e-07, 7.59306544751e-07, 6.18070600922e-07, 3.42752230154e-07, 6.1013361119e-07, 1.87099630011e-07, 2.01762730967e-07, 2.06469380259e-07, 1.29683172645e-07, 7.49933306565e-08, 6.2961746039e-08, 5.99398788381e-08, 5.11979578732e-08, 6.33999093225e-08, 2.73149556307e-08, 9.00073970911e-08, 1.02738823671e-07, 1.02120409906e-07, 6.98585935766e-08, 5.59726274219e-08],
        "mean": [4.23386791226e-06, 1.26221666505e-05, 0.000116629591503, 0.00110463122837, 0.00031307869358, 0.00119034573436, 0.000370249850675, 0.000140566990012, 8.55416219565e-05, 5.4758907936e-05, 3.74677365471e-05, 1.03754337033e-05, 1.73865846591e-05, 4.45661316917e-06, 2.18876448344e-06, 2.73210298474e-06, 1.68495353137e-06, 4.1598008238e-07, 4.22728334115e-07, 4.46678228627e-07, 2.43110548581e-07, 1.3479655081e-07, 1.22942438452e-07, 7.30516589442e-08, 9.42908116031e-08, 4.61423930176e-08, 3.50208324562e-08, 2.82142469388e-08, 1.66522919898e-08, 9.29398336069e-09, 5.94869442594e-09, 4.54340032263e-09, 3.43933814761e-09, 3.06850744813e-09, 2.31085595104e-09, 3.66442076682e-09, 3.62447205582e-09, 5.24523935397e-09, 3.56767659859e-09, 3.45473294416e-09],
        "median": [1.12010702935e-08, 3.86764696714e-07, 2.42645764956e-05, 5.46471019334e-05, 6.41245569568e-05, 0.00020203058375, 5.81051826885e-05, 5.98772239755e-05, 2.3325710572e-05, 1.80391471076e-05, 1.51893618749e-05, 8.54325026012e-06, 7.76303477323e-06, 3.07552681988e-06, 1.26733573325e-06, 1.40332736009e-06, 6.61285071146e-07, 2.08468392771e-07, 2.01591944915e-07, 2.41796271894e-07, 1.8303278182e-07, 7.30465643528e-08, 6.75881679513e-08, 3.62237564389e-08, 3.4494121337e-08, 2.12730952853e-08, 1.51084567079e-08, 8.92649687501e-09, 4.32998392697e-09, 2.13660089621e-09, 1.36621247648e-09, 7.09968472901e-10, 4.67050675912e-10, 2.64495647606e-10, 2.46771492129e-10, 2.85177659265e-10, 1.84733603414e-10, 1.51532578152e-10, 1.5926740482e-10, 1.54845275491e-10],
        "min": [1.54265700214e-09, 3.53325524394e-09, 7.24948790776e-07, 1.66060988249e-06, 4.09439780924e-06, 9.3169437605e-06, 2.26467250286e-06, 2.57170313489e-06, 4.59561789512e-07, 4.26032670475e-07, 6.41302449367e-07, 3.95365759687e-07, 3.71519746523e-07, 2.29354469639e-07, 3.31970397838e-08, 9.07484078994e-08, 1.14002709495e-08, 5.19821519163e-09, 9.13385278523e-09, 4.00139166246e-09, 2.14992645908e-09, 1.91104554403e-09, 7.91919363419e-10, 7.22878645831e-10, 5.9241839212e-10, 3.86346676873e-10, 2.12680165146e-10, 7.84365419837e-11, 8.28453139423e-11, 7.35138616648e-11, 3.99532316953e-11, 3.3710107622e-11, 2.73080065505e-11, 2.35346915567e-11, 3.06811728801e-11, 2.46854585384e-11, 2.36597443026e-11, 2.33382185105e-11, 2.00887986801e-11, 2.0034817555e-11],
        "var": [8.3627021974e-10, 2.40543407415e-09, 3.5947685717e-08, 7.38477638151e-06, 2.90976231554e-07, 4.5087235776e-06, 3.65228686405e-07, 4.56072903887e-08, 3.0506939197e-08, 1.09329691966e-08, 2.57009746818e-09, 7.22677057086e-11, 4.26485541327e-10, 2.05538572273e-11, 6.12838989625e-12, 1.82851286196e-11, 6.92801545299e-12, 2.44114380403e-13, 2.65406295032e-13, 2.91454604591e-13, 5.95240138646e-14, 3.13135849444e-14, 2.30517136683e-14, 7.64194988485e-15, 2.03195191115e-14, 3.47255916276e-15, 2.66169748697e-15, 1.89311990766e-15, 6.44848459146e-16, 2.18597247004e-16, 1.32668361778e-16, 1.08356921388e-16, 7.36974647695e-17, 8.96936091865e-17, 3.32534414831e-17, 1.77878043889e-16, 2.1651158719e-16, 3.67934965722e-16, 1.42249257324e-16, 1.32239696933e-16]
    },
    "mfcc": {
        "mean": [-859.526672363, 199.235214233, -3.60983014107, -27.738658905, -30.2349128723, -37.5291976929, -24.8796386719, -26.4945850372, -26.9635066986, -22.9960289001, -21.8957691193, -15.8077535629, -11.4888868332],
        "cov": [[2776.65942383, 376.813446045, -666.779907227, 824.104431152, 282.684417725, -235.895767212, -133.189682007, -292.335693359, -94.6968841553, 52.3408508301, 17.7968215942, 102.027862549, 127.380744934], [376.813446045, 1149.57958984, -217.068145752, 41.2306365967, 53.1937065125, -22.4381980896, 24.8731269836, 6.65546512604, -58.0495910645, 37.3666496277, 41.0543861389, -20.8089599609, -98.7318344116], [-666.779907227, -217.068145752, 655.266662598, 107.636512756, 5.32234239578, 130.317504883, 16.1008377075, 63.5951080322, -1.72273254395, -55.1602783203, -15.9414844513, -10.8242835999, -25.6915874481], [824.104431152, 41.2306365967, 107.636512756, 628.074035645, 198.591873169, -20.098772049, -56.6022605896, -180.243911743, -130.734039307, -76.9654769897, -67.5562210083, 25.7911014557, 53.8298110962], [282.684417725, 53.1937065125, 5.32234239578, 198.591873169, 160.573791504, 30.0919895172, -12.4427566528, -47.4664459229, -67.6355056763, -50.2238311768, -38.8254852295, 6.17007160187, 28.1977806091], [-235.895767212, -22.4381980896, 130.317504883, -20.098772049, 30.0919895172, 99.1343765259, 43.9004745483, 60.4315223694, 33.5728988647, 4.34951257706, 4.78793954849, -2.94341063499, -4.66309833527], [-133.189682007, 24.8731269836, 16.1008377075, -56.6022605896, -12.4427566528, 43.9004745483, 73.9758224487, 67.9582824707, 44.4914016724, 32.4762878418, 12.1892957687, -16.0818252563, -27.1808109283], [-292.335693359, 6.65546512604, 63.5951080322, -180.243911743, -47.4664459229, 60.4315223694, 67.9582824707, 150.34085083, 112.445953369, 61.4458580017, 45.4607086182, -13.903380394, -48.1660652161], [-94.6968841553, -58.0495910645, -1.72273254395, -130.734039307, -67.6355056763, 33.5728988647, 44.4914016724, 112.445953369, 132.884811401, 86.4527130127, 55.5387992859, 5.64479112625, -19.469417572], [52.3408508301, 37.3666496277, -55.1602783203, -76.9654769897, -50.2238311768, 4.34951257706, 32.4762878418, 61.4458580017, 86.4527130127, 92.8157806396, 58.889251709, 11.4722719193, -8.42105484009], [17.7968215942, 41.0543861389, -15.9414844513, -67.5562210083, -38.8254852295, 4.78793954849, 12.1892957687, 45.4607086182, 55.5387992859, 58.889251709, 64.0153274536, 19.8398780823, -11.6564207077], [102.027862549, -20.8089599609, -10.8242835999, 25.7911014557, 6.17007160187, -2.94341063499, -16.0818252563, -13.903380394, 5.64479112625, 11.4722719193, 19.8398780823, 33.502872467, 29.4631118774], [127.380744934, -98.7318344116, -25.6915874481, 53.8298110962, 28.1977806091, -4.66309833527, -27.1808109283, -48.1660652161, -19.469417572, -8.42105484009, -11.6564207077, 29.4631118774, 73.5726928711]],
