{
"lowlevel": {
    "average_loudness": 0.843968629837,
    "barkbands_crest": {
        "dmean": 2.84376692772,
        "dmean2": 4.78887081146,
        "dvar": 5.79405975342,
        "dvar2": 15.3707742691,
        "max": 22.3263645172,
        "mean": 11.7895689011,
        "median": 11.2015590668,
        "min": 4.67408943176,
        "var": 14.7640008926
    },
    "barkbands_flatness_db": {
        "dmean": 0.0347986519337,
        "dmean2": 0.055506978184,
        "dvar": 0.00103144906461,
        "dvar2": 0.0023585180752,
        "max": 0.429038703442,
        "mean": 0.27728074789,
        "median": 0.272339880466,
        "min": 0.0983133539557,
        "var": 0.00392727181315
    },
    "barkbands_kurtosis": {
        "dmean": 9.45895385742,
        "dmean2": 15.591925621,
        "dvar": 308.744537354,
        "dvar2": 739.735473633,
        "max": 280.223266602,
        "mean": 18.355588913,
        "median": 8.6197385788,
        "min": -0.122273921967,
        "var": 1121.60229492
    },
    "barkbands_skewness": {
        "dmean": 0.841489553452,
        "dmean2": 1.31870830059,
        "dvar": 0.922601342201,
        "dvar2": 2.31080269814,
        "max": 12.5487527847,
        "mean": 2.33809137344,
        "median": 2.02888441086,
        "min": -0.189251482487,
        "var": 3.2819108963
    },
    "barkbands_spread": {
        "dmean": 1.02711379528,
        "dmean2": 1.62653517723,
        "dvar": 1.33858585358,
        "dvar2": 2.8086783886,
        "max": 17.0482559204,
        "mean": 3.41339564323,
        "median": 3.0661714077,
        "min": 0.589466333389,
        "var": 4.99585962296
    },
    "dissonance": {
        "dmean": 0.0492823533714,
        "dmean2": 0.0877973884344,
        "dvar": 0.00199157628231,
        "dvar2": 0.00544560793787,
        "max": 0.498053282499,
        "mean": 0.419381916523,
        "median": 0.428293317556,
        "min": 0.234644830227,
        "var": 0.00257198116742
    },
    "dynamic_complexity": 7.60115289688,
    "erbbands_crest": {
        "dmean": 3.11242079735,
        "dmean2": 5.00616455078,
        "dvar": 6.03790044785,
        "dvar2": 14.9854955673,
        "max": 27.8230857849,
        "mean": 10.9256591797,
        "median": 10.1464576721,
        "min": 5.21337652206,
        "var": 16.3107051849
    },
    "erbbands_flatness_db": {
        "dmean": 0.0306321885437,
        "dmean2": 0.0488023683429,
        "dvar": 0.000848851981573,
        "dvar2": 0.00210536061786,
        "max": 0.41472774744,
        "mean": 0.28255879879,
        "median": 0.282955378294,
        "min": 0.133043080568,
        "var": 0.00256149773486
    },
    "erbbands_kurtosis": {
        "dmean": 3.04848599434,
        "dmean2": 5.20526647568,
        "dvar": 20.2580623627,
        "dvar2": 52.2481803894,
        "max": 58.164100647,
        "mean": 4.78165626526,
        "median": 2.4656624794,
        "min": -0.882912158966,
        "var": 58.0552558899
    },
    "erbbands_skewness": {
        "dmean": 0.562436759472,
        "dmean2": 0.960176289082,
        "dvar": 0.231340393424,
        "dvar2": 0.577939748764,
        "max": 5.62467050552,
        "mean": 1.20401513577,
        "median": 1.05580317974,
        "min": -0.971145272255,
        "var": 0.938531398773
    },
    "erbbands_spread": {
        "dmean": 3.16574120522,
        "dmean2": 5.1832575798,
        "dvar": 12.8291931152,
        "dvar2": 30.7413806915,
        "max": 33.1175804138,
        "mean": 10.5955047607,
        "median": 9.78629970551,
        "min": 1.45199561119,
        "var": 27.9829826355
    },
    "hfc": {
        "dmean": 5.74079418182,
        "dmean2": 8.52313137054,
        "dvar": 647.272583008,
        "dvar2": 1506.34887695,
        "max": 377.901977539,
        "mean": 7.57489347458,
        "median": 1.1440089941,
        "min": 0.00800140108913,
        "var": 879.332519531
    },
    "melbands_crest": {
        "dmean": 3.77851843834,
        "dmean2": 6.31903839111,
        "dvar": 10.8370752335,
        "dvar2": 28.2972145081,
        "max": 32.1348648071,
        "mean": 14.7900276184,
        "median": 13.8936634064,
        "min": 6.11029720306,
        "var": 29.7084312439
    },
    "melbands_flatness_db": {
        "dmean": 0.0375733114779,
        "dmean2": 0.0596771165729,
        "dvar": 0.00142162712291,
        "dvar2": 0.00313816335984,
        "max": 0.565300285816,
        "mean": 0.379918694496,
        "median": 0.370635688305,
        "min": 0.181830242276,
        "var": 0.00605662399903
    },
    "melbands_kurtosis": {
        "dmean": 6.64255619049,
        "dmean2": 10.9173755646,
        "dvar": 83.8384475708,
        "dvar2": 234.192596436,
        "max": 86.0660476685,
        "mean": 10.0034675598,
        "median": 6.40857791901,
        "min": -1.2305482626,
        "var": 135.88444519
    },
    "melbands_skewness": {
        "dmean": 0.693235576153,
        "dmean2": 1.1291282177,
        "dvar": 0.449010401964,
        "dvar2": 1.1097432375,
        "max": 5.20937871933,
        "mean": 1.86980390549,
        "median": 1.81232500076,
        "min": -1.02069664001,
        "var": 1.17635762691
    },
    "melbands_spread": {
        "dmean": 1.35082566738,
        "dmean2": 2.1381611824,
        "dvar": 1.67280519009,
        "dvar2": 3.48658132553,
        "max": 16.1678543091,
        "mean": 4.89233016968,
        "median": 4.36427116394,
        "min": 0.781343579292,
        "var": 8.06727218628
    },
    "pitch_salience": {
        "dmean": 0.0903369560838,
        "dmean2": 0.150277718902,
        "dvar": 0.00745663279667,
        "dvar2": 0.0193528104573,
        "max": 0.911770880222,
        "mean": 0.629967927933,
        "median": 0.653571128845,
        "min": 0.210123643279,
        "var": 0.0150513909757
    },
    "silence_rate_20dB": {
        "dmean": 0.00740740727633,
        "dmean2": 0.0148698883131,
        "dvar": 0.0073525365442,
        "dvar2": 0.0146487727761,
        "max": 1,
        "mean": 0.992619931698,
        "median": 1,
        "min": 0,
        "var": 0.00732560874894
    },
    "silence_rate_30dB": {
        "dmean": 0.0296296291053,
        "dmean2": 0.0594795532525,
        "dvar": 0.0287516992539,
        "dvar2": 0.0559417530894,
        "max": 1,
        "mean": 0.959409594536,
        "median": 1,
        "min": 0,
        "var": 0.0389428175986
    },
    "silence_rate_60dB": {
        "dmean": 0.151851847768,
        "dmean2": 0.304832726717,
        "dvar": 0.128793209791,
        "dvar2": 0.263954460621,
        "max": 1,
        "mean": 0.461254626513,
        "median": 0,
        "min": 0,
        "var": 0.248498976231
    },
    "spectral_centroid": {
        "dmean": 51.8252754211,
        "dmean2": 82.4911499023,
        "dvar": 3004.84155273,
        "dvar2": 6200.67822266,
        "max": 904.641723633,
        "mean": 396.868469238,
        "median": 376.181274414,
        "min": 182.524093628,
        "var": 17260.5292969
    },
    "spectral_complexity": {
        "dmean": 2.05925917625,
        "dmean2": 3.19330859184,
        "dvar": 11.9594564438,
        "dvar2": 22.8473854065,
        "max": 52,
        "mean": 6.97047948837,
        "median": 6,
        "min": 0,
        "var": 39.7998657227
    },
    "spectral_decrease": {
        "dmean": 4.23172696884e-09,
        "dmean2": 6.39235242517e-09,
        "dvar": 2.31456490928e-16,
        "dvar2": 5.47938890255e-16,
        "max": -3.44987710274e-12,
        "mean": -4.93454610506e-09,
        "median": -8.46499759177e-10,
        "min": -2.08869195717e-07,
        "var": 2.6850822667e-16
    },
    "spectral_energy": {
        "dmean": 0.0164852533489,
        "dmean2": 0.024889132008,
        "dvar": 0.0035614951048,
        "dvar2": 0.00842614844441,
        "max": 0.822595179081,
        "mean": 0.0193111244589,
        "median": 0.00332245859317,
        "min": 1.40173724503e-05,
        "var": 0.00415663700551
    },
    "spectral_energyband_high": {
        "dmean": 3.8082129322e-05,
        "dmean2": 7.00237578712e-05,
        "dvar": 1.04911848098e-07,
        "dvar2": 3.0231007031e-07,
        "max": 0.00408294331282,
        "mean": 2.47155076067e-05,
        "median": 5.01421993704e-07,
        "min": 6.32190761962e-08,
        "var": 6.2633240816e-08
    },
    "spectral_energyband_low": {
        "dmean": 0.00217743474059,
        "dmean2": 0.00396265368909,
        "dvar": 5.35985309398e-05,
        "dvar2": 0.000153148299432,
        "max": 0.0643296763301,
        "mean": 0.00163926486857,
        "median": 0.000129960986669,
        "min": 1.01060372515e-07,
        "var": 3.44705367752e-05
    },
    "spectral_energyband_middle_high": {
        "dmean": 0.00100811594166,
        "dmean2": 0.00151729106437,
        "dvar": 4.0315077058e-05,
        "dvar2": 7.84432413639e-05,
        "max": 0.0932879298925,
        "mean": 0.0014564357698,
        "median": 9.07436333364e-05,
        "min": 4.67362220036e-08,
        "var": 6.49938228889e-05
    },
    "spectral_energyband_middle_low": {
        "dmean": 0.0151717737317,
        "dmean2": 0.0232042968273,
        "dvar": 0.0028789495118,
        "dvar2": 0.00690572429448,
        "max": 0.729546844959,
        "mean": 0.017684340477,
        "median": 0.00307812727988,
        "min": 1.05660756162e-05,
        "var": 0.003284111619
    },
    "spectral_entropy": {
        "dmean": 0.289956599474,
        "dmean2": 0.465695858002,
        "dvar": 0.0894065350294,
        "dvar2": 0.207226023078,
        "max": 7.64771461487,
        "mean": 6.16396760941,
        "median": 6.24023771286,
        "min": 4.95489501953,
        "var": 0.34107208252
    },
    "spectral_flux": {
        "dmean": 0.0352555625141,
        "dmean2": 0.0576685443521,
        "dvar": 0.00432071788236,
        "dvar2": 0.0100012561306,
        "max": 0.775150358677,
        "mean": 0.0651700645685,
        "median": 0.037604894489,
        "min": 0.000979653093964,
        "var": 0.00728350738063
    },
    "spectral_kurtosis": {
        "dmean": 15.426150322,
        "dmean2": 25.8100719452,
        "dvar": 277.242462158,
        "dvar2": 634.365844727,
        "max": 152.335159302,
        "mean": 41.5140457153,
        "median": 34.3577461243,
        "min": 4.57225131989,
        "var": 812.643554688
    },
    "spectral_rms": {
        "dmean": 0.00125010719057,
        "dmean2": 0.00181348517071,
        "dvar": 5.26299436387e-06,
        "dvar2": 1.06980442069e-05,
        "max": 0.028328994289,
        "mean": 0.00280832662247,
        "median": 0.0018003951991,
        "min": 0.000116942232125,
        "var": 1.09534257717e-05
    },
    "spectral_rolloff": {
        "dmean": 88.2063827515,
        "dmean2": 144.168365479,
        "dvar": 8101.49560547,
        "dvar2": 16611.4296875,
        "max": 1098.19335938,
        "mean": 505.831573486,
        "median": 495.263671875,
        "min": 172.265625,
        "var": 34602.65625
    },
    "spectral_skewness": {
        "dmean": 0.973918318748,
        "dmean2": 1.61135435104,
        "dvar": 0.960415184498,
        "dvar2": 2.34477639198,
        "max": 10.3258857727,
        "mean": 4.85092163086,
        "median": 4.59333610535,
        "min": 1.53545677662,
        "var": 2.89672207832
    },
    "spectral_spread": {
        "dmean": 693831.1875,
        "dmean2": 1148534.25,
        "dvar": 896103677952,
        "dvar2": 1.83929117082e+12,
        "max": 13004817,
        "mean": 2094388.25,
        "median": 1758821,
        "min": 640711.1875,
        "var": 1.49529178931e+12
    },
    "spectral_strongpeak": {
        "dmean": 0.314504891634,
        "dmean2": 0.510382294655,
        "dvar": 0.445848941803,
        "dvar2": 1.14883434772,
        "max": 7.77408266068,
        "mean": 0.49457219243,
        "median": 0.258951753378,
        "min": 0.00558724673465,
        "var": 0.648382544518
    },
    "zerocrossingrate": {
        "dmean": 0.00330946175382,
        "dmean2": 0.00409865844995,
        "dvar": 1.53141318151e-05,
        "dvar2": 2.15199524973e-05,
        "max": 0.07861328125,
        "mean": 0.0216933805496,
        "median": 0.01953125,
        "min": 0.005859375,
        "var": 0.000100843542896
    },
    "barkbands": {
        "dmean": [6.05050354352e-06, 2.01891743927e-05, 0.000437479582615, 0.00505196582526, 0.00528092635795, 0.00441145570949, 0.00112776120659, 0.000869228853844, 0.00063706911169, 0.000664609950036, 0.000161108095199, 0.000332940660883, 0.000102648285974, 8.67754861247e-05, 5.19293134857e-05, 7.35234134481e-05, 5.56602062716e-05, 4.15488611907e-05, 2.76014343399e-05, 2.80754429696e-05, 1.01938276202e-05, 2.46355398303e-06, 2.18138529817e-06, 2.49937147601e-06, 2.30996670325e-06, 3.71465972648e-07, 1.02552704107e-07],
        "dmean2": [1.1063666534e-05, 3.810479393e-05, 0.000792664650362, 0.00839709676802, 0.00810111500323, 0.00746219139546, 0.0018512144452, 0.00158220343292, 0.000800979556516, 0.00079922954319, 0.000230092045967, 0.000600896542892, 0.000162254538736, 0.000126087106764, 9.3440474302e-05, 0.000121634810057, 9.77647941909e-05, 6.77339921822e-05, 4.71972016385e-05, 5.15865249326e-05, 1.85824737855e-05, 4.13315501646e-06, 3.83138421967e-06, 4.71672092317e-06, 4.38039660366e-06, 6.67037625135e-07, 1.8791263301e-07],
        "dvar": [2.35414410188e-10, 9.26513266108e-09, 2.31113813243e-06, 0.000271658442216, 0.000432194006862, 0.000168456070242, 2.11965598282e-05, 3.21532643284e-05, 5.97875623498e-06, 1.2984462046e-05, 3.79064005074e-07, 5.79831021241e-06, 2.46450127861e-07, 3.27630203856e-07, 1.0341542378e-07, 3.25893751096e-07, 2.40770219762e-07, 1.21932671959e-07, 4.35212612615e-08, 7.2163189202e-08, 9.05579788935e-09, 3.25485027819e-10, 1.65147812092e-10, 1.30124924724e-10, 7.15789372219e-11, 1.84990174221e-12, 1.74686938634e-13],
        "dvar2": [7.20065451709e-10, 2.71350195646e-08, 6.51213076708e-06, 0.00069223344326, 0.000978381955065, 0.000442642020062, 5.59805448574e-05, 9.27786095417e-05, 7.97712073108e-06, 1.66770205396e-05, 6.30399313195e-07, 1.24978141685e-05, 6.01159570124e-07, 7.92105936398e-07, 2.7980885875e-07, 8.40359803078e-07, 6.56485099171e-07, 3.07305384695e-07, 1.14049811373e-07, 2.06995196095e-07, 2.62064414613e-08, 8.85986173316e-10, 4.46018916245e-10, 3.72051472963e-10, 2.04711692042e-10, 4.82936130322e-12, 4.75160113079e-13],
        "max": [0.000129054707941, 0.00100978079718, 0.0135096246377, 0.155850455165, 0.277049422264, 0.129843845963, 0.0640067830682, 0.0741689801216, 0.0489252060652, 0.0669083595276, 0.00801521446556, 0.0307833664119, 0.00552028045058, 0.00824895314872, 0.00443732133135, 0.00776992086321, 0.00653685629368, 0.00478449976072, 0.00286781508476, 0.00338514684699, 0.00120682141278, 0.000244795286562, 0.000161959265824, 0.000127464038087, 6.05219574936e-05, 1.53959899762e-05, 4.83326857648e-06],
        "mean": [5.25908944837e-06, 1.26112872749e-05, 0.000318064034218, 0.00411475962028, 0.00532499421388, 0.00438129063696, 0.00125740165822, 0.000863764027599, 0.000968573032878, 0.000973667716607, 0.00021772076434, 0.000394398055505, 0.000137733411975, 9.11009410629e-05, 6.02100044489e-05, 5.98517181061e-05, 4.28046332672e-05, 3.26560184476e-05, 2.23973383982e-05, 1.80951010407e-05, 6.95184735378e-06, 1.9893575427e-06, 1.53260805291e-06, 1.58704915521e-06, 1.36091011882e-06, 2.49174291866e-07, 1.24677669078e-07],
        "median": [6.52042785987e-07, 3.27706572989e-07, 2.47319730988e-05, 0.000302651489619, 0.000661859987304, 0.000521311536431, 0.000208411627682, 0.00013584876433, 0.00010270911298, 4.31876796938e-05, 2.16017906496e-05, 1.51795275087e-05, 7.17858938515e-06, 3.94248445446e-06, 1.71506417246e-06, 1.37380959586e-06, 6.79389700053e-07, 4.66474830318e-07, 3.15112202998e-07, 2.00835131636e-07, 9.6309257458e-08, 4.24117487796e-08, 3.45541302238e-08, 5.45437259802e-08, 3.73329172021e-08, 1.39775613306e-08, 6.66460380216e-08],
        "min": [4.11894562902e-09, 5.72127856202e-09, 3.76246633849e-09, 2.54179127523e-07, 3.37001978323e-07, 7.33067849978e-07, 1.29237179181e-07, 1.21377155438e-07, 1.22012977499e-07, 4.10086231639e-09, 2.59133536851e-09, 1.98853067346e-09, 2.59811749892e-09, 1.19786025543e-09, 9.58313428612e-10, 1.01755515125e-09, 9.40774569358e-10, 9.67409596875e-10, 8.291748399e-10, 7.15522974204e-10, 9.94120119557e-10, 8.99119001474e-10, 1.09715081464e-09, 1.85609083658e-09, 2.56557308731e-09, 4.45671410887e-09, 4.30158308973e-08],
        "var": [2.12858147774e-10, 5.03698238674e-09, 1.47642333559e-06, 0.000226392381592, 0.000447460013675, 0.000151713378727, 2.09432819247e-05, 2.21404297918e-05, 2.00451158889e-05, 3.49796027876e-05, 7.54123561819e-07, 6.89197304382e-06, 3.73529218223e-07, 3.45924092926e-07, 1.23330181623e-07, 2.55447076825e-07, 1.69083435253e-07, 9.64701669659e-08, 3.50659270509e-08, 4.29842472727e-08, 5.46791811828e-09, 2.4278309918e-10, 1.19739648752e-10, 8.15819148348e-11, 4.21848909971e-11, 1.37340822309e-12, 1.1743394885e-13]
    },
    "erbbands": {
        "dmean": [0.000577634957153, 0.0109903281555, 0.391767054796, 8.32579803467, 21.2334442139, 13.4318466187, 32.6592559814, 34.2011489868, 16.8919219971, 27.0151672363, 13.347328186, 12.9984292984, 28.7142791748, 7.9645075798, 10.52252388, 11.7369661331, 4.85044527054, 4.35193395615, 3.15101838112, 2.75195431709, 4.02944850922, 3.30369973183, 2.29087543488, 1.81072103977, 1.3385976553, 1.25226807594, 0.789433419704, 0.263628542423, 0.0979499071836, 0.0546901710331, 0.0691084563732, 0.0484507493675, 0.0480379201472, 0.0333857685328, 0.0116663873196, 0.00297991535626, 0.000383524602512, 0.000100498982647, 2.32127895288e-05, 1.88982576219e-05],
        "dmean2": [0.00102737604175, 0.0197880771011, 0.69265204668, 14.1368551254, 34.6971206665, 21.8367595673, 56.9416885376, 55.9850502014, 25.128484726, 47.896030426, 23.8592433929, 18.759437561, 38.1946220398, 10.2104692459, 16.0904960632, 20.0553379059, 7.95809745789, 6.22233343124, 5.76511478424, 4.18219614029, 6.89515542984, 5.66702604294, 3.70719695091, 3.08141255379, 2.33853769302, 2.29325938225, 1.45814549923, 0.481193393469, 0.166525870562, 0.0920830667019, 0.122338503599, 0.0883200839162, 0.0922770053148, 0.0634009242058, 0.0218616183847, 0.00541247520596, 0.000685956329107, 0.000182456831681, 3.93035697925e-05, 2.88579776679e-05],
        "dvar": [6.4567489062e-06, 0.00146017223597, 1.64305889606, 704.183166504, 7472.35693359, 1743.72961426, 22345.3457031, 6628.29541016, 2542.61523438, 23939.1308594, 4036.53198242, 2603.9152832, 26165.2460938, 1361.86523438, 3733.37792969, 5994.06298828, 591.735351562, 732.219055176, 408.927764893, 364.820007324, 1057.3770752, 839.938537598, 356.674346924, 209.991271973, 123.428672791, 138.817703247, 60.8573493958, 5.61639213562, 0.514210879803, 0.127739131451, 0.166313633323, 0.0653769746423, 0.0449084714055, 0.015805605799, 0.00186402141117, 0.000107360137918, 2.50566881732e-06, 1.80829758278e-07, 7.40687111644e-09, 4.95291807567e-09],
        "dvar2": [1.84533710126e-05, 0.00410039862618, 4.6011300087, 1873.6607666, 15381.1816406, 4395.45947266, 66288.2890625, 13987.8828125, 5438.80078125, 72406.8359375, 11335.0019531, 5038.38476562, 31407.0078125, 2350.19116211, 7633.67333984, 13766.4570312, 1370.4284668, 1727.99365234, 1129.64575195, 898.40234375, 2870.72363281, 2240.90234375, 889.608215332, 553.947814941, 334.157470703, 397.425537109, 176.731918335, 16.257024765, 1.42327547073, 0.335008114576, 0.451342940331, 0.183798253536, 0.12992978096, 0.0454071238637, 0.00524613354355, 0.000287209288217, 6.67439144308e-06, 4.82785651457e-07, 1.93871301235e-08, 1.1821245316e-08],
        "max": [0.0283221490681, 0.322174310684, 10.9855127335, 207.73298645, 1078.85009766, 489.748291016, 1746.78210449, 804.76184082, 622.570678711, 1997.09472656, 857.075561523, 984.574523926, 2833.67675781, 663.630065918, 877.070373535, 1064.35351562, 273.592010498, 397.103942871, 278.442077637, 275.441864014, 433.496643066, 390.410858154, 259.686096191, 196.986343384, 149.345199585, 149.077407837, 98.031791687, 29.8669013977, 9.53510284424, 4.83271074295, 5.08840417862, 3.14349913597, 2.17260360718, 0.841497540474, 0.37613889575, 0.103131890297, 0.0192840248346, 0.00497667025775, 0.00112795573659, 0.000982421799563],
        "mean": [0.000427667720942, 0.00794163253158, 0.300001531839, 6.68457937241, 20.4746990204, 13.6372718811, 28.212600708, 35.5442314148, 18.4169998169, 24.9221916199, 15.289601326, 19.1881961823, 45.8955459595, 10.800412178, 13.23442173, 13.6400432587, 6.71428966522, 5.24816417694, 3.70994281769, 2.73179554939, 3.12587833405, 2.57932972908, 1.83952844143, 1.40397715569, 1.02190566063, 0.819076418877, 0.511708080769, 0.182379499078, 0.0766696035862, 0.0423165559769, 0.0476527959108, 0.032290969044, 0.0292435865849, 0.0196111239493, 0.00706309545785, 0.00191153783817, 0.000271639146376, 7.66217417549e-05, 2.59664593614e-05, 2.33949758695e-05],
        "median": [4.49833933089e-05, 0.000604665954597, 0.0279456507415, 0.54963684082, 1.64384055138, 1.96507608891, 2.80481672287, 4.02341461182, 2.9573931694, 4.19479608536, 2.78469443321, 2.18444275856, 2.11418819427, 0.978408277035, 0.912953615189, 0.604927659035, 0.370140850544, 0.238606795669, 0.134350657463, 0.0914049521089, 0.069715410471, 0.0375248268247, 0.027649981901, 0.0214004795998, 0.0131092509255, 0.00956110004336, 0.0054943151772, 0.00308821233921, 0.00167007138953, 0.00110685569234, 0.00105932762381, 0.00099835859146, 0.000807079602964, 0.000501705333591, 0.000232973514358, 7.64108481235e-05, 2.39188466367e-05, 1.41555192386e-05, 9.1262454589e-06, 5.05870275447e-06],
        "min": [7.49409196033e-07, 2.19237358579e-06, 4.42968666903e-05, 0.000524834380485, 0.00247782748193, 0.00134052068461, 0.00283481832594, 0.0075780232437, 0.00238689873368, 0.00374818313867, 0.00126883049961, 0.00343838031404, 0.000782757473644, 0.000142913791933, 0.000117585106636, 8.81133601069e-05, 0.000134529487696, 7.60985640227e-05, 4.43781718786e-05, 6.32637966191e-05, 6.67348867864e-05, 6.23754604021e-05, 4.50258157798e-05, 5.27560478076e-05, 3.40177939506e-05, 3.30559087161e-05, 4.06789476983e-05, 3.80575329473e-05, 3.03306223941e-05, 3.43074534612e-05, 3.53785035259e-05, 3.53786927008e-05, 3.08388880512e-05, 2.74054800684e-05, 1.81216073543e-05, 9.07850062504e-06, 7.79558104114e-06, 8.05521540315e-06, 5.34503942617e-06, 1.00311035567e-06],
        "var": [3.88171110899e-06, 0.00092189188581, 1.09297859669, 542.989807129, 8205.18164062, 1627.7286377, 13818.7900391, 8354.91113281, 3012.3046875, 16812.3808594, 3590.75219727, 6918.11865234, 76839.3828125, 2713.05419922, 5133.66259766, 7475.41357422, 917.373168945, 896.624389648, 453.745056152, 364.00491333, 758.626342773, 612.737731934, 289.780456543, 159.226593018, 89.6111831665, 83.540512085, 35.8800201416, 3.35615134239, 0.366679310799, 0.100049518049, 0.11860191077, 0.0433906875551, 0.0266750697047, 0.00922619923949, 0.00115241459571, 7.56047811592e-05, 1.79773121545e-06, 1.26418640889e-07, 6.13754203016e-09, 5.66877078612e-09]
    },
    "gfcc": {
        "mean": [-218.422912598, 160.523635864, -90.6838531494, -33.3195343018, -71.1135253906, -27.9434566498, -46.795955658, -18.6843261719, -32.2528114319, -18.7424182892, -15.0600204468, -17.5537796021, -9.22145462036],
        "cov": [[14362.2412109, 764.93182373, -3335.8190918, 893.190612793, -290.226837158, 353.313018799, -566.504394531, -131.967483521, -408.282012939, -133.656463623, 89.4429092407, -113.958480835, 271.686645508], [764.93182373, 1012.85797119, 7.06462860107, -100.666297913, 205.297836304, -50.747127533, 71.0813827515, -145.42628479, 63.7519187927, -80.4740219116, -5.07281064987, -79.8985443115, -15.3324584961], [-3335.8190918, 7.06462860107, 1542.95117188, 155.43963623, 255.265304565, -72.4145278931, 61.086139679, 44.1960449219, 72.9767913818, 15.5042896271, -57.6513214111, -11.9160556793, -91.4449081421], [893.190612793, -100.666297913, 155.43963623, 471.106506348, 112.095710754, 56.8975296021, -96.9226989746, 12.9295787811, -73.1327362061, -35.4179496765, -24.4805240631, -21.2032775879, 21.996307373], [-290.226837158, 205.297836304, 255.265304565, 112.095710754, 209.973815918, 31.1481876373, 31.6050815582, -30.9097614288, 9.82927894592, -29.6364402771, -24.7272644043, -23.2592334747, -20.5335903168], [353.313018799, -50.747127533, -72.4145278931, 56.8975296021, 31.1481876373, 122.477661133, 11.9570512772, 32.9417877197, -30.7927112579, -2.80415272713, -2.03716182709, -2.32893919945, 0.553855538368], [-566.504394531, 71.0813827515, 61.086139679, -96.9226989746, 31.6050815582, 11.9570512772, 114.389686584, 20.3325271606, 45.7093658447, -12.9308404922, -10.6806850433, -8.18921661377, -28.3714618683], [-131.967483521, -145.42628479, 44.1960449219, 12.9295787811, -30.9097614288, 32.9417877197, 20.3325271606, 89.6133117676, 4.31275606155, 19.2484302521, -7.9199590683, 2.46294283867, -16.013299942], [-408.282012939, 63.7519187927, 72.9767913818, -73.1327362061, 9.82927894592, -30.7927112579, 45.7093658447, 4.31275606155, 59.2141532898, 11.9450922012, 2.59339261055, -5.0200214386, -17.6299858093], [-133.656463623, -80.4740219116, 15.5042896271, -35.4179496765, -29.6364402771, -2.80415272713, -12.9308404922, 19.2484302521, 11.9450922012, 47.5842628479, 17.6706371307, 10.6500444412, -4.33246994019], [89.4429092407, -5.07281064987, -57.6513214111, -24.4805240631, -24.7272644043, -2.03716182709, -10.6806850433, -7.9199590683, 2.59339261055, 17.6706371307, 43.1058540344, 19.5634880066, 15.1603126526], [-113.958480835, -79.8985443115, -11.9160556793, -21.2032775879, -23.2592334747, -2.32893919945, -8.18921661377, 2.46294283867, -5.0200214386, 10.6500444412, 19.5634880066, 44.7124176025, 20.7685470581], [271.686645508, -15.3324584961, -91.4449081421, 21.996307373, -20.5335903168, 0.553855538368, -28.3714618683, -16.013299942, -17.6299858093, -4.33246994019, 15.1603126526, 20.7685470581, 47.0435333252]],
        "icov": [[0.000704603444319, -0.00146282883361, 0.00146571511868, -0.00196988857351, 0.00133214273956, -0.00100837997161, 0.00174252898432, -0.000962151796557, 0.000503773451783, -0.000921975006349, 0.000564710295293, -0.000672982307151, 0.000759895367082], [-0.00146282883361, 0.00564160384238, -0.00286534847692, 0.00545708555728, -0.00559491757303, 0.0025380582083, -0.00262296781875, 0.00323299341835, -0.00314984493889, 0.00577816879377, -0.00415470777079, 0.00613058451563, -0.00280372612178], [0.00146571511868, -0.00286534847692, 0.00425735022873, -0.00441997125745, 0.000959151599091, -0.00056782644242, 0.00346391322091, -0.00286623858847, 0.000729033839889, -0.00275752646849, 0.00184098945465, -0.00256308470853, 0.00303980521858], [-0.00196988857351, 0.00545708555728, -0.00441997125745, 0.0113225663081, -0.00833020545542, 0.0024163229391, 0.00114737288095, -0.000904331041966, -0.000774625281338, 0.00892402138561, -0.00427745329216, 0.00705661391839, -0.00521630095318], [0.00133214273956, -0.00559491757303, 0.000959151599091, -0.00833020545542, 0.0175051614642, -0.00805241055787, -0.0010444286745, 0.00554959569126, -0.00138283835258, -0.00457668118179, 0.00666566099972, -0.00639989459887, 0.00497471913695], [-0.00100837997161, 0.0025380582083, -0.00056782644242, 0.0024163229391, -0.00805241055787, 0.0182437635958, -0.00908939633518, -0.00566905224696, 0.0126604605466, -0.00332933408208, -0.00418437598273, 0.00358443032019, -0.0025196543429], [0.00174252898432, -0.00262296781875, 0.00346391322091, 0.00114737288095, -0.0010444286745, -0.00908939633518, 0.0316635631025, -0.00940107274801, -0.017885165289, 0.0174975749105, -0.00101924303453, -0.00254635489546, 0.00718690035865], [-0.000962151796557, 0.00323299341835, -0.00286623858847, -0.000904331041966, 0.00554959569126, -0.00566905224696, -0.00940107274801, 0.0256250333041, -0.00403090985492, -0.00735911726952, 0.00596538139507, -0.00133725896012, 0.00348320999183], [0.000503773451783, -0.00314984493889, 0.000729033839889, -0.000774625281338, -0.00138283835258, 0.0126604605466, -0.017885165289, -0.00403090985492, 0.0472367927432, -0.0197135601193, -0.00262426794507, 0.00345017854124, 0.000141654105391], [-0.000921975006349, 0.00577816879377, -0.00275752646849, 0.00892402138561, -0.00457668118179, -0.00332933408208, 0.0174975749105, -0.00735911726952, -0.0197135601193, 0.0524895936251, -0.0199737548828, 0.00377366528846, 0.00598117290065], [0.000564710295293, -0.00415470777079, 0.00184098945465, -0.00427745329216, 0.00666566099972, -0.00418437598273, -0.00101924303453, 0.00596538139507, -0.00262426794507, -0.0199737548828, 0.0437520705163, -0.0177219603211, -0.00376099627465], [-0.000672982307151, 0.00613058451563, -0.00256308470853, 0.00705661391839, -0.00639989459887, 0.00358443032019, -0.00254635489546, -0.00133725896012, 0.00345017854124, 0.00377366528846, -0.0177219603211, 0.0476968586445, -0.0209288522601], [0.000759895367082, -0.00280372612178, 0.00303980521858, -0.00521630095318, 0.00497471913695, -0.0025196543429, 0.00718690035865, 0.00348320999183, 0.000141654105391, 0.00598117290065, -0.00376099627465, -0.0209288522601, 0.0430789887905]]
    },
    "melbands": {
        "dmean": [4.80808830616e-06, 0.000105473940494, 0.00202087895013, 0.00114153139293, 0.000996171380393, 0.000767787336372, 0.000245534960413, 0.000280105014099, 9.22375475056e-05, 9.25208150875e-05, 0.00014009597362, 2.95917197946e-05, 3.08168964693e-05, 4.18555209762e-05, 1.89482052519e-05, 8.74088345881e-06, 8.17407726572e-06, 5.06323749505e-06, 3.64928837371e-06, 4.85877535539e-06, 4.1836242417e-06, 3.2895111417e-06, 2.29942816077e-06, 2.29816532737e-06, 1.35515017519e-06, 1.10963446787e-06, 7.88841248323e-07, 8.9751381438e-07, 6.22201980605e-07, 2.35570738027e-07, 1.20137130466e-07, 5.31043369278e-08, 4.32588080912e-08, 2.44188171905e-08, 4.03543687355e-08, 3.63166954287e-08, 2.70715769801e-08, 3.38997132587e-08, 3.36804397705e-08, 2.64218265045e-08],
        "dmean2": [9.11991355679e-06, 0.000190340782865, 0.00325969955884, 0.00185765593778, 0.0017288060626, 0.00126553792506, 0.000368876062566, 0.000493410567287, 0.00016360868176, 0.00011075715156, 0.000186138466233, 4.04387137678e-05, 4.24033678428e-05, 7.50210674596e-05, 3.07490081468e-05, 1.42825483636e-05, 1.15109960461e-05, 9.38633911574e-06, 6.36396089249e-06, 7.74868658482e-06, 7.20630760043e-06, 5.6209964896e-06, 3.82061398341e-06, 3.88794433093e-06, 2.27958321375e-06, 1.97844133254e-06, 1.34550600706e-06, 1.67615655755e-06, 1.15315708626e-06, 4.35510997931e-07, 2.17763599153e-07, 8.97463010574e-08, 7.40049372894e-08, 4.09711766736e-08, 7.14986683192e-08, 6.47087077255e-08, 5.02176575878e-08, 6.5336081434e-08, 6.42251265504e-08, 5.00243189094e-08],
        "dvar": [5.61842350422e-10, 1.28553480749e-07, 4.64942968392e-05, 1.71902465809e-05, 1.95881639229e-05, 3.5705402297e-06, 5.34454215995e-07, 2.86596036858e-06, 1.26791476873e-07, 1.34447248001e-07, 6.12976748471e-07, 1.95317078067e-08, 2.39555788539e-08, 9.4768786596e-08, 8.98813112826e-09, 1.82150861061e-09, 2.61799182333e-09, 1.11244713441e-09, 5.85932025121e-10, 1.36935363049e-09, 1.12135956076e-09, 8.12462930266e-10, 3.59217378065e-10, 4.21876977796e-10, 1.07414056816e-10, 8.03973485008e-11, 4.4257777998e-11, 7.71078617623e-11, 3.91315486958e-11, 4.88621252834e-12, 1.09000384673e-12, 1.3103717601e-13, 1.17381053336e-13, 1.93466475614e-14, 5.59421995219e-14, 4.90840244697e-14, 1.83874369588e-14, 2.62822770004e-14, 1.83727544897e-14, 9.95439387657e-15],
        "dvar2": [1.6445899087e-09, 3.61267922244e-07, 0.000110699744255, 3.58766992576e-05, 5.75305712118e-05, 7.95820324129e-06, 1.18076070521e-06, 8.62267461343e-06, 3.54774698508e-07, 1.93226071588e-07, 7.46256546336e-07, 3.82159726087e-08, 5.19642959773e-08, 2.01847157655e-07, 2.28772769617e-08, 4.71272576519e-09, 6.03501737473e-09, 3.08567393859e-09, 1.54467094671e-09, 3.36655814337e-09, 3.08695158324e-09, 2.14190554182e-09, 9.29295529417e-10, 1.10397113673e-09, 2.80164696997e-10, 2.2000674893e-10, 1.18772144897e-10, 2.23823154455e-10, 1.13537679258e-10, 1.423809768e-11, 3.15254983577e-12, 3.59609098142e-13, 3.1553134671e-13, 5.00320881188e-14, 1.52129854937e-13, 1.35463634667e-13, 5.21591098221e-14, 7.64367003936e-14, 5.32956078087e-14, 2.84961839553e-14],
        "max": [0.000258987536654, 0.00308831571601, 0.0730046629906, 0.0518373213708, 0.0518633015454, 0.0180378258228, 0.00931053049862, 0.021864593029, 0.00475735357031, 0.00755393086001, 0.0137818614021, 0.00236683292314, 0.00223530107178, 0.0039381464012, 0.00133433938026, 0.000547943869606, 0.000751754909288, 0.00046011043014, 0.000348895206116, 0.000510840152856, 0.000444618548499, 0.000386734347558, 0.000258268526522, 0.000276586972177, 0.00014192936942, 0.000120288372273, 8.89591974556e-05, 0.000109147753392, 7.85054580774e-05, 2.77293638646e-05, 1.31694150696e-05, 4.8452984629e-06, 4.64506592834e-06, 1.80152323992e-06, 2.82636165139e-06, 2.88619253297e-06, 1.55970360538e-06, 1.77906485987e-06, 9.48173976667e-07, 6.89727698955e-07],
        "mean": [3.23332460539e-06, 7.62833660701e-05, 0.00173379783519, 0.0011690442916, 0.000906788278371, 0.000797144661192, 0.0002723231446, 0.000258065963862, 0.000111500550702, 0.000139343595947, 0.000221743161092, 3.68539804185e-05, 3.74916344299e-05, 4.96108150401e-05, 2.10830276046e-05, 1.15341481433e-05, 9.5567520475e-06, 5.81673521083e-06, 4.23602159572e-06, 4.14307805841e-06, 3.23647645928e-06, 2.62042635768e-06, 1.8431501303e-06, 1.69969177932e-06, 1.06755589968e-06, 8.6649623654e-07, 5.75994192786e-07, 5.61980186831e-07, 3.97060460955e-07, 1.5903437145e-07, 8.49830854577e-08, 4.376352436e-08, 3.22172972744e-08, 1.93269187321e-08, 2.78794196618e-08, 2.48163960492e-08, 1.77311925142e-08, 2.05326706748e-08, 1.99464071926e-08, 1.55055168705e-08],
        "median": [2.14448817815e-07, 5.86215628573e-06, 0.000145529338624, 0.000153387823957, 0.000101744160929, 9.51256151893e-05, 4.5970769861e-05, 4.34908833995e-05, 2.09434783756e-05, 1.36182643473e-05, 9.49648529058e-06, 3.40935093845e-06, 2.85032569991e-06, 2.09719291888e-06, 9.40481243106e-07, 6.23743801498e-07, 3.97594646984e-07, 2.14992667225e-07, 1.21855322277e-07, 1.04958076008e-07, 6.89219277206e-08, 4.03280147054e-08, 2.56206647009e-08, 2.15304591933e-08, 1.67856910593e-08, 1.10478222126e-08, 7.31614013816e-09, 5.72375791208e-09, 3.75694186872e-09, 2.34379293751e-09, 1.62405699999e-09, 8.90099050022e-10, 6.44225117696e-10, 5.26783006105e-10, 5.94252480557e-10, 6.27676910447e-10, 6.06286354454e-10, 5.91552695717e-10, 5.14755793546e-10, 3.65988406248e-10],
        "min": [4.23156620855e-09, 2.26424012872e-09, 1.12085672299e-07, 1.62756322197e-07, 9.349260921e-08, 1.4612230359e-07, 3.02991693957e-08, 3.99022610509e-08, 8.56447979203e-09, 1.99124219336e-08, 2.54918841591e-09, 5.52184131752e-10, 3.72222336287e-10, 2.69908539963e-10, 3.2721783616e-10, 2.00447408671e-10, 1.37575451031e-10, 6.14744505301e-11, 6.00581945287e-11, 6.17147027926e-11, 6.76165581859e-11, 6.47152470501e-11, 4.14185144515e-11, 4.48665549158e-11, 3.87631315935e-11, 2.95753005419e-11, 2.3721722503e-11, 2.04219141597e-11, 2.25364761575e-11, 1.7426879384e-11, 1.73726935615e-11, 1.45020757555e-11, 1.64349402143e-11, 1.76724850032e-11, 1.8155262016e-11, 1.58553916524e-11, 2.42965161878e-11, 2.07977298577e-11, 2.29748910868e-11, 2.40113345873e-11],
        "var": [3.06688674456e-10, 8.26216677297e-08, 4.31112675869e-05, 1.91883300431e-05, 1.25658425532e-05, 4.23430856245e-06, 6.36312336155e-07, 1.97239228328e-06, 1.39795929499e-07, 4.26668634645e-07, 1.79731807748e-06, 3.13100834148e-08, 3.3333414251e-08, 1.12393678364e-07, 1.193447563e-08, 2.55585907993e-09, 3.22945803433e-09, 1.1584216919e-09, 6.74562128378e-10, 1.15830445235e-09, 7.94711185748e-10, 6.0821586656e-10, 2.78084111294e-10, 3.07694869583e-10, 8.43489028624e-11, 5.91650409221e-11, 3.14369988375e-11, 4.43311151677e-11, 2.30101875054e-11, 2.87353712873e-12, 6.5601034804e-13, 9.90020443555e-14, 8.46476616015e-14, 1.60165138124e-14, 3.99120095155e-14, 3.37681712291e-14, 1.178139651e-14, 1.54125115584e-14, 1.04931856051e-14, 5.85891122605e-15]
    },
    "mfcc": {
        "mean": [-860.827392578, 194.047012329, 21.4698753357, -8.03339672089, -16.9053440094, -22.0535469055, -16.0993328094, -19.1416931152, -18.1076087952, -14.7627820969, -15.4589271545, -12.2517662048, -12.6261882782],
        "cov": [[12385.1171875, 1651.49914551, -3019.49633789, -200.666427612, -21.0154876709, -180.901138306, -1.11159086227, -339.770233154, -320.926849365, -276.461914062, -420.063934326, -116.689544678, -190.573944092], [1651.49914551, 1266.08874512, -412.963317871, -178.163299561, 49.0807685852, 52.5777015686, 1.36274170876, -40.8835906982, -47.8744163513, -45.1365203857, -57.0309181213, -15.4140443802, -27.4455299377], [-3019.49633789, -412.963317871, 1219.19116211, 310.584503174, 164.676620483, 101.129722595, 19.2639331818, 97.2498397827, 98.1733932495, 83.4114761353, 108.767990112, 26.7866821289, 46.0855407715], [-200.666427612, -178.163299561, 310.584503174, 423.919250488, 200.166122437, 43.8214836121, 16.0120639801, 12.8022241592, 7.38194179535, -3.36551475525, -22.3588237762, -11.9718456268, -15.3228607178], [-21.0154876709, 49.0807685852, 164.676620483, 200.166122437, 209.363128662, 80.4214019775, 41.2114295959, 12.401550293, 0.774697840214, -11.7103004456, -18.2897605896, -12.0487985611, -5.6016254425], [-180.901138306, 52.5777015686, 101.129722595, 43.8214836121, 80.4214019775, 99.6660766602, 42.0863609314, 26.7205066681, 10.8557415009, -1.92283523083, -3.47367024422, -6.00466060638, -4.75601387024], [-1.11159086227, 1.36274170876, 19.2639331818, 16.0120639801, 41.2114295959, 42.0863609314, 74.5802993774, 40.8204879761, 16.2183837891, 9.21705913544, 0.760697007179, 2.93637061119, 8.96513557434], [-339.770233154, -40.8835906982, 97.2498397827, 12.8022241592, 12.401550293, 26.7205066681, 40.8204879761, 78.5638046265, 40.7735214233, 22.4432697296, 15.5391349792, 5.66829824448, 8.85412597656], [-320.926849365, -47.8744163513, 98.1733932495, 7.38194179535, 0.774697840214, 10.8557415009, 16.2183837891, 40.7735214233, 51.0783004761, 33.9704818726, 19.8696155548, 9.1942691803, 8.81979942322], [-276.461914062, -45.1365203857, 83.4114761353, -3.36551475525, -11.7103004456, -1.92283523083, 9.21705913544, 22.4432697296, 33.9704818726, 52.0786323547, 35.195766449, 14.1709718704, 13.5109157562], [-420.063934326, -57.0309181213, 108.767990112, -22.3588237762, -18.2897605896, -3.47367024422, 0.760697007179, 15.5391349792, 19.8696155548, 35.195766449, 51.9184341431, 23.1170597076, 17.6663722992], [-116.689544678, -15.4140443802, 26.7866821289, -11.9718456268, -12.0487985611, -6.00466060638, 2.93637061119, 5.66829824448, 9.1942691803, 14.1709718704, 23.1170597076, 33.6912384033, 24.9243373871], [-190.573944092, -27.4455299377, 46.0855407715, -15.3228607178, -5.6016254425, -4.75601387024, 8.96513557434, 8.85412597656, 8.81979942322, 13.5109157562, 17.6663722992, 24.9243373871, 41.0456695557]],
