{
"lowlevel": {
    "average_loudness": 0.948359191418,
    "barkbands_crest": {
        "dmean": 3.84722805023,
        "dmean2": 6.0036687851,
        "dvar": 10.2423276901,
        "dvar2": 26.1464271545,
        "max": 26.7373123169,
        "mean": 17.4288463593,
        "median": 17.7777900696,
        "min": 5.19007587433,
        "var": 30.3664608002
    },
    "barkbands_flatness_db": {
        "dmean": 0.043325651437,
        "dmean2": 0.0573910325766,
        "dvar": 0.00118275219575,
        "dvar2": 0.00242589903064,
        "max": 0.481548041105,
        "mean": 0.251804292202,
        "median": 0.24598659575,
        "min": 0.0802328288555,
        "var": 0.00564862601459
    },
    "barkbands_kurtosis": {
        "dmean": 50.9436988831,
        "dmean2": 71.7790985107,
        "dvar": 9666.72070312,
        "dvar2": 19276.2988281,
        "max": 1030.12963867,
        "mean": 73.533744812,
        "median": 35.8868598938,
        "min": -1.3886834383,
        "var": 15819.3535156
    },
    "barkbands_skewness": {
        "dmean": 2.19081044197,
        "dmean2": 3.14260721207,
        "dvar": 5.73444604874,
        "dvar2": 11.4019565582,
        "max": 26.6141681671,
        "mean": 5.6374874115,
        "median": 4.53838777542,
        "min": -0.888219475746,
        "var": 16.090713501
    },
    "barkbands_spread": {
        "dmean": 3.5992128849,
        "dmean2": 5.45894193649,
        "dvar": 56.214553833,
        "dvar2": 115.482116699,
        "max": 73.3578567505,
        "mean": 5.87866020203,
        "median": 2.9748108387,
        "min": 0.0980535149574,
        "var": 87.638885498
    },
    "dissonance": {
        "dmean": 0.0380446277559,
        "dmean2": 0.0598926953971,
        "dvar": 0.00110256997868,
        "dvar2": 0.00285962806083,
        "max": 0.499972343445,
        "mean": 0.412286043167,
        "median": 0.424913287163,
        "min": 0.206055358052,
        "var": 0.00306618353352
    },
    "dynamic_complexity": 9.25351142883,
    "erbbands_crest": {
        "dmean": 4.24087524414,
        "dmean2": 6.42365598679,
        "dvar": 11.3487625122,
        "dvar2": 28.1030235291,
        "max": 30.2676696777,
        "mean": 16.4320869446,
        "median": 16.0739479065,
        "min": 4.74489593506,
        "var": 39.4207420349
    },
    "erbbands_flatness_db": {
        "dmean": 0.0358349047601,
        "dmean2": 0.0495835021138,
        "dvar": 0.000938626995776,
        "dvar2": 0.0015980147291,
        "max": 0.41002368927,
        "mean": 0.238437563181,
        "median": 0.235047698021,
        "min": 0.0949625074863,
        "var": 0.00517128780484
    },
    "erbbands_kurtosis": {
        "dmean": 10.064125061,
        "dmean2": 13.8574314117,
        "dvar": 276.539123535,
        "dvar2": 439.858947754,
        "max": 193.047149658,
        "mean": 16.7159671783,
        "median": 6.47475719452,
        "min": -1.69098103046,
        "var": 970.103027344
    },
    "erbbands_skewness": {
        "dmean": 1.02182400227,
        "dmean2": 1.42470383644,
        "dvar": 0.9555311203,
        "dvar2": 1.71819734573,
        "max": 10.4737319946,
        "mean": 2.72091913223,
        "median": 2.28744363785,
        "min": -1.21548604965,
        "var": 3.8218100071
    },
    "erbbands_spread": {
        "dmean": 9.94151210785,
        "dmean2": 14.5183191299,
        "dvar": 220.370330811,
        "dvar2": 448.845275879,
        "max": 115.818946838,
        "mean": 20.7215538025,
        "median": 16.3205947876,
        "min": 0.589998245239,
        "var": 411.859527588
    },
    "hfc": {
        "dmean": 2.82426857948,
        "dmean2": 3.95654702187,
        "dvar": 44.7045326233,
        "dvar2": 99.1365127563,
        "max": 75.4234085083,
        "mean": 4.3246717453,
        "median": 1.10140252113,
        "min": 0.034394338727,
        "var": 72.2499084473
    },
    "melbands_crest": {
        "dmean": 4.32625389099,
        "dmean2": 6.67951536179,
        "dvar": 13.5881223679,
        "dvar2": 36.7427330017,
        "max": 32.1541290283,
        "mean": 20.3258781433,
        "median": 20.2043418884,
        "min": 8.73251152039,
        "var": 30.3905296326
    },
    "melbands_flatness_db": {
        "dmean": 0.0459952838719,
        "dmean2": 0.0605293400586,
        "dvar": 0.00136366323568,
        "dvar2": 0.00272715976462,
        "max": 0.573025822639,
        "mean": 0.342781633139,
        "median": 0.343007087708,
        "min": 0.110401384532,
        "var": 0.00667476281524
    },
    "melbands_kurtosis": {
        "dmean": 34.0528945923,
        "dmean2": 55.4487876892,
        "dvar": 2935.60668945,
        "dvar2": 7615.78076172,
        "max": 580.389770508,
        "mean": 59.9793777466,
        "median": 37.6602630615,
        "min": -0.796317577362,
        "var": 4321.42333984
    },
    "melbands_skewness": {
        "dmean": 1.59244191647,
        "dmean2": 2.46343803406,
        "dvar": 2.79410839081,
        "dvar2": 7.05983400345,
        "max": 16.6518115997,
        "mean": 4.6400642395,
        "median": 4.13510608673,
        "min": -2.44535303116,
        "var": 7.17146253586
    },
    "melbands_spread": {
        "dmean": 2.9364168644,
        "dmean2": 4.64569425583,
        "dvar": 62.1106681824,
        "dvar2": 118.7292099,
        "max": 95.8690872192,
        "mean": 5.02496910095,
        "median": 2.55257177353,
        "min": 0.312331616879,
        "var": 93.9115600586
    },
    "pitch_salience": {
        "dmean": 0.115726970136,
        "dmean2": 0.177791103721,
        "dvar": 0.00900971051306,
        "dvar2": 0.0224082842469,
        "max": 0.784702479839,
        "mean": 0.451410800219,
        "median": 0.462237477303,
        "min": 0.0608206763864,
        "var": 0.0237882547081
    },
    "silence_rate_20dB": {
        "dmean": 0,
        "dmean2": 0,
        "dvar": 0,
        "dvar2": 0,
        "max": 1,
        "mean": 1,
        "median": 1,
        "min": 1,
        "var": 0
    },
    "silence_rate_30dB": {
        "dmean": 0.0321285128593,
        "dmean2": 0.0645161271095,
        "dvar": 0.0310963634402,
        "dvar2": 0.0684185326099,
        "max": 1,
        "mean": 0.972000002861,
        "median": 1,
        "min": 0,
        "var": 0.0272159371525
    },
    "silence_rate_60dB": {
        "dmean": 0.128514051437,
        "dmean2": 0.258064508438,
        "dvar": 0.111998066306,
        "dvar2": 0.215660586953,
        "max": 1,
        "mean": 0.508000016212,
        "median": 1,
        "min": 0,
        "var": 0.249936386943
    },
    "spectral_centroid": {
        "dmean": 121.609092712,
        "dmean2": 173.37991333,
        "dvar": 52544.3710938,
        "dvar2": 92320.65625,
        "max": 2614.37890625,
        "mean": 494.003479004,
        "median": 378.606445312,
        "min": 222.921585083,
        "var": 132083.390625
    },
    "spectral_complexity": {
        "dmean": 1.22088348866,
        "dmean2": 1.83064520359,
        "dvar": 1.98735821247,
        "dvar2": 3.51970124245,
        "max": 23,
        "mean": 4.19199991226,
        "median": 3,
        "min": 0,
        "var": 14.7631578445
    },
    "spectral_decrease": {
        "dmean": 2.36180563995e-09,
        "dmean2": 3.39225203483e-09,
        "dvar": 3.16727456547e-17,
        "dvar2": 6.66543659608e-17,
        "max": -6.93493006076e-12,
        "mean": -3.23854099094e-09,
        "median": -7.53970386125e-10,
        "min": -5.79978518545e-08,
        "var": 4.95504976634e-17
    },
    "spectral_energy": {
        "dmean": 0.00916592404246,
        "dmean2": 0.0131472051144,
        "dvar": 0.000476621993585,
        "dvar2": 0.00100478366949,
        "max": 0.225737541914,
        "mean": 0.0126152206212,
        "median": 0.00300580938347,
        "min": 2.92936983897e-05,
        "var": 0.000746025994886
    },
    "spectral_energyband_high": {
        "dmean": 2.25003805099e-05,
        "dmean2": 3.1866136851e-05,
        "dvar": 5.95410520887e-09,
        "dvar2": 1.22157404192e-08,
        "max": 0.00102831656113,
        "mean": 2.80574331555e-05,
        "median": 2.64982918452e-06,
        "min": 5.53101358491e-07,
        "var": 1.03626911496e-08
    },
    "spectral_energyband_low": {
        "dmean": 0.000322324776789,
        "dmean2": 0.000428556377301,
        "dvar": 7.56726251439e-07,
        "dvar2": 8.85447263954e-07,
        "max": 0.0134884016588,
        "mean": 0.000399409065722,
        "median": 2.76960727206e-05,
        "min": 9.08053081616e-08,
        "var": 2.15080171984e-06
    },
    "spectral_energyband_middle_high": {
        "dmean": 0.000204045179999,
        "dmean2": 0.000245558301685,
        "dvar": 2.2941118516e-07,
        "dvar2": 4.92828291954e-07,
        "max": 0.00666365213692,
        "mean": 0.000379323028028,
        "median": 4.21630320488e-05,
        "min": 8.74713805388e-07,
        "var": 8.65022059315e-07
    },
    "spectral_energyband_middle_low": {
        "dmean": 0.00901401415467,
        "dmean2": 0.0130352852866,
        "dvar": 0.000473186228191,
        "dvar2": 0.000999779324047,
        "max": 0.224440351129,
        "mean": 0.0121345920488,
        "median": 0.0021752868779,
        "min": 5.6621265685e-06,
        "var": 0.000724949291907
    },
    "spectral_entropy": {
        "dmean": 0.402444511652,
        "dmean2": 0.547402977943,
        "dvar": 0.123991787434,
        "dvar2": 0.212146222591,
        "max": 8.16630172729,
        "mean": 6.46680402756,
        "median": 6.50003051758,
        "min": 4.32670164108,
        "var": 0.523621916771
    },
    "spectral_flux": {
        "dmean": 0.0241334140301,
        "dmean2": 0.0374111384153,
        "dvar": 0.00149700220209,
        "dvar2": 0.00395851256326,
        "max": 0.438298106194,
        "mean": 0.0495247356594,
        "median": 0.0325577184558,
        "min": 0.00177777104545,
        "var": 0.00312843010761
    },
    "spectral_kurtosis": {
        "dmean": 5.37388324738,
        "dmean2": 7.94115018845,
        "dvar": 29.8423366547,
        "dvar2": 70.1376113892,
        "max": 57.1899414062,
        "mean": 15.4963960648,
        "median": 12.9211730957,
        "min": 0.00955629348755,
        "var": 125.484939575
    },
    "spectral_rms": {
        "dmean": 0.000957470969297,
        "dmean2": 0.00116652960423,
        "dvar": 1.64483947174e-06,
        "dvar2": 3.0543462799e-06,
        "max": 0.0148402070627,
        "mean": 0.00246388674714,
        "median": 0.00171221897472,
        "min": 0.000169053892023,
        "var": 6.23680261924e-06
    },
    "spectral_rolloff": {
        "dmean": 281.834014893,
        "dmean2": 487.796356201,
        "dvar": 1320351,
        "dvar2": 3430715.5,
        "max": 9431.54296875,
        "mean": 573.300354004,
        "median": 366.064453125,
        "min": 193.798828125,
        "var": 1096586.75
    },
    "spectral_skewness": {
        "dmean": 0.514735162258,
        "dmean2": 0.730868697166,
        "dvar": 0.206234276295,
        "dvar2": 0.464852780104,
        "max": 5.951379776,
        "mean": 2.93698430061,
        "median": 2.81275844574,
        "min": 0.765117526054,
        "var": 1.09138822556
    },
    "spectral_spread": {
        "dmean": 992166.0625,
        "dmean2": 1372542.5,
        "dvar": 2.66252346982e+12,
        "dvar2": 4.14530325709e+12,
        "max": 25303002,
        "mean": 4002926,
        "median": 3618665.5,
        "min": 1128427.125,
        "var": 5.34790170214e+12
    },
    "spectral_strongpeak": {
        "dmean": 0.317141115665,
        "dmean2": 0.433445602655,
        "dvar": 0.189713940024,
        "dvar2": 0.354772865772,
        "max": 3.9396572113,
        "mean": 0.642558157444,
        "median": 0.360482513905,
        "min": 0.0130964322016,
        "var": 0.546837985516
    },
    "zerocrossingrate": {
        "dmean": 0.0101676238701,
        "dmean2": 0.0115533648059,
        "dvar": 0.000180175717105,
        "dvar2": 0.000210479076486,
        "max": 0.189453125,
        "mean": 0.0352519527078,
        "median": 0.02685546875,
        "min": 0.0087890625,
        "var": 0.000810836441815
    },
    "barkbands": {
        "dmean": [2.39157975557e-06, 1.61606874372e-06, 7.3731149314e-05, 0.000653753406368, 0.00448435498402, 0.00468589132652, 0.000281333515886, 0.000243358197622, 0.000149904444697, 7.2004593676e-05, 5.83790279052e-05, 3.05864996335e-05, 1.86160086741e-05, 2.08709043363e-05, 9.4200941021e-06, 1.24182379295e-05, 6.18062676949e-06, 4.30090840382e-05, 5.59481713935e-06, 5.60960233997e-06, 4.30271211371e-06, 1.92537322619e-06, 2.09639529203e-06, 4.67556174044e-06, 5.95984965912e-06, 2.54131009569e-06, 2.2969001634e-07],
        "dmean2": [3.56016948899e-06, 1.84216787602e-06, 0.000101292011095, 0.000918373756576, 0.00644545163959, 0.00738145178184, 0.000405632366892, 0.00043421544251, 0.000220816480578, 9.78455573204e-05, 5.800947838e-05, 4.28683051723e-05, 3.00880656141e-05, 3.23507701978e-05, 1.35998097903e-05, 2.00227514142e-05, 8.88285012479e-06, 7.61610936024e-05, 9.06383684196e-06, 8.02338581707e-06, 5.47724994249e-06, 2.55787495007e-06, 3.15100146508e-06, 8.45281283546e-06, 9.40972313401e-06, 3.87421141568e-06, 3.49689429413e-07],
        "dvar": [1.64828553584e-10, 4.16801121395e-10, 5.90048081506e-08, 2.58833370026e-06, 0.000148976323544, 0.000297683262033, 6.10962217706e-07, 5.1854482308e-07, 1.54538142283e-07, 4.66799114918e-08, 6.88688075456e-08, 6.84340095702e-09, 4.59553772814e-09, 5.93608096011e-09, 6.75484945756e-10, 1.66836056081e-09, 3.01603547692e-10, 8.61791562556e-08, 3.1391012012e-10, 2.56207471905e-10, 2.683608058e-10, 4.38200101205e-11, 6.25274970689e-11, 4.83551476638e-10, 5.56353074721e-10, 1.03081328195e-10, 1.11481364504e-12],
        "dvar2": [1.62714203222e-10, 4.17707840539e-10, 8.22776939913e-08, 4.82263340018e-06, 0.000257224688539, 0.000740318268072, 9.01299017642e-07, 1.5314809616e-06, 3.74781905066e-07, 7.48262962702e-08, 1.01514132211e-07, 1.45789984529e-08, 1.24573800164e-08, 1.68993619099e-08, 1.24773535948e-09, 3.51416384881e-09, 5.00335772813e-10, 2.64434959263e-07, 7.7792050579e-10, 5.49508993863e-10, 5.19830178902e-10, 8.13762390806e-11, 1.22471269237e-10, 1.43994649537e-09, 1.09696163264e-09, 2.17089221599e-10, 1.39825748636e-12],
        "max": [0.000206063035876, 0.000323304033373, 0.00372957345098, 0.0165185295045, 0.146005347371, 0.19835819304, 0.0097290193662, 0.00801850575954, 0.00315979891457, 0.00284294271842, 0.00655380496755, 0.00110410375055, 0.000977530144155, 0.00108956359327, 0.000449210696388, 0.000497266941238, 0.000229072727961, 0.00369987986051, 0.000195407556021, 0.00015673438611, 0.000272497069091, 9.31669346755e-05, 9.48309971136e-05, 0.000198754467419, 0.000259173626546, 0.000109716856969, 1.58291622938e-05],
        "mean": [2.24107452595e-06, 1.66228664966e-06, 8.01743881311e-05, 0.000760292517953, 0.00549606606364, 0.00495106726885, 0.000433122186223, 0.000271894823527, 0.000177843248821, 9.30808964767e-05, 0.000119868163893, 5.25043760717e-05, 2.35255829466e-05, 2.65411654254e-05, 1.81118248292e-05, 1.94401291083e-05, 1.0381573702e-05, 3.70994566765e-05, 8.40987922857e-06, 7.87488988863e-06, 5.82473194299e-06, 2.49042227551e-06, 2.32143474932e-06, 3.9513943193e-06, 6.0387992562e-06, 2.29463671531e-06, 7.73194358317e-07],
        "median": [8.25863708087e-07, 2.42006592543e-07, 2.84694715447e-06, 8.3860635641e-05, 0.000575317069888, 0.000327862042468, 5.01937101944e-05, 2.16719818127e-05, 1.05642084236e-05, 7.56313829697e-06, 4.69868882647e-06, 3.9820188249e-06, 2.17007686842e-06, 2.95849577014e-06, 2.32594993577e-06, 2.36523055719e-06, 1.54435906552e-06, 1.53338612563e-06, 1.08364656626e-06, 9.20904312807e-07, 5.08352400175e-07, 2.24886434808e-07, 1.58179801701e-07, 1.97679582925e-07, 2.17230052613e-07, 9.71448272935e-08, 6.12675194134e-07],
        "min": [1.6841696926e-09, 1.18555512074e-08, 1.28764305884e-08, 3.18627257911e-08, 1.20633245615e-08, 1.35560560466e-06, 7.154124404e-08, 1.49730794874e-07, 1.19060153736e-07, 4.18815453429e-08, 1.18057572607e-08, 4.21226999947e-08, 2.93514137439e-08, 1.7883294845e-08, 7.79584485855e-09, 6.20944717866e-09, 7.5893380469e-09, 4.22715551451e-09, 5.24406429392e-09, 6.68302657658e-09, 7.48451078891e-09, 6.48822640059e-09, 9.39519484433e-09, 1.57998645278e-08, 2.09528128181e-08, 3.61441614416e-08, 4.25768831747e-07],
        "var": [1.69439379194e-10, 4.15708939494e-10, 1.33857369633e-07, 4.85417604068e-06, 0.000267640163656, 0.000289426825475, 1.52194388647e-06, 5.33936770353e-07, 2.24788180958e-07, 9.06121471189e-08, 3.66400001894e-07, 2.31567245379e-08, 6.49405773601e-09, 7.83565035078e-09, 2.96837598945e-09, 3.19887250022e-09, 7.99475485813e-10, 6.56338485783e-08, 5.37309252646e-10, 4.56761489742e-10, 5.63248059304e-10, 7.23223286814e-11, 8.83251319306e-11, 3.94492827294e-10, 7.85033871242e-10, 1.1943998568e-10, 1.14898357755e-12]
    },
    "erbbands": {
        "dmean": [8.74996403581e-05, 0.0011212171521, 0.0561957396567, 1.10744452477, 5.74740505219, 23.5099029541, 32.8496742249, 29.3652915955, 6.60048866272, 6.2331776619, 2.4306037426, 3.35754156113, 2.70415210724, 1.94226372242, 1.40213096142, 1.33157157898, 0.914270281792, 1.21801459789, 0.528181791306, 0.430873006582, 0.721543252468, 0.45102673769, 2.89279055595, 0.520301640034, 0.233682334423, 0.251642107964, 0.252195298672, 0.111266635358, 0.0826518237591, 0.0484766177833, 0.0617581754923, 0.0794192999601, 0.0891412273049, 0.0699241161346, 0.0395502075553, 0.0202877353877, 0.00234101270325, 0.000230347446632, 3.78448385163e-05, 1.24062398754e-05],
        "dmean2": [0.000102125392004, 0.0013519678032, 0.0705795362592, 1.51382565498, 8.44104671478, 33.4223556519, 54.3352279663, 44.6514625549, 8.61534881592, 10.5882310867, 4.03841304779, 5.04060077667, 3.96346735954, 2.08556556702, 1.79080963135, 1.85302758217, 1.43126618862, 1.8896484375, 0.757735431194, 0.618258178234, 1.17125058174, 0.651150166988, 5.14646482468, 0.90485906601, 0.34595951438, 0.367661803961, 0.364326030016, 0.14158590138, 0.114907898009, 0.0677022784948, 0.0945383384824, 0.14004291594, 0.162336423993, 0.108332119882, 0.0632107183337, 0.029774794355, 0.00375392497517, 0.00035788162495, 5.7514225773e-05, 1.79399576155e-05],
        "dvar": [5.25649340943e-07, 2.17111191887e-05, 0.0227804388851, 7.06673049927, 150.203872681, 5222.93261719, 15135.0898438, 9449.02441406, 373.140258789, 290.066009521, 38.9484558105, 91.8863372803, 113.419960022, 49.8215255737, 20.3537216187, 13.2506227493, 11.2790679932, 22.0699558258, 1.75577604771, 1.40252554417, 6.15083646774, 2.53050994873, 417.798461914, 4.89460468292, 0.443997234106, 0.648814380169, 0.771256446838, 0.170109182596, 0.0937759056687, 0.0294666476548, 0.0610547028482, 0.123983085155, 0.196906462312, 0.0919415056705, 0.0246193688363, 0.00655309483409, 8.78776481841e-05, 7.85674728832e-07, 2.43240592113e-08, 7.92847121289e-10],
        "dvar2": [5.25971472598e-07, 2.22125636355e-05, 0.0268522500992, 10.0248184204, 318.059326172, 8903.03515625, 37181.1835938, 22421.953125, 435.293792725, 877.626281738, 102.669548035, 216.509506226, 217.241516113, 65.3658599854, 48.0432548523, 27.3452758789, 30.9568023682, 64.5962371826, 2.86074376106, 2.64139437675, 11.7120981216, 5.74433708191, 1280.54846191, 14.7336025238, 0.889208376408, 1.50037002563, 1.70326566696, 0.267785906792, 0.19530698657, 0.0617284737527, 0.108643963933, 0.354594677687, 0.57553589344, 0.207957193255, 0.0478555075824, 0.0141776427627, 0.000210131911444, 1.34079209602e-06, 3.27004983092e-08, 1.36404088025e-09],
        "max": [0.0114820720628, 0.0671944469213, 2.53189206123, 36.819606781, 117.298820496, 879.275817871, 1332.76843262, 1109.39160156, 308.793731689, 170.757537842, 62.5429573059, 86.1002502441, 140.817260742, 187.498565674, 81.0570068359, 46.5214614868, 48.7127227783, 65.0453338623, 19.8965950012, 18.5627117157, 31.468952179, 20.7884731293, 255.836151123, 28.3536643982, 7.85878753662, 8.65582752228, 13.4537277222, 6.80586194992, 4.25502824783, 1.97742629051, 3.30743479729, 3.94734787941, 4.03824424744, 3.32500958443, 1.76239228249, 0.911736130714, 0.0814710706472, 0.00992984138429, 0.00224481686018, 0.000303987268126],
        "mean": [0.000109384011012, 0.00149197469, 0.0712087601423, 1.41709887981, 6.44415903091, 28.619556427, 33.4605903625, 33.3192329407, 10.0682582855, 7.44119739532, 3.14667963982, 4.06036806107, 4.19296073914, 4.16906309128, 2.7125017643, 2.28032708168, 1.20874679089, 1.45526826382, 1.02287399769, 0.81337171793, 1.20029008389, 0.735089898109, 2.40046739578, 0.621025621891, 0.362290203571, 0.351068377495, 0.323599040508, 0.166343331337, 0.10222966224, 0.061203610152, 0.0669323205948, 0.0725146010518, 0.0743153840303, 0.0674271062016, 0.0406535416842, 0.0176477935165, 0.00224753841758, 0.000327395246131, 9.89808540908e-05, 2.78807456198e-05],
        "median": [2.66240931523e-05, 0.000193259795196, 0.00586451031268, 0.170614793897, 1.12284255028, 2.17953896523, 1.7424274683, 2.83435773849, 1.32071363926, 0.794978320599, 0.335296630859, 0.213030427694, 0.263532727957, 0.246512919664, 0.20071721077, 0.197841286659, 0.120328754187, 0.149252384901, 0.16873049736, 0.105568945408, 0.132443547249, 0.0872071459889, 0.0849288851023, 0.0709095597267, 0.0516231544316, 0.044803801924, 0.0282454136759, 0.0153923388571, 0.00890976563096, 0.00464049680158, 0.00446042139083, 0.00416654348373, 0.00344440480694, 0.00280240457505, 0.00133721204475, 0.00046928744996, 0.000150136620505, 0.00012113370758, 7.20412426745e-05, 1.59076716955e-05],
        "min": [1.4379802451e-06, 1.210632945e-06, 1.4652824575e-05, 0.000100319099147, 7.01778262737e-05, 0.000127064980916, 0.00225425162353, 0.0140506122261, 0.00563346873969, 0.0104901259765, 0.00443024234846, 0.00258199614473, 0.0021716193296, 0.0014611579245, 0.0012539253803, 0.00188279210124, 0.00183606985956, 0.00124823511578, 0.000538519700058, 0.000451823143521, 0.000418757699663, 0.000422566226916, 0.000271404453088, 0.000280577340163, 0.000343898020219, 0.000299406732665, 0.000276701670373, 0.000214622763451, 0.000193470768863, 0.000276678911177, 0.000249284086749, 0.000236112435232, 0.00026764368522, 0.000227833035751, 0.000126112441649, 8.0085665104e-05, 6.84361948515e-05, 7.00460514054e-05, 4.88376099383e-05, 9.55585073825e-06],
        "var": [5.3465083738e-07, 3.12771007884e-05, 0.0681284070015, 17.9917449951, 229.051544189, 9113.92285156, 14565.1298828, 10740.9824219, 974.253540039, 328.796630859, 51.2137298584, 125.643104553, 222.809371948, 324.950469971, 81.5650634766, 43.2797012329, 16.7386112213, 26.2538795471, 7.37465524673, 5.58461713791, 13.4241952896, 5.5991601944, 305.24597168, 4.90922164917, 1.02195668221, 0.996438980103, 1.41782748699, 0.397002875805, 0.133617848158, 0.0429418645799, 0.0886306390166, 0.115466609597, 0.152573689818, 0.108308628201, 0.0351317413151, 0.00741131044924, 9.15497148526e-05, 8.88303645752e-07, 2.567815649e-08, 1.22392063151e-09]
    },
    "gfcc": {
        "mean": [-196.07963562, 97.7463760376, -89.5596847534, -12.6677312851, -65.1443405151, -36.0841255188, -56.1798706055, -23.1427326202, -36.6220741272, -13.7168216705, -13.5392475128, -9.18147468567, -4.77990531921],
        "cov": [[7710.74951172, 1244.19250488, -1391.13366699, 520.225891113, -333.961181641, -201.369735718, -812.724609375, -4.96787786484, -385.134552002, -183.877456665, -315.272155762, -274.382537842, -335.804260254], [1244.19250488, 1847.66931152, -229.12663269, -395.93649292, 70.7620773315, -420.880859375, -80.1951980591, -291.969970703, 79.8898010254, -209.507949829, -58.4399528503, -216.58757019, 30.5335216522], [-1391.13366699, -229.12663269, 852.76965332, 357.243164062, 99.052406311, -63.5051002502, -92.7101745605, -82.5554122925, -1.58348500729, 12.672785759, -34.9594230652, -59.0341033936, -36.7742805481], [520.225891113, -395.93649292, 357.243164062, 833.633056641, 107.770629883, -75.4624938965, -333.246612549, -71.1249084473, -171.839370728, -16.3227481842, -135.40675354, -130.410125732, -181.561233521], [-333.961181641, 70.7620773315, 99.052406311, 107.770629883, 195.627975464, 2.50123643875, -3.87878775597, -55.9135665894, -19.8179187775, -64.2995071411, -45.213886261, -69.2799453735, -11.1413784027], [-201.369735718, -420.880859375, -63.5051002502, -75.4624938965, 2.50123643875, 311.928527832, 164.905822754, 147.514678955, -15.8677949905, 22.0379619598, 15.2681035995, 60.1067848206, 25.5855693817], [-812.724609375, -80.1951980591, -92.7101745605, -333.246612549, -3.87878775597, 164.905822754, 348.649230957, 91.0788650513, 100.736763, 32.9195022583, 88.290397644, 100.747344971, 110.95728302], [-4.96787786484, -291.969970703, -82.5554122925, -71.1249084473, -55.9135665894, 147.514678955, 91.0788650513, 146.805465698, 16.5332260132, 34.9328727722, 17.4615192413, 53.377822876, 11.3054475784], [-385.134552002, 79.8898010254, -1.58348500729, -171.839370728, -19.8179187775, -15.8677949905, 100.736763, 16.5332260132, 99.8097991943, 33.7039299011, 52.5105514526, 40.5350608826, 46.5784263611], [-183.877456665, -209.507949829, 12.672785759, -16.3227481842, -64.2995071411, 22.0379619598, 32.9195022583, 34.9328727722, 33.7039299011, 97.4587478638, 51.2127227783, 68.6878433228, 10.7096309662], [-315.272155762, -58.4399528503, -34.9594230652, -135.40675354, -45.213886261, 15.2681035995, 88.290397644, 17.4615192413, 52.5105514526, 51.2127227783, 94.8888397217, 84.3582305908, 43.9820365906], [-274.382537842, -216.58757019, -59.0341033936, -130.410125732, -69.2799453735, 60.1067848206, 100.747344971, 53.377822876, 40.5350608826, 68.6878433228, 84.3582305908, 133.95916748, 56.2201690674], [-335.804260254, 30.5335216522, -36.7742805481, -181.561233521, -11.1413784027, 25.5855693817, 110.95728302, 11.3054475784, 46.5784263611, 10.7096309662, 43.9820365906, 56.2201690674, 93.2816848755]],
        "icov": [[0.00215678219683, -0.00399161363021, 0.00331325992011, -0.00385315995663, 0.00333493109792, -0.00345359439962, 0.00397936068475, -0.00437264004722, 0.00258671282791, -0.00209240592085, 0.00266216485761, -0.00365365901962, -8.52017619764e-05], [-0.00399161363021, 0.00997168943286, -0.00551419286057, 0.0084797302261, -0.0051170187071, 0.00772760342807, -0.00759317353368, 0.0116702327505, -0.00709812063724, 0.00723071955144, -0.00501763401553, 0.0100681167096, 0.000596350000706], [0.00331325992011, -0.00551419286057, 0.00702386256307, -0.00690228724852, 0.00535355275497, -0.00566728506237, 0.00617078319192, -0.00467697763816, 0.00115671684034, -0.00264339055866, 0.00405915640295, -0.0043056816794, -0.00110546057113], [-0.00385315995663, 0.0084797302261, -0.00690228724852, 0.0121765723452, -0.00792589876801, 0.00806181319058, -0.0061544124037, 0.00834790151566, -0.000362764461897, 0.00199813093059, -0.00318451365456, 0.00743725895882, 0.0044543268159], [0.00333493109792, -0.0051170187071, 0.00535355275497, -0.00792589876801, 0.015918340534, -0.00815094448626, 0.00428694114089, 0.000298900878988, -0.00136381655466, 0.00372858159244, 0.00473087700084, -0.00218807323836, -0.00129342719447], [-0.00345359439962, 0.00772760342807, -0.00566728506237, 0.00806181319058, -0.00815094448626, 0.0174648482352, -0.0110836774111, -0.00102436263114, 0.00476637482643, 0.00256188679487, -0.00410437677056, 0.00678314082325, 0.00121221039444], [0.00397936068475, -0.00759317353368, 0.00617078319192, -0.0061544124037, 0.00428694114089, -0.0110836774111, 0.0173407327384, -0.00886744167656, -0.00103781418875, -0.00317014497705, 0.0021934940014, -0.00726566789672, -0.00450823595747], [-0.00437264004722, 0.0116702327505, -0.00467697763816, 0.00834790151566, 0.000298900878988, -0.00102436263114, -0.00886744167656, 0.034417245537, -0.0175600126386, 0.00978705380112, 0.000851131917443, 0.00752509618178, 0.00424443045631], [0.00258671282791, -0.00709812063724, 0.00115671684034, -0.000362764461897, -0.00136381655466, 0.00476637482643, -0.00103781418875, -0.0175600126386, 0.0379134044051, -0.0158492866904, -0.00334029854275, -0.00184985226952, -0.00114416563883], [-0.00209240592085, 0.00723071955144, -0.00264339055866, 0.00199813093059, 0.00372858159244, 0.00256188679487, -0.00317014497705, 0.00978705380112, -0.0158492866904, 0.0314081721008, -0.00719798868522, -0.000772163679358, 0.00344239361584], [0.00266216485761, -0.00501763401553, 0.00405915640295, -0.00318451365456, 0.00473087700084, -0.00410437677056, 0.0021934940014, 0.000851131917443, -0.00334029854275, -0.00719798868522, 0.0378581993282, -0.0223796982318, 0.00373876979575], [-0.00365365901962, 0.0100681167096, -0.0043056816794, 0.00743725895882, -0.00218807323836, 0.00678314082325, -0.00726566789672, 0.00752509618178, -0.00184985226952, -0.000772163679358, -0.0223796982318, 0.0391869992018, -0.0101149175316], [-8.52017619764e-05, 0.000596350000706, -0.00110546057113, 0.0044543268159, -0.00129342719447, 0.00121221039444, -0.00450823595747, 0.00424443045631, -0.00114416563883, 0.00344239361584, 0.00373876979575, -0.0101149175316, 0.0273228548467]]
    },
    "melbands": {
        "dmean": [5.69455380628e-07, 1.68550304807e-05, 0.000259457505308, 0.00110361550469, 0.00104945641942, 0.000719703617506, 8.66735572345e-05, 6.83801190462e-05, 1.52379079736e-05, 2.32354123e-05, 1.34083229568e-05, 7.90391277405e-06, 6.2357880779e-06, 3.67288726011e-06, 2.11396013583e-06, 2.2899778287e-06, 2.26817564908e-06, 8.90319483915e-07, 8.43957991492e-07, 5.74646549012e-07, 9.12262350994e-07, 3.46783139094e-07, 2.04416164706e-06, 1.85587703072e-06, 3.32284287197e-07, 1.71482525957e-07, 1.81693536661e-07, 1.74218854454e-07, 1.84596586905e-07, 1.0258161609e-07, 5.6895046896e-08, 5.04087687148e-08, 3.08057508391e-08, 2.81906817889e-08, 3.62079930483e-08, 4.17870857916e-08, 5.25410754904e-08, 6.75598172961e-08, 5.49602816591e-08, 6.19280413616e-08],
        "dmean2": [6.76306569858e-07, 2.33032733377e-05, 0.000371512054699, 0.00154608755838, 0.00168992509134, 0.00109962373972, 0.000115226226626, 0.000118585929158, 2.45270657615e-05, 3.47648638126e-05, 2.00024987862e-05, 8.86723319127e-06, 7.09895857653e-06, 5.25215591551e-06, 2.91583592116e-06, 3.73377315555e-06, 3.53970744982e-06, 1.36059315992e-06, 1.21578750623e-06, 7.82970175806e-07, 1.52929590058e-06, 4.98901840729e-07, 3.56016062142e-06, 3.31574915435e-06, 5.73967611217e-07, 2.56949164168e-07, 2.86168244656e-07, 2.48890131616e-07, 2.76505090824e-07, 1.38268731575e-07, 7.16761334729e-08, 6.93409916153e-08, 4.69523442348e-08, 4.27758095611e-08, 5.91389124338e-08, 6.42556088337e-08, 9.35706836458e-08, 1.25073526647e-07, 9.85747163895e-08, 9.39915949516e-08],
        "dvar": [4.42579618787e-11, 3.07320102699e-09, 3.90718383869e-07, 9.49160494201e-06, 1.16464534585e-05, 6.0106649471e-06, 6.6064600901e-08, 3.78857549777e-08, 1.40074141175e-09, 4.12253031712e-09, 2.70947930758e-09, 7.09647174357e-10, 5.30190502612e-10, 1.08393086173e-10, 3.04626705805e-11, 8.11624517594e-11, 7.92514040504e-11, 4.9569610569e-12, 6.32196508685e-12, 1.82003826073e-12, 1.30539442103e-11, 8.50709802082e-13, 1.62802021864e-10, 1.80468737176e-10, 1.13080801233e-12, 2.1162403969e-13, 3.12099304733e-13, 3.25882333271e-13, 3.95359417947e-13, 1.62266142363e-13, 4.41122697181e-14, 3.65420177841e-14, 1.04607806656e-14, 1.24735266129e-14, 2.48785265663e-14, 3.58857468209e-14, 5.4122332294e-14, 1.44950986435e-13, 6.09586301792e-14, 7.42769493372e-14],
        "dvar2": [4.41213732216e-11, 4.25262980386e-09, 8.15377234176e-07, 1.60884301295e-05, 2.75924649031e-05, 1.4507596461e-05, 7.70235146774e-08, 1.14702586984e-07, 3.25153393099e-09, 9.62027257856e-09, 5.212041021e-09, 9.62100621393e-10, 9.30644949992e-10, 2.29741475843e-10, 6.12809109013e-11, 2.28742039199e-10, 2.32193320127e-10, 9.1257548393e-12, 1.27666809416e-11, 2.93674264594e-12, 2.54057174603e-11, 1.71865484084e-12, 5.07602793132e-10, 5.40810063399e-10, 3.26974146543e-12, 4.53903353705e-13, 6.66433325625e-13, 7.78264768169e-13, 9.11186924524e-13, 2.48615635457e-13, 7.06926176126e-14, 7.35869156408e-14, 2.18783799129e-14, 2.94880629246e-14, 4.45055538918e-14, 9.11614466098e-14, 1.5774548009e-13, 4.21372490936e-13, 1.67103269698e-13, 1.5195134105e-13],
        "max": [0.000105656603409, 0.000834805716295, 0.00585504854098, 0.0366922579706, 0.035913605243, 0.0282304566354, 0.00421027187258, 0.00204613036476, 0.000341050967108, 0.00055672362214, 0.000681922014337, 0.000692751491442, 0.000558814383112, 0.000137538372655, 7.84746735008e-05, 0.000123408477521, 0.000123049831018, 2.8719952752e-05, 4.32756824011e-05, 1.83447173185e-05, 4.58284412161e-05, 1.25256046886e-05, 0.000154936729814, 0.000169130958966, 1.03018819573e-05, 4.86526096211e-06, 5.9985104599e-06, 6.2912940848e-06, 8.9076029326e-06, 6.34864227322e-06, 3.3480514503e-06, 2.72710622085e-06, 1.05825984065e-06, 1.25845429011e-06, 1.91581034414e-06, 2.50981383942e-06, 2.14930196307e-06, 3.44062573276e-06, 2.55693703366e-06, 3.16855630444e-06],
        "mean": [6.05393381647e-07, 1.86332290468e-05, 0.000302267144434, 0.00130908377469, 0.0011696703732, 0.000803026661742, 0.000130004569655, 7.88658653619e-05, 2.06366294151e-05, 2.7475247407e-05, 2.03209292522e-05, 1.60050349223e-05, 1.22902547446e-05, 6.35622382106e-06, 3.56976192961e-06, 2.66068150268e-06, 2.68331700681e-06, 1.54070119152e-06, 1.4409696405e-06, 9.93007120087e-07, 1.4951731373e-06, 6.05040952451e-07, 1.83071108495e-06, 1.53399207647e-06, 4.24041019187e-07, 2.52982943039e-07, 2.56778520225e-07, 2.32236374131e-07, 2.22993435273e-07, 1.49764943558e-07, 8.14732814547e-08, 6.19534574753e-08, 3.73626320993e-08, 3.33783596318e-08, 3.98437443039e-08, 3.8295045357e-08, 4.58013111881e-08, 5.37205444573e-08, 4.96789134274e-08, 6.08782002587e-08],
        "median": [1.54411125664e-07, 7.28139866624e-07, 4.54098117189e-05, 0.000124477781355, 7.48284946894e-05, 6.21936196694e-05, 1.54667213792e-05, 7.5030957305e-06, 2.19340154217e-06, 1.23563859233e-06, 1.13437033633e-06, 9.55182827056e-07, 6.45848103886e-07, 4.30120223882e-07, 3.4637639601e-07, 2.22246086423e-07, 2.72862109796e-07, 2.54952254863e-07, 1.61476663152e-07, 1.35505700882e-07, 1.50419538159e-07, 8.81382504758e-08, 8.57492707951e-08, 6.86973606889e-08, 5.70254172771e-08, 4.33793019283e-08, 3.10289607341e-08, 2.74309162052e-08, 1.88553528346e-08, 1.09348494703e-08, 8.14462897125e-09, 5.35770672272e-09, 3.23601900831e-09, 2.24666862891e-09, 2.46015408045e-09, 2.65098609731e-09, 2.41036590687e-09, 2.27609042724e-09, 2.56199239601e-09, 2.21124585309e-09],
        "min": [1.23029995081e-08, 4.42298686565e-09, 1.67346527746e-08, 3.10718162311e-09, 6.68397461823e-08, 2.91841331546e-07, 8.61727755819e-08, 1.01367191974e-07, 2.08307842087e-08, 1.62752531452e-08, 9.93809123884e-09, 4.27970903161e-09, 2.62026600417e-09, 5.7966049738e-09, 4.7826755889e-09, 2.32836305791e-09, 2.07119632556e-09, 6.22338958145e-10, 4.4155240575e-10, 6.50099196697e-10, 4.57444138124e-10, 4.73013794799e-10, 3.01944302894e-10, 2.09534792295e-10, 2.17902695887e-10, 2.11695452834e-10, 2.46062559217e-10, 1.74809416942e-10, 1.48367346187e-10, 1.78099687775e-10, 1.04864207595e-10, 8.04223979078e-11, 1.36084088442e-10, 1.61291188738e-10, 1.4834530826e-10, 1.11330257513e-10, 1.56801946427e-10, 1.70886901851e-10, 1.80237658132e-10, 1.7470748459e-10],
        "var": [4.43411245221e-11, 6.9591021834e-09, 6.58660837871e-07, 1.71270712599e-05, 1.24263415273e-05, 6.45806358079e-06, 1.7373795913e-07, 4.12255296567e-08, 2.09950989927e-09, 5.84967185802e-09, 5.29118748815e-09, 4.52626958136e-09, 2.81815748515e-09, 3.7018718646e-10, 1.00686736726e-10, 9.29040455677e-11, 9.19992276804e-11, 1.53285648063e-11, 2.23054717058e-11, 6.60387586629e-12, 2.5599163414e-11, 2.53558805896e-12, 1.39443262492e-10, 1.24737650764e-10, 1.4591448709e-12, 4.42692106931e-13, 5.76971955456e-13, 4.49000754112e-13, 6.20604858736e-13, 4.13191020027e-13, 9.25892866608e-14, 5.29477449298e-14, 1.47512380186e-14, 1.43530393598e-14, 3.42611986145e-14, 3.35078746163e-14, 4.85651862963e-14, 9.97868712031e-14, 5.52389690521e-14, 9.68460880067e-14]
    },
    "mfcc": {
        "mean": [-857.217102051, 149.770263672, 8.94489860535, 11.7342529297, -7.62322854996, -23.147731781, -18.7659721375, -27.1617202759, -22.8749485016, -21.4952144623, -19.849905014, -13.462518692, -11.6752710342],
        "cov": [[8227.59667969, 764.419494629, -1348.57397461, 38.3811225891, -111.894020081, -434.133880615, -452.02230835, -337.634277344, -405.312103271, -335.943664551, -158.1690979, -205.624664307, -440.50177002], [764.419494629, 1833.6036377, -399.62902832, -247.775894165, -166.678833008, -155.987289429, -209.151428223, -129.176651001, -59.3710479736, 18.0368080139, -86.0324935913, -200.637115479, -185.15663147], [-1348.57397461, -399.62902832, 687.103210449, 270.978424072, 146.752502441, 74.5938949585, -1.21961677074, -27.5680656433, -7.90545463562, 19.3653202057, 26.4545001984, 24.6560077667, 24.0261058807], [38.3811225891, -247.775894165, 270.978424072, 576.758483887, 269.094909668, 31.113697052, -95.918548584, -156.124633789, -126.520355225, -64.878074646, -29.106300354, -35.086025238, -109.235443115], [-111.894020081, -166.678833008, 146.752502441, 269.094909668, 276.714569092, 48.1784515381, -13.2470188141, -57.3216171265, -51.9523849487, -16.5323066711, -24.7413291931, -51.9076080322, -86.868309021], [-434.133880615, -155.987289429, 74.5938949585, 31.113697052, 48.1784515381, 116.867797852, 84.7201385498, 44.4312782288, 35.5314483643, 21.3457279205, 10.7677278519, 7.71330070496, 25.2759075165], [-452.02230835, -209.151428223, -1.21961677074, -95.918548584, -13.2470188141, 84.7201385498, 153.397506714, 111.36958313, 78.4337921143, 43.4579467773, 18.9795742035, 22.8147544861, 56.0034065247], [-337.634277344, -129.176651001, -27.5680656433, -156.124633789, -57.3216171265, 44.4312782288, 111.36958313, 145.74760437, 84.5143814087, 52.1624717712, 26.3093910217, 23.3678569794, 64.3301925659], [-405.312103271, -59.3710479736, -7.90545463562, -126.520355225, -51.9523849487, 35.5314483643, 78.4337921143, 84.5143814087, 113.301689148, 60.7443771362, 17.733417511, 24.9287853241, 52.0704956055], [-335.943664551, 18.0368080139, 19.3653202057, -64.878074646, -16.5323066711, 21.3457279205, 43.4579467773, 52.1624717712, 60.7443771362, 80.9670562744, 21.3854084015, -4.06686067581, 19.8968906403], [-158.1690979, -86.0324935913, 26.4545001984, -29.106300354, -24.7413291931, 10.7677278519, 18.9795742035, 26.3093910217, 17.733417511, 21.3854084015, 58.0541152954, 38.3840942383, 33.4679298401], [-205.624664307, -200.637115479, 24.6560077667, -35.086025238, -51.9076080322, 7.71330070496, 22.8147544861, 23.3678569794, 24.9287853241, -4.06686067581, 38.3840942383, 106.720848083, 91.9677810669], [-440.50177002, -185.15663147, 24.0261058807, -109.235443115, -86.868309021, 25.2759075165, 56.0034065247, 64.3301925659, 52.0704956055, 19.8968906403, 33.4679298401, 91.9677810669, 136.826034546]],
