{
"lowlevel": {
    "average_loudness": 0.9429500103,
    "barkbands_crest": {
        "dmean": 3.30543279648,
        "dmean2": 5.3208565712,
        "dvar": 7.57540082932,
        "dvar2": 20.3194522858,
        "max": 25.8741283417,
        "mean": 13.2709579468,
        "median": 12.2508687973,
        "min": 3.82327151299,
        "var": 26.2967033386
    },
    "barkbands_flatness_db": {
        "dmean": 0.0302615053952,
        "dmean2": 0.0428615100682,
        "dvar": 0.000584169698413,
        "dvar2": 0.00141740404069,
        "max": 0.39389783144,
        "mean": 0.234538599849,
        "median": 0.239095836878,
        "min": 0.0470463596284,
        "var": 0.00441538076848
    },
    "barkbands_kurtosis": {
        "dmean": 9.60960578918,
        "dmean2": 15.5208892822,
        "dvar": 243.286132812,
        "dvar2": 542.631469727,
        "max": 153.262420654,
        "mean": 17.3450031281,
        "median": 7.94605350494,
        "min": -1.28965544701,
        "var": 546.232788086
    },
    "barkbands_skewness": {
        "dmean": 0.873615086079,
        "dmean2": 1.38317370415,
        "dvar": 0.916297674179,
        "dvar2": 2.0765311718,
        "max": 9.7172164917,
        "mean": 2.42512989044,
        "median": 1.95536899567,
        "min": -0.260885089636,
        "var": 3.09165287018
    },
    "barkbands_spread": {
        "dmean": 2.10942101479,
        "dmean2": 3.25563931465,
        "dvar": 15.7584486008,
        "dvar2": 38.9952468872,
        "max": 59.270866394,
        "mean": 5.64603376389,
        "median": 4.19920778275,
        "min": 0.51289254427,
        "var": 29.7467479706
    },
    "dissonance": {
        "dmean": 0.0414364375174,
        "dmean2": 0.0667173713446,
        "dvar": 0.00115970952902,
        "dvar2": 0.00312840729021,
        "max": 0.499808102846,
        "mean": 0.386677414179,
        "median": 0.399358838797,
        "min": 0.169428408146,
        "var": 0.00470143835992
    },
    "dynamic_complexity": 5.03076505661,
    "erbbands_crest": {
        "dmean": 3.35246729851,
        "dmean2": 5.40525913239,
        "dvar": 8.69006538391,
        "dvar2": 21.5769824982,
        "max": 28.4668769836,
        "mean": 12.5311717987,
        "median": 11.9544229507,
        "min": 3.88249111176,
        "var": 22.9992218018
    },
    "erbbands_flatness_db": {
        "dmean": 0.0259884428233,
        "dmean2": 0.0367456041276,
        "dvar": 0.000504953728523,
        "dvar2": 0.00112131098285,
        "max": 0.386448174715,
        "mean": 0.256648153067,
        "median": 0.262330591679,
        "min": 0.10520349443,
        "var": 0.00354730477557
    },
    "erbbands_kurtosis": {
        "dmean": 2.85818195343,
        "dmean2": 4.37327623367,
        "dvar": 13.9455356598,
        "dvar2": 28.9597530365,
        "max": 40.6487121582,
        "mean": 4.336830616,
        "median": 2.02762126923,
        "min": -1.04890108109,
        "var": 36.9408836365
    },
    "erbbands_skewness": {
        "dmean": 0.574372470379,
        "dmean2": 0.882199943066,
        "dvar": 0.26943436265,
        "dvar2": 0.639033794403,
        "max": 5.28674983978,
        "mean": 1.38945126534,
        "median": 1.15259385109,
        "min": -0.339767307043,
        "var": 1.04472184181
    },
    "erbbands_spread": {
        "dmean": 4.73148488998,
        "dmean2": 7.20683956146,
        "dvar": 49.2228775024,
        "dvar2": 123.624717712,
        "max": 90.6708984375,
        "mean": 15.3964624405,
        "median": 12.3717079163,
        "min": 1.76442396641,
        "var": 158.143234253
    },
    "hfc": {
        "dmean": 2.69534182549,
        "dmean2": 3.77832698822,
        "dvar": 12.9923906326,
        "dvar2": 26.7014427185,
        "max": 51.1621894836,
        "mean": 6.49497842789,
        "median": 4.24305057526,
        "min": 0.117993116379,
        "var": 51.0858726501
    },
    "melbands_crest": {
        "dmean": 3.91960072517,
        "dmean2": 6.24140453339,
        "dvar": 11.4636287689,
        "dvar2": 29.1264247894,
        "max": 32.0795936584,
        "mean": 16.3971061707,
        "median": 16.0443000793,
        "min": 5.59677553177,
        "var": 32.4154777527
    },
    "melbands_flatness_db": {
        "dmean": 0.0332742109895,
        "dmean2": 0.0472618676722,
        "dvar": 0.000817766704131,
        "dvar2": 0.00192816590425,
        "max": 0.515674591064,
        "mean": 0.331939488649,
        "median": 0.343111902475,
        "min": 0.0865451470017,
        "var": 0.0061340238899
    },
    "melbands_kurtosis": {
        "dmean": 8.73960208893,
        "dmean2": 13.7441291809,
        "dvar": 233.142974854,
        "dvar2": 515.367614746,
        "max": 206.862289429,
        "mean": 16.1420326233,
        "median": 7.8386592865,
        "min": -0.712432146072,
        "var": 566.986328125
    },
    "melbands_skewness": {
        "dmean": 0.759625911713,
        "dmean2": 1.15802121162,
        "dvar": 0.617203950882,
        "dvar2": 1.34466326237,
        "max": 10.1319637299,
        "mean": 2.33359909058,
        "median": 2.00260210037,
        "min": -0.215945243835,
        "var": 2.82779359818
    },
    "melbands_spread": {
        "dmean": 2.52267146111,
        "dmean2": 3.88086676598,
        "dvar": 16.0632820129,
        "dvar2": 38.5963287354,
        "max": 60.2923049927,
        "mean": 6.84743499756,
        "median": 5.86923265457,
        "min": 0.843145430088,
        "var": 33.1368522644
    },
    "pitch_salience": {
        "dmean": 0.0886739417911,
        "dmean2": 0.14272223413,
        "dvar": 0.00604968564585,
        "dvar2": 0.0145171824843,
        "max": 0.846832036972,
        "mean": 0.556591153145,
        "median": 0.572707653046,
        "min": 0.13187879324,
        "var": 0.0184055045247
    },
    "silence_rate_20dB": {
        "dmean": 0,
        "dmean2": 0,
        "dvar": 0,
        "dvar2": 0,
        "max": 1,
        "mean": 1,
        "median": 1,
        "min": 1,
        "var": 0
    },
    "silence_rate_30dB": {
        "dmean": 0,
        "dmean2": 0,
        "dvar": 0,
        "dvar2": 0,
        "max": 1,
        "mean": 1,
        "median": 1,
        "min": 1,
        "var": 0
    },
    "silence_rate_60dB": {
        "dmean": 0.0424242429435,
        "dmean2": 0.0851063802838,
        "dvar": 0.0406242758036,
        "dvar2": 0.0839420557022,
        "max": 1,
        "mean": 0.30211481452,
        "median": 0,
        "min": 0,
        "var": 0.21084189415
    },
    "spectral_centroid": {
        "dmean": 97.9796676636,
        "dmean2": 147.773254395,
        "dvar": 28114.921875,
        "dvar2": 63659.7617188,
        "max": 2752.84472656,
        "mean": 530.624267578,
        "median": 451.932891846,
        "min": 215.784439087,
        "var": 68831.828125
    },
    "spectral_complexity": {
        "dmean": 1.61515152454,
        "dmean2": 2.50455927849,
        "dvar": 3.98826050758,
        "dvar2": 8.68157672882,
        "max": 36,
        "mean": 7.53474330902,
        "median": 7,
        "min": 0,
        "var": 19.608297348
    },
    "spectral_decrease": {
        "dmean": 1.83897053141e-09,
        "dmean2": 2.68163780071e-09,
        "dvar": 6.99606780067e-18,
        "dvar2": 1.57841413347e-17,
        "max": -3.54933513136e-11,
        "mean": -4.01074240486e-09,
        "median": -2.33993557863e-09,
        "min": -2.64490651603e-08,
        "var": 2.18672176333e-17
    },
    "spectral_energy": {
        "dmean": 0.00716573605314,
        "dmean2": 0.0104392208159,
        "dvar": 0.000105530780274,
        "dvar2": 0.000237218453549,
        "max": 0.104465439916,
        "mean": 0.015726543963,
        "median": 0.00914844591171,
        "min": 0.000144662466482,
        "var": 0.000333542964654
    },
    "spectral_energyband_high": {
        "dmean": 2.06856730074e-05,
        "dmean2": 3.35270415235e-05,
        "dvar": 2.66440007834e-08,
        "dvar2": 6.6846126856e-08,
        "max": 0.00245915865526,
        "mean": 2.01045259018e-05,
        "median": 4.08277765018e-06,
        "min": 2.35955113226e-07,
        "var": 2.27505889683e-08
    },
    "spectral_energyband_low": {
        "dmean": 0.0003738340165,
        "dmean2": 0.000469907157822,
        "dvar": 6.13036320374e-07,
        "dvar2": 8.54390634686e-07,
        "max": 0.0115155614913,
        "mean": 0.000791187805589,
        "median": 0.000291420699796,
        "min": 2.87249622488e-06,
        "var": 1.95039046957e-06
    },
    "spectral_energyband_middle_high": {
        "dmean": 0.00044024689123,
        "dmean2": 0.000676049094182,
        "dvar": 8.04918897757e-07,
        "dvar2": 2.0684503852e-06,
        "max": 0.00976878404617,
        "mean": 0.000882205029484,
        "median": 0.000538019172382,
        "min": 1.47354921864e-06,
        "var": 1.47892842506e-06
    },
    "spectral_energyband_middle_low": {
        "dmean": 0.00697848806158,
        "dmean2": 0.0102329403162,
        "dvar": 0.000102095691545,
        "dvar2": 0.000231760597671,
        "max": 0.0937910601497,
        "mean": 0.0146484300494,
        "median": 0.00851416122168,
        "min": 9.37905351748e-05,
        "var": 0.000310212082695
    },
    "spectral_entropy": {
        "dmean": 0.265568047762,
        "dmean2": 0.367200881243,
        "dvar": 0.058860335499,
        "dvar2": 0.124951012433,
        "max": 8.16641044617,
        "mean": 6.4521188736,
        "median": 6.40731191635,
        "min": 4.92637729645,
        "var": 0.42922899127
    },
    "spectral_flux": {
        "dmean": 0.0202288273722,
        "dmean2": 0.0329375900328,
        "dvar": 0.000508366036229,
        "dvar2": 0.00140482536517,
        "max": 0.239765360951,
        "mean": 0.0554077588022,
        "median": 0.0474919006228,
        "min": 0.00466153258458,
        "var": 0.0015504383482
    },
    "spectral_kurtosis": {
        "dmean": 7.24973297119,
        "dmean2": 11.6359567642,
        "dvar": 61.4645423889,
        "dvar2": 168.680465698,
        "max": 78.0852737427,
        "mean": 24.9820861816,
        "median": 20.856678009,
        "min": 1.86995983124,
        "var": 224.014190674
    },
    "spectral_rms": {
        "dmean": 0.00078481080709,
        "dmean2": 0.00108464423101,
        "dvar": 6.67943709232e-07,
        "dvar2": 1.40412203109e-06,
        "max": 0.0100954202935,
        "mean": 0.00329399388283,
        "median": 0.00298752635717,
        "min": 0.000375678209821,
        "var": 4.49257231594e-06
    },
    "spectral_rolloff": {
        "dmean": 161.694717407,
        "dmean2": 263.176208496,
        "dvar": 225671.859375,
        "dvar2": 573998.75,
        "max": 7321.2890625,
        "mean": 648.012817383,
        "median": 559.86328125,
        "min": 193.798828125,
        "var": 239636.984375
    },
    "spectral_skewness": {
        "dmean": 0.539860785007,
        "dmean2": 0.845094919205,
        "dvar": 0.274275898933,
        "dvar2": 0.733195245266,
        "max": 7.34460306168,
        "mean": 3.56015348434,
        "median": 3.37081599236,
        "min": 1.20816659927,
        "var": 1.34840989113
    },
    "spectral_spread": {
        "dmean": 480829,
        "dmean2": 703684.25,
        "dvar": 1.282244608e+12,
        "dvar2": 1.27597792461e+12,
        "max": 24607400,
        "mean": 2623648,
        "median": 2134751.75,
        "min": 1058105.375,
        "var": 3.07779049882e+12
    },
    "spectral_strongpeak": {
        "dmean": 0.368875086308,
        "dmean2": 0.573545396328,
        "dvar": 0.188124805689,
        "dvar2": 0.473678171635,
        "max": 3.72489190102,
        "mean": 0.855372786522,
        "median": 0.652824997902,
        "min": 0,
        "var": 0.538525164127
    },
    "zerocrossingrate": {
        "dmean": 0.00439305137843,
        "dmean2": 0.00560410320759,
        "dvar": 2.40867611865e-05,
        "dvar2": 3.51642884198e-05,
        "max": 0.10205078125,
        "mean": 0.0297571271658,
        "median": 0.02587890625,
        "min": 0.00390625,
        "var": 0.000246827257797
    },
    "barkbands": {
        "dmean": [2.16220432776e-05, 1.02579986105e-06, 0.000116490198707, 0.000394410017179, 0.00213035568595, 0.00461014453322, 0.000771598133724, 0.000720401993021, 0.000778567686211, 0.000368764216546, 0.000119973628898, 8.32467558212e-05, 4.85860946355e-05, 4.33160785178e-05, 1.86712368304e-05, 1.85987737495e-05, 7.95339747128e-06, 8.32407386042e-06, 8.7492107923e-06, 3.93585287384e-06, 3.10506925416e-06, 2.91418405141e-06, 5.83216160521e-06, 2.55798227045e-06, 3.19212267641e-06, 1.34692936626e-06, 6.41411702418e-07],
        "dmean2": [3.8488622522e-05, 1.64551761372e-06, 0.000157251168275, 0.000501319707837, 0.00326293474063, 0.00703062815592, 0.00135594373569, 0.00112829077989, 0.0011533141369, 0.000624766340479, 0.000196803943254, 0.000135015201522, 8.0432248069e-05, 7.42731062928e-05, 2.83957615466e-05, 2.83909812424e-05, 1.1749362784e-05, 1.35719346872e-05, 1.48794379129e-05, 6.80348193782e-06, 4.93602647111e-06, 4.86548697154e-06, 9.72440466285e-06, 4.50491006632e-06, 5.8689670368e-06, 2.41628117692e-06, 1.17561717161e-06],
        "dvar": [1.72434666545e-09, 1.81436653895e-11, 7.51062927407e-08, 5.70592078475e-07, 2.03176132345e-05, 6.00521816523e-05, 4.69624274047e-06, 2.44482043854e-06, 3.13805230689e-06, 7.19466072496e-07, 4.02965518731e-08, 3.42768231576e-08, 6.80954181931e-09, 5.94415405786e-09, 1.47079415314e-09, 1.92333593496e-09, 1.72921718611e-10, 8.21438028709e-10, 1.90552418289e-09, 3.00481084459e-10, 4.09404316004e-10, 6.92068957697e-10, 3.35450867084e-09, 3.10717979124e-10, 7.21103232681e-10, 1.77678829982e-10, 2.17825861515e-11],
        "dvar2": [4.71992533946e-09, 3.48403736417e-11, 1.11059534902e-07, 7.24926849216e-07, 4.33585701103e-05, 0.000145213998621, 1.4511128029e-05, 5.57001249035e-06, 6.65780271447e-06, 2.02645287573e-06, 1.08139758481e-07, 9.1969745597e-08, 1.94034974754e-08, 1.56212003333e-08, 3.23668336577e-09, 4.68267780107e-09, 3.79816622598e-10, 2.1892490043e-09, 4.8989519108e-09, 6.41801389811e-10, 9.49971656894e-10, 1.42084766175e-09, 8.73720562566e-09, 8.45775394165e-10, 2.03590300174e-09, 4.99054020331e-10, 6.2412450208e-11],
        "max": [0.000579406681936, 6.34613097645e-05, 0.00299835624173, 0.0123563949019, 0.0480631366372, 0.0891407057643, 0.0269679687917, 0.0162087716162, 0.0234982296824, 0.00859241653234, 0.00218647788279, 0.00235563027672, 0.000719437375665, 0.000811971200164, 0.000629425980151, 0.000655454292428, 0.000201042596018, 0.000447824364528, 0.000465513265226, 0.000242197071202, 0.000299610721413, 0.000397597497795, 0.000865282432642, 0.00022646029538, 0.000367929606, 0.000189753933228, 6.59464421915e-05],
        "mean": [2.10618127312e-05, 1.39348628636e-06, 0.000226284537348, 0.000874622550327, 0.00283624464646, 0.00765973469242, 0.000981528311968, 0.000999170006253, 0.00109644944314, 0.000481230672449, 0.000161124102306, 0.000126902232296, 7.01983954059e-05, 6.41750884824e-05, 3.312527042e-05, 3.02141579596e-05, 1.48236713358e-05, 1.27528410303e-05, 1.10979608507e-05, 5.37569621883e-06, 3.35478148372e-06, 3.25097494169e-06, 4.50908601124e-06, 1.9717451778e-06, 2.14566648538e-06, 1.03439981558e-06, 1.8441943439e-06],
        "median": [8.30811495689e-06, 6.13966392393e-07, 5.24752285855e-05, 0.000313518597977, 0.000419961463194, 0.00214027613401, 0.00028246815782, 0.000170047831489, 0.000380247627618, 0.000179164489964, 6.63384926156e-05, 5.10518439114e-05, 3.45565895259e-05, 2.54168826359e-05, 1.70739313035e-05, 1.26379172798e-05, 8.99291171663e-06, 6.11119867244e-06, 3.78602271667e-06, 1.94083804672e-06, 7.48170691622e-07, 2.69463157565e-07, 1.65111558204e-07, 2.04664743819e-07, 1.88415668845e-07, 1.61466729764e-07, 1.58304806064e-06],
        "min": [7.29690583512e-08, 4.72935646201e-08, 5.26491845676e-08, 1.09588040687e-06, 4.23759274781e-06, 4.15919885199e-06, 8.4786483967e-07, 4.09422995062e-07, 1.59389173859e-07, 1.87680740282e-07, 9.51284206963e-08, 8.14776299762e-08, 1.46297182368e-07, 7.93847121372e-08, 1.1908208819e-07, 1.05756434721e-07, 6.60401298092e-08, 7.89194984918e-08, 1.00591471153e-07, 1.02386238154e-07, 5.50084600093e-08, 2.8930317697e-08, 1.07969686525e-08, 9.88505721722e-09, 8.52138271057e-09, 4.69434180417e-09, 4.30562074882e-08],
        "var": [1.844489117e-09, 2.8094006288e-11, 2.03133026844e-07, 2.21619416152e-06, 3.48159846908e-05, 0.000166893994901, 4.65304083264e-06, 4.39710220235e-06, 5.37558798896e-06, 8.21515641292e-07, 5.45301652721e-08, 4.50469528346e-08, 1.00851673679e-08, 9.99597293827e-09, 2.75165046304e-09, 2.92154322956e-09, 4.01932376271e-10, 8.68654592701e-10, 1.59559632174e-09, 3.61744301181e-10, 4.09407896473e-10, 8.04149580258e-10, 2.57399190851e-09, 2.32465907635e-10, 4.46522874231e-10, 1.14816163521e-10, 1.29609959917e-11]
    },
    "erbbands": {
        "dmean": [9.01139355847e-05, 0.00110813602805, 0.0740546807647, 0.916663527489, 1.12706971169, 7.44158744812, 38.8207015991, 27.8358516693, 14.0617856979, 13.3899173737, 11.2618141174, 16.339471817, 18.2198410034, 6.46451616287, 4.46483659744, 3.35538506508, 1.99009680748, 2.50830841064, 1.044708848, 0.946762740612, 0.852149546146, 0.430410265923, 0.442506581545, 0.491255789995, 0.334655374289, 0.182580277324, 0.129120975733, 0.130077600479, 0.0928183719516, 0.159206777811, 0.149853736162, 0.0593086890876, 0.05422385782, 0.0411401242018, 0.0172843132168, 0.00941664539278, 0.00108635658398, 0.000204797252081, 9.9530814623e-05, 1.61029147421e-05],
        "dmean2": [0.000139455398312, 0.00148726499174, 0.0996517166495, 1.14544677734, 1.62724471092, 11.3035058975, 59.5441513062, 40.6122398376, 24.4385375977, 21.6101284027, 18.4180793762, 24.1545619965, 29.8497657776, 10.842004776, 7.24485969543, 5.3802614212, 3.273468256, 4.17750024796, 1.56071436405, 1.34406268597, 1.28135335445, 0.623613238335, 0.723046123981, 0.865514576435, 0.549741566181, 0.296698987484, 0.217134684324, 0.204043015838, 0.148513674736, 0.239400178194, 0.252431303263, 0.0978917777538, 0.100570954382, 0.0761311203241, 0.0313721559942, 0.0171768628061, 0.00177464983426, 0.00036398388329, 0.000183524200111, 2.6566296583e-05],
        "dvar": [2.06507788647e-08, 5.80463984079e-06, 0.028805302456, 3.44248223305, 7.88651609421, 432.489929199, 4370.31103516, 2956.59790039, 1470.21765137, 539.186950684, 578.700134277, 1165.2208252, 1562.74462891, 206.006057739, 50.592300415, 74.4808731079, 12.916852951, 19.196516037, 5.38111686707, 5.06306219101, 3.78423857689, 0.658822178841, 3.13393640518, 4.02224588394, 2.77458190918, 0.560750067234, 0.45319133997, 1.01011550426, 0.60365062952, 2.49141001701, 2.1234357357, 0.205450862646, 0.159657180309, 0.119207262993, 0.0201420634985, 0.00837926473469, 9.38445373322e-05, 1.66103779975e-06, 6.18050592038e-07, 5.08724573578e-09],
        "dvar2": [4.35045492964e-08, 1.00653351183e-05, 0.041168037802, 4.63508081436, 17.6732177734, 949.810974121, 9797.75195312, 7228.34814453, 4587.27636719, 1365.53710938, 1517.46276855, 2426.56591797, 4003.87109375, 514.418151855, 123.742118835, 211.010940552, 35.4550476074, 51.4660491943, 13.6487951279, 10.4945211411, 9.25568294525, 1.40096569061, 8.43535137177, 10.3086700439, 6.38784646988, 1.22747027874, 1.06548810005, 2.3209092617, 1.32464373112, 5.91244745255, 5.61487722397, 0.514721572399, 0.458050757647, 0.339815944433, 0.0561964213848, 0.0236659180373, 0.00024567701621, 4.66518213216e-06, 1.79337382633e-06, 1.39756952677e-08],
        "max": [0.00220568547957, 0.0387176312506, 1.93211185932, 29.119562149, 38.4917678833, 255.704162598, 717.847900391, 594.137329102, 425.964172363, 186.798721313, 270.702270508, 379.699798584, 371.456329346, 133.820571899, 67.1887817383, 109.409210205, 31.8950557709, 45.7282600403, 34.3365707397, 37.7076301575, 29.2670593262, 13.0976047516, 26.891544342, 22.3240528107, 21.4388427734, 10.8922176361, 7.97683382034, 15.2685489655, 11.9617338181, 24.3203868866, 21.7620449066, 6.70531511307, 5.02182292938, 4.72969198227, 1.91589677334, 1.28208255768, 0.147698521614, 0.0174721945077, 0.0109632005915, 0.00109889660962],
        "mean": [0.000175213965122, 0.00260016787797, 0.16140191257, 2.00868988037, 1.78806567192, 9.5888710022, 61.9255867004, 45.3098716736, 17.9290428162, 17.8723125458, 16.924156189, 22.9437446594, 24.0131797791, 10.6189727783, 6.83427476883, 5.29726314545, 3.34758090973, 3.72814464569, 1.99081599712, 1.75659203529, 1.49300765991, 0.857203185558, 0.692259669304, 0.698471963406, 0.448476403952, 0.247222691774, 0.154950588942, 0.128123670816, 0.100033923984, 0.142949566245, 0.116552636027, 0.0493790768087, 0.0367030464113, 0.0274205747992, 0.0119988601655, 0.00641082413495, 0.00113379664253, 0.000397652882384, 0.000222308488446, 5.28420823684e-05],
        "median": [0.000101492012618, 0.00095943978522, 0.0576521456242, 0.752079963684, 0.957866489887, 1.90320980549, 16.2930870056, 15.2331323624, 5.06630468369, 6.71903991699, 4.51731443405, 8.24915599823, 7.5961689949, 3.75282931328, 3.25490546227, 2.47112393379, 1.81691539288, 1.77812814713, 1.04139792919, 0.815426826477, 0.78753888607, 0.48022928834, 0.362294346094, 0.261499792337, 0.160461112857, 0.0942267328501, 0.0479465387762, 0.0211391281337, 0.010540612042, 0.00537666864693, 0.00464907521382, 0.00425482029095, 0.00340443360619, 0.00233348738402, 0.00122342188843, 0.000535152212251, 0.000294766447041, 0.000293298246106, 0.000178907750524, 4.17948649556e-05],
        "min": [6.72221040077e-06, 1.89895090443e-05, 0.000218715198571, 0.0036416805815, 0.00916296523064, 0.02054682374, 0.00698639452457, 0.0477483943105, 0.0323968790472, 0.0358276031911, 0.00996474456042, 0.00410068267956, 0.00709166796878, 0.00394708942622, 0.0105021931231, 0.00764119671658, 0.00738832261413, 0.00533374259248, 0.00693449564278, 0.00390323763713, 0.00534877739847, 0.00401044078171, 0.00423228228465, 0.00841300468892, 0.00444655446336, 0.0043899291195, 0.00287346635014, 0.00163747440092, 0.00114134710748, 0.000502460228745, 0.000299341598293, 0.000252913276199, 0.000126758255647, 0.000103968544863, 5.79388288315e-05, 1.553353286e-05, 1.15105449368e-05, 7.71869963501e-06, 4.74575972476e-06, 1.367852974e-06],
        "var": [5.77489664977e-08, 1.9815943233e-05, 0.0851609185338, 11.8940000534, 9.92998218536, 538.572814941, 10532.3203125, 6879.515625, 1546.20007324, 826.745910645, 983.576477051, 2034.19689941, 2210.15307617, 387.853424072, 85.9688644409, 83.440826416, 21.7341461182, 29.9902439117, 9.01804733276, 9.1245508194, 6.26102113724, 1.46939110756, 2.79288935661, 3.76095914841, 2.92649769783, 0.698764741421, 0.47042414546, 0.950722932816, 0.653325080872, 2.29930734634, 1.62334632874, 0.179329365492, 0.0997118651867, 0.0726745501161, 0.0128701617941, 0.00522307213396, 7.84902222222e-05, 1.08723349967e-06, 3.59142291018e-07, 3.99932442718e-09]
    },
    "gfcc": {
        "mean": [-138.221176147, 131.754547119, -109.087554932, -36.0440979004, -57.1140441895, -37.5537986755, -42.6458473206, -17.0093402863, -28.7733192444, -15.6910448074, -12.7189569473, -10.4371843338, -6.06017351151],
        "cov": [[3314.09155273, 865.325683594, -1060.5723877, -464.739105225, -356.578887939, -40.383972168, -84.9358444214, 11.4255218506, -34.6802597046, -41.2575187683, -2.15679645538, 32.8020820618, 79.9663925171], [865.325683594, 1254.23547363, -17.1640167236, -397.185791016, 55.675693512, -170.618453979, 7.79934835434, -60.1451835632, 13.274307251, -82.4438934326, -26.232383728, -63.3621635437, -2.42909932137], [-1060.5723877, -17.1640167236, 1066.27050781, 340.18927002, 17.4020862579, 2.6625213623, -95.7529678345, -55.198802948, -32.5551986694, -39.7656898499, -35.013835907, -56.3407020569, -65.0673904419], [-464.739105225, -397.185791016, 340.18927002, 397.595397949, 45.1031303406, 56.9371337891, -37.8185577393, -29.3140029907, -44.4350128174, -12.3190889359, -20.0076618195, 5.99069881439, -26.3687934875], [-356.578887939, 55.675693512, 17.4020862579, 45.1031303406, 218.439865112, -11.2669172287, 42.6532363892, -21.6358451843, -13.4070329666, -22.6352214813, -12.7376079559, -7.0249414444, -16.4567146301], [-40.383972168, -170.618453979, 2.6625213623, 56.9371337891, -11.2669172287, 97.9272994995, 25.5851860046, 15.7993679047, -10.3842401505, -1.79417479038, -14.9994096756, 3.15210103989, 0.64522755146], [-84.9358444214, 7.79934835434, -95.7529678345, -37.8185577393, 42.6532363892, 25.5851860046, 113.422622681, 40.6822242737, 9.84237480164, -11.2030467987, -32.0977325439, -17.4140033722, -6.02199316025], [11.4255218506, -60.1451835632, -55.198802948, -29.3140029907, -21.6358451843, 15.7993679047, 40.6822242737, 82.7257537842, 23.0747871399, 12.899017334, -6.82324743271, -22.5922355652, -16.8331451416], [-34.6802597046, 13.274307251, -32.5551986694, -44.4350128174, -13.4070329666, -10.3842401505, 9.84237480164, 23.0747871399, 50.3091545105, 27.9733047485, 6.253428936, -7.94089221954, -11.7307720184], [-41.2575187683, -82.4438934326, -39.7656898499, -12.3190889359, -22.6352214813, -1.79417479038, -11.2030467987, 12.899017334, 27.9733047485, 59.8816413879, 32.7006759644, 6.8520283699, -3.88559484482], [-2.15679645538, -26.232383728, -35.013835907, -20.0076618195, -12.7376079559, -14.9994096756, -32.0977325439, -6.82324743271, 6.253428936, 32.7006759644, 62.4265556335, 27.5673236847, 11.249704361], [32.8020820618, -63.3621635437, -56.3407020569, 5.99069881439, -7.0249414444, 3.15210103989, -17.4140033722, -22.5922355652, -7.94089221954, 6.8520283699, 27.5673236847, 54.6191749573, 35.6797332764], [79.9663925171, -2.42909932137, -65.0673904419, -26.3687934875, -16.4567146301, 0.64522755146, -6.02199316025, -16.8331451416, -11.7307720184, -3.88559484482, 11.249704361, 35.6797332764, 52.9048957825]],
        "icov": [[0.00311320251785, -0.00442421296611, 0.00461150053889, -0.00370112061501, 0.00543306907639, -0.00344862788916, 0.00542941736057, -0.0036714526359, 0.00491536362097, -0.00166950747371, 0.00371637707576, -0.00332785816863, 0.00252147088759], [-0.00442421296611, 0.00864406302571, -0.00705797690898, 0.00789045728743, -0.00812458712608, 0.00698448671028, -0.00796476565301, 0.00742180319503, -0.00755434203893, 0.00549734430388, -0.00585281709209, 0.00721235526726, -0.00371211348101], [0.00461150053889, -0.00705797690898, 0.00860126968473, -0.00749239185825, 0.00835692416877, -0.00536000635475, 0.00900900922716, -0.00504672341049, 0.00644576596096, -0.00174919539131, 0.00501458905637, -0.00301978224888, 0.00390554941259], [-0.00370112061501, 0.00789045728743, -0.00749239185825, 0.0125308092684, -0.00806820113212, 0.00413046544418, -0.00526390969753, 0.00604165764526, -0.00222301902249, 0.00247784657404, -0.00155831163283, 0.00145443191286, 0.000789919518866], [0.00543306907639, -0.00812458712608, 0.00835692416877, -0.00806820113212, 0.0159578882158, -0.00457498338073, 0.00507897883654, -0.0035439694766, 0.00908695440739, -0.00150376767851, 0.00459932442755, -0.00630762288347, 0.0073221786879], [-0.00344862788916, 0.00698448671028, -0.00536000635475, 0.00413046544418, -0.00457498338073, 0.0197643060237, -0.0100423973054, 0.00375917041674, -0.00198628404178, 0.00189212919213, -0.00124729296658, 0.0023991104681, -0.00226558814757], [0.00542941736057, -0.00796476565301, 0.00900900922716, -0.00526390969753, 0.00507897883654, -0.0100423973054, 0.0269386265427, -0.0138167571276, 0.00677878316492, -0.00269007659517, 0.0140904895961, -0.0060337795876, 0.00263523776084], [-0.0036714526359, 0.00742180319503, -0.00504672341049, 0.00604165764526, -0.0035439694766, 0.00375917041674, -0.0138167571276, 0.0274167750031, -0.012015581131, 0.00479204393923, -0.00926383212209, 0.0144408745691, -0.00138455128763], [0.00491536362097, -0.00755434203893, 0.00644576596096, -0.00222301902249, 0.00908695440739, -0.00198628404178, 0.00677878316492, -0.012015581131, 0.0454978123307, -0.0225422624499, 0.0137365506962, -0.0119458371773, 0.0124107236043], [-0.00166950747371, 0.00549734430388, -0.00174919539131, 0.00247784657404, -0.00150376767851, 0.00189212919213, -0.00269007659517, 0.00479204393923, -0.0225422624499, 0.0420564971864, -0.0224593281746, 0.00955512095243, -0.000990627100691], [0.00371637707576, -0.00585281709209, 0.00501458905637, -0.00155831163283, 0.00459932442755, -0.00124729296658, 0.0140904895961, -0.00926383212209, 0.0137365506962, -0.0224593281746, 0.0425934270024, -0.0246241241693, 0.0085529377684], [-0.00332785816863, 0.00721235526726, -0.00301978224888, 0.00145443191286, -0.00630762288347, 0.0023991104681, -0.0060337795876, 0.0144408745691, -0.0119458371773, 0.00955512095243, -0.0246241241693, 0.0590621307492, -0.0322544015944], [0.00252147088759, -0.00371211348101, 0.00390554941259, 0.000789919518866, 0.0073221786879, -0.00226558814757, 0.00263523776084, -0.00138455128763, 0.0124107236043, -0.000990627100691, 0.0085529377684, -0.0322544015944, 0.0448951944709]]
    },
    "melbands": {
        "dmean": [1.20827485262e-06, 2.62775229203e-05, 0.000144583114889, 0.000225057156058, 0.00111069122795, 0.000681423465721, 0.000199003945454, 0.000159919654834, 8.12048383523e-05, 0.000119351010653, 9.27345172386e-05, 2.77884810203e-05, 1.63697877724e-05, 1.02019139376e-05, 6.03516764386e-06, 4.44457600679e-06, 4.95391441291e-06, 1.81313407666e-06, 1.45782269101e-06, 1.35506070364e-06, 9.64779246715e-07, 4.72752930136e-07, 4.02964360546e-07, 3.8802824065e-07, 4.40425452553e-07, 2.95703074471e-07, 1.90448261606e-07, 1.10718183066e-07, 9.32129964326e-08, 5.18550784534e-08, 8.56402522231e-08, 4.87162417073e-08, 6.68128876669e-08, 9.94137820953e-08, 1.0627525171e-07, 5.30968229384e-08, 2.58906016626e-08, 3.70988821885e-08, 4.3905298952e-08, 3.20603952275e-08],
        "dmean2": [2.05789706342e-06, 3.55766678695e-05, 0.00018644623924, 0.000345902750269, 0.00168929144274, 0.00100861722603, 0.000345275155269, 0.000251289631706, 0.000133278750582, 0.000175038105226, 0.000152811640874, 4.61728377559e-05, 2.67107334366e-05, 1.63652021001e-05, 9.61567093327e-06, 7.21221522326e-06, 8.37208426674e-06, 2.82604128188e-06, 2.18375180339e-06, 2.06114077628e-06, 1.46658453559e-06, 6.99558142969e-07, 6.64663104999e-07, 6.10741778928e-07, 7.779951261e-07, 5.0902519888e-07, 3.2382831705e-07, 1.74601240133e-07, 1.58501478609e-07, 8.66474607619e-08, 1.39143395472e-07, 8.45266256988e-08, 9.78831735665e-08, 1.53564499783e-07, 1.81386511144e-07, 8.53624939623e-08, 4.41649170568e-08, 6.8798733821e-08, 8.22285954882e-08, 5.92369886476e-08],
        "dvar": [5.01787110127e-12, 3.85317999729e-09, 7.29432372282e-08, 7.28426755359e-07, 3.3622875435e-06, 1.52747202264e-06, 2.85919753651e-07, 8.81714967704e-08, 2.70296620641e-08, 6.99648552427e-08, 4.06268050313e-08, 4.00876176698e-09, 7.57000628848e-10, 3.95245558504e-10, 2.00560026919e-10, 5.95330382214e-11, 7.79434433662e-11, 1.77986392985e-11, 8.03197265642e-12, 1.10763065386e-11, 4.59508646411e-12, 6.2994959726e-13, 1.95790193953e-12, 1.59278146228e-12, 3.19085426484e-12, 2.31407189417e-12, 1.16631107983e-12, 1.71387223532e-13, 2.19668142183e-13, 8.31700769995e-14, 4.78961163265e-13, 1.60429734276e-13, 3.95055163712e-13, 9.9727821487e-13, 1.1583702747e-12, 2.03734381796e-13, 3.13239729565e-14, 7.09893976285e-14, 1.34652529469e-13, 7.38590300573e-14],
        "dvar2": [1.19782942246e-11, 5.72693270584e-09, 9.47273974816e-08, 1.62073092724e-06, 7.51573088564e-06, 3.76438083549e-06, 8.93728099527e-07, 2.09723026501e-07, 7.14184409389e-08, 1.47823655539e-07, 1.0362375491e-07, 1.02684332148e-08, 1.9839749843e-09, 1.04339503704e-09, 5.4360826951e-10, 1.69547875739e-10, 2.09568515319e-10, 4.70872715819e-11, 1.65131068541e-11, 2.63092429786e-11, 1.12162206606e-11, 1.35780677066e-12, 5.34823877893e-12, 3.95995996411e-12, 8.31846137112e-12, 6.12328547242e-12, 2.53577085545e-12, 4.1399061913e-13, 5.00451947678e-13, 2.0147223462e-13, 1.05648248396e-12, 3.3522896915e-13, 9.22349544831e-13, 2.40212602413e-12, 3.11767191924e-12, 4.98085080125e-13, 8.17085860235e-14, 2.0470956744e-13, 3.86991979261e-13, 2.10459877607e-13],
        "max": [3.10995565087e-05, 0.000693879963364, 0.00426588160917, 0.0107344370335, 0.0202788393945, 0.013656408526, 0.00600595353171, 0.00287614064291, 0.00176568760071, 0.00323720858432, 0.00194295973051, 0.000599134014919, 0.000302428408759, 0.000222200906137, 0.000185198354302, 5.67685783608e-05, 9.34116615099e-05, 5.77012906433e-05, 4.46494304924e-05, 5.02091206727e-05, 3.21981788147e-05, 1.2509741282e-05, 2.06871718547e-05, 1.98222533072e-05, 2.0002535166e-05, 1.75001296157e-05, 1.61005700647e-05, 5.69201574763e-06, 5.74793875785e-06, 3.75046806766e-06, 1.04470300357e-05, 5.85157204114e-06, 9.94749552774e-06, 1.52328739205e-05, 1.59494902618e-05, 6.83573307469e-06, 2.37643325818e-06, 3.16962473335e-06, 4.94417190566e-06, 3.71245550923e-06],
        "mean": [1.59440310199e-06, 5.22110640304e-05, 0.000323192827636, 0.000262318790192, 0.00180899200495, 0.00113103212789, 0.000244001625106, 0.000213312145206, 0.000120686476293, 0.000162869284395, 0.00011921908299, 4.3149368139e-05, 2.30011955864e-05, 1.60826457432e-05, 9.79570540949e-06, 6.80704988554e-06, 6.92068215358e-06, 3.0765545489e-06, 2.58224508798e-06, 2.18245827455e-06, 1.62619141975e-06, 8.98647385839e-07, 6.49684409382e-07, 5.82739914989e-07, 5.80534958772e-07, 3.60895796803e-07, 2.50631188692e-07, 1.41251689456e-07, 1.10255157892e-07, 5.79009018509e-08, 8.23337558131e-08, 5.33391109059e-08, 6.90558579208e-08, 8.42720382366e-08, 8.07077356058e-08, 4.39075122927e-08, 2.1377557502e-08, 2.52609844154e-08, 2.83354975039e-08, 2.15149977834e-08],
        "median": [8.0354760712e-07, 1.20394279293e-05, 0.0001332598913, 6.38349447399e-05, 0.000497925968375, 0.000368592416635, 5.26801231899e-05, 6.53378301649e-05, 3.64106635971e-05, 5.1664734201e-05, 3.68293331121e-05, 1.4223758626e-05, 1.05797216747e-05, 6.57970394968e-06, 4.50202833235e-06, 3.2967302559e-06, 2.91364244731e-06, 1.41080613503e-06, 1.2703868606e-06, 8.71374311373e-07, 7.93093363427e-07, 5.27528754901e-07, 3.1304207937e-07, 3.01674589309e-07, 1.88999223383e-07, 1.28027451751e-07, 7.56825286885e-08, 5.4123514559e-08, 3.21005515502e-08, 1.74069487713e-08, 1.01475201575e-08, 6.15551876137e-09, 4.03777766778e-09, 2.57347188004e-09, 2.53291476682e-09, 2.50783527278e-09, 2.46989029229e-09, 2.34583441561e-09, 2.10883865925e-09, 1.81892678697e-09],
        "min": [4.37522373886e-08, 3.55903466698e-08, 9.05871900159e-07, 5.46192040929e-07, 1.10931516417e-07, 1.09854704533e-06, 4.31393004874e-07, 2.62827484221e-07, 5.20923855163e-08, 2.20614921886e-08, 2.2937024724e-08, 1.16413927387e-08, 2.27777618989e-08, 2.73316711485e-08, 8.19526313478e-09, 1.18771534829e-08, 8.71468053276e-09, 8.99039154234e-09, 4.78659289982e-09, 7.07579195236e-09, 6.18239770489e-09, 4.14500833656e-09, 4.45716663577e-09, 3.48075746004e-09, 5.04195796225e-09, 2.86505885683e-09, 3.23620175102e-09, 1.83031900747e-09, 1.87202897628e-09, 9.8761887557e-10, 7.15658809991e-10, 6.13501527358e-10, 3.82055470594e-10, 1.9650833738e-10, 1.71533245941e-10, 1.4697351669e-10, 1.61371013774e-10, 6.2716963567e-11, 1.11914671974e-10, 8.45834791097e-11],
        "var": [7.71922283038e-12, 1.06575184233e-08, 2.7307848427e-07, 7.48221964386e-07, 8.32559908304e-06, 3.96997575081e-06, 2.99158017469e-07, 1.4395621406e-07, 4.46568009238e-08, 1.17124969279e-07, 5.64659039526e-08, 6.98591939852e-09, 1.05929587324e-09, 6.13756490075e-10, 2.80839129729e-10, 8.44941408507e-11, 1.15132167688e-10, 2.55955603934e-11, 1.65282770109e-11, 1.57635241665e-11, 7.86821649501e-12, 1.48025461246e-12, 1.74904231723e-12, 1.93024784524e-12, 2.80984415423e-12, 1.84084171517e-12, 1.28915899223e-12, 1.9220704943e-13, 2.41768492162e-13, 7.6891292812e-14, 4.6918193072e-13, 1.74775328216e-13, 4.16361687966e-13, 8.73127687772e-13, 8.54147752961e-13, 1.77765977936e-13, 2.58612965434e-14, 4.43010598095e-14, 8.05836110731e-14, 4.50007598459e-14]
    },
    "mfcc": {
        "mean": [-797.931152344, 194.221694946, -15.1056118011, -0.235393092036, -13.2398452759, -25.9759254456, -14.3698177338, -18.2141475677, -15.4734325409, -13.3529090881, -14.9173402786, -10.97722435, -9.98232555389],
        "cov": [[4068.71777344, 685.928894043, -1036.01623535, -547.850952148, -490.896728516, -205.381958008, -164.35496521, 8.32188510895, -79.378692627, 39.1043319702, -29.9883556366, -152.99105835, -83.4208908081], [685.928894043, 1347.50769043, -179.549285889, -201.47052002, -98.4310684204, -145.107223511, -77.1875610352, -35.4698944092, -36.9300003052, 32.6302528381, -28.765291214, -81.7800064087, -78.8833007812], [-1036.01623535, -179.549285889, 884.093078613, 239.040771484, 155.113357544, 49.8395996094, -34.8236427307, -47.0230102539, -41.6748657227, -44.0925788879, -29.2959403992, 25.8351364136, 14.1783971786], [-547.850952148, -201.47052002, 239.040771484, 254.700942993, 133.725845337, 56.6968383789, 22.6426353455, -7.39628076553, -10.2567615509, -45.9914550781, -14.968085289, 8.81088161469, -6.79244852066], [-490.896728516, -98.4310684204, 155.113357544, 133.725845337, 165.626708984, 55.9762420654, 22.4912872314, -9.9727563858, -22.3863506317, -31.4944248199, -10.6350889206, 13.6536502838, 10.1464881897], [-205.381958008, -145.107223511, 49.8395996094, 56.6968383789, 55.9762420654, 98.4520568848, 33.1448020935, 13.1138553619, 13.8683671951, -32.8553848267, -6.9220199585, -0.035647444427, 4.79477834702], [-164.35496521, -77.1875610352, -34.8236427307, 22.6426353455, 22.4912872314, 33.1448020935, 85.9243392944, 42.6019248962, 32.5994415283, 5.76278114319, 4.07006931305, 0.824455022812, -2.16682600975], [8.32188510895, -35.4698944092, -47.0230102539, -7.39628076553, -9.9727563858, 13.1138553619, 42.6019248962, 71.6435775757, 40.5990409851, 12.6055860519, 1.33926415443, -13.337594986, -13.2944631577], [-79.378692627, -36.9300003052, -41.6748657227, -10.2567615509, -22.3863506317, 13.8683671951, 32.5994415283, 40.5990409851, 79.705696106, 22.3369445801, 10.3179302216, 5.36273670197, -3.25573182106], [39.1043319702, 32.6302528381, -44.0925788879, -45.9914550781, -31.4944248199, -32.8553848267, 5.76278114319, 12.6055860519, 22.3369445801, 72.3268966675, 30.3241481781, 8.81473064423, 4.01269960403], [-29.9883556366, -28.765291214, -29.2959403992, -14.968085289, -10.6350889206, -6.9220199585, 4.07006931305, 1.33926415443, 10.3179302216, 30.3241481781, 48.605304718, 27.6411170959, 13.5113048553], [-152.99105835, -81.7800064087, 25.8351364136, 8.81088161469, 13.6536502838, -0.035647444427, 0.824455022812, -13.337594986, 5.36273670197, 8.81473064423, 27.6411170959, 64.2596969604, 35.8924446106], [-83.4208908081, -78.8833007812, 14.1783971786, -6.79244852066, 10.1464881897, 4.79477834702, -2.16682600975, -13.2944631577, -3.25573182106, 4.01269960403, 13.5113048553, 35.8924446106, 62.2372932434]],
