{
"lowlevel": {
    "average_loudness": 0.975896477699,
    "barkbands_crest": {
        "dmean": 2.8761985302,
        "dmean2": 4.63009166718,
        "dvar": 9.8632850647,
        "dvar2": 20.4467353821,
        "max": 26.8560180664,
        "mean": 11.7352342606,
        "median": 8.33032417297,
        "min": 3.66266822815,
        "var": 62.5980300903
    },
    "barkbands_flatness_db": {
        "dmean": 0.0287446621805,
        "dmean2": 0.0405298508704,
        "dvar": 0.00100070529152,
        "dvar2": 0.00164820812643,
        "max": 0.477547287941,
        "mean": 0.145073756576,
        "median": 0.104968264699,
        "min": 0.0262787658721,
        "var": 0.0107366982847
    },
    "barkbands_kurtosis": {
        "dmean": 19.3639621735,
        "dmean2": 32.5378761292,
        "dvar": 3875.79052734,
        "dvar2": 12061.8945312,
        "max": 450.223815918,
        "mean": 20.4890918732,
        "median": 0.310404062271,
        "min": -1.73458123207,
        "var": 4219.34863281
    },
    "barkbands_skewness": {
        "dmean": 1.11329329014,
        "dmean2": 1.8349186182,
        "dvar": 2.9251036644,
        "dvar2": 7.9569144249,
        "max": 3.24950957298,
        "mean": -0.466292977333,
        "median": 0.292155057192,
        "min": -12.8511352539,
        "var": 7.62240982056
    },
    "barkbands_spread": {
        "dmean": 8.36043357849,
        "dmean2": 13.2147197723,
        "dvar": 112.787467957,
        "dvar2": 252.712585449,
        "max": 120.667694092,
        "mean": 33.976524353,
        "median": 25.5514259338,
        "min": 0.197791799903,
        "var": 749.361328125
    },
    "dissonance": {
        "dmean": 0.0125060137361,
        "dmean2": 0.0208239406347,
        "dvar": 0.000220696048927,
        "dvar2": 0.000503651914187,
        "max": 0.49986025691,
        "mean": 0.476841598749,
        "median": 0.483688473701,
        "min": 0.380999088287,
        "var": 0.000480624235934
    },
    "dynamic_complexity": 22.0179576874,
    "erbbands_crest": {
        "dmean": 2.48054075241,
        "dmean2": 3.82584357262,
        "dvar": 11.0031900406,
        "dvar2": 16.9786720276,
        "max": 34.4946746826,
        "mean": 13.5408391953,
        "median": 8.93154621124,
        "min": 2.2401342392,
        "var": 110.14150238
    },
    "erbbands_flatness_db": {
        "dmean": 0.0255420524627,
        "dmean2": 0.034422442317,
        "dvar": 0.000863556342665,
        "dvar2": 0.00135838950519,
        "max": 0.531581103802,
        "mean": 0.201149359345,
        "median": 0.186019808054,
        "min": 0.0243044421077,
        "var": 0.0138834472746
    },
    "erbbands_kurtosis": {
        "dmean": 9.80215358734,
        "dmean2": 15.8544425964,
        "dvar": 587.700866699,
        "dvar2": 1221.26708984,
        "max": 186.940856934,
        "mean": 17.5588417053,
        "median": -0.284022331238,
        "min": -1.41752898693,
        "var": 1838.63818359
    },
    "erbbands_skewness": {
        "dmean": 0.914515435696,
        "dmean2": 1.34229099751,
        "dvar": 1.78883635998,
        "dvar2": 3.56219530106,
        "max": 4.60746526718,
        "mean": -0.770940959454,
        "median": -0.161388158798,
        "min": -9.78826713562,
        "var": 5.75327062607
    },
    "erbbands_spread": {
        "dmean": 6.16216182709,
        "dmean2": 9.13122463226,
        "dvar": 38.7941932678,
        "dvar2": 84.0715560913,
        "max": 89.274520874,
        "mean": 30.8030700684,
        "median": 28.5622406006,
        "min": 0.311006963253,
        "var": 431.025634766
    },
    "hfc": {
        "dmean": 10.4502439499,
        "dmean2": 18.6300373077,
        "dvar": 1334.15698242,
        "dvar2": 4032.26269531,
        "max": 243.586959839,
        "mean": 11.8793039322,
        "median": 0.019436635077,
        "min": 7.17421644367e-05,
        "var": 1426.40783691
    },
    "melbands_crest": {
        "dmean": 3.45449924469,
        "dmean2": 5.18904876709,
        "dvar": 15.1557865143,
        "dvar2": 27.6995010376,
        "max": 36.8490219116,
        "mean": 14.3169765472,
        "median": 10.9232788086,
        "min": 3.65863442421,
        "var": 89.9580001831
    },
    "melbands_flatness_db": {
        "dmean": 0.0255331713706,
        "dmean2": 0.036331564188,
        "dvar": 0.000848031952046,
        "dvar2": 0.00137861724943,
        "max": 0.418000072241,
        "mean": 0.163260251284,
        "median": 0.154895350337,
        "min": 0.0390527956188,
        "var": 0.00657157925889
    },
    "melbands_kurtosis": {
        "dmean": 12.6260814667,
        "dmean2": 21.0781326294,
        "dvar": 1217.7578125,
        "dvar2": 3500.70263672,
        "max": 276.708648682,
        "mean": 17.495552063,
        "median": 2.41890621185,
        "min": -1.80662500858,
        "var": 1980.79833984
    },
    "melbands_skewness": {
        "dmean": 0.988908350468,
        "dmean2": 1.46346592903,
        "dvar": 2.78026032448,
        "dvar2": 7.47739076614,
        "max": 5.25038671494,
        "mean": -0.144298806787,
        "median": 1.06288456917,
        "min": -13.5939264297,
        "var": 13.6340303421
    },
    "melbands_spread": {
        "dmean": 11.801117897,
        "dmean2": 18.8450584412,
        "dvar": 184.78968811,
        "dvar2": 395.249938965,
        "max": 128.849182129,
        "mean": 42.8576316833,
        "median": 32.8442497253,
        "min": 1.212500453,
        "var": 935.561584473
    },
    "pitch_salience": {
        "dmean": 0.0847930908203,
        "dmean2": 0.130459427834,
        "dvar": 0.00517039746046,
        "dvar2": 0.0107616726309,
        "max": 0.830508112907,
        "mean": 0.501920461655,
        "median": 0.549734175205,
        "min": 0.0476431325078,
        "var": 0.0295606832951
    },
    "silence_rate_20dB": {
        "dmean": 0,
        "dmean2": 0,
        "dvar": 0,
        "dvar2": 0,
        "max": 1,
        "mean": 1,
        "median": 1,
        "min": 1,
        "var": 0
    },
    "silence_rate_30dB": {
        "dmean": 0,
        "dmean2": 0,
        "dvar": 0,
        "dvar2": 0,
        "max": 1,
        "mean": 1,
        "median": 1,
        "min": 1,
        "var": 0
    },
    "silence_rate_60dB": {
        "dmean": 0.0333333350718,
        "dmean2": 0.0672268941998,
        "dvar": 0.0322222039104,
        "dvar2": 0.0627074465156,
        "max": 1,
        "mean": 0.834710717201,
        "median": 1,
        "min": 0,
        "var": 0.137968868017
    },
    "spectral_centroid": {
        "dmean": 310.35848999,
        "dmean2": 440.138061523,
        "dvar": 120537.671875,
        "dvar2": 192538.046875,
        "max": 6427.49707031,
        "mean": 2810.52685547,
        "median": 2928.19628906,
        "min": 581.899719238,
        "var": 1872986.375
    },
    "spectral_complexity": {
        "dmean": 0.633333325386,
        "dmean2": 0.941176474094,
        "dvar": 10.1655578613,
        "dvar2": 21.6519832611,
        "max": 31,
        "mean": 0.760330557823,
        "median": 0,
        "min": 0,
        "var": 12.5623989105
    },
    "spectral_decrease": {
        "dmean": 3.21238757817e-10,
        "dmean2": 5.82977499608e-10,
        "dvar": 1.54566834845e-18,
        "dvar2": 4.6283075514e-18,
        "max": -1.10200680504e-15,
        "mean": -3.35697775133e-10,
        "median": -3.10626437766e-12,
        "min": -8.44741254724e-09,
        "var": 1.31060946775e-18
    },
    "spectral_energy": {
        "dmean": 0.00216005486436,
        "dmean2": 0.00388980540447,
        "dvar": 6.32774972473e-05,
        "dvar2": 0.000190830251086,
        "max": 0.0513698644936,
        "mean": 0.00234448676929,
        "median": 1.3886364286e-05,
        "min": 1.06664490573e-08,
        "var": 5.82831344218e-05
    },
    "spectral_energyband_high": {
        "dmean": 0.00170650123619,
        "dmean2": 0.0030449219048,
        "dvar": 3.76378557121e-05,
        "dvar2": 0.000109943663119,
        "max": 0.0511906296015,
        "mean": 0.0020292380359,
        "median": 6.4610770778e-07,
        "min": 2.52075538221e-09,
        "var": 4.19869502366e-05
    },
    "spectral_energyband_low": {
        "dmean": 1.32776136752e-07,
        "dmean2": 2.29667975304e-07,
        "dvar": 6.06828023703e-14,
        "dvar2": 1.28844309354e-13,
        "max": 2.26168981499e-06,
        "mean": 1.62919789659e-07,
        "median": 9.420156033e-08,
        "min": 1.33520083878e-09,
        "var": 6.78282977744e-14
    },
    "spectral_energyband_middle_high": {
        "dmean": 0.000457885587821,
        "dmean2": 0.000851279357448,
        "dvar": 1.0227335224e-05,
        "dvar2": 2.95702175208e-05,
        "max": 0.0270063523203,
        "mean": 0.00030287480331,
        "median": 3.26354938807e-06,
        "min": 3.18937964927e-09,
        "var": 6.08106938671e-06
    },
    "spectral_energyband_middle_low": {
        "dmean": 7.63181742514e-06,
        "dmean2": 1.14159593068e-05,
        "dvar": 5.95213878185e-10,
        "dvar2": 1.38656719439e-09,
        "max": 0.000234945473494,
        "mean": 1.34297497425e-05,
        "median": 5.08370112584e-06,
        "min": 1.70914260522e-09,
        "var": 8.97307894654e-10
    },
    "spectral_entropy": {
        "dmean": 0.254900455475,
        "dmean2": 0.376059114933,
        "dvar": 0.0903046429157,
        "dvar2": 0.172946795821,
        "max": 8.55379962921,
        "mean": 7.33134031296,
        "median": 7.61005592346,
        "min": 4.03524541855,
        "var": 0.961073517799
    },
    "spectral_flux": {
        "dmean": 0.00791138317436,
        "dmean2": 0.0123447161168,
        "dvar": 0.000489744765218,
        "dvar2": 0.000945396430325,
        "max": 0.205607205629,
        "mean": 0.0149278240278,
        "median": 0.00199220934883,
        "min": 0.000351579568814,
        "var": 0.001111992402
    },
    "spectral_kurtosis": {
        "dmean": 1.94381070137,
        "dmean2": 3.32763266563,
        "dvar": 8.51367950439,
        "dvar2": 24.8591766357,
        "max": 31.9545669556,
        "mean": 7.75067090988,
        "median": 6.42997169495,
        "min": 0.47013258934,
        "var": 30.4401454926
    },
    "spectral_rms": {
        "dmean": 0.000310547329718,
        "dmean2": 0.000499301182572,
        "dvar": 7.18361320651e-07,
        "dvar2": 2.05950277632e-06,
        "max": 0.00707933213562,
        "mean": 0.000695083232131,
        "median": 0.000116394468932,
        "min": 3.22587857227e-06,
        "var": 1.8041638441e-06
    },
    "spectral_rolloff": {
        "dmean": 1996.12731934,
        "dmean2": 3600.20678711,
        "dvar": 16891020,
        "dvar2": 40706852,
        "max": 20025.8789062,
        "mean": 6226.29785156,
        "median": 4177.44140625,
        "min": 150.732421875,
        "var": 26873022
    },
    "spectral_skewness": {
        "dmean": 0.262907475233,
        "dmean2": 0.399034291506,
        "dvar": 0.0782173499465,
        "dvar2": 0.225031137466,
        "max": 3.57827115059,
        "mean": 1.76395058632,
        "median": 1.70729124546,
        "min": 0.170956626534,
        "var": 0.51450574398
    },
    "spectral_spread": {
        "dmean": 645894.25,
        "dmean2": 833218.875,
        "dvar": 696982110208,
        "dvar2": 996980817920,
        "max": 11747509,
        "mean": 5168391,
        "median": 4653494,
        "min": 1175527.875,
        "var": 5.89906785075e+12
    },
    "spectral_strongpeak": {
        "dmean": 1.27977192402,
        "dmean2": 1.93223595619,
        "dvar": 12.5424871445,
        "dvar2": 25.2441768646,
        "max": 34.187412262,
        "mean": 2.83251023293,
        "median": 0.0328882113099,
        "min": 0,
        "var": 45.8567199707
    },
    "zerocrossingrate": {
        "dmean": 0.0274129230529,
        "dmean2": 0.0288660377264,
        "dvar": 0.001690214267,
        "dvar2": 0.00266093481332,
        "max": 0.41796875,
        "mean": 0.181567981839,
        "median": 0.18505859375,
        "min": 0.05029296875,
        "var": 0.00492681423202
    },
    "barkbands": {
        "dmean": [2.33325849308e-07, 1.73960401639e-08, 4.21725694366e-08, 1.58789148941e-07, 1.06244704057e-06, 2.43023805524e-06, 4.49716651474e-07, 2.00785120796e-06, 2.45464343607e-06, 2.04236721402e-06, 8.13475617178e-06, 8.81173491507e-06, 8.49142525112e-05, 9.22660183278e-06, 2.87809984911e-06, 1.05699527921e-05, 3.11611693178e-05, 0.000195963715669, 7.93793442426e-05, 0.00100289192051, 6.71632442391e-05, 3.18964230246e-05, 0.000493490311783, 5.77310165681e-05, 6.72999813105e-05, 4.10644388467e-05, 8.94226673154e-07],
        "dmean2": [4.08397397678e-07, 3.0387337091e-08, 6.97021391716e-08, 2.83461389472e-07, 1.81515508757e-06, 3.77064770873e-06, 7.79349363711e-07, 3.34003198077e-06, 3.92291349272e-06, 3.124109071e-06, 1.43270153785e-05, 1.51377389557e-05, 0.000158348761033, 1.59968094522e-05, 4.75733531857e-06, 1.95660886675e-05, 4.8626690841e-05, 0.00037576208706, 0.00015519207227, 0.00187635631301, 0.000131599023007, 6.04844935879e-05, 0.000760651542805, 0.000111113753519, 0.000129924621433, 7.23392440705e-05, 1.65861013102e-06],
        "dvar": [9.61867304555e-14, 4.14477043893e-16, 2.9276413108e-14, 2.85343390626e-13, 2.05533402797e-11, 8.89429294104e-11, 6.87271149279e-13, 2.84590077199e-11, 7.0009019415e-11, 4.99707150659e-11, 1.96152760701e-09, 3.06706327002e-09, 3.62016635336e-07, 1.99797756117e-09, 1.41351014227e-10, 4.81913708938e-09, 3.7416995724e-08, 2.02815544981e-06, 3.43550595971e-07, 2.91212745651e-05, 2.41259186851e-07, 4.88902855977e-08, 4.00329190597e-06, 1.480973566e-07, 2.19025054093e-07, 3.71538995125e-08, 2.34369797875e-11],
        "dvar2": [2.65037178402e-13, 1.092590128e-15, 6.36727541352e-14, 8.11282356399e-13, 6.10865386053e-11, 1.8267046209e-10, 1.61863404624e-12, 7.08961500617e-11, 1.71729616638e-10, 1.25620000513e-10, 5.46250289446e-09, 8.33321234239e-09, 1.04195635231e-06, 5.87849724454e-09, 2.55046067599e-10, 1.40435822971e-08, 9.20692997397e-08, 5.93686218053e-06, 1.01960483789e-06, 8.51873337524e-05, 7.20273078514e-07, 1.44204406638e-07, 7.56469444241e-06, 4.37430202282e-07, 6.52767596421e-07, 1.10864192493e-07, 6.76868144867e-11],
        "max": [2.06766912925e-06, 1.94832864508e-07, 1.60960803441e-06, 4.28872453995e-06, 3.86802385037e-05, 9.27140281419e-05, 6.92497178534e-06, 4.39703362645e-05, 8.60749787535e-05, 7.12318724254e-05, 0.000392219197238, 0.000495658256114, 0.00506563298404, 0.000426715036156, 0.000125103746541, 0.000604454777204, 0.00184761791024, 0.0117020523176, 0.00472610769793, 0.0509762577713, 0.00398577935994, 0.00187263637781, 0.0251126047224, 0.00311285071075, 0.00377928861417, 0.00150149723049, 4.36017762695e-05],
        "mean": [2.09209829904e-07, 2.49809914976e-08, 3.89328462802e-08, 1.38198913646e-07, 1.68768337971e-06, 3.86546798836e-06, 7.02796285168e-07, 2.08579785976e-06, 3.87377076549e-06, 2.87924740405e-06, 6.87123201715e-06, 6.77509979141e-06, 5.41770059499e-05, 1.08356198325e-05, 4.77510502606e-06, 8.31994384498e-06, 2.78628085653e-05, 0.000112146932224, 4.49161670986e-05, 0.00107256672345, 3.98915435653e-05, 2.24398954742e-05, 0.000811814563349, 3.43041901942e-05, 3.921336247e-05, 3.10786199407e-05, 9.57280235525e-07],
        "median": [1.21908854567e-07, 1.71828453688e-08, 9.23985421508e-09, 2.86238019953e-08, 3.16245888143e-07, 5.91488173995e-07, 2.34606076788e-07, 2.89712517088e-07, 7.1911631494e-07, 4.29908112665e-07, 5.08752236783e-07, 2.24346990763e-07, 4.35099821061e-07, 3.88403861962e-07, 1.72797541609e-07, 1.46198857465e-07, 8.85902622372e-08, 7.83843603358e-08, 8.5596937538e-08, 6.12643020759e-07, 4.06766993422e-08, 2.0913182297e-08, 2.41658906219e-08, 1.34798527895e-08, 1.40518636726e-08, 7.48294404218e-09, 5.9051469492e-08],
        "min": [7.7367917628e-10, 7.10723702113e-10, 1.75964326443e-10, 1.37893960139e-10, 4.76481520906e-10, 6.42279951446e-10, 1.24165556309e-11, 1.26985727489e-10, 2.75278438933e-10, 5.20017195971e-10, 5.15804066126e-10, 3.10104275592e-10, 1.49087117651e-10, 1.01305318301e-10, 1.55542842495e-10, 1.48836373781e-10, 2.36044211954e-10, 2.8732460855e-11, 1.00854311014e-10, 5.39164213276e-10, 2.10895051422e-10, 1.03895343717e-10, 6.07349504023e-10, 8.07387282031e-11, 7.61306365171e-11, 1.03166718224e-10, 1.41969258571e-09],
        "var": [7.96340532579e-14, 5.68034905747e-16, 2.8996624573e-14, 1.87312161224e-13, 1.76339134267e-11, 1.43303785505e-10, 1.19306398528e-12, 2.90923795471e-11, 1.0590184979e-10, 6.23646481679e-11, 1.35182642858e-09, 2.14862816428e-09, 2.14254527009e-07, 2.15620254984e-09, 2.99072377974e-10, 3.11901926509e-09, 3.4163420537e-08, 1.12982434075e-06, 1.83162910616e-07, 2.67373707175e-05, 1.30714340685e-07, 2.92966344517e-08, 1.23054915093e-05, 8.02007065204e-08, 1.17461738114e-07, 2.1828661545e-08, 1.85093312205e-11]
    },
    "erbbands": {
        "dmean": [1.32261345698e-06, 3.61329603038e-06, 3.51127964677e-05, 0.000302157568512, 0.00341691053472, 0.00288854562677, 0.0052255820483, 0.026572054252, 0.00809028465301, 0.0243459306657, 0.0420513488352, 0.052245143801, 0.0567062720656, 0.11680970341, 0.369853466749, 0.849864602089, 4.19443464279, 0.697441339493, 0.218325823545, 0.250675052404, 0.951749145985, 1.68378508091, 6.80843448639, 8.64322185516, 5.28818750381, 55.5461082458, 14.5450696945, 2.1477599144, 2.06697940826, 24.6387062073, 3.89855289459, 0.907564103603, 1.22690010071, 0.821901023388, 0.481927901506, 0.333598136902, 0.0289939306676, 0.00138449005317, 0.000155797388288, 1.43944089359e-05],
        "dmean2": [2.40476106228e-06, 6.30483418718e-06, 5.989602505e-05, 0.000518329150509, 0.00571483932436, 0.00523075414822, 0.00887145102024, 0.041371114552, 0.0133103122935, 0.0421070456505, 0.0684314146638, 0.0817986503243, 0.0871144384146, 0.20253521204, 0.631816923618, 1.50934255123, 7.95072650909, 1.31208837032, 0.317571043968, 0.419488102198, 1.7205671072, 2.52479672432, 12.9292802811, 16.6859855652, 10.1908407211, 104.158782959, 27.3514633179, 4.13414144516, 3.55388998985, 36.0326919556, 6.39780044556, 1.69192707539, 2.3879160881, 1.59833502769, 0.930796504021, 0.587969243526, 0.0524983331561, 0.0025849530939, 0.000291265227133, 2.27956970775e-05],
        "dvar": [1.98790181365e-12, 4.43797706917e-11, 1.7824882903e-08, 9.26632537812e-07, 0.000191647559404, 0.000156045280164, 0.000247240328463, 0.012107392773, 0.000673717702739, 0.00406746426597, 0.027713958174, 0.025861332193, 0.0203922130167, 0.4121350348, 4.02818775177, 32.0101051331, 910.155822754, 18.7725524902, 0.936226308346, 1.84714484215, 38.3375358582, 107.622238159, 2396.32519531, 3983.35717773, 820.491821289, 95276.34375, 4553.88085938, 185.746932983, 84.1878585815, 9991.05175781, 228.6980896, 25.7029800415, 77.4215545654, 34.488483429, 10.8079719543, 2.58253908157, 0.0208534598351, 6.72027963446e-05, 8.83098152826e-07, 3.5626079864e-09],
        "dvar2": [5.21933494688e-12, 9.60080487333e-11, 3.77222022507e-08, 2.56077987615e-06, 0.000551393604837, 0.000477788067656, 0.00065936462488, 0.0231691095978, 0.00151038076729, 0.0106960823759, 0.0700233951211, 0.0602238252759, 0.0469903051853, 1.11814057827, 10.96048069, 88.6121139526, 2656.49682617, 55.3758506775, 1.82311141491, 4.76425552368, 108.965385437, 258.25402832, 6989.80273438, 11700.6328125, 2416.29760742, 279575.125, 13247.7841797, 551.626159668, 259.954528809, 18232.7773438, 632.801391602, 77.1299667358, 229.509506226, 102.951477051, 32.2215042114, 7.69603538513, 0.0622445084155, 0.000198918656679, 2.62074786406e-06, 1.04327977368e-08],
        "max": [1.01842124423e-05, 5.88860275457e-05, 0.00121656921692, 0.00794003531337, 0.119279943407, 0.103359222412, 0.137213587761, 1.07253146172, 0.237885460258, 0.462777763605, 1.6308671236, 1.67119348049, 1.28850126266, 6.0485291481, 18.1160354614, 49.2994651794, 250.41986084, 38.5887680054, 10.7847232819, 13.2717733383, 54.6858711243, 99.9689331055, 405.962158203, 515.201660156, 225.819869995, 2909.6784668, 580.816345215, 111.778678894, 77.2439575195, 1267.38012695, 140.574783325, 41.2381515503, 71.1141891479, 47.3274230957, 26.4602451324, 12.6265058517, 1.1246291399, 0.071322016418, 0.00813784636557, 0.000466718454845],
        "mean": [1.73018645455e-06, 4.42999134975e-06, 3.54237236024e-05, 0.000334937329171, 0.0052462364547, 0.00415506632999, 0.00790872331709, 0.0430987775326, 0.0109354062006, 0.0331150591373, 0.0486075468361, 0.0830395370722, 0.0940604507923, 0.122843421996, 0.321232497692, 0.595600903034, 2.59494018555, 0.654296219349, 0.400295555592, 0.293522328138, 0.742337763309, 1.54138469696, 4.02905464172, 4.93437671661, 3.89281272888, 59.2823677063, 14.2949028015, 1.52115118504, 2.23978471756, 40.0667724609, 5.28146314621, 0.659031331539, 0.700361788273, 0.475061565638, 0.286172837019, 0.249082684517, 0.0215792190284, 0.00125247682445, 0.000147444268805, 1.58528873726e-05],
        "median": [1.35169852911e-06, 2.73343903245e-06, 1.05784693005e-05, 5.71610653424e-05, 0.000758768757805, 0.000896738143638, 0.0012827932369, 0.00588017096743, 0.00238052592613, 0.0131763676181, 0.00916623789817, 0.013469892554, 0.0158629901707, 0.0139206945896, 0.0224429927766, 0.010791497305, 0.0199270881712, 0.0183734595776, 0.0180512517691, 0.0084208920598, 0.00750612188131, 0.00655213790014, 0.00469027180225, 0.00582924019545, 0.0144707392901, 0.0198459662497, 0.00488072121516, 0.00177817989606, 0.0011492241174, 0.00137863168493, 0.000562331289984, 0.000316173478495, 0.000229779892834, 0.000152892927872, 0.000103839287476, 3.50255759258e-05, 1.19082624224e-05, 1.10810960905e-05, 6.47017623123e-06, 1.17913930353e-06],
        "min": [3.29720499792e-08, 1.17325882343e-07, 2.09372615245e-07, 3.61199340659e-07, 6.08238281075e-07, 1.66742370311e-06, 5.24201641383e-06, 4.52129825135e-06, 5.85984537338e-07, 9.66007178249e-07, 3.66034896615e-06, 6.4987548285e-06, 7.68700738263e-06, 2.28899898502e-05, 3.65104970115e-05, 9.09640675673e-06, 6.91891500537e-06, 5.5569230426e-06, 7.21111609892e-06, 6.27326744507e-06, 9.28153986024e-06, 1.49154784594e-05, 3.32208287546e-06, 4.05700984629e-06, 1.96910059458e-05, 1.7141306671e-05, 8.86156885826e-06, 7.08898869561e-06, 5.21818856214e-06, 2.60537763097e-05, 6.97107179803e-06, 1.79497237696e-06, 1.62180720054e-06, 8.86269219791e-07, 4.43294283059e-07, 3.51933095999e-07, 1.85556800147e-07, 1.44669186852e-07, 1.71743266719e-07, 3.00628464345e-08],
        "var": [2.26139094429e-12, 4.96384877646e-11, 1.79971131331e-08, 7.2633832815e-07, 0.000179452530574, 0.000110233173473, 0.00029045206611, 0.0210816580802, 0.000877700571436, 0.00383607507683, 0.0278955884278, 0.0448595322669, 0.0412806496024, 0.334469556808, 2.95435643196, 20.7916641235, 519.757629395, 13.6054906845, 2.29300069809, 1.86605501175, 25.8587265015, 103.123077393, 1363.95166016, 2184.10986328, 471.884887695, 85582.5625, 4041.22753906, 105.144371033, 88.9913253784, 30648.046875, 478.637512207, 14.7501525879, 41.5280036926, 18.3844509125, 5.76141357422, 1.48968863487, 0.0126116126776, 4.54891887784e-05, 5.81641018016e-07, 3.03161629134e-09]
    },
    "gfcc": {
        "mean": [-365.506011963, 1.38113462925, -126.307327271, -6.90914583206, -63.3514060974, -12.1568431854, -23.2933197021, -6.75831985474, -30.4486560822, 4.04597663879, -5.82562398911, -7.65690326691, -3.53605461121],
        "cov": [[20244.6425781, -5112.47119141, -5393.78271484, 1227.90466309, -2558.21435547, 169.466064453, -1325.58996582, 513.117431641, -1013.62097168, 589.504943848, -657.989807129, 135.818283081, -257.869903564], [-5112.47119141, 3500.57275391, 854.114562988, -916.703186035, 1013.98028564, -385.037322998, 56.4837608337, -300.166534424, 135.093444824, -423.051696777, 119.506568909, -339.656738281, 207.636077881], [-5393.78271484, 854.114562988, 2104.78613281, -285.410125732, 685.099304199, 3.99755382538, 311.421051025, -84.1220779419, 192.85508728, -80.9638214111, 118.998634338, -8.15340995789, -7.65831661224], [1227.90466309, -916.703186035, -285.410125732, 478.777160645, -237.529403687, 30.9052619934, 46.7806549072, 51.7967033386, -99.557144165, 131.625762939, -17.7545471191, 21.8326911926, 31.7389564514], [-2558.21435547, 1013.98028564, 685.099304199, -237.529403687, 476.004119873, -84.8867721558, 103.030204773, -86.0578384399, 99.5266647339, -132.544830322, 72.0202865601, -62.0415306091, 45.3103179932], [169.466064453, -385.037322998, 3.99755382538, 30.9052619934, -84.8867721558, 262.414733887, -24.3689079285, 10.6120882034, 208.649887085, -71.7222747803, 3.4401819706, 199.418807983, -154.370315552], [-1325.58996582, 56.4837608337, 311.421051025, 46.7806549072, 103.030204773, -24.3689079285, 273.547180176, -27.1558971405, 5.10785913467, 67.4136734009, 83.61769104, -30.2846126556, 47.9405670166], [513.117431641, -300.166534424, -84.1220779419, 51.7967033386, -86.0578384399, 10.6120882034, -27.1558971405, 128.165786743, -65.5722961426, 64.5216522217, -13.4050579071, -17.178609848, 26.577047348], [-1013.62097168, 135.093444824, 192.85508728, -99.557144165, 99.5266647339, 208.649887085, 5.10785913467, -65.5722961426, 398.967102051, -163.421676636, 44.1020431519, 233.741363525, -174.682128906], [589.504943848, -423.051696777, -80.9638214111, 131.625762939, -132.544830322, -71.7222747803, 67.4136734009, 64.5216522217, -163.421676636, 180.432418823, 6.87171268463, -77.6326980591, 79.379524231], [-657.989807129, 119.506568909, 118.998634338, -17.7545471191, 72.0202865601, 3.4401819706, 83.61769104, -13.4050579071, 44.1020431519, 6.87171268463, 88.5120773315, 17.1107597351, 26.3872776031], [135.818283081, -339.656738281, -8.15340995789, 21.8326911926, -62.0415306091, 199.418807983, -30.2846126556, -17.178609848, 233.741363525, -77.6326980591, 17.1107597351, 244.878753662, -152.192184448], [-257.869903564, 207.636077881, -7.65831661224, 31.7389564514, 45.3103179932, -154.370315552, 47.9405670166, 26.577047348, -174.682128906, 79.379524231, 26.3872776031, -152.192184448, 179.461959839]],
        "icov": [[0.0011659108568, 0.000385436404031, 0.00194242305588, -0.000286759575829, 0.000119282922242, -0.000112009460281, 0.00305799767375, 0.000213540741242, 0.00284620700404, -0.00229950342327, 0.000474827305879, -0.000918621430174, 0.0033266406972], [0.000385436404031, 0.00619735894725, 0.00164548156317, 0.00585748068988, -0.00494113378227, 0.00221462035552, 0.000399129057769, 0.00464531965554, -0.00240398873575, 0.0083182156086, -0.00170772266574, 0.00730311870575, -0.0047990065068], [0.00194242305588, 0.00164548156317, 0.00474516581744, 0.00068243581336, -0.00346597936004, -0.000905378023162, 0.00444943085313, 0.00111601059325, 0.00437331339344, -0.00448288675398, 0.00160711910576, -0.000774288317189, 0.00505825784057], [-0.000286759575829, 0.00585748068988, 0.00068243581336, 0.00944995880127, -0.00402834266424, 0.0013150703162, -0.00261518359184, 0.00485476851463, -0.00339989876375, 0.00812671612948, -0.000134444111609, 0.00586923258379, -0.00861014053226], [0.000119282922242, -0.00494113378227, -0.00346597936004, -0.00402834266424, 0.0164449233562, 0.00286742649041, -0.000843182264362, -0.00433299411088, 0.00114538602065, 0.00284828920849, -0.0030519652646, -0.00325512955897, 0.00317750335671], [-0.000112009460281, 0.00221462035552, -0.000905378023162, 0.0013150703162, 0.00286742649041, 0.0160132292658, -0.00214743847027, -0.00309494882822, -0.00337264919654, 0.00981095246971, -0.00323375081643, -0.00170287629589, 0.0024968564976], [0.00305799767375, 0.000399129057769, 0.00444943085313, -0.00261518359184, -0.000843182264362, -0.00214743847027, 0.0164386611432, 0.0027921020519, 0.00650731660426, -0.0123938517645, -0.00373961939476, -0.000726306287106, 0.00989546813071], [0.000213540741242, 0.00464531965554, 0.00111601059325, 0.00485476851463, -0.00433299411088, -0.00309494882822, 0.0027921020519, 0.0158390719444, -0.00159452855587, 0.000309389928589, -7.08651568857e-05, 0.00600577052683, -0.0071238046512], [0.00284620700404, -0.00240398873575, 0.00437331339344, -0.00339989876375, 0.00114538602065, -0.00337264919654, 0.00650731660426, -0.00159452855587, 0.0198919493705, -0.00671101408079, -0.000620829930995, -0.0127440867946, 0.0145808216184], [-0.00229950342327, 0.0083182156086, -0.00448288675398, 0.00812671612948, 0.00284828920849, 0.00981095246971, -0.0123938517645, 0.000309389928589, -0.00671101408079, 0.0422662869096, -0.00963038299233, 0.0139970127493, -0.0155130773783], [0.000474827305879, -0.00170772266574, 0.00160711910576, -0.000134444111609, -0.0030519652646, -0.00323375081643, -0.00373961939476, -7.08651568857e-05, -0.000620829930995, -0.00963038299233, 0.0258475597948, -0.00939575396478, -0.00636426312849], [-0.000918621430174, 0.00730311870575, -0.000774288317189, 0.00586923258379, -0.00325512955897, -0.00170287629589, -0.000726306287106, 0.00600577052683, -0.0127440867946, 0.0139970127493, -0.00939575396478, 0.0297243576497, -0.00418564816937], [0.0033266406972, -0.0047990065068, 0.00505825784057, -0.00861014053226, 0.00317750335671, 0.0024968564976, 0.00989546813071, -0.0071238046512, 0.0145808216184, -0.0155130773783, -0.00636426312849, -0.00418564816937, 0.0358407236636]]
    },
    "melbands": {
        "dmean": [1.50672345711e-08, 1.2844792785e-08, 1.26011101997e-07, 2.75830359442e-07, 1.52996079805e-07, 5.43533474229e-07, 1.18913426661e-07, 3.04562888687e-07, 3.75807786668e-07, 3.34169101279e-07, 2.73340901913e-07, 3.96976787442e-07, 1.12372083549e-06, 6.94514767474e-07, 7.34074137654e-06, 6.78119022268e-06, 8.08953075193e-07, 3.70259499505e-07, 2.54795679666e-07, 4.34177422903e-07, 1.38775476444e-06, 1.58662555805e-06, 2.43090858021e-06, 1.1101090422e-05, 6.66955020279e-06, 2.78494030681e-06, 2.34035974245e-06, 5.23178496223e-05, 1.24055341075e-05, 1.72035083779e-06, 7.97658401552e-07, 6.26720407126e-07, 2.44548436967e-06, 1.92667848751e-05, 1.22732342334e-06, 2.9213686048e-07, 6.23818209533e-07, 8.1438952293e-07, 8.76348451584e-07, 6.01493070462e-07],
        "dmean2": [2.73443898635e-08, 2.18891766934e-08, 2.10145060464e-07, 4.71980769134e-07, 2.60722856638e-07, 8.45543070227e-07, 1.98428864451e-07, 5.204984177e-07, 6.19783975253e-07, 4.9092517429e-07, 4.23021646156e-07, 6.79055744968e-07, 1.97793951884e-06, 1.13744408736e-06, 1.35544378281e-05, 1.28505080284e-05, 1.46229274378e-06, 5.14008036134e-07, 4.24372188945e-07, 7.83840732765e-07, 2.55351869782e-06, 2.30305022342e-06, 4.20207334173e-06, 2.13878956856e-05, 1.28750934891e-05, 5.44795739188e-06, 4.39229870608e-06, 9.82183482847e-05, 2.31806789088e-05, 3.43978422279e-06, 1.52321831592e-06, 1.18259845294e-06, 4.33826244262e-06, 2.76533100987e-05, 2.43327554017e-06, 5.62681350402e-07, 1.17663751098e-06, 1.5793749526e-06, 1.71335079813e-06, 1.16303067443e-06],
        "dvar": [3.61941122359e-16, 2.47181112316e-15, 2.08807309551e-13, 1.42706831595e-12, 2.09935015335e-13, 4.82682557118e-12, 1.30321738102e-13, 6.44872284912e-13, 2.57051346354e-12, 1.00726133163e-12, 4.36968956028e-13, 4.46486727798e-12, 3.89700945125e-11, 1.50497166812e-11, 2.64561061947e-09, 2.33874941635e-09, 1.75484470705e-11, 2.51586815617e-12, 1.32990428565e-12, 7.69201022321e-12, 8.30711402444e-11, 9.34187588397e-11, 2.54418347501e-10, 6.57631504808e-09, 2.38172237488e-09, 4.18149237458e-10, 1.94937871401e-10, 8.74421246522e-08, 3.26198357214e-09, 1.55478546704e-10, 3.2772604075e-11, 1.98314940858e-11, 8.09407194047e-11, 6.31398267004e-09, 7.42327241343e-11, 4.39876607361e-12, 1.19591159892e-11, 3.32136089465e-11, 4.23628736257e-11, 1.72385144354e-11],
        "dvar2": [9.35702685513e-16, 5.19684994568e-15, 5.8509403919e-13, 4.27318293597e-12, 5.66730581734e-13, 9.48255016175e-12, 2.88632263706e-13, 1.72656463779e-12, 6.91256427099e-12, 2.21497473141e-12, 1.01780172831e-12, 1.20310783905e-11, 1.08247036334e-10, 3.97823475551e-11, 7.51046336234e-09, 6.83313050587e-09, 5.20249850144e-11, 4.25074819094e-12, 3.07177308763e-12, 2.20532394429e-11, 2.38274205921e-10, 2.18361065341e-10, 6.89398593767e-10, 1.93237195134e-08, 6.99809499238e-09, 1.24102350618e-09, 5.62610125154e-10, 2.56620353412e-07, 9.37828126268e-09, 4.67339611454e-10, 9.64397381398e-11, 5.83644452212e-11, 2.31652252936e-10, 1.10058229197e-08, 2.24095811352e-10, 1.29582802821e-11, 3.50048670605e-11, 9.81427439317e-11, 1.26057914107e-10, 5.14965015075e-11],
        "max": [1.42871016351e-07, 4.59883210624e-07, 3.94940434489e-06, 1.01203077065e-05, 3.92445690522e-06, 2.14877854887e-05, 3.27502925757e-06, 5.74678279008e-06, 1.53938635776e-05, 1.05098943095e-05, 5.67965753362e-06, 2.01982547878e-05, 5.56279192097e-05, 3.60320700565e-05, 0.000436855189037, 0.000403326441301, 3.89188753616e-05, 1.79259423021e-05, 1.16842138596e-05, 2.47625393968e-05, 7.94130755821e-05, 9.40368481679e-05, 0.000143240147736, 0.000663165876176, 0.000398000818677, 0.000165051431395, 0.00011819141946, 0.00279049342498, 0.000505602685735, 0.000101636767795, 4.74707812828e-05, 3.72788963432e-05, 9.29709785851e-05, 0.00099838397, 6.97286086506e-05, 1.71901756403e-05, 2.74096892099e-05, 4.66710043838e-05, 5.24640672666e-05, 3.34467731591e-05],
        "mean": [2.0544574042e-08, 1.30832900069e-08, 1.66190929463e-07, 4.31673583989e-07, 2.29339491398e-07, 8.72354746662e-07, 1.65849783684e-07, 3.97256002316e-07, 4.17155888499e-07, 5.56025554488e-07, 4.53100909681e-07, 4.32660101524e-07, 9.80223148872e-07, 6.20508387783e-07, 4.72469673696e-06, 4.32603019362e-06, 8.87222370238e-07, 7.14837938176e-07, 3.5567023815e-07, 3.83776125545e-07, 1.04602088413e-06, 1.53666576352e-06, 1.751448508e-06, 6.26868859399e-06, 3.78001527679e-06, 1.59410319611e-06, 1.66553411418e-06, 5.61853412364e-05, 1.26614340843e-05, 1.06370634967e-06, 5.06737080741e-07, 4.04966186807e-07, 3.02629587168e-06, 3.18138845614e-05, 7.38623270991e-07, 1.738812756e-07, 4.11515088672e-07, 4.65132217187e-07, 4.86352632834e-07, 3.55299647481e-07],
        "median": [1.53811541281e-08, 4.14531431403e-09, 2.29470913382e-08, 7.73958674927e-08, 4.33785061205e-08, 1.2874485833e-07, 3.97757737858e-08, 1.30636834683e-07, 7.09298291213e-08, 9.24731082819e-08, 8.47478673904e-08, 4.77595172299e-08, 7.44857189261e-08, 2.98017397427e-08, 2.95699251751e-08, 3.97477357694e-08, 3.08787484471e-08, 3.11443884016e-08, 1.32220367988e-08, 9.50095913055e-09, 7.42938599529e-09, 6.50378462197e-09, 4.18607415398e-09, 4.30981605959e-09, 4.49169723638e-09, 3.60847574044e-09, 7.44652650653e-09, 1.08692281842e-08, 2.9386260092e-09, 9.55618362219e-10, 6.00401450779e-10, 6.05539285381e-10, 3.90831922381e-10, 7.11630809835e-10, 2.62136284901e-10, 1.0860545796e-10, 1.98239605287e-10, 1.49449008724e-10, 1.4422862904e-10, 1.4637749346e-10],
        "min": [2.82966122755e-10, 1.26255852995e-10, 6.91693993748e-11, 7.01391861258e-11, 1.6640042122e-10, 1.03098751758e-10, 6.76032190297e-12, 1.39516219758e-11, 3.32382316115e-11, 4.04346243987e-11, 3.75371088379e-11, 7.80076420126e-11, 1.00773098199e-10, 4.976580259e-11, 9.20237237106e-12, 1.60458191872e-11, 9.160658343e-12, 1.04315766095e-11, 1.2302508838e-11, 7.14473272212e-12, 1.0230726856e-11, 1.49388973414e-11, 8.45296055374e-12, 1.06149540113e-12, 3.36267905882e-12, 4.37573892051e-12, 2.52358065e-11, 7.90926612398e-12, 4.40805768623e-12, 7.87052974877e-12, 2.59141341198e-12, 2.69600726292e-12, 2.93541189619e-12, 1.34320315287e-11, 2.86481645698e-12, 1.89582984728e-12, 7.09017751194e-13, 1.18232116805e-12, 1.03855509262e-12, 6.59512808948e-13],
        "var": [3.40338738179e-16, 2.51378922899e-15, 1.83688716906e-13, 1.1936614891e-12, 2.41074873822e-13, 8.15669407017e-12, 1.70414531553e-13, 5.8191960365e-13, 2.36791489194e-12, 1.90899466374e-12, 8.90696912927e-13, 3.77620894623e-12, 2.73418024332e-11, 1.18965141557e-11, 1.60267676907e-09, 1.35185374006e-09, 1.61032628204e-11, 7.28289130392e-12, 1.85320682411e-12, 5.37396906489e-12, 5.39813818645e-11, 9.56954376852e-11, 1.80167089581e-10, 3.6237421952e-09, 1.30315813696e-09, 2.2336699157e-10, 1.17757789631e-10, 7.85684974858e-08, 3.13145909203e-09, 8.55203824424e-11, 1.86480397096e-11, 1.1570020983e-11, 1.46788928235e-10, 1.96850518108e-08, 4.0124143591e-11, 2.43575667448e-12, 6.80648853252e-12, 1.79087352586e-11, 2.26029993333e-11, 9.19620803119e-12]
    },
    "mfcc": {
        "mean": [-986.568481445, 43.0571594238, -15.1380987167, -3.9178378582, -15.8795318604, -7.38897418976, 1.45717442036, -10.9026985168, -8.47485351562, 1.74078071117, -7.44977092743, -4.02516555786, 3.6772582531],
        "cov": [[14174.5, -1684.87854004, -3052.55004883, -498.316070557, -1185.4276123, -656.936767578, -359.898071289, -527.020629883, -585.030944824, -2.52909231186, -150.456817627, -337.540161133, 21.1151695251], [-1684.87854004, 1795.31713867, 224.05291748, -194.844436646, 147.943252563, -96.6310958862, -11.5018510818, -144.924301147, 21.7608470917, -64.2064590454, -171.921798706, -92.6683044434, -196.550643921], [-3052.55004883, 224.05291748, 894.147705078, 133.29750061, 308.589050293, 164.805007935, 71.7772216797, 91.7588729858, 122.785636902, -26.6717605591, 12.126698494, 102.143165588, -29.6427612305], [-498.316070557, -194.844436646, 133.29750061, 229.780609131, 70.6758041382, 11.2287864685, 133.828475952, -65.5847244263, 62.780921936, 33.3243522644, -119.405471802, 121.403450012, -18.148393631], [-1185.4276123, 147.943252563, 308.589050293, 70.6758041382, 224.703338623, 82.7532501221, -17.9283790588, 91.8470230103, 47.9282913208, -57.8884391785, 44.7576293945, 6.24841356277, -31.8307991028], [-656.936767578, -96.6310958862, 164.805007935, 11.2287864685, 82.7532501221, 153.562469482, -75.0413513184, 155.288223267, -2.88473796844, -37.4706420898, 129.760192871, -43.5056495667, 52.422958374], [-359.898071289, -11.5018510818, 71.7772216797, 133.828475952, -17.9283790588, -75.0413513184, 259.50289917, -163.059997559, 75.1467971802, 77.6646194458, -197.553878784, 168.269805908, -47.4345207214], [-527.020629883, -144.924301147, 91.7588729858, -65.5847244263, 91.8470230103, 155.288223267, -163.059997559, 305.012023926, -25.6475906372, -70.3411941528, 262.774169922, -126.48765564, 98.7392120361], [-585.030944824, 21.7608470917, 122.785636902, 62.780921936, 47.9282913208, -2.88473796844, 75.1467971802, -25.6475906372, 72.8954925537, 23.7861995697, -40.2678871155, 68.9330215454, -21.6813392639], [-2.52909231186, -64.2064590454, -26.6717605591, 33.3243522644, -57.8884391785, -37.4706420898, 77.6646194458, -70.3411941528, 23.7861995697, 98.0779037476, -57.0271720886, 42.7643013, 9.92606449127], [-150.456817627, -171.921798706, 12.126698494, -119.405471802, 44.7576293945, 129.760192871, -197.553878784, 262.774169922, -40.2678871155, -57.0271720886, 295.184753418, -137.866836548, 97.8395996094], [-337.540161133, -92.6683044434, 102.143165588, 121.403450012, 6.24841356277, -43.5056495667, 168.269805908, -126.48765564, 68.9330215454, 42.7643013, -137.866836548, 189.102630615, -61.3198242188], [21.1151695251, -196.550643921, -29.6427612305, -18.148393631, -31.8307991028, 52.422958374, -47.4345207214, 98.7392120361, -21.6813392639, 9.92606449127, 97.8395996094, -61.3198242188, 109.075813293]],
