{
"lowlevel": {
    "average_loudness": 0.990008533001,
    "barkbands_crest": {
        "dmean": 2.4725022316,
        "dmean2": 4.44126272202,
        "dvar": 3.83136081696,
        "dvar2": 10.5575695038,
        "max": 17.0163917542,
        "mean": 7.31138277054,
        "median": 6.82969760895,
        "min": 2.44791650772,
        "var": 10.0775547028
    },
    "barkbands_flatness_db": {
        "dmean": 0.0214061997831,
        "dmean2": 0.0391536653042,
        "dvar": 0.000258845393546,
        "dvar2": 0.000825855822768,
        "max": 0.138349160552,
        "mean": 0.0882504507899,
        "median": 0.0844277366996,
        "min": 0.0361745990813,
        "var": 0.000474880594993
    },
    "barkbands_kurtosis": {
        "dmean": 1.2099019289,
        "dmean2": 2.26855587959,
        "dvar": 1.41856396198,
        "dvar2": 4.31875658035,
        "max": 4.88041973114,
        "mean": -0.0525119900703,
        "median": -0.453630685806,
        "min": -1.4453574419,
        "var": 1.57923030853
    },
    "barkbands_skewness": {
        "dmean": 0.513011455536,
        "dmean2": 0.9633923769,
        "dvar": 0.1714746207,
        "dvar2": 0.529483556747,
        "max": 2.34237504005,
        "mean": 0.978354036808,
        "median": 0.880994021893,
        "min": 0.176054775715,
        "var": 0.247319161892
    },
    "barkbands_spread": {
        "dmean": 6.49809074402,
        "dmean2": 11.8269548416,
        "dvar": 25.3297557831,
        "dvar2": 81.7124023438,
        "max": 46.1523971558,
        "mean": 34.822353363,
        "median": 35.1742706299,
        "min": 20.2328739166,
        "var": 38.2094306946
    },
    "dissonance": {
        "dmean": 0.00999357551336,
        "dmean2": 0.0172624085099,
        "dvar": 9.96596718323e-05,
        "dvar2": 0.000153324304847,
        "max": 0.499754369259,
        "mean": 0.484777808189,
        "median": 0.485811889172,
        "min": 0.407636284828,
        "var": 0.000133569774334
    },
    "dynamic_complexity": 13.5796632767,
    "erbbands_crest": {
        "dmean": 0.863925695419,
        "dmean2": 1.49365580082,
        "dvar": 0.663797199726,
        "dvar2": 1.93027019501,
        "max": 8.02986240387,
        "mean": 4.01794815063,
        "median": 3.87067818642,
        "min": 2.7514526844,
        "var": 0.737908482552
    },
    "erbbands_flatness_db": {
        "dmean": 0.00679592089728,
        "dmean2": 0.0113785630092,
        "dvar": 2.85589649138e-05,
        "dvar2": 6.52477610856e-05,
        "max": 0.142735689878,
        "mean": 0.125092789531,
        "median": 0.126475632191,
        "min": 0.107470355928,
        "var": 9.54851784627e-05
    },
    "erbbands_kurtosis": {
        "dmean": 0.300647616386,
        "dmean2": 0.551240563393,
        "dvar": 0.0866986438632,
        "dvar2": 0.262683689594,
        "max": 0.154943466187,
        "mean": -0.834523618221,
        "median": -0.875682353973,
        "min": -1.30540597439,
        "var": 0.0904497951269
    },
    "erbbands_skewness": {
        "dmean": 0.265280693769,
        "dmean2": 0.481081575155,
        "dvar": 0.0300576016307,
        "dvar2": 0.0877852514386,
        "max": 0.338762164116,
        "mean": -0.154794886708,
        "median": -0.188987985253,
        "min": -0.687627792358,
        "var": 0.059847805649
    },
    "erbbands_spread": {
        "dmean": 7.41108417511,
        "dmean2": 13.7507209778,
        "dvar": 30.6160297394,
        "dvar2": 97.538734436,
        "max": 69.6867675781,
        "mean": 51.2961387634,
        "median": 50.3029441833,
        "min": 35.58335495,
        "var": 47.2984199524
    },
    "hfc": {
        "dmean": 3.48798704147,
        "dmean2": 4.29822683334,
        "dvar": 39.7065467834,
        "dvar2": 69.2646560669,
        "max": 75.5729675293,
        "mean": 14.5426311493,
        "median": 0.726691424847,
        "min": 0.0386162027717,
        "var": 475.540222168
    },
    "melbands_crest": {
        "dmean": 4.08898019791,
        "dmean2": 7.1786403656,
        "dvar": 11.2098226547,
        "dvar2": 32.6832923889,
        "max": 25.3501853943,
        "mean": 12.9034776688,
        "median": 12.2089166641,
        "min": 4.64063262939,
        "var": 20.2419242859
    },
    "melbands_flatness_db": {
        "dmean": 0.02942683734,
        "dmean2": 0.0552579686046,
        "dvar": 0.000548568554223,
        "dvar2": 0.00169019238092,
        "max": 0.181484520435,
        "mean": 0.115518458188,
        "median": 0.111323557794,
        "min": 0.0687612593174,
        "var": 0.000826398667414
    },
    "melbands_kurtosis": {
        "dmean": 4.11592197418,
        "dmean2": 7.71085739136,
        "dvar": 14.2878408432,
        "dvar2": 43.6132659912,
        "max": 20.2620296478,
        "mean": 5.82196569443,
        "median": 4.70417261124,
        "min": 0.619192838669,
        "var": 17.6799755096
    },
    "melbands_skewness": {
        "dmean": 0.691017389297,
        "dmean2": 1.27614057064,
        "dvar": 0.289928674698,
        "dvar2": 0.916229486465,
        "max": 4.02687931061,
        "mean": 2.26367878914,
        "median": 2.1949236393,
        "min": 1.0812817812,
        "var": 0.450755834579
    },
    "melbands_spread": {
        "dmean": 12.9405555725,
        "dmean2": 24.3474636078,
        "dvar": 100.132896423,
        "dvar2": 314.46395874,
        "max": 66.4226760864,
        "mean": 37.838722229,
        "median": 38.0644798279,
        "min": 14.3659915924,
        "var": 145.283615112
    },
    "pitch_salience": {
        "dmean": 0.069420941174,
        "dmean2": 0.122685879469,
        "dvar": 0.00318291713484,
        "dvar2": 0.00797001458704,
        "max": 0.897610783577,
        "mean": 0.665772676468,
        "median": 0.677199304104,
        "min": 0.408275097609,
        "var": 0.00519117759541
    },
    "silence_rate_20dB": {
        "dmean": 0,
        "dmean2": 0,
        "dvar": 0,
        "dvar2": 0,
        "max": 1,
        "mean": 1,
        "median": 1,
        "min": 1,
        "var": 0
    },
    "silence_rate_30dB": {
        "dmean": 0,
        "dmean2": 0,
        "dvar": 0,
        "dvar2": 0,
        "max": 1,
        "mean": 1,
        "median": 1,
        "min": 1,
        "var": 0
    },
    "silence_rate_60dB": {
        "dmean": 0.0111111113802,
        "dmean2": 0.0224719103426,
        "dvar": 0.0109876478091,
        "dvar2": 0.0219669174403,
        "max": 1,
        "mean": 0.648351669312,
        "median": 1,
        "min": 0,
        "var": 0.227991878986
    },
    "spectral_centroid": {
        "dmean": 408.124603271,
        "dmean2": 738.361206055,
        "dvar": 89695.7734375,
        "dvar2": 298714.75,
        "max": 2686.21459961,
        "mean": 2003.92443848,
        "median": 2039.33752441,
        "min": 1110.29968262,
        "var": 147872.71875
    },
    "spectral_complexity": {
        "dmean": 2.56666660309,
        "dmean2": 3.32584261894,
        "dvar": 21.9566688538,
        "dvar2": 27.4106826782,
        "max": 58,
        "mean": 16.3406600952,
        "median": 3,
        "min": 0,
        "var": 474.422424316
    },
    "spectral_decrease": {
        "dmean": 1.37609534878e-09,
        "dmean2": 2.44955589146e-09,
        "dvar": 6.60942290284e-18,
        "dvar2": 2.25613512074e-17,
        "max": -5.53074643375e-12,
        "mean": -2.57460719411e-09,
        "median": -1.69960573393e-10,
        "min": -1.71797367443e-08,
        "var": 1.6911411493e-17
    },
    "spectral_energy": {
        "dmean": 0.0053553795442,
        "dmean2": 0.00946348812431,
        "dvar": 0.00010070589633,
        "dvar2": 0.000337563309586,
        "max": 0.0694812983274,
        "mean": 0.0110362162814,
        "median": 0.000717881252058,
        "min": 2.45642495429e-05,
        "var": 0.000301274470985
    },
    "spectral_energyband_high": {
        "dmean": 0.000237111744354,
        "dmean2": 0.000267601630185,
        "dvar": 1.79660233357e-07,
        "dvar2": 2.75638257108e-07,
        "max": 0.00563383288682,
        "mean": 0.000937466684263,
        "median": 4.65384655399e-05,
        "min": 2.06058575714e-06,
        "var": 2.02378146241e-06
    },
    "spectral_energyband_low": {
        "dmean": 0.00160255096853,
        "dmean2": 0.00288794515654,
        "dvar": 8.7456928668e-06,
        "dvar2": 2.83375666186e-05,
        "max": 0.0175100732595,
        "mean": 0.00169811223168,
        "median": 3.12081538141e-05,
        "min": 3.97972819144e-08,
        "var": 1.10815835797e-05
    },
    "spectral_energyband_middle_high": {
        "dmean": 0.000859516439959,
        "dmean2": 0.00121291412506,
        "dvar": 2.40807207774e-06,
        "dvar2": 5.17236685482e-06,
        "max": 0.0182603877038,
        "mean": 0.00292380992323,
        "median": 0.000134551562951,
        "min": 7.64358992456e-06,
        "var": 1.9767014237e-05
    },
    "spectral_energyband_middle_low": {
        "dmean": 0.00483575789258,
        "dmean2": 0.00898993015289,
        "dvar": 8.27262774692e-05,
        "dvar2": 0.000293507357128,
        "max": 0.0530572831631,
        "mean": 0.00688040629029,
        "median": 0.000491446699016,
        "min": 1.37169890877e-05,
        "var": 0.000136209200718
    },
    "spectral_entropy": {
        "dmean": 0.0926605984569,
        "dmean2": 0.169855237007,
        "dvar": 0.00483561772853,
        "dvar2": 0.0149917872623,
        "max": 8.3245344162,
        "mean": 8.08663749695,
        "median": 8.09330844879,
        "min": 7.85988664627,
        "var": 0.00821317173541
    },
    "spectral_flux": {
        "dmean": 0.00777643965557,
        "dmean2": 0.0110946474597,
        "dvar": 0.000119289914437,
        "dvar2": 0.000190970953554,
        "max": 0.180043831468,
        "mean": 0.047041144222,
        "median": 0.0160893108696,
        "min": 0.00278304656968,
        "var": 0.00276942574419
    },
    "spectral_kurtosis": {
        "dmean": 0.402512580156,
        "dmean2": 0.616386890411,
        "dvar": 0.398370623589,
        "dvar2": 0.346266657114,
        "max": 10.5646162033,
        "mean": 2.94800114632,
        "median": 2.79928302765,
        "min": 1.96129322052,
        "var": 0.823650062084
    },
    "spectral_rms": {
        "dmean": 0.000554813770577,
        "dmean2": 0.000947316468228,
        "dvar": 7.77979721533e-07,
        "dvar2": 2.35083939515e-06,
        "max": 0.00823326408863,
        "mean": 0.00218674633652,
        "median": 0.000836882274598,
        "min": 0.000154806723003,
        "var": 5.98518181505e-06
    },
    "spectral_rolloff": {
        "dmean": 908.461791992,
        "dmean2": 1664.34729004,
        "dvar": 518443.1875,
        "dvar2": 1673027.75,
        "max": 4198.97460938,
        "mean": 2844.03930664,
        "median": 3100.78125,
        "min": 645.99609375,
        "var": 732431.625
    },
    "spectral_skewness": {
        "dmean": 0.0826185271144,
        "dmean2": 0.130462825298,
        "dvar": 0.0110512245446,
        "dvar2": 0.0114806927741,
        "max": 2.47025203705,
        "mean": 1.31461918354,
        "median": 1.28906619549,
        "min": 1.12524676323,
        "var": 0.0219141487032
    },
    "spectral_spread": {
        "dmean": 223420.484375,
        "dmean2": 353361.21875,
        "dvar": 56927084544,
        "dvar2": 102912901120,
        "max": 7371762.5,
        "mean": 5254637.5,
        "median": 5212735.5,
        "min": 4744835,
        "var": 100913545216
    },
    "spectral_strongpeak": {
        "dmean": 0.129379481077,
        "dmean2": 0.23269584775,
        "dvar": 0.0445905067027,
        "dvar2": 0.138772875071,
        "max": 1.39085865021,
        "mean": 0.220301538706,
        "median": 0.0736016780138,
        "min": 0.00577732129022,
        "var": 0.0816539004445
    },
    "zerocrossingrate": {
        "dmean": 0.011442056857,
        "dmean2": 0.0153013076633,
        "dvar": 9.92989371298e-05,
        "dvar2": 0.000122252196888,
        "max": 0.14404296875,
        "mean": 0.101948834956,
        "median": 0.1044921875,
        "min": 0.029296875,
        "var": 0.000411429296946
    },
    "barkbands": {
        "dmean": [2.73175345455e-07, 1.33541357172e-06, 0.000359938712791, 0.00235046911985, 0.00111415213905, 0.00141827203333, 0.000296345591778, 0.000215307474718, 0.000328179303324, 0.000125117614516, 9.70132678049e-05, 0.000206443743082, 0.000118516414659, 0.00014174048556, 0.000113828726171, 0.000146990612848, 0.000147195431055, 0.000141468961374, 0.00020875982591, 0.000129938547616, 7.58388559916e-05, 3.36349767167e-05, 2.66019596893e-05, 3.71680689568e-05, 4.20404830948e-05, 1.03101401692e-05, 5.81380106723e-07],
        "dmean2": [3.60709606184e-07, 2.17243268708e-06, 0.000618197256699, 0.00446207728237, 0.00200518360361, 0.0026700203307, 0.000526039628312, 0.000375338742742, 0.000540127686691, 0.000217538952711, 0.000173274238477, 0.000350651942426, 0.000199527203222, 0.000224962015636, 0.000187518948223, 0.000253363832599, 0.000231593410717, 0.000250321987551, 0.000335432239808, 0.000179110429599, 0.000111309476779, 5.64667352592e-05, 4.05104801757e-05, 5.18235865457e-05, 5.71171658521e-05, 1.44920213643e-05, 8.17345608084e-07],
        "dvar": [2.36342802967e-12, 1.12036499869e-11, 3.96339402187e-07, 2.24299292313e-05, 4.6729337555e-06, 7.40997575122e-06, 2.88829170358e-07, 1.87587914979e-07, 4.61490429871e-07, 4.37053948588e-08, 3.38514247744e-08, 2.78982042801e-07, 5.2456456956e-08, 1.19486827543e-07, 4.58716726826e-08, 1.37577302439e-07, 7.17440116205e-08, 1.05149737806e-07, 1.44438573102e-07, 4.99989845082e-08, 2.19639009202e-08, 4.56463622456e-09, 2.22798024474e-09, 5.57569945769e-09, 5.38537525685e-09, 3.31619176563e-10, 1.30701189888e-12],
        "dvar2": [3.2613399828e-12, 1.9483066202e-11, 1.23421932585e-06, 7.67061574152e-05, 1.57646773005e-05, 2.48435317189e-05, 9.35367040711e-07, 4.75065832006e-07, 1.46018032865e-06, 1.22155000781e-07, 9.28511383336e-08, 6.83579628458e-07, 1.44830210047e-07, 3.17641053016e-07, 1.13643231714e-07, 3.64542330544e-07, 2.0521441968e-07, 2.97333230037e-07, 3.93705732904e-07, 1.09203895704e-07, 4.52445014787e-08, 1.22508376776e-08, 5.42003641968e-09, 9.73793401471e-09, 1.06010897838e-08, 6.41399156009e-10, 2.12468410921e-12],
        "max": [1.29890577227e-05, 2.60119122686e-05, 0.00303408969194, 0.0282794032246, 0.0130387041718, 0.0147314053029, 0.00245306827128, 0.00328314350918, 0.00419946340844, 0.00152494618669, 0.00126705388539, 0.00403222581372, 0.00164417433552, 0.00308194756508, 0.00152530195192, 0.00276046479121, 0.00181247584987, 0.00253695389256, 0.00291577819735, 0.001909561106, 0.00154595728964, 0.000577831291594, 0.000511950755026, 0.000754790729843, 0.000800902082119, 0.000216650223592, 1.2701229025e-05],
        "mean": [2.595603803e-07, 1.27796499783e-06, 0.000346688437276, 0.00236486992799, 0.00143720570486, 0.00193243415561, 0.000344411266269, 0.000338056386681, 0.000380657234928, 0.00025380201987, 0.000162521915627, 0.00030795155908, 0.000223552851821, 0.000256264058407, 0.000255589780863, 0.000297730410239, 0.000291074451525, 0.000281930610072, 0.000453026033938, 0.0003493456461, 0.000262546003796, 0.000104474936961, 8.52628072607e-05, 0.000137029390316, 0.000132901448524, 3.3377094951e-05, 1.93464620679e-06],
        "median": [5.02392794033e-09, 1.53851047457e-08, 6.64897925162e-06, 3.69525369024e-05, 0.000202448267373, 6.47507258691e-05, 4.0110298869e-05, 2.91210963042e-05, 3.10737195832e-05, 3.0972649256e-05, 7.86543387221e-06, 1.37252864079e-05, 6.27368672212e-06, 8.8866245278e-06, 1.0982042113e-05, 1.29227719299e-05, 9.41288089962e-06, 1.63027234521e-05, 2.33834489336e-05, 1.51121494127e-05, 1.25245642266e-05, 4.45728119303e-06, 4.55866620541e-06, 7.24379333406e-06, 6.12473377259e-06, 1.53714859152e-06, 7.38387697652e-08],
        "min": [1.39179237579e-10, 4.16418094451e-10, 5.38846478548e-09, 7.35618783665e-08, 1.13232113108e-06, 3.24284940234e-07, 1.49561373064e-07, 3.60476775541e-07, 7.40476821193e-07, 1.58328049338e-07, 2.7499800126e-07, 1.78351413638e-07, 2.55166384022e-07, 3.24324190615e-07, 4.25347565169e-07, 3.69861027139e-07, 4.62286976699e-07, 5.26938720213e-07, 9.05371734916e-07, 5.84800716297e-07, 3.94222780642e-07, 2.4330356041e-07, 1.83511488672e-07, 2.46764699341e-07, 2.52768415976e-07, 4.26831157085e-08, 4.42012959567e-09],
        "var": [2.29502788301e-12, 1.17438992558e-11, 4.66674975996e-07, 2.33971022681e-05, 6.18122840024e-06, 1.23427671497e-05, 3.45377941358e-07, 3.98442125515e-07, 5.29145040673e-07, 1.5506748241e-07, 7.75309771939e-08, 4.39375497763e-07, 1.36721439503e-07, 2.13337131072e-07, 1.64722706586e-07, 2.94437342063e-07, 2.17860659291e-07, 2.24020539008e-07, 5.23166875155e-07, 2.8417031217e-07, 1.64270161918e-07, 2.48369609324e-08, 1.72755783012e-08, 4.66355949413e-08, 4.25970583251e-08, 2.74577005577e-09, 9.40547206091e-12]
    },
    "erbbands": {
        "dmean": [0.00012542962213, 0.00371857383288, 0.269481271505, 4.645819664, 6.06028079987, 4.27951526642, 9.04547214508, 10.684879303, 3.4302084446, 6.14969730377, 5.02252054214, 6.72765779495, 5.32414674759, 3.8786854744, 4.54379558563, 7.53616476059, 5.16422843933, 6.64065694809, 8.262550354, 4.64228153229, 8.65828990936, 7.37351751328, 7.00364875793, 10.4594612122, 8.09995555878, 6.11147403717, 3.49634671211, 2.74700951576, 1.34299182892, 0.783204734325, 0.793996930122, 0.698098123074, 0.785837054253, 0.436198651791, 0.348662555218, 0.0858721286058, 0.0126113574952, 0.00117869081441, 0.000109452441393, 9.4448123491e-06],
        "dmean2": [0.000220994246774, 0.00650568818673, 0.482268869877, 8.76133346558, 11.6802358627, 7.44133901596, 16.5366287231, 19.0984287262, 5.73948144913, 11.2109241486, 8.56565666199, 11.1385164261, 9.29121875763, 6.56689119339, 8.31488895416, 12.8022861481, 8.52464675903, 10.9607601166, 14.1980419159, 7.26472949982, 14.8830575943, 10.9835777283, 11.6312885284, 17.3878250122, 13.4132652283, 8.87659835815, 5.61357688904, 3.97816514969, 2.23735928535, 1.15392374992, 1.33424639702, 0.992733836174, 1.05509746075, 0.651671826839, 0.43853661418, 0.117883689702, 0.0180337913334, 0.00152718950994, 0.00015112523397, 1.30711396196e-05],
        "dvar": [5.59256818633e-08, 4.56664056401e-05, 0.23789550364, 80.93359375, 158.255142212, 65.3440628052, 327.868682861, 409.357727051, 35.9205970764, 117.335800171, 108.48815155, 192.771438599, 102.795700073, 52.7188911438, 93.5570449829, 350.205444336, 107.159484863, 200.325256348, 315.581634521, 68.4976501465, 400.629211426, 177.66418457, 222.072814941, 381.83883667, 203.231872559, 139.635009766, 65.0806274414, 29.7636795044, 8.49825954437, 1.92348766327, 2.35987710953, 1.88898658752, 2.18986535072, 0.768679559231, 0.323578238487, 0.0223408304155, 0.000522827089299, 3.88918715544e-06, 4.61524045647e-08, 2.82403739282e-10],
        "dvar2": [1.65442131106e-07, 0.000143971323268, 0.752119600773, 267.699768066, 568.08203125, 197.753097534, 1126.40234375, 1228.55151367, 101.919517517, 375.743988037, 344.491210938, 605.519165039, 293.849945068, 140.415893555, 282.563537598, 823.63079834, 297.303466797, 515.439697266, 891.590393066, 152.93019104, 1000.22161865, 478.446624756, 563.453674316, 1027.17199707, 541.295715332, 280.725891113, 139.248138428, 74.8734664917, 24.0715389252, 4.08286905289, 6.21156454086, 3.34360694885, 4.94901037216, 1.48762869835, 0.731889724731, 0.043604016304, 0.000973049493041, 7.09183086656e-06, 8.27647781421e-08, 6.29343133163e-10],
        "max": [0.0012723619584, 0.0379169285297, 2.66799926758, 54.4163970947, 60.6437950134, 50.5778884888, 102.433616638, 123.965065002, 45.4223632812, 69.3084487915, 64.2452011108, 87.3359069824, 73.5145645142, 59.2273445129, 71.3431625366, 143.274353027, 86.1858825684, 126.893333435, 132.751312256, 72.0989608765, 160.33354187, 102.060401917, 118.209442139, 148.852767944, 121.618614197, 96.2477035522, 88.0833511353, 49.9449195862, 24.5849227905, 13.8980712891, 14.2811756134, 14.9545726776, 13.2952919006, 8.78628540039, 6.10460138321, 1.66477072239, 0.234596312046, 0.0221321322024, 0.00248505780473, 0.000183364376426],
        "mean": [0.000145958561916, 0.00426932331175, 0.281232059002, 4.90590143204, 5.78522348404, 5.19885444641, 11.1120672226, 14.0742406845, 5.57464981079, 7.47771120071, 6.26681613922, 8.23862934113, 9.51412391663, 7.37837696075, 8.16467666626, 12.423078537, 10.4029407501, 12.8555784225, 13.8578510284, 12.6909208298, 17.7118911743, 15.6368570328, 15.5015573502, 21.5944824219, 20.401725769, 17.0318031311, 12.615729332, 8.20364570618, 4.04891633987, 2.73238062859, 2.48396134377, 2.5267996788, 2.41019272804, 1.55927908421, 0.904964208603, 0.278967291117, 0.0376219190657, 0.00346158724278, 0.00037703246926, 3.24313550664e-05],
        "median": [4.4540579438e-06, 9.33811388677e-05, 0.00570821948349, 0.0876620262861, 0.590799868107, 0.526867687702, 0.470422148705, 0.289719641209, 0.3210272789, 0.882191717625, 0.413237601519, 0.824864089489, 1.03394973278, 0.559491217136, 0.477004289627, 0.580994009972, 0.342556983232, 0.399343490601, 0.464099049568, 0.502515256405, 0.667516827583, 0.507666826248, 0.841732025146, 1.02480363846, 1.28325176239, 0.686367452145, 0.599296271801, 0.391816496849, 0.202092334628, 0.146511912346, 0.121695995331, 0.129622504115, 0.120718933642, 0.069749340415, 0.0355476513505, 0.0118553433567, 0.00168380036484, 0.000134885587613, 1.51929643835e-05, 1.75485433829e-06],
        "min": [6.22982412324e-08, 7.52187986564e-07, 1.89488582691e-05, 0.000667027838062, 0.00196958286688, 0.00296545936726, 0.00302931456827, 0.00212059239857, 0.00234303064644, 0.00491571240127, 0.00683745928109, 0.0168872494251, 0.0104742404073, 0.0147613864392, 0.0115784415975, 0.00994534604251, 0.0115675451234, 0.0179738178849, 0.0263596419245, 0.0216009411961, 0.0331957377493, 0.0316127501428, 0.0273789484054, 0.0362578332424, 0.0359320230782, 0.0297160763294, 0.0194262564182, 0.0145294358954, 0.00999516155571, 0.00545732211322, 0.00617208424956, 0.00455666426569, 0.00400091148913, 0.00337106059305, 0.00143715960439, 0.000419542455347, 4.77382309327e-05, 5.88708689975e-06, 7.97290113042e-07, 1.02272423419e-07],
        "var": [6.79721452457e-08, 5.99827908445e-05, 0.293354868889, 94.9954299927, 134.623550415, 90.9382095337, 439.243438721, 760.786071777, 87.3289794922, 169.874588013, 137.283096313, 236.543548584, 230.182128906, 153.3384552, 205.074569702, 622.980712891, 294.401550293, 484.051086426, 578.313171387, 387.0496521, 1018.23284912, 632.791870117, 635.387512207, 1212.81347656, 997.644042969, 691.605834961, 386.812042236, 160.810897827, 37.6064224243, 17.2469291687, 14.5759677887, 15.7361459732, 14.6354446411, 5.86070299149, 2.04605817795, 0.189219236374, 0.0035956967622, 3.02536191157e-05, 3.52950507931e-07, 2.46176079521e-09]
    },
    "gfcc": {
        "mean": [-114.585655212, 36.5476493835, -138.297286987, 18.2162799835, -85.0357055664, -9.58361816406, -64.9441604614, -1.07801568508, -50.6925582886, -8.21028900146, -30.7645549774, -14.9595298767, -17.5863113403],
        "cov": [[22937.53125, 415.880065918, 830.575683594, 663.304321289, 730.258178711, 486.43737793, -2.20643234253, -120.726715088, -203.333709717, 153.499038696, 227.23387146, 336.116333008, 96.7380065918], [415.880065918, 153.834701538, 101.097419739, 38.468372345, 47.785987854, 19.3703079224, 10.1338405609, -5.41627597809, -11.6817216873, -10.7394723892, 0.158297806978, -3.58484625816, 2.81198954582], [830.575683594, 101.097419739, 113.832748413, 61.9902305603, 66.6575546265, 32.9404449463, 10.6449842453, -3.34540057182, -15.9300308228, -3.78785634041, 2.50046801567, 8.39246559143, 7.24902486801], [663.304321289, 38.468372345, 61.9902305603, 61.3069610596, 57.3799629211, 29.3980026245, 10.9740219116, 0.0149848088622, -6.1413064003, 1.03389465809, 4.60657024384, 11.8776979446, 6.66816902161], [730.258178711, 47.785987854, 66.6575546265, 57.3799629211, 81.7419052124, 50.0726242065, 16.2692241669, 2.87135577202, -8.06377410889, 4.71188211441, 10.9476737976, 11.4062404633, -1.91637170315], [486.43737793, 19.3703079224, 32.9404449463, 29.3980026245, 50.0726242065, 53.8067398071, 31.8642883301, 12.6412134171, 1.28911674023, 6.83301448822, 11.7206707001, 6.76275014877, -8.84450435638], [-2.20643234253, 10.1338405609, 10.6449842453, 10.9740219116, 16.2692241669, 31.8642883301, 47.1843032837, 30.265537262, 13.9815130234, 1.97398209572, 2.73363471031, 0.62637168169, -5.25129652023], [-120.726715088, -5.41627597809, -3.34540057182, 0.0149848088622, 2.87135577202, 12.6412134171, 30.265537262, 36.4355621338, 23.2264461517, 6.15180206299, 2.15304470062, -0.462133795023, -4.50364923477], [-203.333709717, -11.6817216873, -15.9300308228, -6.1413064003, -8.06377410889, 1.28911674023, 13.9815130234, 23.2264461517, 30.5905590057, 13.4682264328, 2.47481107712, -2.161059618, -3.5447409153], [153.499038696, -10.7394723892, -3.78785634041, 1.03389465809, 4.71188211441, 6.83301448822, 1.97398209572, 6.15180206299, 13.4682264328, 24.9714870453, 13.0882825851, 2.1254992485, -8.50962257385], [227.23387146, 0.158297806978, 2.50046801567, 4.60657024384, 10.9476737976, 11.7206707001, 2.73363471031, 2.15304470062, 2.47481107712, 13.0882825851, 22.1658630371, 12.7948875427, -5.02374267578], [336.116333008, -3.58484625816, 8.39246559143, 11.8776979446, 11.4062404633, 6.76275014877, 0.62637168169, -0.462133795023, -2.161059618, 2.1254992485, 12.7948875427, 23.8163471222, 9.51443099976], [96.7380065918, 2.81198954582, 7.24902486801, 6.66816902161, -1.91637170315, -8.84450435638, -5.25129652023, -4.50364923477, -3.5447409153, -8.50962257385, -5.02374267578, 9.51443099976, 23.7634029388]],
        "icov": [[0.0001122403919, -0.000247019139351, -9.35974094318e-05, -0.000925001513679, 0.00100609858055, -0.00182483566459, 0.00143179134466, -0.00100399099756, 0.00132201914676, -0.00144368538167, 0.000776905042585, -0.00120216584764, -0.000285709043965], [-0.000247019139351, 0.0299486927688, -0.0349584966898, 0.0238560233265, -0.0201602801681, 0.0280391369015, -0.0266040340066, 0.0308138206601, -0.0300032794476, 0.0286365821958, -0.0284226164222, 0.0207292437553, 0.00167333707213], [-9.35974094318e-05, -0.0349584966898, 0.0651788860559, -0.040712852031, 0.0109318960458, -0.0230207033455, 0.0242645442486, -0.0367227233946, 0.0417824275792, -0.0303826723248, 0.0291276182979, -0.0132369520143, -0.00641467049718], [-0.000925001513679, 0.0238560233265, -0.040712852031, 0.0976679772139, -0.072629481554, 0.0580176487565, -0.0530959255993, 0.0510611794889, -0.0443791821599, 0.0241255424917, -0.0119179207832, 0.00422296253964, -0.00255484669469], [0.00100609858055, -0.0201602801681, 0.0109318960458, -0.072629481554, 0.115979164839, -0.109035477042, 0.0773460417986, -0.0593671761453, 0.0441248714924, -0.0277772806585, 0.0204366371036, -0.016066165641, -0.00266456208192], [-0.00182483566459, 0.0280391369015, -0.0230207033455, 0.0580176487565, -0.109035477042, 0.172532647848, -0.128182634711, 0.0832688733935, -0.0509626269341, 0.0381768271327, -0.0459794960916, 0.024311741814, 0.0243447013199], [0.00143179134466, -0.0266040340066, 0.0242645442486, -0.0530959255993, 0.0773460417986, -0.128182634711, 0.151547133923, -0.117541089654, 0.0528519898653, -0.0255504176021, 0.0341413058341, -0.0198474563658, -0.0115428147838], [-0.00100399099756, 0.0308138206601, -0.0367227233946, 0.0510611794889, -0.0593671761453, 0.0832688733935, -0.117541089654, 0.166067168117, -0.112566329539, 0.0527773164213, -0.0357180535793, 0.0145594701171, 0.0177456028759], [0.00132201914676, -0.0300032794476, 0.0417824275792, -0.0443791821599, 0.0441248714924, -0.0509626269341, 0.0528519898653, -0.112566329539, 0.152654245496, -0.0964870154858, 0.0486570112407, -0.0216880887747, -0.0199984032661], [-0.00144368538167, 0.0286365821958, -0.0303826723248, 0.0241255424917, -0.0277772806585, 0.0381768271327, -0.0255504176021, 0.0527773164213, -0.0964870154858, 0.142041057348, -0.0915799364448, 0.0475404635072, 0.0193888954818], [0.000776905042585, -0.0284226164222, 0.0291276182979, -0.0119179207832, 0.0204366371036, -0.0459794960916, 0.0341413058341, -0.0357180535793, 0.0486570112407, -0.0915799364448, 0.170563980937, -0.110863618553, 0.0348794423044], [-0.00120216584764, 0.0207292437553, -0.0132369520143, 0.00422296253964, -0.016066165641, 0.024311741814, -0.0198474563658, 0.0145594701171, -0.0216880887747, 0.0475404635072, -0.110863618553, 0.141502067447, -0.0548829883337], [-0.000285709043965, 0.00167333707213, -0.00641467049718, -0.00255484669469, -0.00266456208192, 0.0243447013199, -0.0115428147838, 0.0177456028759, -0.0199984032661, 0.0193888954818, 0.0348794423044, -0.0548829883337, 0.088686555624]]
    },
    "melbands": {
        "dmean": [2.98119431363e-07, 8.06358439149e-05, 0.00085699261399, 0.000350144371623, 0.000255857768934, 0.000245641829679, 5.55144688406e-05, 6.22640145593e-05, 4.21087061113e-05, 4.69011938549e-05, 2.64973277808e-05, 1.60218387464e-05, 1.33583998831e-05, 2.19593111979e-05, 1.80735041795e-05, 1.05171293399e-05, 1.29984346131e-05, 1.39466264955e-05, 9.02341071196e-06, 7.47202739149e-06, 9.92405148281e-06, 8.04955561762e-06, 7.14585894457e-06, 7.45117313272e-06, 9.3896578619e-06, 8.08744971437e-06, 4.51815822089e-06, 4.73818727187e-06, 2.86256840809e-06, 2.19489629671e-06, 1.44520765843e-06, 8.46127420573e-07, 6.7888220201e-07, 4.40028117055e-07, 5.02856607909e-07, 4.91384014367e-07, 4.83774954319e-07, 6.27804809028e-07, 4.95297740599e-07, 3.95416037691e-07],
        "dmean2": [4.63519853611e-07, 0.000137880764669, 0.00160810817033, 0.000647682172712, 0.000470007449621, 0.00044845053344, 9.28780136746e-05, 0.000112715948489, 7.24123456166e-05, 7.67866367823e-05, 4.63270916953e-05, 2.74594367511e-05, 2.48519500019e-05, 3.60674894182e-05, 2.90033021884e-05, 1.80463448487e-05, 2.09606132557e-05, 2.5138951969e-05, 1.37422712214e-05, 1.33449739224e-05, 1.62695050676e-05, 1.22701421787e-05, 1.144536418e-05, 1.29928512251e-05, 1.59360024554e-05, 1.35350310302e-05, 7.01962289895e-06, 7.07827348378e-06, 4.80744893139e-06, 3.03056481243e-06, 2.26249107982e-06, 1.40654753977e-06, 1.07219523215e-06, 5.86524834034e-07, 8.21983462629e-07, 8.67929941251e-07, 7.0758704851e-07, 8.07327694474e-07, 7.36121137379e-07, 6.12696510416e-07],
        "dvar": [8.72948035472e-13, 1.99527718792e-08, 2.913009439e-06, 4.59472232706e-07, 2.61948002844e-07, 2.09288529618e-07, 9.32457933089e-09, 1.32580062484e-08, 7.90083642954e-09, 9.96803617426e-09, 2.60548627118e-09, 9.34538224584e-10, 7.2985489874e-10, 2.36868036296e-09, 1.99320782102e-09, 5.31083510502e-10, 7.12031877903e-10, 1.0949826601e-09, 2.51103332571e-10, 3.31373262163e-10, 4.7702852779e-10, 2.63452787364e-10, 1.85068849134e-10, 3.28257171445e-10, 3.25119764444e-10, 2.50508780386e-10, 7.12016418047e-11, 8.24607881977e-11, 3.605872545e-11, 1.641897035e-11, 9.12717644519e-12, 3.11875438669e-12, 1.62067798418e-12, 6.25918967264e-13, 1.06613903903e-12, 1.06942937578e-12, 9.45921509524e-13, 1.33661690657e-12, 8.3412009938e-13, 6.42686533332e-13],
        "dvar2": [1.23995356083e-12, 6.20490610004e-08, 1.00362476587e-05, 1.5457593463e-06, 9.12271900688e-07, 6.50396941637e-07, 2.69536464259e-08, 4.11117540011e-08, 2.57907668555e-08, 3.09164214229e-08, 7.47605710671e-09, 2.58569765599e-09, 2.17543205672e-09, 6.56922916065e-09, 5.15139086943e-09, 1.50787049513e-09, 1.76251258033e-09, 3.10871839382e-09, 6.61685040093e-10, 7.47769568488e-10, 1.10642750517e-09, 7.02993996349e-10, 4.51659293299e-10, 9.56193124679e-10, 8.71641869793e-10, 7.19895421053e-10, 1.96322721968e-10, 1.75664663371e-10, 8.53895149033e-11, 3.06396019667e-11, 2.60201790669e-11, 8.63438660847e-12, 4.44264200081e-12, 1.09311962693e-12, 2.84714786469e-12, 3.1907532172e-12, 1.63672894682e-12, 3.05507268789e-12, 2.08038924629e-12, 1.4121730044e-12],
        "max": [7.8560115071e-06, 0.000679047661833, 0.0100588649511, 0.0039574848488, 0.00290016108193, 0.0025063205976, 0.000704913109075, 0.000822176923975, 0.000552666722797, 0.000646106083877, 0.00036686292151, 0.000245314149652, 0.000183569398359, 0.000384572776966, 0.000386888976209, 0.000173980210093, 0.000231068086578, 0.000247901072726, 0.000123254125356, 0.000141869080835, 0.000177451685886, 0.000118755524454, 9.9967684946e-05, 0.000142541146488, 0.000123916033772, 0.000117684372526, 6.35539981886e-05, 7.19512900105e-05, 5.84561821597e-05, 3.83457700082e-05, 2.6289932066e-05, 1.48794097186e-05, 1.06156740003e-05, 8.99729820958e-06, 9.07730009203e-06, 8.85413555807e-06, 1.03044949356e-05, 1.0215491784e-05, 8.51191634865e-06, 7.74682484916e-06],
        "mean": [2.93495418191e-07, 7.85320662544e-05, 0.000863165245391, 0.000395965354983, 0.000333170290105, 0.000326079374645, 8.43352681841e-05, 8.17709951662e-05, 4.887097748e-05, 5.52108685952e-05, 4.7305951739e-05, 2.96178877761e-05, 2.39175333263e-05, 3.28720852849e-05, 2.98239119729e-05, 2.09898607864e-05, 2.41082179855e-05, 2.14299107029e-05, 1.98972884391e-05, 1.8186028683e-05, 2.08150213439e-05, 1.65475685208e-05, 1.4401954104e-05, 1.39308367579e-05, 1.78680729732e-05, 1.72672553163e-05, 1.19935411931e-05, 1.10948203655e-05, 8.02442991699e-06, 6.47473552817e-06, 4.12477356804e-06, 2.36675055021e-06, 1.68508847764e-06, 1.44533169077e-06, 1.3971178987e-06, 1.4614115571e-06, 1.54869337621e-06, 1.72341162852e-06, 1.46941624735e-06, 1.28779686293e-06],
        "median": [3.08730063736e-09, 1.49613106259e-06, 2.7230798878e-05, 5.50572331122e-05, 1.44412033478e-05, 7.53352878746e-06, 5.94148013988e-06, 9.30996429815e-06, 3.17565627483e-06, 5.41111148777e-06, 5.07636286784e-06, 2.26210886467e-06, 1.19142066524e-06, 1.6793044324e-06, 1.28729686821e-06, 6.12947701484e-07, 7.60034708946e-07, 6.86422936269e-07, 8.83649988737e-07, 8.96846074738e-07, 6.45869931759e-07, 5.51974949303e-07, 6.21959259206e-07, 7.35360572435e-07, 8.42753081542e-07, 1.04241303234e-06, 7.05318655037e-07, 4.44716334869e-07, 4.42545143642e-07, 2.81678552483e-07, 2.31518441751e-07, 1.11876893527e-07, 7.09827432388e-08, 6.90049546392e-08, 7.01379363477e-08, 6.89689230171e-08, 6.59763301769e-08, 8.72107364103e-08, 6.20489259973e-08, 6.22210691859e-08],
        "min": [1.10372454232e-10, 1.51539603088e-09, 2.34139704958e-07, 1.71889638523e-07, 9.07168669073e-08, 4.70214871484e-08, 5.64747040244e-08, 5.96238933781e-08, 3.99165323017e-08, 1.06080669582e-07, 3.73377808671e-08, 5.2154106811e-08, 3.99088335712e-08, 2.1375441861e-08, 2.48468197128e-08, 2.37003536796e-08, 3.12583878781e-08, 3.95942052478e-08, 2.93954975916e-08, 1.93921234626e-08, 3.93287145073e-08, 2.97249798109e-08, 1.99559408998e-08, 2.64247255188e-08, 2.32673258438e-08, 2.14817550415e-08, 2.46016309546e-08, 1.86580688677e-08, 1.25715642341e-08, 1.09014166583e-08, 6.80916212303e-09, 5.34939736951e-09, 3.24831139764e-09, 2.42537523398e-09, 2.9903437504e-09, 2.59233923217e-09, 2.40154518494e-09, 2.54440402081e-09, 3.27710525383e-09, 2.72177547167e-09],
        "var": [9.19349991101e-13, 2.36120740738e-08, 3.03995261675e-06, 5.25070277035e-07, 3.739424983e-07, 3.80124021149e-07, 2.03572732005e-08, 2.07718979794e-08, 8.82509709754e-09, 1.1296486413e-08, 5.72534775145e-09, 2.49169929134e-09, 1.70614677941e-09, 4.12334966171e-09, 3.25686611014e-09, 1.30988653257e-09, 1.71221015144e-09, 1.57904744835e-09, 9.80338255019e-10, 9.78680803065e-10, 1.38712219488e-09, 7.51581130665e-10, 5.58102730697e-10, 5.88294524206e-10, 8.69256999714e-10, 7.7367773299e-10, 3.38309852355e-10, 3.09010539379e-10, 1.60127994198e-10, 1.06427540392e-10, 4.01346351986e-11, 1.29179522981e-11, 7.09408096503e-12, 5.11864595848e-12, 4.76350989903e-12, 5.20756137865e-12, 6.14442134325e-12, 7.71966952168e-12, 5.32064193051e-12, 4.07230976371e-12]
    },
    "mfcc": {
        "mean": [-751.784851074, 70.0064086914, -17.4481182098, 7.648396492, -13.6643562317, -23.4417610168, -12.9797077179, -22.1065711975, -16.9643859863, -14.9614686966, -18.6532154083, -16.3089485168, -17.9050941467],
        "cov": [[22182.8398438, 46.4732322693, 237.776107788, 208.757659912, 466.699493408, 352.543121338, 194.469467163, -124.468284607, -304.298187256, -349.933959961, -354.252197266, -146.776275635, -25.0655269623], [46.4732322693, 106.930000305, 48.1476135254, 21.843788147, 24.9108123779, 9.69922161102, 15.5123615265, 4.40308761597, 1.46725583076, -3.5494351387, -4.28151226044, -13.9460449219, -7.2939696312], [237.776107788, 48.1476135254, 48.5478668213, 29.3773727417, 22.6052932739, 13.1235122681, 14.2186365128, 8.53364658356, 6.84792947769, -1.70539927483, -5.84862995148, -9.73966598511, -0.790167570114], [208.757659912, 21.843788147, 29.3773727417, 46.4890937805, 33.7280044556, 17.2383956909, 12.6000919342, 11.8932304382, 12.1134033203, 1.60968995094, -4.12725257874, -7.46882200241, 5.04560041428], [466.699493408, 24.9108123779, 22.6052932739, 33.7280044556, 62.010509491, 36.7693481445, 24.0202617645, 9.15089702606, -0.0511255264282, -0.673017561436, -0.287259936333, -2.98706293106, 4.6083240509], [352.543121338, 9.69922161102, 13.1235122681, 17.2383956909, 36.7693481445, 46.8415908813, 32.462852478, 16.7916278839, 4.38685846329, 4.93249368668, 8.54130172729, 6.14105224609, 6.20914697647], [194.469467163, 15.5123615265, 14.2186365128, 12.6000919342, 24.0202617645, 32.462852478, 45.8511886597, 30.6918449402, 11.2962493896, 9.07131576538, 13.1292409897, 9.20963287354, 6.96397781372], [-124.468284607, 4.40308761597, 8.53364658356, 11.8932304382, 9.15089702606, 16.7916278839, 30.6918449402, 51.8182067871, 32.8090934753, 18.7036075592, 17.148443222, 14.99958992, 14.7239532471], [-304.298187256, 1.46725583076, 6.84792947769, 12.1134033203, -0.0511255264282, 4.38685846329, 11.2962493896, 32.8090934753, 46.4870223999, 31.3636035919, 18.672203064, 11.9650096893, 12.1629066467], [-349.933959961, -3.5494351387, -1.70539927483, 1.60968995094, -0.673017561436, 4.93249368668, 9.07131576538, 18.7036075592, 31.3636035919, 40.3729553223, 27.2099742889, 15.447268486, 10.3610067368], [-354.252197266, -4.28151226044, -5.84862995148, -4.12725257874, -0.287259936333, 8.54130172729, 13.1292409897, 17.148443222, 18.672203064, 27.2099742889, 42.9409141541, 31.1789016724, 13.4501638412], [-146.776275635, -13.9460449219, -9.73966598511, -7.46882200241, -2.98706293106, 6.14105224609, 9.20963287354, 14.99958992, 11.9650096893, 15.447268486, 31.1789016724, 44.9654579163, 22.335521698], [-25.0655269623, -7.2939696312, -0.790167570114, 5.04560041428, 4.6083240509, 6.20914697647, 6.96397781372, 14.7239532471, 12.1629066467, 10.3610067368, 13.4501638412, 22.335521698, 26.0893573761]],
