{
"lowlevel": {
    "average_loudness": 0.99068403244,
    "barkbands_crest": {
        "dmean": 3.11640167236,
        "dmean2": 5.05191659927,
        "dvar": 10.2676382065,
        "dvar2": 25.0124073029,
        "max": 22.5377597809,
        "mean": 12.2141447067,
        "median": 11.3387403488,
        "min": 3.08839988708,
        "var": 35.8469810486
    },
    "barkbands_flatness_db": {
        "dmean": 0.0179621409625,
        "dmean2": 0.0234281290323,
        "dvar": 0.000254346901784,
        "dvar2": 0.000409942062106,
        "max": 0.206809714437,
        "mean": 0.107437282801,
        "median": 0.098790936172,
        "min": 0.0332306474447,
        "var": 0.00201762071811
    },
    "barkbands_kurtosis": {
        "dmean": 4.16568803787,
        "dmean2": 5.99960231781,
        "dvar": 49.6018562317,
        "dvar2": 114.742019653,
        "max": 44.8765487671,
        "mean": 5.88081264496,
        "median": 0.306815385818,
        "min": -1.67791748047,
        "var": 115.578781128
    },
    "barkbands_skewness": {
        "dmean": 1.08347845078,
        "dmean2": 1.76299023628,
        "dvar": 1.48848760128,
        "dvar2": 4.15306854248,
        "max": 6.26182031631,
        "mean": 1.45507466793,
        "median": 0.861212074757,
        "min": -1.76486563683,
        "var": 3.6633951664
    },
    "barkbands_spread": {
        "dmean": 7.16547584534,
        "dmean2": 10.7573518753,
        "dvar": 71.0682067871,
        "dvar2": 158.669570923,
        "max": 48.7254981995,
        "mean": 25.5188770294,
        "median": 26.9755401611,
        "min": 4.34996700287,
        "var": 180.483428955
    },
    "dissonance": {
        "dmean": 0.013838166371,
        "dmean2": 0.0217157397419,
        "dvar": 0.000159019735293,
        "dvar2": 0.000272031174973,
        "max": 0.499999940395,
        "mean": 0.465372145176,
        "median": 0.474777370691,
        "min": 0.416045516729,
        "var": 0.000645815569442
    },
    "dynamic_complexity": 2.25587153435,
    "erbbands_crest": {
        "dmean": 3.34045410156,
        "dmean2": 5.2460694313,
        "dvar": 14.7652492523,
        "dvar2": 38.0606613159,
        "max": 26.806394577,
        "mean": 13.2250957489,
        "median": 10.0227155685,
        "min": 3.03622293472,
        "var": 50.3992195129
    },
    "erbbands_flatness_db": {
        "dmean": 0.0218799412251,
        "dmean2": 0.0329648517072,
        "dvar": 0.000301543914247,
        "dvar2": 0.000795406231191,
        "max": 0.252086609602,
        "mean": 0.176860064268,
        "median": 0.174895986915,
        "min": 0.0991177335382,
        "var": 0.00164378271438
    },
    "erbbands_kurtosis": {
        "dmean": 2.42752242088,
        "dmean2": 3.69420337677,
        "dvar": 7.79155015945,
        "dvar2": 21.3478660583,
        "max": 17.6726131439,
        "mean": 1.96891844273,
        "median": 0.25627374649,
        "min": -1.70660352707,
        "var": 16.3279972076
    },
    "erbbands_skewness": {
        "dmean": 0.88276642561,
        "dmean2": 1.49806892872,
        "dvar": 1.00443398952,
        "dvar2": 2.68617749214,
        "max": 4.03704118729,
        "mean": 0.481170386076,
        "median": 0.0433170944452,
        "min": -2.08801031113,
        "var": 2.49425458908
    },
    "erbbands_spread": {
        "dmean": 11.6063776016,
        "dmean2": 17.9198513031,
        "dvar": 150.71321106,
        "dvar2": 435.706237793,
        "max": 73.0592651367,
        "mean": 34.0446090698,
        "median": 34.4366912842,
        "min": 9.5252532959,
        "var": 229.545135498
    },
    "hfc": {
        "dmean": 11.8289356232,
        "dmean2": 20.2052078247,
        "dvar": 282.907226562,
        "dvar2": 820.917785645,
        "max": 80.7300872803,
        "mean": 13.4137735367,
        "median": 7.14733791351,
        "min": 0.670602142811,
        "var": 240.117462158
    },
    "melbands_crest": {
        "dmean": 3.34773135185,
        "dmean2": 5.77343320847,
        "dvar": 11.0946798325,
        "dvar2": 31.1120185852,
        "max": 23.6264762878,
        "mean": 15.591129303,
        "median": 15.8263635635,
        "min": 4.45077180862,
        "var": 34.2301712036
    },
    "melbands_flatness_db": {
        "dmean": 0.0339654907584,
        "dmean2": 0.0513953082263,
        "dvar": 0.00105753028765,
        "dvar2": 0.00253265816718,
        "max": 0.279759019613,
        "mean": 0.149847835302,
        "median": 0.134065330029,
        "min": 0.0621604658663,
        "var": 0.00390964280814
    },
    "melbands_kurtosis": {
        "dmean": 9.78605937958,
        "dmean2": 14.9295930862,
        "dvar": 214.253723145,
        "dvar2": 535.738525391,
        "max": 94.7785949707,
        "mean": 15.8949785233,
        "median": 4.1241774559,
        "min": -1.65242707729,
        "var": 498.983551025
    },
    "melbands_skewness": {
        "dmean": 1.14462256432,
        "dmean2": 1.84995055199,
        "dvar": 1.62626039982,
        "dvar2": 4.54863739014,
        "max": 7.7488284111,
        "mean": 2.73346114159,
        "median": 2.01764655113,
        "min": -0.392111063004,
        "var": 4.39416599274
    },
    "melbands_spread": {
        "dmean": 20.6898193359,
        "dmean2": 36.6875267029,
        "dvar": 622.769714355,
        "dvar2": 1639.13195801,
        "max": 103.946907043,
        "mean": 38.1137199402,
        "median": 36.8979225159,
        "min": 2.45038080215,
        "var": 943.254943848
    },
    "pitch_salience": {
        "dmean": 0.131390810013,
        "dmean2": 0.218495935202,
        "dvar": 0.0159243009984,
        "dvar2": 0.0531350672245,
        "max": 0.8878505826,
        "mean": 0.592221140862,
        "median": 0.559078872204,
        "min": 0.324217230082,
        "var": 0.0251615773886
    },
    "silence_rate_20dB": {
        "dmean": 0,
        "dmean2": 0,
        "dvar": 0,
        "dvar2": 0,
        "max": 1,
        "mean": 1,
        "median": 1,
        "min": 1,
        "var": 0
    },
    "silence_rate_30dB": {
        "dmean": 0,
        "dmean2": 0,
        "dvar": 0,
        "dvar2": 0,
        "max": 1,
        "mean": 1,
        "median": 1,
        "min": 1,
        "var": 0
    },
    "silence_rate_60dB": {
        "dmean": 0.133333340287,
        "dmean2": 0.271186441183,
        "dvar": 0.115555591881,
        "dvar2": 0.299339205027,
        "max": 1,
        "mean": 0.213114753366,
        "median": 0,
        "min": 0,
        "var": 0.167696833611
    },
    "spectral_centroid": {
        "dmean": 553.663513184,
        "dmean2": 929.902893066,
        "dvar": 393015,
        "dvar2": 1037508.75,
        "max": 3707.1940918,
        "mean": 1969.29602051,
        "median": 2044.75842285,
        "min": 619.814331055,
        "var": 947099.5
    },
    "spectral_complexity": {
        "dmean": 7.46666669846,
        "dmean2": 11.6440677643,
        "dvar": 60.148891449,
        "dvar2": 148.297042847,
        "max": 38,
        "mean": 11.803278923,
        "median": 7,
        "min": 1,
        "var": 95.3383483887
    },
    "spectral_decrease": {
        "dmean": 9.67755764414e-10,
        "dmean2": 1.43824308019e-09,
        "dvar": 1.57546784021e-18,
        "dvar2": 3.97951091948e-18,
        "max": -1.26424148927e-10,
        "mean": -1.87907134297e-09,
        "median": -1.20158494266e-09,
        "min": -7.55638041028e-09,
        "var": 2.88849732824e-18
    },
    "spectral_energy": {
        "dmean": 0.00462794583291,
        "dmean2": 0.00711324485019,
        "dvar": 3.24904285662e-05,
        "dvar2": 8.64578760229e-05,
        "max": 0.0312780179083,
        "mean": 0.00830871798098,
        "median": 0.00533931842074,
        "min": 0.000537980406079,
        "var": 5.25831783307e-05
    },
    "spectral_energyband_high": {
        "dmean": 0.00110428966582,
        "dmean2": 0.0018561501056,
        "dvar": 3.48163166564e-06,
        "dvar2": 9.61848218139e-06,
        "max": 0.00933816935867,
        "mean": 0.0009138227324,
        "median": 0.000229541619774,
        "min": 2.74645808531e-05,
        "var": 2.83638223664e-06
    },
    "spectral_energyband_low": {
        "dmean": 0.000126923303469,
        "dmean2": 0.000208799378015,
        "dvar": 6.98313300518e-08,
        "dvar2": 1.91177548459e-07,
        "max": 0.00144887831993,
        "mean": 0.000122103549074,
        "median": 4.78959627799e-05,
        "min": 8.31835859572e-06,
        "var": 4.5938509885e-08
    },
    "spectral_energyband_middle_high": {
        "dmean": 0.00194936234038,
        "dmean2": 0.00326472008601,
        "dvar": 6.8534136517e-06,
        "dvar2": 1.83346055564e-05,
        "max": 0.0113174309954,
        "mean": 0.00209782854654,
        "median": 0.000759292975999,
        "min": 7.30095271138e-05,
        "var": 7.08255265636e-06
    },
    "spectral_energyband_middle_low": {
        "dmean": 0.00206058123149,
        "dmean2": 0.00272494601086,
        "dvar": 1.23043037092e-05,
        "dvar2": 2.98129325529e-05,
        "max": 0.0230419393629,
        "mean": 0.00522835738957,
        "median": 0.00281992112286,
        "min": 0.000317361584166,
        "var": 3.23071071762e-05
    },
    "spectral_entropy": {
        "dmean": 0.144060000777,
        "dmean2": 0.215485602617,
        "dvar": 0.0358311906457,
        "dvar2": 0.0760656371713,
        "max": 8.38074493408,
        "mean": 7.75613975525,
        "median": 7.75786161423,
        "min": 7.04137277603,
        "var": 0.081752628088
    },
    "spectral_flux": {
        "dmean": 0.0190698262304,
        "dmean2": 0.0287683326751,
        "dvar": 0.0005568676861,
        "dvar2": 0.00104852404911,
        "max": 0.137595623732,
        "mean": 0.0501196682453,
        "median": 0.0368933230639,
        "min": 0.0135301044211,
        "var": 0.00114038074389
    },
    "spectral_kurtosis": {
        "dmean": 1.40887498856,
        "dmean2": 2.19273710251,
        "dvar": 2.54631114006,
        "dvar2": 5.55799198151,
        "max": 13.665222168,
        "mean": 5.95297431946,
        "median": 5.43593120575,
        "min": 0.17714715004,
        "var": 6.00144290924
    },
    "spectral_rms": {
        "dmean": 0.000787699013017,
        "dmean2": 0.00120817974675,
        "dvar": 7.5097170793e-07,
        "dvar2": 2.00978706744e-06,
        "max": 0.00552405091003,
        "mean": 0.00258859968744,
        "median": 0.00228234333917,
        "min": 0.000724471465219,
        "var": 1.40521865433e-06
    },
    "spectral_rolloff": {
        "dmean": 1067.68786621,
        "dmean2": 1780.68640137,
        "dvar": 2487101.25,
        "dvar2": 6350470.5,
        "max": 7450.48828125,
        "mean": 2618.22558594,
        "median": 2950.04882812,
        "min": 516.796875,
        "var": 3182196.5
    },
    "spectral_skewness": {
        "dmean": 0.196270748973,
        "dmean2": 0.297291785479,
        "dvar": 0.0626289844513,
        "dvar2": 0.113394625485,
        "max": 2.6923353672,
        "mean": 1.53603506088,
        "median": 1.54132819176,
        "min": 0.663061618805,
        "var": 0.193569928408
    },
    "spectral_spread": {
        "dmean": 878198.125,
        "dmean2": 1396642,
        "dvar": 1.14662152602e+12,
        "dvar2": 1.78444854886e+12,
        "max": 11655241,
        "mean": 4444003.5,
        "median": 4196627,
        "min": 2652184.5,
        "var": 1.91730194842e+12
    },
    "spectral_strongpeak": {
        "dmean": 0.293022185564,
        "dmean2": 0.468040496111,
        "dvar": 0.430014669895,
        "dvar2": 1.24412584305,
        "max": 4.30612230301,
        "mean": 0.99660718441,
        "median": 0.792648792267,
        "min": 0.0100747169927,
        "var": 0.571124613285
    },
    "zerocrossingrate": {
        "dmean": 0.013395181857,
        "dmean2": 0.0158153474331,
        "dvar": 0.000143936224049,
        "dvar2": 0.000157905946253,
        "max": 0.1357421875,
        "mean": 0.0867699831724,
        "median": 0.1025390625,
        "min": 0.0185546875,
        "var": 0.00114438845776
    },
    "barkbands": {
        "dmean": [4.98341178172e-05, 2.03105064429e-05, 2.98383693007e-05, 0.000243430913542, 0.000259200256551, 0.00012169231195, 0.00135502545163, 0.000206829921808, 0.000117199349916, 0.000105320454168, 0.000105687962787, 0.000124855068862, 7.69171238062e-05, 0.000113807916932, 7.45884972275e-05, 0.000122973840917, 0.000274083140539, 0.000477953755762, 0.000318618287565, 0.000653770926874, 0.000461103860289, 0.000173658423591, 0.000106831648736, 8.71037264005e-05, 5.52202618564e-05, 5.21202991877e-06, 3.48811568074e-06],
        "dmean2": [8.69424329721e-05, 3.21312836604e-05, 4.93065817864e-05, 0.000415531598264, 0.000433157983935, 0.000217413267819, 0.00155529065523, 0.00031399197178, 0.000180820788955, 0.000157545131515, 0.000158882598043, 0.00019324090681, 0.000121907352877, 0.000159374438226, 0.000105991319288, 0.000205351025215, 0.000474791013403, 0.000842720386572, 0.000564983405638, 0.00116015819367, 0.000829691241961, 0.000287374219624, 0.000166322977748, 0.000156072273967, 9.26428110688e-05, 8.18920307211e-06, 6.04660863246e-06],
        "dvar": [2.41289499492e-09, 3.14925485689e-09, 2.5134669901e-09, 5.14370810833e-07, 4.83627275116e-07, 9.45646831951e-08, 3.48423418473e-06, 1.09847178464e-07, 4.00557169655e-08, 3.35861223277e-08, 5.56239534433e-08, 1.17870492033e-07, 2.64912465298e-08, 5.7267129705e-08, 2.02490575418e-08, 6.9805096814e-08, 1.62949703508e-07, 6.39490963295e-07, 2.08585646533e-07, 1.46737193063e-06, 9.22344838727e-07, 1.28564394686e-07, 5.95276787863e-08, 3.52295224104e-08, 1.00319388352e-08, 1.10396872199e-10, 2.3196802118e-11],
        "dvar2": [6.51559561859e-09, 8.47724290765e-09, 6.64320065624e-09, 1.3879200651e-06, 1.25730696254e-06, 2.89445949875e-07, 7.0240862442e-06, 2.74183094007e-07, 9.08119517362e-08, 8.79117365571e-08, 1.34410626629e-07, 3.19525639725e-07, 4.67104364077e-08, 1.29309029262e-07, 4.22619699236e-08, 1.59517384191e-07, 4.28570075428e-07, 1.94618110072e-06, 6.39904442323e-07, 4.76380682812e-06, 2.65081530415e-06, 3.03901600773e-07, 8.35126101606e-08, 9.75011786863e-08, 2.74243117104e-08, 3.0158850417e-10, 5.60791968418e-11],
        "max": [0.000226182717597, 0.000432054657722, 0.000252977100899, 0.00360771920532, 0.003270549234, 0.00192691385746, 0.0184406153858, 0.00349943968467, 0.00144261238165, 0.00127771357074, 0.00168511061929, 0.00226487824693, 0.00103502650745, 0.00164389354177, 0.000938120414503, 0.00131731759757, 0.00211181212217, 0.00426833797246, 0.0019565296825, 0.00528099155053, 0.00523143401369, 0.00190490821842, 0.00184715155046, 0.00101208384149, 0.000511368038133, 6.5344851464e-05, 4.42749042122e-05],
        "mean": [4.08176274505e-05, 2.57567717199e-05, 2.96989128401e-05, 0.00014987992472, 0.000213149032788, 0.000127779465402, 0.00376326940022, 0.000679549411871, 0.000189893995412, 0.000176984263817, 0.000119549571536, 0.000141127820825, 0.000111224144348, 0.000136670132633, 0.000102341276943, 0.000150791893248, 0.000232725666137, 0.00041852335562, 0.000268622679869, 0.000510114186909, 0.00033256856841, 0.000138874165714, 9.57167503657e-05, 6.82507088641e-05, 4.68487778562e-05, 6.56646761854e-06, 1.99977785087e-05],
        "median": [2.73406512861e-05, 4.78181391372e-06, 1.33765688588e-05, 2.76825649053e-05, 4.8999037972e-05, 4.16841794504e-05, 0.00227662571706, 0.000253715901636, 6.81177189108e-05, 7.88180623204e-05, 3.24803731928e-05, 4.63822252641e-05, 3.87614272768e-05, 3.16724399454e-05, 3.53600989911e-05, 5.74560617679e-05, 6.81252131471e-05, 0.000142238466651, 0.000114295798994, 0.000123320889543, 6.91866662237e-05, 2.16448206629e-05, 1.77727833943e-05, 1.70661933225e-05, 1.15971752166e-05, 3.34081551046e-06, 1.96554155991e-05],
        "min": [5.63605283332e-07, 1.21126754493e-06, 3.43880202536e-07, 3.80379958642e-07, 4.64928871224e-06, 3.11181747747e-06, 8.01725400379e-05, 9.55101040745e-06, 1.07903015305e-05, 4.61058789369e-06, 1.41619455007e-06, 1.62870276199e-06, 5.80573578191e-06, 3.430993047e-06, 2.05147921406e-06, 7.75767239247e-06, 6.04010165262e-06, 4.04437014367e-06, 7.77591958467e-06, 3.25684845848e-06, 2.74556100521e-06, 1.28955798573e-06, 5.93783340719e-07, 1.03529816897e-06, 8.65372044245e-07, 1.17733259231e-06, 9.59135718404e-07],
        "var": [2.02363370505e-09, 4.07644495937e-09, 2.16718842871e-09, 2.77625701983e-07, 3.24549034758e-07, 6.95619490898e-08, 1.84177188203e-05, 7.19772515367e-07, 7.37061967016e-08, 6.41638990828e-08, 6.91342165737e-08, 1.0701413089e-07, 3.98175181715e-08, 7.44389723195e-08, 3.26741904644e-08, 7.24996098711e-08, 1.38031253982e-07, 5.27681720541e-07, 1.51263549242e-07, 1.01891680515e-06, 6.28382508694e-07, 1.10897993011e-07, 6.25625773409e-08, 2.33865264931e-08, 7.57066143109e-09, 9.16731690559e-11, 2.06297496447e-11]
    },
    "erbbands": {
        "dmean": [0.000429294683272, 0.00545448297635, 0.0308409500867, 0.400524049997, 1.07229971886, 0.559764683247, 0.983295321465, 1.53800451756, 11.329211235, 19.7910366058, 4.17919683456, 2.69194674492, 3.8264670372, 3.83880662918, 4.76116323471, 4.9263086319, 3.61052727699, 6.78063488007, 3.65850973129, 4.94525241852, 7.70584011078, 16.2163734436, 24.0131473541, 14.1108541489, 28.3646125793, 30.5991458893, 14.083024025, 19.4453525543, 7.53348350525, 3.74455571175, 2.87151789665, 2.00062441826, 1.69555497169, 0.889581918716, 0.247731119394, 0.0400926955044, 0.00544308731332, 0.00123477377929, 0.000552028650418, 6.53427705402e-05],
        "dmean2": [0.000666841689963, 0.00906731653959, 0.0489976219833, 0.67495405674, 1.8057115078, 0.899662196636, 1.70781719685, 2.78638982773, 17.5209884644, 19.1225452423, 5.69242095947, 4.29202032089, 6.17699575424, 6.23477888107, 7.00158596039, 7.90431976318, 5.26723861694, 9.8245344162, 5.33372402191, 8.63557243347, 12.5950489044, 28.0888843536, 41.3846359253, 24.0172843933, 51.5436897278, 53.8462600708, 24.3395118713, 34.7402992249, 12.5908117294, 6.19097328186, 4.45284843445, 3.3105969429, 3.05740666389, 1.51393926144, 0.416717469692, 0.0630173832178, 0.00824901368469, 0.00202641356736, 0.000936097523663, 0.000104018297861],
        "dvar": [2.70489977083e-07, 0.000259533582721, 0.00339497695677, 1.18862366676, 10.0067205429, 1.49819993973, 7.9565076828, 22.408531189, 871.855041504, 691.77545166, 34.9626541138, 19.4116783142, 48.3413047791, 62.1961288452, 105.032272339, 172.850280762, 61.3191146851, 235.275482178, 33.8052444458, 108.918083191, 224.835968018, 557.53314209, 1418.11572266, 350.317871094, 2338.26391602, 3211.72192383, 612.462097168, 1773.65710449, 247.721618652, 48.22864151, 49.6165542603, 19.2287521362, 10.3653287888, 2.82921981812, 0.194358274341, 0.00573791796342, 7.86561504356e-05, 3.22331879943e-06, 6.61639376176e-07, 5.62759039369e-09],
        "dvar2": [4.85292105168e-07, 0.000691237451974, 0.00921339634806, 3.20867586136, 26.176820755, 3.86661124229, 23.3062038422, 64.4384307861, 2378.57202148, 544.760864258, 59.3976364136, 42.930480957, 115.366699219, 146.949401855, 236.093719482, 475.858856201, 130.260482788, 569.957641602, 60.4543647766, 238.342224121, 487.263397217, 1451.40197754, 4389.99414062, 1006.80773926, 7535.58154297, 10463.4492188, 1843.9329834, 4992.02880859, 607.701660156, 99.5945663452, 70.0362625122, 44.1816215515, 29.1655960083, 7.69741010666, 0.535721421242, 0.0153640033677, 0.000203266987228, 8.1765356299e-06, 1.744367637e-06, 1.37337599071e-08],
        "max": [0.00458448426798, 0.12125428021, 0.274976551533, 5.65891838074, 15.8649454117, 6.92333030701, 16.5163993835, 29.3983478546, 177.709411621, 386.411773682, 84.9213638306, 31.6580448151, 42.9350891113, 56.1311378479, 65.6256790161, 87.8961715698, 52.9475860596, 101.458702087, 38.0883674622, 56.0460853577, 76.0988998413, 123.855941772, 192.496810913, 89.2283325195, 195.778884888, 247.57244873, 114.832328796, 236.317352295, 86.4228591919, 43.5232505798, 52.3271369934, 21.2408294678, 15.3678503036, 8.04621505737, 2.41035842896, 0.46489289403, 0.0554057881236, 0.0143845016137, 0.00685234833509, 0.000719461822882],
        "mean": [0.000728616199922, 0.00635294103995, 0.0287338849157, 0.265369176865, 0.725129902363, 0.515900552273, 0.836033940315, 1.65592205524, 16.8911418915, 74.3158111572, 16.9032535553, 5.20747947693, 6.95495223999, 4.49298667908, 5.29386663437, 5.82280158997, 4.92866182327, 7.66395664215, 5.43336296082, 6.53384399414, 8.64753055573, 14.077167511, 20.8999671936, 13.1127147675, 22.0416717529, 23.5809383392, 11.7298154831, 13.6550579071, 5.95257759094, 3.02833175659, 2.65492773056, 1.68603718281, 1.27496778965, 0.717178046703, 0.218705624342, 0.0434891358018, 0.00847155507654, 0.00428725220263, 0.00223743007518, 0.000401941477321],
        "median": [0.000332724652253, 0.001209348673, 0.0105658005923, 0.0594339221716, 0.165896356106, 0.181370660663, 0.186878085136, 0.512184023857, 8.04368972778, 39.5304870605, 6.57005739212, 2.07159304619, 2.87499332428, 1.33755290508, 1.24901747704, 1.99680292606, 1.80618238449, 1.95123243332, 1.78812801838, 2.31573748589, 3.391913414, 4.37696456909, 6.86586380005, 4.93254184723, 7.34538412094, 5.94978713989, 3.34401893616, 2.29108476639, 1.00290775299, 0.479203939438, 0.620111107826, 0.371670842171, 0.311020284891, 0.156367838383, 0.0509728118777, 0.0184049811214, 0.00506908819079, 0.00399550842121, 0.0022107057739, 0.000398020580178],
        "min": [8.40797874844e-05, 0.000125014194055, 0.000548188050743, 0.00242955167778, 0.00285050040111, 0.0184559542686, 0.0226332172751, 0.0440457053483, 0.991320252419, 0.419101655483, 0.284198462963, 0.325782954693, 0.172517091036, 0.153105512261, 0.0971228554845, 0.113122113049, 0.322046756744, 0.237908214331, 0.16701503098, 0.346353650093, 0.355259031057, 0.341415077448, 0.221323162317, 0.251515775919, 0.372332274914, 0.158276289701, 0.177110850811, 0.0750374719501, 0.0489767715335, 0.0247692726552, 0.01780250296, 0.0174212995917, 0.0199186950922, 0.00986485276371, 0.00541522400454, 0.00286688702181, 0.00178410834633, 0.000576215446927, 0.000135838461574, 1.45470685311e-05],
        "var": [9.48193019212e-07, 0.000300018611597, 0.00277227000333, 0.656202852726, 5.81891965866, 1.20686852932, 5.46197319031, 15.145606041, 692.472106934, 7971.06201172, 433.510986328, 44.3037643433, 106.644081116, 81.6395492554, 131.647140503, 163.327545166, 81.2069320679, 256.450439453, 76.5582962036, 134.475631714, 230.749053955, 482.475830078, 1214.82666016, 325.362731934, 1569.2947998, 2220.60913086, 457.886291504, 1233.96520996, 205.712799072, 48.2904930115, 50.2188415527, 15.3519945145, 6.99771261215, 2.09051847458, 0.14933937788, 0.00501865101978, 8.04357259767e-05, 3.21194693242e-06, 5.4995246046e-07, 6.16492723537e-09]
    },
    "gfcc": {
        "mean": [-47.6978340149, 23.5823535919, -131.189025879, 4.4112944603, -71.121635437, -28.1108322144, -29.7413406372, 8.73187065125, -7.90478277206, 3.20131325722, -4.0032286644, -13.4441509247, -15.405465126],
        "cov": [[2436.54736328, -422.506011963, -582.722412109, 252.105773926, -408.987915039, 399.011108398, -375.376312256, -113.515670776, -308.304321289, -135.207901001, -159.382492065, -12.428812027, 33.8338813782], [-422.506011963, 641.776000977, 239.992416382, -381.889709473, 293.760284424, 32.546787262, 19.4706230164, -50.6967887878, 26.3777828217, 35.8445167542, 5.00610303879, 62.6241378784, 48.1108055115], [-582.722412109, 239.992416382, 389.341888428, -2.82095694542, 195.032318115, -29.2305355072, 40.6583747864, 19.7644252777, 4.69261646271, -30.9561538696, 0.410435736179, -17.17420578, -16.6350631714], [252.105773926, -381.889709473, -2.82095694542, 718.927307129, 35.148853302, -46.3354454041, 43.9812011719, -43.7577972412, -212.076278687, -135.898193359, -17.2795791626, -14.3954019547, -9.50203323364], [-408.987915039, 293.760284424, 195.032318115, 35.148853302, 336.020812988, -33.1680755615, 64.6993255615, -39.4867630005, -67.0571517944, -22.6798782349, 22.0478401184, 48.8697280884, 42.762802124], [399.011108398, 32.546787262, -29.2305355072, -46.3354454041, -33.1680755615, 173.615036011, -100.115394592, -31.5501422882, -59.9595375061, -23.6385784149, -43.7181549072, 3.15644836426, 24.8252773285], [-375.376312256, 19.4706230164, 40.6583747864, 43.9812011719, 64.6993255615, -100.115394592, 154.316833496, 27.7985420227, 63.2587280273, 30.0842781067, 53.4921722412, 15.7739372253, -14.4320459366], [-113.515670776, -50.6967887878, 19.7644252777, -43.7577972412, -39.4867630005, -31.5501422882, 27.7985420227, 73.584197998, 65.0290145874, 30.2222003937, 12.8981657028, -15.36398983, -20.7303142548], [-308.304321289, 26.3777828217, 4.69261646271, -212.076278687, -67.0571517944, -59.9595375061, 63.2587280273, 65.0290145874, 195.481933594, 102.20274353, 33.5008926392, -8.06897640228, -24.4561882019], [-135.207901001, 35.8445167542, -30.9561538696, -135.898193359, -22.6798782349, -23.6385784149, 30.0842781067, 30.2222003937, 102.20274353, 82.10206604, 18.1313381195, 10.1613416672, -3.87223052979], [-159.382492065, 5.00610303879, 0.410435736179, -17.2795791626, 22.0478401184, -43.7181549072, 53.4921722412, 12.8981657028, 33.5008926392, 18.1313381195, 40.7291374207, 14.2984609604, 3.25489473343], [-12.428812027, 62.6241378784, -17.17420578, -14.3954019547, 48.8697280884, 3.15644836426, 15.7739372253, -15.36398983, -8.06897640228, 10.1613416672, 14.2984609604, 45.9333305359, 32.0646324158], [33.8338813782, 48.1108055115, -16.6350631714, -9.50203323364, 42.762802124, 24.8252773285, -14.4320459366, -20.7303142548, -24.4561882019, -3.87223052979, 3.25489473343, 32.0646324158, 47.2280845642]],
        "icov": [[0.0030201501213, -0.00313129858114, 0.00511906575412, -0.00307844532654, 0.00202204566449, -0.0042748930864, 0.0044741355814, -0.00327899469994, -0.000297085003695, 0.00292639760301, -0.000451045460068, -0.00167114811484, 0.00380584504455], [-0.00313129858114, 0.0173339117318, -0.0109181050211, 0.0129618812352, -0.008734758012, 0.0043479767628, -0.0111126126722, 0.0125507228076, 0.00423301476985, -0.00429644202814, 0.012672602199, -0.00797004904598, -0.00253837648779], [0.00511906575412, -0.0109181050211, 0.0171466413885, -0.00922037195414, 0.000469736201921, -0.008136337623, 0.0111044719815, -0.0118728363886, -0.00794367585331, 0.0132974879816, -0.00345865171403, 0.00229191198014, 0.00933180935681], [-0.00307844532654, 0.0129618812352, -0.00922037195414, 0.0132001424208, -0.00531226443127, 0.00576459104195, -0.0127541897818, 0.00929799769074, 0.00777831766754, -0.00283999415115, 0.0114579349756, -0.00383872818202, -0.00401538796723], [0.00202204566449, -0.008734758012, 0.000469736201921, -0.00531226443127, 0.0146281365305, -0.000641625141725, 0.000870328047313, -0.00335473311134, 0.0072759706527, -0.00488092796877, -0.00597022194415, 0.00168803229462, -0.00493535911664], [-0.0042748930864, 0.0043479767628, -0.008136337623, 0.00576459104195, -0.000641625141725, 0.0174043737352, -0.0041274135001, 0.00532290386036, 0.00424173893407, -0.0056112469174, 0.00747620360926, 0.00103846483398, -0.0100490506738], [0.0044741355814, -0.0111126126722, 0.0111044719815, -0.0127541897818, 0.000870328047313, -0.0041274135001, 0.0317195728421, -0.0101045947522, -0.0117171090096, 0.00769966607913, -0.0227338280529, -0.00688373623416, 0.016903616488], [-0.00327899469994, 0.0125507228076, -0.0118728363886, 0.00929799769074, -0.00335473311134, 0.00532290386036, -0.0101045947522, 0.0323757342994, -6.77490652379e-06, -0.008674220182, 0.00414225971326, 0.000516954518389, -0.00273583480157], [-0.000297085003695, 0.00423301476985, -0.00794367585331, 0.00777831766754, 0.0072759706527, 0.00424173893407, -0.0117171090096, -6.77490652379e-06, 0.0359402783215, -0.0308711901307, -0.000219848385314, 0.00752773927525, -0.00674933567643], [0.00292639760301, -0.00429644202814, 0.0132974879816, -0.00283999415115, -0.00488092796877, -0.0056112469174, 0.00769966607913, -0.008674220182, -0.0308711901307, 0.0566320791841, 0.00524074304849, -0.0175630766898, 0.0125271780416], [-0.000451045460068, 0.012672602199, -0.00345865171403, 0.0114579349756, -0.00597022194415, 0.00747620360926, -0.0227338280529, 0.00414225971326, -0.000219848385314, 0.00524074304849, 0.0707259327173, -0.0181077197194, -0.00741681130603], [-0.00167114811484, -0.00797004904598, 0.00229191198014, -0.00383872818202, 0.00168803229462, 0.00103846483398, -0.00688373623416, 0.000516954518389, 0.00752773927525, -0.0175630766898, -0.0181077197194, 0.0703259706497, -0.0386402234435], [0.00380584504455, -0.00253837648779, 0.00933180935681, -0.00401538796723, -0.00493535911664, -0.0100490506738, 0.016903616488, -0.00273583480157, -0.00674933567643, 0.0125271780416, -0.00741681130603, -0.0386402234435, 0.0615050904453]]
    },
    "melbands": {
        "dmean": [6.1689611357e-06, 1.14319436761e-05, 9.90553671727e-05, 5.40618311788e-05, 3.45994703821e-05, 4.05222381232e-05, 0.000195705477381, 0.000173664258909, 2.55189024756e-05, 1.76117046067e-05, 1.79196576937e-05, 1.48330382217e-05, 1.51911108333e-05, 1.24882408272e-05, 1.28508600028e-05, 9.33384126256e-06, 1.31888500619e-05, 5.75178273721e-06, 6.37238827039e-06, 7.80115442467e-06, 9.72159159573e-06, 1.68175993167e-05, 1.61425668921e-05, 2.94748260785e-05, 8.26519681141e-06, 1.38212308229e-05, 2.95062800433e-05, 1.75777859113e-05, 6.68889106237e-06, 1.39107305586e-05, 9.45404372032e-06, 3.96065161112e-06, 3.18097477248e-06, 1.57654142185e-06, 1.17789943488e-06, 2.44804027716e-06, 7.99071813162e-07, 1.18301102248e-06, 1.06864877125e-06, 6.66954122153e-07],
        "dmean2": [9.90969328996e-06, 1.83466727322e-05, 0.000168202255736, 8.80534862517e-05, 5.9752332163e-05, 7.4532108556e-05, 0.000269782874966, 0.00016930566926, 3.6003326386e-05, 2.81607044599e-05, 2.9146012821e-05, 2.44167549681e-05, 2.19803387154e-05, 1.76764588105e-05, 2.16210555664e-05, 1.37664746944e-05, 1.89982383745e-05, 8.42155350256e-06, 9.65709386946e-06, 1.36038088385e-05, 1.62756623467e-05, 2.90434854833e-05, 2.78893949144e-05, 5.40391847608e-05, 1.43363486131e-05, 2.52041700151e-05, 5.37465493835e-05, 3.18518068525e-05, 1.14544463941e-05, 2.51987767115e-05, 1.68588485394e-05, 6.44470537736e-06, 5.40998553333e-06, 2.55391546489e-06, 1.77175968474e-06, 4.01962824981e-06, 1.3517538946e-06, 2.13486669054e-06, 1.91742265088e-06, 1.11703570838e-06],
        "dvar": [8.44159186997e-11, 5.45926859274e-10, 8.37034264123e-08, 1.92093452256e-08, 9.44589473306e-09, 1.67627725034e-08, 1.48124698285e-07, 5.35876978347e-08, 1.10373898909e-09, 8.07838240746e-10, 1.02106767486e-09, 8.5604967559e-10, 1.12705322852e-09, 8.50727654989e-10, 1.61450808278e-09, 3.49660689292e-10, 8.70405025832e-10, 8.93039461825e-11, 1.83559237255e-10, 2.24987195541e-10, 3.87843368532e-10, 5.90087756436e-10, 6.20165807597e-10, 3.31534399933e-09, 1.16286522078e-10, 4.19743267921e-10, 3.01211833253e-09, 1.07051956189e-09, 1.14072661039e-10, 8.52585779754e-10, 4.40344177788e-10, 6.85584436444e-11, 4.67270701299e-11, 9.49048825638e-12, 1.11310223191e-11, 2.8070606603e-11, 4.22606958109e-12, 5.1752682001e-12, 4.35081788305e-12, 1.53720330735e-12],
        "dvar2": [2.02643665737e-10, 1.42224410027e-09, 2.24681699024e-07, 4.84900013475e-08, 2.73160996045e-08, 4.90640204021e-08, 3.86043609524e-07, 4.25469757204e-08, 2.22657892124e-09, 1.69331249023e-09, 2.41438624649e-09, 2.00893057745e-09, 2.58172527801e-09, 2.14517781316e-09, 4.60811389047e-09, 7.4471406819e-10, 2.11906514558e-09, 1.74944100872e-10, 3.78250514244e-10, 5.32712540746e-10, 8.44983860659e-10, 1.4950852778e-09, 1.80279480233e-09, 9.99944038682e-09, 2.80000106434e-10, 1.29538935134e-09, 9.82761427792e-09, 3.37510686066e-09, 3.38880867812e-10, 2.47151210608e-09, 1.22014742754e-09, 1.51676129989e-10, 1.18685311579e-10, 1.71736201648e-11, 1.39320673054e-11, 4.86145741718e-11, 1.15441241635e-11, 1.46628525294e-11, 1.20562509628e-11, 4.15448534949e-12],
        "max": [7.9428893514e-05, 0.000157834991114, 0.00146106490865, 0.000705647689756, 0.000570915290155, 0.000781111826655, 0.00234962417744, 0.00345681724139, 0.000503361457959, 0.000203305491596, 0.000205386531889, 0.000202319308301, 0.000229936660617, 0.00018617301248, 0.000263984984485, 0.000126694576466, 0.000195699220058, 5.94716220803e-05, 8.88173017302e-05, 7.67125020502e-05, 9.26679058466e-05, 0.000126553306472, 0.000121300858154, 0.000318895181408, 4.0734790673e-05, 8.97317222552e-05, 0.000233831713558, 0.000141970434925, 3.96288196498e-05, 0.000156222595251, 0.000120019292808, 4.22430566687e-05, 3.86715146306e-05, 2.2600093871e-05, 2.60760589299e-05, 3.4124681406e-05, 1.20024897114e-05, 1.12554689622e-05, 9.20823367778e-06, 6.37759376332e-06],
        "mean": [8.7852768047e-06, 1.22686269606e-05, 6.44218744128e-05, 4.30761501775e-05, 2.91154428851e-05, 3.59072328138e-05, 0.000405805010814, 0.000667097803671, 9.44764251471e-05, 2.94303827104e-05, 3.27176239807e-05, 1.64255216077e-05, 1.71262236108e-05, 1.52583406816e-05, 1.32940203912e-05, 1.17244671856e-05, 1.44882615132e-05, 8.45039630804e-06, 8.37702282297e-06, 9.45168085309e-06, 1.02073572634e-05, 1.44733539855e-05, 1.39283547469e-05, 2.39209202846e-05, 8.20199784357e-06, 1.13211972348e-05, 2.11424066947e-05, 1.42506396514e-05, 6.26557766736e-06, 9.89566342469e-06, 6.57859754938e-06, 3.2476996239e-06, 2.44625744017e-06, 1.31283195515e-06, 1.169241159e-06, 2.04560956263e-06, 6.8034898959e-07, 8.88932788712e-07, 8.02187514637e-07, 5.50004529032e-07],
        "median": [4.33968261859e-06, 4.10081429436e-06, 1.364903801e-05, 1.08344702312e-05, 6.61376043354e-06, 8.65986930876e-06, 0.000219577501412, 0.00034109459375, 4.20702381234e-05, 1.02868116301e-05, 1.38714312925e-05, 4.7790795179e-06, 3.87664704249e-06, 4.14822443418e-06, 4.23532719651e-06, 4.11603878092e-06, 3.38591780746e-06, 2.57585111285e-06, 2.85472697215e-06, 3.47084232999e-06, 3.88412809116e-06, 4.38113602286e-06, 4.56212501376e-06, 6.85428904035e-06, 3.4982924717e-06, 4.44869101557e-06, 4.57592386738e-06, 3.37137316819e-06, 2.35841957874e-06, 1.83174404356e-06, 9.20123113701e-07, 5.38196673006e-07, 3.77829508125e-07, 1.94055076008e-07, 2.67684953315e-07, 3.65080609299e-07, 2.00536476314e-07, 2.01046134407e-07, 1.74670503839e-07, 1.17938320443e-07],
        "min": [5.21785523233e-07, 2.97567908092e-07, 3.77748193614e-07, 7.40582891012e-07, 7.27093379282e-07, 6.27322606306e-07, 1.81231844181e-05, 3.44005024999e-06, 2.50637776844e-06, 1.58227737757e-06, 7.6702684737e-07, 6.48145487503e-07, 2.61203211949e-07, 2.38195440261e-07, 5.86586907048e-07, 5.22213383647e-07, 4.19199750468e-07, 2.615828123e-07, 2.613290917e-07, 5.9853869061e-07, 3.80224747687e-07, 3.99018404096e-07, 2.12441904068e-07, 1.92627538809e-07, 1.65710005717e-07, 3.01850860751e-07, 2.47872463888e-07, 8.99196024307e-08, 1.19197935078e-07, 9.58753574309e-08, 2.62937014384e-08, 2.58840859857e-08, 1.74883822979e-08, 1.07939932548e-08, 9.68913660415e-09, 1.09929372272e-08, 8.58584314756e-09, 1.46319116823e-08, 1.06685460466e-08, 6.87241952235e-09],
        "var": [1.73388151059e-10, 5.66784508216e-10, 4.61050078115e-08, 1.27819319573e-08, 6.60419097187e-09, 1.06040909387e-08, 2.34066874327e-07, 6.43331873107e-07, 1.36387701133e-08, 1.70522140852e-09, 2.35400920978e-09, 1.11908027289e-09, 1.44408951464e-09, 9.34578858747e-10, 1.23557919451e-09, 4.59358773242e-10, 9.53554013527e-10, 1.93498078671e-10, 2.57073584642e-10, 2.6040303247e-10, 3.66048691358e-10, 5.22659693303e-10, 5.05103292525e-10, 2.41735387263e-09, 1.14762761794e-10, 2.94730018169e-10, 1.9516626093e-09, 7.69447894289e-10, 9.56334386681e-11, 5.80259118532e-10, 3.07776748532e-10, 6.2220104069e-11, 3.70518164761e-11, 1.04721621999e-11, 1.16367115596e-11, 2.60544155695e-11, 2.87806757593e-12, 3.4832932979e-12, 2.95272747225e-12, 1.15970525284e-12]
    },
    "mfcc": {
        "mean": [-691.223083496, 75.3126296997, -20.4686450958, 18.2180366516, -20.7455101013, -27.19556427, -12.386089325, -10.8438596725, -2.90414810181, 5.01363658905, 7.59824705124, 12.9765472412, 4.42468595505],
        "cov": [[3254.37890625, -1011.58380127, -169.267593384, -267.960144043, -81.1901702881, 174.338272095, -69.7808837891, -37.3745613098, -103.446586609, -247.650558472, -149.118682861, -197.055709839, -197.387512207], [-1011.58380127, 1184.78381348, -51.9825210571, -344.428924561, 164.987945557, 26.1845207214, -23.4930992126, -24.3244457245, 32.0236358643, 85.2689590454, -22.9081306458, -37.8019561768, 124.224983215], [-169.267593384, -51.9825210571, 229.393661499, 44.469203949, 49.0469245911, -11.4555053711, 13.6888237, 20.4062747955, 14.2593040466, 4.96011304855, -10.5556192398, 25.6224575043, -38.0068702698], [-267.960144043, -344.428924561, 44.469203949, 615.691955566, 42.8628578186, 30.3302974701, 187.907043457, 64.5924530029, -39.5521888733, -86.2666015625, -2.79163908958, 4.78874731064, -35.4200820923], [-81.1901702881, 164.987945557, 49.0469245911, 42.8628578186, 196.523590088, 61.806678772, 79.0365982056, 6.6038403511, -17.3407516479, -52.6886825562, -77.6523284912, -59.8067131042, -35.4765815735], [174.338272095, 26.1845207214, -11.4555053711, 30.3302974701, 61.806678772, 113.103668213, 45.0569839478, 6.03753757477, -22.3792533875, -52.1604995728, -43.5730209351, -55.0397109985, -19.7102432251], [-69.7808837891, -23.4930992126, 13.6888237, 187.907043457, 79.0365982056, 45.0569839478, 137.92388916, 39.1895942688, -31.987909317, -63.7546272278, -36.2216377258, -38.5567779541, -28.6898574829], [-37.3745613098, -24.3244457245, 20.4062747955, 64.5924530029, 6.6038403511, 6.03753757477, 39.1895942688, 35.3890800476, -0.539672970772, -11.658987999, 0.290417611599, -1.51921164989, -1.1906324625], [-103.446586609, 32.0236358643, 14.2593040466, -39.5521888733, -17.3407516479, -22.3792533875, -31.987909317, -0.539672970772, 44.2003211975, 37.4468383789, 31.9994106293, 25.7828598022, 24.0282707214], [-247.650558472, 85.2689590454, 4.96011304855, -86.2666015625, -52.6886825562, -52.1604995728, -63.7546272278, -11.658987999, 37.4468383789, 93.5765151978, 56.2767944336, 55.63073349, 42.2047042847], [-149.118682861, -22.9081306458, -10.5556192398, -2.79163908958, -77.6523284912, -43.5730209351, -36.2216377258, 0.290417611599, 31.9994106293, 56.2767944336, 72.6424407959, 53.0239830017, 37.7827186584], [-197.055709839, -37.8019561768, 25.6224575043, 4.78874731064, -59.8067131042, -55.0397109985, -38.5567779541, -1.51921164989, 25.7828598022, 55.63073349, 53.0239830017, 70.1313323975, 30.7772541046], [-197.387512207, 124.224983215, -38.0068702698, -35.4200820923, -35.4765815735, -19.7102432251, -28.6898574829, -1.1906324625, 24.0282707214, 42.2047042847, 37.7827186584, 30.7772541046, 59.7492828369]],
