{
"lowlevel": {
    "average_loudness": 0.976225137711,
    "barkbands_crest": {
        "dmean": 2.59856891632,
        "dmean2": 4.2875752449,
        "dvar": 4.76386785507,
        "dvar2": 12.756114006,
        "max": 15.2138032913,
        "mean": 6.83524084091,
        "median": 6.33925533295,
        "min": 2.82204174995,
        "var": 7.18307781219
    },
    "barkbands_flatness_db": {
        "dmean": 0.019031913951,
        "dmean2": 0.0325271636248,
        "dvar": 0.000583052111324,
        "dvar2": 0.00165747012943,
        "max": 0.193231418729,
        "mean": 0.0929402261972,
        "median": 0.0898716971278,
        "min": 0.0366193503141,
        "var": 0.000547313655261
    },
    "barkbands_kurtosis": {
        "dmean": 1.93321335316,
        "dmean2": 3.55226778984,
        "dvar": 13.1358451843,
        "dvar2": 36.7057533264,
        "max": 17.5414867401,
        "mean": 0.130334362388,
        "median": -1.07802963257,
        "min": -1.73995292187,
        "var": 8.675573349
    },
    "barkbands_skewness": {
        "dmean": 0.645314693451,
        "dmean2": 1.06765878201,
        "dvar": 0.767649233341,
        "dvar2": 1.92377793789,
        "max": 3.79510045052,
        "mean": 0.336018919945,
        "median": 0.316138476133,
        "min": -1.96431434155,
        "var": 1.07054102421
    },
    "barkbands_spread": {
        "dmean": 8.80601596832,
        "dmean2": 15.356842041,
        "dvar": 103.572265625,
        "dvar2": 302.384216309,
        "max": 65.4566421509,
        "mean": 35.4629554749,
        "median": 38.0690994263,
        "min": 6.82389545441,
        "var": 98.1644058228
    },
    "dissonance": {
        "dmean": 0.0124642327428,
        "dmean2": 0.0223917737603,
        "dvar": 0.000306887726765,
        "dvar2": 0.000840302964207,
        "max": 0.500000119209,
        "mean": 0.486506134272,
        "median": 0.490820080042,
        "min": 0.375873923302,
        "var": 0.000243074769969
    },
    "dynamic_complexity": 6.27956962585,
    "erbbands_crest": {
        "dmean": 1.50196194649,
        "dmean2": 2.67889046669,
        "dvar": 2.31658482552,
        "dvar2": 6.11550951004,
        "max": 14.7513475418,
        "mean": 5.28463888168,
        "median": 4.61274003983,
        "min": 2.87246775627,
        "var": 5.30210399628
    },
    "erbbands_flatness_db": {
        "dmean": 0.0107590472326,
        "dmean2": 0.0188902188092,
        "dvar": 0.000120673401398,
        "dvar2": 0.000357979035471,
        "max": 0.178631737828,
        "mean": 0.141496315598,
        "median": 0.139118209481,
        "min": 0.0968142747879,
        "var": 0.000184780583368
    },
    "erbbands_kurtosis": {
        "dmean": 0.554685652256,
        "dmean2": 0.912618935108,
        "dvar": 0.400775969028,
        "dvar2": 1.0662984848,
        "max": 4.9581360817,
        "mean": -0.186926200986,
        "median": -0.40496635437,
        "min": -1.3450037241,
        "var": 0.932722866535
    },
    "erbbands_skewness": {
        "dmean": 0.40434551239,
        "dmean2": 0.662851631641,
        "dvar": 0.187717184424,
        "dvar2": 0.491021752357,
        "max": 1.3436357975,
        "mean": -0.299813717604,
        "median": -0.320248484612,
        "min": -1.76085996628,
        "var": 0.278022527695
    },
    "erbbands_spread": {
        "dmean": 7.34981775284,
        "dmean2": 12.1621246338,
        "dvar": 62.2645263672,
        "dvar2": 187.782043457,
        "max": 91.0643081665,
        "mean": 43.1534080505,
        "median": 43.1168327332,
        "min": 16.1587657928,
        "var": 94.4942398071
    },
    "hfc": {
        "dmean": 9.85200214386,
        "dmean2": 10.6423511505,
        "dvar": 122.296356201,
        "dvar2": 197.436355591,
        "max": 88.4637832642,
        "mean": 19.6176280975,
        "median": 12.7809391022,
        "min": 0.139022797346,
        "var": 444.684814453
    },
    "melbands_crest": {
        "dmean": 3.28915190697,
        "dmean2": 5.52755451202,
        "dvar": 6.60847425461,
        "dvar2": 17.5730628967,
        "max": 19.1051597595,
        "mean": 10.7948083878,
        "median": 10.7573194504,
        "min": 3.19090485573,
        "var": 16.4258270264
    },
    "melbands_flatness_db": {
        "dmean": 0.0292063467205,
        "dmean2": 0.047752391547,
        "dvar": 0.00142592086922,
        "dvar2": 0.00364565080963,
        "max": 0.24731746316,
        "mean": 0.0916327014565,
        "median": 0.086294285953,
        "min": 0.0315588004887,
        "var": 0.00183522817679
    },
    "melbands_kurtosis": {
        "dmean": 4.03486633301,
        "dmean2": 7.03895187378,
        "dvar": 43.3594970703,
        "dvar2": 113.268692017,
        "max": 29.439250946,
        "mean": 3.19459915161,
        "median": 1.45209264755,
        "min": -1.50997769833,
        "var": 35.4417686462
    },
    "melbands_skewness": {
        "dmean": 0.675791501999,
        "dmean2": 1.10456442833,
        "dvar": 0.633583545685,
        "dvar2": 1.58202672005,
        "max": 4.28446912766,
        "mean": 1.49504601955,
        "median": 1.44087851048,
        "min": -0.849170088768,
        "var": 0.991461157799
    },
    "melbands_spread": {
        "dmean": 17.5187969208,
        "dmean2": 28.241941452,
        "dvar": 449.233795166,
        "dvar2": 1110.35827637,
        "max": 177.606292725,
        "mean": 61.4558525085,
        "median": 56.8741836548,
        "min": 6.42048072815,
        "var": 863.779724121
    },
    "pitch_salience": {
        "dmean": 0.0563809648156,
        "dmean2": 0.0925925374031,
        "dvar": 0.00200059846975,
        "dvar2": 0.00606739893556,
        "max": 0.882749855518,
        "mean": 0.676510214806,
        "median": 0.673666119576,
        "min": 0.531634390354,
        "var": 0.00324456300586
    },
    "silence_rate_20dB": {
        "dmean": 0,
        "dmean2": 0,
        "dvar": 0,
        "dvar2": 0,
        "max": 1,
        "mean": 1,
        "median": 1,
        "min": 1,
        "var": 0
    },
    "silence_rate_30dB": {
        "dmean": 0,
        "dmean2": 0,
        "dvar": 0,
        "dvar2": 0,
        "max": 1,
        "mean": 1,
        "median": 1,
        "min": 1,
        "var": 0
    },
    "silence_rate_60dB": {
        "dmean": 0.10000000149,
        "dmean2": 0.201342284679,
        "dvar": 0.090000115335,
        "dvar2": 0.160803601146,
        "max": 1,
        "mean": 0.403973519802,
        "median": 0,
        "min": 0,
        "var": 0.240778759122
    },
    "spectral_centroid": {
        "dmean": 482.211669922,
        "dmean2": 791.737548828,
        "dvar": 372799.21875,
        "dvar2": 862585.75,
        "max": 4218.36572266,
        "mean": 2579.41381836,
        "median": 2534.31591797,
        "min": 554.36126709,
        "var": 679425.8125
    },
    "spectral_complexity": {
        "dmean": 7.17333316803,
        "dmean2": 7.73154354095,
        "dvar": 76.6499938965,
        "dvar2": 92.6392974854,
        "max": 58,
        "mean": 21.3907279968,
        "median": 17,
        "min": 0,
        "var": 393.814239502
    },
    "spectral_decrease": {
        "dmean": 2.17380691225e-09,
        "dmean2": 3.00055025271e-09,
        "dvar": 1.05567684906e-17,
        "dvar2": 2.53364296659e-17,
        "max": -4.11190916386e-12,
        "mean": -3.0864366618e-09,
        "median": -1.1255880672e-09,
        "min": -1.74609677828e-08,
        "var": 1.65039175078e-17
    },
    "spectral_energy": {
        "dmean": 0.00874357484281,
        "dmean2": 0.0117419101298,
        "dvar": 0.000160296753165,
        "dvar2": 0.00036937603727,
        "max": 0.0684001073241,
        "mean": 0.0134282931685,
        "median": 0.00529974419624,
        "min": 3.38327226928e-05,
        "var": 0.000284358568024
    },
    "spectral_energyband_high": {
        "dmean": 0.000624158768915,
        "dmean2": 0.000784563366324,
        "dvar": 5.89184196542e-07,
        "dvar2": 9.75178977569e-07,
        "max": 0.00548957055435,
        "mean": 0.0013223887654,
        "median": 0.000704612699337,
        "min": 1.66105164681e-05,
        "var": 1.85048133972e-06
    },
    "spectral_energyband_low": {
        "dmean": 0.000104593847936,
        "dmean2": 0.000202968745725,
        "dvar": 6.22073415002e-08,
        "dvar2": 1.768022031e-07,
        "max": 0.00117288588081,
        "mean": 5.95063393121e-05,
        "median": 3.42010457643e-06,
        "min": 2.31167174292e-08,
        "var": 3.49709132763e-08
    },
    "spectral_energyband_middle_high": {
        "dmean": 0.00232518324628,
        "dmean2": 0.00277037010528,
        "dvar": 9.78983825917e-06,
        "dvar2": 1.93767700694e-05,
        "max": 0.024807382375,
        "mean": 0.00389626412652,
        "median": 0.00173205486499,
        "min": 5.47005720364e-06,
        "var": 2.26102056331e-05
    },
    "spectral_energyband_middle_low": {
        "dmean": 0.00742733012885,
        "dmean2": 0.0115788206458,
        "dvar": 0.000152794847963,
        "dvar2": 0.000392610760173,
        "max": 0.0638974681497,
        "mean": 0.00824896991253,
        "median": 0.0024558538571,
        "min": 1.80246263426e-06,
        "var": 0.000165811507031
    },
    "spectral_entropy": {
        "dmean": 0.141854420304,
        "dmean2": 0.240163072944,
        "dvar": 0.0378266274929,
        "dvar2": 0.104593962431,
        "max": 8.64293575287,
        "mean": 8.16603279114,
        "median": 8.19368743896,
        "min": 7.33164596558,
        "var": 0.036053840071
    },
    "spectral_flux": {
        "dmean": 0.024765085429,
        "dmean2": 0.0351521298289,
        "dvar": 0.00136530294549,
        "dvar2": 0.00332883489318,
        "max": 0.251689076424,
        "mean": 0.0658288002014,
        "median": 0.0517463721335,
        "min": 0.00403286749497,
        "var": 0.00284417485818
    },
    "spectral_kurtosis": {
        "dmean": 0.517179191113,
        "dmean2": 0.86755913496,
        "dvar": 0.335439950228,
        "dvar2": 0.746781766415,
        "max": 6.72769737244,
        "mean": 2.51536798477,
        "median": 2.57777166367,
        "min": -0.00786566734314,
        "var": 0.673186123371
    },
    "spectral_rms": {
        "dmean": 0.00101147068199,
        "dmean2": 0.00125744380057,
        "dvar": 1.74880199211e-06,
        "dvar2": 3.74526484848e-06,
        "max": 0.00816895440221,
        "mean": 0.00285645341501,
        "median": 0.0022738694679,
        "min": 0.000181679759407,
        "var": 4.94144978802e-06
    },
    "spectral_rolloff": {
        "dmean": 1202.84484863,
        "dmean2": 1995.21728516,
        "dvar": 2661300.5,
        "dvar2": 5976954.5,
        "max": 11864.7949219,
        "mean": 4677.55322266,
        "median": 4155.90820312,
        "min": 473.73046875,
        "var": 5942345.5
    },
    "spectral_skewness": {
        "dmean": 0.125163272023,
        "dmean2": 0.208817377687,
        "dvar": 0.0200672615319,
        "dvar2": 0.0490642413497,
        "max": 1.80571341515,
        "mean": 1.22993373871,
        "median": 1.23648571968,
        "min": 0.720983147621,
        "var": 0.0361663736403
    },
    "spectral_spread": {
        "dmean": 496004.625,
        "dmean2": 814181.375,
        "dvar": 407017914368,
        "dvar2": 1.01935900262e+12,
        "max": 9808866,
        "mean": 5645436,
        "median": 5377999.5,
        "min": 4453335.5,
        "var": 726181412864
    },
    "spectral_strongpeak": {
        "dmean": 0.215099558234,
        "dmean2": 0.375128209591,
        "dvar": 0.117342911661,
        "dvar2": 0.319874554873,
        "max": 3.19466876984,
        "mean": 0.394687205553,
        "median": 0.34563434124,
        "min": 0.00976164173335,
        "var": 0.102168790996
    },
    "zerocrossingrate": {
        "dmean": 0.0210058595985,
        "dmean2": 0.0250006560236,
        "dvar": 0.000554000434931,
        "dvar2": 0.000789533602074,
        "max": 0.3212890625,
        "mean": 0.155545070767,
        "median": 0.138671875,
        "min": 0.02490234375,
        "var": 0.00317370309494
    },
    "barkbands": {
        "dmean": [1.20952705629e-07, 8.76795695604e-07, 2.00026697712e-05, 0.000569760682993, 0.00418656598777, 0.00175330881029, 0.000550932891201, 0.000390645116568, 0.000459066970507, 0.00027582902112, 0.000315204204526, 0.000295304402243, 0.000166276120581, 0.000261461478658, 0.000310154748149, 0.000264855247224, 0.000263411813648, 0.000306861358695, 0.000358845310984, 0.000236903506448, 0.000182501607924, 8.87689748197e-05, 5.03708288306e-05, 0.000117161594972, 0.000109831184091, 3.05819994537e-05, 3.30812099492e-06],
        "dmean2": [1.97585791284e-07, 1.60516458436e-06, 3.80204692192e-05, 0.000942966900766, 0.0066402386874, 0.00298674148507, 0.000979528995231, 0.000647475069854, 0.000724938174244, 0.000438997260062, 0.000514728133567, 0.000476427987451, 0.000245544972131, 0.000364127074135, 0.000489945989102, 0.000380736921215, 0.000399121490773, 0.000492929073516, 0.00051092664944, 0.000344334868714, 0.00025739389821, 0.00011803113739, 6.32970259176e-05, 0.000157465459779, 0.000146079226397, 4.37666676589e-05, 5.45233660887e-06],
        "dvar": [2.16744238659e-13, 3.99345834179e-12, 2.17453899332e-09, 1.14957492769e-06, 4.77110188513e-05, 9.38848552323e-06, 8.61654996243e-07, 5.94567836742e-07, 6.24201845767e-07, 1.98796925588e-07, 5.25988809841e-07, 2.75834281638e-07, 6.82683420905e-08, 1.47852091459e-07, 3.11537746711e-07, 1.86205724617e-07, 1.45442029975e-07, 2.63477630824e-07, 2.80226771565e-07, 9.72495399765e-08, 6.43897806185e-08, 1.28632455798e-08, 4.10350464719e-09, 2.73811497919e-08, 2.64142965278e-08, 2.69404276665e-09, 1.20950777172e-10],
        "dvar2": [3.07739348327e-13, 1.06709528366e-11, 6.09214767522e-09, 2.95649533655e-06, 0.000123281701235, 2.47223779297e-05, 2.39974474425e-06, 1.5574274812e-06, 1.40714701047e-06, 4.6142457677e-07, 1.45240267102e-06, 6.67039671498e-07, 1.3409325561e-07, 3.07399773192e-07, 7.11200982551e-07, 4.34156646634e-07, 3.33410298481e-07, 6.54932421185e-07, 5.67419704112e-07, 1.99299506676e-07, 1.30907423568e-07, 2.6285361443e-08, 6.26948226667e-09, 6.2491999131e-08, 5.86101087663e-08, 6.85718726245e-09, 3.42103040341e-10],
        "max": [7.09773485141e-06, 1.24196922116e-05, 0.000245700124651, 0.00528728589416, 0.0342724062502, 0.0168274920434, 0.00549502670765, 0.00524506159127, 0.00544855743647, 0.00353132281452, 0.00732347555459, 0.00400728452951, 0.00204357760958, 0.0028432640247, 0.00351401488297, 0.00290020368993, 0.00223111896776, 0.00352979497984, 0.00335762510076, 0.00186642620247, 0.00170304859057, 0.000808698241599, 0.000508407130837, 0.00119568698574, 0.00119892728981, 0.00039715654566, 0.000105038328911],
        "mean": [1.53495420818e-07, 6.25591439984e-07, 1.20380454973e-05, 0.000438938033767, 0.00447006477043, 0.00152012566105, 0.00064735225169, 0.000397278228775, 0.000601280829869, 0.000380742072593, 0.000465012097266, 0.000342774321325, 0.000229415905778, 0.000356651784386, 0.000365914194845, 0.000405387661885, 0.000351786409738, 0.000406974431826, 0.000526864256244, 0.000433660839917, 0.0003392760118, 0.000168494108948, 0.000107293846668, 0.000211035774555, 0.000196670604055, 4.75234264741e-05, 4.85644250148e-06],
        "median": [4.80926161117e-08, 3.81491105372e-08, 7.71669476762e-07, 2.1350066163e-05, 0.00115045590792, 0.000214247891563, 0.000226053147344, 0.000179260212462, 0.000199256348424, 0.000147012018715, 0.000252147787251, 0.000103089172626, 0.000102733705717, 0.000146447811858, 9.82428828138e-05, 0.000147020124132, 0.000139096053317, 0.000152207605424, 0.000216081491089, 0.000237105850829, 0.000175155728357, 8.62940360093e-05, 6.01727988396e-05, 9.57063675742e-05, 0.000100823701359, 2.20738966163e-05, 2.32186562243e-06],
        "min": [9.22909415557e-10, 2.40661490736e-09, 3.29604210592e-09, 1.71857923448e-08, 8.64685745228e-08, 1.37909111686e-07, 9.27155099362e-08, 1.76011411668e-07, 1.76929091822e-07, 4.76308855468e-07, 3.57895800107e-07, 1.9978939747e-07, 2.38484687998e-07, 5.01855083712e-07, 2.20301458853e-07, 3.8516051859e-07, 1.5816048915e-07, 3.50291031737e-07, 3.21426540495e-07, 2.36878099713e-06, 4.11063774663e-06, 1.8801688384e-06, 5.98615486069e-07, 2.93016341857e-06, 1.77490414899e-06, 3.76832616666e-07, 9.99177558469e-08],
        "var": [5.25809539138e-13, 3.48832659806e-12, 1.28513100162e-09, 9.48420961322e-07, 5.06389333168e-05, 8.13641145214e-06, 9.13851295081e-07, 5.49945866624e-07, 8.72455359513e-07, 2.90366926947e-07, 5.81008009704e-07, 3.16896006325e-07, 1.02544596814e-07, 2.61782531652e-07, 3.63259545111e-07, 3.03681929381e-07, 2.19978886662e-07, 3.45171116578e-07, 4.99641544138e-07, 2.28528790558e-07, 1.41555133837e-07, 3.46494353209e-08, 1.26915695731e-08, 5.41448166302e-08, 5.26352117447e-08, 3.58615981355e-09, 9.84879261479e-11]
    },
    "erbbands": {
        "dmean": [4.27236300311e-05, 0.000759596005082, 0.0256407484412, 0.917018651962, 12.3657712936, 12.071688652, 11.8003816605, 13.5684661865, 5.15670871735, 12.039481163, 5.68341684341, 9.61723613739, 12.8541841507, 7.43623447418, 13.1417455673, 12.8323764801, 8.2387714386, 13.4340162277, 14.144651413, 13.0701904297, 15.7339420319, 15.0468101501, 15.2990007401, 19.5618209839, 14.5444288254, 11.5612764359, 8.64049530029, 5.6308259964, 3.46164393425, 1.82432091236, 1.48015344143, 2.29623007774, 1.88019740582, 1.20202124119, 0.824818074703, 0.262611836195, 0.0304571017623, 0.0043145143427, 0.000612517644186, 3.61772363249e-05],
        "dmean2": [6.90253073117e-05, 0.00129823305178, 0.0444999150932, 1.49581897259, 19.4993000031, 18.9868850708, 21.2246170044, 23.1289234161, 8.46201610565, 19.7415943146, 9.16462993622, 16.1922588348, 19.2796630859, 11.0022754669, 22.2677841187, 20.3024082184, 11.8374347687, 18.7017173767, 21.6667861938, 18.3916721344, 21.9498653412, 22.1059150696, 24.3360309601, 28.2638626099, 20.4761810303, 17.3314437866, 12.3671503067, 7.57436466217, 4.69716405869, 2.31163883209, 1.87726807594, 3.43462944031, 2.55484747887, 1.54381597042, 1.22534894943, 0.375331193209, 0.0410012863576, 0.00669644819573, 0.000965169805568, 5.21672009199e-05],
        "dvar": [5.40164224461e-09, 2.19970775106e-06, 0.00279249530286, 2.85728740692, 420.1534729, 395.093658447, 452.804626465, 512.839355469, 73.7725753784, 387.340332031, 76.1042938232, 321.917327881, 412.846130371, 112.92817688, 888.141662598, 539.649047852, 175.334564209, 434.769256592, 552.338195801, 415.532226562, 605.443359375, 498.358184814, 770.748657227, 975.068237305, 428.469390869, 227.362838745, 150.362976074, 56.8195037842, 23.0106582642, 5.14585208893, 3.74422121048, 14.5103273392, 5.93348121643, 2.33450937271, 2.24943351746, 0.220964685082, 0.00201236037537, 0.000111972418381, 3.59335012945e-06, 1.21338388226e-08],
        "dvar2": [1.43913343464e-08, 6.08181926509e-06, 0.00773112010211, 7.54279661179, 1075.0246582, 1012.78051758, 1269.35803223, 1282.9921875, 175.191101074, 983.622253418, 201.525543213, 766.169067383, 980.522949219, 277.521026611, 2453.92651367, 1303.32287598, 371.772338867, 989.658325195, 1138.43066406, 942.550842285, 1394.17016602, 1133.68640137, 1834.15881348, 2316.62646484, 828.236694336, 462.015930176, 305.925018311, 98.2145843506, 46.4024658203, 8.23699951172, 6.54822492599, 35.1079902649, 11.0407962799, 4.3903222084, 5.65362501144, 0.580636620522, 0.004892478697, 0.000308028887957, 1.02200292531e-05, 3.50314053321e-08],
        "max": [0.000399184325943, 0.00689789978787, 0.249122068286, 8.51887226105, 102.654945374, 96.0807723999, 116.274986267, 117.89818573, 47.7888259888, 123.949211121, 59.7539253235, 115.371696472, 135.546112061, 71.7110137939, 303.734649658, 179.633270264, 104.814811707, 146.135696411, 154.111114502, 130.617095947, 162.745101929, 118.931762695, 212.267959595, 202.441375732, 149.096420288, 97.2421722412, 82.6641387939, 52.8157539368, 35.2541694641, 16.5041370392, 14.8574695587, 31.3060951233, 15.7939929962, 11.2523593903, 12.2578468323, 3.67366838455, 0.321450889111, 0.0984609425068, 0.0184232592583, 0.00105184176937],
        "mean": [4.49847211712e-05, 0.000671864661854, 0.020076232031, 0.800512611866, 12.9877901077, 12.3727216721, 9.4983549118, 12.1126050949, 6.17669677734, 14.4226589203, 7.45806598663, 12.0464296341, 16.1502475739, 11.4006118774, 18.1685466766, 15.5180597305, 11.2125310898, 17.8379364014, 18.6039581299, 17.8787784576, 23.3919773102, 20.8837451935, 21.6640892029, 26.2742328644, 23.7868595123, 21.2375278473, 16.4970741272, 11.1674547195, 6.67571592331, 3.66515374184, 3.14572072029, 4.10588979721, 3.48210382462, 2.24597907066, 1.36254954338, 0.396481871605, 0.0515016391873, 0.00708355568349, 0.000902127940208, 5.99556806264e-05],
        "median": [8.84869132278e-06, 0.000103328660771, 0.00281750783324, 0.112320020795, 3.01202464104, 3.10796189308, 1.2806429863, 1.82698893547, 1.96381211281, 6.79095602036, 3.27018618584, 4.53918218613, 5.08079767227, 5.95373535156, 8.72787475586, 5.18316507339, 4.64359807968, 6.72705507278, 7.35932636261, 4.99261713028, 9.8152551651, 8.61916637421, 7.82661104202, 10.4952058792, 9.64589214325, 11.4145288467, 9.09453010559, 4.768658638, 3.67370128632, 2.01934289932, 1.78027737141, 2.00120401382, 1.64061796665, 1.28225338459, 0.596696972847, 0.184733077884, 0.0248131081462, 0.00377958314493, 0.000430491403677, 3.2607025787e-05],
        "min": [1.20999885667e-07, 6.98504663887e-07, 5.83429527978e-06, 3.23505191773e-05, 0.000134077607072, 0.000203976844205, 0.00065381830791, 0.00183993764222, 0.00285731372423, 0.00222217990085, 0.00400868523866, 0.00469513610005, 0.0107256826013, 0.0138882016763, 0.0145165631548, 0.00846257433295, 0.0112269697711, 0.016423329711, 0.0225374568254, 0.0170127525926, 0.0168178994209, 0.0107480464503, 0.0168628543615, 0.0175303667784, 0.0284826159477, 0.142764016986, 0.182948634028, 0.115658909082, 0.0866139009595, 0.026697576046, 0.0189484152943, 0.0372965708375, 0.0533113107085, 0.02585795708, 0.00871287472546, 0.00219818716869, 0.000512022466864, 0.000148697785335, 1.66984027601e-05, 1.08855090275e-06],
        "var": [6.16030737532e-09, 1.74022716237e-06, 0.00198413804173, 2.45650649071, 445.573974609, 410.788299561, 344.288085938, 480.613464355, 93.4805755615, 461.153137207, 105.268081665, 360.052978516, 623.480773926, 191.341156006, 944.422058105, 623.055053711, 251.337463379, 686.324035645, 784.81237793, 638.50769043, 1008.05700684, 771.955810547, 1003.93066406, 1397.59143066, 903.902832031, 541.143249512, 323.074584961, 153.653839111, 56.0404853821, 15.5598125458, 10.9575891495, 21.9548397064, 14.4897651672, 6.24951553345, 3.07696795464, 0.268892943859, 0.00355105753988, 0.000114980124636, 2.96669259114e-06, 1.00725161545e-08]
    },
    "gfcc": {
        "mean": [-41.1954574585, -1.73109769821, -146.878479004, 2.73305535316, -94.9202575684, -11.2959270477, -62.519077301, -7.56674432755, -52.2919998169, -8.36918067932, -28.3320178986, -10.7739391327, -10.1952676773],
        "cov": [[11672.7070312, 2793.90258789, -415.575897217, 232.109680176, 305.124938965, -551.34979248, -1131.35644531, -142.975189209, -481.61026001, -583.137634277, -425.744354248, -68.5591506958, -294.30291748], [2793.90258789, 1329.51940918, 17.7183876038, 99.8180160522, 97.0714035034, -164.51133728, -290.985198975, -51.2276153564, -80.0795593262, -144.091690063, -105.539680481, -40.2215766907, -76.3039016724], [-415.575897217, 17.7183876038, 257.791137695, 31.8582038879, 3.35769581795, 15.1113004684, 67.8321990967, 10.7059593201, 43.6839599609, 42.9203567505, 23.764421463, -24.1516838074, 22.8241157532], [232.109680176, 99.8180160522, 31.8582038879, 83.6036224365, 43.1629943848, -6.22985887527, -19.9972877502, -5.01022672653, -12.4923286438, -5.94752264023, -8.31133174896, -8.52103614807, -21.4980831146], [305.124938965, 97.0714035034, 3.35769581795, 43.1629943848, 53.4006004333, -3.05745315552, -29.6658401489, -5.69462251663, -14.0043306351, -10.4461612701, -10.7384386063, -2.66738533974, -17.7955703735], [-551.34979248, -164.51133728, 15.1113004684, -6.22985887527, -3.05745315552, 54.5969161987, 59.8422470093, 3.67505645752, 15.0291099548, 24.6467208862, 16.1130962372, 3.67909955978, 14.9739599228], [-1131.35644531, -290.985198975, 67.8321990967, -19.9972877502, -29.6658401489, 59.8422470093, 141.073577881, 21.8939266205, 48.0308532715, 63.6794128418, 40.2005653381, -1.04729413986, 29.6083106995], [-142.975189209, -51.2276153564, 10.7059593201, -5.01022672653, -5.69462251663, 3.67505645752, 21.8939266205, 24.4920902252, 16.3325366974, 8.01055812836, -1.06100678444, -3.85976409912, 2.52728891373], [-481.61026001, -80.0795593262, 43.6839599609, -12.4923286438, -14.0043306351, 15.0291099548, 48.0308532715, 16.3325366974, 43.2620506287, 35.7181930542, 20.7107772827, 0.550073623657, 13.6082143784], [-583.137634277, -144.091690063, 42.9203567505, -5.94752264023, -10.4461612701, 24.6467208862, 63.6794128418, 8.01055812836, 35.7181930542, 65.1430892944, 36.0370979309, 4.92800617218, 20.0472640991], [-425.744354248, -105.539680481, 23.764421463, -8.31133174896, -10.7384386063, 16.1130962372, 40.2005653381, -1.06100678444, 20.7107772827, 36.0370979309, 36.4085464478, 8.38402557373, 12.3265142441], [-68.5591506958, -40.2215766907, -24.1516838074, -8.52103614807, -2.66738533974, 3.67909955978, -1.04729413986, -3.85976409912, 0.550073623657, 4.92800617218, 8.38402557373, 24.6752338409, 11.6131362915], [-294.30291748, -76.3039016724, 22.8241157532, -21.4980831146, -17.7955703735, 14.9739599228, 29.6083106995, 2.52728891373, 13.6082143784, 20.0472640991, 12.3265142441, 11.6131362915, 36.2873191833]],
        "icov": [[0.000790702819359, -0.000392619927879, -0.00062035000883, 0.000860232568812, -0.000926004955545, 0.00168638536707, 0.00360076106153, -0.00223859935068, 0.00475444551557, -0.00128889922053, 0.00197388371453, -0.000240427907556, 0.000890528259333], [-0.000392619927879, 0.00238395738415, -0.000312425545417, -0.00091360125225, -0.0015767083969, 0.00279758754186, 0.000299772131257, 0.00537655502558, -0.00598680786788, 0.00231002434157, 0.00148827990051, 0.00222339341417, -0.00131100346334], [-0.00062035000883, -0.000312425545417, 0.00838169362396, -0.00489602936432, -0.00117341871373, 0.00111108599231, -0.00614147726446, 0.00422829482704, -0.0102811921388, 0.00347309675999, -0.00535502657294, 0.0103205665946, -0.00972513947636], [0.000860232568812, -0.00091360125225, -0.00489602936432, 0.0260039828718, -0.0165207460523, 0.00280976830982, 0.00175749219488, -0.00341441109776, 0.0131938839331, -0.00663477461785, 0.00436962163076, -0.00339644146152, 0.0114036900923], [-0.000926004955545, -0.0015767083969, -0.00117341871373, -0.0165207460523, 0.0446105711162, -0.0190756488591, 0.00567241432145, -0.004631747026, 0.00193904247135, -0.00815910752863, 0.00197874335572, -0.00939879566431, 0.0116841364652], [0.00168638536707, 0.00279758754186, 0.00111108599231, 0.00280976830982, -0.0190756488591, 0.0530824065208, -0.0137200057507, 0.0139059433714, 0.00304048857652, 0.00428216159344, 0.0104917054996, 0.00235241465271, -0.00833019148558], [0.00360076106153, 0.000299772131257, -0.00614147726446, 0.00175749219488, 0.00567241432145, -0.0137200057507, 0.050158649683, -0.0227523911744, 0.0174227207899, -0.0144525244832, 0.000906454166397, 0.00725577306002, 0.00266005378217], [-0.00223859935068, 0.00537655502558, 0.00422829482704, -0.00341441109776, -0.004631747026, 0.0139059433714, -0.0227523911744, 0.090281970799, -0.0554384626448, 0.00950196571648, 0.0276729296893, 0.00771282240748, -0.00359342223965], [0.00475444551557, -0.00598680786788, -0.0102811921388, 0.0131938839331, 0.00193904247135, 0.00304048857652, 0.0174227207899, -0.0554384626448, 0.104787915945, -0.0330477245152, -0.00235319393687, -0.0112685700879, 0.0129624549299], [-0.00128889922053, 0.00231002434157, 0.00347309675999, -0.00663477461785, -0.00815910752863, 0.00428216159344, -0.0144525244832, 0.00950196571648, -0.0330477245152, 0.0586017370224, -0.0358620136976, 0.010033134371, -0.0173595342785], [0.00197388371453, 0.00148827990051, -0.00535502657294, 0.00436962163076, 0.00197874335572, 0.0104917054996, 0.000906454166397, 0.0276729296893, -0.00235319393687, -0.0358620136976, 0.0920550078154, -0.0245665218681, 0.0163559336215], [-0.000240427907556, 0.00222339341417, 0.0103205665946, -0.00339644146152, -0.00939879566431, 0.00235241465271, 0.00725577306002, 0.00771282240748, -0.0112685700879, 0.010033134371, -0.0245665218681, 0.0756206810474, -0.0349888317287], [0.000890528259333, -0.00131100346334, -0.00972513947636, 0.0114036900923, 0.0116841364652, -0.00833019148558, 0.00266005378217, -0.00359342223965, 0.0129624549299, -0.0173595342785, 0.0163559336215, -0.0349888317287, 0.0625147596002]]
    },
    "melbands": {
        "dmean": [1.74912329953e-07, 5.03102455696e-06, 0.000448759150458, 0.00104344799183, 0.00037768780021, 0.000303212669678, 8.61176667968e-05, 0.000124452461023, 4.25883663411e-05, 6.81917663314e-05, 6.28103152849e-05, 2.88630963041e-05, 4.75327433378e-05, 3.03968627122e-05, 3.11424628308e-05, 1.51194553837e-05, 2.77237031696e-05, 2.12950290006e-05, 2.63261044893e-05, 1.71487099578e-05, 1.77488218469e-05, 1.79616781679e-05, 1.16227120088e-05, 1.59029223141e-05, 1.69475788425e-05, 1.23408181025e-05, 8.24846028991e-06, 8.09327229945e-06, 5.79667857892e-06, 4.54265546068e-06, 3.00728015645e-06, 2.36610617321e-06, 1.15244267818e-06, 1.00642876077e-06, 8.31665943224e-07, 1.04286550595e-06, 1.72462250703e-06, 1.40690883654e-06, 1.21552011478e-06, 9.86164650385e-07],
        "dmean2": [3.03713051153e-07, 9.54139613896e-06, 0.000705047161318, 0.00166761339642, 0.000659400306176, 0.000517215346918, 0.000144005505717, 0.000205566087971, 6.66952619213e-05, 0.00011342203652, 9.45777501329e-05, 4.3233307224e-05, 8.09585108072e-05, 4.9679831136e-05, 5.01332833664e-05, 2.16738535528e-05, 3.92358051613e-05, 3.2071282476e-05, 4.21506192652e-05, 2.44317816396e-05, 2.47853022302e-05, 2.74955109489e-05, 1.72727086465e-05, 2.60129054368e-05, 2.55708055192e-05, 1.77923157025e-05, 1.16901810543e-05, 1.25359611047e-05, 8.3785971583e-06, 6.54205177852e-06, 4.140873898e-06, 3.32823901772e-06, 1.56158068876e-06, 1.31126648739e-06, 1.0960839063e-06, 1.45685407915e-06, 2.67536711362e-06, 1.99272722057e-06, 1.64348818998e-06, 1.29575846586e-06],
        "dvar": [1.55700322427e-13, 1.37618347273e-10, 5.6632831047e-07, 2.99694784189e-06, 4.41693458697e-07, 2.63485475216e-07, 2.05015950883e-08, 4.51123192136e-08, 3.85200227271e-09, 1.5122694208e-08, 9.91086857027e-09, 1.58002155803e-09, 1.24423014114e-08, 2.65551935996e-09, 3.34467098462e-09, 5.56870327628e-10, 1.99592808947e-09, 1.11790188217e-09, 2.49828335797e-09, 7.4941780559e-10, 7.56743889774e-10, 6.96405544343e-10, 3.56108004196e-10, 7.69462993322e-10, 7.75759956273e-10, 3.51117718234e-10, 1.26443383541e-10, 1.10357195604e-10, 6.63844049176e-11, 4.07118123935e-11, 1.61387188335e-11, 1.08567313126e-11, 2.15554180408e-12, 1.61828070475e-12, 1.32787574339e-12, 1.71522756935e-12, 1.19119583988e-11, 3.49483116058e-12, 2.42795193672e-12, 1.65229353637e-12],
        "dvar2": [3.64679098551e-13, 3.87426563053e-10, 1.43465047131e-06, 7.78016146796e-06, 1.19798346532e-06, 6.64761159896e-07, 4.98388708081e-08, 1.122540354e-07, 9.94365745299e-09, 3.51665789822e-08, 2.36988384472e-08, 3.88096799142e-09, 3.49179707371e-08, 6.18391071683e-09, 8.79859207714e-09, 9.43269351517e-10, 4.80529749325e-09, 2.40647568539e-09, 6.16169071321e-09, 1.79602488437e-09, 1.67570790577e-09, 1.62480562338e-09, 7.57680973518e-10, 1.98043803579e-09, 1.90191196126e-09, 6.6412958466e-10, 2.58093407757e-10, 2.41257208655e-10, 1.34967440002e-10, 8.28767332539e-11, 2.82922921202e-11, 2.41009261159e-11, 3.75242198425e-12, 2.85402365803e-12, 2.44560426597e-12, 3.87013771724e-12, 3.06703829001e-11, 6.92259140636e-12, 4.36252596547e-12, 3.3724021839e-12],
        "max": [3.84076702176e-06, 6.18674821453e-05, 0.00379025749862, 0.0087455669418, 0.00350069743581, 0.00261776219122, 0.000828546995763, 0.00141518155579, 0.000392826652387, 0.000793531769887, 0.000652676622849, 0.000256946368609, 0.00112798169721, 0.000326742359903, 0.000423437246354, 0.000189225756912, 0.00030640210025, 0.000241169531364, 0.000343154242728, 0.000188346093637, 0.000192622639588, 0.000148012215504, 0.000146725113154, 0.000168678016053, 0.000165549790836, 0.000141071184771, 6.46971020615e-05, 6.85970080667e-05, 5.33778111276e-05, 4.37268863607e-05, 3.21315383189e-05, 2.16664866457e-05, 1.08227059172e-05, 8.81531650521e-06, 8.73370754562e-06, 9.10770449991e-06, 3.0059421988e-05, 1.13364758363e-05, 1.10018572741e-05, 9.74353042693e-06],
        "mean": [1.45558104236e-07, 3.0317457913e-06, 0.000428215309512, 0.00111313024536, 0.000318146398058, 0.000269166223006, 0.00010545909754, 0.000147221289808, 5.78902909183e-05, 8.38533887872e-05, 7.87913741078e-05, 4.28085404565e-05, 6.83408070472e-05, 3.66436725017e-05, 3.52272254531e-05, 2.25573839998e-05, 3.46214874298e-05, 2.74619924312e-05, 2.93054163194e-05, 2.55398208537e-05, 2.63263955276e-05, 2.28045555559e-05, 1.71443061845e-05, 2.03229974431e-05, 2.14858755498e-05, 1.93606119865e-05, 1.40885731525e-05, 1.43061197377e-05, 1.08619569801e-05, 8.10820529296e-06, 5.89379988014e-06, 4.18090621679e-06, 2.35804691329e-06, 1.86655836387e-06, 1.69428506069e-06, 2.01373950404e-06, 2.77054846265e-06, 2.4500291147e-06, 2.27062764679e-06, 1.7562301764e-06],
        "median": [1.78143189089e-08, 1.91174208908e-07, 8.09521443443e-05, 0.0003063599288, 3.9539871068e-05, 3.91566209146e-05, 3.22098931065e-05, 6.76498457324e-05, 2.25095536734e-05, 2.77959425148e-05, 2.56768926192e-05, 2.18618442887e-05, 3.71849419025e-05, 1.05379776869e-05, 1.21966531879e-05, 9.34171930567e-06, 1.2406220776e-05, 1.26443956106e-05, 7.1890608524e-06, 7.65570803196e-06, 1.2708860595e-05, 9.52617483563e-06, 7.82477400207e-06, 5.72714452574e-06, 8.55781308928e-06, 7.9685178207e-06, 6.38817346044e-06, 7.07251592758e-06, 5.40042719877e-06, 4.17459523305e-06, 2.72999955087e-06, 2.24956329475e-06, 1.22577841921e-06, 9.53546418714e-07, 9.08199069727e-07, 1.16785213322e-06, 1.34502784022e-06, 1.14132740237e-06, 1.16604041978e-06, 9.513129271e-07],
        "min": [1.11643982947e-09, 1.00523833702e-09, 9.02353480825e-09, 9.46084632858e-09, 2.58317918167e-08, 4.72627519343e-08, 3.95449895052e-08, 2.39645583378e-08, 3.84697074196e-08, 2.76918150632e-08, 4.53853274962e-08, 5.68226958819e-08, 5.81149812717e-08, 2.14486526318e-08, 1.51784256275e-08, 2.86038162045e-08, 2.83712680016e-08, 3.10013739124e-08, 1.66719225092e-08, 2.6505873052e-08, 1.376839176e-08, 8.65103189085e-09, 1.34162512211e-08, 1.24560397552e-08, 1.31161259631e-08, 1.04985939942e-08, 2.72477773677e-08, 9.86814185922e-08, 6.13847106479e-08, 1.26960998159e-07, 2.66099604573e-08, 3.93120522801e-08, 1.10922950824e-08, 6.86220058554e-09, 8.44799963318e-09, 1.51451082786e-08, 1.88037319049e-08, 4.26338466752e-08, 2.07698374055e-08, 1.62332565168e-08],
        "var": [2.0372024651e-13, 8.10707126431e-11, 5.73597105813e-07, 3.12865040542e-06, 3.64355429383e-07, 2.42405889139e-07, 2.60420343068e-08, 5.14522717765e-08, 6.15118889158e-09, 1.78266343909e-08, 1.47537955186e-08, 2.67098831941e-09, 1.31244073387e-08, 3.33954908172e-09, 3.33801497554e-09, 9.54514467466e-10, 2.86065104937e-09, 1.62794522307e-09, 2.57379961788e-09, 1.19062637527e-09, 1.29035448992e-09, 9.85725057134e-10, 5.68189439942e-10, 9.07440511622e-10, 1.00231478672e-09, 6.66968646978e-10, 2.81446643768e-10, 2.44488651546e-10, 1.40538941595e-10, 8.59480958626e-11, 4.37017089183e-11, 2.32993190713e-11, 6.51612184349e-12, 4.22573217737e-12, 3.42576227802e-12, 4.36805539655e-12, 1.3476633004e-11, 7.43938070868e-12, 6.35717303452e-12, 4.08087539455e-12]
    },
    "mfcc": {
        "mean": [-678.549133301, 41.1042785645, -23.4147644043, -8.34266662598, -26.6918392181, -25.0255012512, -14.5467100143, -26.464138031, -17.6495723724, -18.2737808228, -25.6389541626, -16.2900123596, -17.7451438904],
        "cov": [[11768.3457031, 2010.43005371, -824.986877441, 275.7918396, 494.301757812, -745.243225098, -752.646911621, -242.495346069, -707.161621094, -781.779785156, -252.117767334, -761.882080078, -610.42956543], [2010.43005371, 878.621887207, 22.6195602417, 137.035018921, 136.148925781, -112.382171631, -142.57699585, -39.8426170349, -90.7673034668, -115.330093384, -12.7703056335, -100.169662476, -111.010452271], [-824.986877441, 22.6195602417, 268.826965332, 53.9258880615, -6.09923505783, 70.1900100708, 76.0164337158, 18.5231266022, 81.6419525146, 101.279396057, 23.0166759491, 80.9742736816, 52.0648231506], [275.7918396, 137.035018921, 53.9258880615, 100.230621338, 49.5202903748, 0.711698412895, -4.0815243721, 0.607123196125, -10.3447999954, 3.14924097061, 17.2947044373, -5.95316648483, -10.8979492188], [494.301757812, 136.148925781, -6.09923505783, 49.5202903748, 70.0067214966, -14.969666481, -28.6372261047, -3.02648711205, -30.2734088898, -30.7155590057, 1.73406326771, -23.3627986908, -31.4392585754], [-745.243225098, -112.382171631, 70.1900100708, 0.711698412895, -14.969666481, 85.2942276001, 67.4767837524, 15.8021268845, 44.7287025452, 52.48695755, 20.3122177124, 53.2314491272, 39.2809371948], [-752.646911621, -142.57699585, 76.0164337158, -4.0815243721, -28.6372261047, 67.4767837524, 81.5098724365, 22.7516975403, 50.7117080688, 65.5660324097, 17.8932533264, 47.9129142761, 40.3602294922], [-242.495346069, -39.8426170349, 18.5231266022, 0.607123196125, -3.02648711205, 15.8021268845, 22.7516975403, 42.3392372131, 25.7148475647, 16.8925819397, 6.32540464401, 15.4824428558, 6.76426696777], [-707.161621094, -90.7673034668, 81.6419525146, -10.3447999954, -30.2734088898, 44.7287025452, 50.7117080688, 25.7148475647, 80.2053451538, 61.1030807495, 18.0338935852, 55.8691520691, 39.3200912476], [-781.779785156, -115.330093384, 101.279396057, 3.14924097061, -30.7155590057, 52.48695755, 65.5660324097, 16.8925819397, 61.1030807495, 92.6762161255, 26.1346969604, 58.9269866943, 42.2489891052], [-252.117767334, -12.7703056335, 23.0166759491, 17.2947044373, 1.73406326771, 20.3122177124, 17.8932533264, 6.32540464401, 18.0338935852, 26.1346969604, 39.6975250244, 28.3285083771, 12.7615432739], [-761.882080078, -100.169662476, 80.9742736816, -5.95316648483, -23.3627986908, 53.2314491272, 47.9129142761, 15.4824428558, 55.8691520691, 58.9269866943, 28.3285083771, 83.1219177246, 49.2373580933], [-610.42956543, -111.010452271, 52.0648231506, -10.8979492188, -31.4392585754, 39.2809371948, 40.3602294922, 6.76426696777, 39.3200912476, 42.2489891052, 12.7615432739, 49.2373580933, 58.3719482422]],
