{
"lowlevel": {
    "average_loudness": 0.98995912075,
    "barkbands_crest": {
        "dmean": 3.07382178307,
        "dmean2": 4.88636636734,
        "dvar": 7.79182243347,
        "dvar2": 21.0929222107,
        "max": 22.0464725494,
        "mean": 7.74790143967,
        "median": 6.67460536957,
        "min": 2.48420929909,
        "var": 16.7078800201
    },
    "barkbands_flatness_db": {
        "dmean": 0.0225306693465,
        "dmean2": 0.0351070538163,
        "dvar": 0.000382452708436,
        "dvar2": 0.00101388408802,
        "max": 0.189429059625,
        "mean": 0.0756556689739,
        "median": 0.0700396299362,
        "min": 0.0205966290087,
        "var": 0.000968263251707
    },
    "barkbands_kurtosis": {
        "dmean": 2.721170187,
        "dmean2": 4.18492984772,
        "dvar": 21.1077785492,
        "dvar2": 50.7930297852,
        "max": 39.7726745605,
        "mean": 2.05125713348,
        "median": 0.263849973679,
        "min": -1.67255544662,
        "var": 31.2897529602
    },
    "barkbands_skewness": {
        "dmean": 0.65198379755,
        "dmean2": 0.99868118763,
        "dvar": 0.441405087709,
        "dvar2": 1.00022029877,
        "max": 5.54364967346,
        "mean": 0.733710646629,
        "median": 0.659862101078,
        "min": -2.01936197281,
        "var": 2.28598713875
    },
    "barkbands_spread": {
        "dmean": 12.3579235077,
        "dmean2": 19.04180336,
        "dvar": 152.65737915,
        "dvar2": 372.408172607,
        "max": 104.384101868,
        "mean": 43.7787017822,
        "median": 39.5972709656,
        "min": 6.74885940552,
        "var": 443.002410889
    },
    "dissonance": {
        "dmean": 0.00793632399291,
        "dmean2": 0.0131930820644,
        "dvar": 5.98089536652e-05,
        "dvar2": 0.000168913102243,
        "max": 0.5,
        "mean": 0.486322969198,
        "median": 0.48917722702,
        "min": 0.448930591345,
        "var": 0.000139751558891
    },
    "dynamic_complexity": 19.7310962677,
    "erbbands_crest": {
        "dmean": 2.06746673584,
        "dmean2": 3.36536645889,
        "dvar": 3.38036227226,
        "dvar2": 9.11197948456,
        "max": 13.1062526703,
        "mean": 6.23459911346,
        "median": 5.58581161499,
        "min": 2.96935296059,
        "var": 5.43685770035
    },
    "erbbands_flatness_db": {
        "dmean": 0.0167947076261,
        "dmean2": 0.0278052408248,
        "dvar": 0.000453385029687,
        "dvar2": 0.00102782715112,
        "max": 0.222168892622,
        "mean": 0.109908476472,
        "median": 0.103742673993,
        "min": 0.0278461016715,
        "var": 0.0023840109352
    },
    "erbbands_kurtosis": {
        "dmean": 0.806660294533,
        "dmean2": 1.37725353241,
        "dvar": 0.785918593407,
        "dvar2": 2.03623127937,
        "max": 4.15879917145,
        "mean": 0.18182939291,
        "median": -0.0128519535065,
        "min": -1.54399168491,
        "var": 1.35074234009
    },
    "erbbands_skewness": {
        "dmean": 0.348998099566,
        "dmean2": 0.564735174179,
        "dvar": 0.104791782796,
        "dvar2": 0.268637061119,
        "max": 1.67854368687,
        "mean": -0.143463894725,
        "median": -0.252945542336,
        "min": -2.06102800369,
        "var": 0.651640832424
    },
    "erbbands_spread": {
        "dmean": 9.02473926544,
        "dmean2": 14.9804754257,
        "dvar": 98.6164932251,
        "dvar2": 209.567123413,
        "max": 109.171760559,
        "mean": 47.7255973816,
        "median": 42.5922317505,
        "min": 13.7355051041,
        "var": 548.145019531
    },
    "hfc": {
        "dmean": 80.4374313354,
        "dmean2": 136.217071533,
        "dvar": 209481.25,
        "dvar2": 574016,
        "max": 3809.87817383,
        "mean": 65.3223800659,
        "median": 0.0326674282551,
        "min": 0.00736422371119,
        "var": 161734.203125
    },
    "melbands_crest": {
        "dmean": 3.66879272461,
        "dmean2": 6.21543550491,
        "dvar": 11.8724746704,
        "dvar2": 27.4709415436,
        "max": 28.9731655121,
        "mean": 10.8772792816,
        "median": 9.16304779053,
        "min": 2.60842013359,
        "var": 45.0378265381
    },
    "melbands_flatness_db": {
        "dmean": 0.0251890160143,
        "dmean2": 0.0370994731784,
        "dvar": 0.000570160220377,
        "dvar2": 0.00114178156946,
        "max": 0.303290754557,
        "mean": 0.1133723557,
        "median": 0.109042525291,
        "min": 0.0198738984764,
        "var": 0.00465914374217
    },
    "melbands_kurtosis": {
        "dmean": 6.95231723785,
        "dmean2": 10.1428937912,
        "dvar": 132.051071167,
        "dvar2": 295.164215088,
        "max": 98.7688064575,
        "mean": 12.0827322006,
        "median": 2.78529834747,
        "min": -1.57390022278,
        "var": 383.219329834
    },
    "melbands_skewness": {
        "dmean": 0.777117788792,
        "dmean2": 1.21322107315,
        "dvar": 0.610458731651,
        "dvar2": 1.16105186939,
        "max": 8.01845169067,
        "mean": 2.20005393028,
        "median": 1.87777554989,
        "min": -0.768087148666,
        "var": 4.10410404205
    },
    "melbands_spread": {
        "dmean": 16.6366653442,
        "dmean2": 27.4055976868,
        "dvar": 596.10144043,
        "dvar2": 1354.48657227,
        "max": 196.369537354,
        "mean": 52.1028060913,
        "median": 50.1746749878,
        "min": 2.63299059868,
        "var": 1527.96801758
    },
    "pitch_salience": {
        "dmean": 0.0973120629787,
        "dmean2": 0.165809422731,
        "dvar": 0.00750528555363,
        "dvar2": 0.0199861507863,
        "max": 0.919242322445,
        "mean": 0.678106606007,
        "median": 0.709432721138,
        "min": 0.235102012753,
        "var": 0.0151892257854
    },
    "silence_rate_20dB": {
        "dmean": 0,
        "dmean2": 0,
        "dvar": 0,
        "dvar2": 0,
        "max": 1,
        "mean": 1,
        "median": 1,
        "min": 1,
        "var": 0
    },
    "silence_rate_30dB": {
        "dmean": 0.0202020201832,
        "dmean2": 0.0408163256943,
        "dvar": 0.0197939202189,
        "dvar2": 0.0391503944993,
        "max": 1,
        "mean": 0.959999978542,
        "median": 1,
        "min": 0,
        "var": 0.0384000129998
    },
    "silence_rate_60dB": {
        "dmean": 0.0606060624123,
        "dmean2": 0.122448980808,
        "dvar": 0.0569329597056,
        "dvar2": 0.127863362432,
        "max": 1,
        "mean": 0.839999973774,
        "median": 1,
        "min": 0,
        "var": 0.134400114417
    },
    "spectral_centroid": {
        "dmean": 350.1222229,
        "dmean2": 584.703552246,
        "dvar": 224207.78125,
        "dvar2": 490441.875,
        "max": 4138.61181641,
        "mean": 2228.16699219,
        "median": 2395.83349609,
        "min": 303.412414551,
        "var": 1280143.5
    },
    "spectral_complexity": {
        "dmean": 2.12121200562,
        "dmean2": 3.0612244606,
        "dvar": 30.6519641876,
        "dvar2": 59.3635864258,
        "max": 62,
        "mean": 5.92000007629,
        "median": 0,
        "min": 0,
        "var": 216.993713379
    },
    "spectral_decrease": {
        "dmean": 1.17557763524e-09,
        "dmean2": 1.88704318838e-09,
        "dvar": 2.9996467452e-17,
        "dvar2": 7.97591038553e-17,
        "max": -3.39607655149e-13,
        "mean": -1.3854227765e-09,
        "median": -5.0506248489e-12,
        "min": -4.99490866446e-08,
        "var": 3.68019139621e-17
    },
    "spectral_energy": {
        "dmean": 0.0117323882878,
        "dmean2": 0.0192151460797,
        "dvar": 0.00382152991369,
        "dvar2": 0.0104226935655,
        "max": 0.534086763859,
        "mean": 0.0111538358033,
        "median": 2.22836861212e-05,
        "min": 2.10409780266e-06,
        "var": 0.00344946561381
    },
    "spectral_energyband_high": {
        "dmean": 0.00876243971288,
        "dmean2": 0.014682944864,
        "dvar": 0.00245196837932,
        "dvar2": 0.00667365733534,
        "max": 0.415862232447,
        "mean": 0.00739182112738,
        "median": 1.78498817149e-06,
        "min": 2.06822647897e-07,
        "var": 0.00197057169862
    },
    "spectral_energyband_low": {
        "dmean": 2.14333558688e-05,
        "dmean2": 4.07766092394e-05,
        "dvar": 7.45662109836e-09,
        "dvar2": 2.22587637211e-08,
        "max": 0.000683637859765,
        "mean": 1.79609214683e-05,
        "median": 3.16175851367e-06,
        "min": 1.73715989149e-07,
        "var": 4.88313167679e-09
    },
    "spectral_energyband_middle_high": {
        "dmean": 0.00264599081129,
        "dmean2": 0.00440618349239,
        "dvar": 0.000128459621919,
        "dvar2": 0.000360482081305,
        "max": 0.103475220501,
        "mean": 0.00316932587884,
        "median": 3.58724810212e-06,
        "min": 1.07743225897e-07,
        "var": 0.00016377621796
    },
    "spectral_energyband_middle_low": {
        "dmean": 0.000340441154549,
        "dmean2": 0.000432952510891,
        "dvar": 1.70341672856e-06,
        "dvar2": 2.72021543424e-06,
        "max": 0.015000987798,
        "mean": 0.000573789642658,
        "median": 9.13638723432e-06,
        "min": 5.84343581522e-07,
        "var": 4.70811346531e-06
    },
    "spectral_entropy": {
        "dmean": 0.130207315087,
        "dmean2": 0.201003521681,
        "dvar": 0.0158027969301,
        "dvar2": 0.0356724150479,
        "max": 8.54780101776,
        "mean": 8.07646274567,
        "median": 8.10845375061,
        "min": 7.17566490173,
        "var": 0.0507701188326
    },
    "spectral_flux": {
        "dmean": 0.0181531328708,
        "dmean2": 0.0249803625047,
        "dvar": 0.00440559582785,
        "dvar2": 0.0105530926958,
        "max": 0.682169377804,
        "mean": 0.0335601493716,
        "median": 0.00308204395697,
        "min": 0.000994868809357,
        "var": 0.00862911250442
    },
    "spectral_kurtosis": {
        "dmean": 0.954849541187,
        "dmean2": 1.44162905216,
        "dvar": 2.07985186577,
        "dvar2": 3.32294178009,
        "max": 13.8384456635,
        "mean": 4.43965864182,
        "median": 3.92287683487,
        "min": 0.799154043198,
        "var": 5.80686998367
    },
    "spectral_rms": {
        "dmean": 0.000648239743896,
        "dmean2": 0.000976481474936,
        "dvar": 5.219499144e-06,
        "dvar2": 1.39003932418e-05,
        "max": 0.0228267442435,
        "mean": 0.00117023894563,
        "median": 0.000147444530739,
        "min": 4.53075990663e-05,
        "var": 9.51233141677e-06
    },
    "spectral_rolloff": {
        "dmean": 3033.35424805,
        "dmean2": 5066.67480469,
        "dvar": 18988554,
        "dvar2": 47315608,
        "max": 19099.9511719,
        "mean": 5485.36914062,
        "median": 4694.23828125,
        "min": 107.666015625,
        "var": 21452866
    },
    "spectral_skewness": {
        "dmean": 0.174065425992,
        "dmean2": 0.256810694933,
        "dvar": 0.0635273084044,
        "dvar2": 0.0958715155721,
        "max": 2.92658758163,
        "mean": 1.50587999821,
        "median": 1.4283208847,
        "min": 0.707556784153,
        "var": 0.239528849721
    },
    "spectral_spread": {
        "dmean": 722395.6875,
        "dmean2": 1090030.375,
        "dvar": 784556818432,
        "dvar2": 1.53267693158e+12,
        "max": 11867063,
        "mean": 6395331,
        "median": 5586505.5,
        "min": 3010392.25,
        "var": 5.49923219046e+12
    },
    "spectral_strongpeak": {
        "dmean": 0.562656581402,
        "dmean2": 0.87032365799,
        "dvar": 2.47193455696,
        "dvar2": 4.36681270599,
        "max": 14.9937200546,
        "mean": 0.698056101799,
        "median": 0.0143971238285,
        "min": 0,
        "var": 4.72717142105
    },
    "zerocrossingrate": {
        "dmean": 0.0286606289446,
        "dmean2": 0.0359384976327,
        "dvar": 0.00104849971831,
        "dvar2": 0.00151663739234,
        "max": 0.337890625,
        "mean": 0.18017578125,
        "median": 0.17724609375,
        "min": 0.05810546875,
        "var": 0.00313139916398
    },
    "barkbands": {
        "dmean": [1.16934179459e-05, 6.17894374955e-06, 6.32182354821e-06, 2.4623117497e-05, 0.000102605226857, 0.000147679093061, 4.18492309109e-05, 5.63022258575e-05, 0.000126709608594, 0.000170925777638, 0.000108787826321, 0.000133479639771, 0.000102205194707, 0.000143984958413, 0.00018099504814, 0.000168125945493, 0.000345876498614, 0.00067479594145, 0.000599419407081, 0.00171686091926, 0.00122527591884, 0.000883639673702, 0.000778997084126, 0.00140132778324, 0.00251200445928, 0.000805049203336, 0.000142264587339],
        "dmean2": [2.26549509534e-05, 1.23339050333e-05, 1.172069733e-05, 4.56209418189e-05, 0.000116891824291, 0.000240562221734, 8.06115349405e-05, 0.000110949273221, 0.000221145601245, 0.000284463079879, 0.000179849521373, 0.000241256930167, 0.000137224211358, 0.000266329967417, 0.000317424361128, 0.000299467879813, 0.000595247023739, 0.00133365998045, 0.00097870558966, 0.00323984655552, 0.00229261559434, 0.00140865682624, 0.00117400637828, 0.00231739482842, 0.00431222654879, 0.00150731264148, 0.00028515746817],
        "dvar": [4.26248458751e-09, 1.62934066239e-09, 3.08694791951e-10, 9.23388299157e-09, 1.69168146158e-07, 5.3989248272e-07, 3.71560204826e-08, 7.50343360778e-08, 1.91851000864e-07, 4.28403211572e-07, 1.86057320661e-07, 3.45990116557e-07, 1.25933439676e-07, 3.32348179199e-07, 5.12522774443e-07, 3.63322953945e-07, 1.24711971239e-06, 1.23313211589e-05, 7.10113818059e-06, 5.71665696043e-05, 5.28392156411e-05, 2.32507991313e-05, 1.63219574461e-05, 6.50275615044e-05, 0.000231423196965, 2.71348526439e-05, 9.64684545579e-07],
        "dvar2": [1.26475878659e-08, 4.8982768952e-09, 9.28258803157e-10, 2.76441838309e-08, 2.76079248351e-07, 1.35719699301e-06, 8.19803105401e-08, 2.32389496091e-07, 6.18234651029e-07, 9.53809944804e-07, 3.29258540432e-07, 1.02439855709e-06, 3.18195560567e-07, 7.17697332675e-07, 1.24070754737e-06, 9.49438913267e-07, 3.47760965269e-06, 3.72653594241e-05, 1.96613473236e-05, 0.000175785637111, 0.000152801192598, 4.70400154882e-05, 3.96404357161e-05, 0.00016927246179, 0.000627442263067, 7.8897603089e-05, 2.89512217932e-06],
        "max": [0.000475770793855, 0.000289237883408, 0.000140958174597, 0.000760239490774, 0.00453425664455, 0.00653720134869, 0.00154389790259, 0.0021411315538, 0.00357187539339, 0.00639301352203, 0.00413006404415, 0.00470458576456, 0.00359721807763, 0.00526893045753, 0.00638705585152, 0.00461856136099, 0.0070067178458, 0.0289009064436, 0.0232600662857, 0.0604626424611, 0.0567792952061, 0.0418048985302, 0.0354852862656, 0.0676113590598, 0.123623862863, 0.0397883467376, 0.00703832414001],
        "mean": [7.03479554431e-06, 3.3895632896e-06, 5.4875040405e-06, 2.30451059906e-05, 0.000126439859741, 0.000128065032186, 5.49550059077e-05, 4.75591332361e-05, 0.00012683463865, 0.000226682095672, 0.000166961312061, 0.000158220267622, 0.000128730709548, 0.00020873331232, 0.000272697972832, 0.000198613270186, 0.000362753838999, 0.000607792288065, 0.000566591159441, 0.00163477519527, 0.000842387962621, 0.000992209184915, 0.000755130371545, 0.00110963720363, 0.0018051317893, 0.000493391416967, 7.26974249119e-05],
        "median": [1.35350057917e-06, 2.82014383401e-07, 6.23145297141e-07, 2.52394784184e-06, 1.91486651602e-06, 1.60673062055e-06, 5.83788562381e-07, 3.18650393183e-07, 6.08606001151e-07, 3.02082469261e-07, 1.44270643432e-07, 3.15746262913e-07, 2.5682749083e-07, 3.05647120058e-07, 1.86410190395e-07, 2.21485663587e-07, 3.07681091272e-07, 3.75136352204e-07, 3.69991425941e-07, 4.08745449931e-07, 3.37396897976e-07, 1.22375240608e-07, 7.9969559863e-08, 1.37341643835e-07, 1.32448747081e-07, 8.35412947708e-08, 4.23667415816e-07],
        "min": [3.44906823102e-08, 1.6629284616e-08, 2.05539194553e-08, 2.22459561883e-08, 9.13278412895e-08, 8.00549599944e-08, 1.81018542378e-08, 1.47981582543e-08, 1.51639643065e-08, 6.34298968905e-09, 7.82480835682e-09, 3.30940541637e-09, 5.70076874595e-09, 3.49661744004e-09, 7.93836374413e-09, 7.02706381972e-09, 4.43299486008e-09, 4.43779146764e-09, 9.69546576357e-09, 5.76719427769e-09, 4.33187885562e-09, 4.05488798094e-09, 5.08729458559e-09, 5.6975442142e-09, 7.45515915668e-09, 1.62311106777e-08, 1.89275482398e-07],
        "var": [2.22844609432e-09, 8.25849888475e-10, 2.74239769782e-10, 6.42640296533e-09, 3.06285841134e-07, 4.83222606817e-07, 5.01098149641e-08, 5.28107726439e-08, 2.4138188337e-07, 7.99025372089e-07, 4.14955053429e-07, 4.52881181445e-07, 2.58755392224e-07, 6.13894883372e-07, 1.01735145108e-06, 5.39909990493e-07, 1.58055763677e-06, 9.32427792577e-06, 7.10957283445e-06, 5.48378702661e-05, 3.30777620547e-05, 2.87990642391e-05, 1.67144880834e-05, 5.21746878803e-05, 0.000164574521477, 1.59878763952e-05, 4.90246804929e-07]
    },
    "erbbands": {
        "dmean": [0.000351386610419, 0.000886203488335, 0.0046748733148, 0.0373176597059, 0.304391145706, 0.23497647047, 0.598632097244, 1.43055164814, 1.04363179207, 0.681121587753, 1.22549021244, 2.2596745491, 5.1317987442, 3.18133211136, 5.39655828476, 4.41202068329, 4.6396150589, 5.06522941589, 8.89359951019, 8.83780574799, 13.0023870468, 18.9701652527, 27.9570674896, 42.3637542725, 27.9044914246, 70.4043655396, 73.1701812744, 40.3333473206, 31.2493839264, 25.5319633484, 22.2518119812, 20.230009079, 33.8855171204, 33.5607719421, 11.2003984451, 5.98867559433, 0.757442951202, 0.126836568117, 0.0166563466191, 0.0023104052525],
        "dmean2": [0.000701953540556, 0.00174285832327, 0.00859158299863, 0.0618742927909, 0.448209404945, 0.343423128128, 0.919190704823, 2.35993003845, 1.79625618458, 1.35115861893, 2.31365656853, 4.24665212631, 9.18609523773, 4.91766405106, 10.3973150253, 7.70300960541, 6.52583885193, 8.62149238586, 15.1263809204, 14.2340335846, 23.6602592468, 33.3233947754, 51.7574577332, 80.4478302002, 46.8690948486, 131.77784729, 142.198455811, 68.7325286865, 53.864566803, 40.8937072754, 33.2185173035, 32.2825622559, 57.56690979, 58.3211631775, 18.1842632294, 11.1370820999, 1.3666459322, 0.24568323791, 0.0331129133701, 0.00462046591565],
        "dvar": [5.32462945557e-06, 2.93643970508e-05, 0.000224598974455, 0.0119375325739, 1.56481468678, 0.959427416325, 7.65174198151, 56.8463401794, 20.6223373413, 11.0578556061, 35.2729301453, 81.3325119019, 427.434295654, 197.25302124, 576.007873535, 362.169708252, 289.318328857, 319.594848633, 1062.91760254, 1454.40527344, 1953.54577637, 3943.22265625, 17375.1386719, 43650.9296875, 19391.9960938, 101210.6875, 145935.609375, 49236.1328125, 30510.3378906, 20043.7910156, 12892.1044922, 12658.0996094, 40072.9804688, 41843.7304688, 4330.97851562, 1481.33349609, 22.607793808, 0.716682970524, 0.0129949562252, 0.000252923549851],
        "dvar2": [1.59708124556e-05, 8.80197549122e-05, 0.000644628540613, 0.0306805185974, 3.27882051468, 1.4433838129, 17.833070755, 143.713928223, 48.5571556091, 31.9477119446, 109.520957947, 259.153106689, 917.125549316, 326.08895874, 1481.49523926, 985.909912109, 687.171569824, 678.613342285, 2231.63256836, 3377.70703125, 5376.12841797, 11167.5419922, 50399.2304688, 133154.609375, 54632.3125, 307373.125, 447219.0625, 131845.890625, 55111.6367188, 52261.2773438, 29192.8730469, 32471.9609375, 106786.867188, 115068.257812, 11072.4248047, 4277.09326172, 64.0486526489, 2.11363863945, 0.0388615317643, 0.000758470618166],
        "max": [0.0165159273893, 0.0396121628582, 0.126948356628, 1.06142091751, 11.7363519669, 9.62996482849, 25.8941249847, 65.446182251, 40.0737419128, 28.0612678528, 47.514919281, 69.9341049194, 175.586090088, 136.714294434, 190.701217651, 166.347854614, 177.649612427, 186.706085205, 300.698822021, 351.400970459, 333.382507324, 374.813201904, 1110.84338379, 1760.984375, 1184.43847656, 2598.59106445, 2987.85644531, 1864.27893066, 1465.03686523, 1209.58154297, 1003.59655762, 964.34942627, 1646.79724121, 1651.84082031, 548.573425293, 295.629089355, 37.4176521301, 6.27122068405, 0.823634922504, 0.114229999483],
        "mean": [0.000189165832126, 0.000555752078071, 0.00461363047361, 0.0430252030492, 0.310820966959, 0.340273886919, 0.543631494045, 1.22787868977, 1.08360803127, 0.810262143612, 1.18329405785, 2.48201155663, 5.96347045898, 7.19269752502, 7.70916604996, 5.99221420288, 6.30381345749, 8.60463905334, 12.6722106934, 13.8228359222, 13.6534118652, 20.0983695984, 25.6382827759, 39.6372108459, 25.4166069031, 69.3430404663, 56.9136734009, 32.9728240967, 38.8558731079, 22.0785713196, 23.0656242371, 17.5140953064, 25.2472171783, 23.9967212677, 8.56856918335, 3.70626211166, 0.496851354837, 0.0705730691552, 0.00871801003814, 0.00119291606825],
        "median": [1.90324390132e-05, 5.14217317686e-05, 0.000539431814104, 0.00562308263034, 0.00658980198205, 0.00692065060139, 0.0127201834694, 0.0100309969857, 0.00613045226783, 0.00806471519172, 0.00801343005151, 0.0147150624543, 0.0122523372993, 0.00772318104282, 0.00932426284999, 0.0146126644686, 0.0119565296918, 0.0124624511227, 0.0111725600436, 0.0108367670327, 0.0137358624488, 0.0173639282584, 0.0201791971922, 0.0228688903153, 0.0205313824117, 0.0187280587852, 0.0209220685065, 0.0124185793102, 0.00524736382067, 0.00294853327796, 0.00244681793265, 0.00278980983421, 0.00216746446677, 0.00135140528437, 0.00104879378341, 0.000375538365915, 0.000152010426973, 8.75490513863e-05, 4.79636291857e-05, 8.6149038907e-06],
        "min": [8.49607090458e-07, 2.84869565803e-06, 3.20080180245e-05, 0.000118351941637, 0.000132672823383, 0.000252131285379, 0.000462919124402, 0.000394432834582, 0.000324796041241, 0.00037178749335, 0.000369438523194, 0.000416046357714, 0.000248651631409, 0.000275702215731, 0.000149061597767, 0.00021499855211, 0.000304584769765, 0.0001695946994, 0.000350136397174, 0.000370929919882, 0.000381564546842, 0.000239655128098, 0.000272620993201, 0.000525165873114, 0.000419275776949, 0.000298018101603, 0.000236112275161, 0.000129184874822, 0.000135653579491, 0.000130813146825, 0.00015210325364, 0.000109030988824, 9.62704361882e-05, 6.77497810102e-05, 6.45898326184e-05, 3.22373016388e-05, 3.28411842929e-05, 3.7083918869e-05, 2.04281786864e-05, 3.67590928363e-06],
        "var": [2.69299334832e-06, 1.55154048116e-05, 0.000207613979001, 0.0150638492778, 1.93260860443, 2.00148200989, 7.77601909637, 48.5571098328, 24.403181076, 11.1030416489, 27.4552078247, 89.7882537842, 642.52130127, 680.366638184, 933.37322998, 618.955322266, 631.376037598, 832.264404297, 2209.10253906, 2821.68554688, 2570.79345703, 4846.72216797, 14191.8603516, 37779.046875, 16407.9882812, 99481.640625, 98653.4921875, 39375.671875, 41799.15625, 17294.0839844, 14658.0546875, 11179.3066406, 29786.6855469, 29081.8300781, 3440.17993164, 885.339538574, 14.4804153442, 0.391267091036, 0.0067159361206, 0.000129127685796]
    },
    "gfcc": {
        "mean": [-259.67199707, 14.4218568802, -101.277839661, 14.6277084351, -56.5376815796, -8.00697040558, -34.1898803711, -4.69598531723, -26.1730232239, -10.0708723068, -14.3521604538, -9.72370624542, -6.66253852844],
        "cov": [[27201.5, -3465.34790039, -7155.54296875, 1641.86486816, -3351.97290039, 1228.93029785, -1591.53186035, 316.941558838, -1688.79760742, -230.468734741, -813.831665039, -6.33280611038, 63.9203109741], [-3465.34790039, 845.83001709, 784.730529785, -289.311035156, 477.195343018, -172.06312561, 203.571456909, -113.357185364, 203.928253174, -11.7489471436, 88.4587860107, -30.8909168243, -35.3939628601], [-7155.54296875, 784.730529785, 2676.50024414, -563.910888672, 927.635314941, -282.032684326, 333.999023438, -21.5067119598, 383.72845459, 135.515289307, 146.091522217, 39.5880012512, -66.8263626099], [1641.86486816, -289.311035156, -563.910888672, 397.384796143, -260.246520996, 67.3957290649, -34.0846595764, 5.69239759445, -102.74747467, -81.998664856, -62.2086143494, -33.5650558472, 22.2388305664], [-3351.97290039, 477.195343018, 927.635314941, -260.246520996, 568.911010742, -141.613372803, 228.924880981, -49.7173843384, 230.457229614, 44.1302680969, 104.94153595, 8.65835189819, -17.2365322113], [1228.93029785, -172.06312561, -282.032684326, 67.3957290649, -141.613372803, 142.655929565, -80.2958145142, 30.831829071, -94.453125, -12.6545171738, -43.7359580994, -2.97954654694, -10.2562246323], [-1591.53186035, 203.571456909, 333.999023438, -34.0846595764, 228.924880981, -80.2958145142, 190.559829712, -23.7215614319, 131.776824951, -1.5539175272, 45.3313865662, -11.9414186478, 3.32348179817], [316.941558838, -113.357185364, -21.5067119598, 5.69239759445, -49.7173843384, 30.831829071, -23.7215614319, 59.7041358948, -6.59707355499, 18.4848136902, -15.7092580795, 8.83010005951, 2.43082046509], [-1688.79760742, 203.928253174, 383.72845459, -102.74747467, 230.457229614, -94.453125, 131.776824951, -6.59707355499, 166.57119751, 37.9622116089, 65.0713500977, 9.04641914368, 10.9950113297], [-230.468734741, -11.7489471436, 135.515289307, -81.998664856, 44.1302680969, -12.6545171738, -1.5539175272, 18.4848136902, 37.9622116089, 68.0378036499, 21.2882957458, 23.4934196472, 7.68402576447], [-813.831665039, 88.4587860107, 146.091522217, -62.2086143494, 104.94153595, -43.7359580994, 45.3313865662, -15.7092580795, 65.0713500977, 21.2882957458, 85.6757736206, 26.5554141998, 17.6254787445], [-6.33280611038, -30.8909168243, 39.5880012512, -33.5650558472, 8.65835189819, -2.97954654694, -11.9414186478, 8.83010005951, 9.04641914368, 23.4934196472, 26.5554141998, 47.1068344116, 19.3880558014], [63.9203109741, -35.3939628601, -66.8263626099, 22.2388305664, -17.2365322113, -10.2562246323, 3.32348179817, 2.43082046509, 10.9950113297, 7.68402576447, 17.6254787445, 19.3880558014, 33.3977775574]],
        "icov": [[0.000599159975536, 0.000483854033519, 0.00104030943476, -0.000207907491131, 0.000190998660401, -0.000291664502583, 0.000433731940575, 1.33381681735e-05, 0.00176585372537, -0.00150769471657, 0.00198197877035, -0.00182174495421, 0.00132805074099], [0.000483854033519, 0.00456303823739, 0.000627899018582, 0.0021717583295, -0.000677936768625, -3.28147980326e-05, 0.000650709669571, 0.00509918946773, -0.00168425170705, 0.00281419767998, 0.00186614401173, 0.00067902111914, 0.00145208765753], [0.00104030943476, 0.000627899018582, 0.0029477996286, -0.00034749135375, -0.0012351720361, 0.000671575020533, 0.000623175583314, -0.00140720768832, 0.00355041702278, -0.00348747731186, 0.00383191928267, -0.00449097622186, 0.00463161431253], [-0.000207907491131, 0.0021717583295, -0.00034749135375, 0.00729962112382, 0.0019257212989, -0.000750457053073, -0.00289328652434, 0.00257924874313, -0.00178269925527, 0.00706431549042, 0.000402788806241, 0.00420241849497, -0.00568348076195], [0.000190998660401, -0.000677936768625, -0.0012351720361, 0.0019257212989, 0.00998166576028, -0.002351985313, -0.00460675591603, 0.00411376729608, -0.00424449425191, 0.000159159724717, -0.00105277181137, -0.00169216748327, 0.00264912121929], [-0.000291664502583, -3.28147980326e-05, 0.000671575020533, -0.000750457053073, -0.002351985313, 0.0148117737845, -0.000256725208601, -0.00722518516704, 0.00691687921062, -0.000778249173891, -0.000994335510768, -0.0010605318239, 0.00529542472214], [0.000433731940575, 0.000650709669571, 0.000623175583314, -0.00289328652434, -0.00460675591603, -0.000256725208601, 0.0187490265816, 0.0010521246586, -0.0100037958473, 0.00412275642157, 0.00217889132909, 0.00261846696958, -0.00169085594825], [1.33381681735e-05, 0.00509918946773, -0.00140720768832, 0.00257924874313, 0.00411376729608, -0.00722518516704, 0.0010521246586, 0.0339528098702, -0.0128985345364, -0.000579183688387, 0.00658416841179, -0.00198573549278, 0.000231284560869], [0.00176585372537, -0.00168425170705, 0.00355041702278, -0.00178269925527, -0.00424449425191, 0.00691687921062, -0.0100037958473, -0.0128985345364, 0.0383740030229, -0.0164356529713, -0.00129689800087, -0.0015201731585, -0.00229046563618], [-0.00150769471657, 0.00281419767998, -0.00348747731186, 0.00706431549042, 0.000159159724717, -0.000778249173891, 0.00412275642157, -0.000579183688387, -0.0164356529713, 0.0365191735327, -0.00443497719243, 0.00131730420981, -0.00775463599712], [0.00198197877035, 0.00186614401173, 0.00383191928267, 0.000402788806241, -0.00105277181137, -0.000994335510768, 0.00217889132909, 0.00658416841179, -0.00129689800087, -0.00443497719243, 0.0305380262434, -0.0162579324096, -0.0011920920806], [-0.00182174495421, 0.00067902111914, -0.00449097622186, 0.00420241849497, -0.00169216748327, -0.0010605318239, 0.00261846696958, -0.00198573549278, -0.0015201731585, 0.00131730420981, -0.0162579324096, 0.0503563582897, -0.0293486081064], [0.00132805074099, 0.00145208765753, 0.00463161431253, -0.00568348076195, 0.00264912121929, 0.00529542472214, -0.00169085594825, 0.000231284560869, -0.00229046563618, -0.00775463599712, -0.0011920920806, -0.0293486081064, 0.0653408095241]]
    },
    "melbands": {
        "dmean": [2.97186102216e-06, 2.08880578612e-06, 1.47361834024e-05, 1.8786842702e-05, 1.85222252185e-05, 3.13345699396e-05, 1.45787871588e-05, 8.72208602232e-06, 9.54478309723e-06, 1.65920428117e-05, 2.59091702901e-05, 1.28067404148e-05, 1.64467419381e-05, 1.85853441508e-05, 1.03121019492e-05, 8.4554148998e-06, 1.08123940663e-05, 1.50396226672e-05, 1.4611457118e-05, 8.45839895192e-06, 1.82801250048e-05, 2.03562176466e-05, 2.16658154386e-05, 3.06334586639e-05, 3.53934374289e-05, 1.95261600311e-05, 1.91485851246e-05, 6.02924847044e-05, 5.48729803995e-05, 4.07375773648e-05, 1.71194224095e-05, 1.94103540707e-05, 1.84837081179e-05, 1.22056171676e-05, 1.14195454444e-05, 1.17405743367e-05, 1.42063536259e-05, 2.04463103728e-05, 3.67434586224e-05, 2.51891924563e-05],
        "dmean2": [5.91035131947e-06, 3.93412892663e-06, 2.39175096794e-05, 2.44336879405e-05, 2.69280662906e-05, 5.18450797244e-05, 2.48977230513e-05, 1.74440829142e-05, 1.73208445631e-05, 3.07734553644e-05, 4.67211175419e-05, 2.1714673494e-05, 2.96741272905e-05, 3.35813456331e-05, 1.71667452378e-05, 1.25591732285e-05, 1.964119474e-05, 2.57254978351e-05, 2.76007140201e-05, 1.38483046612e-05, 3.30735347234e-05, 3.49521105818e-05, 3.77560318157e-05, 5.97040452703e-05, 6.75707997289e-05, 3.13173004542e-05, 3.27177585859e-05, 0.00011341519712, 0.000105676954263, 7.88939141785e-05, 2.6195179089e-05, 3.12696029141e-05, 2.71486751444e-05, 2.00350004889e-05, 1.84245673154e-05, 1.87945024663e-05, 2.31319208979e-05, 3.26514273183e-05, 6.61957528791e-05, 4.34990251961e-05],
        "dvar": [3.63442692608e-10, 6.0175045502e-11, 3.28960814144e-09, 5.34449728917e-09, 7.29157623169e-09, 2.6184297397e-08, 4.00496125152e-09, 1.67446601029e-09, 1.98531502349e-09, 3.63351282395e-09, 1.09326201425e-08, 3.57063090206e-09, 5.39474376282e-09, 6.22854479104e-09, 1.85934367902e-09, 8.20733869755e-10, 1.59946200728e-09, 3.26081273094e-09, 3.61191476728e-09, 1.17279796985e-09, 3.85284737447e-09, 4.19415790986e-09, 5.73397462844e-09, 2.67006381449e-08, 2.99412548088e-08, 7.42529326914e-09, 1.20159278083e-08, 6.73364866088e-08, 6.12508017639e-08, 6.82893244175e-08, 7.59331175715e-09, 1.03532631357e-08, 1.00510426648e-08, 4.64637750497e-09, 3.31284111255e-09, 3.93311827551e-09, 6.49517994944e-09, 1.35567601589e-08, 5.26040082605e-08, 2.34032331292e-08],
        "dvar2": [1.0886909152e-09, 1.79123924027e-10, 8.3314750654e-09, 8.16971379436e-09, 1.60380313474e-08, 6.60958647813e-08, 9.27922627625e-09, 5.11354336652e-09, 6.20832230069e-09, 1.17086944584e-08, 2.36500845574e-08, 6.55712639741e-09, 1.17062857186e-08, 2.02380920911e-08, 4.29591784368e-09, 1.5609684656e-09, 3.73985065139e-09, 6.43609965323e-09, 9.57488666131e-09, 2.54850429648e-09, 1.06124629085e-08, 1.1514335263e-08, 1.64718141349e-08, 7.97610155701e-08, 9.16673243978e-08, 1.96933633845e-08, 3.39721673015e-08, 2.06738292263e-07, 1.90531395106e-07, 2.00526415028e-07, 1.81432504576e-08, 1.80296133578e-08, 2.37621922139e-08, 1.2450244391e-08, 6.56506982111e-09, 1.01031707445e-08, 1.68835843084e-08, 3.38892327534e-08, 1.48278274992e-07, 6.41069419771e-08],
        "max": [0.000136882750667, 6.12304356764e-05, 0.000517945038155, 0.000779313617386, 0.00081487785792, 0.00141438120045, 0.000566602568142, 0.000329391885316, 0.000360449397704, 0.00043799643754, 0.000874084013049, 0.000537599087693, 0.000645200372674, 0.000557641906198, 0.000388066633604, 0.000312437885441, 0.000381744845072, 0.000548377574887, 0.000535520375706, 0.000302581611322, 0.000465655233711, 0.000434089044575, 0.000564312562346, 0.00135721720289, 0.00145587010775, 0.000754807260819, 0.000913532392588, 0.00206951773725, 0.00194264424499, 0.0019586624112, 0.000769971695263, 0.000919517886359, 0.00087005016394, 0.000576602527872, 0.000505454605445, 0.000535074679647, 0.000685780192725, 0.000984740327112, 0.00180618965533, 0.0012405134039],
        "mean": [1.64661673807e-06, 1.73131184056e-06, 1.49825318658e-05, 2.48610922426e-05, 1.82537532964e-05, 2.74485319096e-05, 1.55056914082e-05, 8.8320366558e-06, 1.00714760265e-05, 1.77680922206e-05, 2.98312097584e-05, 2.89730032819e-05, 2.5606033887e-05, 1.86955658137e-05, 1.4073553757e-05, 1.31139067889e-05, 1.67491562024e-05, 2.0467557988e-05, 2.12882187043e-05, 1.37251336128e-05, 1.75777950062e-05, 2.15773561649e-05, 1.89335114555e-05, 2.85832429654e-05, 3.30714101437e-05, 1.91117524082e-05, 1.77095171239e-05, 5.87475333305e-05, 4.57808127976e-05, 2.47530970228e-05, 1.65203055076e-05, 2.3480535674e-05, 1.70334133145e-05, 1.03645224954e-05, 1.35806785693e-05, 1.01110044852e-05, 1.1971665117e-05, 1.66031895787e-05, 2.44662678597e-05, 1.8250220819e-05],
        "median": [1.98963817866e-07, 1.99058874273e-07, 1.02057754248e-06, 4.80411358694e-07, 4.15816032273e-07, 2.21429218072e-07, 1.11598673413e-07, 8.93462654972e-08, 6.16041120338e-08, 9.17137583656e-08, 6.05016765576e-08, 3.09024486e-08, 2.41182096516e-08, 3.99737132284e-08, 2.80610308323e-08, 2.58841019729e-08, 2.44123885551e-08, 1.98249665573e-08, 1.5321820257e-08, 1.69541571893e-08, 1.6104625189e-08, 1.66415521363e-08, 1.84505370981e-08, 1.72506453566e-08, 1.6179718898e-08, 1.32764226279e-08, 1.5237965556e-08, 1.17354126417e-08, 8.80442030393e-09, 9.21620202377e-09, 5.74947822685e-09, 2.91634427718e-09, 1.71931513471e-09, 1.47702361453e-09, 1.22684307158e-09, 1.78752790347e-09, 1.70837666236e-09, 1.6011068027e-09, 1.18764331702e-09, 1.15631570985e-09],
        "min": [8.01445843024e-09, 1.31341169052e-08, 1.78539121265e-08, 1.56274886365e-08, 1.84954700444e-08, 9.83326842174e-09, 5.42457367914e-09, 4.09880218655e-09, 2.2838011482e-09, 2.53400722627e-09, 1.1609962991e-09, 9.77236069843e-10, 7.17068404654e-10, 3.02967512189e-10, 5.02436869887e-10, 5.16853337906e-10, 2.72678712943e-10, 4.7071524456e-10, 5.32274002651e-10, 4.89769391709e-10, 3.27311927562e-10, 2.2680984868e-10, 2.91348167814e-10, 2.19182769157e-10, 4.21341406209e-10, 2.28129806712e-10, 2.86549700634e-10, 1.67380748151e-10, 1.75940720326e-10, 7.48185680077e-11, 7.52092416123e-11, 8.00340696494e-11, 8.64708721293e-11, 6.45573386415e-11, 9.39734401406e-11, 7.28732699184e-11, 6.62766785897e-11, 6.05193326009e-11, 6.94172774818e-11, 5.45905785854e-11],
        "var": [1.84813012116e-10, 4.23954343853e-11, 3.29652416475e-09, 1.07269251259e-08, 8.23444157305e-09, 2.29696883736e-08, 4.87697882079e-09, 1.43166800637e-09, 1.75157888194e-09, 4.46856240899e-09, 1.61488404871e-08, 1.11016893456e-08, 1.02023882675e-08, 6.38055874802e-09, 3.61666430138e-09, 2.34812569389e-09, 3.31831984113e-09, 6.28374596801e-09, 6.23218854301e-09, 2.7062785346e-09, 4.60229854227e-09, 5.72146419131e-09, 5.41247757724e-09, 2.01701482183e-08, 2.64076689405e-08, 7.67373897759e-09, 9.46965528215e-09, 6.86251766524e-08, 4.85202384937e-08, 3.82812004318e-08, 8.03742672417e-09, 1.49336170097e-08, 9.87699166899e-09, 3.84374221341e-09, 4.55923299114e-09, 3.41373662671e-09, 5.56141044328e-09, 1.14917906302e-08, 3.37197363365e-08, 1.65028914978e-08]
    },
    "mfcc": {
        "mean": [-905.379272461, 61.2372932434, 5.55675649643, 17.1678752899, -2.95201349258, -3.99175024033, -1.37999546528, -3.67926311493, -4.30682468414, -3.25614595413, -7.18872785568, -4.37869358063, -8.4807767868],
        "cov": [[32205.5410156, -5276.10644531, -4616.12304688, -1324.13293457, -1778.09753418, -694.402404785, -249.986938477, -317.098419189, -558.757080078, -586.213134766, -1078.33068848, -879.13873291, -661.897949219], [-5276.10644531, 1331.39819336, 680.161621094, 121.447731018, 307.006622314, 117.664497375, 10.7859430313, 7.28555822372, 58.1640815735, 59.6222877502, 168.996109009, 155.01612854, 92.4328918457], [-4616.12304688, 680.161621094, 1106.89978027, 186.518035889, 301.505767822, 103.160118103, 40.6867294312, 40.1367988586, 104.18661499, 46.4403419495, 171.832748413, 106.804252625, 111.289916992], [-1324.13293457, 121.447731018, 186.518035889, 245.838317871, 49.3132705688, 40.7176170349, 28.0355587006, 36.7884674072, 46.9013366699, 20.6350460052, 36.2232131958, 41.5239219666, -14.8896474838], [-1778.09753418, 307.006622314, 301.505767822, 49.3132705688, 182.189788818, 61.5551452637, 28.3278331757, 13.573340416, 28.3378314972, 27.2823295593, 65.3754653931, 48.3190803528, 49.3933296204], [-694.402404785, 117.664497375, 103.160118103, 40.7176170349, 61.5551452637, 79.0120315552, 30.722650528, 24.9127597809, 23.0089797974, 12.6090593338, 24.3336639404, 18.3636264801, 7.09916543961], [-249.986938477, 10.7859430313, 40.6867294312, 28.0355587006, 28.3278331757, 30.722650528, 54.2756996155, 20.8824768066, 6.41950082779, 5.32221794128, 10.0232906342, 0.52649384737, -1.51415526867], [-317.098419189, 7.28555822372, 40.1367988586, 36.7884674072, 13.573340416, 24.9127597809, 20.8824768066, 54.1372909546, 20.1654663086, 12.516415596, 10.9048480988, 5.21591854095, -9.19828987122], [-558.757080078, 58.1640815735, 104.18661499, 46.9013366699, 28.3378314972, 23.0089797974, 6.41950082779, 20.1654663086, 64.0545120239, 28.2325572968, 35.5325012207, 21.1015968323, 4.47194004059], [-586.213134766, 59.6222877502, 46.4403419495, 20.6350460052, 27.2823295593, 12.6090593338, 5.32221794128, 12.516415596, 28.2325572968, 49.9710502625, 27.5632839203, 21.2929096222, 18.2631511688], [-1078.33068848, 168.996109009, 171.832748413, 36.2232131958, 65.3754653931, 24.3336639404, 10.0232906342, 10.9048480988, 35.5325012207, 27.5632839203, 70.3708343506, 39.290473938, 35.2925109863], [-879.13873291, 155.01612854, 106.804252625, 41.5239219666, 48.3190803528, 18.3636264801, 0.52649384737, 5.21591854095, 21.1015968323, 21.2929096222, 39.290473938, 60.0615615845, 18.640537262], [-661.897949219, 92.4328918457, 111.289916992, -14.8896474838, 49.3933296204, 7.09916543961, -1.51415526867, -9.19828987122, 4.47194004059, 18.2631511688, 35.2925109863, 18.640537262, 74.4361801147]],
