{
"lowlevel": {
    "average_loudness": 0.99068403244,
    "barkbands_crest": {
        "dmean": 4.14816761017,
        "dmean2": 6.85674667358,
        "dvar": 11.1916942596,
        "dvar2": 25.6114597321,
        "max": 23.2974643707,
        "mean": 10.2005796432,
        "median": 9.05902862549,
        "min": 4.29443788528,
        "var": 19.9595375061
    },
    "barkbands_flatness_db": {
        "dmean": 0.0279706921428,
        "dmean2": 0.0449640154839,
        "dvar": 0.000497800705489,
        "dvar2": 0.00118441297673,
        "max": 0.217161118984,
        "mean": 0.100707739592,
        "median": 0.0921627357602,
        "min": 0.0403469353914,
        "var": 0.00169986230321
    },
    "barkbands_kurtosis": {
        "dmean": 1.91541278362,
        "dmean2": 2.86415147781,
        "dvar": 5.91668891907,
        "dvar2": 14.8655080795,
        "max": 12.9948778152,
        "mean": 1.2420694828,
        "median": 0.945342063904,
        "min": -1.72137641907,
        "var": 7.48557090759
    },
    "barkbands_skewness": {
        "dmean": 0.584287643433,
        "dmean2": 0.915654242039,
        "dvar": 0.311316639185,
        "dvar2": 0.682106137276,
        "max": 3.71419215202,
        "mean": 0.998293161392,
        "median": 0.965103149414,
        "min": -1.01660919189,
        "var": 0.704142332077
    },
    "barkbands_spread": {
        "dmean": 16.2936344147,
        "dmean2": 27.6393508911,
        "dvar": 293.542572021,
        "dvar2": 540.117980957,
        "max": 117.040855408,
        "mean": 61.7614479065,
        "median": 69.9581985474,
        "min": 7.07526493073,
        "var": 1235.31201172
    },
    "dissonance": {
        "dmean": 0.0248452909291,
        "dmean2": 0.0451418422163,
        "dvar": 0.000579709245358,
        "dvar2": 0.00160190660972,
        "max": 0.497484147549,
        "mean": 0.471805602312,
        "median": 0.480968475342,
        "min": 0.375430196524,
        "var": 0.000585505971685
    },
    "dynamic_complexity": 10.1564836502,
    "erbbands_crest": {
        "dmean": 3.03378248215,
        "dmean2": 4.88452529907,
        "dvar": 8.83675098419,
        "dvar2": 18.3822555542,
        "max": 23.9074821472,
        "mean": 9.68455123901,
        "median": 7.52901697159,
        "min": 2.84218502045,
        "var": 37.1130828857
    },
    "erbbands_flatness_db": {
        "dmean": 0.022065974772,
        "dmean2": 0.0377522036433,
        "dvar": 0.000633039802779,
        "dvar2": 0.00112567690667,
        "max": 0.288178175688,
        "mean": 0.105416305363,
        "median": 0.0707914754748,
        "min": 0.0314348451793,
        "var": 0.00518338242546
    },
    "erbbands_kurtosis": {
        "dmean": 1.9543582201,
        "dmean2": 3.24452829361,
        "dvar": 7.33461523056,
        "dvar2": 19.7299518585,
        "max": 17.2402935028,
        "mean": 2.07579636574,
        "median": 0.836276292801,
        "min": -1.33759200573,
        "var": 13.8298892975
    },
    "erbbands_skewness": {
        "dmean": 0.348598510027,
        "dmean2": 0.551384150982,
        "dvar": 0.0993750095367,
        "dvar2": 0.226482510567,
        "max": 2.13351178169,
        "mean": 0.770666658878,
        "median": 0.759423136711,
        "min": -0.186677917838,
        "var": 0.279215216637
    },
    "erbbands_spread": {
        "dmean": 9.35798358917,
        "dmean2": 16.2718429565,
        "dvar": 90.0945739746,
        "dvar2": 213.702774048,
        "max": 84.128364563,
        "mean": 41.0230522156,
        "median": 46.2618103027,
        "min": 4.81873226166,
        "var": 511.276580811
    },
    "hfc": {
        "dmean": 4.79316473007,
        "dmean2": 7.119556427,
        "dvar": 228.554107666,
        "dvar2": 372.931335449,
        "max": 132.631637573,
        "mean": 9.75626087189,
        "median": 2.08080625534,
        "min": 0.0427825711668,
        "var": 604.18371582
    },
    "melbands_crest": {
        "dmean": 5.27974033356,
        "dmean2": 9.07427597046,
        "dvar": 15.1533412933,
        "dvar2": 39.7041397095,
        "max": 30.6593227386,
        "mean": 13.0802288055,
        "median": 12.9696798325,
        "min": 5.71845006943,
        "var": 25.3398132324
    },
    "melbands_flatness_db": {
        "dmean": 0.0248163715005,
        "dmean2": 0.0405124388635,
        "dvar": 0.00043697541696,
        "dvar2": 0.00107567326631,
        "max": 0.289663851261,
        "mean": 0.173225775361,
        "median": 0.167567402124,
        "min": 0.0878674760461,
        "var": 0.00191914173774
    },
    "melbands_kurtosis": {
        "dmean": 3.94401597977,
        "dmean2": 6.61952066422,
        "dvar": 20.7891902924,
        "dvar2": 41.7666320801,
        "max": 34.0614814758,
        "mean": 8.02163887024,
        "median": 7.03788089752,
        "min": -0.702252388,
        "var": 53.8836708069
    },
    "melbands_skewness": {
        "dmean": 0.649396896362,
        "dmean2": 1.10563182831,
        "dvar": 0.267463833094,
        "dvar2": 0.563804924488,
        "max": 4.22801399231,
        "mean": 1.85602605343,
        "median": 2.37938761711,
        "min": -0.908636450768,
        "var": 1.78016734123
    },
    "melbands_spread": {
        "dmean": 6.38028907776,
        "dmean2": 10.8354349136,
        "dvar": 33.6359367371,
        "dvar2": 64.9506378174,
        "max": 63.5382156372,
        "mean": 24.100528717,
        "median": 22.3981227875,
        "min": 7.07899951935,
        "var": 92.0029067993
    },
    "pitch_salience": {
        "dmean": 0.128625527024,
        "dmean2": 0.208072558045,
        "dvar": 0.00945719238371,
        "dvar2": 0.023742262274,
        "max": 0.815891444683,
        "mean": 0.56782335043,
        "median": 0.581723093987,
        "min": 0.163606986403,
        "var": 0.0165518783033
    },
    "silence_rate_20dB": {
        "dmean": 0,
        "dmean2": 0,
        "dvar": 0,
        "dvar2": 0,
        "max": 1,
        "mean": 1,
        "median": 1,
        "min": 1,
        "var": 0
    },
    "silence_rate_30dB": {
        "dmean": 0.0333333350718,
        "dmean2": 0.0677966102958,
        "dvar": 0.0322222448885,
        "dvar2": 0.0632002949715,
        "max": 1,
        "mean": 0.967213094234,
        "median": 1,
        "min": 0,
        "var": 0.0317119397223
    },
    "silence_rate_60dB": {
        "dmean": 0.0666666701436,
        "dmean2": 0.135593220592,
        "dvar": 0.0622221641243,
        "dvar2": 0.151106178761,
        "max": 1,
        "mean": 0.803278684616,
        "median": 1,
        "min": 0,
        "var": 0.158021956682
    },
    "spectral_centroid": {
        "dmean": 252.608917236,
        "dmean2": 437.048461914,
        "dvar": 66856.5390625,
        "dvar2": 146429.546875,
        "max": 2631.9765625,
        "mean": 1281.84338379,
        "median": 1221.79125977,
        "min": 479.869476318,
        "var": 177560.84375
    },
    "spectral_complexity": {
        "dmean": 1.16666662693,
        "dmean2": 1.79661011696,
        "dvar": 5.30555582047,
        "dvar2": 7.92473745346,
        "max": 22,
        "mean": 3.55737709999,
        "median": 1,
        "min": 0,
        "var": 33.9844055176
    },
    "spectral_decrease": {
        "dmean": 1.24489429876e-09,
        "dmean2": 1.58133550698e-09,
        "dvar": 1.46294451761e-17,
        "dvar2": 2.02010393059e-17,
        "max": -1.47437162305e-12,
        "mean": -2.13357131962e-09,
        "median": -9.6725134846e-11,
        "min": -3.45324444595e-08,
        "var": 4.24592701779e-17
    },
    "spectral_energy": {
        "dmean": 0.00512441853061,
        "dmean2": 0.00659497827291,
        "dvar": 0.000249521282967,
        "dvar2": 0.000349500769516,
        "max": 0.142363488674,
        "mean": 0.00893751438707,
        "median": 0.000535123981535,
        "min": 9.44513067225e-06,
        "var": 0.000719221192412
    },
    "spectral_energyband_high": {
        "dmean": 4.50396510132e-05,
        "dmean2": 6.27322224318e-05,
        "dvar": 8.71747829478e-09,
        "dvar2": 1.71484977329e-08,
        "max": 0.000886774389073,
        "mean": 0.000101802201243,
        "median": 6.10826100456e-05,
        "min": 1.40841621032e-06,
        "var": 1.83075297144e-08
    },
    "spectral_energyband_low": {
        "dmean": 0.000418197771069,
        "dmean2": 0.000595647608861,
        "dvar": 1.68527731148e-06,
        "dvar2": 2.22238395509e-06,
        "max": 0.0101886540651,
        "mean": 0.000590009847656,
        "median": 0.000109988330223,
        "min": 4.21280537921e-06,
        "var": 3.44241902894e-06
    },
    "spectral_energyband_middle_high": {
        "dmean": 0.00374833727255,
        "dmean2": 0.0059911236167,
        "dvar": 0.000162017153343,
        "dvar2": 0.000297204620438,
        "max": 0.103568963706,
        "mean": 0.00594279589131,
        "median": 5.35938925168e-05,
        "min": 6.13348277057e-07,
        "var": 0.000370690686395
    },
    "spectral_energyband_middle_low": {
        "dmean": 0.00123171834275,
        "dmean2": 0.00162480433937,
        "dvar": 1.5501769667e-05,
        "dvar2": 1.94742769963e-05,
        "max": 0.0330244526267,
        "mean": 0.00241975369863,
        "median": 0.000127817242173,
        "min": 6.88966508733e-07,
        "var": 4.88904806843e-05
    },
    "spectral_entropy": {
        "dmean": 0.185297310352,
        "dmean2": 0.263344407082,
        "dvar": 0.0215374268591,
        "dvar2": 0.0479985028505,
        "max": 8.5257730484,
        "mean": 7.8427438736,
        "median": 8.04322910309,
        "min": 6.41506099701,
        "var": 0.327026158571
    },
    "spectral_flux": {
        "dmean": 0.0146389901638,
        "dmean2": 0.0265332441777,
        "dvar": 0.000911693030503,
        "dvar2": 0.00170971476473,
        "max": 0.235285550356,
        "mean": 0.0351293981075,
        "median": 0.0163210723549,
        "min": 0.00845073442906,
        "var": 0.00233305478469
    },
    "spectral_kurtosis": {
        "dmean": 1.47343611717,
        "dmean2": 2.24415373802,
        "dvar": 2.50379681587,
        "dvar2": 5.48815155029,
        "max": 21.0151233673,
        "mean": 7.9612493515,
        "median": 6.15661144257,
        "min": 2.17640972137,
        "var": 22.1783161163
    },
    "spectral_rms": {
        "dmean": 0.000539322558325,
        "dmean2": 0.000729377032258,
        "dvar": 1.26327290673e-06,
        "dvar2": 1.53984319695e-06,
        "max": 0.0117852110416,
        "mean": 0.00168135249987,
        "median": 0.00072254560655,
        "min": 9.59935496212e-05,
        "var": 5.89258024775e-06
    },
    "spectral_rolloff": {
        "dmean": 3464.33300781,
        "dmean2": 6207.03808594,
        "dvar": 35319480,
        "dvar2": 69330416,
        "max": 20456.5429688,
        "mean": 10553.3847656,
        "median": 15525.4394531,
        "min": 43.06640625,
        "var": 77854784
    },
    "spectral_skewness": {
        "dmean": 0.198741868138,
        "dmean2": 0.31204611063,
        "dvar": 0.0369944907725,
        "dvar2": 0.110037975013,
        "max": 3.51945829391,
        "mean": 2.2653901577,
        "median": 2.08519291878,
        "min": 1.23839640617,
        "var": 0.278480291367
    },
    "spectral_spread": {
        "dmean": 744964.125,
        "dmean2": 1117535.375,
        "dvar": 996082450432,
        "dvar2": 1.98606271283e+12,
        "max": 11724492,
        "mean": 7904836.5,
        "median": 9036637,
        "min": 2506212.75,
        "var": 7.10964097843e+12
    },
    "spectral_strongpeak": {
        "dmean": 0.368453174829,
        "dmean2": 0.52424800396,
        "dvar": 1.0821737051,
        "dvar2": 2.18317389488,
        "max": 8.12442493439,
        "mean": 0.629265964031,
        "median": 0,
        "min": 0,
        "var": 2.3253467083
    },
    "zerocrossingrate": {
        "dmean": 0.0521321631968,
        "dmean2": 0.0732587426901,
        "dvar": 0.00261059892364,
        "dvar2": 0.00304361921735,
        "max": 0.3974609375,
        "mean": 0.215604186058,
        "median": 0.21337890625,
        "min": 0.03564453125,
        "var": 0.0106308776885
    },
    "barkbands": {
        "dmean": [0.000240224602749, 2.94541114272e-05, 0.000187102545169, 0.000299551174976, 0.000423709570896, 0.000426434038673, 0.000351061025867, 9.43467530305e-05, 0.000229875629884, 0.000293421122478, 0.000638634082861, 0.00350193469785, 5.39393113286e-05, 1.94997937797e-05, 1.34414640343e-05, 1.49287316162e-05, 9.09055506781e-06, 7.36975634936e-05, 6.02622458246e-06, 5.69986423216e-06, 2.17628330574e-05, 3.72933072867e-06, 1.25502253923e-06, 3.95496635974e-06, 4.249318863e-06, 3.86524561691e-06, 9.00060240383e-06],
        "dmean2": [0.000417592353188, 5.15450119565e-05, 0.000228512435569, 0.000407232029829, 0.000603249412961, 0.000619661994278, 0.000681544246618, 0.000157384129125, 0.000364896579413, 0.00032386436942, 0.000813939259388, 0.00623241486028, 6.88784202794e-05, 3.49197071046e-05, 1.92377283383e-05, 2.53837497439e-05, 1.52461234393e-05, 9.8550641269e-05, 9.87102339423e-06, 8.95160428627e-06, 3.14819917548e-05, 6.48078730592e-06, 2.16884086512e-06, 6.52817197988e-06, 7.61463570598e-06, 5.76075808567e-06, 1.5015034478e-05],
        "dvar": [8.96655976135e-08, 8.68119687247e-10, 3.8274686176e-07, 9.74614977167e-07, 2.0556058189e-06, 1.10002133624e-06, 1.10581402168e-06, 7.16060313266e-08, 5.68024518088e-07, 9.35647562983e-07, 4.38525012214e-06, 0.0001347141515, 2.95304314335e-08, 2.56599363979e-09, 9.35768129651e-10, 1.71986291875e-09, 7.08213987455e-10, 3.47814399504e-08, 1.7401070862e-10, 1.84947224202e-10, 3.90560739305e-09, 1.22927987234e-10, 7.12791631274e-12, 9.20216611244e-11, 1.11405794312e-10, 1.01099656424e-10, 6.0442019445e-11],
        "dvar2": [2.60286043385e-07, 3.07198844141e-09, 7.05183083483e-07, 1.48221874952e-06, 3.08229687107e-06, 2.03819354283e-06, 3.70162661056e-06, 1.90576542991e-07, 1.1098189816e-06, 1.70891155449e-06, 6.16156785327e-06, 0.0003423000162, 5.62067583587e-08, 6.78824285671e-09, 2.05061301273e-09, 4.60973170746e-09, 1.52498835782e-09, 7.99198716095e-08, 4.35878805272e-10, 3.99024174813e-10, 7.96427368499e-09, 3.14937909085e-10, 1.90921150417e-11, 1.89119983562e-10, 2.46029890905e-10, 1.42002312686e-10, 1.25953872332e-10],
        "max": [0.00152835261542, 0.000193014318938, 0.00512543972582, 0.00818231143057, 0.0111452853307, 0.00868931412697, 0.00509468698874, 0.00196039746515, 0.00630824780092, 0.00865940190852, 0.0182204693556, 0.0798307582736, 0.00145304878242, 0.000354554678779, 0.000238052642089, 0.000208387398743, 0.000171530700754, 0.00135519658215, 8.59798819874e-05, 0.00010112128075, 0.000540885259397, 7.94580846559e-05, 1.52040192916e-05, 6.05265013292e-05, 6.02359978075e-05, 8.13782389741e-05, 7.08991719875e-05],
        "mean": [0.000209081335925, 3.69054832845e-05, 0.00021491140069, 0.000343855179381, 0.000499840709381, 0.000654641422443, 0.000285933492705, 0.000154385110363, 0.000435382360592, 0.000369103276171, 0.00105854473077, 0.00424572639167, 6.39337667963e-05, 3.02357821056e-05, 1.73673142854e-05, 1.50671321535e-05, 1.04372084024e-05, 0.000140934949741, 6.26345718047e-06, 6.7557393777e-06, 2.87449493044e-05, 3.99682539864e-06, 2.07695438803e-06, 6.57527016301e-06, 5.80825553698e-06, 8.11018617242e-06, 5.1385453844e-05],
        "median": [0.00011642886966, 3.10041432385e-05, 7.75737134973e-06, 1.93147770915e-05, 2.57794508798e-05, 2.63839192485e-05, 1.80378174264e-05, 1.11933750304e-05, 1.18394818855e-05, 9.53286416916e-06, 5.9456310737e-06, 1.56469377544e-05, 2.50464677265e-06, 2.25724943448e-06, 2.14934789255e-06, 1.33851608553e-06, 1.39897565532e-06, 2.73532691608e-06, 1.26969609937e-06, 1.44871034991e-06, 1.61520665642e-06, 1.23991242162e-06, 1.38502298341e-06, 2.43678368861e-06, 2.78351080851e-06, 4.6163195293e-06, 5.17730950378e-05],
        "min": [2.41901670961e-06, 2.36436289924e-06, 2.94597128914e-07, 7.55129434538e-08, 3.01646494449e-08, 2.71473581392e-08, 3.45431260484e-07, 1.82614428468e-07, 2.02691730067e-08, 1.1027665181e-07, 6.8617389104e-08, 3.31216050142e-08, 3.27612923456e-08, 1.95651850277e-08, 8.80129320535e-08, 4.94590643996e-08, 8.5548222728e-08, 7.56657243528e-08, 3.29046727643e-08, 6.66907169489e-08, 3.85178609008e-08, 1.83737220993e-08, 3.63922296742e-08, 7.08163270247e-08, 1.98102867444e-07, 1.2650893666e-07, 1.08653432562e-06],
        "var": [7.99537360763e-08, 1.00006780634e-09, 6.56465942939e-07, 1.72085276517e-06, 3.38785162057e-06, 3.25739074469e-06, 8.25699260076e-07, 1.40772797863e-07, 1.66428424109e-06, 1.86638601463e-06, 1.19676824397e-05, 0.000208846366149, 4.56495286016e-08, 5.26562926595e-09, 1.6200492059e-09, 1.65720015488e-09, 8.73546124325e-10, 1.26669448264e-07, 2.09280703878e-10, 2.48321585516e-10, 7.66884422632e-09, 1.13155589065e-10, 5.87552836245e-12, 1.70545605416e-10, 1.11618186915e-10, 1.93394897319e-10, 9.30200153015e-11]
    },
    "erbbands": {
        "dmean": [0.00200313027017, 0.00457965489477, 0.116315297782, 0.786915957928, 0.627107560635, 2.15661787987, 1.95617866516, 5.11595058441, 4.98913764954, 2.74376773834, 3.24949216843, 5.39641284943, 5.06727933884, 10.0739717484, 107.896110535, 58.2091064453, 4.95543384552, 1.03510653973, 0.754971206188, 0.550740003586, 0.811438918114, 0.55398362875, 4.33408498764, 1.06372344494, 0.281998038292, 0.267194151878, 0.273986756802, 1.16627728939, 0.22025077045, 0.04719863832, 0.0384323708713, 0.0866011157632, 0.0702096149325, 0.0470517091453, 0.0299234203994, 0.0177513547242, 0.00668056262657, 0.00220288871787, 0.00116929248907, 0.000184489719686],
        "dmean2": [0.00369638903067, 0.00705331191421, 0.137662783265, 1.09994471073, 0.792751967907, 2.83166265488, 3.4784924984, 7.46932983398, 9.39331054688, 4.86974906921, 5.76361703873, 9.53433704376, 4.75816869736, 11.2497682571, 172.596633911, 93.6467819214, 6.95929813385, 1.71617007256, 0.967210888863, 0.930581390858, 1.45428371429, 0.878819942474, 5.73986387253, 1.49617183208, 0.447965741158, 0.430403351784, 0.413854449987, 1.67650902271, 0.373815566301, 0.079241335392, 0.0652751103044, 0.123306781054, 0.117157146335, 0.0844960138202, 0.0492423996329, 0.0245419740677, 0.0105796689168, 0.00337513675913, 0.00192206143402, 0.000319647311699],
        "dvar": [4.97311157233e-06, 3.41689192283e-05, 0.140887573361, 7.6249871254, 3.2392475605, 52.2804489136, 48.1098442078, 178.052642822, 187.065658569, 55.6879043579, 115.145301819, 333.992584229, 208.055435181, 1044.8692627, 141995.390625, 33169.5429688, 215.171707153, 10.7556266785, 2.47834515572, 1.93747007847, 5.85379743576, 2.25482678413, 120.19405365, 5.41673994064, 0.423619240522, 0.40398094058, 0.466262221336, 12.8370628357, 0.482791483402, 0.0088929887861, 0.00608141021803, 0.0385212302208, 0.0278323851526, 0.0135821141303, 0.00443214923143, 0.0018050057115, 0.000319687038427, 6.53095003145e-06, 7.57148598041e-07, 2.68717723628e-08],
        "dvar2": [1.82245094038e-05, 7.47470985516e-05, 0.250505954027, 10.2929191589, 4.37426614761, 87.3413238525, 129.998504639, 312.166564941, 603.793884277, 163.033218384, 267.961486816, 871.731079102, 180.073852539, 1319.65539551, 259252.5625, 79891.0078125, 524.355895996, 17.3686523438, 4.68882608414, 4.24918651581, 14.6150770187, 4.97404909134, 275.481719971, 12.4584302902, 0.882226347923, 0.810665905476, 0.841432750225, 26.256269455, 1.24802005291, 0.0226966440678, 0.0158656463027, 0.0585670284927, 0.072986908257, 0.0285459067672, 0.0106464456767, 0.00300425826572, 0.000463291682536, 8.82142649061e-06, 1.50911614583e-06, 6.03539334065e-08],
        "max": [0.0109946727753, 0.0492365173995, 3.14211797714, 21.5755691528, 15.8457593918, 58.5089187622, 48.5786170959, 108.332420349, 76.0967941284, 50.6149673462, 83.8629608154, 123.284034729, 140.673370361, 296.387756348, 3025.83056641, 1277.92553711, 120.160011292, 25.6368217468, 13.7156085968, 8.3573846817, 11.888343811, 9.63743400574, 80.0923080444, 17.4744930267, 4.81172847748, 4.54718446732, 5.63038301468, 30.0224113464, 5.27289962769, 0.541484177113, 0.42615622282, 1.61216199398, 0.988749027252, 0.715221941471, 0.324259281158, 0.336986303329, 0.140974476933, 0.0254355296493, 0.00902681518346, 0.00142761040479],
        "mean": [0.00241961027496, 0.00722044333816, 0.138766482472, 1.00045239925, 0.796728909016, 2.29693722725, 2.06474208832, 7.71160030365, 4.97078752518, 3.41687226295, 5.42599248886, 8.24064159393, 9.44235992432, 15.2857141495, 161.030990601, 79.5886459351, 7.24967288971, 1.97599935532, 1.21826028824, 0.781572818756, 0.854467153549, 0.811901628971, 8.21831703186, 1.93909490108, 0.345350831747, 0.315419644117, 0.375724375248, 1.54530644417, 0.26409637928, 0.0692800357938, 0.0682668834925, 0.139706000686, 0.092399738729, 0.064424470067, 0.0413484089077, 0.0273704547435, 0.0145050371066, 0.0100930454209, 0.00565426424146, 0.00101840763818],
        "median": [0.00187870883383, 0.00402310863137, 0.00806122273207, 0.0460251830518, 0.0800132453442, 0.0684741288424, 0.136490121484, 0.279928535223, 0.275223195553, 0.214820697904, 0.223444238305, 0.277639716864, 0.309139192104, 0.250025093555, 0.48811340332, 0.380458205938, 0.131311565638, 0.126454427838, 0.1498721838, 0.088748306036, 0.0808398723602, 0.0896039605141, 0.156603887677, 0.106921084225, 0.0737744271755, 0.0678575262427, 0.0627830997109, 0.0653576850891, 0.0453180223703, 0.0431131832302, 0.0432984083891, 0.0487438850105, 0.0413998886943, 0.0302220620215, 0.0200877878815, 0.0105301253498, 0.00897414330393, 0.00973325408995, 0.00556973554194, 0.00101816665847],
        "min": [0.00011950602493, 0.000355895375833, 0.000421176431701, 0.000296563695883, 0.000118540519907, 0.000100181947346, 0.000224869494559, 0.000298748840578, 0.00334693025798, 0.00593945756555, 0.00293806614354, 0.000512401398737, 0.00152636866551, 0.00484015513211, 0.00196419889107, 0.0013331688242, 0.00174842984416, 0.00104530912358, 0.00327596045099, 0.00363456760533, 0.00349700637162, 0.0046839476563, 0.00472482433543, 0.00112553418148, 0.0018700909568, 0.00318735302426, 0.00233667623252, 0.00111029320396, 0.000812374521047, 0.000362145859981, 0.0013091978617, 0.00116753275506, 0.0013870234834, 0.00209840200841, 0.00122510595247, 0.000483218580484, 0.000210040612728, 0.000187241734238, 0.000122183831991, 2.21525915549e-05],
        "var": [4.78891251987e-06, 7.97573302407e-05, 0.253332078457, 14.6038017273, 6.83654117584, 78.6197738647, 49.1344490051, 501.770690918, 185.637695312, 80.2812957764, 251.250946045, 636.395324707, 829.917175293, 2842.56567383, 298091.78125, 64337.4101562, 415.067596436, 27.767326355, 7.38299655914, 3.06846046448, 5.68220901489, 3.546200037, 433.798370361, 19.9934616089, 0.615749180317, 0.546585083008, 0.92838037014, 24.3801136017, 0.545395851135, 0.00898806005716, 0.00635562324896, 0.0932726860046, 0.0288133844733, 0.0143242999911, 0.00437121838331, 0.00334619986825, 0.000572370772716, 1.16742148748e-05, 1.62634592016e-06, 3.73230086836e-08]
    },
    "gfcc": {
        "mean": [-134.996322632, 36.9813537598, -66.820098877, -21.8474693298, -38.8804473877, -6.06948518753, -16.7036495209, -4.28410577774, -19.9302005768, -6.17620754242, -0.544170439243, 4.47437667847, -6.62002801895],
        "cov": [[6177.35009766, 1833.67321777, -1710.06835938, -579.348693848, -580.239135742, -216.948272705, 24.591424942, -328.794311523, -791.307067871, -272.88470459, -18.4656734467, 413.713409424, -230.949478149], [1833.67321777, 771.023803711, -565.312133789, -289.221496582, -175.319366455, -61.8850059509, 95.366104126, -94.6442489624, -251.771240234, -142.576828003, 4.8734254837, 178.863357544, -108.550300598], [-1710.06835938, -565.312133789, 687.416015625, 219.693099976, 116.624443054, 64.849861145, -37.4313011169, 72.1153717041, 219.351501465, 55.556224823, -27.0217895508, -156.669296265, 68.8313903809], [-579.348693848, -289.221496582, 219.693099976, 193.379074097, 72.8672714233, -0.279281616211, -78.8449020386, 42.7753105164, 78.5626296997, 48.264377594, -15.7848300934, -88.1710586548, 33.43334198], [-580.239135742, -175.319366455, 116.624443054, 72.8672714233, 129.464782715, 26.5943374634, -6.50845384598, 41.2537994385, 89.6422348022, 23.1897449493, -14.8675298691, -56.4584732056, 20.91588974], [-216.948272705, -61.8850059509, 64.849861145, -0.279281616211, 26.5943374634, 67.6778869629, 34.6695404053, 22.393787384, 23.3337173462, -1.91788506508, -18.2835407257, -28.7746829987, 8.54907512665], [24.591424942, 95.366104126, -37.4313011169, -78.8449020386, -6.50845384598, 34.6695404053, 112.021232605, 29.7762336731, -21.9559402466, -45.4980430603, 9.30888938904, 31.7240028381, -39.8715057373], [-328.794311523, -94.6442489624, 72.1153717041, 42.7753105164, 41.2537994385, 22.393787384, 29.7762336731, 67.9166793823, 52.8416099548, 11.5426702499, 5.1255812645, -19.4216938019, -3.32940244675], [-791.307067871, -251.771240234, 219.351501465, 78.5626296997, 89.6422348022, 23.3337173462, -21.9559402466, 52.8416099548, 164.037033081, 69.8867263794, -2.44015359879, -59.2980804443, 48.3212089539], [-272.88470459, -142.576828003, 55.556224823, 48.264377594, 23.1897449493, -1.91788506508, -45.4980430603, 11.5426702499, 69.8867263794, 85.9307098389, 10.9885387421, -24.3512744904, 44.4794769287], [-18.4656734467, 4.8734254837, -27.0217895508, -15.7848300934, -14.8675298691, -18.2835407257, 9.30888938904, 5.1255812645, -2.44015359879, 10.9885387421, 68.7368164062, 46.2164421082, -14.3662757874], [413.713409424, 178.863357544, -156.669296265, -88.1710586548, -56.4584732056, -28.7746829987, 31.7240028381, -19.4216938019, -59.2980804443, -24.3512744904, 46.2164421082, 90.5540847778, -22.3076038361], [-230.949478149, -108.550300598, 68.8313903809, 33.43334198, 20.91588974, 8.54907512665, -39.8715057373, -3.32940244675, 48.3212089539, 44.4794769287, -14.3662757874, -22.3076038361, 68.197555542]],
        "icov": [[0.00174391642213, -0.0019784711767, 0.00250803446397, -0.00215668533929, 0.00328040239401, -0.00109181774314, 0.00119521631859, 0.00145670981146, 0.000718882482033, -5.02094335388e-05, 0.0017784795491, -0.000448432721896, 0.000934576790314], [-0.0019784711767, 0.0125065548345, 0.000683972088154, 0.00731630111113, -0.00106981745921, 0.00338633893989, -0.000215856096474, -0.000667308981065, -0.00133032596204, 0.00535894045606, 0.0074807475321, -0.00910044554621, 0.00472092488781], [0.00250803446397, 0.000683972088154, 0.0117020485923, -0.00908535905182, 0.0110417967662, -0.00225505209528, -0.00434599863365, 0.00952727068216, -0.00977798271924, 0.00983627233654, -0.000349040317815, 0.00448612868786, -0.0010475369636], [-0.00215668533929, 0.00731630111113, -0.00908535905182, 0.0381960459054, -0.0112314522266, 0.00890101492405, 0.0231944397092, -0.0301307551563, 0.0160541962832, -0.00152796239126, -0.00227803736925, 0.00975518021733, 0.00153715885244], [0.00328040239401, -0.00106981745921, 0.0110417967662, -0.0112314522266, 0.0265577826649, -0.00366363627836, -0.00381135754287, 0.0075968336314, -0.0142186321318, 0.011588703841, 4.23721794505e-05, 0.00721705146134, -0.00088952970691], [-0.00109181774314, 0.00338633893989, -0.00225505209528, 0.00890101492405, -0.00366363627836, 0.0322082675993, -0.012237355113, -0.00654014805332, 0.0049999859184, 0.000646452244837, -0.00225094822235, 0.016039095819, -0.00997486431152], [0.00119521631859, -0.000215856096474, -0.00434599863365, 0.0231944397092, -0.00381135754287, -0.012237355113, 0.045563749969, -0.0300252828747, 0.0111845303327, 0.00303329364397, 0.00525969453156, -0.0101027218625, 0.0124955680221], [0.00145670981146, -0.000667308981065, 0.00952727068216, -0.0301307551563, 0.0075968336314, -0.00654014805332, -0.0300252828747, 0.0556409396231, -0.0222323797643, 0.00201069982722, 0.00148774590343, -0.0065551949665, 0.00528912153095], [0.000718882482033, -0.00133032596204, -0.00977798271924, 0.0160541962832, -0.0142186321318, 0.0049999859184, 0.0111845303327, -0.0222323797643, 0.0372965186834, -0.020065004006, 0.00341419037431, -0.000973748567048, -0.00143591884989], [-5.02094335388e-05, 0.00535894045606, 0.00983627233654, -0.00152796239126, 0.011588703841, 0.000646452244837, 0.00303329364397, 0.00201069982722, -0.020065004006, 0.0433261245489, -0.0153803816065, 0.0146201243624, -0.0150811262429], [0.0017784795491, 0.0074807475321, -0.000349040317815, -0.00227803736925, 4.23721794505e-05, -0.00225094822235, 0.00525969453156, 0.00148774590343, 0.00341419037431, -0.0153803816065, 0.0550386682153, -0.0517438240349, 0.0250967890024], [-0.000448432721896, -0.00910044554621, 0.00448612868786, 0.00975518021733, 0.00721705146134, 0.016039095819, -0.0101027218625, -0.0065551949665, -0.000973748567048, 0.0146201243624, -0.0517438240349, 0.0827529653907, -0.028441645205], [0.000934576790314, 0.00472092488781, -0.0010475369636, 0.00153715885244, -0.00088952970691, -0.00997486431152, 0.0124955680221, 0.00528912153095, -0.00143591884989, -0.0150811262429, 0.0250967890024, -0.028441645205, 0.041570186615]]
    },
    "melbands": {
        "dmean": [2.16713269765e-05, 4.47786078439e-05, 0.000120266216982, 0.000103176484117, 6.50239526294e-05, 0.000101538047602, 7.89463738329e-05, 2.54550250247e-05, 3.43239553331e-05, 2.9910064768e-05, 2.75422626146e-05, 3.75744348275e-05, 0.000242572248681, 0.000406030856539, 2.21746522584e-05, 5.01255817653e-06, 1.93152300199e-06, 1.32413185838e-06, 1.01470811842e-06, 9.23400023112e-07, 9.82859205578e-07, 6.64583239995e-07, 9.21724449654e-07, 5.45795683138e-06, 2.68996956265e-07, 1.99045558702e-07, 2.03604926696e-07, 1.75002071501e-07, 1.39097735996e-07, 3.27490511154e-07, 8.05250635949e-07, 1.49294308471e-07, 2.57619721111e-08, 2.43159661295e-08, 2.11897521751e-08, 3.97246111561e-08, 5.36456319367e-08, 6.9121867341e-08, 2.14847428737e-08, 5.12922575524e-08],
        "dmean2": [3.98512493121e-05, 5.64212532481e-05, 0.000168845217559, 0.00013549112191, 0.000102959253127, 0.000147027516505, 0.000148020044435, 4.48860628239e-05, 6.04256310908e-05, 4.87903998874e-05, 2.67559971689e-05, 4.90817510581e-05, 0.000351933791535, 0.000709291023668, 4.02250043408e-05, 6.93657966622e-06, 3.74419323634e-06, 2.07971788768e-06, 1.61989362368e-06, 1.71384476744e-06, 1.80749577794e-06, 1.08197514237e-06, 1.23940310459e-06, 7.40129098631e-06, 4.51923540368e-07, 3.33322617507e-07, 3.23535260804e-07, 2.80889167925e-07, 2.3079284972e-07, 4.44693000645e-07, 1.24539201352e-06, 2.62093720949e-07, 4.2829551461e-08, 4.19370351779e-08, 3.66544234964e-08, 5.67498261717e-08, 8.33522619814e-08, 1.15715849347e-07, 3.8990037865e-08, 9.16453046784e-08],
        "dvar": [6.1200827739e-10, 2.03787653419e-08, 1.6680074566e-07, 1.23964227328e-07, 4.79047592705e-08, 6.56795720033e-08, 4.8920309581e-08, 4.6476027471e-09, 1.37064271044e-08, 9.68285185365e-09, 5.94851856661e-09, 1.59518727116e-08, 6.49498304028e-07, 1.8512303086e-06, 4.21557944108e-09, 2.90659912805e-10, 3.32928545843e-11, 8.96527470318e-12, 5.48404290729e-12, 5.88856827882e-12, 9.01937639158e-12, 3.74036392137e-12, 4.0720083555e-12, 2.03636607576e-10, 3.36367679587e-13, 1.97561842645e-13, 2.94146732796e-13, 1.50633561072e-13, 1.37285094317e-13, 7.57591797455e-13, 6.90661547051e-12, 2.43068938458e-13, 2.67011953556e-15, 2.63473727529e-15, 2.12725823725e-15, 6.95131860669e-15, 1.52432337179e-14, 3.13042235363e-14, 1.87473675161e-15, 2.23873196592e-14],
        "dvar2": [2.13195772147e-09, 3.80224634e-08, 2.30196377515e-07, 2.19583739636e-07, 1.0588028232e-07, 1.18225571555e-07, 1.59529378152e-07, 1.38217979284e-08, 3.13335775104e-08, 2.28272725167e-08, 5.3004294287e-09, 2.87331438642e-08, 1.08971244117e-06, 4.34200501331e-06, 9.45969169663e-09, 5.94370941354e-10, 8.37138552923e-11, 1.92256384424e-11, 1.31229298261e-11, 1.570494082e-11, 2.23676563382e-11, 8.52086890629e-12, 7.67537249036e-12, 4.74486838709e-10, 9.78480968125e-13, 4.53470025202e-13, 6.10857339104e-13, 3.07295828323e-13, 2.66800931391e-13, 1.00846794023e-12, 1.64925243601e-11, 6.73929228395e-13, 6.54382587885e-15, 7.06473631833e-15, 5.85404248067e-15, 1.04826984902e-14, 2.69529814049e-14, 8.26671156117e-14, 5.12218865006e-15, 4.47441867899e-14],
        "max": [0.000116697941849, 0.00119948363863, 0.00325804832391, 0.00282656401396, 0.00160797673743, 0.00211399025284, 0.00119015364908, 0.000447444763267, 0.000932616414502, 0.000708348117769, 0.000768049329054, 0.00110370421316, 0.00680142454803, 0.0096126915887, 0.000393271271605, 0.000137121969601, 3.90943023376e-05, 2.51001638389e-05, 1.77682650246e-05, 1.3541244698e-05, 1.44311898111e-05, 1.24205116663e-05, 1.67553880601e-05, 0.000101394281955, 3.13640384775e-06, 2.92861045637e-06, 3.91171170122e-06, 2.70888904197e-06, 2.80213885162e-06, 7.24797382645e-06, 2.09255176742e-05, 3.39152074957e-06, 2.68452367891e-07, 3.0885306046e-07, 2.62344002522e-07, 7.24539916064e-07, 8.88783802111e-07, 1.06678453449e-06, 2.71990160172e-07, 9.52638174567e-07],
        "mean": [2.55087870755e-05, 5.35266735824e-05, 0.000150860229041, 0.000109747081297, 7.87624303484e-05, 0.000153057146235, 7.6253178122e-05, 3.3558873838e-05, 5.49969336134e-05, 5.15502324561e-05, 4.83515177621e-05, 4.92367253173e-05, 0.000362925376976, 0.000528492266312, 3.5630127968e-05, 5.68359655517e-06, 2.97899146062e-06, 2.02826799978e-06, 1.23297422761e-06, 9.74733552539e-07, 9.89980890154e-07, 7.03842317762e-07, 1.7869082285e-06, 1.05172275653e-05, 2.73170911669e-07, 2.17014900272e-07, 2.15858136698e-07, 2.06568131489e-07, 1.88154544389e-07, 4.72985675515e-07, 9.98346649794e-07, 1.5417414545e-07, 3.49961233326e-08, 3.5882742111e-08, 3.39261490012e-08, 6.55210712353e-08, 8.58950528482e-08, 8.11798273048e-08, 3.49580844272e-08, 6.48898961231e-08],
        "median": [1.96332366613e-05, 4.77461298942e-06, 7.73858391767e-06, 6.00478870183e-06, 4.48112723461e-06, 5.87898875892e-06, 4.02770047003e-06, 2.49921731665e-06, 2.13154044104e-06, 1.67151483765e-06, 1.61992932135e-06, 9.66972606875e-07, 1.25974179355e-06, 1.88553121916e-06, 5.41760300621e-07, 2.29499178772e-07, 2.40702945575e-07, 2.05461915925e-07, 1.46924620026e-07, 9.23470508951e-08, 1.00816357929e-07, 7.43176116202e-08, 1.16443715115e-07, 1.43484570003e-07, 5.48283018986e-08, 4.80282054127e-08, 4.24239061658e-08, 4.50227091164e-08, 4.32729372335e-08, 3.43826407345e-08, 3.79060587363e-08, 2.64808441841e-08, 2.04117807101e-08, 2.14345181604e-08, 2.31350298918e-08, 2.77316019037e-08, 2.96347977269e-08, 2.81553287351e-08, 2.48718645679e-08, 2.36541257692e-08],
        "min": [1.01216778603e-06, 3.06565226538e-07, 4.79278270404e-08, 5.59635982e-09, 7.61407115135e-09, 7.08558367535e-09, 5.7632437489e-08, 6.17400459646e-08, 1.89474356205e-08, 2.4732504933e-09, 8.05187827524e-09, 2.02981365049e-08, 7.87366438715e-09, 4.12549061579e-09, 2.88375590074e-09, 3.45011064162e-09, 1.65945224229e-09, 4.15002254783e-09, 7.17358217273e-09, 3.29891691742e-09, 4.5477932531e-09, 4.54884885315e-09, 6.67033939195e-09, 1.90832927238e-09, 6.78814504607e-10, 1.74838443723e-09, 1.08315445502e-09, 2.51794607387e-09, 1.50238821384e-09, 1.3539870336e-09, 4.27019586358e-10, 5.18668608063e-10, 2.40332337365e-10, 1.58869348232e-10, 6.45241915453e-10, 8.28956181476e-10, 7.36335270535e-10, 6.11244166393e-10, 1.77280268243e-09, 1.91797111526e-09],
        "var": [5.3727133853e-10, 3.52827669303e-08, 3.17315226539e-07, 1.76280821051e-07, 6.9651036938e-08, 1.88123536304e-07, 4.72024304088e-08, 7.11730141489e-09, 2.86105557024e-08, 2.31889742963e-08, 2.25651106689e-08, 3.31115401764e-08, 1.48357526086e-06, 3.2231039313e-06, 8.18572143402e-09, 3.90659921079e-10, 5.99703134374e-11, 2.12266870747e-11, 8.30334238866e-12, 6.04703743676e-12, 8.30153827625e-12, 4.33905949365e-12, 1.65234093769e-11, 7.28896276669e-10, 3.44635859564e-13, 2.53316193976e-13, 3.60335703333e-13, 2.08099840528e-13, 2.10143073732e-13, 2.04868218744e-12, 1.03006344773e-11, 2.10178689774e-13, 2.72990672087e-15, 2.29492120938e-15, 1.63035313501e-15, 1.69685703748e-14, 3.29280432944e-14, 3.15432799509e-14, 1.34573111237e-15, 2.45698643722e-14]
    },
    "mfcc": {
        "mean": [-812.03918457, 117.050773621, 16.1609458923, -0.822548985481, -2.82187414169, -1.29822051525, 8.20985221863, 2.88495922089, -3.1121366024, -9.85037899017, -1.26045250893, 8.00496768951, 0.0670917704701],
        "cov": [[6787.07275391, 1758.74182129, -1229.73999023, -499.218811035, -937.978881836, -128.760879517, 104.130760193, -77.15965271, -344.416320801, -950.281494141, -325.466705322, 402.249023438, -623.530334473], [1758.74182129, 776.929748535, -346.183441162, -258.481994629, -364.210235596, -12.6766653061, 62.197517395, 83.5800628662, -83.0843582153, -330.630157471, -49.7865753174, 158.140380859, -269.520812988], [-1229.73999023, -346.183441162, 415.027069092, 112.854286194, 155.253890991, 9.05436229706, -17.7515163422, 17.5501880646, 37.7079353333, 177.630218506, 45.4908256531, -95.791343689, 95.0472412109], [-499.218811035, -258.481994629, 112.854286194, 155.253967285, 152.75328064, -17.7420291901, -40.2769699097, -47.7487678528, 18.7967567444, 110.554641724, 6.76300144196, -62.0749435425, 88.9881515503], [-937.978881836, -364.210235596, 155.253890991, 152.75328064, 256.32623291, 18.7054214478, -55.036655426, -42.8066978455, 49.5336418152, 208.931808472, 29.0736255646, -111.585731506, 119.291107178], [-128.760879517, -12.6766653061, 9.05436229706, -17.7420291901, 18.7054214478, 33.687412262, 6.01179361343, 2.35852050781, 17.6566085815, 30.623249054, -0.933069348335, -20.1127185822, -5.3680357933], [104.130760193, 62.197517395, -17.7515163422, -40.2769699097, -55.036655426, 6.01179361343, 64.8054428101, 46.0847892761, -0.339623004198, -48.2715415955, -0.369827419519, 30.3609828949, -32.9319610596], [-77.15965271, 83.5800628662, 17.5501880646, -47.7487678528, -42.8066978455, 2.35852050781, 46.0847892761, 95.309425354, 20.2619972229, -31.9992237091, 30.9841518402, 28.6487731934, -50.475315094], [-344.416320801, -83.0843582153, 37.7079353333, 18.7967567444, 49.5336418152, 17.6566085815, -0.339623004198, 20.2619972229, 72.1313018799, 83.8565444946, 19.7079105377, -30.7405509949, 14.8969230652], [-950.281494141, -330.630157471, 177.630218506, 110.554641724, 208.931808472, 30.623249054, -48.2715415955, -31.9992237091, 83.8565444946, 254.41696167, 27.0698680878, -120.68989563, 103.272453308], [-325.466705322, -49.7865753174, 45.4908256531, 6.76300144196, 29.0736255646, -0.933069348335, -0.369827419519, 30.9841518402, 19.7079105377, 27.0698680878, 70.6690979004, 16.2142601013, 17.8447628021], [402.249023438, 158.140380859, -95.791343689, -62.0749435425, -111.585731506, -20.1127185822, 30.3609828949, 28.6487731934, -30.7405509949, -120.68989563, 16.2142601013, 110.787849426, -40.0453147888], [-623.530334473, -269.520812988, 95.0472412109, 88.9881515503, 119.291107178, -5.3680357933, -32.9319610596, -50.475315094, 14.8969230652, 103.272453308, 17.8447628021, -40.0453147888, 168.320129395]],
