{
"lowlevel": {
    "average_loudness": 0.97550290823,
    "barkbands_crest": {
        "dmean": 3.20061707497,
        "dmean2": 5.18506193161,
        "dvar": 5.05636310577,
        "dvar2": 13.7410612106,
        "max": 19.6055221558,
        "mean": 11.1037406921,
        "median": 10.7200241089,
        "min": 4.91396760941,
        "var": 10.8653392792
    },
    "barkbands_flatness_db": {
        "dmean": 0.0322953015566,
        "dmean2": 0.0542915724218,
        "dvar": 0.00113858352415,
        "dvar2": 0.00251473789103,
        "max": 0.458282530308,
        "mean": 0.257856696844,
        "median": 0.251644909382,
        "min": 0.127921551466,
        "var": 0.00277718389407
    },
    "barkbands_kurtosis": {
        "dmean": 4.54044389725,
        "dmean2": 7.38166284561,
        "dvar": 28.470949173,
        "dvar2": 61.9637756348,
        "max": 41.8365783691,
        "mean": 6.07350254059,
        "median": 3.65741348267,
        "min": -0.321094751358,
        "var": 37.7223396301
    },
    "barkbands_skewness": {
        "dmean": 0.699471473694,
        "dmean2": 1.07364332676,
        "dvar": 0.375000655651,
        "dvar2": 0.926719963551,
        "max": 4.0045838356,
        "mean": 1.74042856693,
        "median": 1.54635834694,
        "min": 0.308325856924,
        "var": 0.627062916756
    },
    "barkbands_spread": {
        "dmean": 1.32020628452,
        "dmean2": 2.0258398056,
        "dvar": 1.67733764648,
        "dvar2": 3.64611697197,
        "max": 13.786157608,
        "mean": 4.96241664886,
        "median": 4.95396900177,
        "min": 0.813450038433,
        "var": 4.29527759552
    },
    "dissonance": {
        "dmean": 0.0380690507591,
        "dmean2": 0.0616889186203,
        "dvar": 0.00122873461805,
        "dvar2": 0.00327518838458,
        "max": 0.5,
        "mean": 0.440884053707,
        "median": 0.450324356556,
        "min": 0.177029907703,
        "var": 0.00204595015384
    },
    "dynamic_complexity": 7.15054988861,
    "erbbands_crest": {
        "dmean": 2.84086966515,
        "dmean2": 4.89036560059,
        "dvar": 7.4257349968,
        "dvar2": 20.5878696442,
        "max": 25.9338817596,
        "mean": 9.55430030823,
        "median": 8.86255550385,
        "min": 4.98813247681,
        "var": 11.4833126068
    },
    "erbbands_flatness_db": {
        "dmean": 0.0311824362725,
        "dmean2": 0.049108274281,
        "dvar": 0.00124980800319,
        "dvar2": 0.00266844336875,
        "max": 0.466222822666,
        "mean": 0.283707082272,
        "median": 0.283679246902,
        "min": 0.158157274127,
        "var": 0.00278927595355
    },
    "erbbands_kurtosis": {
        "dmean": 1.73752176762,
        "dmean2": 2.81976509094,
        "dvar": 7.65809345245,
        "dvar2": 18.1585063934,
        "max": 29.2857780457,
        "mean": 1.92635464668,
        "median": 1.15134477615,
        "min": -1.11285841465,
        "var": 9.48652172089
    },
    "erbbands_skewness": {
        "dmean": 0.501500427723,
        "dmean2": 0.80042797327,
        "dvar": 0.191035524011,
        "dvar2": 0.421745121479,
        "max": 3.86388468742,
        "mean": 0.899782538414,
        "median": 0.780740320683,
        "min": -0.164587840438,
        "var": 0.380877107382
    },
    "erbbands_spread": {
        "dmean": 3.63224864006,
        "dmean2": 5.34320068359,
        "dvar": 14.0356369019,
        "dvar2": 31.8734893799,
        "max": 35.87342453,
        "mean": 13.6198596954,
        "median": 13.1434173584,
        "min": 1.92757737637,
        "var": 34.9714584351
    },
    "hfc": {
        "dmean": 3.97392225266,
        "dmean2": 6.06766891479,
        "dvar": 131.398788452,
        "dvar2": 295.605621338,
        "max": 94.7758712769,
        "mean": 5.36889123917,
        "median": 1.25557684898,
        "min": 0.0186691526324,
        "var": 167.450302124
    },
    "melbands_crest": {
        "dmean": 3.77459406853,
        "dmean2": 6.45363616943,
        "dvar": 9.86442947388,
        "dvar2": 27.7366580963,
        "max": 26.9372425079,
        "mean": 13.3212528229,
        "median": 13.1707763672,
        "min": 6.86884737015,
        "var": 14.0525665283
    },
    "melbands_flatness_db": {
        "dmean": 0.0328585840762,
        "dmean2": 0.055135961622,
        "dvar": 0.00130177394021,
        "dvar2": 0.00267691793852,
        "max": 0.587745547295,
        "mean": 0.327489823103,
        "median": 0.316245257854,
        "min": 0.183860301971,
        "var": 0.00447362335399
    },
    "melbands_kurtosis": {
        "dmean": 5.04822301865,
        "dmean2": 8.20819187164,
        "dvar": 30.4681625366,
        "dvar2": 75.9085540771,
        "max": 27.7011737823,
        "mean": 6.43888092041,
        "median": 4.38203907013,
        "min": -0.181389331818,
        "var": 37.9197692871
    },
    "melbands_skewness": {
        "dmean": 0.681025087833,
        "dmean2": 1.060354352,
        "dvar": 0.373315572739,
        "dvar2": 0.943150401115,
        "max": 4.22611570358,
        "mean": 1.70812761784,
        "median": 1.62563514709,
        "min": 0.143761783838,
        "var": 0.687949538231
    },
    "melbands_spread": {
        "dmean": 2.0223031044,
        "dmean2": 3.1305205822,
        "dvar": 3.11364340782,
        "dvar2": 7.02824831009,
        "max": 16.0688400269,
        "mean": 7.25191259384,
        "median": 6.80899906158,
        "min": 1.23878026009,
        "var": 8.99015617371
    },
    "pitch_salience": {
        "dmean": 0.077962949872,
        "dmean2": 0.135085165501,
        "dvar": 0.0061566773802,
        "dvar2": 0.0176365785301,
        "max": 0.955132603645,
        "mean": 0.657488822937,
        "median": 0.651254594326,
        "min": 0.417815744877,
        "var": 0.00665461272001
    },
    "silence_rate_20dB": {
        "dmean": 0,
        "dmean2": 0,
        "dvar": 0,
        "dvar2": 0,
        "max": 1,
        "mean": 1,
        "median": 1,
        "min": 1,
        "var": 0
    },
    "silence_rate_30dB": {
        "dmean": 0.0251572318375,
        "dmean2": 0.0506329126656,
        "dvar": 0.0245244149119,
        "dvar2": 0.0480691045523,
        "max": 1,
        "mean": 0.975000023842,
        "median": 1,
        "min": 0,
        "var": 0.0243749432266
    },
    "silence_rate_60dB": {
        "dmean": 0.176100626588,
        "dmean2": 0.348101258278,
        "dvar": 0.145089298487,
        "dvar2": 0.290217667818,
        "max": 1,
        "mean": 0.512499988079,
        "median": 1,
        "min": 0,
        "var": 0.249843865633
    },
    "spectral_centroid": {
        "dmean": 70.0745544434,
        "dmean2": 115.820610046,
        "dvar": 5211.25097656,
        "dvar2": 11665.8310547,
        "max": 969.507385254,
        "mean": 510.254455566,
        "median": 495.977722168,
        "min": 311.863677979,
        "var": 13187.3388672
    },
    "spectral_complexity": {
        "dmean": 2.90566039085,
        "dmean2": 4.0253162384,
        "dvar": 18.2489681244,
        "dvar2": 37.8474349976,
        "max": 41,
        "mean": 8.57499980927,
        "median": 7,
        "min": 0,
        "var": 48.9443740845
    },
    "spectral_decrease": {
        "dmean": 2.49014964204e-09,
        "dmean2": 3.63395202818e-09,
        "dvar": 4.38662382254e-17,
        "dvar2": 1.01154679647e-16,
        "max": -9.19181571135e-12,
        "mean": -3.01542368852e-09,
        "median": -7.31639526741e-10,
        "min": -5.41576241631e-08,
        "var": 5.3515786453e-17
    },
    "spectral_energy": {
        "dmean": 0.00975716300309,
        "dmean2": 0.0142623111606,
        "dvar": 0.000674777314998,
        "dvar2": 0.00155219063163,
        "max": 0.212999686599,
        "mean": 0.0118678584695,
        "median": 0.00287951016799,
        "min": 3.63853723684e-05,
        "var": 0.000826995179523
    },
    "spectral_energyband_high": {
        "dmean": 3.93875307054e-05,
        "dmean2": 6.96153874742e-05,
        "dvar": 2.86036332398e-08,
        "dvar2": 8.11479594631e-08,
        "max": 0.00145397544838,
        "mean": 2.7925687391e-05,
        "median": 1.3944360262e-06,
        "min": 8.9546441373e-09,
        "var": 1.83603621196e-08
    },
    "spectral_energyband_low": {
        "dmean": 0.000635502510704,
        "dmean2": 0.000804286974017,
        "dvar": 5.67512324778e-06,
        "dvar2": 1.09147313196e-05,
        "max": 0.0298315100372,
        "mean": 0.000851021904964,
        "median": 8.24057588034e-06,
        "min": 1.01446842038e-08,
        "var": 1.13510777737e-05
    },
    "spectral_energyband_middle_high": {
        "dmean": 0.000791226455476,
        "dmean2": 0.00119020673446,
        "dvar": 5.25575660504e-06,
        "dvar2": 1.18030875456e-05,
        "max": 0.0186589360237,
        "mean": 0.00119734625332,
        "median": 0.000262344867224,
        "min": 6.5883074285e-07,
        "var": 7.90303420217e-06
    },
    "spectral_energyband_middle_low": {
        "dmean": 0.00907415058464,
        "dmean2": 0.0133299250156,
        "dvar": 0.000589355884586,
        "dvar2": 0.00138633686583,
        "max": 0.198414027691,
        "mean": 0.0105678476393,
        "median": 0.00254698423669,
        "min": 3.48528919858e-05,
        "var": 0.000678402953781
    },
    "spectral_entropy": {
        "dmean": 0.241283461452,
        "dmean2": 0.394263654947,
        "dvar": 0.0777421891689,
        "dvar2": 0.168356612325,
        "max": 7.7596745491,
        "mean": 6.62999486923,
        "median": 6.69936466217,
        "min": 4.86115598679,
        "var": 0.227406546474
    },
    "spectral_flux": {
        "dmean": 0.0270465519279,
        "dmean2": 0.0424375683069,
        "dvar": 0.00255564576946,
        "dvar2": 0.00558862648904,
        "max": 0.432506382465,
        "mean": 0.0554137006402,
        "median": 0.0349183753133,
        "min": 0.00286745280027,
        "var": 0.00424662511796
    },
    "spectral_kurtosis": {
        "dmean": 13.017455101,
        "dmean2": 20.6438770294,
        "dvar": 318.209899902,
        "dvar2": 655.302734375,
        "max": 239.834213257,
        "mean": 30.1020298004,
        "median": 20.2503585815,
        "min": 3.59113073349,
        "var": 1472.83520508
    },
    "spectral_rms": {
        "dmean": 0.00100998696871,
        "dmean2": 0.00144192180596,
        "dvar": 2.98188410852e-06,
        "dvar2": 6.2927883846e-06,
        "max": 0.0144154280424,
        "mean": 0.00241093873046,
        "median": 0.00167608796619,
        "min": 0.000188408928807,
        "var": 5.76577531319e-06
    },
    "spectral_rolloff": {
        "dmean": 141.794113159,
        "dmean2": 224.463180542,
        "dvar": 14174.5830078,
        "dvar2": 36309.5273438,
        "max": 1098.19335938,
        "mean": 669.278930664,
        "median": 667.529296875,
        "min": 344.53125,
        "var": 35830.609375
    },
    "spectral_skewness": {
        "dmean": 0.832958877087,
        "dmean2": 1.35875141621,
        "dvar": 0.9498026371,
        "dvar2": 2.03618550301,
        "max": 13.0026626587,
        "mean": 3.76226878166,
        "median": 3.37886381149,
        "min": 1.45691537857,
        "var": 3.91457748413
    },
    "spectral_spread": {
        "dmean": 710789.4375,
        "dmean2": 1145517.375,
        "dvar": 1.91668695859e+12,
        "dvar2": 2.81686704128e+12,
        "max": 16381022,
        "mean": 2134675,
        "median": 1832652.25,
        "min": 559460.375,
        "var": 1.94881703117e+12
    },
    "spectral_strongpeak": {
        "dmean": 0.28421702981,
        "dmean2": 0.446830451488,
        "dvar": 0.207657292485,
        "dvar2": 0.435006439686,
        "max": 4.31071090698,
        "mean": 0.437069118023,
        "median": 0.262562930584,
        "min": 0.0121703343466,
        "var": 0.328270584345
    },
    "zerocrossingrate": {
        "dmean": 0.00262566329911,
        "dmean2": 0.00327581097372,
        "dvar": 4.81239658257e-06,
        "dvar2": 8.39687527332e-06,
        "max": 0.0361328125,
        "mean": 0.0246917717159,
        "median": 0.0244140625,
        "min": 0.01025390625,
        "var": 2.73991227004e-05
    },
    "barkbands": {
        "dmean": [1.86193389595e-07, 6.15472515619e-07, 0.000127614795929, 0.000902262108866, 0.00184433709364, 0.00553425587714, 0.000960596720688, 0.000354591204086, 0.000609285780229, 0.000358594028512, 0.00015857561084, 0.000184141579666, 0.000103270809632, 7.17155344319e-05, 5.99306367803e-05, 5.34488644917e-05, 4.0433864342e-05, 3.85638886655e-05, 2.94788260362e-05, 2.28848384722e-05, 1.45007670653e-05, 3.20975027535e-06, 3.64306220035e-06, 4.41021120423e-06, 2.24266000259e-06, 4.35682295574e-07, 7.14295183002e-08],
        "dmean2": [3.14848563221e-07, 1.03505101379e-06, 0.000172923755599, 0.00125217367895, 0.00271793152206, 0.00897764321417, 0.00164812779985, 0.000589573406614, 0.00101421400905, 0.000603880849667, 0.000274382589851, 0.000276081816992, 0.000167291946127, 0.000108162756078, 9.66427542153e-05, 8.19808119559e-05, 6.41362275928e-05, 6.79636432324e-05, 4.64320401079e-05, 3.94484231947e-05, 2.61750028585e-05, 5.42066527487e-06, 6.7434571065e-06, 8.34226375446e-06, 4.20928381573e-06, 8.05728234354e-07, 1.25906282733e-07],
        "dvar": [1.32727582722e-13, 2.69327008612e-12, 2.23832572033e-07, 1.00155657492e-05, 1.49979041453e-05, 0.000299747480312, 8.16844567453e-06, 3.86680682141e-07, 2.87173656943e-06, 8.81946562004e-07, 1.70720554138e-07, 2.2130713262e-07, 9.57915702315e-08, 5.73257388226e-08, 5.50427508017e-08, 3.15566133224e-08, 1.99526510869e-08, 2.71186788581e-08, 1.20989023245e-08, 8.59149995591e-09, 4.40635439247e-09, 2.08947831259e-10, 2.89157198186e-10, 4.39346670156e-10, 5.20903667423e-11, 1.56204508963e-12, 3.49387944791e-14],
        "dvar2": [3.31802131343e-13, 4.80341591155e-12, 4.43820482587e-07, 2.11619826587e-05, 3.19985265378e-05, 0.000765123870224, 2.23177521548e-05, 9.83156951406e-07, 7.77426157583e-06, 2.3404111289e-06, 4.79074401483e-07, 4.65519036652e-07, 2.11703820696e-07, 1.06504820963e-07, 1.45366030324e-07, 7.89475578244e-08, 4.96603966837e-08, 7.42913641716e-08, 2.9982000882e-08, 2.34114203579e-08, 1.25736292489e-08, 5.62185020758e-10, 8.42299840986e-10, 1.28885413453e-09, 1.49428275309e-10, 4.44330249677e-12, 8.52581080821e-14],
        "max": [2.59284001913e-06, 1.31890974444e-05, 0.00587166054174, 0.0340811051428, 0.0301839690655, 0.135672330856, 0.0266236383468, 0.00487854704261, 0.0146681722254, 0.00730492733419, 0.00367292552255, 0.00534108094871, 0.0023016941268, 0.00276758545078, 0.00236368528567, 0.00154817162547, 0.00131911993958, 0.00117978302296, 0.000973071088083, 0.000715165864676, 0.000554902129807, 0.000138881136081, 0.000148940409417, 0.000185058292118, 5.37235646334e-05, 7.30340843802e-06, 1.06057518678e-06],
        "mean": [1.7538229713e-07, 4.82618190745e-07, 0.000173966400325, 0.00113064178731, 0.00210031215101, 0.00500082876533, 0.000951068650465, 0.000477485038573, 0.000680369033944, 0.000431261112681, 0.000194516644115, 0.00025399227161, 0.00012416424579, 9.21115351957e-05, 6.48232671665e-05, 5.32896556251e-05, 4.23328492616e-05, 3.21357547364e-05, 2.64234931819e-05, 1.82087260328e-05, 1.00427951111e-05, 2.62958474195e-06, 2.31399394579e-06, 2.64380128101e-06, 1.34121876272e-06, 2.63647450538e-07, 5.23898684435e-08],
        "median": [8.20484160613e-08, 3.33175655953e-08, 1.69121142335e-06, 2.99581788568e-05, 0.000443372206064, 0.0007004608633, 0.000283788045635, 0.000147540908074, 0.000191221843124, 0.00010935751925, 3.62194914487e-05, 4.85029959236e-05, 2.14151441469e-05, 1.09297889139e-05, 6.53221104585e-06, 5.01471731695e-06, 2.78967399936e-06, 1.81863106263e-06, 1.28418696477e-06, 8.23834739094e-07, 3.73754033944e-07, 1.50135704757e-07, 9.51055625364e-08, 9.18922680171e-08, 4.46561188028e-08, 8.41737879398e-09, 8.38654479196e-09],
        "min": [4.11023465263e-10, 1.36117472849e-09, 2.54470933214e-09, 9.58706181109e-09, 2.77838154261e-07, 1.8708673224e-06, 7.64116703067e-06, 3.34850801664e-06, 3.90625018554e-07, 1.64360912436e-07, 2.04064505738e-07, 1.32860350277e-07, 4.09827833892e-08, 6.28860341578e-09, 1.44637168908e-09, 1.75675463066e-09, 1.33268807101e-09, 1.08348152672e-09, 6.4936012123e-10, 6.34040708825e-10, 5.91792392868e-10, 3.48205325684e-10, 3.1841448922e-10, 3.50751899747e-10, 5.0598109036e-10, 6.45129116794e-10, 5.41755973416e-09],
        "var": [1.08487857912e-13, 2.34680547564e-12, 4.42672444478e-07, 1.70426246768e-05, 2.0037887225e-05, 0.000259509455645, 6.49483763482e-06, 6.57976784169e-07, 2.56528664977e-06, 1.04024047687e-06, 1.91088318502e-07, 3.5753737393e-07, 1.08048460845e-07, 8.90541542731e-08, 5.1250584221e-08, 3.05135401391e-08, 2.16778826001e-08, 1.93953546557e-08, 1.09117950231e-08, 6.15880457744e-09, 2.76863088011e-09, 1.57566223957e-10, 1.65356076054e-10, 2.42839220954e-10, 3.03241563804e-11, 9.27183026536e-13, 2.40660762802e-14]
    },
    "erbbands": {
        "dmean": [5.4674288549e-05, 0.00157037877943, 0.103142172098, 1.86450386047, 3.71995735168, 6.52202415466, 40.9768218994, 31.2313632965, 16.495098114, 10.2169008255, 8.47550296783, 15.1164569855, 14.2503051758, 6.0848493576, 6.86288976669, 6.14079904556, 5.00685834885, 3.91207432747, 3.19424986839, 2.54041576385, 3.33783340454, 2.21025633812, 2.27792906761, 1.38590204716, 1.43209397793, 1.12619578838, 0.690100848675, 0.461474537849, 0.143978014588, 0.0798529237509, 0.120145872235, 0.102786116302, 0.0638513416052, 0.0277313888073, 0.0149615155533, 0.0039270138368, 0.00036045073648, 8.06930838735e-05, 1.53395249072e-05, 1.1217483916e-05],
        "dmean2": [7.38015151001e-05, 0.00215933681466, 0.135702162981, 2.4041287899, 5.50565910339, 10.2582941055, 69.7047729492, 49.3450317383, 26.4677619934, 18.1434440613, 14.1118488312, 25.749042511, 24.2039337158, 10.0425338745, 11.7592468262, 9.23957252502, 8.23027801514, 5.90115070343, 5.38591718674, 3.92060017586, 5.12992286682, 3.49263906479, 3.96795201302, 2.22105550766, 2.30005860329, 1.96819913387, 1.21716976166, 0.835288524628, 0.25284460187, 0.139039695263, 0.224952191114, 0.195260763168, 0.120111696422, 0.0517980828881, 0.0282576046884, 0.0073640611954, 0.000640966114588, 0.000144186458783, 2.51370147453e-05, 1.66273621289e-05],
        "dvar": [2.63360071528e-08, 2.68634285021e-05, 0.142815202475, 44.1672668457, 62.39453125, 210.255996704, 21365.5234375, 7144.14941406, 2613.68896484, 684.352783203, 304.79598999, 1995.4140625, 1512.9720459, 219.437530518, 313.253845215, 241.010238647, 253.671875, 189.295715332, 162.316772461, 83.6079330444, 126.000076294, 60.5018806458, 98.0775909424, 27.0556945801, 29.6886825562, 22.12059021, 8.43188095093, 5.62587165833, 0.467847943306, 0.127824693918, 0.355167269707, 0.285459846258, 0.0676741823554, 0.00779647100717, 0.00264046969824, 0.000141967524542, 8.58665941905e-07, 4.52052617561e-08, 1.38542355366e-09, 8.83263240326e-10],
        "dvar2": [5.05718773525e-08, 5.26544245076e-05, 0.281028926373, 88.0609817505, 114.296417236, 467.068572998, 57131.0390625, 16690.3125, 6323.41503906, 1874.84240723, 840.83215332, 5390.70361328, 4060.52441406, 531.764953613, 806.44720459, 435.161682129, 553.307189941, 418.621948242, 430.111358643, 208.245895386, 307.352813721, 155.396972656, 272.959442139, 63.3442611694, 75.8263015747, 61.4080162048, 23.8576984406, 15.9346427917, 1.30005848408, 0.361700087786, 1.03866350651, 0.84287405014, 0.196386933327, 0.022332156077, 0.00763370795175, 0.00040716707008, 2.35893048739e-06, 1.22270179759e-07, 3.47714612658e-09, 2.02180538977e-09],
        "max": [0.00194433471188, 0.0616201087832, 4.65134191513, 78.7673721313, 65.2819976807, 124.765472412, 1090.39599609, 657.201477051, 511.457489014, 239.988388062, 112.780586243, 402.907409668, 337.107269287, 107.06427002, 165.948608398, 164.941192627, 115.956565857, 155.809326172, 131.854675293, 90.3223419189, 95.107963562, 68.1846084595, 74.5371627808, 46.2123527527, 45.4591560364, 36.7576522827, 19.9436721802, 21.9491901398, 6.36705160141, 3.23711800575, 5.31588602066, 4.74385166168, 2.19693398476, 0.61823797226, 0.417373389006, 0.0818356499076, 0.0054999650456, 0.00116132781841, 0.000241955000092, 0.000245021656156],
        "mean": [7.34126806492e-05, 0.00208387291059, 0.140044108033, 2.45494508743, 4.51231384277, 7.26524114609, 32.9532852173, 32.7761993408, 16.8742866516, 12.7991294861, 10.4309682846, 16.3999824524, 17.0423870087, 8.94204330444, 9.30503177643, 8.98135089874, 6.43425750732, 4.98844099045, 3.81740140915, 2.7175860405, 3.20125150681, 2.26297426224, 1.86593699455, 1.39268684387, 1.23774194717, 0.86666238308, 0.506207585335, 0.318993806839, 0.112651266158, 0.0590157620609, 0.0742521435022, 0.0610758885741, 0.0387569926679, 0.0169707499444, 0.00874681025743, 0.00231172004715, 0.000237670101342, 5.26753210579e-05, 1.37196821015e-05, 1.38946725201e-05],
        "median": [8.90153114597e-06, 0.000119351607282, 0.00290585239418, 0.0913427397609, 0.785768985748, 1.65856647491, 3.27868890762, 5.82941150665, 3.99348855019, 4.65899658203, 2.58066225052, 4.0647315979, 4.76580810547, 2.30494618416, 2.06481695175, 1.64864015579, 1.07807552814, 0.663176715374, 0.428079366684, 0.309760570526, 0.259076744318, 0.155771583319, 0.101920112967, 0.0764734968543, 0.0599246807396, 0.0382509119809, 0.0240995250642, 0.0117704626173, 0.00558653380722, 0.00348927197047, 0.00251058489084, 0.00188123562839, 0.00144217454363, 0.000657568569295, 0.000232023012359, 6.36735348962e-05, 1.22426554299e-05, 2.80894914795e-06, 2.74196781902e-06, 3.40198880622e-06],
        "min": [1.01888275594e-07, 3.82534466326e-07, 3.08499465973e-06, 2.67898576567e-05, 0.000327093963278, 0.000721465388779, 0.00308129331097, 0.0211463160813, 0.0781195685267, 0.118422135711, 0.0721857696772, 0.0120367212221, 0.00934605300426, 0.00641139410436, 0.0057829413563, 0.00611273758113, 0.00241677719168, 0.00055156921735, 0.000252136873314, 8.6299762188e-05, 0.000104462706076, 7.14634588803e-05, 7.40628820495e-05, 3.95106544602e-05, 3.97303301725e-05, 2.85377827822e-05, 3.00457286357e-05, 1.81358627742e-05, 1.21971361295e-05, 9.81280663837e-06, 9.00867689779e-06, 7.90505328041e-06, 6.43161047265e-06, 5.25496579939e-06, 3.80284132007e-06, 2.09037830246e-06, 1.24135146962e-06, 9.6843132269e-07, 6.40241296423e-07, 1.4266733217e-07],
        "var": [5.08609261374e-08, 5.18963388458e-05, 0.281309127808, 83.2813568115, 109.505004883, 246.373855591, 15823.0566406, 7731.35449219, 2500.5612793, 611.235717773, 386.443115234, 1699.3815918, 1670.92712402, 317.876373291, 436.33416748, 451.913818359, 298.306945801, 240.652145386, 162.503509521, 81.9679718018, 124.542480469, 62.5502624512, 68.754989624, 26.6384830475, 25.0443382263, 15.110959053, 5.56006097794, 3.51926469803, 0.320710927248, 0.0835329443216, 0.199247390032, 0.1543931216, 0.0387252010405, 0.00461798114702, 0.0014928819146, 8.20036075311e-05, 5.63072831028e-07, 2.92155561965e-08, 1.14676701468e-09, 1.08172493185e-09]
    },
    "gfcc": {
        "mean": [-198.647125244, 153.916168213, -140.578079224, -37.5112266541, -84.1741027832, -31.2622623444, -50.8386306763, -20.0797309875, -34.8640213013, -18.3750419617, -11.4584445953, -14.8964939117, -4.02631950378],
        "cov": [[12880.9697266, -1248.39941406, -1233.5213623, 1839.73461914, -119.044281006, 549.747009277, -779.186218262, -84.5000152588, -474.165924072, -180.024291992, -275.961395264, -152.554733276, 87.5632400513], [-1248.39941406, 1031.19030762, 382.447113037, -127.202476501, 199.942779541, -100.319030762, 289.113708496, -189.965835571, 106.873466492, -112.41973877, 9.94066524506, -106.678138733, -52.3051795959], [-1233.5213623, 382.447113037, 1038.87573242, -10.6270141602, 123.568946838, -3.02846550941, 89.3924102783, 79.4962387085, 32.2039070129, 78.4750366211, -41.891620636, -36.1275672913, -119.720962524], [1839.73461914, -127.202476501, -10.6270141602, 411.708404541, 54.0145492554, 120.307914734, -93.1074981689, 5.0730547905, -59.211391449, -21.9648189545, -60.3525772095, -62.2501907349, -21.7469043732], [-119.044281006, 199.942779541, 123.568946838, 54.0145492554, 120.147651672, 20.4784049988, 56.6280708313, -25.8600006104, 21.6567440033, -16.5773181915, -17.9887218475, -36.6167373657, -31.7522640228], [549.747009277, -100.319030762, -3.02846550941, 120.307914734, 20.4784049988, 102.012374878, -39.1271820068, 27.3823451996, -26.2546577454, -4.5118522644, -36.3721504211, -24.5699234009, -15.5941581726], [-779.186218262, 289.113708496, 89.3924102783, -93.1074981689, 56.6280708313, -39.1271820068, 175.01789856, -18.9427337646, 84.8825531006, -0.985988199711, 31.0338478088, -15.748383522, -19.0936069489], [-84.5000152588, -189.965835571, 79.4962387085, 5.0730547905, -25.8600006104, 27.3823451996, -18.9427337646, 112.157432556, 13.4625482559, 64.6925888062, 0.107058160007, 18.2631473541, -13.6951961517], [-474.165924072, 106.873466492, 32.2039070129, -59.211391449, 21.6567440033, -26.2546577454, 84.8825531006, 13.4625482559, 91.4556427002, 31.6671772003, 38.9104804993, 1.95702087879, -12.4862594604], [-180.024291992, -112.41973877, 78.4750366211, -21.9648189545, -16.5773181915, -4.5118522644, -0.985988199711, 64.6925888062, 31.6671772003, 79.5834884644, 31.2382354736, 31.3065452576, -5.34933567047], [-275.961395264, 9.94066524506, -41.891620636, -60.3525772095, -17.9887218475, -36.3721504211, 31.0338478088, 0.107058160007, 38.9104804993, 31.2382354736, 58.0703735352, 31.2104759216, 14.7957172394], [-152.554733276, -106.678138733, -36.1275672913, -62.2501907349, -36.6167373657, -24.5699234009, -15.748383522, 18.2631473541, 1.95702087879, 31.3065452576, 31.2104759216, 54.4842643738, 19.625328064], [87.5632400513, -52.3051795959, -119.720962524, -21.7469043732, -31.7522640228, -15.5941581726, -19.0936069489, -13.6951961517, -12.4862594604, -5.34933567047, 14.7957172394, 19.625328064, 36.1001358032]],
        "icov": [[0.00052629201673, -0.00118409283459, 0.000953485316131, -0.00256722630002, 0.00175161403604, -0.000581477303058, 0.000992291839793, 3.95231363655e-05, 0.000501590315253, -0.00184880371671, 0.00212667090818, -0.00241738534532, 0.000794793944806], [-0.00118409283459, 0.0131927495822, -0.00662897946313, 0.00770938536152, -0.0096080750227, 0.00417762575671, -0.00910960230976, 0.00964142661542, -0.00458224676549, 0.0137953767553, -0.0126187764108, 0.0187346152961, -0.00771337980404], [0.000953485316131, -0.00662897946313, 0.00577968545258, -0.00523511786014, 0.00450209714472, -0.000699097232427, 0.00363770336844, -0.00390505883843, 0.00479318387806, -0.0111064454541, 0.00896388944238, -0.00988134834915, 0.00990695133805], [-0.00256722630002, 0.00770938536152, -0.00523511786014, 0.01791953668, -0.011746166274, -0.000322681618854, -0.00354884308763, 0.00199236255139, -0.00156850495841, 0.00893672555685, -0.0137113835663, 0.0197963751853, -0.00512233609334], [0.00175161403604, -0.0096080750227, 0.00450209714472, -0.011746166274, 0.0260346550494, -0.00651091709733, 0.00213781185448, 0.00197766022757, 0.000553072313778, -0.0134470527992, 0.0160885024816, -0.0155557962134, 0.0117138940841], [-0.000581477303058, 0.00417762575671, -0.000699097232427, -0.000322681618854, -0.00651091709733, 0.0217799376696, -0.00231210445054, -0.00380902993493, 0.00099193234928, 0.00457920413464, 0.000543283182196, 0.00790826044977, 0.00246386742219], [0.000992291839793, -0.00910960230976, 0.00363770336844, -0.00354884308763, 0.00213781185448, -0.00231210445054, 0.0227056220174, -0.00816089659929, -0.00839686859399, -0.00180736242328, 0.00240169861354, -0.00874015409499, 0.0047101592645], [3.95231363655e-05, 0.00964142661542, -0.00390505883843, 0.00199236255139, 0.00197766022757, -0.00380902993493, -0.00816089659929, 0.0360576063395, -0.00635214149952, -0.015232168138, 0.00855921022594, 0.00822650641203, -0.000854465237353], [0.000501590315253, -0.00458224676549, 0.00479318387806, -0.00156850495841, 0.000553072313778, 0.00099193234928, -0.00839686859399, -0.00635214149952, 0.0377526059747, -0.0160260461271, -0.0122354021296, 0.0038914217148, 0.0147414663807], [-0.00184880371671, 0.0137953767553, -0.0111064454541, 0.00893672555685, -0.0134470527992, 0.00457920413464, -0.00180736242328, -0.015232168138, -0.0160260461271, 0.0691615641117, -0.0391973741353, 0.00818938389421, -0.00724253570661], [0.00212667090818, -0.0126187764108, 0.00896388944238, -0.0137113835663, 0.0160885024816, 0.000543283182196, 0.00240169861354, 0.00855921022594, -0.0122354021296, -0.0391973741353, 0.0771447941661, -0.0396841540933, -0.00315558328293], [-0.00241738534532, 0.0187346152961, -0.00988134834915, 0.0197963751853, -0.0155557962134, 0.00790826044977, -0.00874015409499, 0.00822650641203, 0.0038914217148, 0.00818938389421, -0.0396841540933, 0.0784960910678, -0.02345389314], [0.000794793944806, -0.00771337980404, 0.00990695133805, -0.00512233609334, 0.0117138940841, 0.00246386742219, 0.0047101592645, -0.000854465237353, 0.0147414663807, -0.00724253570661, -0.00315558328293, -0.02345389314, 0.0759700536728]]
    },
    "melbands": {
        "dmean": [1.24939177226e-07, 2.87844486593e-05, 0.000359629746526, 0.000351209193468, 0.00112481415272, 0.000793993473053, 0.000230580903008, 9.55946670729e-05, 7.4094714364e-05, 9.52809932642e-05, 7.03231635271e-05, 2.45676947088e-05, 2.21815116674e-05, 2.19235025725e-05, 1.49537709149e-05, 8.63194236445e-06, 7.74662385084e-06, 5.0872445172e-06, 4.48453420177e-06, 3.50152436113e-06, 3.80110782316e-06, 2.30276918955e-06, 2.29898523685e-06, 1.71748297362e-06, 1.02745741515e-06, 1.25967528675e-06, 8.53213009577e-07, 7.15160410891e-07, 4.2948389023e-07, 3.71152566458e-07, 2.16832205524e-07, 9.06085801944e-08, 3.84574789791e-08, 4.40263860924e-08, 6.85362095965e-08, 6.67766286711e-08, 6.16770918782e-08, 5.04122041889e-08, 2.73239901816e-08, 2.14444071389e-08],
        "dmean2": [1.99574941462e-07, 3.92895417463e-05, 0.000498284120113, 0.000543116824701, 0.00189081509598, 0.00123322033323, 0.000374691502657, 0.000171422783751, 0.000124671045342, 0.000162358250236, 0.000119373435155, 4.04323909606e-05, 3.87809304812e-05, 3.49776346411e-05, 2.522066643e-05, 1.51752437887e-05, 1.18164125524e-05, 8.97958489077e-06, 7.02279703546e-06, 5.46455157746e-06, 5.88031934967e-06, 3.54961593985e-06, 4.07104789701e-06, 2.95888776236e-06, 1.61413220212e-06, 2.06196068575e-06, 1.44206546793e-06, 1.24859604966e-06, 7.44928399854e-07, 6.93453955591e-07, 3.77596052203e-07, 1.58713163501e-07, 6.57793677306e-08, 7.77239677063e-08, 1.28028162294e-07, 1.26625522512e-07, 1.17353550877e-07, 9.53070085075e-08, 5.05407768969e-08, 4.02007103162e-08],
        "dvar": [1.09145765342e-13, 1.1215892215e-08, 1.26467875816e-06, 5.11320990881e-07, 1.50164605657e-05, 5.13549957759e-06, 4.48398679964e-07, 5.73118761338e-08, 2.61277257607e-08, 7.47665112044e-08, 3.612580457e-08, 3.44227379934e-09, 3.03304537042e-09, 4.34224789458e-09, 1.8037569216e-09, 6.8229316641e-10, 8.20752632524e-10, 4.39001002217e-10, 3.39380940018e-10, 1.34588257206e-10, 1.56867810408e-10, 6.08490896559e-11, 1.04772107656e-10, 5.38889627366e-11, 1.37305947862e-11, 2.38205340869e-11, 1.11144045356e-11, 9.08492465285e-12, 3.23438346418e-12, 3.28822494407e-12, 1.25414988724e-12, 1.91667631744e-13, 2.66721510194e-14, 3.86601287008e-14, 1.24611706045e-13, 1.11500957393e-13, 1.03333648875e-13, 4.69231011197e-14, 8.24006610693e-15, 4.56608526217e-15],
        "dvar2": [1.73478459787e-13, 2.22442153586e-08, 2.66582992481e-06, 1.04780610855e-06, 3.9877868403e-05, 1.25285887407e-05, 1.0773478607e-06, 1.57073557716e-07, 7.39238643632e-08, 2.01968219926e-07, 9.62725152931e-08, 8.12579870058e-09, 8.36578983865e-09, 1.05137489825e-08, 3.6996337105e-09, 1.54751855774e-09, 1.88145277136e-09, 1.19315424207e-09, 8.7820239969e-10, 3.47001677392e-10, 3.70673269856e-10, 1.47773127068e-10, 2.99142766114e-10, 1.4428358508e-10, 3.01588407026e-11, 6.15905174084e-11, 2.92350969822e-11, 2.54833289887e-11, 9.04769401761e-12, 9.53232891926e-12, 3.46256877337e-12, 5.29905709156e-13, 7.41634672511e-14, 1.0991573862e-13, 3.64386391069e-13, 3.28396164428e-13, 3.0501320328e-13, 1.36254153576e-13, 2.34507000678e-14, 1.31069903669e-14],
        "max": [2.64818891083e-06, 0.00130585732404, 0.0120081864297, 0.00687579810619, 0.0295888632536, 0.0176648907363, 0.00648317346349, 0.0022665981669, 0.00115384021774, 0.00237671425566, 0.00164706574287, 0.000435833266238, 0.000463938165922, 0.000745173776522, 0.000289389543468, 0.000192178384168, 0.000328684371198, 0.000213723949855, 0.00018823130813, 0.000105108709249, 0.00010174196359, 7.07479630364e-05, 8.13789811218e-05, 6.52228191029e-05, 3.26571389451e-05, 3.97770818381e-05, 2.69171068794e-05, 2.37547283177e-05, 1.38695786518e-05, 1.53203945956e-05, 1.08003669084e-05, 4.13733050664e-06, 1.49143647832e-06, 1.72582383584e-06, 3.1924466839e-06, 2.91764490612e-06, 2.8534352623e-06, 1.8498146801e-06, 6.10348024566e-07, 4.55049587345e-07],
        "mean": [1.10234111617e-07, 3.91063513234e-05, 0.000454142398667, 0.000407222658396, 0.000930769369006, 0.000791139085777, 0.000240807261434, 0.000130342450575, 8.51961231092e-05, 0.000103296326415, 8.29129203339e-05, 3.56685050065e-05, 2.87492730422e-05, 2.93764605885e-05, 1.88186513697e-05, 1.10729351945e-05, 9.14375414141e-06, 5.9767444327e-06, 4.79046002511e-06, 3.53685277332e-06, 3.63879598808e-06, 2.45240539698e-06, 1.89428669728e-06, 1.45056890233e-06, 1.07757966816e-06, 1.04863192973e-06, 7.20918478692e-07, 5.3912316389e-07, 3.26825698949e-07, 2.47486241278e-07, 1.57082212127e-07, 6.98794764276e-08, 3.23934017388e-08, 3.12055838947e-08, 4.28229398608e-08, 3.9865494017e-08, 3.65431631622e-08, 3.02725311485e-08, 1.73418364113e-08, 1.29723627396e-08],
        "median": [1.81783512687e-08, 4.34668407934e-07, 3.5611759813e-05, 8.89343500603e-05, 0.00011450292368, 0.000129635474877, 6.28794296063e-05, 4.72710744361e-05, 1.96585715457e-05, 2.64222981059e-05, 2.37648819166e-05, 9.52951904765e-06, 5.8445839386e-06, 5.86327860219e-06, 3.51519474862e-06, 1.66652478129e-06, 1.16840419651e-06, 6.21105016307e-07, 4.65424875529e-07, 3.98774375299e-07, 2.67930033715e-07, 1.69215979895e-07, 1.18845889574e-07, 8.02616142437e-08, 5.77459893236e-08, 4.80394319879e-08, 3.19575121921e-08, 2.25845102619e-08, 1.47384486837e-08, 8.81368578121e-09, 6.1500151638e-09, 3.33320904211e-09, 2.34593167114e-09, 1.80354642332e-09, 1.51698198447e-09, 1.20485288413e-09, 1.10627818017e-09, 9.88745307851e-10, 8.60860049912e-10, 4.80363415711e-10],
        "min": [9.37018462821e-10, 1.50924073239e-09, 1.12109184158e-08, 3.1689051383e-08, 8.14468137378e-08, 4.08533082918e-07, 1.30686339617e-06, 1.1277751355e-06, 4.34609347622e-07, 5.12777731387e-08, 4.30632312032e-08, 2.38298252242e-08, 2.29899601578e-08, 1.8027812132e-08, 7.28877491696e-09, 2.88668444703e-09, 5.35099464738e-10, 3.42636419237e-10, 9.89674800445e-11, 1.04770553344e-10, 1.25441337873e-10, 7.35827232479e-11, 6.67879293537e-11, 5.07649304538e-11, 2.97522180503e-11, 2.5891870245e-11, 2.83993731309e-11, 1.76527611973e-11, 2.02704988211e-11, 1.40078192101e-11, 9.0872266309e-12, 6.61148826658e-12, 5.10895102265e-12, 5.34388115356e-12, 4.73376936608e-12, 4.92266036961e-12, 4.13547928541e-12, 3.24479549133e-12, 3.99736363801e-12, 3.92129384519e-12],
        "var": [1.03571597371e-13, 2.20789182492e-08, 2.15503678191e-06, 7.69031089476e-07, 1.14276872409e-05, 5.09946403326e-06, 4.40011802993e-07, 5.71112472869e-08, 2.92636510579e-08, 6.39952801862e-08, 4.01512956216e-08, 5.13856024398e-09, 3.8116811929e-09, 5.41080735772e-09, 2.41759723352e-09, 7.93963728096e-10, 9.5776653275e-10, 4.1133457751e-10, 3.15479697921e-10, 1.21503501704e-10, 1.6383927548e-10, 7.08772554536e-11, 7.05232955367e-11, 4.02027890145e-11, 1.48287875035e-11, 1.92795154841e-11, 8.71163037541e-12, 6.08614981329e-12, 2.19841462742e-12, 1.95621166835e-12, 8.36673720757e-13, 1.31763970936e-13, 1.97526389234e-14, 2.43352294696e-14, 7.00908650781e-14, 6.060715894e-14, 5.59822641803e-14, 2.66346460946e-14, 5.02735018261e-15, 2.67028597754e-15]
    },
    "mfcc": {
        "mean": [-827.819030762, 180.232254028, -15.114947319, -23.3422470093, -30.0564117432, -32.6224021912, -22.0695953369, -25.2114295959, -24.7284564972, -20.505739212, -20.9271678925, -14.6172580719, -13.530087471],
        "cov": [[10195.8955078, 11.0406389236, -1859.83691406, 915.997436523, 264.541900635, 128.038223267, -36.3662414551, -280.488433838, -251.693054199, -147.662033081, -482.161712646, -265.205230713, -393.540466309], [11.0406389236, 592.579101562, -30.7644767761, -0.877199292183, 41.8272819519, 61.4940872192, 27.5885353088, -23.5001220703, -27.2321643829, -71.1483078003, -61.4296188354, -76.7292861938, -82.6362304688], [-1859.83691406, -30.7644767761, 1067.07568359, 60.9684753418, 43.5850944519, 34.1742973328, 58.1823730469, 78.9007263184, 91.6152420044, 100.563117981, 136.416259766, 82.1186676025, 88.8943939209], [915.997436523, -0.877199292183, 60.9684753418, 257.420318604, 84.2471618652, 40.8650779724, 24.9124546051, -20.4766483307, 0.797997832298, 22.8757019043, -20.039270401, -8.61376953125, -38.6596450806], [264.541900635, 41.8272819519, 43.5850944519, 84.2471618652, 133.396072388, 41.9308052063, 27.3671360016, -3.77347278595, 4.63361644745, 13.4227705002, -14.4123439789, -19.8817844391, -20.5811004639], [128.038223267, 61.4940872192, 34.1742973328, 40.8650779724, 41.9308052063, 68.8729858398, 20.7829704285, 6.22738695145, 5.80076932907, 5.05851602554, -1.87838971615, -7.7324385643, -20.0768356323], [-36.3662414551, 27.5885353088, 58.1823730469, 24.9124546051, 27.3671360016, 20.7829704285, 49.1418190002, 15.3099126816, 20.7827510834, 14.6807765961, 10.9930229187, 7.72769165039, 3.45111274719], [-280.488433838, -23.5001220703, 78.9007263184, -20.4766483307, -3.77347278595, 6.22738695145, 15.3099126816, 44.4149856567, 27.9633045197, 22.6968841553, 27.9871578217, 18.692527771, 16.6411914825], [-251.693054199, -27.2321643829, 91.6152420044, 0.797997832298, 4.63361644745, 5.80076932907, 20.7827510834, 27.9633045197, 54.0503158569, 41.4410018921, 37.2682151794, 28.8410224915, 21.3703937531], [-147.662033081, -71.1483078003, 100.563117981, 22.8757019043, 13.4227705002, 5.05851602554, 14.6807765961, 22.6968841553, 41.4410018921, 67.5871200562, 47.3334121704, 36.3903007507, 25.5871105194], [-482.161712646, -61.4296188354, 136.416259766, -20.039270401, -14.4123439789, -1.87838971615, 10.9930229187, 27.9871578217, 37.2682151794, 47.3334121704, 77.8593292236, 60.0067443848, 47.8354110718], [-265.205230713, -76.7292861938, 82.1186676025, -8.61376953125, -19.8817844391, -7.7324385643, 7.72769165039, 18.692527771, 28.8410224915, 36.3903007507, 60.0067443848, 73.2587890625, 55.0013999939], [-393.540466309, -82.6362304688, 88.8943939209, -38.6596450806, -20.5811004639, -20.0768356323, 3.45111274719, 16.6411914825, 21.3703937531, 25.5871105194, 47.8354110718, 55.0013999939, 71.5306930542]],
