{
"lowlevel": {
    "average_loudness": 0.910765707493,
    "barkbands_crest": {
        "dmean": 3.37531208992,
        "dmean2": 5.97368860245,
        "dvar": 8.3995256424,
        "dvar2": 20.2647018433,
        "max": 23.4189186096,
        "mean": 9.04646110535,
        "median": 7.66148138046,
        "min": 2.77744174004,
        "var": 18.3328952789
    },
    "barkbands_flatness_db": {
        "dmean": 0.0224756486714,
        "dmean2": 0.0373115576804,
        "dvar": 0.000363821658539,
        "dvar2": 0.000890623952728,
        "max": 0.186553195119,
        "mean": 0.0758148059249,
        "median": 0.0722865611315,
        "min": 0.0250134970993,
        "var": 0.000951605034061
    },
    "barkbands_kurtosis": {
        "dmean": 1.98393678665,
        "dmean2": 3.32399582863,
        "dvar": 6.49571943283,
        "dvar2": 18.9890727997,
        "max": 17.1259613037,
        "mean": 1.10066819191,
        "median": -0.333025455475,
        "min": -1.79164099693,
        "var": 11.9834632874
    },
    "barkbands_skewness": {
        "dmean": 0.634189784527,
        "dmean2": 0.998870074749,
        "dvar": 0.330092817545,
        "dvar2": 0.874980032444,
        "max": 4.21251535416,
        "mean": 1.16222941875,
        "median": 1.08902978897,
        "min": -1.5190615654,
        "var": 0.972632646561
    },
    "barkbands_spread": {
        "dmean": 15.6831951141,
        "dmean2": 24.1945056915,
        "dvar": 190.050384521,
        "dvar2": 512.314086914,
        "max": 124.662498474,
        "mean": 71.1343307495,
        "median": 74.5048370361,
        "min": 12.9271383286,
        "var": 1006.91717529
    },
    "dissonance": {
        "dmean": 0.0165762361139,
        "dmean2": 0.0277476999909,
        "dvar": 0.000358330202289,
        "dvar2": 0.000700975360814,
        "max": 0.499146878719,
        "mean": 0.475372076035,
        "median": 0.480034857988,
        "min": 0.332693815231,
        "var": 0.000409864383982
    },
    "dynamic_complexity": 13.9761724472,
    "erbbands_crest": {
        "dmean": 2.30130267143,
        "dmean2": 4.03735685349,
        "dvar": 3.4492828846,
        "dvar2": 9.77070045471,
        "max": 14.4746217728,
        "mean": 5.88117694855,
        "median": 5.5692949295,
        "min": 2.15509486198,
        "var": 6.10374641418
    },
    "erbbands_flatness_db": {
        "dmean": 0.0113944541663,
        "dmean2": 0.0185383968055,
        "dvar": 0.000124597514514,
        "dvar2": 0.000284142879536,
        "max": 0.155776813626,
        "mean": 0.0707370042801,
        "median": 0.0554430149496,
        "min": 0.0307962615043,
        "var": 0.00117750070058
    },
    "erbbands_kurtosis": {
        "dmean": 0.611867308617,
        "dmean2": 1.0088737011,
        "dvar": 0.485922724009,
        "dvar2": 1.1698179245,
        "max": 4.82042741776,
        "mean": -0.0485997274518,
        "median": -0.50633263588,
        "min": -1.39040756226,
        "var": 1.94430685043
    },
    "erbbands_skewness": {
        "dmean": 0.362619906664,
        "dmean2": 0.581832647324,
        "dvar": 0.117001198232,
        "dvar2": 0.2418769449,
        "max": 1.94908499718,
        "mean": 0.628180205822,
        "median": 0.674937725067,
        "min": -1.09209692478,
        "var": 0.426365584135
    },
    "erbbands_spread": {
        "dmean": 8.9934720993,
        "dmean2": 14.2924051285,
        "dvar": 57.5175094604,
        "dvar2": 140.97517395,
        "max": 95.4703979492,
        "mean": 63.5363464355,
        "median": 65.827507019,
        "min": 23.6601676941,
        "var": 300.471710205
    },
    "hfc": {
        "dmean": 98.2576446533,
        "dmean2": 176.713562012,
        "dvar": 420118.21875,
        "dvar2": 1205319.875,
        "max": 5558.32177734,
        "mean": 67.5807266235,
        "median": 0.650555551052,
        "min": 0.258402734995,
        "var": 263485.375
    },
    "melbands_crest": {
        "dmean": 4.06695175171,
        "dmean2": 7.29675340652,
        "dvar": 11.2915391922,
        "dvar2": 34.3707542419,
        "max": 28.635175705,
        "mean": 11.2861671448,
        "median": 10.5297336578,
        "min": 3.2073161602,
        "var": 18.8162784576
    },
    "melbands_flatness_db": {
        "dmean": 0.0247903782874,
        "dmean2": 0.0399766042829,
        "dvar": 0.000621609156951,
        "dvar2": 0.00133232667577,
        "max": 0.22723788023,
        "mean": 0.130451723933,
        "median": 0.134119331837,
        "min": 0.0251541305333,
        "var": 0.00164964364376
    },
    "melbands_kurtosis": {
        "dmean": 6.23788881302,
        "dmean2": 10.3315849304,
        "dvar": 71.0969619751,
        "dvar2": 173.448806763,
        "max": 68.4839782715,
        "mean": 14.2664728165,
        "median": 12.6014032364,
        "min": -1.38035225868,
        "var": 109.172180176
    },
    "melbands_skewness": {
        "dmean": 0.651161432266,
        "dmean2": 1.09801721573,
        "dvar": 0.517714142799,
        "dvar2": 1.21915543079,
        "max": 6.40883874893,
        "mean": 2.95908498764,
        "median": 2.91756701469,
        "min": 0.427629709244,
        "var": 1.00140023232
    },
    "melbands_spread": {
        "dmean": 12.807674408,
        "dmean2": 20.7062988281,
        "dvar": 457.220062256,
        "dvar2": 1184.18286133,
        "max": 160.489746094,
        "mean": 33.1228790283,
        "median": 24.0764293671,
        "min": 6.42179679871,
        "var": 725.65423584
    },
    "pitch_salience": {
        "dmean": 0.105450794101,
        "dmean2": 0.186559930444,
        "dvar": 0.00737778982148,
        "dvar2": 0.0170159339905,
        "max": 0.916658520699,
        "mean": 0.655521631241,
        "median": 0.686800181866,
        "min": 0.182620540261,
        "var": 0.0170864760876
    },
    "silence_rate_20dB": {
        "dmean": 0.0166666675359,
        "dmean2": 0.0336134470999,
        "dvar": 0.0163888894022,
        "dvar2": 0.0324835851789,
        "max": 1,
        "mean": 0.983471095562,
        "median": 1,
        "min": 0,
        "var": 0.0162557214499
    },
    "silence_rate_30dB": {
        "dmean": 0.0166666675359,
        "dmean2": 0.0336134470999,
        "dvar": 0.0163888894022,
        "dvar2": 0.0324835851789,
        "max": 1,
        "mean": 0.966942131519,
        "median": 1,
        "min": 0,
        "var": 0.0319650322199
    },
    "silence_rate_60dB": {
        "dmean": 0.0416666679084,
        "dmean2": 0.0840336158872,
        "dvar": 0.0399305932224,
        "dvar2": 0.0769718959928,
        "max": 1,
        "mean": 0.851239681244,
        "median": 1,
        "min": 0,
        "var": 0.126630887389
    },
    "spectral_centroid": {
        "dmean": 357.758239746,
        "dmean2": 583.934692383,
        "dvar": 164770.46875,
        "dvar2": 327811.625,
        "max": 3575.25537109,
        "mean": 1485.71020508,
        "median": 1318.3302002,
        "min": 490.349456787,
        "var": 444760.09375
    },
    "spectral_complexity": {
        "dmean": 2,
        "dmean2": 2.80672264099,
        "dvar": 43.4500007629,
        "dvar2": 55.2315444946,
        "max": 59,
        "mean": 4.17355394363,
        "median": 0,
        "min": 0,
        "var": 129.56489563
    },
    "spectral_decrease": {
        "dmean": 1.47354606295e-09,
        "dmean2": 2.36004726872e-09,
        "dvar": 4.19261688167e-17,
        "dvar2": 7.64160501009e-17,
        "max": -1.06942807474e-12,
        "mean": -2.07720218803e-09,
        "median": -2.5782143781e-11,
        "min": -6.24847658059e-08,
        "var": 7.45026225254e-17
    },
    "spectral_energy": {
        "dmean": 0.0141260093078,
        "dmean2": 0.0222201794386,
        "dvar": 0.00582914473489,
        "dvar2": 0.0150040872395,
        "max": 0.720820248127,
        "mean": 0.0139696234837,
        "median": 0.000152512599016,
        "min": 5.48994066776e-05,
        "var": 0.00547986291349
    },
    "spectral_energyband_high": {
        "dmean": 0.00932892598212,
        "dmean2": 0.0168188977987,
        "dvar": 0.00382854929194,
        "dvar2": 0.010957242921,
        "max": 0.528243303299,
        "mean": 0.00614727614447,
        "median": 2.37697422563e-05,
        "min": 8.51494405651e-06,
        "var": 0.00236710370518
    },
    "spectral_energyband_low": {
        "dmean": 0.000106391140434,
        "dmean2": 0.000155973189976,
        "dvar": 2.54975503822e-07,
        "dvar2": 5.84416227412e-07,
        "max": 0.00492073735222,
        "mean": 0.000116504692414,
        "median": 1.92661937035e-05,
        "min": 3.73366628992e-06,
        "var": 2.85061105387e-07
    },
    "spectral_energyband_middle_high": {
        "dmean": 0.00247786124237,
        "dmean2": 0.00353513145819,
        "dvar": 0.000164067459991,
        "dvar2": 0.000304607616272,
        "max": 0.126033484936,
        "mean": 0.00371389044449,
        "median": 1.22793362607e-05,
        "min": 1.97588497031e-06,
        "var": 0.000309345196001
    },
    "spectral_energyband_middle_low": {
        "dmean": 0.00343219703063,
        "dmean2": 0.00496209878474,
        "dvar": 0.000136806993396,
        "dvar2": 0.000290746655082,
        "max": 0.117885671556,
        "mean": 0.00405479501933,
        "median": 3.7899313611e-05,
        "min": 1.13727492135e-05,
        "var": 0.000218767119804
    },
    "spectral_entropy": {
        "dmean": 0.140014752746,
        "dmean2": 0.222952395678,
        "dvar": 0.0182406660169,
        "dvar2": 0.0403898023069,
        "max": 8.79727458954,
        "mean": 8.24315357208,
        "median": 8.29520893097,
        "min": 7.46664476395,
        "var": 0.079592064023
    },
    "spectral_flux": {
        "dmean": 0.0209055803716,
        "dmean2": 0.0302406977862,
        "dvar": 0.00719366921112,
        "dvar2": 0.0161755718291,
        "max": 0.844910800457,
        "mean": 0.0393064394593,
        "median": 0.00831403303891,
        "min": 0.00440508918837,
        "var": 0.0110288839787
    },
    "spectral_kurtosis": {
        "dmean": 0.64120310545,
        "dmean2": 0.9590741992,
        "dvar": 0.644183337688,
        "dvar2": 1.44747018814,
        "max": 7.53457355499,
        "mean": 3.60407471657,
        "median": 3.51468038559,
        "min": -0.661141633987,
        "var": 2.4450712204
    },
    "spectral_rms": {
        "dmean": 0.000722417840734,
        "dmean2": 0.00101212214213,
        "dvar": 7.38887501939e-06,
        "dvar2": 1.67354100995e-05,
        "max": 0.0265186596662,
        "mean": 0.00141332612839,
        "median": 0.00038573666825,
        "min": 0.000231431185966,
        "var": 1.16314076877e-05
    },
    "spectral_rolloff": {
        "dmean": 3517.98681641,
        "dmean2": 5801.47998047,
        "dvar": 23938658,
        "dvar2": 52301976,
        "max": 21102.5390625,
        "mean": 12352.0537109,
        "median": 16731.2988281,
        "min": 43.06640625,
        "var": 62987092
    },
    "spectral_skewness": {
        "dmean": 0.137828588486,
        "dmean2": 0.203928232193,
        "dvar": 0.0281946677715,
        "dvar2": 0.0648768022656,
        "max": 2.42217969894,
        "mean": 1.64343953133,
        "median": 1.6631321907,
        "min": 0.510258793831,
        "var": 0.102720223367
    },
    "spectral_spread": {
        "dmean": 637182.9375,
        "dmean2": 1006714.6875,
        "dvar": 511171756032,
        "dvar2": 1.18084023091e+12,
        "max": 12114938,
        "mean": 9421424,
        "median": 9870143,
        "min": 5878591.5,
        "var": 2.21804966707e+12
    },
    "spectral_strongpeak": {
        "dmean": 0.225910797715,
        "dmean2": 0.383046835661,
        "dvar": 0.835451364517,
        "dvar2": 2.20201134682,
        "max": 7.90278196335,
        "mean": 0.213160738349,
        "median": 0,
        "min": 0,
        "var": 0.719098865986
    },
    "zerocrossingrate": {
        "dmean": 0.0455078110099,
        "dmean2": 0.0545479916036,
        "dvar": 0.00136247288901,
        "dvar2": 0.00220951531082,
        "max": 0.447265625,
        "mean": 0.23993575573,
        "median": 0.25244140625,
        "min": 0.0302734375,
        "var": 0.00839151535183
    },
    "barkbands": {
        "dmean": [6.99304946465e-05, 1.94036510948e-05, 3.7385532778e-05, 9.08751462703e-05, 0.000822273665108, 0.00102556415368, 0.000683185935486, 0.000304121262161, 0.000688769679982, 0.00117504538503, 0.000207340592169, 0.000311412033625, 0.000154192719492, 0.000113709749712, 0.000101425888715, 0.000114191694593, 0.00035653176019, 0.000478029862279, 0.000411221757531, 0.000169350154465, 0.000177354886546, 0.000631603586953, 0.000996777322143, 0.00364684290253, 0.00193249655422, 0.00108460022602, 0.000831245968584],
        "dmean2": [0.000127143357531, 3.80853780371e-05, 5.54238831683e-05, 0.000158162787557, 0.00127868715208, 0.00158660882153, 0.00114514876623, 0.000384038488846, 0.00105283013545, 0.00169237074442, 0.000262882444076, 0.000496679334901, 0.0002582022571, 0.000161109972396, 0.000156489040819, 0.000182103030966, 0.000654652598314, 0.000923500047065, 0.000598194543272, 0.000305316410959, 0.000314232864184, 0.000952114525717, 0.00172902073245, 0.0069645983167, 0.00341028603725, 0.00206158333458, 0.00162165157963],
        "dvar": [5.45872786972e-08, 1.42977478745e-08, 3.1678851542e-08, 2.23303160851e-07, 8.20545756142e-06, 1.5856256141e-05, 5.42796624359e-06, 1.07044627384e-06, 6.40804000795e-06, 2.97329643217e-05, 8.15774853891e-07, 1.68254405253e-06, 4.12403750261e-07, 2.48755043231e-07, 2.35812635196e-07, 3.47966732761e-07, 5.82689517614e-06, 6.54650784782e-06, 5.48815251022e-06, 9.4153193686e-07, 1.03701870557e-06, 1.49073084685e-05, 3.64344014088e-05, 0.000658930453938, 0.000150603649672, 6.01068786636e-05, 3.69267254428e-05],
        "dvar2": [1.64675753922e-07, 4.3456633847e-08, 5.67420954667e-08, 4.40803063384e-07, 1.78525533556e-05, 3.64243278455e-05, 1.39774147101e-05, 1.4553775145e-06, 1.70726270881e-05, 5.91774041823e-05, 9.60777697401e-07, 4.286913736e-06, 1.12070938485e-06, 4.73161406944e-07, 5.92686376422e-07, 6.93962078913e-07, 1.68051356013e-05, 1.97385488718e-05, 1.16422406791e-05, 1.9214016902e-06, 2.03404329113e-06, 3.34713586199e-05, 0.000102727055491, 0.00195087702014, 0.000425932201324, 0.000177029403858, 0.000109850938316],
        "max": [0.00183285074309, 0.000948143308051, 0.00185174657963, 0.00420178519562, 0.0226982180029, 0.0382356643677, 0.015815993771, 0.0116205113009, 0.0225909929723, 0.0566153414547, 0.0100079905242, 0.0120321642607, 0.00451476685703, 0.00458200043067, 0.00463068950921, 0.0059064347297, 0.0208059772849, 0.0217618178576, 0.023019362241, 0.00856505986303, 0.0094332722947, 0.0364046432078, 0.0523785576224, 0.209173798561, 0.10614541173, 0.0639193281531, 0.0488353930414],
        "mean": [5.60258340556e-05, 1.32398527057e-05, 4.27856502938e-05, 0.000112786750833, 0.000919315905776, 0.00106292357668, 0.000603241845965, 0.000361731043085, 0.000647931126878, 0.00150121678598, 0.000285509857349, 0.000275655358564, 0.000130128260935, 0.000147053156979, 0.000110821929411, 0.00012020815484, 0.000258181913523, 0.000456581299659, 0.000547674077097, 0.000207091128686, 0.000213829756831, 0.000583331799135, 0.000713588902727, 0.0021318171639, 0.00132119609043, 0.000644448969979, 0.000467211211799],
        "median": [1.98857378564e-05, 4.37225617134e-06, 2.92973527394e-06, 3.97579924538e-06, 9.78639036475e-06, 1.01315290522e-05, 4.71672092317e-06, 3.54492408405e-06, 2.70269561042e-06, 1.76750313585e-06, 1.27489795432e-06, 1.27797807181e-06, 9.19930187138e-07, 7.43381463053e-07, 8.44819737722e-07, 7.1065312568e-07, 6.88554735007e-07, 8.35456830828e-07, 9.09163304641e-07, 8.4529256128e-07, 7.81771404945e-07, 6.93440085797e-07, 1.14258921258e-06, 2.11706469599e-06, 2.55861345977e-06, 1.90246373677e-06, 1.58039274538e-05],
        "min": [1.03051853273e-07, 1.06709663328e-07, 2.99533894577e-07, 1.03410677355e-07, 2.57730391695e-07, 5.92244987274e-07, 3.79490273872e-07, 1.26266584743e-07, 4.32379948734e-07, 2.94565580816e-07, 2.077055683e-08, 1.10786700702e-07, 1.39627402973e-07, 1.12357383841e-07, 1.00336656317e-07, 1.03534439688e-07, 9.33584445306e-08, 1.30214189653e-07, 1.00065577158e-07, 1.07191922893e-07, 1.31787757596e-07, 1.16185098875e-07, 1.83731771131e-07, 2.5835163342e-07, 3.33112154749e-07, 5.50013396605e-07, 2.38856705437e-06],
        "var": [2.95566948694e-08, 7.32105176482e-09, 4.56263755666e-08, 2.90932092639e-07, 1.2015178072e-05, 1.96381552087e-05, 4.71042085337e-06, 2.10000530387e-06, 7.37380696592e-06, 5.3745254263e-05, 1.82716803465e-06, 1.72687384747e-06, 3.32953732141e-07, 4.17790772644e-07, 2.71696080745e-07, 4.31696122405e-07, 3.73792227037e-06, 6.55412623018e-06, 8.41670862428e-06, 1.28110696096e-06, 1.41522968988e-06, 1.51169069795e-05, 2.40979752562e-05, 0.000361040176358, 9.71018525888e-05, 3.38591744367e-05, 1.95703996724e-05]
    },
    "erbbands": {
        "dmean": [0.00111912179273, 0.00308681977913, 0.0261175259948, 0.201377049088, 1.86242592335, 2.51592969894, 3.6020128727, 10.8337106705, 8.42719554901, 8.10289382935, 6.99838161469, 13.2105550766, 37.758480072, 20.9243946075, 13.3185148239, 9.669008255, 6.39172267914, 6.95823955536, 5.37820100784, 5.6775097847, 6.42566013336, 19.2016544342, 23.5530891418, 21.0071544647, 17.5106601715, 8.59024143219, 7.96487665176, 6.95073747635, 17.5706958771, 37.1890106201, 24.6698532104, 88.6798553467, 43.7849617004, 22.393032074, 14.1934089661, 7.38488864899, 1.01583504677, 0.468975633383, 0.152930110693, 0.00761155318469],
        "dmean2": [0.00219668215141, 0.00559132080525, 0.0418667346239, 0.311047106981, 2.64697265625, 4.19795227051, 6.15388727188, 16.1172561646, 14.2656373978, 14.0960712433, 9.27778339386, 20.3968658447, 52.2196922302, 27.7624492645, 17.8555355072, 14.1023674011, 10.670841217, 10.9875078201, 6.87120819092, 8.18473243713, 11.2868528366, 34.0108070374, 40.7460517883, 35.4463043213, 28.1390972137, 15.1113815308, 13.4348917007, 10.467792511, 25.7672843933, 61.0440750122, 42.2752609253, 170.067672729, 82.7447280884, 40.6991157532, 25.1919002533, 13.7815895081, 1.91667294502, 0.908286452293, 0.298344761133, 0.0148271238431],
        "dvar": [4.74996559205e-05, 0.000279864150798, 0.0165944714099, 0.914072155952, 56.6262207031, 79.1393890381, 119.412033081, 2022.65942383, 932.233642578, 706.380981445, 563.245544434, 2674.74169922, 26709.875, 10156.3720703, 3885.06176758, 1405.27124023, 721.609191895, 934.76763916, 489.59866333, 728.390686035, 1426.76489258, 15929.765625, 23087.7148438, 14219.7558594, 10994.6806641, 2680.97436523, 1977.79797363, 1574.8157959, 11010.0800781, 55465.3476562, 21848.0527344, 385580.125, 92243.1484375, 21218.1113281, 8294.74804688, 2694.57421875, 51.0239028931, 11.5869483948, 1.25320279598, 0.00306698633358],
        "dvar2": [0.000143651865073, 0.000811210309621, 0.0299316570163, 1.6303011179, 101.535964966, 197.868331909, 263.742340088, 4679.9765625, 2367.38989258, 1528.14477539, 1028.0246582, 6600.21044922, 66901.7890625, 16084.5371094, 8224.31445312, 3374.86157227, 1969.70507812, 2243.72583008, 824.423583984, 1684.18640137, 2781.51269531, 44950.5429688, 64978.2265625, 26853.7167969, 27529.5039062, 5316.48193359, 3860.55224609, 3483.15844727, 25460.8710938, 145615.625, 61044.2382812, 1141555.625, 272380.21875, 61506.0625, 23468.2871094, 7828.82421875, 150.126495361, 34.3721008301, 3.72599697113, 0.00913286954165],
        "max": [0.0546040907502, 0.144026562572, 1.24508547783, 9.60283088684, 82.3205108643, 52.0225105286, 67.521446228, 452.279418945, 190.850418091, 164.378662109, 213.369171143, 475.533996582, 1565.42993164, 1119.85864258, 657.506713867, 331.895935059, 199.162872314, 276.750640869, 251.237762451, 261.081665039, 337.128326416, 1115.58605957, 1388.19787598, 1128.34899902, 1006.23425293, 466.998535156, 431.922729492, 381.311553955, 997.855834961, 2142.43554688, 1294.57263184, 5045.87451172, 2501.12109375, 1229.12988281, 785.387023926, 434.479919434, 59.0837860107, 27.527053833, 9.00156879425, 0.445500999689],
        "mean": [0.000770961574744, 0.00254615186714, 0.0317834578454, 0.271383613348, 2.40592455864, 2.5060544014, 3.67210531235, 11.2206344604, 7.64409160614, 10.4855422974, 8.38387966156, 13.326748848, 39.2031326294, 31.472454071, 13.6009273529, 9.56050491333, 5.86334609985, 7.26624774933, 6.33180713654, 6.78476047516, 7.31195545197, 14.8455667496, 21.1640167236, 32.332611084, 21.0352725983, 10.8090190887, 9.39509487152, 7.47023916245, 16.5101947784, 28.469909668, 18.0165557861, 51.485824585, 26.4890136719, 14.6392784119, 9.56522274017, 4.52621221542, 0.613323271275, 0.264284312725, 0.0850327014923, 0.00444807577878],
        "median": [0.000236509979004, 0.000616598001216, 0.00249074888416, 0.0107947262004, 0.0163971744478, 0.033436819911, 0.0527800805867, 0.101039074361, 0.0581246577203, 0.0904509350657, 0.0760460868478, 0.0492279678583, 0.0690438002348, 0.0531435012817, 0.0513558574021, 0.0469843484461, 0.0476804971695, 0.0410636030138, 0.0424914434552, 0.0465805009007, 0.0427377671003, 0.0417928211391, 0.0434031449258, 0.0436240918934, 0.0402112416923, 0.0410580486059, 0.0371244251728, 0.0294460076839, 0.0246479436755, 0.0308948289603, 0.0311840455979, 0.0396332740784, 0.0384557135403, 0.0297146178782, 0.0162057112902, 0.00643440615386, 0.00343104684725, 0.00300465803593, 0.0017388999695, 0.000319128012052],
        "min": [7.25792779122e-06, 9.46763684624e-05, 0.000360500154784, 0.000410422187997, 0.00109216594137, 0.00106042181142, 0.00446695648134, 0.00578713743016, 0.00701818102971, 0.00526917632669, 0.00638089515269, 0.0109089855105, 0.0108830844983, 0.00767316529527, 0.00482014426962, 0.00618581846356, 0.00643123779446, 0.00654157530516, 0.00647560274228, 0.00242146500386, 0.0067695020698, 0.00628719339147, 0.00526292528957, 0.00597747182474, 0.00385486101732, 0.00445827236399, 0.00599871808663, 0.00400631595403, 0.00343474117108, 0.00396936526522, 0.00541754486039, 0.00646165385842, 0.00431980704889, 0.00381676666439, 0.00220798817463, 0.00103370193392, 0.00110519002192, 0.00139573251363, 0.000504179741256, 2.39134333242e-05],
        "var": [2.42477071879e-05, 0.000175524968654, 0.0233435593545, 1.53793990612, 114.282653809, 82.3444747925, 135.67616272, 2524.27880859, 799.691589355, 1021.91113281, 977.816894531, 3111.50805664, 37578.4179688, 22549.671875, 4943.56982422, 1753.03125, 629.817749023, 1096.97558594, 845.350219727, 993.200805664, 1752.21020508, 11076.8544922, 18674.8066406, 28563.6464844, 12599.2822266, 3662.84179688, 2744.10668945, 1839.30541992, 11171.171875, 42584.609375, 14879.53125, 210036.546875, 51866.7851562, 12747.0869141, 5299.578125, 1576.06555176, 28.9781665802, 6.2302737236, 0.665184140205, 0.00162780855317]
    },
    "gfcc": {
        "mean": [-174.215805054, 11.6550645828, -63.5689239502, -11.8129177094, -54.6567077637, -8.36271762848, -32.3662376404, -2.81701755524, -16.4147396088, -5.19767522812, -4.94529438019, -3.83308196068, -4.71254205704],
        "cov": [[13017.2246094, -279.218444824, -2170.81079102, -273.585144043, -2063.74243164, 150.089080811, -1085.26147461, 27.7530994415, -802.025939941, -384.508666992, -422.494140625, -72.2040939331, -226.730163574], [-279.218444824, 435.994903564, -24.444108963, -140.631088257, -64.3368301392, -65.9286727905, -22.4306850433, -94.8050765991, 35.2285079956, 7.53231477737, 1.08221125603, 0.973000109196, 21.5645503998], [-2170.81079102, -24.444108963, 552.464172363, 127.19934845, 407.393341064, -47.9480781555, 186.850646973, 15.9586076736, 108.252876282, 37.7791366577, 42.105922699, 16.6290016174, 35.8332748413], [-273.585144043, -140.631088257, 127.19934845, 166.2865448, 126.679756165, -2.61621975899, 25.0977840424, 40.4864730835, -35.3721046448, -20.8266677856, -11.7752218246, -3.39600729942, -1.70087945461], [-2063.74243164, -64.3368301392, 407.393341064, 126.679756165, 481.159454346, -3.21386384964, 213.528839111, 25.7712612152, 127.820671082, 46.7176437378, 46.0382080078, 13.5945634842, 27.6090679169], [150.089080811, -65.9286727905, -47.9480781555, -2.61621975899, -3.21386384964, 84.8723526001, 14.1790981293, 11.8019981384, 1.7065653801, 5.61247158051, 3.12893176079, -8.74555969238, -5.2768445015], [-1085.26147461, -22.4306850433, 186.850646973, 25.0977840424, 213.528839111, 14.1790981293, 161.454071045, 33.4251365662, 87.685546875, 41.6377372742, 33.9149971008, 5.80999994278, 14.1587085724], [27.7530994415, -94.8050765991, 15.9586076736, 40.4864730835, 25.7712612152, 11.8019981384, 33.4251365662, 63.3995170593, 9.7725687027, 2.56448364258, -1.56218850613, 2.20911860466, -10.9691753387], [-802.025939941, 35.2285079956, 108.252876282, -35.3721046448, 127.820671082, 1.7065653801, 87.685546875, 9.7725687027, 120.844726562, 60.7279396057, 46.7748336792, 12.3119535446, 16.2109584808], [-384.508666992, 7.53231477737, 37.7791366577, -20.8266677856, 46.7176437378, 5.61247158051, 41.6377372742, 2.56448364258, 60.7279396057, 55.9008522034, 40.4605789185, 8.85814094543, 9.24478149414], [-422.494140625, 1.08221125603, 42.105922699, -11.7752218246, 46.0382080078, 3.12893176079, 33.9149971008, -1.56218850613, 46.7748336792, 40.4605789185, 53.9037628174, 18.9656009674, 12.325138092], [-72.2040939331, 0.973000109196, 16.6290016174, -3.39600729942, 13.5945634842, -8.74555969238, 5.80999994278, 2.20911860466, 12.3119535446, 8.85814094543, 18.9656009674, 29.0219306946, 13.0184373856], [-226.730163574, 21.5645503998, 35.8332748413, -1.70087945461, 27.6090679169, -5.2768445015, 14.1587085724, -10.9691753387, 16.2109584808, 9.24478149414, 12.325138092, 13.0184373856, 28.2983989716]],
        "icov": [[0.000773741921876, 0.000448726437753, 0.00124918553047, -0.000383693521144, 0.00153022888117, -0.000760455906857, 0.00113278895151, -0.000288852519589, 0.000277778715827, -0.000862741668243, 0.00420801574364, -0.00341284484603, 0.00179900834337], [0.000448726437753, 0.00549691263586, 0.000841542845592, 0.00153482530732, 0.00218639313243, 0.00304968096316, -0.001746120397, 0.00696316128597, -0.00280150165781, 0.00130139652174, 0.0043499278836, -0.0019968515262, 0.000645067193545], [0.00124918553047, 0.000841542845592, 0.00809892266989, -0.00356556219049, -0.000171130013769, 0.00214004167356, -0.00108236726373, 0.00200679083355, -0.0016368876677, 0.000182060844963, 0.00624843174592, -0.00523919658735, 0.00135011179373], [-0.000383693521144, 0.00153482530732, -0.00356556219049, 0.0259341467172, -0.0131224747747, 0.00176776375156, 0.0110277133062, -0.019476801157, 0.0204613544047, -0.00442797178403, -0.00726562645286, 0.012328996323, -0.010887122713], [0.00153022888117, 0.00218639313243, -0.000171130013769, -0.0131224747747, 0.0185336247087, -0.00219198619016, -0.0110275754705, 0.0141567960382, -0.0137431779876, 0.0046050674282, 0.011874595657, -0.0137663912028, 0.0100660370663], [-0.000760455906857, 0.00304968096316, 0.00214004167356, 0.00176776375156, -0.00219198619016, 0.0182081200182, -0.00560022704303, 0.00243918527849, -0.000191447354155, 0.00173664628528, -0.00669901259243, 0.0101319476962, -0.00394017109647], [0.00113278895151, -0.001746120397, -0.00108236726373, 0.0110277133062, -0.0110275754705, -0.00560022704303, 0.0314046256244, -0.0230540614575, 0.00682723941281, -0.00730326166376, 0.000590951181948, 0.00579410512, -0.00694254599512], [-0.000288852519589, 0.00696316128597, 0.00200679083355, -0.019476801157, 0.0141567960382, 0.00243918527849, -0.0230540614575, 0.052255153656, -0.0230675190687, 0.00664118817076, 0.0126087358221, -0.0199042186141, 0.0218107048422], [0.000277778715827, -0.00280150165781, -0.0016368876677, 0.0204613544047, -0.0137431779876, -0.000191447354155, 0.00682723941281, -0.0230675190687, 0.0462662428617, -0.0277725048363, -0.00484301196411, 0.00740950647742, -0.0100520886481], [-0.000862741668243, 0.00130139652174, 0.000182060844963, -0.00442797178403, 0.0046050674282, 0.00173664628528, -0.00730326166376, 0.00664118817076, -0.0277725048363, 0.0662973076105, -0.0369602032006, 0.0131197655573, -0.00202830485068], [0.00420801574364, 0.0043499278836, 0.00624843174592, -0.00726562645286, 0.011874595657, -0.00669901259243, 0.000590951181948, 0.0126087358221, -0.00484301196411, -0.0369602032006, 0.0808957964182, -0.0495761595666, 0.0162311457098], [-0.00341284484603, -0.0019968515262, -0.00523919658735, 0.012328996323, -0.0137663912028, 0.0101319476962, 0.00579410512, -0.0199042186141, 0.00740950647742, 0.0131197655573, -0.0495761595666, 0.0830213055015, -0.0388726256788], [0.00179900834337, 0.000645067193545, 0.00135011179373, -0.010887122713, 0.0100660370663, -0.00394017109647, -0.00694254599512, 0.0218107048422, -0.0100520886481, -0.00202830485068, 0.0162311457098, -0.0388726256788, 0.0655031576753]]
    },
    "melbands": {
        "dmean": [1.0541143638e-05, 9.64436003414e-06, 7.28318700567e-05, 0.000171917490661, 0.000121535456856, 0.000224793271627, 0.000133966255817, 8.28694537631e-05, 5.70357406104e-05, 9.58661039476e-05, 0.00019429907843, 9.50220419327e-05, 3.36892881023e-05, 3.91759676859e-05, 1.90044120245e-05, 1.39526255225e-05, 1.26086961245e-05, 9.72496582108e-06, 8.62069100549e-06, 7.04107287675e-06, 7.76956949267e-06, 1.77043875738e-05, 2.7221187338e-05, 2.03023791983e-05, 1.88905705727e-05, 1.90675200429e-05, 6.72572514304e-06, 5.21788979313e-06, 4.79097525385e-06, 4.80622111354e-06, 4.38806000602e-06, 6.6217148742e-06, 1.85644494195e-05, 2.37200238189e-05, 1.26199947772e-05, 1.89968359336e-05, 7.34617060516e-05, 2.94722631224e-05, 2.41164052568e-05, 1.73377720785e-05],
        "dmean2": [2.06165987038e-05, 1.59186201927e-05, 9.27354049054e-05, 0.00026943848934, 0.000202822309802, 0.000340482103638, 0.000224617135245, 0.000124638987472, 9.01770836208e-05, 0.000150982887135, 0.000269148789812, 0.000134461850394, 4.66621349915e-05, 6.49379071547e-05, 3.03896758851e-05, 2.39006458287e-05, 2.16736752918e-05, 1.26272834677e-05, 1.4961215129e-05, 1.20708073155e-05, 1.26159184219e-05, 3.1139672501e-05, 4.91442333441e-05, 3.89966262446e-05, 2.90668467642e-05, 3.27965681208e-05, 1.1874250049e-05, 9.3885937531e-06, 8.32226851344e-06, 7.01420958649e-06, 6.94568507242e-06, 1.04790478872e-05, 2.99191324302e-05, 4.23976525781e-05, 2.16293974518e-05, 3.32150993927e-05, 0.000142673845403, 5.59458057978e-05, 4.41777447122e-05, 3.15654797305e-05],
        "dvar": [3.42650929852e-09, 2.35411667937e-09, 9.2759300685e-08, 3.97608403091e-07, 1.41318651004e-07, 8.23808818495e-07, 2.21987804139e-07, 6.12331163552e-08, 5.05259869499e-08, 1.4913550217e-07, 7.11054553904e-07, 2.20620023583e-07, 2.34694557122e-08, 3.39729204768e-08, 7.43599182229e-09, 3.16223380814e-09, 3.32747984721e-09, 1.74208314441e-09, 1.68542590995e-09, 1.34732602852e-09, 1.97936689261e-09, 1.30671775622e-08, 3.45260176005e-08, 1.17912923869e-08, 1.01621662196e-08, 1.36200188905e-08, 1.14025366926e-09, 1.14552167751e-09, 8.29805280045e-10, 6.2540400636e-10, 6.71433908472e-10, 1.50629597684e-09, 1.37408289191e-08, 2.49814622322e-08, 6.16506934392e-09, 1.15409379831e-08, 2.7841423389e-07, 4.20700665416e-08, 2.56333034798e-08, 1.24117951472e-08],
        "dvar2": [1.03933093243e-08, 4.22465618044e-09, 1.6018177007e-07, 7.93891615558e-07, 3.27163036218e-07, 1.89837510334e-06, 5.59238685582e-07, 1.10601668268e-07, 1.14959135544e-07, 3.94718739472e-07, 1.75162006144e-06, 3.61253455594e-07, 3.77790172479e-08, 9.1736310992e-08, 2.0694104208e-08, 7.79234277104e-09, 8.55265103183e-09, 3.51862627923e-09, 4.5662353898e-09, 2.53752152624e-09, 4.03541999816e-09, 3.61787790837e-08, 9.90748532104e-08, 3.47412623114e-08, 1.72543472843e-08, 3.68233372683e-08, 2.4270270238e-09, 2.26258500824e-09, 1.66254277012e-09, 1.40141165339e-09, 1.74716097145e-09, 3.78952424995e-09, 2.87009029876e-08, 7.07965170932e-08, 1.68357363606e-08, 3.29598357496e-08, 8.27237727208e-07, 1.24836958548e-07, 7.41755883382e-08, 3.59999106081e-08],
        "max": [0.000462279800558, 0.000456232286524, 0.00360427331179, 0.00559886964038, 0.00245384825394, 0.00898010097444, 0.00298262247816, 0.0019419118762, 0.00167506502476, 0.00362017052248, 0.00805782433599, 0.005111573264, 0.00162378908135, 0.00172363640741, 0.000668762950227, 0.000377651304007, 0.000523573253304, 0.000465370132588, 0.000376769574359, 0.000347059365595, 0.000416010268964, 0.00102192081977, 0.00160739058629, 0.000938278681133, 0.00101340957917, 0.0010763341561, 0.000303774490021, 0.000298261787975, 0.000265837908955, 0.000255212013144, 0.000244742346695, 0.000367699452909, 0.00108146446291, 0.00136455893517, 0.000700452015735, 0.000897852121852, 0.00426006596535, 0.0016808694927, 0.00135554175358, 0.000937072327361],
        "mean": [7.64871856518e-06, 1.19251817523e-05, 9.57923548413e-05, 0.000206549448194, 0.000118834657769, 0.000232226695516, 0.000123246674775, 0.000109484637505, 6.8866473157e-05, 8.95440243767e-05, 0.000205183881917, 0.000144836783875, 4.03105368605e-05, 3.41006852977e-05, 1.77946894837e-05, 1.28257725009e-05, 1.27297762447e-05, 1.04265391201e-05, 8.82270069269e-06, 8.8219430836e-06, 8.22015226731e-06, 1.40729171108e-05, 1.94176082005e-05, 2.03340241569e-05, 2.71897206403e-05, 2.06355089176e-05, 8.13635961094e-06, 6.61070771457e-06, 5.90047875448e-06, 4.68564121547e-06, 4.11149585489e-06, 6.15986164121e-06, 1.78021764441e-05, 1.62061987794e-05, 9.4877113952e-06, 1.304300622e-05, 4.15302420151e-05, 1.77497367986e-05, 1.55672641995e-05, 1.13917358249e-05],
        "median": [2.97302335639e-06, 1.26569864278e-06, 2.01520197152e-06, 1.83959616606e-06, 1.63828519817e-06, 2.01534498956e-06, 8.87463500021e-07, 9.55715677264e-07, 5.63079993299e-07, 3.25154701386e-07, 3.3350639228e-07, 2.03064317361e-07, 1.71244863623e-07, 1.49894219703e-07, 9.93079893874e-08, 9.44630045296e-08, 6.86901060476e-08, 6.48679545634e-08, 6.29466399005e-08, 5.15509164245e-08, 4.43147598617e-08, 4.30799929063e-08, 3.96450623441e-08, 3.74652735502e-08, 3.59620848656e-08, 2.99734992382e-08, 2.67404782761e-08, 2.5046613672e-08, 2.14175237545e-08, 1.90254461074e-08, 1.50194789938e-08, 1.35171571713e-08, 1.49310022124e-08, 1.89448918775e-08, 1.70353846585e-08, 2.01876115824e-08, 2.43775080122e-08, 2.5980815721e-08, 2.66457238496e-08, 2.40728841305e-08],
        "min": [7.6958947659e-08, 1.48195425709e-07, 9.69027240671e-08, 5.29603489952e-08, 1.49709222796e-07, 1.46377203691e-07, 1.06640854369e-07, 5.38728244237e-08, 5.81291992319e-08, 6.67028814405e-08, 5.15004607848e-08, 3.3762042051e-08, 5.64563906735e-09, 1.37685605139e-08, 1.03416164521e-08, 1.58023851782e-08, 9.33321953056e-09, 9.40262800952e-09, 4.93151164349e-09, 2.73871902934e-09, 7.69163133185e-09, 5.71337199773e-09, 4.77364237028e-09, 5.45379741368e-09, 3.58383278609e-09, 3.01655722623e-09, 3.26737081835e-09, 2.70989608531e-09, 2.72174727201e-09, 2.97898328228e-09, 1.99929606204e-09, 1.77654080336e-09, 2.4784565511e-09, 1.935014593e-09, 2.59781263168e-09, 3.15851722554e-09, 3.46464368306e-09, 2.803929533e-09, 3.55855833689e-09, 2.83618550867e-09],
        "var": [1.73669567616e-09, 3.27129279221e-09, 1.84307140216e-07, 6.85178122239e-07, 1.4823983463e-07, 1.0249772231e-06, 1.98053797362e-07, 1.16690237917e-07, 6.83417766822e-08, 1.56306498411e-07, 1.02701164906e-06, 4.77643197883e-07, 3.95768466888e-08, 3.01880902498e-08, 6.36508312724e-09, 3.0258042738e-09, 3.51118090158e-09, 2.48258635871e-09, 1.73591563346e-09, 1.9072461388e-09, 2.34832153723e-09, 9.4551779739e-09, 2.23108891362e-08, 1.26181323168e-08, 2.08999075824e-08, 1.31445441198e-08, 1.71504654922e-09, 1.47915513171e-09, 1.10890285843e-09, 7.19816928285e-10, 6.16284800969e-10, 1.41523881503e-09, 1.46924765687e-08, 1.59535709088e-08, 4.40343583819e-09, 7.27213844698e-09, 1.49268728933e-07, 2.33923813653e-08, 1.54918264883e-08, 7.4220722901e-09]
    },
    "mfcc": {
        "mean": [-845.234741211, 85.0804214478, 28.1398105621, 0.919675827026, 0.143936902285, -9.51920127869, -2.90015912056, -4.24037694931, -5.45855712891, -0.441384345293, -2.76606678963, -1.24793386459, 0.0983117818832],
        "cov": [[15207.4345703, -1024.46850586, -710.833557129, -1257.07727051, -1077.6204834, -777.632507324, -619.169677734, -195.946731567, -657.766235352, -393.068511963, -499.914550781, -544.872619629, -404.13671875], [-1024.46850586, 477.026916504, 33.1981277466, -15.1386842728, -20.1089191437, 48.5605697632, -59.2099723816, -52.7751235962, 18.4607601166, 8.36439800262, 6.30636405945, 31.1959285736, 28.6601219177], [-710.833557129, 33.1981277466, 152.447799683, 95.6601715088, 58.4660835266, 16.5917034149, 31.1568565369, 3.53776836395, 26.5154342651, -5.13323020935, 9.3801908493, 20.081363678, 4.01344156265], [-1257.07727051, -15.1386842728, 95.6601715088, 280.722198486, 163.894989014, 40.4765853882, 99.4278869629, 47.3057365417, 73.0638580322, 6.26347827911, 38.1100196838, 16.2130336761, 9.15936279297], [-1077.6204834, -20.1089191437, 58.4660835266, 163.894989014, 174.596710205, 76.8885498047, 74.4260482788, 40.9125328064, 62.1155967712, 18.2014389038, 37.3720054626, 29.5233974457, 20.1695613861], [-777.632507324, 48.5605697632, 16.5917034149, 40.4765853882, 76.8885498047, 99.7823410034, 48.5937347412, 13.3803186417, 40.4921302795, 36.8453483582, 27.9495830536, 28.260591507, 26.5087146759], [-619.169677734, -59.2099723816, 31.1568565369, 99.4278869629, 74.4260482788, 48.5937347412, 96.4123153687, 44.7589492798, 42.6155509949, 19.4749526978, 28.2249698639, 11.7369184494, 5.4862537384], [-195.946731567, -52.7751235962, 3.53776836395, 47.3057365417, 40.9125328064, 13.3803186417, 44.7589492798, 56.447467804, 35.5243148804, 10.3614854813, 22.424621582, 4.59401988983, -1.22711932659], [-657.766235352, 18.4607601166, 26.5154342651, 73.0638580322, 62.1155967712, 40.4921302795, 42.6155509949, 35.5243148804, 70.3230285645, 35.3532218933, 32.7041091919, 24.9042377472, 14.9413080215], [-393.068511963, 8.36439800262, -5.13323020935, 6.26347827911, 18.2014389038, 36.8453483582, 19.4749526978, 10.3614854813, 35.3532218933, 61.2443084717, 34.7589607239, 25.4494533539, 23.2442035675], [-499.914550781, 6.30636405945, 9.3801908493, 38.1100196838, 37.3720054626, 27.9495830536, 28.2249698639, 22.424621582, 32.7041091919, 34.7589607239, 49.1928825378, 33.8468132019, 22.7145938873], [-544.872619629, 31.1959285736, 20.081363678, 16.2130336761, 29.5233974457, 28.260591507, 11.7369184494, 4.59401988983, 24.9042377472, 25.4494533539, 33.8468132019, 61.1855316162, 37.1010398865], [-404.13671875, 28.6601219177, 4.01344156265, 9.15936279297, 20.1695613861, 26.5087146759, 5.4862537384, -1.22711932659, 14.9413080215, 23.2442035675, 22.7145938873, 37.1010398865, 49.5931892395]],
