{
"lowlevel": {
    "average_loudness": 0.0197386164218,
    "barkbands_crest": {
        "dmean": 1.95189642906,
        "dmean2": 3.28673028946,
        "dvar": 3.21807146072,
        "dvar2": 7.98743915558,
        "max": 17.6856384277,
        "mean": 6.37603902817,
        "median": 5.84467363358,
        "min": 2.45387172699,
        "var": 6.7021894455
    },
    "barkbands_flatness_db": {
        "dmean": 0.0138147929683,
        "dmean2": 0.0231337044388,
        "dvar": 0.000207144214073,
        "dvar2": 0.000542096502613,
        "max": 0.159068211913,
        "mean": 0.0728030204773,
        "median": 0.0689723864198,
        "min": 0.0375410765409,
        "var": 0.000341231410857
    },
    "barkbands_kurtosis": {
        "dmean": 0.822539508343,
        "dmean2": 1.42346715927,
        "dvar": 3.16594982147,
        "dvar2": 8.00677967072,
        "max": 13.1049442291,
        "mean": -0.63106071949,
        "median": -1.24148666859,
        "min": -1.60427975655,
        "var": 3.67698550224
    },
    "barkbands_skewness": {
        "dmean": 0.424389094114,
        "dmean2": 0.700466930866,
        "dvar": 0.242762058973,
        "dvar2": 0.581017017365,
        "max": 3.20557713509,
        "mean": 0.348157972097,
        "median": 0.290895313025,
        "min": -3.12886929512,
        "var": 0.520636677742
    },
    "barkbands_spread": {
        "dmean": 5.04953765869,
        "dmean2": 8.4817533493,
        "dvar": 33.0815620422,
        "dvar2": 81.7335739136,
        "max": 62.7804450989,
        "mean": 38.6711502075,
        "median": 39.9739227295,
        "min": 10.3707704544,
        "var": 53.4814338684
    },
    "dissonance": {
        "dmean": 0.00723672145978,
        "dmean2": 0.0128719201311,
        "dvar": 0.000210369660635,
        "dvar2": 0.000635423115455,
        "max": 0.500000059605,
        "mean": 0.489859730005,
        "median": 0.491514980793,
        "min": 0.301541894674,
        "var": 0.000145360900206
    },
    "dynamic_complexity": 15.4251747131,
    "erbbands_crest": {
        "dmean": 1.16122937202,
        "dmean2": 1.94459533691,
        "dvar": 1.5512907505,
        "dvar2": 3.85497689247,
        "max": 21.5297622681,
        "mean": 4.84113073349,
        "median": 4.46687173843,
        "min": 2.90072178841,
        "var": 2.8737487793
    },
    "erbbands_flatness_db": {
        "dmean": 0.00921239051968,
        "dmean2": 0.015568385832,
        "dvar": 9.72508860286e-05,
        "dvar2": 0.00026028251159,
        "max": 0.237584903836,
        "mean": 0.136130094528,
        "median": 0.136422812939,
        "min": 0.0808750316501,
        "var": 0.000222223854507
    },
    "erbbands_kurtosis": {
        "dmean": 0.61140948534,
        "dmean2": 1.05946671963,
        "dvar": 0.367729455233,
        "dvar2": 1.02958500385,
        "max": 6.00474357605,
        "mean": -0.00352951977402,
        "median": -0.13582277298,
        "min": -1.49033784866,
        "var": 0.688833296299
    },
    "erbbands_skewness": {
        "dmean": 0.263807088137,
        "dmean2": 0.44361615181,
        "dvar": 0.0839900895953,
        "dvar2": 0.212711051106,
        "max": 1.12134170532,
        "mean": -0.573632121086,
        "median": -0.621419131756,
        "min": -1.92666101456,
        "var": 0.153034344316
    },
    "erbbands_spread": {
        "dmean": 7.32389688492,
        "dmean2": 12.577205658,
        "dvar": 39.5251617432,
        "dvar2": 104.317375183,
        "max": 68.3760299683,
        "mean": 41.9381637573,
        "median": 42.0166053772,
        "min": 10.5379371643,
        "var": 88.9324035645
    },
    "hfc": {
        "dmean": 1.86165702343,
        "dmean2": 1.78032326698,
        "dvar": 39.8431739807,
        "dvar2": 39.0292816162,
        "max": 159.155593872,
        "mean": 6.12474966049,
        "median": 0.216333031654,
        "min": 0.000148538922076,
        "var": 414.764801025
    },
    "melbands_crest": {
        "dmean": 2.92717599869,
        "dmean2": 5.08365440369,
        "dvar": 5.88218593597,
        "dvar2": 16.558681488,
        "max": 22.7281322479,
        "mean": 9.9551486969,
        "median": 9.76476192474,
        "min": 2.87148070335,
        "var": 9.76010894775
    },
    "melbands_flatness_db": {
        "dmean": 0.020635066554,
        "dmean2": 0.0334259755909,
        "dvar": 0.00047500335495,
        "dvar2": 0.00117930816486,
        "max": 0.2308511585,
        "mean": 0.0915133729577,
        "median": 0.0866145640612,
        "min": 0.0294218361378,
        "var": 0.000995618873276
    },
    "melbands_kurtosis": {
        "dmean": 2.44650053978,
        "dmean2": 4.17823648453,
        "dvar": 15.2365684509,
        "dvar2": 38.8449630737,
        "max": 28.5655117035,
        "mean": 2.50026416779,
        "median": 1.36115550995,
        "min": -1.54235982895,
        "var": 17.7385635376
    },
    "melbands_skewness": {
        "dmean": 0.522337794304,
        "dmean2": 0.868069827557,
        "dvar": 0.302380919456,
        "dvar2": 0.762691020966,
        "max": 4.33614063263,
        "mean": 1.58241832256,
        "median": 1.53396916389,
        "min": -1.14670050144,
        "var": 0.582759916782
    },
    "melbands_spread": {
        "dmean": 12.4419460297,
        "dmean2": 20.2038116455,
        "dvar": 140.912414551,
        "dvar2": 309.846618652,
        "max": 152.192520142,
        "mean": 56.5896720886,
        "median": 58.0417480469,
        "min": 8.47667598724,
        "var": 407.504669189
    },
    "pitch_salience": {
        "dmean": 0.0518092364073,
        "dmean2": 0.0865777954459,
        "dvar": 0.00255933310837,
        "dvar2": 0.00707172090188,
        "max": 0.938385784626,
        "mean": 0.709679603577,
        "median": 0.720412194729,
        "min": 0.40202152729,
        "var": 0.00426494888961
    },
    "silence_rate_20dB": {
        "dmean": 0,
        "dmean2": 0,
        "dvar": 0,
        "dvar2": 0,
        "max": 1,
        "mean": 1,
        "median": 1,
        "min": 1,
        "var": 0
    },
    "silence_rate_30dB": {
        "dmean": 0.00476190494373,
        "dmean2": 0.00954653974622,
        "dvar": 0.00473920581862,
        "dvar2": 0.00945534929633,
        "max": 1,
        "mean": 0.995249390602,
        "median": 1,
        "min": 0,
        "var": 0.00472799269482
    },
    "silence_rate_60dB": {
        "dmean": 0.0190476197749,
        "dmean2": 0.0381861589849,
        "dvar": 0.0186848603189,
        "dvar2": 0.0367279648781,
        "max": 1,
        "mean": 0.88361042738,
        "median": 1,
        "min": 0,
        "var": 0.102842524648
    },
    "spectral_centroid": {
        "dmean": 311.825042725,
        "dmean2": 510.600341797,
        "dvar": 116455.265625,
        "dvar2": 279820.78125,
        "max": 4739.92724609,
        "mean": 2446.64111328,
        "median": 2542.22949219,
        "min": 621.530456543,
        "var": 270423.40625
    },
    "spectral_complexity": {
        "dmean": 1.24285709858,
        "dmean2": 1.60381865501,
        "dvar": 10.6935119629,
        "dvar2": 12.4301757812,
        "max": 57,
        "mean": 5.23040390015,
        "median": 0,
        "min": 0,
        "var": 189.832321167
    },
    "spectral_decrease": {
        "dmean": 4.35206010119e-10,
        "dmean2": 6.83228584819e-10,
        "dvar": 3.67744854802e-18,
        "dvar2": 8.84242260903e-18,
        "max": -2.25993794398e-14,
        "mean": -8.77068251359e-10,
        "median": -2.4871533652e-11,
        "min": -3.35994165823e-08,
        "var": 1.01534898179e-17
    },
    "spectral_energy": {
        "dmean": 0.0017760907067,
        "dmean2": 0.00264574331231,
        "dvar": 5.73538891331e-05,
        "dvar2": 0.000131819586386,
        "max": 0.141247794032,
        "mean": 0.00386579707265,
        "median": 0.000116633113066,
        "min": 9.8768140333e-08,
        "var": 0.000189462225535
    },
    "spectral_energyband_high": {
        "dmean": 0.00013576465426,
        "dmean2": 0.000164292010595,
        "dvar": 2.78749070048e-07,
        "dvar2": 4.44330851224e-07,
        "max": 0.0117522152141,
        "mean": 0.000425796955824,
        "median": 1.45338390212e-05,
        "min": 3.57128837614e-09,
        "var": 2.03616696126e-06
    },
    "spectral_energyband_low": {
        "dmean": 0.000533208076376,
        "dmean2": 0.000996928778477,
        "dvar": 5.92180731473e-06,
        "dvar2": 1.85731823876e-05,
        "max": 0.0230148565024,
        "mean": 0.000478059111629,
        "median": 1.17076979222e-06,
        "min": 2.24209295574e-09,
        "var": 5.43934129382e-06
    },
    "spectral_energyband_middle_high": {
        "dmean": 0.00038202671567,
        "dmean2": 0.000419462507125,
        "dvar": 1.67547068486e-06,
        "dvar2": 2.72946499535e-06,
        "max": 0.0299050528556,
        "mean": 0.0011501283152,
        "median": 3.91428548028e-05,
        "min": 9.11269637527e-09,
        "var": 1.42211320053e-05
    },
    "spectral_energyband_middle_low": {
        "dmean": 0.00130550644826,
        "dmean2": 0.00215277122334,
        "dvar": 3.99577438657e-05,
        "dvar2": 0.000101352488855,
        "max": 0.0992072075605,
        "mean": 0.002097312361,
        "median": 5.04415584146e-05,
        "min": 4.96120122762e-08,
        "var": 6.9880799856e-05
    },
    "spectral_entropy": {
        "dmean": 0.0703139156103,
        "dmean2": 0.113842569292,
        "dvar": 0.00672001997009,
        "dvar2": 0.0161755159497,
        "max": 8.81600570679,
        "mean": 8.0988035202,
        "median": 8.11105823517,
        "min": 7.58110666275,
        "var": 0.0130639448762
    },
    "spectral_flux": {
        "dmean": 0.00525329774246,
        "dmean2": 0.00812760833651,
        "dvar": 0.000285262445686,
        "dvar2": 0.000686184270307,
        "max": 0.266384959221,
        "mean": 0.0199704729021,
        "median": 0.00675001274794,
        "min": 0.000148029852426,
        "var": 0.00145499908831
    },
    "spectral_kurtosis": {
        "dmean": 0.523907244205,
        "dmean2": 0.896219432354,
        "dvar": 0.349339336157,
        "dvar2": 0.904770314693,
        "max": 10.2588844299,
        "mean": 3.42127799988,
        "median": 3.13351583481,
        "min": 0.381924629211,
        "var": 1.46014606953
    },
    "spectral_rms": {
        "dmean": 0.000219333654968,
        "dmean2": 0.000297237711493,
        "dvar": 3.64837774214e-07,
        "dvar2": 6.94606853813e-07,
        "max": 0.0117389401421,
        "mean": 0.000908895919565,
        "median": 0.000337325356668,
        "min": 9.81626999419e-06,
        "var": 2.94541814583e-06
    },
    "spectral_rolloff": {
        "dmean": 623.744995117,
        "dmean2": 1017.86785889,
        "dvar": 695437.9375,
        "dvar2": 1424609.75,
        "max": 11218.7988281,
        "mean": 3721.25268555,
        "median": 3746.77734375,
        "min": 301.46484375,
        "var": 1813779.125
    },
    "spectral_skewness": {
        "dmean": 0.0924823582172,
        "dmean2": 0.157686680555,
        "dvar": 0.00952974148095,
        "dvar2": 0.0254228468984,
        "max": 2.36176156998,
        "mean": 1.31308996677,
        "median": 1.27025306225,
        "min": 0.939661681652,
        "var": 0.0371060185134
    },
    "spectral_spread": {
        "dmean": 345933.875,
        "dmean2": 571593.9375,
        "dvar": 393264201728,
        "dvar2": 524766609408,
        "max": 16856838,
        "mean": 4815791.5,
        "median": 4763184.5,
        "min": 2897573.75,
        "var": 721493295104
    },
    "spectral_strongpeak": {
        "dmean": 0.0781533122063,
        "dmean2": 0.117883786559,
        "dvar": 0.052726496011,
        "dvar2": 0.102134719491,
        "max": 4.20434188843,
        "mean": 0.137610435486,
        "median": 0.0391363911331,
        "min": 0,
        "var": 0.131000697613
    },
    "zerocrossingrate": {
        "dmean": 0.0133498422801,
        "dmean2": 0.0160876438022,
        "dvar": 0.000276794977253,
        "dvar2": 0.000321906467434,
        "max": 0.4423828125,
        "mean": 0.127616539598,
        "median": 0.125,
        "min": 0.03564453125,
        "var": 0.00140422268305
    },
    "barkbands": {
        "dmean": [7.96967398742e-08, 2.23580786951e-06, 0.000241360248765, 0.000450892286608, 0.000392732617911, 0.000497209548485, 0.000154344787006, 6.35906326352e-05, 0.000109640561277, 6.26725159236e-05, 3.10608047585e-05, 5.69630719838e-05, 4.85820819449e-05, 5.00659371028e-05, 4.74731605209e-05, 6.36684490019e-05, 5.52359088033e-05, 6.16302058916e-05, 7.72814819356e-05, 7.78030807851e-05, 4.74183725601e-05, 1.71033025254e-05, 1.28285328174e-05, 2.44355578616e-05, 2.76805858448e-05, 6.84021733832e-06, 4.64232073227e-07],
        "dmean2": [1.47728599131e-07, 4.10209077017e-06, 0.000445927667897, 0.00084034918109, 0.000669288041536, 0.000853140896652, 0.000258994521573, 0.000110204258817, 0.000183631593245, 9.9329794466e-05, 5.07845797983e-05, 9.24204941839e-05, 7.46749574319e-05, 8.51234290167e-05, 7.16399081284e-05, 0.000100395358459, 8.94334953045e-05, 9.80561308097e-05, 0.000109956563392, 0.000112352121505, 7.40560135455e-05, 2.46525614784e-05, 1.63226650329e-05, 2.87503098662e-05, 3.8917940401e-05, 9.48073284235e-06, 7.13691008514e-07],
        "dvar": [2.34433173286e-14, 9.21874382387e-11, 1.08663618903e-06, 7.39727329346e-06, 4.26944188803e-06, 4.61355102743e-06, 4.6520310093e-07, 5.41083124972e-08, 2.65228550234e-07, 6.46727187359e-08, 2.30226735454e-08, 5.25180148259e-08, 3.09311474211e-08, 4.10332141598e-08, 2.79575633755e-08, 5.5229737228e-08, 4.34874039001e-08, 5.97742229047e-08, 7.60631522212e-08, 8.75723102922e-08, 3.35836176646e-08, 3.65100749633e-09, 2.01288807844e-09, 7.94484478206e-09, 1.39548532729e-08, 9.99047289341e-10, 4.5777561429e-12],
        "dvar2": [8.36864824942e-14, 2.87819490463e-10, 3.33185766976e-06, 2.16728894884e-05, 1.1484933566e-05, 1.04583632492e-05, 1.17366971608e-06, 1.44939363622e-07, 7.40957545986e-07, 1.6008915793e-07, 5.3672131628e-08, 1.26341475948e-07, 6.93881148095e-08, 1.01817065001e-07, 6.30776924027e-08, 1.26216875174e-07, 1.02788924039e-07, 1.49635027924e-07, 1.55123544232e-07, 1.97759646881e-07, 8.12003762007e-08, 8.03581468034e-09, 3.30295213402e-09, 1.2471918609e-08, 2.99157960626e-08, 1.75137493397e-09, 9.43900773515e-12],
        "max": [1.71219380718e-06, 9.71009285422e-05, 0.00982122868299, 0.0395388230681, 0.0316372774541, 0.0266090314835, 0.0101704364643, 0.00231886305846, 0.00713520217687, 0.00375496037304, 0.0025582134258, 0.00325698382221, 0.00223856768571, 0.00364861963317, 0.00241150287911, 0.00407594209537, 0.00355950836092, 0.00358309131116, 0.00547630805522, 0.00525749567896, 0.00295235961676, 0.00106529332697, 0.000929632224143, 0.00200091884471, 0.00221068342216, 0.000502269424032, 3.36611337843e-05],
        "mean": [6.97474646927e-08, 1.92209313354e-06, 0.000221174428589, 0.00039121665759, 0.000502187991515, 0.000740794464946, 0.000190334729268, 8.79566505319e-05, 0.000134574976983, 0.000110303721158, 5.21392939845e-05, 0.000100565957837, 8.49056959851e-05, 9.90677435766e-05, 9.80266049737e-05, 0.000122166457004, 0.000119012467621, 0.000121728284284, 0.000181357288966, 0.000165794437635, 0.000111118955829, 4.53990651295e-05, 3.96552677557e-05, 6.01197170909e-05, 6.65791594656e-05, 1.66012414411e-05, 9.90278977042e-07],
        "median": [2.37672637127e-08, 8.04800315279e-09, 5.45397881524e-07, 3.74213573195e-06, 1.81626037374e-05, 1.28067586047e-05, 3.35862409884e-06, 1.53702649186e-06, 2.2651938707e-06, 1.32783100071e-06, 8.57285101574e-07, 2.2838228233e-06, 2.2807980713e-06, 2.2268104658e-06, 3.14835233439e-06, 5.25979339727e-06, 4.36762229583e-06, 4.92498702442e-06, 6.7351988946e-06, 5.69645681026e-06, 4.1484522626e-06, 1.69516602e-06, 1.3139215298e-06, 1.700304324e-06, 1.82618100553e-06, 3.68868796841e-07, 2.08234585131e-08],
        "min": [1.56335621532e-12, 8.24885854067e-11, 1.99853578131e-10, 1.48505230335e-09, 1.62704480999e-08, 4.98121410786e-09, 7.91246679288e-10, 6.06853345353e-10, 5.11434228301e-10, 4.63333399425e-10, 3.93581139901e-10, 1.2157680418e-09, 5.10754216698e-10, 1.0346763446e-09, 5.89233495329e-10, 7.24587889689e-10, 4.82500039922e-10, 4.18084011855e-10, 6.598964708e-10, 3.51839890556e-10, 1.5055157121e-10, 1.00130861935e-10, 1.08286268841e-10, 1.81372403207e-10, 1.98372984705e-10, 2.14541287513e-10, 1.03498015713e-10],
        "var": [1.91831888373e-14, 7.38035674241e-11, 1.08372353225e-06, 5.79361949349e-06, 5.22030541106e-06, 8.3269615061e-06, 6.42136171791e-07, 9.32842425527e-08, 3.43652288848e-07, 1.63710353718e-07, 4.27103863387e-08, 1.33320028795e-07, 8.36306526253e-08, 1.2952463635e-07, 1.10688141319e-07, 1.80907349545e-07, 1.65772135574e-07, 1.78070507673e-07, 3.79426694508e-07, 3.44531798646e-07, 1.37664173394e-07, 2.12507558217e-08, 1.65304392397e-08, 4.77878714378e-08, 5.68541480561e-08, 4.09387457267e-09, 1.44772154334e-11]
    },
    "erbbands": {
        "dmean": [5.70494739804e-05, 0.00268924515694, 0.156561553478, 1.14935266972, 0.990358829498, 1.80134105682, 2.69439744949, 4.59598255157, 2.45310020447, 1.78843557835, 1.21968853474, 2.11243247986, 2.440346241, 1.71068012714, 1.98601579666, 2.39553928375, 2.0688931942, 2.61485528946, 1.99172711372, 2.53617310524, 3.01614928246, 2.74807190895, 3.55136084557, 3.40051960945, 4.2285194397, 3.65276837349, 2.1298391819, 1.55643057823, 0.639082312584, 0.407892078161, 0.38618645072, 0.382465958595, 0.45434781909, 0.375207513571, 0.185527473688, 0.0522444844246, 0.00741468556225, 0.000759806891438, 8.70645744726e-05, 5.07185313836e-06],
        "dmean2": [0.000101291669125, 0.00461794948205, 0.288058638573, 2.16590213776, 1.69999718666, 3.07672476768, 4.35686254501, 7.33197546005, 3.87453913689, 2.90192937851, 2.0987432003, 3.68659996986, 4.13435602188, 2.84848284721, 3.36210942268, 3.87314176559, 3.21828770638, 4.32532072067, 2.95962500572, 4.09833955765, 4.42653656006, 4.30896043777, 6.02540111542, 5.16205739975, 6.06536865234, 5.01474285126, 3.03397202492, 2.44026350975, 0.907022535801, 0.593177080154, 0.515441179276, 0.487527191639, 0.593644917011, 0.567375481129, 0.254200190306, 0.0729982554913, 0.0111328912899, 0.00116385880392, 0.00013656768715, 6.31948660157e-06],
        "dvar": [5.35143982461e-08, 0.000113416434033, 0.444319844246, 35.0571708679, 39.4166717529, 84.2896652222, 142.940078735, 383.982879639, 119.27709198, 40.1308746338, 20.177318573, 113.206420898, 115.104621887, 60.8916854858, 101.345993042, 78.4172897339, 60.8345756531, 93.5228729248, 59.9027557373, 87.6663818359, 109.549987793, 108.468978882, 207.431945801, 131.874359131, 295.263580322, 174.311706543, 77.0953598022, 34.4207115173, 4.9318189621, 2.12350773811, 1.86288630962, 2.15226435661, 3.05645275116, 2.6368098259, 0.492636203766, 0.051630821079, 0.00143395119812, 1.39620433401e-05, 1.72695692413e-07, 4.52139686802e-10],
        "dvar2": [1.54083352299e-07, 0.000311087380396, 1.36163389683, 106.885787964, 105.539070129, 232.809509277, 372.720092773, 782.392822266, 282.401763916, 103.437171936, 49.6104812622, 311.238616943, 312.932952881, 160.252822876, 272.399627686, 192.040542603, 131.012252808, 234.654144287, 130.901611328, 231.865615845, 218.992660522, 245.511917114, 538.90435791, 305.746765137, 605.711486816, 380.138061523, 163.304824829, 94.164680481, 10.4671869278, 4.09046459198, 3.32319712639, 3.40089631081, 5.6132311821, 6.22489881516, 0.900272607803, 0.0856793299317, 0.00266347499564, 2.64631526079e-05, 3.66458635881e-07, 6.48294640193e-10],
        "max": [0.0021456880495, 0.112170003355, 6.18841552734, 73.8221206665, 103.519821167, 143.544921875, 157.547012329, 308.784851074, 158.372344971, 64.2495117188, 48.090461731, 146.795227051, 146.065673828, 119.229782104, 138.309173584, 112.687210083, 102.251556396, 162.097335815, 151.600128174, 134.082138062, 225.61315918, 183.76776123, 229.48097229, 182.987823486, 356.863067627, 210.693969727, 177.566268921, 77.2849273682, 41.7806434631, 28.8088817596, 28.1479892731, 33.2379226685, 32.8613586426, 27.3770503998, 12.9963121414, 3.82142877579, 0.590269267559, 0.0585924983025, 0.00681955134496, 0.00040350452764],
        "mean": [6.69012806611e-05, 0.00317191379145, 0.151461988688, 1.02302134037, 1.03742587566, 2.08174800873, 3.82155704498, 6.5144071579, 3.44070768356, 2.38228297234, 1.89267885685, 2.72643399239, 4.26944732666, 2.63716697693, 2.88901805878, 3.92923235893, 4.0086555481, 5.12539768219, 4.77345132828, 5.15864276886, 7.19202661514, 6.70922613144, 6.68645715714, 8.28949737549, 9.28489589691, 7.91849279404, 5.33487558365, 3.63701081276, 1.77346980572, 1.19447851181, 1.14183557034, 1.09186971188, 1.09112083912, 0.784805774689, 0.451286256313, 0.133271947503, 0.0186532083899, 0.0018171860138, 0.000191930288565, 1.4386237126e-05],
        "median": [6.93932577178e-07, 1.2483294995e-05, 0.000496390857734, 0.00742888264358, 0.0471844598651, 0.0376995280385, 0.0771526694298, 0.0882573649287, 0.0637215524912, 0.0433221273124, 0.0385189205408, 0.044480573386, 0.0502537041903, 0.0361926816404, 0.0525909848511, 0.0976997464895, 0.108568817377, 0.121981874108, 0.157566174865, 0.180854231119, 0.301601886749, 0.253062039614, 0.270604461432, 0.324895262718, 0.318114966154, 0.275771796703, 0.205765560269, 0.1311173141, 0.0656935423613, 0.0433108583093, 0.0382215902209, 0.0327302031219, 0.0293708331883, 0.0215156078339, 0.0111468676478, 0.0030323441606, 0.000413798406953, 3.65701998817e-05, 3.80338656214e-06, 4.05077912546e-07],
        "min": [1.13155760317e-08, 3.86362586369e-08, 3.41251165992e-07, 7.19180616215e-06, 3.00614319713e-05, 4.71776620543e-05, 6.37260309304e-05, 3.21542866004e-05, 2.69533084065e-05, 1.493650052e-05, 1.18523939818e-05, 1.10388155008e-05, 1.38278073791e-05, 1.18832267617e-05, 3.57038152288e-05, 5.75876183575e-05, 3.35029435519e-05, 5.61406814086e-05, 4.428248576e-05, 3.1524359656e-05, 3.8101694372e-05, 3.02632288367e-05, 2.98845316138e-05, 3.53300965799e-05, 1.8418975742e-05, 1.70893672475e-05, 8.92480602488e-06, 4.51603182228e-06, 3.65662708646e-06, 2.52793461186e-06, 3.24665984408e-06, 3.21725588037e-06, 3.2238390304e-06, 2.34879576055e-06, 1.28509566366e-06, 5.37505172815e-07, 3.94219142663e-07, 4.9686263992e-08, 1.84949140447e-08, 1.8062205065e-09],
        "var": [7.70868808786e-08, 0.000176699672011, 0.478235960007, 29.7805175781, 35.7692565918, 97.7156524658, 222.135116577, 704.790527344, 203.92829895, 68.7382736206, 44.3610687256, 142.562957764, 251.148696899, 101.541557312, 142.038665771, 194.726623535, 184.470275879, 332.710357666, 253.975479126, 300.285827637, 599.935180664, 505.458831787, 574.580566406, 724.403564453, 1127.73632812, 754.583496094, 330.000549316, 140.809738159, 32.40076828, 14.8620700836, 13.8164596558, 14.7211856842, 15.843791008, 8.17869949341, 2.56575250626, 0.249986574054, 0.00533168949187, 4.88416699227e-05, 5.48415414414e-07, 2.69886957227e-09]
    },
    "gfcc": {
        "mean": [-227.720809937, 24.1400871277, -143.607559204, 24.6776161194, -76.3469543457, -11.898223877, -67.417350769, -5.88390922546, -46.5892219543, -3.56943225861, -22.0260066986, -8.2761220932, -11.928519249],
        "cov": [[23638.28125, 85.4805908203, -188.335678101, 223.649368286, -1140.70166016, 482.853027344, -538.12878418, 534.256896973, -555.498718262, 204.811309814, -507.718078613, 41.0257225037, -295.987091064], [85.4805908203, 391.722167969, 154.518951416, 1.50414955616, 79.3418807983, -15.7191753387, 51.3052253723, 7.86950588226, 33.1993217468, 0.983289897442, 35.1863136292, -17.0125617981, 21.4898757935], [-188.335678101, 154.518951416, 266.835571289, -21.3356189728, 128.289840698, 16.6977310181, 57.8119087219, -3.71374154091, 24.721244812, -8.83069324493, 13.4095544815, 3.80685734749, -5.69431257248], [223.649368286, 1.50414955616, -21.3356189728, 97.8389358521, -12.7371263504, 24.7177658081, -28.9208583832, 12.5225028992, -31.45429039, 1.99121308327, -25.9099788666, -15.0727748871, -16.2975101471], [-1140.70166016, 79.3418807983, 128.289840698, -12.7371263504, 168.290176392, 2.25908517838, 79.2306442261, -30.1923522949, 42.1131515503, -19.104183197, 37.2550582886, -4.45323324203, 13.8253612518], [482.853027344, -15.7191753387, 16.6977310181, 24.7177658081, 2.25908517838, 62.432723999, 9.0024805069, 25.1441421509, -13.9495973587, 3.43670368195, -17.5717964172, -0.580403089523, -15.7285690308], [-538.12878418, 51.3052253723, 57.8119087219, -28.9208583832, 79.2306442261, 9.0024805069, 86.7995147705, 2.3117442131, 44.6524581909, -10.3556232452, 29.0336494446, 1.50003910065, 14.0173397064], [534.256896973, 7.86950588226, -3.71374154091, 12.5225028992, -30.1923522949, 25.1441421509, 2.3117442131, 48.9214134216, 2.68950533867, 14.2791366577, -14.0712432861, -3.44940066338, -10.8825292587], [-555.498718262, 33.1993217468, 24.721244812, -31.45429039, 42.1131515503, -13.9495973587, 44.6524581909, 2.68950533867, 59.3154716492, 7.24392271042, 30.6479415894, 2.65163135529, 12.134885788], [204.811309814, 0.983289897442, -8.83069324493, 1.99121308327, -19.104183197, 3.43670368195, -10.3556232452, 14.2791366577, 7.24392271042, 30.0256137848, 8.91490268707, 4.29451751709, -1.57273674011], [-507.718078613, 35.1863136292, 13.4095544815, -25.9099788666, 37.2550582886, -17.5717964172, 29.0336494446, -14.0712432861, 30.6479415894, 8.91490268707, 47.5247116089, 12.174703598, 20.1638565063], [41.0257225037, -17.0125617981, 3.80685734749, -15.0727748871, -4.45323324203, -0.580403089523, 1.50003910065, -3.44940066338, 2.65163135529, 4.29451751709, 12.174703598, 25.8607330322, 11.2373113632], [-295.987091064, 21.4898757935, -5.69431257248, -16.2975101471, 13.8253612518, -15.7285690308, 14.0173397064, -10.8825292587, 12.134885788, -1.57273674011, 20.1638565063, 11.2373113632, 35.9835281372]],
        "icov": [[0.000136070593726, -0.000313760974677, -6.43203165964e-05, 0.000372804235667, 0.000635763863102, -0.000572906748857, -0.000100767159893, -0.000487320910906, 0.000864089874085, -0.000595407676883, 0.000675136398058, -0.000622558756731, 0.000361175276339], [-0.000313760974677, 0.00555717945099, -0.00373199814931, -0.0026793195866, 0.000672908034176, 0.00286980927922, -0.000522389193065, -0.00134635530412, -0.00124378991313, 0.00254717189819, -0.00712171895429, 0.00840932317078, -0.00501623237506], [-6.43203165964e-05, -0.00373199814931, 0.010581032373, 0.00365792377852, -0.0104549368843, 0.000409029889852, 0.00103115849197, -0.00177503179293, 0.00128234550357, -0.00292881415226, 0.00781505648047, -0.010003070347, 0.00647222064435], [0.000372804235667, -0.0026793195866, 0.00365792377852, 0.0185437574983, -0.00541312433779, -0.00613691704348, 0.00633692694828, -0.0055900667794, 0.00835097860545, -0.00432952865958, 0.00546795129776, 0.00208116415888, 0.002163029043], [0.000635763863102, 0.000672908034176, -0.0104549368843, -0.00541312433779, 0.0294347051531, -0.00803931243718, -0.012926010415, 0.0134031362832, -0.00266008148901, 0.00330479582772, -0.00831294432282, 0.00993048027158, -0.00241428450681], [-0.000572906748857, 0.00286980927922, 0.000409029889852, -0.00613691704348, -0.00803931243718, 0.0365293510258, -0.0132258534431, -0.0115941194817, 0.011064174585, -0.00703968759626, 0.0061921114102, -0.00789690855891, 0.00651786243543], [-0.000100767159893, -0.000522389193065, 0.00103115849197, 0.00633692694828, -0.012926010415, -0.0132258534431, 0.0448114983737, -0.0152176963165, -0.0189052615315, 0.0248539038002, -0.0152249597013, 0.00356467370875, -0.00547682400793], [-0.000487320910906, -0.00134635530412, -0.00177503179293, -0.0055900667794, 0.0134031362832, -0.0115941194817, -0.0152176963165, 0.0536569878459, -0.0154115026817, -0.0193866603076, 0.0161769185215, 0.00420907698572, -0.00010858510359], [0.000864089874085, -0.00124378991313, 0.00128234550357, 0.00835097860545, -0.00266008148901, 0.011064174585, -0.0189052615315, -0.0154115026817, 0.0528534762561, -0.019177371636, -0.00476726982743, -0.000676277966704, 0.00461795646697], [-0.000595407676883, 0.00254717189819, -0.00292881415226, -0.00432952865958, 0.00330479582772, -0.00703968759626, 0.0248539038002, -0.0193866603076, -0.019177371636, 0.0730276554823, -0.0389549098909, 0.0045048519969, 0.00134622771293], [0.000675136398058, -0.00712171895429, 0.00781505648047, 0.00546795129776, -0.00831294432282, 0.0061921114102, -0.0152249597013, 0.0161769185215, -0.00476726982743, -0.0389549098909, 0.0766744315624, -0.0295509286225, -0.00358833977953], [-0.000622558756731, 0.00840932317078, -0.010003070347, 0.00208116415888, 0.00993048027158, -0.00789690855891, 0.00356467370875, 0.00420907698572, -0.000676277966704, 0.0045048519969, -0.0295509286225, 0.0734794139862, -0.0241290330887], [0.000361175276339, -0.00501623237506, 0.00647222064435, 0.002163029043, -0.00241428450681, 0.00651786243543, -0.00547682400793, -0.00010858510359, 0.00461795646697, 0.00134622771293, -0.00358833977953, -0.0241290330887, 0.0496858246624]]
    },
    "melbands": {
        "dmean": [3.66004343277e-07, 5.74167643208e-05, 0.000177963054739, 9.30658425204e-05, 8.56475016917e-05, 9.82675337582e-05, 3.62513856089e-05, 1.81234845513e-05, 9.70559540292e-06, 1.4778309378e-05, 1.21292305266e-05, 7.1010585998e-06, 5.29745466338e-06, 7.11596931069e-06, 6.47875231152e-06, 4.81138295072e-06, 5.18865090271e-06, 3.2811251458e-06, 3.81705103791e-06, 4.2103870328e-06, 3.49153992829e-06, 3.42851376445e-06, 3.06365632241e-06, 3.36535708811e-06, 2.9782695492e-06, 3.09492838824e-06, 3.40973019775e-06, 2.4860260055e-06, 1.53652217705e-06, 1.22791300328e-06, 9.29566112973e-07, 4.21577738052e-07, 3.19802126114e-07, 2.36515134588e-07, 2.54448650594e-07, 2.21847798798e-07, 2.54062427985e-07, 3.32756570742e-07, 3.32324503916e-07, 3.51913968188e-07],
        "dmean2": [6.63179889671e-07, 0.000105916544271, 0.000332831667038, 0.000161762305652, 0.000142109536682, 0.000163154327311, 5.87200447626e-05, 2.89981526294e-05, 1.5437230104e-05, 2.58710024355e-05, 2.06782915484e-05, 1.19233181977e-05, 8.400020306e-06, 1.14867571028e-05, 1.0554018445e-05, 8.17285035737e-06, 8.74151101016e-06, 5.17283297086e-06, 6.09007429375e-06, 6.78731339576e-06, 5.5620216699e-06, 5.5709319895e-06, 5.13116083312e-06, 5.2183581829e-06, 4.81255983686e-06, 4.43047338194e-06, 5.37720643479e-06, 3.60608100891e-06, 2.19956268666e-06, 1.94024710254e-06, 1.57809245138e-06, 6.22555944574e-07, 5.21396941622e-07, 3.39531425197e-07, 3.75452714252e-07, 2.97636461255e-07, 3.43740225617e-07, 4.6240620577e-07, 4.54716001741e-07, 5.43578153156e-07],
        "dvar": [2.34862346585e-12, 6.13551520701e-08, 9.90540797829e-07, 2.71658024076e-07, 1.49962247065e-07, 1.71829583451e-07, 2.4796602105e-08, 3.9865732937e-09, 1.25202326284e-09, 5.54549295373e-09, 2.82397594198e-09, 1.05064457134e-09, 6.61991017559e-10, 9.86980830397e-10, 6.79475864462e-10, 3.22384480222e-10, 3.94877158749e-10, 1.68199384976e-10, 1.94835272915e-10, 2.62250249294e-10, 1.45376474747e-10, 1.79690901048e-10, 1.36671993167e-10, 1.75492648191e-10, 1.05000078077e-10, 1.37953273804e-10, 1.88048909777e-10, 8.00242649923e-11, 3.87600264384e-11, 2.64316173115e-11, 1.14639357035e-11, 2.42168763341e-12, 1.51091227203e-12, 7.08129572775e-13, 8.23216820232e-13, 5.74481272015e-13, 9.94009670581e-13, 1.65279118516e-12, 1.73672556371e-12, 2.2700968709e-12],
        "dvar2": [7.35833789733e-12, 1.85914856843e-07, 2.91704782285e-06, 7.37108848625e-07, 3.75595277546e-07, 3.56629271892e-07, 5.92272613176e-08, 1.05153024066e-08, 2.87298296264e-09, 1.55524748635e-08, 7.73789299302e-09, 2.81504886068e-09, 1.71380909464e-09, 2.53266296824e-09, 1.63881064275e-09, 8.23251411486e-10, 1.01550234888e-09, 3.95659782715e-10, 4.44148301471e-10, 6.88375134672e-10, 3.16205311934e-10, 4.29063867768e-10, 3.69016955881e-10, 4.7677778392e-10, 2.70940492264e-10, 2.85109574838e-10, 4.22587076443e-10, 1.82837592289e-10, 7.87331103091e-11, 7.13627143489e-11, 3.24567386856e-11, 5.50196433552e-12, 4.07931067398e-12, 1.39422924161e-12, 1.77188168651e-12, 1.10179508746e-12, 1.55041355188e-12, 3.16077632817e-12, 3.62358277065e-12, 5.68374817697e-12],
        "max": [1.50041432789e-05, 0.00239008595236, 0.0141113754362, 0.00845392607152, 0.00470797298476, 0.00601425673813, 0.00222551240586, 0.000678235606756, 0.000495680083986, 0.000950797402766, 0.000723242410459, 0.000486686854856, 0.000394849426812, 0.000432893808465, 0.000324794295011, 0.000220376707148, 0.00031779272831, 0.000252836965956, 0.000208417288377, 0.00020888337167, 0.000263265217654, 0.000228812874411, 0.000190294085769, 0.000211906735785, 0.000146465652506, 0.000209096106119, 0.000245659699431, 0.000135765600135, 0.000130820742925, 7.47578742448e-05, 4.65363482363e-05, 3.1151525036e-05, 1.87001569429e-05, 1.76115390786e-05, 1.75163877429e-05, 1.66657337104e-05, 1.98450034077e-05, 2.42693367909e-05, 2.27018244914e-05, 2.31710837397e-05],
        "mean": [3.18578997849e-07, 5.47703457414e-05, 0.000169141756487, 0.000107056977868, 0.000127203689772, 0.000143483775901, 4.94508567499e-05, 2.418177246e-05, 1.51676749738e-05, 1.84934997378e-05, 2.11128535739e-05, 1.0501394172e-05, 8.14936811366e-06, 1.0917158761e-05, 1.03802540252e-05, 8.18343505671e-06, 9.66621701082e-06, 7.05160118741e-06, 7.81017297413e-06, 7.67435813032e-06, 8.29594682727e-06, 7.18329420124e-06, 5.75416015636e-06, 6.07040919931e-06, 6.70467306918e-06, 7.08385596226e-06, 6.07745778325e-06, 5.0620701586e-06, 3.57008480023e-06, 2.51929964179e-06, 1.94561653188e-06, 1.03931586182e-06, 7.20353284578e-07, 6.38016217636e-07, 6.6666194698e-07, 6.30227532383e-07, 6.74932607581e-07, 7.69968437453e-07, 7.27752478724e-07, 6.42599559342e-07],
        "median": [4.99112973174e-09, 1.4695461914e-07, 2.40288909481e-06, 3.28879355038e-06, 2.54869974015e-06, 2.12150007428e-06, 9.48145611801e-07, 4.22441075898e-07, 3.03748777242e-07, 3.01173344042e-07, 2.52030559977e-07, 1.33074422592e-07, 1.40820247907e-07, 2.305464335e-07, 2.66110049552e-07, 2.17296104665e-07, 2.23224574825e-07, 2.32343523976e-07, 2.46732838605e-07, 2.87469759996e-07, 3.30083793187e-07, 2.6326674174e-07, 2.22060606347e-07, 2.22348361945e-07, 2.62449447064e-07, 2.53663671401e-07, 1.85595297353e-07, 1.83041535706e-07, 1.35088853881e-07, 1.03237660198e-07, 6.27509137985e-08, 3.7678262288e-08, 2.52060292638e-08, 2.10842401316e-08, 2.17450502049e-08, 1.99372252041e-08, 1.88980795457e-08, 2.0578609039e-08, 1.83321375857e-08, 1.69351626056e-08],
        "min": [6.37524200098e-11, 7.75125658103e-11, 2.11826467478e-09, 3.08911718427e-09, 2.39012676317e-09, 7.77873987445e-10, 3.90762533442e-10, 1.88335874673e-10, 8.81085759907e-11, 5.65613424153e-11, 7.04326111323e-11, 4.42392615596e-11, 8.65634300351e-11, 1.35300992632e-10, 1.67984029464e-10, 6.40400857344e-11, 9.83191861259e-11, 5.50467969818e-11, 4.38310672479e-11, 4.75769562636e-11, 4.103133458e-11, 3.05224699682e-11, 2.71955045289e-11, 2.11080371931e-11, 2.97111849012e-11, 1.46897303349e-11, 1.18293447954e-11, 1.07081184197e-11, 5.81264420277e-12, 3.67797068843e-12, 2.10167191809e-12, 1.77300676311e-12, 1.76817718453e-12, 1.02688029521e-12, 1.75677517238e-12, 1.95554922082e-12, 1.7961078588e-12, 2.25617961813e-12, 2.07927793906e-12, 1.82918740918e-12],
        "var": [1.91880929548e-12, 6.44083186785e-08, 8.6161753643e-07, 2.86230630309e-07, 2.52563751246e-07, 3.25590036709e-07, 4.16008809623e-08, 6.91764112659e-09, 3.09676795318e-09, 6.61437704608e-09, 6.11904127368e-09, 1.63267555031e-09, 1.08217135253e-09, 1.75416192683e-09, 1.37866396077e-09, 7.90181586829e-10, 1.23580545797e-09, 5.73108560609e-10, 7.24148740971e-10, 7.00174029866e-10, 8.0382228651e-10, 6.09796324547e-10, 4.02800431898e-10, 4.64294297453e-10, 4.73249328614e-10, 6.21482254548e-10, 5.32643096296e-10, 3.04330477485e-10, 1.57637625176e-10, 7.2078079616e-11, 4.11099800035e-11, 1.16297214914e-11, 5.485357394e-12, 4.40117560452e-12, 4.7584826704e-12, 4.34797987545e-12, 5.88190737436e-12, 8.05241897467e-12, 7.02022337831e-12, 5.6941322317e-12]
    },
    "mfcc": {
        "mean": [-854.800537109, 55.5721931458, -20.3585205078, 15.7867908478, -3.18808364868, -15.7949113846, -12.0485334396, -21.9427700043, -17.6191921234, -14.6031236649, -15.7208633423, -10.2550640106, -10.9263973236],
        "cov": [[20183.390625, 1008.40753174, -214.307998657, -206.494628906, -544.483642578, -479.277496338, -171.019393921, -322.298675537, -144.362106323, -168.68649292, -304.882537842, -229.429443359, -238.060470581], [1008.40753174, 340.473114014, 48.1074371338, 40.5107879639, 14.2211809158, -33.1632270813, 12.5084877014, -24.4737854004, 1.57252454758, 3.46426701546, -3.34037876129, -0.0173715855926, -15.7304010391], [-214.307998657, 48.1074371338, 149.892776489, 10.7022294998, 39.5486335754, 36.2374343872, 30.0605144501, 40.6549263, 26.6037349701, 18.8302383423, 18.9914245605, 5.05335187912, 11.8404026031], [-206.494628906, 40.5107879639, 10.7022294998, 67.8928985596, 31.8590660095, 10.8051528931, 9.62803554535, -6.18251609802, 0.0292706079781, -1.23554110527, -1.83257377148, 0.200199559331, -8.59715652466], [-544.483642578, 14.2211809158, 39.5486335754, 31.8590660095, 69.4801635742, 38.5028495789, 29.4467029572, 15.99588871, 12.0541286469, 7.74350118637, 14.9176616669, 6.71530532837, 3.72237634659], [-479.277496338, -33.1632270813, 36.2374343872, 10.8051528931, 38.5028495789, 65.1840057373, 32.6181144714, 37.7152252197, 11.3195228577, 14.7047557831, 11.7115974426, 7.71850824356, 10.7464914322], [-171.019393921, 12.5084877014, 30.0605144501, 9.62803554535, 29.4467029572, 32.6181144714, 51.2144813538, 28.2550239563, 19.2688064575, 10.5658969879, 12.936047554, 4.51872014999, 4.59877824783], [-322.298675537, -24.4737854004, 40.6549263, -6.18251609802, 15.99588871, 37.7152252197, 28.2550239563, 65.1575698853, 25.2902450562, 24.8153057098, 14.9447994232, 10.5154075623, 17.0923748016], [-144.362106323, 1.57252454758, 26.6037349701, 0.0292706079781, 12.0541286469, 11.3195228577, 19.2688064575, 25.2902450562, 39.7618484497, 20.6516971588, 16.6179485321, 9.07946395874, 8.24678707123], [-168.68649292, 3.46426701546, 18.8302383423, -1.23554110527, 7.74350118637, 14.7047557831, 10.5658969879, 24.8153057098, 20.6516971588, 36.8831825256, 22.024805069, 10.4173870087, 10.8739318848], [-304.882537842, -3.34037876129, 18.9914245605, -1.83257377148, 14.9176616669, 11.7115974426, 12.936047554, 14.9447994232, 16.6179485321, 22.024805069, 40.1046409607, 20.3364868164, 14.1628084183], [-229.429443359, -0.0173715855926, 5.05335187912, 0.200199559331, 6.71530532837, 7.71850824356, 4.51872014999, 10.5154075623, 9.07946395874, 10.4173870087, 20.3364868164, 32.6961669922, 20.9726524353], [-238.060470581, -15.7304010391, 11.8404026031, -8.59715652466, 3.72237634659, 10.7464914322, 4.59877824783, 17.0923748016, 8.24678707123, 10.8739318848, 14.1628084183, 20.9726524353, 35.5891838074]],
