{
"lowlevel": {
    "average_loudness": 0.720887243748,
    "barkbands_crest": {
        "dmean": 1.79896557331,
        "dmean2": 3.12147903442,
        "dvar": 2.27039790154,
        "dvar2": 5.63326740265,
        "max": 12.092833519,
        "mean": 5.01351261139,
        "median": 4.52048587799,
        "min": 2.38968014717,
        "var": 3.61769247055
    },
    "barkbands_flatness_db": {
        "dmean": 0.0192369315773,
        "dmean2": 0.0326694697142,
        "dvar": 0.000555630307645,
        "dvar2": 0.00151591026224,
        "max": 0.180923834443,
        "mean": 0.0669989064336,
        "median": 0.0600121431053,
        "min": 0.0260771904141,
        "var": 0.000747751910239
    },
    "barkbands_kurtosis": {
        "dmean": 1.21039032936,
        "dmean2": 2.12487125397,
        "dvar": 5.15708065033,
        "dvar2": 13.9779224396,
        "max": 10.0248670578,
        "mean": -0.112754747272,
        "median": -1.04238307476,
        "min": -1.59754025936,
        "var": 4.92945146561
    },
    "barkbands_skewness": {
        "dmean": 0.492081552744,
        "dmean2": 0.801959037781,
        "dvar": 0.402511149645,
        "dvar2": 1.00402355194,
        "max": 3.07306790352,
        "mean": -0.258288890123,
        "median": -0.133315041661,
        "min": -3.08148407936,
        "var": 0.728408336639
    },
    "barkbands_spread": {
        "dmean": 7.19631767273,
        "dmean2": 12.2269849777,
        "dvar": 63.0408592224,
        "dvar2": 167.813766479,
        "max": 64.304649353,
        "mean": 34.0671615601,
        "median": 34.7181625366,
        "min": 6.42776966095,
        "var": 108.790588379
    },
    "dissonance": {
        "dmean": 0.00633794348687,
        "dmean2": 0.010819196701,
        "dvar": 5.49106371182e-05,
        "dvar2": 0.000120336917462,
        "max": 0.499748677015,
        "mean": 0.491926342249,
        "median": 0.493757456541,
        "min": 0.41870200634,
        "var": 6.88812724547e-05
    },
    "dynamic_complexity": 13.31432724,
    "erbbands_crest": {
        "dmean": 1.42788505554,
        "dmean2": 2.38556194305,
        "dvar": 2.0271756649,
        "dvar2": 4.96036291122,
        "max": 13.3888549805,
        "mean": 5.42219305038,
        "median": 4.85168552399,
        "min": 3.02549600601,
        "var": 3.53878951073
    },
    "erbbands_flatness_db": {
        "dmean": 0.0166794005781,
        "dmean2": 0.02686579898,
        "dvar": 0.000396275223466,
        "dvar2": 0.00106049200986,
        "max": 0.244414150715,
        "mean": 0.148486942053,
        "median": 0.144633308053,
        "min": 0.0916923731565,
        "var": 0.000856172293425
    },
    "erbbands_kurtosis": {
        "dmean": 0.800478160381,
        "dmean2": 1.28789830208,
        "dvar": 1.11463189125,
        "dvar2": 2.79341840744,
        "max": 7.83791828156,
        "mean": 0.323819637299,
        "median": 0.0526385307312,
        "min": -1.19287204742,
        "var": 1.59664356709
    },
    "erbbands_skewness": {
        "dmean": 0.283882528543,
        "dmean2": 0.486160248518,
        "dvar": 0.0983862131834,
        "dvar2": 0.24341288209,
        "max": 0.945148646832,
        "mean": -0.617890775204,
        "median": -0.607752501965,
        "min": -2.05065011978,
        "var": 0.161778703332
    },
    "erbbands_spread": {
        "dmean": 7.37779140472,
        "dmean2": 12.0057668686,
        "dvar": 46.8589324951,
        "dvar2": 123.983428955,
        "max": 66.2829666138,
        "mean": 34.7278900146,
        "median": 35.8704833984,
        "min": 11.1232156754,
        "var": 97.6870346069
    },
    "hfc": {
        "dmean": 31.2334308624,
        "dmean2": 54.9399375916,
        "dvar": 23350.6386719,
        "dvar2": 65032.5820312,
        "max": 1632.94262695,
        "mean": 25.6157360077,
        "median": 0.94299197197,
        "min": 0.00357100251131,
        "var": 16092.3212891
    },
    "melbands_crest": {
        "dmean": 2.54869151115,
        "dmean2": 4.58012008667,
        "dvar": 5.10056972504,
        "dvar2": 13.570599556,
        "max": 16.8884220123,
        "mean": 7.05741882324,
        "median": 6.60195970535,
        "min": 2.68567609787,
        "var": 8.30394744873
    },
    "melbands_flatness_db": {
        "dmean": 0.0179449822754,
        "dmean2": 0.0299046263099,
        "dvar": 0.000468371668831,
        "dvar2": 0.00115404801909,
        "max": 0.209896460176,
        "mean": 0.0638496950269,
        "median": 0.0609959363937,
        "min": 0.0208654496819,
        "var": 0.000766115146689
    },
    "melbands_kurtosis": {
        "dmean": 1.50378763676,
        "dmean2": 2.63316583633,
        "dvar": 13.233956337,
        "dvar2": 37.7652282715,
        "max": 35.0169219971,
        "mean": 0.589315891266,
        "median": -0.0545060634613,
        "min": -1.62636721134,
        "var": 8.99119281769
    },
    "melbands_skewness": {
        "dmean": 0.554671168327,
        "dmean2": 0.915319502354,
        "dvar": 0.350418806076,
        "dvar2": 0.883838951588,
        "max": 5.01406288147,
        "mean": 0.853696703911,
        "median": 0.938137471676,
        "min": -1.39494013786,
        "var": 0.680178701878
    },
    "melbands_spread": {
        "dmean": 17.2441234589,
        "dmean2": 26.7781581879,
        "dvar": 465.882415771,
        "dvar2": 1165.65820312,
        "max": 192.428588867,
        "mean": 71.6357192993,
        "median": 67.5650253296,
        "min": 9.1401309967,
        "var": 794.35369873
    },
    "pitch_salience": {
        "dmean": 0.0516053661704,
        "dmean2": 0.089300699532,
        "dvar": 0.00189239799511,
        "dvar2": 0.00538591574878,
        "max": 0.914294183254,
        "mean": 0.755572795868,
        "median": 0.756467878819,
        "min": 0.600659787655,
        "var": 0.00267697079107
    },
    "silence_rate_20dB": {
        "dmean": 0,
        "dmean2": 0,
        "dvar": 0,
        "dvar2": 0,
        "max": 1,
        "mean": 1,
        "median": 1,
        "min": 1,
        "var": 0
    },
    "silence_rate_30dB": {
        "dmean": 0.0190476197749,
        "dmean2": 0.0382775105536,
        "dvar": 0.0186848007143,
        "dvar2": 0.0463817454875,
        "max": 1,
        "mean": 0.981042683125,
        "median": 1,
        "min": 0,
        "var": 0.0185979697853
    },
    "silence_rate_60dB": {
        "dmean": 0.104761905968,
        "dmean2": 0.205741629004,
        "dvar": 0.0937867686152,
        "dvar2": 0.163411974907,
        "max": 1,
        "mean": 0.758293867111,
        "median": 1,
        "min": 0,
        "var": 0.183284386992
    },
    "spectral_centroid": {
        "dmean": 342.235198975,
        "dmean2": 563.209350586,
        "dvar": 202248.265625,
        "dvar2": 481816.03125,
        "max": 4535.97753906,
        "mean": 2935.63012695,
        "median": 2872.63964844,
        "min": 687.167541504,
        "var": 430387.90625
    },
    "spectral_complexity": {
        "dmean": 3.97142863274,
        "dmean2": 5.15311002731,
        "dvar": 61.7706375122,
        "dvar2": 108.608139038,
        "max": 59,
        "mean": 7.53080558777,
        "median": 0,
        "min": 0,
        "var": 203.405410767
    },
    "spectral_decrease": {
        "dmean": 1.27473442912e-09,
        "dmean2": 2.19424478587e-09,
        "dvar": 2.42903555566e-17,
        "dvar2": 6.20703626166e-17,
        "max": -3.77998169874e-13,
        "mean": -1.32385369334e-09,
        "median": -4.97903142327e-11,
        "min": -4.71279122394e-08,
        "var": 2.78011797372e-17
    },
    "spectral_energy": {
        "dmean": 0.00748038804159,
        "dmean2": 0.0131501648575,
        "dvar": 0.000855890277307,
        "dvar2": 0.00228053238243,
        "max": 0.255545377731,
        "mean": 0.00731995282695,
        "median": 0.000274346908554,
        "min": 1.75055174623e-06,
        "var": 0.000807028787676
    },
    "spectral_energyband_high": {
        "dmean": 0.00337618286721,
        "dmean2": 0.00602445751429,
        "dvar": 0.000346806336893,
        "dvar2": 0.000966481515206,
        "max": 0.206929802895,
        "mean": 0.00263913045637,
        "median": 7.79221372795e-05,
        "min": 1.15441622484e-07,
        "var": 0.000233335027588
    },
    "spectral_energyband_low": {
        "dmean": 0.000463307223981,
        "dmean2": 0.000766534241848,
        "dvar": 1.48926274051e-05,
        "dvar2": 3.84368577215e-05,
        "max": 0.0455580204725,
        "mean": 0.000327768269926,
        "median": 1.45649767092e-06,
        "min": 3.55104745609e-08,
        "var": 1.09248339868e-05
    },
    "spectral_energyband_middle_high": {
        "dmean": 0.00251750205643,
        "dmean2": 0.00430993223563,
        "dvar": 8.46832481329e-05,
        "dvar2": 0.000231453639572,
        "max": 0.0799737125635,
        "mean": 0.00256369286217,
        "median": 0.000114398957521,
        "min": 4.34327517951e-07,
        "var": 8.18303960841e-05
    },
    "spectral_energyband_middle_low": {
        "dmean": 0.00200928701088,
        "dmean2": 0.00321363261901,
        "dvar": 0.000150609776028,
        "dvar2": 0.000395102280891,
        "max": 0.142694756389,
        "mean": 0.0019466097001,
        "median": 5.25073264726e-05,
        "min": 5.26608005202e-07,
        "var": 0.000141592958244
    },
    "spectral_entropy": {
        "dmean": 0.0979752242565,
        "dmean2": 0.167722091079,
        "dvar": 0.0138669479638,
        "dvar2": 0.0333055183291,
        "max": 8.7005405426,
        "mean": 8.1818857193,
        "median": 8.16410160065,
        "min": 7.56440782547,
        "var": 0.022480327636
    },
    "spectral_flux": {
        "dmean": 0.0204035937786,
        "dmean2": 0.0315857157111,
        "dvar": 0.00280913920142,
        "dvar2": 0.00566816423088,
        "max": 0.454042702913,
        "mean": 0.0391515940428,
        "median": 0.0139385564253,
        "min": 0.000893690972589,
        "var": 0.00489007588476
    },
    "spectral_kurtosis": {
        "dmean": 0.800180435181,
        "dmean2": 1.32994294167,
        "dvar": 0.911168575287,
        "dvar2": 2.17506098747,
        "max": 8.96153831482,
        "mean": 3.21508908272,
        "median": 3.14591121674,
        "min": -0.537123918533,
        "var": 2.2752840519
    },
    "spectral_rms": {
        "dmean": 0.000724123907275,
        "dmean2": 0.00111032323912,
        "dvar": 3.26896406477e-06,
        "dvar2": 8.08099866845e-06,
        "max": 0.0157896336168,
        "mean": 0.00137336587068,
        "median": 0.000517354346812,
        "min": 4.13262059737e-05,
        "var": 5.25528321305e-06
    },
    "spectral_rolloff": {
        "dmean": 1040.05358887,
        "dmean2": 1717.4017334,
        "dvar": 2433972.75,
        "dvar2": 5290158.5,
        "max": 11347.9980469,
        "mean": 5049.48632812,
        "median": 4457.37304688,
        "min": 387.59765625,
        "var": 4529696
    },
    "spectral_skewness": {
        "dmean": 0.13838352263,
        "dmean2": 0.219694957137,
        "dvar": 0.0297368373722,
        "dvar2": 0.0701093524694,
        "max": 2.51262903214,
        "mean": 1.23089921474,
        "median": 1.25477457047,
        "min": 0.46643653512,
        "var": 0.0757545828819
    },
    "spectral_spread": {
        "dmean": 595206.5625,
        "dmean2": 994614.8125,
        "dvar": 753221107712,
        "dvar2": 1.67611767194e+12,
        "max": 10599657,
        "mean": 4918573,
        "median": 4665304,
        "min": 3109931.5,
        "var": 1.02674897306e+12
    },
    "spectral_strongpeak": {
        "dmean": 0.312142759562,
        "dmean2": 0.463983476162,
        "dvar": 0.571081697941,
        "dvar2": 1.06154882908,
        "max": 10.4195251465,
        "mean": 0.417402297258,
        "median": 0.0860303193331,
        "min": 0,
        "var": 1.04892897606
    },
    "zerocrossingrate": {
        "dmean": 0.0171340219676,
        "dmean2": 0.0188140142709,
        "dvar": 0.000340849161148,
        "dvar2": 0.000388168555219,
        "max": 0.302734375,
        "mean": 0.155523359776,
        "median": 0.14697265625,
        "min": 0.0390625,
        "var": 0.00195872574113
    },
    "barkbands": {
        "dmean": [2.933199994e-06, 5.65486107007e-06, 0.000256506289588, 0.000297546706861, 0.00027610064717, 0.00114613305777, 0.000177949419594, 8.98037033039e-05, 8.48705822136e-05, 0.000114304362796, 6.9130139309e-05, 0.0001263096201, 0.000217705994146, 0.000229587181821, 0.000172256361111, 0.000270393124083, 0.000279295520158, 0.000608857604675, 0.000464397598989, 0.00065847003134, 0.00043477510917, 0.000694507441949, 0.000478596804896, 0.00068974721944, 0.000534059654456, 0.000136369344546, 2.7770327506e-05],
        "dmean2": [5.66695189264e-06, 1.0250685591e-05, 0.000386252097087, 0.000550434924662, 0.000470804836368, 0.00198756833561, 0.000332317402354, 0.000157228176249, 0.00013823590416, 0.0001768238144, 0.000114728085464, 0.000216205138713, 0.000392619491322, 0.000421049015131, 0.000271805882221, 0.000487702607643, 0.000487018085551, 0.00111370929517, 0.000749050523154, 0.00118475407362, 0.000771900056861, 0.00122064340394, 0.000879973755218, 0.00122227414977, 0.000951321562752, 0.000253594014794, 5.42869966011e-05],
        "dvar": [2.99991559372e-10, 1.24630183951e-09, 4.28299790656e-06, 7.15380338079e-06, 2.5920949156e-06, 4.67489917355e-05, 1.25669919271e-06, 2.03360855267e-07, 1.39109587849e-07, 2.06122876989e-07, 1.00704035333e-07, 2.80170183942e-07, 9.87049816104e-07, 9.20383001812e-07, 3.49051191506e-07, 8.12621294699e-07, 1.09699624318e-06, 6.29875148661e-06, 2.3700699785e-06, 8.61615171743e-06, 3.5226946693e-06, 2.60676097241e-05, 8.9380200734e-06, 1.16873497973e-05, 7.43460032027e-06, 7.11688812771e-07, 5.42649232216e-08],
        "dvar2": [9.02436791961e-10, 3.60526763998e-09, 1.01275718407e-05, 2.04028165172e-05, 6.30811246083e-06, 0.000127348699607, 3.60743615602e-06, 5.44883505427e-07, 2.72289327086e-07, 4.88418493205e-07, 2.31541719131e-07, 7.61885360134e-07, 2.93272660201e-06, 2.64892059931e-06, 7.23605978692e-07, 2.22555422624e-06, 3.07082723339e-06, 1.79533217306e-05, 5.98262613494e-06, 2.38972443185e-05, 1.00759507404e-05, 7.32778062229e-05, 2.57058472926e-05, 3.11443982355e-05, 2.05123978958e-05, 2.06983827411e-06, 1.61244301466e-07],
        "max": [0.000182775882422, 0.000322453561239, 0.0249358024448, 0.02956251055, 0.0189640559256, 0.0695876777172, 0.0127151943743, 0.00554270250723, 0.00482966285199, 0.00558936456218, 0.00379721587524, 0.00466250441968, 0.00888118054718, 0.00810934044421, 0.00722281169146, 0.00721655692905, 0.0087313791737, 0.0192012805492, 0.0129509083927, 0.0275795161724, 0.0160580966622, 0.0593762248755, 0.032473821193, 0.0375387743115, 0.029210023582, 0.00850261095911, 0.0024293649476],
        "mean": [2.05181208912e-06, 3.72531121684e-06, 0.000200723385205, 0.000184433883987, 0.00030715810135, 0.000986818573438, 0.000161862422829, 0.000104313970951, 0.000145939266076, 0.000118665921036, 7.42243937566e-05, 0.000126814717078, 0.000192364299437, 0.000206813972909, 0.000215481952182, 0.00025865729549, 0.00025346581242, 0.00048147488269, 0.000455212313682, 0.000571913085878, 0.000387253152439, 0.000548768613953, 0.000331967516104, 0.000506951822899, 0.000385384249967, 9.01951570995e-05, 1.528564826e-05],
        "median": [5.66072685615e-07, 9.28632601926e-08, 3.46164455323e-07, 1.67131861417e-06, 8.92816296982e-06, 1.36209682751e-05, 7.02735997038e-06, 4.11163864555e-06, 8.19001797936e-06, 4.76652030557e-06, 2.56412363342e-06, 6.20176888333e-06, 4.54680230177e-06, 6.71584393785e-06, 8.68608367455e-06, 1.00759552879e-05, 9.91130309558e-06, 1.57444155775e-05, 2.03523195523e-05, 2.61832410615e-05, 1.74907017936e-05, 1.01898613138e-05, 7.68380050431e-06, 8.60267755343e-06, 6.59614624965e-06, 9.82567826213e-07, 1.19364386819e-07],
        "min": [3.21679438642e-09, 6.48446096818e-09, 7.30897342649e-09, 3.54608453712e-09, 7.77132527219e-08, 4.72863703749e-08, 6.0290794579e-08, 1.50781467312e-08, 1.39486404649e-08, 1.09841815643e-08, 9.04109054289e-09, 6.19250855038e-08, 4.46689121247e-08, 3.30211911148e-08, 3.62925121067e-08, 5.8984664264e-08, 5.4884555567e-08, 2.59568171401e-08, 2.63143178358e-08, 1.96796818841e-08, 1.68538196732e-08, 5.73311353946e-09, 5.66664581925e-09, 5.56816237562e-09, 5.2337925105e-09, 4.93341323349e-09, 4.80714135165e-08],
        "var": [1.58003873874e-10, 7.35914384986e-10, 3.65476330444e-06, 4.20069090978e-06, 2.9032933071e-06, 4.2732051952e-05, 8.95283847058e-07, 1.98127423801e-07, 3.31877885174e-07, 2.47857400382e-07, 1.12779297012e-07, 2.61278188418e-07, 8.31960221603e-07, 6.88723503117e-07, 7.01389183178e-07, 8.51669653912e-07, 8.7481276978e-07, 4.02696787205e-06, 2.70642613032e-06, 6.21247272647e-06, 2.36756704908e-06, 1.76098183147e-05, 5.35670642421e-06, 8.60208456288e-06, 5.081314157e-06, 4.07552050774e-07, 2.82751599912e-08]
    },
    "erbbands": {
        "dmean": [0.000183696000022, 0.00453168619424, 0.176731690764, 0.861763954163, 0.852449178696, 0.98697501421, 7.08371734619, 7.76769590378, 2.88483142853, 2.6866915226, 1.74115943909, 2.03574824333, 3.61714482307, 3.10634589195, 3.17222976685, 5.96308946609, 9.70310020447, 9.19720840454, 12.9899196625, 9.87501430511, 14.1340341568, 17.6032886505, 31.1586894989, 27.7059345245, 23.6775341034, 33.0942268372, 21.8525733948, 25.6632423401, 24.3346538544, 8.57960319519, 16.0370254517, 12.0312299728, 12.2623558044, 6.490234375, 3.44950127602, 1.11909925938, 0.155534341931, 0.0324659273028, 0.00470719533041, 0.000302648259094],
        "dmean2": [0.000335496617481, 0.00703721120954, 0.266434013844, 1.51722025871, 1.38358867168, 1.89083039761, 12.914773941, 14.1001300812, 4.7921872139, 5.09918165207, 2.73245191574, 3.66764450073, 6.01662826538, 4.72493076324, 5.44067621231, 10.532377243, 17.3831787109, 16.4021968842, 24.0120429993, 15.71687603, 24.3894443512, 31.3234615326, 56.364440918, 48.0190696716, 41.113155365, 59.5646324158, 39.3544692993, 46.4817848206, 41.8599510193, 14.6852111816, 29.7662906647, 19.9408226013, 22.5505771637, 11.8528614044, 6.04327964783, 2.04584765434, 0.290959268808, 0.0625539943576, 0.00914138741791, 0.000586938520428],
        "dvar": [1.49065772348e-06, 0.00096559652593, 1.98489046097, 56.8371238708, 32.2494087219, 36.5447273254, 2109.43139648, 2074.85522461, 283.680725098, 321.333770752, 54.1982345581, 82.7392883301, 165.546569824, 182.16619873, 182.983596802, 708.921630859, 2039.77624512, 1181.05529785, 2786.40063477, 975.260070801, 2062.52954102, 4512.58984375, 16842.3242188, 12084.0576172, 7536.93652344, 21845.6933594, 8773.21875, 30154.7148438, 28314.2714844, 2149.26757812, 10608.3955078, 4748.97509766, 3055.71166992, 893.671447754, 377.046539307, 45.7606925964, 1.12778449059, 0.0604046322405, 0.00151640933473, 6.6458587753e-06],
        "dvar2": [4.28853945778e-06, 0.00228208582848, 4.71041297913, 154.568450928, 80.7575531006, 95.5911254883, 6059.76660156, 5743.70214844, 723.592712402, 951.102600098, 131.671646118, 172.126113892, 409.126037598, 388.929199219, 436.40612793, 1968.61706543, 6058.4140625, 3397.6887207, 7928.30908203, 2226.25561523, 5330.69433594, 12654.4892578, 47294.90625, 33694.1015625, 20044.0136719, 60350.0078125, 24919.2265625, 87893.6875, 77243.390625, 5920.62255859, 30761.5878906, 12043.9345703, 8583.33398438, 2497.12426758, 1025.89196777, 131.821609497, 3.29867386818, 0.177972048521, 0.00449423491955, 1.97486333491e-05],
        "max": [0.0111667811871, 0.373320519924, 17.0392475128, 86.4550933838, 67.8769989014, 58.8645782471, 486.899139404, 445.932800293, 201.952011108, 196.695755005, 94.942199707, 116.301391602, 131.468017578, 177.536697388, 153.758041382, 248.900726318, 411.082702637, 309.462188721, 462.351257324, 314.547912598, 399.996612549, 555.50958252, 1072.89318848, 1029.65905762, 754.05847168, 1470.43359375, 766.329040527, 1906.21044922, 2021.44335938, 528.52545166, 1106.79760742, 831.715698242, 470.333953857, 296.081176758, 220.062866211, 70.4029464722, 11.1432657242, 2.55521154404, 0.407793939114, 0.0270405355841],
        "mean": [0.000119907228509, 0.0036116479896, 0.139291793108, 0.575053274632, 0.756644010544, 1.05115807056, 5.59951496124, 6.88817644119, 2.79660272598, 2.47653722763, 2.32748818398, 3.15637350082, 4.40125417709, 3.20140814781, 3.45957660675, 5.65369272232, 8.62374210358, 9.34221935272, 12.4836502075, 11.3211870193, 14.5320453644, 15.5977697372, 25.261346817, 25.3650856018, 22.7005405426, 28.4641819, 19.586233139, 20.1126308441, 20.4630126953, 7.10275173187, 10.7731218338, 9.52058029175, 8.52045917511, 4.5264954567, 2.57066488266, 0.761436760426, 0.102165646851, 0.0188813004643, 0.00263303681277, 0.00017227641365],
        "median": [6.01064539296e-06, 2.26748306886e-05, 0.000307885784423, 0.00318406010047, 0.0184811595827, 0.0308644287288, 0.0777270719409, 0.106791071594, 0.106822133064, 0.100548364222, 0.0863843038678, 0.163945406675, 0.169681638479, 0.117498159409, 0.167203068733, 0.245296210051, 0.225836992264, 0.329505503178, 0.4439637959, 0.43559768796, 0.62180107832, 0.659151613712, 0.793260157108, 0.994114816189, 1.01711082458, 1.25020182133, 0.928080618382, 0.511179387569, 0.356109648943, 0.236063495278, 0.228474259377, 0.185582920909, 0.136464521289, 0.0818836539984, 0.0393120907247, 0.00847123004496, 0.00105738500133, 0.000118298223242, 1.80196711881e-05, 2.46349304689e-06],
        "min": [2.65833477897e-07, 1.65263213603e-06, 1.01719224403e-05, 2.37219646806e-05, 4.43817443738e-05, 0.000162616794114, 0.000432534463471, 0.000525475770701, 0.00108881341293, 0.000719036383089, 0.000378406955861, 0.000374368042685, 0.000437677052105, 0.000346718647052, 0.00121398631018, 0.00171608082019, 0.00220264145173, 0.00186364352703, 0.00188364891801, 0.0018288330175, 0.00350885977969, 0.00283923209645, 0.00152172299568, 0.00137197924778, 0.00120664446149, 0.0008815182955, 0.000688359898049, 0.000606930872891, 0.000231006575632, 0.000199593938305, 0.000159621355124, 0.000117221374239, 9.28340377868e-05, 5.39184475201e-05, 3.25995497406e-05, 1.26634795379e-05, 8.55215694173e-06, 9.93158027995e-06, 4.70802660857e-06, 8.42829422254e-07],
        "var": [8.64956007263e-07, 0.000860004220158, 1.70328998566, 37.2503395081, 26.6347961426, 38.5711135864, 1604.69421387, 1920.7265625, 255.147384644, 205.920516968, 81.5464935303, 183.975601196, 249.757171631, 218.097488403, 207.672836304, 608.078613281, 1699.36828613, 1070.93884277, 2558.89404297, 1578.37365723, 2670.87084961, 3452.02026367, 11200.7558594, 9614.66699219, 7082.89892578, 15895.6689453, 5907.21289062, 18058.8554688, 20975.4257812, 1538.50341797, 6168.80078125, 3851.91772461, 1981.97485352, 588.22088623, 266.744140625, 27.3977184296, 0.638231813908, 0.0325667411089, 0.000797518761829, 3.47548234458e-06]
    },
    "gfcc": {
        "mean": [-163.967681885, -0.759089171886, -148.654571533, 20.2366638184, -81.3374099731, -8.93732738495, -55.6502799988, -2.09441256523, -35.0031852722, -0.302883863449, -14.8379812241, -5.97628927231, -7.63293075562],
        "cov": [[18147.4472656, -2145.07861328, -1393.40063477, 236.69593811, -1102.06555176, 618.875488281, -943.362304688, 494.509674072, -941.962768555, 145.451217651, -731.116882324, 50.0125312805, -321.875610352], [-2145.07861328, 1394.5637207, 154.390533447, -124.126533508, 340.410614014, -181.655548096, 114.694366455, -80.9763641357, 106.855644226, -43.8560180664, 57.5249443054, -86.2509765625, -12.7269067764], [-1393.40063477, 154.390533447, 481.772705078, 36.7199554443, 159.637069702, -30.1832103729, 107.690811157, -46.2260780334, 65.3884124756, -17.7613487244, 47.021446228, -11.237865448, -6.97339630127], [236.69593811, -124.126533508, 36.7199554443, 166.38999939, -24.7503528595, 93.0459442139, 10.5788726807, -7.16327428818, -46.6521568298, -34.7873077393, -20.5631408691, -8.0198764801, 9.89797973633], [-1102.06555176, 340.410614014, 159.637069702, -24.7503528595, 238.471908569, -44.3626899719, 79.9623947144, -49.1493492126, 58.6136283875, -31.7905311584, 44.1128616333, -23.7227172852, 6.4015083313], [618.875488281, -181.655548096, -30.1832103729, 93.0459442139, -44.3626899719, 130.959838867, 5.78220272064, 19.9860229492, -51.982131958, -22.750421524, -28.7346839905, -6.25885534286, -8.57325267792], [-943.362304688, 114.694366455, 107.690811157, 10.5788726807, 79.9623947144, 5.78220272064, 122.034378052, -22.9492969513, 62.5071983337, -24.2970542908, 38.8541870117, -2.579246521, 18.8081684113], [494.509674072, -80.9763641357, -46.2260780334, -7.16327428818, -49.1493492126, 19.9860229492, -22.9492969513, 72.4153747559, -3.97570180893, 18.5633296967, -23.0640525818, -0.768422067165, -11.698597908], [-941.962768555, 106.855644226, 65.3884124756, -46.6521568298, 58.6136283875, -51.982131958, 62.5071983337, -3.97570180893, 112.189460754, 17.5322666168, 54.7612342834, 7.5834608078, 18.6741352081], [145.451217651, -43.8560180664, -17.7613487244, -34.7873077393, -31.7905311584, -22.750421524, -24.2970542908, 18.5633296967, 17.5322666168, 54.3606910706, 10.4011182785, 16.3613109589, -5.418653965], [-731.116882324, 57.5249443054, 47.021446228, -20.5631408691, 44.1128616333, -28.7346839905, 38.8541870117, -23.0640525818, 54.7612342834, 10.4011182785, 73.0297698975, 14.4026956558, 23.6290779114], [50.0125312805, -86.2509765625, -11.237865448, -8.0198764801, -23.7227172852, -6.25885534286, -2.579246521, -0.768422067165, 7.5834608078, 16.3613109589, 14.4026956558, 41.6438560486, 18.9346752167], [-321.875610352, -12.7269067764, -6.97339630127, 9.89797973633, 6.4015083313, -8.57325267792, 18.8081684113, -11.698597908, 18.6741352081, -5.418653965, 23.6290779114, 18.9346752167, 45.7094726562]],
        "icov": [[0.000236830906942, 4.98622684972e-05, 0.000243588321609, 3.89293199987e-05, -8.28264601296e-05, -0.000540898530744, 0.000644787447527, -0.000570772332139, 0.000786919379607, -0.000379316014005, 0.000893715245184, -0.000842017296236, 0.000729426159523], [4.98622684972e-05, 0.00154721573927, 0.000485131284222, -7.4226903962e-05, -0.0016225585714, 0.00197731284425, -0.000979442149401, -3.03722863464e-05, 0.000658783887047, -0.000159146031365, 0.000115417031338, 0.00219984329306, 0.000606402987614], [0.000243588321609, 0.000485131284222, 0.00392059097067, -0.00251086335629, -0.00217215763405, 0.00205324334092, -0.0020800139755, -0.000411210814491, 0.000898135709576, -0.00121971638873, 0.000304025452351, -0.0015760154929, 0.00441630044952], [3.89293199987e-05, -7.4226903962e-05, -0.00251086335629, 0.0137047180906, 0.00181766424794, -0.00957287568599, 0.00171982264146, 0.00259575410746, 0.00126211694442, 0.00227720825933, 0.00149196642451, 0.00331946602091, -0.00758257275447], [-8.28264601296e-05, -0.0016225585714, -0.00217215763405, 0.00181766424794, 0.00989212933928, -0.00115141284186, -0.000741182127967, 0.00244811899029, -0.00186508090701, 0.00383244967088, -0.00213716202416, 0.00195479462855, -0.000918481207918], [-0.000540898530744, 0.00197731284425, 0.00205324334092, -0.00957287568599, -0.00115141284186, 0.0234263688326, -0.0103706037626, -0.00502939149737, 0.00608880864456, 0.00253948429599, -0.00441207177937, 0.00238069216721, 0.00577106466517], [0.000644787447527, -0.000979442149401, -0.0020800139755, 0.00171982264146, -0.000741182127967, -0.0103706037626, 0.0235783662647, 0.000714736059308, -0.0105438148603, 0.00783006753772, 0.00120020168833, -0.00452388450503, -0.00129289145116], [-0.000570772332139, -3.03722863464e-05, -0.000411210814491, 0.00259575410746, 0.00244811899029, -0.00502939149737, 0.000714736059308, 0.0233795549721, -0.0085732024163, -0.00537872035056, 0.00587365357205, 0.00487908069044, -0.00244173430838], [0.000786919379607, 0.000658783887047, 0.000898135709576, 0.00126211694442, -0.00186508090701, 0.00608880864456, -0.0105438148603, -0.0085732024163, 0.0291430838406, -0.00923107657582, -0.00695171020925, 0.000977489864454, -0.000675727205817], [-0.000379316014005, -0.000159146031365, -0.00121971638873, 0.00227720825933, 0.00383244967088, 0.00253948429599, 0.00783006753772, -0.00537872035056, -0.00923107657582, 0.0379734300077, -0.00872795749456, -0.0113163646311, 0.00941893737763], [0.000893715245184, 0.000115417031338, 0.000304025452351, 0.00149196642451, -0.00213716202416, -0.00441207177937, 0.00120020168833, 0.00587365357205, -0.00695171020925, -0.00872795749456, 0.0332499668002, -0.00608894741163, -0.006330603268], [-0.000842017296236, 0.00219984329306, -0.0015760154929, 0.00331946602091, 0.00195479462855, 0.00238069216721, -0.00452388450503, 0.00487908069044, 0.000977489864454, -0.0113163646311, -0.00608894741163, 0.047028683126, -0.0210674647242], [0.000729426159523, 0.000606402987614, 0.00441630044952, -0.00758257275447, -0.000918481207918, 0.00577106466517, -0.00129289145116, -0.00244173430838, -0.000675727205817, 0.00941893737763, -0.006330603268, -0.0210674647242, 0.0440085567534]]
    },
    "melbands": {
        "dmean": [1.44756052123e-06, 6.5762513259e-05, 0.000142012635479, 6.07864931226e-05, 0.000195405111299, 0.000176327521331, 4.04524798796e-05, 2.73638779618e-05, 1.46215315908e-05, 1.32428594952e-05, 1.83877655218e-05, 1.28082829178e-05, 9.72897214524e-06, 1.34842193802e-05, 2.10032339965e-05, 1.89825586858e-05, 1.65891724464e-05, 2.42043570324e-05, 1.18713005577e-05, 1.79357612069e-05, 1.48645403897e-05, 1.80737097253e-05, 2.14775045606e-05, 3.13299533445e-05, 2.1871745048e-05, 1.68140668393e-05, 1.74265496753e-05, 2.40483605012e-05, 1.5444615201e-05, 8.61197167978e-06, 1.96141427296e-05, 1.89718375623e-05, 3.73443936041e-06, 5.10297604706e-06, 1.1553753211e-05, 5.02809916725e-06, 8.88506110641e-06, 9.28400368139e-06, 7.14476209396e-06, 4.73413774671e-06],
        "dmean2": [2.73575665233e-06, 9.81036064331e-05, 0.000248942873441, 0.000114711823699, 0.000347829511156, 0.00033574711415, 6.99295778759e-05, 5.10204044986e-05, 2.29768993449e-05, 2.23843962885e-05, 3.02725675283e-05, 1.98339039343e-05, 1.60057861649e-05, 2.24162322411e-05, 3.74925075448e-05, 3.39774778695e-05, 2.96128600894e-05, 4.54368491773e-05, 1.6650701582e-05, 3.18030142807e-05, 2.5107707188e-05, 3.19740320265e-05, 3.99836426368e-05, 5.72185126657e-05, 3.84623126592e-05, 2.72543620667e-05, 3.20186154568e-05, 4.34170724475e-05, 2.79831201624e-05, 1.50480136654e-05, 3.60663943866e-05, 3.2785555959e-05, 5.93241747993e-06, 8.93326250662e-06, 2.18419299927e-05, 8.82048698259e-06, 1.45073672684e-05, 1.71539559233e-05, 1.31846245495e-05, 8.66244590725e-06],
        "dvar": [1.06303695013e-10, 2.72516643918e-07, 1.49689242335e-06, 1.42115482049e-07, 1.53101166234e-06, 1.19092612749e-06, 5.57050903183e-08, 3.27848432846e-08, 3.84171183754e-09, 2.87892665263e-09, 4.21800994133e-09, 3.36444672122e-09, 1.95330507324e-09, 2.56822896283e-09, 1.11142703929e-08, 7.83586973085e-09, 3.53129236963e-09, 1.03914814531e-08, 1.44516398848e-09, 3.80722964266e-09, 2.1413424367e-09, 4.93198371032e-09, 1.09517950264e-08, 1.72636518414e-08, 7.77769315619e-09, 2.90865687091e-09, 5.31584509744e-09, 1.25197630041e-08, 4.17689349774e-09, 1.38546729644e-09, 2.17657802892e-08, 1.96383229678e-08, 1.90820664825e-10, 8.80661432667e-10, 6.38615738069e-09, 4.94083718383e-10, 3.18583803782e-09, 2.0228847486e-09, 9.49984757526e-10, 5.05207820023e-10],
        "dvar2": [3.15910630988e-10, 6.3920424509e-07, 4.05833407058e-06, 3.4817438177e-07, 4.34487765233e-06, 3.21923562296e-06, 1.47649146243e-07, 9.70064633066e-08, 9.22521614655e-09, 5.59206503326e-09, 1.04663575584e-08, 7.4808976791e-09, 4.6088164396e-09, 6.63799504252e-09, 3.2628136637e-08, 2.30583765415e-08, 1.01111004014e-08, 3.03827576431e-08, 2.25468621551e-09, 1.05718420684e-08, 5.23136955977e-09, 1.39028228929e-08, 3.14848769278e-08, 4.94687348862e-08, 2.15245492541e-08, 7.31569294032e-09, 1.50607704086e-08, 3.43087833699e-08, 1.18896146262e-08, 3.94165544648e-09, 6.3821680385e-08, 5.4145960604e-08, 4.7013565263e-10, 2.42725772814e-09, 1.86513382516e-08, 1.34329047885e-09, 8.02659805288e-09, 5.71990099729e-09, 2.7001565428e-09, 1.41719935787e-09],
        "max": [0.000103261263575, 0.00631006900221, 0.0140750138089, 0.0037759731058, 0.0132634071633, 0.00989023782313, 0.00281272362918, 0.0019964731764, 0.000802353431936, 0.000749658967834, 0.000671354704536, 0.000759127666242, 0.000527099065948, 0.000499588670209, 0.00110171642154, 0.000855981314089, 0.000498035165947, 0.000875097874086, 0.000602914777119, 0.000513880280778, 0.000426334969234, 0.000613431504462, 0.00104496511631, 0.00107135844883, 0.000822358881123, 0.000463386531919, 0.000628758280072, 0.00117235467769, 0.000522757356521, 0.000340168742696, 0.00161476130597, 0.00166854343843, 0.000161045885761, 0.000337065488566, 0.000851540709846, 0.000244013484917, 0.000685436942149, 0.000425732316216, 0.000214411411434, 0.000230057077715],
        "mean": [9.18047135201e-07, 5.2181272622e-05, 0.000100105156889, 6.31720758975e-05, 0.000159027855261, 0.000164126584423, 3.96842115151e-05, 2.60713641183e-05, 1.96276560018e-05, 2.04809239222e-05, 2.1545754862e-05, 1.26522299979e-05, 1.02862441054e-05, 1.38742143463e-05, 1.81723407877e-05, 1.82995281648e-05, 1.67560010595e-05, 2.04455318453e-05, 1.55346588144e-05, 1.69428494701e-05, 1.60395393323e-05, 1.6020523617e-05, 1.71581832547e-05, 2.52123900282e-05, 2.01259153982e-05, 1.62885189638e-05, 1.51088452185e-05, 2.05555134016e-05, 1.369419806e-05, 7.5902221397e-06, 1.45335525303e-05, 1.54031167767e-05, 3.71183568859e-06, 4.02048544856e-06, 7.41633584767e-06, 3.90830746255e-06, 6.98695794199e-06, 6.4058258431e-06, 4.85393684357e-06, 3.33000434694e-06],
        "median": [8.2049908201e-08, 1.13198709073e-07, 9.62157741924e-07, 1.87147236375e-06, 2.23366350838e-06, 2.47778484663e-06, 1.55061195528e-06, 1.06881566353e-06, 7.08451693754e-07, 1.15747741347e-06, 8.69808502557e-07, 4.75751534168e-07, 4.41288875663e-07, 6.97162192864e-07, 5.97205996655e-07, 4.76305302755e-07, 6.82199583935e-07, 6.82738914293e-07, 6.34661716958e-07, 5.66396579416e-07, 6.85410498136e-07, 6.45540126243e-07, 7.20885282135e-07, 7.34681577796e-07, 7.5121511145e-07, 7.17118439297e-07, 6.5150214823e-07, 8.33778244669e-07, 6.28451630291e-07, 3.71897215246e-07, 2.49548463671e-07, 2.27018190913e-07, 1.3984016789e-07, 1.23642792005e-07, 1.28595374349e-07, 1.16288738639e-07, 1.07421151085e-07, 1.03879401081e-07, 7.29820968104e-08, 6.07803798403e-08],
        "min": [2.69645772377e-09, 3.75313025103e-09, 3.84913079188e-09, 8.35903879448e-09, 1.41538967213e-08, 1.42695419925e-08, 1.63609215065e-08, 6.35873576016e-09, 2.59916110856e-09, 2.08188311035e-09, 2.03794625619e-09, 1.22583665441e-09, 2.41192510408e-09, 6.06989170038e-09, 2.914466668e-09, 3.06519543081e-09, 2.58974641731e-09, 2.6423661037e-09, 2.68344502175e-09, 2.6582753776e-09, 3.29920291087e-09, 3.0831750486e-09, 1.61193092207e-09, 1.29547383931e-09, 1.06953346179e-09, 1.02878061625e-09, 6.67963129253e-10, 5.52772438933e-10, 3.63599900188e-10, 4.1560144215e-10, 3.40902556184e-10, 1.25526630756e-10, 9.67072463776e-11, 1.09289084727e-10, 9.32558127942e-11, 7.0079719805e-11, 6.90429102779e-11, 6.69817881715e-11, 5.95738874898e-11, 3.98896263243e-11],
        "var": [5.61930120491e-11, 2.37183414242e-07, 9.91394358607e-07, 1.43786607509e-07, 1.23114261896e-06, 1.11874282993e-06, 4.74823593777e-08, 2.12261070942e-08, 6.25152729583e-09, 6.96351065699e-09, 6.05115779706e-09, 3.69316643933e-09, 2.1043855547e-09, 2.76395772936e-09, 8.98920582415e-09, 6.25289153788e-09, 3.31958105448e-09, 7.84229126083e-09, 3.83808496096e-09, 3.64317265245e-09, 3.14325454553e-09, 3.77062070456e-09, 6.67379218555e-09, 1.09506510526e-08, 6.35708019558e-09, 3.37370198444e-09, 3.83502651857e-09, 9.12896247485e-09, 2.81132939151e-09, 9.46019373949e-10, 1.26654224886e-08, 1.41586635749e-08, 1.95501337341e-10, 6.10525741074e-10, 3.59153062846e-09, 3.59164004093e-10, 2.58796117869e-09, 1.29524868608e-09, 5.87180415401e-10, 3.31409455434e-10]
    },
    "mfcc": {
        "mean": [-793.958251953, 38.8077545166, -22.3111743927, 10.1816177368, -11.6886730194, -14.670832634, -11.2501077652, -16.6742610931, -12.8295259476, -7.47091293335, -9.12695980072, -3.60226607323, -7.44140338898],
        "cov": [[18822.0800781, -2191.76904297, -955.047668457, -611.925720215, -425.722930908, -387.629241943, -100.518692017, -234.589477539, -115.08997345, -278.295013428, -230.171203613, -473.986083984, -563.024353027], [-2191.76904297, 1291.19812012, -32.1291351318, 134.182312012, 131.563796997, -16.8154010773, -6.98853778839, -31.0754776001, 15.0174732208, 34.1643257141, 54.0161819458, 52.5088310242, 54.154586792], [-955.047668457, -32.1291351318, 325.565368652, 73.0906982422, 43.8173408508, 72.2688674927, 47.5328445435, 41.0626945496, 8.0632352829, 18.4844779968, -1.66793572903, 29.7398319244, 36.4443969727], [-611.925720215, 134.182312012, 73.0906982422, 106.769111633, 39.9487266541, 37.411693573, 21.3735561371, 11.6325645447, 9.3762140274, 2.78402066231, -6.75152397156, 5.76850891113, 13.601805687], [-425.722930908, 131.563796997, 43.8173408508, 39.9487266541, 114.641349792, 30.8910140991, 30.2318954468, 7.78886127472, -0.570609986782, 5.14434099197, -4.2731924057, 6.41361904144, 9.49629211426], [-387.629241943, -16.8154010773, 72.2688674927, 37.411693573, 30.8910140991, 103.325065613, 51.6034965515, 39.0554466248, 2.45751857758, -2.27215766907, -11.114443779, -2.35282969475, 5.80999040604], [-100.518692017, -6.98853778839, 47.5328445435, 21.3735561371, 30.2318954468, 51.6034965515, 74.3600463867, 37.222820282, 3.07798814774, 1.79082071781, -8.52765464783, -12.7645483017, -5.97289037704], [-234.589477539, -31.0754776001, 41.0626945496, 11.6325645447, 7.78886127472, 39.0554466248, 37.222820282, 65.4661102295, 23.6654148102, 10.1408414841, -0.0501017421484, 1.78830945492, 1.43709540367], [-115.08997345, 15.0174732208, 8.0632352829, 9.3762140274, -0.570609986782, 2.45751857758, 3.07798814774, 23.6654148102, 41.778503418, 12.9162826538, 9.52018260956, 2.98994517326, 4.18666601181], [-278.295013428, 34.1643257141, 18.4844779968, 2.78402066231, 5.14434099197, -2.27215766907, 1.79082071781, 10.1408414841, 12.9162826538, 39.3795776367, 17.442483902, 18.100025177, 11.0380687714], [-230.171203613, 54.0161819458, -1.66793572903, -6.75152397156, -4.2731924057, -11.114443779, -8.52765464783, -0.0501017421484, 9.52018260956, 17.442483902, 43.9382896423, 27.8348789215, 12.937997818], [-473.986083984, 52.5088310242, 29.7398319244, 5.76850891113, 6.41361904144, -2.35282969475, -12.7645483017, 1.78830945492, 2.98994517326, 18.100025177, 27.8348789215, 55.3537902832, 31.4837055206], [-563.024353027, 54.154586792, 36.4443969727, 13.601805687, 9.49629211426, 5.80999040604, -5.97289037704, 1.43709540367, 4.18666601181, 11.0380687714, 12.937997818, 31.4837055206, 48.1108055115]],
