{
"lowlevel": {
    "average_loudness": 0.95385324955,
    "barkbands_crest": {
        "dmean": 1.67290937901,
        "dmean2": 2.90676951408,
        "dvar": 2.12622261047,
        "dvar2": 6.01871204376,
        "max": 16.7214374542,
        "mean": 5.62316274643,
        "median": 5.18709850311,
        "min": 2.23884606361,
        "var": 4.97232723236
    },
    "barkbands_flatness_db": {
        "dmean": 0.0126536525786,
        "dmean2": 0.0210463292897,
        "dvar": 0.000228266610065,
        "dvar2": 0.000678324198816,
        "max": 0.174114003778,
        "mean": 0.0654830634594,
        "median": 0.0625330731273,
        "min": 0.0263008400798,
        "var": 0.000303828070173
    },
    "barkbands_kurtosis": {
        "dmean": 0.936648249626,
        "dmean2": 1.66415596008,
        "dvar": 4.51606607437,
        "dvar2": 12.7133703232,
        "max": 15.2013587952,
        "mean": -0.486824214458,
        "median": -1.25596117973,
        "min": -1.70176184177,
        "var": 5.08702039719
    },
    "barkbands_skewness": {
        "dmean": 0.433339238167,
        "dmean2": 0.694957077503,
        "dvar": 0.258402019739,
        "dvar2": 0.659157574177,
        "max": 2.94016671181,
        "mean": 0.212687402964,
        "median": 0.00915754586458,
        "min": -3.26921319962,
        "var": 0.656522154808
    },
    "barkbands_spread": {
        "dmean": 6.03882312775,
        "dmean2": 10.2562131882,
        "dvar": 38.2113456726,
        "dvar2": 99.3282546997,
        "max": 67.8378677368,
        "mean": 41.3412666321,
        "median": 42.6565055847,
        "min": 8.35814666748,
        "var": 60.2066879272
    },
    "dissonance": {
        "dmean": 0.00579437008128,
        "dmean2": 0.00975989270955,
        "dvar": 8.13923179521e-05,
        "dvar2": 0.000176344896317,
        "max": 0.499960243702,
        "mean": 0.490676701069,
        "median": 0.492832034826,
        "min": 0.399828791618,
        "var": 0.000106216437416
    },
    "dynamic_complexity": 9.17246341705,
    "erbbands_crest": {
        "dmean": 1.0837688446,
        "dmean2": 1.83854663372,
        "dvar": 0.74230837822,
        "dvar2": 1.93835747242,
        "max": 10.910826683,
        "mean": 5.04160737991,
        "median": 4.86444473267,
        "min": 2.50587582588,
        "var": 1.40953123569
    },
    "erbbands_flatness_db": {
        "dmean": 0.00992885325104,
        "dmean2": 0.0165239870548,
        "dvar": 0.000109875691123,
        "dvar2": 0.000291237141937,
        "max": 0.21893401444,
        "mean": 0.13102710247,
        "median": 0.134335204959,
        "min": 0.0833275169134,
        "var": 0.00025353525416
    },
    "erbbands_kurtosis": {
        "dmean": 0.695529639721,
        "dmean2": 1.15877461433,
        "dvar": 0.346242040396,
        "dvar2": 0.77559453249,
        "max": 4.69388580322,
        "mean": 0.607244074345,
        "median": 0.574463367462,
        "min": -1.1753333807,
        "var": 0.85117739439
    },
    "erbbands_skewness": {
        "dmean": 0.237466081977,
        "dmean2": 0.392300605774,
        "dvar": 0.070399954915,
        "dvar2": 0.176619380713,
        "max": 2.07566308975,
        "mean": -0.637498676777,
        "median": -0.761496663094,
        "min": -1.69189059734,
        "var": 0.300732970238
    },
    "erbbands_spread": {
        "dmean": 7.29859924316,
        "dmean2": 12.1073875427,
        "dvar": 37.2431182861,
        "dvar2": 96.9675674438,
        "max": 69.3492736816,
        "mean": 37.9864120483,
        "median": 36.8185539246,
        "min": 15.8138380051,
        "var": 78.2302322388
    },
    "hfc": {
        "dmean": 6.66890144348,
        "dmean2": 7.61982488632,
        "dvar": 163.790100098,
        "dvar2": 231.440261841,
        "max": 155.164138794,
        "mean": 16.6526832581,
        "median": 4.65835094452,
        "min": 0.00756323989481,
        "var": 616.92755127
    },
    "melbands_crest": {
        "dmean": 2.33367562294,
        "dmean2": 3.87426829338,
        "dvar": 3.49823021889,
        "dvar2": 9.31477546692,
        "max": 18.9787960052,
        "mean": 9.33817005157,
        "median": 9.0816192627,
        "min": 3.66192698479,
        "var": 7.90337228775
    },
    "melbands_flatness_db": {
        "dmean": 0.0193935744464,
        "dmean2": 0.0301372241229,
        "dvar": 0.000449011131423,
        "dvar2": 0.00115674489643,
        "max": 0.218258678913,
        "mean": 0.085262991488,
        "median": 0.0772774517536,
        "min": 0.0372029878199,
        "var": 0.00137178972363
    },
    "melbands_kurtosis": {
        "dmean": 2.27455806732,
        "dmean2": 3.87640428543,
        "dvar": 13.7218265533,
        "dvar2": 37.7808952332,
        "max": 23.358663559,
        "mean": 2.07970190048,
        "median": 0.401217937469,
        "min": -1.67912125587,
        "var": 20.4606685638
    },
    "melbands_skewness": {
        "dmean": 0.530150949955,
        "dmean2": 0.851070523262,
        "dvar": 0.283859223127,
        "dvar2": 0.744872748852,
        "max": 4.16554403305,
        "mean": 1.40232765675,
        "median": 1.2394092083,
        "min": -1.42775535583,
        "var": 0.574715614319
    },
    "melbands_spread": {
        "dmean": 14.0122117996,
        "dmean2": 21.7582302094,
        "dvar": 211.644088745,
        "dvar2": 480.609863281,
        "max": 190.569778442,
        "mean": 65.6688766479,
        "median": 71.6386184692,
        "min": 7.89733743668,
        "var": 624.255859375
    },
    "pitch_salience": {
        "dmean": 0.0483641438186,
        "dmean2": 0.084286108613,
        "dvar": 0.00176373927388,
        "dvar2": 0.0050073931925,
        "max": 0.869223177433,
        "mean": 0.70927298069,
        "median": 0.714894890785,
        "min": 0.461978703737,
        "var": 0.00321809388697
    },
    "silence_rate_20dB": {
        "dmean": 0,
        "dmean2": 0,
        "dvar": 0,
        "dvar2": 0,
        "max": 1,
        "mean": 1,
        "median": 1,
        "min": 1,
        "var": 0
    },
    "silence_rate_30dB": {
        "dmean": 0,
        "dmean2": 0,
        "dvar": 0,
        "dvar2": 0,
        "max": 1,
        "mean": 1,
        "median": 1,
        "min": 1,
        "var": 0
    },
    "silence_rate_60dB": {
        "dmean": 0.0708333328366,
        "dmean2": 0.138075307012,
        "dvar": 0.065815910697,
        "dvar2": 0.127378255129,
        "max": 1,
        "mean": 0.551867246628,
        "median": 1,
        "min": 0,
        "var": 0.247310385108
    },
    "spectral_centroid": {
        "dmean": 294.843261719,
        "dmean2": 471.403533936,
        "dvar": 122203.625,
        "dvar2": 295671.375,
        "max": 4593.16992188,
        "mean": 2583.2824707,
        "median": 2762.44116211,
        "min": 603.55090332,
        "var": 395919.0625
    },
    "spectral_complexity": {
        "dmean": 4.27083349228,
        "dmean2": 5.31380748749,
        "dvar": 48.822517395,
        "dvar2": 51.0353546143,
        "max": 60,
        "mean": 17.170124054,
        "median": 6,
        "min": 0,
        "var": 373.020812988
    },
    "spectral_decrease": {
        "dmean": 7.39105554537e-10,
        "dmean2": 1.07869513322e-09,
        "dvar": 3.31081149485e-18,
        "dvar2": 6.86049868853e-18,
        "max": -6.85858867529e-13,
        "mean": -1.62836966133e-09,
        "median": -4.26546159504e-10,
        "min": -1.96752480974e-08,
        "var": 7.5734497944e-18
    },
    "spectral_energy": {
        "dmean": 0.0032848843839,
        "dmean2": 0.00454410351813,
        "dvar": 5.78429353482e-05,
        "dvar2": 0.000112185181933,
        "max": 0.0847800448537,
        "mean": 0.00765629345551,
        "median": 0.00217993138358,
        "min": 3.29008958033e-06,
        "var": 0.000154047738761
    },
    "spectral_energyband_high": {
        "dmean": 0.000519262044691,
        "dmean2": 0.00062369776424,
        "dvar": 9.63972297541e-07,
        "dvar2": 1.35106938615e-06,
        "max": 0.00991926342249,
        "mean": 0.00128767383285,
        "median": 0.000374504044885,
        "min": 2.0501391873e-07,
        "var": 3.59841692443e-06
    },
    "spectral_energyband_low": {
        "dmean": 0.000533848360647,
        "dmean2": 0.000923512037843,
        "dvar": 2.60558840637e-06,
        "dvar2": 6.89682156008e-06,
        "max": 0.0128231542185,
        "mean": 0.000416870723711,
        "median": 3.59132391168e-05,
        "min": 2.37542735704e-07,
        "var": 2.00486351787e-06
    },
    "spectral_energyband_middle_high": {
        "dmean": 0.00129102438223,
        "dmean2": 0.00173575326335,
        "dvar": 7.42038264434e-06,
        "dvar2": 1.20921931739e-05,
        "max": 0.034323964268,
        "mean": 0.00302734482102,
        "median": 0.000862952903844,
        "min": 2.41939744683e-07,
        "var": 2.25018084166e-05
    },
    "spectral_energyband_middle_low": {
        "dmean": 0.00197981810197,
        "dmean2": 0.00323020736687,
        "dvar": 2.77590825135e-05,
        "dvar2": 6.89418011461e-05,
        "max": 0.0531551726162,
        "mean": 0.00311084254645,
        "median": 0.000730146246497,
        "min": 2.08175583793e-06,
        "var": 3.93067020923e-05
    },
    "spectral_entropy": {
        "dmean": 0.0751298442483,
        "dmean2": 0.122030369937,
        "dvar": 0.0075998804532,
        "dvar2": 0.0206945296377,
        "max": 8.6188621521,
        "mean": 8.13209819794,
        "median": 8.15747642517,
        "min": 7.52732753754,
        "var": 0.0210677105933
    },
    "spectral_flux": {
        "dmean": 0.0111139062792,
        "dmean2": 0.015120273456,
        "dvar": 0.000482996343635,
        "dvar2": 0.000997001072392,
        "max": 0.218195572495,
        "mean": 0.0464209280908,
        "median": 0.0320924408734,
        "min": 0.000856184284203,
        "var": 0.00182469352148
    },
    "spectral_kurtosis": {
        "dmean": 0.624175131321,
        "dmean2": 1.03805601597,
        "dvar": 1.14948487282,
        "dvar2": 3.48454928398,
        "max": 11.9982881546,
        "mean": 3.5543692112,
        "median": 3.15665721893,
        "min": -0.0619301795959,
        "var": 2.36453795433
    },
    "spectral_rms": {
        "dmean": 0.000459252798464,
        "dmean2": 0.000601447711233,
        "dvar": 7.07402818989e-07,
        "dvar2": 1.14384545213e-06,
        "max": 0.00909462664276,
        "mean": 0.00205887737684,
        "median": 0.00145834230352,
        "min": 5.66554808756e-05,
        "var": 3.23057406604e-06
    },
    "spectral_rolloff": {
        "dmean": 662.594421387,
        "dmean2": 1016.74530029,
        "dvar": 715754.6875,
        "dvar2": 1675729.375,
        "max": 10551.2695312,
        "mean": 3955.40722656,
        "median": 4177.44140625,
        "min": 452.197265625,
        "var": 1921693
    },
    "spectral_skewness": {
        "dmean": 0.11276178807,
        "dmean2": 0.179675966501,
        "dvar": 0.0260100308806,
        "dvar2": 0.0762245059013,
        "max": 2.49737644196,
        "mean": 1.33585166931,
        "median": 1.275421381,
        "min": 0.634616196156,
        "var": 0.0789448618889
    },
    "spectral_spread": {
        "dmean": 322111.1875,
        "dmean2": 548740.125,
        "dvar": 121150947328,
        "dvar2": 311938842624,
        "max": 7705843,
        "mean": 4979055.5,
        "median": 4969536,
        "min": 3856686,
        "var": 342968139776
    },
    "spectral_strongpeak": {
        "dmean": 0.15978756547,
        "dmean2": 0.274984121323,
        "dvar": 0.132867127657,
        "dvar2": 0.395608246326,
        "max": 3.29042649269,
        "mean": 0.207813709974,
        "median": 0.124855868518,
        "min": 0,
        "var": 0.0989706963301
    },
    "zerocrossingrate": {
        "dmean": 0.0128621421754,
        "dmean2": 0.0160989798605,
        "dvar": 0.000195282700588,
        "dvar2": 0.000232735270401,
        "max": 0.2529296875,
        "mean": 0.138890683651,
        "median": 0.1416015625,
        "min": 0.04638671875,
        "var": 0.000777160865255
    },
    "barkbands": {
        "dmean": [2.94808091894e-06, 8.91363106348e-06, 0.000336610712111, 0.000406964536523, 0.000741637602914, 0.00109797110781, 0.000131814886117, 6.48875211482e-05, 9.41652397159e-05, 0.000114297079563, 5.26538970007e-05, 0.000157914430019, 0.000148395673023, 0.000122376979562, 0.000172726329765, 0.0003288439475, 0.000221374502871, 0.000189403479453, 0.000277123122942, 0.000229505327297, 0.000157220929395, 6.38630226604e-05, 5.63119647268e-05, 8.71921729413e-05, 8.83618704393e-05, 2.07971988857e-05, 1.20529978176e-06],
        "dmean2": [5.16348291058e-06, 1.39075573315e-05, 0.000559450010769, 0.000722125987522, 0.00120152020827, 0.00182416057214, 0.000220183457714, 0.000109457258077, 0.000141182390507, 0.000172228945303, 9.07249268494e-05, 0.000246685813181, 0.000231903482927, 0.000199590984266, 0.000279458268778, 0.000541898945812, 0.000361522717867, 0.00027500957367, 0.000393014634028, 0.000347730790963, 0.000235469880863, 9.63906859397e-05, 7.29779276298e-05, 0.00012492062524, 0.000116611838166, 2.63882648142e-05, 1.53415419391e-06],
        "dvar": [2.27016686699e-11, 7.11494196892e-10, 9.93136382021e-07, 1.99347027774e-06, 3.34781952915e-06, 8.27778785606e-06, 8.49116830182e-08, 2.28796306345e-08, 3.6927321645e-08, 7.50431894403e-08, 1.5803832909e-08, 1.27675974682e-07, 9.25865961676e-08, 8.62884661501e-08, 1.52957966293e-07, 9.8856060049e-07, 2.49418064868e-07, 1.53212099008e-07, 2.51673185403e-07, 2.28772975674e-07, 9.87632375882e-08, 1.53317394336e-08, 1.15888525443e-08, 3.47925883659e-08, 2.82496426252e-08, 1.55092316767e-09, 5.98328331325e-12],
        "dvar2": [6.84498013825e-11, 1.73211489596e-09, 2.54354404206e-06, 5.59877753403e-06, 7.97202119429e-06, 2.26971242228e-05, 1.63527246855e-07, 6.28318730378e-08, 6.36084251937e-08, 1.5554881827e-07, 4.05385804925e-08, 3.14610929308e-07, 1.95354658672e-07, 2.20186194611e-07, 3.71370020957e-07, 2.79801338365e-06, 7.18453975423e-07, 3.1561137348e-07, 5.18124977589e-07, 4.56148939065e-07, 1.96721686052e-07, 2.72621232256e-08, 2.09060164735e-08, 7.56366844712e-08, 5.0698979237e-08, 2.46278375471e-09, 1.05018294408e-11],
        "max": [3.91578359995e-05, 0.000238984139287, 0.00807504169643, 0.0133406128734, 0.018292658031, 0.0252475719899, 0.00295220944099, 0.00133147416636, 0.00210654130206, 0.00271048746072, 0.00108670769259, 0.00321041210555, 0.00299331196584, 0.00332291517407, 0.00512010464445, 0.0111745381728, 0.00435503199697, 0.00321846478619, 0.00460567511618, 0.00546194845811, 0.00285313418135, 0.00108374806587, 0.00103200948797, 0.00143292557914, 0.00165483541787, 0.000400726945372, 2.78514453385e-05],
        "mean": [2.78880520455e-06, 8.15158091427e-06, 0.000266207382083, 0.000386120576877, 0.00100204057526, 0.00120212964248, 0.000192280887859, 8.94540717127e-05, 0.000165740857483, 0.000148880004417, 7.26540674805e-05, 0.000215989377466, 0.00022030119726, 0.000219516223297, 0.000270464661298, 0.000427169434261, 0.000361118116416, 0.000360599457053, 0.000546083436348, 0.000473873747978, 0.000347543886164, 0.000150729465531, 0.000119837270177, 0.00017637979181, 0.000183260053745, 4.42283380835e-05, 2.58315299106e-06],
        "median": [9.9870521808e-07, 4.21262711825e-07, 1.28810606839e-05, 8.29333948786e-05, 0.000316639750963, 0.000139795723953, 4.28301864304e-05, 1.72638210643e-05, 3.39077887475e-05, 2.19828762056e-05, 1.2685515685e-05, 5.45868169866e-05, 5.44240319869e-05, 6.31999137113e-05, 7.56569861551e-05, 0.000104363338323, 0.000108855092549, 0.000116700852232, 0.000164247496286, 0.000147747356095, 0.000112664594781, 4.86627941427e-05, 3.38717873092e-05, 4.82213617943e-05, 4.60454539279e-05, 9.78626940196e-06, 7.24426115539e-07],
        "min": [1.75910273015e-08, 6.58446364099e-09, 6.69690347621e-09, 4.80379505063e-08, 3.64732983371e-07, 8.30820496844e-08, 3.24232473758e-07, 3.88802803286e-08, 4.50382273698e-08, 1.41082834304e-08, 1.22005952008e-08, 2.26718412932e-08, 1.38672913153e-08, 9.64845181528e-09, 4.40871650298e-09, 8.19085155257e-09, 1.21703669365e-08, 1.13137215152e-08, 9.7937844501e-09, 7.48967110553e-09, 7.08504366287e-09, 3.8186698248e-09, 5.07995157051e-09, 6.98130753207e-09, 9.59770130038e-09, 1.42613769682e-08, 1.58150427865e-07],
        "var": [2.46383399793e-11, 6.96901369945e-10, 8.46130376431e-07, 1.30368880491e-06, 4.52402628071e-06, 8.03081456979e-06, 1.5164692968e-07, 3.73416142452e-08, 1.09480808419e-07, 1.29279627004e-07, 2.45274485167e-08, 1.64681395631e-07, 1.65311789146e-07, 1.38408552175e-07, 2.42391308802e-07, 8.70612154813e-07, 3.72213236233e-07, 3.28279611495e-07, 6.94084974384e-07, 5.58293322683e-07, 2.73676903362e-07, 4.63939358042e-08, 3.32288117022e-08, 7.28826421437e-08, 7.91355532215e-08, 4.98010388483e-09, 1.55980540983e-11]
    },
    "erbbands": {
        "dmean": [0.000134243528009, 0.00757651915774, 0.248173773289, 0.995089828968, 2.42573237419, 2.11047315598, 7.52313137054, 8.76350498199, 2.90855765343, 1.47087264061, 1.58143663406, 2.02762079239, 4.13794231415, 2.63896465302, 3.04797482491, 6.09927415848, 5.87172651291, 6.36482000351, 7.24726438522, 9.72949695587, 16.0414543152, 12.7059059143, 11.4164152145, 11.0899114609, 16.0307846069, 11.6037855148, 7.90374708176, 5.03379774094, 2.59378361702, 1.68372607231, 1.75903904438, 1.72270178795, 1.52256214619, 1.08064651489, 0.589531600475, 0.179707929492, 0.0209370590746, 0.00197021872737, 0.000228717937716, 1.45994745253e-05],
        "dmean2": [0.000203071060241, 0.011630281806, 0.403504639864, 1.76383602619, 3.78553581238, 3.25924873352, 14.0617904663, 14.6361684799, 4.65517139435, 2.3864672184, 2.68029475212, 3.11155033112, 6.35635757446, 4.34382820129, 4.84009552002, 9.00205421448, 9.02985477448, 10.3548898697, 10.8171758652, 15.9893302917, 25.3892192841, 20.3948974609, 16.5399608612, 16.5136795044, 24.4133758545, 17.309179306, 11.2576246262, 7.06460237503, 3.97109174728, 2.32150363922, 2.34287977219, 2.61740159988, 2.12889623642, 1.49959182739, 0.770232617855, 0.225656270981, 0.0258588511497, 0.002307505114, 0.000281926535536, 1.67662692547e-05],
        "dvar": [1.18175506714e-07, 0.000452236796264, 0.538556933403, 10.619143486, 30.5381450653, 30.234916687, 646.532287598, 393.593231201, 34.1446723938, 9.50084209442, 14.836432457, 16.6788635254, 90.4878005981, 36.273399353, 45.483215332, 154.901870728, 137.145950317, 224.711578369, 209.647720337, 981.238952637, 1659.53491211, 785.547851562, 613.282165527, 390.039123535, 943.618225098, 506.152648926, 222.064437866, 100.838745117, 26.2557086945, 10.4281196594, 12.5773944855, 13.2793769836, 9.71649646759, 4.23132801056, 1.22556829453, 0.11166742444, 0.00155963539146, 1.46740749187e-05, 2.03463358162e-07, 7.38187289073e-10],
        "dvar2": [2.795147509e-07, 0.00103784992825, 1.33841967583, 29.3159446716, 71.1147766113, 72.2940139771, 1876.02368164, 1017.06079102, 82.6829833984, 17.8665618896, 42.8227615356, 33.6884536743, 186.300888062, 87.7207260132, 111.595024109, 346.517822266, 266.81036377, 560.325927734, 363.678466797, 2711.22387695, 4491.65673828, 2188.65234375, 1338.5279541, 692.184936523, 2224.22119141, 1039.80090332, 397.697692871, 204.835952759, 53.8606376648, 17.1833190918, 23.4390296936, 30.0452575684, 20.0603713989, 8.06841754913, 2.03235173225, 0.176925569773, 0.00235927919857, 2.00961294468e-05, 3.14098343779e-07, 9.94079818462e-10],
        "max": [0.00256907846779, 0.174059659243, 6.051030159, 29.7667121887, 54.2472572327, 51.391784668, 225.877044678, 145.388198853, 45.032119751, 31.8001098633, 36.2992210388, 50.230430603, 88.7316741943, 59.8506507874, 49.5938186646, 103.770614624, 108.353279114, 171.547576904, 185.620529175, 390.206176758, 441.086608887, 267.360015869, 222.346328735, 195.904586792, 264.234710693, 232.275405884, 155.187744141, 95.1348266602, 46.1676483154, 32.2887954712, 34.4422798157, 25.2833404541, 25.0889968872, 17.1494789124, 11.7933244705, 3.13196444511, 0.388591945171, 0.0412242002785, 0.00494293682277, 0.000318381324178],
        "mean": [0.000133444918902, 0.00676790159196, 0.206604152918, 0.872805774212, 3.02794003487, 2.61813545227, 6.80423307419, 9.82219696045, 3.97623729706, 2.33892178535, 2.26064109802, 3.39173674583, 5.60842466354, 3.57969927788, 4.43615627289, 9.16268062592, 9.84479427338, 11.2139024734, 13.7826852798, 15.0134067535, 23.4449672699, 21.2465782166, 20.5946788788, 23.5461769104, 27.5555286407, 22.4790706635, 17.4562263489, 11.0568857193, 5.81531906128, 3.78090453148, 3.54779958725, 3.40318489075, 3.05418920517, 2.15272331238, 1.21984875202, 0.378505259752, 0.0463921651244, 0.00437816604972, 0.000489170837682, 3.73273069272e-05],
        "median": [2.96639263979e-05, 0.000363115424989, 0.0121770165861, 0.165519699454, 0.95563095808, 0.675091505051, 0.968397676945, 1.14638328552, 0.945390045643, 0.560289919376, 0.427784025669, 0.704550802708, 0.829512298107, 0.573361158371, 0.953238964081, 2.4123942852, 2.56474304199, 3.34652519226, 4.120408535, 4.07195425034, 6.66372060776, 6.39506006241, 6.58317518234, 7.41219758987, 7.8160815239, 6.58030986786, 5.72572994232, 3.70970344543, 1.86115252972, 1.17611300945, 0.958371937275, 0.949570775032, 0.861441850662, 0.509250998497, 0.277298867702, 0.0814615786076, 0.0104246009141, 0.00105643400457, 0.000129724430735, 1.23086465464e-05],
        "min": [1.49521588355e-06, 4.10810616813e-06, 2.06475287996e-05, 8.66315676831e-05, 0.000831783981994, 0.000762984680478, 0.000732549058739, 0.000598797691055, 0.00391139555722, 0.00347149348818, 0.00148273503873, 0.00089930347167, 0.000801815185696, 0.000761273317039, 0.00052508484805, 0.000873042852618, 0.00073733885074, 0.000705272483174, 0.000455077388324, 0.000289708987111, 0.000408399384469, 0.000808261102065, 0.000583810498938, 0.000479233363876, 0.000621309212875, 0.000346861808794, 0.000296875688946, 0.000225219977438, 0.00013908832625, 0.00011754152365, 0.000138429619255, 0.000128380284877, 0.000136789662065, 9.67327941908e-05, 6.26814507996e-05, 2.56195307884e-05, 2.56409348367e-05, 2.91697760986e-05, 1.66925365193e-05, 3.1555696296e-06],
        "var": [1.23222264392e-07, 0.000482276431285, 0.488206356764, 7.21679162979, 36.337638855, 39.6606826782, 459.728179932, 449.769439697, 55.2337150574, 19.7984104156, 25.0230388641, 42.6561584473, 177.691696167, 62.747592926, 75.0437316895, 269.3309021, 288.653320312, 350.767852783, 544.880310059, 976.501647949, 1935.70910645, 1267.17724609, 1178.34216309, 1211.70288086, 1927.93920898, 1253.5994873, 710.549682617, 268.697967529, 73.0386657715, 30.0858650208, 31.9293746948, 26.5998420715, 21.996717453, 10.8937330246, 3.62391519547, 0.359632521868, 0.00524251023307, 4.92060898978e-05, 5.83812152399e-07, 2.67773581086e-09]
    },
    "gfcc": {
        "mean": [-79.1185073853, 16.1740837097, -135.529800415, 27.8020687103, -69.5805740356, -8.78967857361, -62.8647117615, -7.41582965851, -44.4276580811, -3.75058531761, -21.0929908752, -8.58049869537, -12.0277347565],
        "cov": [[18077.3671875, -1202.06640625, -1708.12902832, 911.219787598, -1074.20556641, 673.903625488, -1353.15356445, 430.464416504, -1332.48986816, 45.5025062561, -743.757080078, 64.5180206299, -325.488769531], [-1202.06640625, 555.199157715, 276.873016357, -113.720916748, 171.635818481, -55.6466598511, 170.791351318, 2.13556694984, 139.400680542, -10.6078147888, 78.2880477905, -14.961558342, 30.4963932037], [-1708.12902832, 276.873016357, 410.563171387, -146.265319824, 148.439208984, -58.5007514954, 188.016220093, -14.5665454865, 184.523651123, 14.5032567978, 98.4135665894, 8.19584560394, 33.1667861938], [911.219787598, -113.720916748, -146.265319824, 157.355712891, -64.2079315186, 66.1006011963, -96.3458557129, 10.0015602112, -98.8847122192, -7.98876905441, -57.8906135559, -9.64966011047, -23.3866901398], [-1074.20556641, 171.635818481, 148.439208984, -64.2079315186, 143.546875, -21.2248821259, 121.239852905, -10.7822351456, 93.1398620605, -1.60604989529, 53.8682823181, -5.69207239151, 20.5060939789], [673.903625488, -55.6466598511, -58.5007514954, 66.1006011963, -21.2248821259, 71.6986083984, -36.4331092834, 24.4776344299, -54.1049232483, 0.236806169152, -35.0217857361, -3.3193526268, -17.5800285339], [-1353.15356445, 170.791351318, 188.016220093, -96.3458557129, 121.239852905, -36.4331092834, 164.687103271, -9.49563598633, 129.332275391, 0.406876057386, 67.6233215332, -2.33736848831, 28.9371623993], [430.464416504, 2.13556694984, -14.5665454865, 10.0015602112, -10.7822351456, 24.4776344299, -9.49563598633, 43.2975921631, -11.2965173721, 6.28496551514, -12.987531662, 1.74237596989, -9.6691198349], [-1332.48986816, 139.400680542, 184.523651123, -98.8847122192, 93.1398620605, -54.1049232483, 129.332275391, -11.2965173721, 149.139984131, 14.2991771698, 71.5191726685, 5.09358644485, 31.281671524], [45.5025062561, -10.6078147888, 14.5032567978, -7.98876905441, -1.60604989529, 0.236806169152, 0.406876057386, 6.28496551514, 14.2991771698, 26.2723560333, 15.1343955994, 12.2116127014, 1.50924754143], [-743.757080078, 78.2880477905, 98.4135665894, -57.8906135559, 53.8682823181, -35.0217857361, 67.6233215332, -12.987531662, 71.5191726685, 15.1343955994, 61.2502212524, 14.368683815, 21.2769145966], [64.5180206299, -14.961558342, 8.19584560394, -9.64966011047, -5.69207239151, -3.3193526268, -2.33736848831, 1.74237596989, 5.09358644485, 12.2116127014, 14.368683815, 29.6546611786, 12.3782539368], [-325.488769531, 30.4963932037, 33.1667861938, -23.3866901398, 20.5060939789, -17.5800285339, 28.9371623993, -9.6691198349, 31.281671524, 1.50924754143, 21.2769145966, 12.3782539368, 27.5884819031]],
        "icov": [[0.000554446130991, -0.000606707064435, 0.000147137354361, 0.000605256180279, 0.000883528788108, -0.00133399863262, 0.00129064498469, -0.00253373361193, 0.00256805075333, -0.00243635731749, 0.00234856270254, -0.00163794355467, -5.52382407477e-05], [-0.000606707064435, 0.00441742688417, -0.00194459618069, -0.00107592402492, -0.00380894704722, 0.0037524511572, -0.00128370721359, -0.000855567166582, -0.00117390009109, 0.00466219428927, -0.00434483960271, 0.00458636181429, -0.00197728700005], [0.000147137354361, -0.00194459618069, 0.00745118129998, 0.00217958423309, 0.000244159367867, -0.00330404029228, -0.00145261769649, 0.00212236912921, -0.00540694687515, -0.000363846542314, 3.90436725866e-05, -0.00412753550336, 0.00472838245332], [0.000605256180279, -0.00107592402492, 0.00217958423309, 0.0171184465289, 0.000909151800442, -0.0148237524554, 0.00769792264327, 0.001886722981, 0.00201300904155, -0.00105278601404, 0.00220852275379, 0.00203695474193, -0.00215576123446], [0.000883528788108, -0.00380894704722, 0.000244159367867, 0.000909151800442, 0.0240726284683, -0.00846115406603, -0.00975140463561, 8.15985840745e-05, 0.00400938186795, -0.00187739252578, -0.00362139265053, 0.00116010953207, -8.73115131981e-05], [-0.00133399863262, 0.0037524511572, -0.00330404029228, -0.0148237524554, -0.00846115406603, 0.0446898452938, -0.0149432625622, -0.00860381405801, 0.00834546517581, -0.00712926127017, 0.0090246219188, -0.00060889206361, 0.00318491598591], [0.00129064498469, -0.00128370721359, -0.00145261769649, 0.00769792264327, -0.00975140463561, -0.0149432625622, 0.042053386569, -0.00859979260713, -0.0132711483166, 0.0116784851998, -0.00743343215436, 0.00321025075391, -0.00577814411372], [-0.00253373361193, -0.000855567166582, 0.00212236912921, 0.001886722981, 8.15985840745e-05, -0.00860381405801, -0.00859979260713, 0.0497046150267, -0.0182458646595, 0.00147236441262, 0.00114735355601, -0.00238797883503, 0.0117923365906], [0.00256805075333, -0.00117390009109, -0.00540694687515, 0.00201300904155, 0.00400938186795, 0.00834546517581, -0.0132711483166, -0.0182458646595, 0.0526789948344, -0.0292574949563, 0.0049585243687, 0.00421628262848, -0.0141811976209], [-0.00243635731749, 0.00466219428927, -0.000363846542314, -0.00105278601404, -0.00187739252578, -0.00712926127017, 0.0116784851998, 0.00147236441262, -0.0292574949563, 0.0870679914951, -0.0413496382535, -0.0102453520522, 0.0156640522182], [0.00234856270254, -0.00434483960271, 3.90436725866e-05, 0.00220852275379, -0.00362139265053, 0.0090246219188, -0.00743343215436, 0.00114735355601, 0.0049585243687, -0.0413496382535, 0.0811544433236, -0.029320564121, -0.00181543175131], [-0.00163794355467, 0.00458636181429, -0.00412753550336, 0.00203695474193, 0.00116010953207, -0.00060889206361, 0.00321025075391, -0.00238797883503, 0.00421628262848, -0.0102453520522, -0.029320564121, 0.0758467838168, -0.0387978218496], [-5.52382407477e-05, -0.00197728700005, 0.00472838245332, -0.00215576123446, -8.73115131981e-05, 0.00318491598591, -0.00577814411372, 0.0117923365906, -0.0141811976209, 0.0156640522182, -0.00181543175131, -0.0387978218496, 0.0765874683857]]
    },
    "melbands": {
        "dmean": [1.44902503507e-06, 9.16836215765e-05, 0.000211733553442, 0.000163041710039, 0.000214288651478, 0.00018998280575, 4.14799069404e-05, 1.40383381222e-05, 1.32554478114e-05, 1.3917348042e-05, 2.04819643841e-05, 1.07670284706e-05, 8.17640466266e-06, 1.57831436809e-05, 1.72534910234e-05, 1.31983433675e-05, 1.2292925021e-05, 1.15852353701e-05, 1.50035093611e-05, 2.28633252846e-05, 1.61484058481e-05, 1.46656402649e-05, 1.22739929793e-05, 9.62326339504e-06, 9.54799634201e-06, 1.31796923597e-05, 9.94235415419e-06, 8.27812073112e-06, 5.5492341744e-06, 4.23152323492e-06, 2.77063281828e-06, 1.69213717527e-06, 1.11982080853e-06, 9.24891025988e-07, 1.06388529275e-06, 1.02294029602e-06, 1.1274831877e-06, 1.0907340311e-06, 1.01224827631e-06, 9.43401801123e-07],
        "dmean2": [2.3003503884e-06, 0.000149723506183, 0.000363585859304, 0.000273030076642, 0.000394931237679, 0.000321884464938, 6.49228895782e-05, 2.29401739489e-05, 2.23370516323e-05, 2.17988144868e-05, 3.1569339626e-05, 1.75783625309e-05, 1.36527787618e-05, 2.54246897384e-05, 2.65094586211e-05, 2.26493775699e-05, 2.02405135497e-05, 1.79742419277e-05, 2.42237802013e-05, 3.87910658901e-05, 2.5067362003e-05, 2.37784333876e-05, 1.8539982193e-05, 1.46013835547e-05, 1.51294216266e-05, 2.06542299566e-05, 1.49464049173e-05, 1.25627148009e-05, 7.98485234554e-06, 6.52159542369e-06, 4.00809813073e-06, 2.78108518614e-06, 1.64746995779e-06, 1.29033230678e-06, 1.42070666698e-06, 1.52917039031e-06, 1.75935952029e-06, 1.51338724663e-06, 1.47204787027e-06, 1.29010572891e-06],
        "dvar": [1.67980282462e-11, 7.32783504986e-08, 3.84028481903e-07, 1.46976219639e-07, 5.24942947777e-07, 2.04104537715e-07, 6.62860921707e-09, 8.86018980406e-10, 1.0876928247e-09, 7.57245544047e-10, 2.18449613953e-09, 5.82150994077e-10, 3.31612792781e-10, 1.37224354102e-09, 1.12110254413e-09, 6.7263877801e-10, 9.31547727845e-10, 4.95824825641e-10, 1.3162978485e-09, 6.14775652608e-09, 1.24368171317e-09, 1.11349141019e-09, 6.37159325301e-10, 4.05609573706e-10, 2.9259833445e-10, 6.29803043051e-10, 3.92477550459e-10, 2.54690130097e-10, 1.03210724689e-10, 6.69661756603e-11, 3.14849778194e-11, 1.12770357288e-11, 4.66184122555e-12, 2.97133411625e-12, 4.94617367897e-12, 3.70284271994e-12, 6.50578722838e-12, 4.74241652892e-12, 3.8485646961e-12, 3.16686282233e-12],
        "dvar2": [4.19823030506e-11, 1.83385509445e-07, 1.0146279692e-06, 3.30971914764e-07, 1.50515131736e-06, 5.29296414697e-07, 1.58492348135e-08, 1.75495673549e-09, 3.10107273194e-09, 1.48875212158e-09, 4.51477566443e-09, 1.4420618033e-09, 8.47385162039e-10, 3.36436856152e-09, 2.24972684926e-09, 1.5632722894e-09, 2.43079378848e-09, 9.24495258126e-10, 3.59300522668e-09, 1.77387118327e-08, 3.22982351975e-09, 3.28725757726e-09, 1.54743140524e-09, 9.19778253561e-10, 5.6870480547e-10, 1.54298152033e-09, 9.58871870793e-10, 5.47348277813e-10, 1.90214261009e-10, 1.30512989305e-10, 7.38991159932e-11, 2.57242439156e-11, 8.73275236846e-12, 5.18673602332e-12, 9.77425779203e-12, 7.92017840201e-12, 1.57460017247e-11, 9.3455286912e-12, 8.32497178832e-12, 6.00692932895e-12],
        "max": [3.6667821405e-05, 0.00226221140474, 0.00595789821818, 0.00356393679976, 0.00653910171241, 0.00358405220322, 0.000675347342622, 0.000280127424048, 0.000320853025187, 0.000317708414514, 0.000429260137025, 0.000240958383074, 0.000130842672661, 0.00032770136022, 0.000271521741524, 0.000206065800739, 0.000354325864464, 0.0002138906857, 0.000449497485533, 0.000903699896298, 0.000352417904651, 0.000315992045216, 0.000228455406614, 0.000187441488379, 0.000160792216775, 0.000199274509214, 0.000204051510082, 0.000155627567437, 0.000104146522062, 8.02497379482e-05, 5.54221660423e-05, 3.03579017782e-05, 1.82142430276e-05, 1.61947082233e-05, 2.15455747821e-05, 1.81990944839e-05, 1.63419699675e-05, 1.74320794031e-05, 1.46996653712e-05, 1.59378869284e-05],
        "mean": [1.41195744163e-06, 7.46469013393e-05, 0.000217909313506, 0.000215091888094, 0.000202352399356, 0.00021783982811, 5.75727899559e-05, 2.31583562709e-05, 1.90515183931e-05, 2.30652804021e-05, 2.7564334232e-05, 1.40606161949e-05, 1.16863348012e-05, 2.1670733986e-05, 2.67912619165e-05, 1.97005465452e-05, 2.07374687307e-05, 2.05104133784e-05, 2.08951405511e-05, 2.76120827039e-05, 2.52732588706e-05, 2.2554770112e-05, 1.92603911273e-05, 1.69734666997e-05, 1.89084457816e-05, 2.15348754864e-05, 1.67512025655e-05, 1.47628652485e-05, 1.15455504783e-05, 8.36365870782e-06, 5.7061042753e-06, 3.45413218383e-06, 2.37421659222e-06, 1.96265500563e-06, 2.04374805435e-06, 1.98297448151e-06, 2.10448979487e-06, 2.17294495997e-06, 1.91670142158e-06, 1.81001882993e-06],
        "median": [2.76799113408e-07, 3.6284293401e-06, 5.72138633288e-05, 6.53666720609e-05, 3.05016401398e-05, 2.57108677033e-05, 1.39017147376e-05, 5.52728579351e-06, 3.3877443002e-06, 4.89550484417e-06, 4.04628553952e-06, 2.15674003812e-06, 2.31598664868e-06, 5.50057893633e-06, 6.62552929498e-06, 5.26869007444e-06, 5.93938329985e-06, 6.01423744229e-06, 5.48216848983e-06, 6.45153932055e-06, 7.74711588747e-06, 6.24733002041e-06, 5.7355196077e-06, 5.1782835726e-06, 6.20633454673e-06, 6.54347877571e-06, 5.45850525668e-06, 4.36661321146e-06, 3.83314136343e-06, 2.52296445069e-06, 2.03216609407e-06, 1.05373817405e-06, 7.03380919731e-07, 6.24706729013e-07, 5.75040701278e-07, 5.52797928322e-07, 5.50686308998e-07, 6.09753271874e-07, 5.44688248283e-07, 3.9994355916e-07],
        "min": [9.01835761624e-09, 2.19135509738e-09, 4.0129229717e-08, 5.53281047644e-08, 2.37701982542e-08, 1.36599878076e-08, 6.34765484619e-08, 4.10779392723e-08, 9.86977788386e-09, 5.22582066509e-09, 2.7427127236e-09, 2.72679012703e-09, 1.84086845767e-09, 2.11563166985e-09, 1.59722490789e-09, 1.74711334289e-09, 1.00354280441e-09, 8.32892699254e-10, 2.71479172476e-10, 6.3591187871e-10, 3.81223941304e-10, 8.45918446402e-10, 5.95480442733e-10, 4.98605157162e-10, 3.54838297634e-10, 3.90776633274e-10, 3.68459207589e-10, 1.87888121728e-10, 1.92918736541e-10, 1.87776683092e-10, 9.47846245936e-11, 8.2237487653e-11, 6.16079687266e-11, 6.63006732848e-11, 7.46907258264e-11, 8.11389913591e-11, 8.32944824225e-11, 9.06585015392e-11, 9.10364630902e-11, 6.86114845494e-11],
        "var": [1.58252942001e-11, 6.56740866134e-08, 2.98258328257e-07, 2.03355341455e-07, 3.88145110719e-07, 2.26729213182e-07, 1.12480629255e-08, 1.88572824023e-09, 1.90358773189e-09, 1.96341232162e-09, 4.26926538566e-09, 9.64474500265e-10, 5.3927146082e-10, 1.7724983703e-09, 2.33696617613e-09, 1.09634257228e-09, 1.30566057965e-09, 1.21792942398e-09, 1.60827851037e-09, 4.81070161484e-09, 1.83514592411e-09, 1.52838164347e-09, 1.127623106e-09, 7.4039652187e-10, 8.01872124256e-10, 1.22911802958e-09, 7.06971425846e-10, 5.78987802147e-10, 3.15479586899e-10, 1.71589936704e-10, 7.09092715101e-11, 2.72037756904e-11, 1.16955863397e-11, 8.29265475732e-12, 1.13959857176e-11, 8.91981453977e-12, 1.07429638102e-11, 1.13711757024e-11, 8.25202753352e-12, 8.13613065809e-12]
    },
    "mfcc": {
        "mean": [-713.643554688, 52.9463348389, -17.3703384399, 19.5099601746, 0.412756145, -9.83702945709, -9.05153942108, -19.9527816772, -16.2982635498, -12.8093109131, -14.3722267151, -9.07763290405, -10.393116951],
        "cov": [[18573.0605469, -1511.70153809, -1226.54345703, -215.64692688, -43.1739654541, -454.682403564, -17.2658214569, -386.016876221, -377.699432373, -532.653320312, -612.820129395, -474.163146973, -413.908172607], [-1511.70153809, 570.212463379, 180.58732605, 39.8992385864, 37.6227989197, 38.45104599, 43.0651931763, 73.0130081177, 68.4756546021, 84.3563079834, 87.1663360596, 48.4352416992, 46.561794281], [-1226.54345703, 180.58732605, 285.564422607, -4.47614002228, 6.25134563446, 33.6683387756, -6.28671216965, 39.1373939514, 40.5354270935, 56.8884887695, 59.2432975769, 46.9849472046, 46.1588058472], [-215.64692688, 39.8992385864, -4.47614002228, 55.9404983521, 19.1751155853, 18.9786109924, 10.6064653397, 6.76761484146, 3.23129940033, 5.94222784042, 3.29862165451, 4.01579093933, 4.84098386765], [-43.1739654541, 37.6227989197, 6.25134563446, 19.1751155853, 42.7102661133, 19.1137981415, 17.6831169128, 8.53643798828, 7.09596920013, 8.85705089569, 8.11685180664, 2.78472590446, 1.52073264122], [-454.682403564, 38.45104599, 33.6683387756, 18.9786109924, 19.1137981415, 49.6191940308, 19.9166564941, 17.2310123444, 14.7736940384, 16.5915622711, 18.1531410217, 12.70652771, 11.86739254], [-17.2658214569, 43.0651931763, -6.28671216965, 10.6064653397, 17.6831169128, 19.9166564941, 44.2921600342, 18.5445785522, 8.96119880676, 9.06038951874, 8.90405082703, 0.984260380268, -1.26748669147], [-386.016876221, 73.0130081177, 39.1373939514, 6.76761484146, 8.53643798828, 17.2310123444, 18.5445785522, 40.5008163452, 29.15076828, 22.9136371613, 20.9741649628, 16.2186908722, 12.2071475983], [-377.699432373, 68.4756546021, 40.5354270935, 3.23129940033, 7.09596920013, 14.7736940384, 8.96119880676, 29.15076828, 39.7162666321, 29.142370224, 21.9112644196, 17.12317276, 12.4843292236], [-532.653320312, 84.3563079834, 56.8884887695, 5.94222784042, 8.85705089569, 16.5915622711, 9.06038951874, 22.9136371613, 29.142370224, 47.2534599304, 33.2022361755, 19.54337883, 14.8729915619], [-612.820129395, 87.1663360596, 59.2432975769, 3.29862165451, 8.11685180664, 18.1531410217, 8.90405082703, 20.9741649628, 21.9112644196, 33.2022361755, 49.9089279175, 30.1778278351, 21.779706955], [-474.163146973, 48.4352416992, 46.9849472046, 4.01579093933, 2.78472590446, 12.70652771, 0.984260380268, 16.2186908722, 17.12317276, 19.54337883, 30.1778278351, 39.5603752136, 27.3758354187], [-413.908172607, 46.561794281, 46.1588058472, 4.84098386765, 1.52073264122, 11.86739254, -1.26748669147, 12.2071475983, 12.4843292236, 14.8729915619, 21.779706955, 27.3758354187, 40.3467216492]],
