{
"lowlevel": {
    "average_loudness": 0.85583370924,
    "barkbands_crest": {
        "dmean": 1.81409156322,
        "dmean2": 2.93790388107,
        "dvar": 2.74541687965,
        "dvar2": 6.06733894348,
        "max": 21.3334026337,
        "mean": 7.23563909531,
        "median": 6.03276491165,
        "min": 2.56329989433,
        "var": 15.8755407333
    },
    "barkbands_flatness_db": {
        "dmean": 0.0114914579317,
        "dmean2": 0.0180219467729,
        "dvar": 9.98747636913e-05,
        "dvar2": 0.000254090758972,
        "max": 0.157903015614,
        "mean": 0.0680518075824,
        "median": 0.0615133941174,
        "min": 0.0333947949111,
        "var": 0.00053005781956
    },
    "barkbands_kurtosis": {
        "dmean": 0.987106859684,
        "dmean2": 1.64315545559,
        "dvar": 2.41633057594,
        "dvar2": 6.05821800232,
        "max": 20.0353431702,
        "mean": 0.549652457237,
        "median": -0.996095061302,
        "min": -1.76092076302,
        "var": 13.204202652
    },
    "barkbands_skewness": {
        "dmean": 0.374870151281,
        "dmean2": 0.606015503407,
        "dvar": 0.137396454811,
        "dvar2": 0.302528381348,
        "max": 4.30630302429,
        "mean": 0.749121189117,
        "median": 0.461057424545,
        "min": -0.973216593266,
        "var": 1.04545068741
    },
    "barkbands_spread": {
        "dmean": 5.51130151749,
        "dmean2": 8.94361972809,
        "dvar": 45.0981063843,
        "dvar2": 114.60912323,
        "max": 119.250167847,
        "mean": 38.871635437,
        "median": 38.4691314697,
        "min": 9.36011791229,
        "var": 208.632781982
    },
    "dissonance": {
        "dmean": 0.0077688745223,
        "dmean2": 0.012984781526,
        "dvar": 7.80540285632e-05,
        "dvar2": 0.000184903896297,
        "max": 0.500000119209,
        "mean": 0.486872136593,
        "median": 0.489947974682,
        "min": 0.374710381031,
        "var": 0.000135668524308
    },
    "dynamic_complexity": 8.87444019318,
    "erbbands_crest": {
        "dmean": 1.35074329376,
        "dmean2": 2.34244894981,
        "dvar": 1.94890880585,
        "dvar2": 5.61946392059,
        "max": 15.7054719925,
        "mean": 5.58879613876,
        "median": 4.84792137146,
        "min": 2.99669504166,
        "var": 5.63776779175
    },
    "erbbands_flatness_db": {
        "dmean": 0.00842918362468,
        "dmean2": 0.0137071851641,
        "dvar": 7.8274984844e-05,
        "dvar2": 0.000195569635252,
        "max": 0.207089424133,
        "mean": 0.121933966875,
        "median": 0.126115858555,
        "min": 0.032470498234,
        "var": 0.00058440369321
    },
    "erbbands_kurtosis": {
        "dmean": 0.525785386562,
        "dmean2": 0.904390871525,
        "dvar": 0.178312972188,
        "dvar2": 0.499496161938,
        "max": 2.63789606094,
        "mean": 0.0149093298241,
        "median": -0.0143836736679,
        "min": -1.41534864902,
        "var": 0.558955490589
    },
    "erbbands_skewness": {
        "dmean": 0.249009057879,
        "dmean2": 0.417428910732,
        "dvar": 0.0537884421647,
        "dvar2": 0.136650666595,
        "max": 1.54626941681,
        "mean": -0.329005926847,
        "median": -0.603993654251,
        "min": -1.47372281551,
        "var": 0.396749585867
    },
    "erbbands_spread": {
        "dmean": 5.88521671295,
        "dmean2": 9.83536052704,
        "dvar": 22.7425804138,
        "dvar2": 57.9709396362,
        "max": 78.6652832031,
        "mean": 40.9499778748,
        "median": 39.9955596924,
        "min": 19.755569458,
        "var": 94.4811019897
    },
    "hfc": {
        "dmean": 6.68629693985,
        "dmean2": 8.14329719543,
        "dvar": 412.057189941,
        "dvar2": 619.957397461,
        "max": 270.241943359,
        "mean": 15.0548343658,
        "median": 4.15523052216,
        "min": 0.0298362709582,
        "var": 1119.88916016
    },
    "melbands_crest": {
        "dmean": 2.98139882088,
        "dmean2": 4.96745061874,
        "dvar": 5.79233360291,
        "dvar2": 15.6325941086,
        "max": 27.3019104004,
        "mean": 11.0554008484,
        "median": 10.0502700806,
        "min": 3.0410721302,
        "var": 21.7543334961
    },
    "melbands_flatness_db": {
        "dmean": 0.0173969212919,
        "dmean2": 0.0266522634774,
        "dvar": 0.000254848069744,
        "dvar2": 0.000509576755576,
        "max": 0.264461576939,
        "mean": 0.112311474979,
        "median": 0.100937232375,
        "min": 0.0310913994908,
        "var": 0.00239901174791
    },
    "melbands_kurtosis": {
        "dmean": 2.96430325508,
        "dmean2": 4.85967350006,
        "dvar": 18.7832984924,
        "dvar2": 45.3166847229,
        "max": 54.570602417,
        "mean": 5.88328409195,
        "median": 1.87716960907,
        "min": -1.21095502377,
        "var": 97.2823562622
    },
    "melbands_skewness": {
        "dmean": 0.476105630398,
        "dmean2": 0.774313926697,
        "dvar": 0.208291485906,
        "dvar2": 0.451573431492,
        "max": 6.32699871063,
        "mean": 1.96566796303,
        "median": 1.6499209404,
        "min": -0.141914650798,
        "var": 1.47609949112
    },
    "melbands_spread": {
        "dmean": 9.02306652069,
        "dmean2": 14.3826446533,
        "dvar": 86.0204467773,
        "dvar2": 179.665908813,
        "max": 100.722877502,
        "mean": 46.2244720459,
        "median": 49.2561988831,
        "min": 4.35850524902,
        "var": 557.227233887
    },
    "pitch_salience": {
        "dmean": 0.0499313846231,
        "dmean2": 0.0821236595511,
        "dvar": 0.00202480587177,
        "dvar2": 0.00502020120621,
        "max": 0.869757831097,
        "mean": 0.694450139999,
        "median": 0.716115832329,
        "min": 0.292606651783,
        "var": 0.00810416415334
    },
    "silence_rate_20dB": {
        "dmean": 0,
        "dmean2": 0,
        "dvar": 0,
        "dvar2": 0,
        "max": 1,
        "mean": 1,
        "median": 1,
        "min": 1,
        "var": 0
    },
    "silence_rate_30dB": {
        "dmean": 0,
        "dmean2": 0,
        "dvar": 0,
        "dvar2": 0,
        "max": 1,
        "mean": 1,
        "median": 1,
        "min": 1,
        "var": 0
    },
    "silence_rate_60dB": {
        "dmean": 0.0751445069909,
        "dmean2": 0.150579154491,
        "dvar": 0.069497436285,
        "dvar2": 0.15107139945,
        "max": 1,
        "mean": 0.532692313194,
        "median": 1,
        "min": 0,
        "var": 0.248930796981
    },
    "spectral_centroid": {
        "dmean": 249.017272949,
        "dmean2": 384.869720459,
        "dvar": 67210.625,
        "dvar2": 139032.21875,
        "max": 3478.27441406,
        "mean": 2067.28881836,
        "median": 2298.0559082,
        "min": 411.227386475,
        "var": 570500.4375
    },
    "spectral_complexity": {
        "dmean": 4.20809268951,
        "dmean2": 5.65830135345,
        "dvar": 42.7043037415,
        "dvar2": 57.1399536133,
        "max": 61,
        "mean": 16.4846153259,
        "median": 8,
        "min": 0,
        "var": 326.27633667
    },
    "spectral_decrease": {
        "dmean": 5.46696632409e-10,
        "dmean2": 6.88463563936e-10,
        "dvar": 1.71393549661e-18,
        "dvar2": 2.51562416044e-18,
        "max": -5.75210343766e-13,
        "mean": -1.41945621923e-09,
        "median": -5.75132164116e-10,
        "min": -2.26543299675e-08,
        "var": 5.81746529513e-18
    },
    "spectral_energy": {
        "dmean": 0.00262651755475,
        "dmean2": 0.0032148770988,
        "dvar": 4.289410208e-05,
        "dvar2": 6.01233805355e-05,
        "max": 0.109461791813,
        "mean": 0.00672287680209,
        "median": 0.00257097138092,
        "min": 1.10072487587e-05,
        "var": 0.000144535049913
    },
    "spectral_energyband_high": {
        "dmean": 0.000563245383091,
        "dmean2": 0.000685081759002,
        "dvar": 3.12513225253e-06,
        "dvar2": 4.85723057864e-06,
        "max": 0.0258672200143,
        "mean": 0.00112371833529,
        "median": 0.000228064105613,
        "min": 1.36714754717e-06,
        "var": 7.84041912993e-06
    },
    "spectral_energyband_low": {
        "dmean": 0.000185488665011,
        "dmean2": 0.00031273678178,
        "dvar": 3.65425336213e-07,
        "dvar2": 9.81221546681e-07,
        "max": 0.00920685846359,
        "mean": 0.000276489881799,
        "median": 7.75574735599e-05,
        "min": 4.7674083703e-07,
        "var": 3.13077094916e-07
    },
    "spectral_energyband_middle_high": {
        "dmean": 0.0012418020051,
        "dmean2": 0.00166173116304,
        "dvar": 1.25233109429e-05,
        "dvar2": 2.12612194446e-05,
        "max": 0.0552913509309,
        "mean": 0.00290554529056,
        "median": 0.000992821529508,
        "min": 4.14658757109e-07,
        "var": 3.26644476445e-05
    },
    "spectral_energyband_middle_low": {
        "dmean": 0.00112934678327,
        "dmean2": 0.00165427743923,
        "dvar": 5.5039158724e-06,
        "dvar2": 1.1055691175e-05,
        "max": 0.0358985923231,
        "mean": 0.002511581406,
        "median": 0.00110670994036,
        "min": 3.22598111779e-06,
        "var": 1.50481291712e-05
    },
    "spectral_entropy": {
        "dmean": 0.0689448863268,
        "dmean2": 0.107892550528,
        "dvar": 0.00437239697203,
        "dvar2": 0.00965871941298,
        "max": 8.31524181366,
        "mean": 8.00343132019,
        "median": 8.047539711,
        "min": 7.2598695755,
        "var": 0.0338671654463
    },
    "spectral_flux": {
        "dmean": 0.00872207060456,
        "dmean2": 0.0118871303275,
        "dvar": 0.000296371115837,
        "dvar2": 0.000544845999684,
        "max": 0.2369659096,
        "mean": 0.0396246314049,
        "median": 0.0312632769346,
        "min": 0.00215621781535,
        "var": 0.00141016172711
    },
    "spectral_kurtosis": {
        "dmean": 0.619912147522,
        "dmean2": 1.01702702045,
        "dvar": 0.391096383333,
        "dvar2": 0.856238603592,
        "max": 10.3697862625,
        "mean": 5.00853729248,
        "median": 4.21522903442,
        "min": 2.36189556122,
        "var": 4.11372852325
    },
    "spectral_rms": {
        "dmean": 0.000378643657314,
        "dmean2": 0.000449049548479,
        "dvar": 4.38266596348e-07,
        "dvar2": 5.70875045014e-07,
        "max": 0.0103340214118,
        "mean": 0.00192961620633,
        "median": 0.00158375012688,
        "min": 0.000103628080979,
        "var": 2.83548024527e-06
    },
    "spectral_rolloff": {
        "dmean": 900.825683594,
        "dmean2": 1507.4901123,
        "dvar": 5204833,
        "dvar2": 11812248,
        "max": 20262.7441406,
        "mean": 4024.34667969,
        "median": 3423.77929688,
        "min": 279.931640625,
        "var": 15432452
    },
    "spectral_skewness": {
        "dmean": 0.100351795554,
        "dmean2": 0.158590376377,
        "dvar": 0.0101188495755,
        "dvar2": 0.0188713576645,
        "max": 2.69852566719,
        "mean": 1.55821585655,
        "median": 1.38300180435,
        "min": 1.01410698891,
        "var": 0.149602904916
    },
    "spectral_spread": {
        "dmean": 298726.0625,
        "dmean2": 465520.90625,
        "dvar": 180871479296,
        "dvar2": 310566092800,
        "max": 12045631,
        "mean": 4925506,
        "median": 4506790,
        "min": 3412811.25,
        "var": 1.6033719255e+12
    },
    "spectral_strongpeak": {
        "dmean": 0.125863283873,
        "dmean2": 0.217064633965,
        "dvar": 0.0426784306765,
        "dvar2": 0.115946136415,
        "max": 2.21672177315,
        "mean": 0.218941643834,
        "median": 0.139418497682,
        "min": 0,
        "var": 0.0619843788445
    },
    "zerocrossingrate": {
        "dmean": 0.0143247982487,
        "dmean2": 0.0179561190307,
        "dvar": 0.000291617499897,
        "dvar2": 0.000493826169986,
        "max": 0.3779296875,
        "mean": 0.131344839931,
        "median": 0.121826171875,
        "min": 0.02294921875,
        "var": 0.00275777513161
    },
    "barkbands": {
        "dmean": [6.45906993668e-06, 1.29320442284e-05, 0.000128880448756, 0.000113551708637, 0.000537906133104, 0.000475166947581, 0.00019305832393, 7.40295290598e-05, 0.000154921173817, 5.89014416619e-05, 3.99261807615e-05, 0.00012825630256, 0.000128720261273, 0.000155260349857, 0.000169593549799, 0.000245608418481, 0.000249357020948, 0.00019175397756, 0.000309048569761, 0.000253226724453, 0.00015941017773, 7.3367045843e-05, 4.98537592648e-05, 8.21874782559e-05, 7.78928952059e-05, 2.09017653106e-05, 1.53595101438e-06],
        "dmean2": [1.07243749881e-05, 2.33258997469e-05, 0.000216565269511, 0.000169844832271, 0.000825629511382, 0.000797036394943, 0.000338601821568, 0.000125354825286, 0.000255984603427, 9.21304308577e-05, 6.49669527775e-05, 0.000194164327695, 0.000199128058739, 0.000256261817412, 0.00027203882928, 0.000419843709096, 0.000410529784858, 0.000285049318336, 0.000438941904576, 0.000356497563189, 0.00022158146021, 9.77069939836e-05, 6.74477923894e-05, 0.000101902107417, 9.69801549218e-05, 2.76054470305e-05, 1.98314955924e-06],
        "dvar": [5.34335874158e-11, 3.29423821555e-09, 1.82997823117e-07, 5.8231986344e-08, 1.04326022665e-06, 9.81675839284e-07, 2.11038624798e-07, 2.08278230218e-08, 2.78726588476e-07, 1.64381788181e-08, 9.08876796046e-09, 9.40987803233e-08, 9.63618944638e-08, 1.38880267286e-07, 1.53395717462e-07, 3.66471624602e-07, 5.62492630252e-07, 2.30428241821e-07, 7.82611266459e-07, 4.5259295689e-07, 1.95693203864e-07, 4.84904560949e-08, 2.82055747647e-08, 8.4746979212e-08, 7.85209053333e-08, 6.48943521142e-09, 2.54270736411e-11],
        "dvar2": [1.42464082198e-10, 9.45154177145e-09, 4.94580547183e-07, 1.17988953718e-07, 2.29713532462e-06, 2.43361250796e-06, 5.06275284806e-07, 4.96746075385e-08, 8.17527393338e-07, 3.843326013e-08, 2.60914418959e-08, 1.94553166466e-07, 1.89874086232e-07, 3.23854351336e-07, 3.46856467104e-07, 9.37840297865e-07, 1.2559123661e-06, 3.97924083018e-07, 1.66426730175e-06, 9.01715736745e-07, 3.18831524737e-07, 8.03783279935e-08, 4.78183608266e-08, 1.61917455443e-07, 1.29484220679e-07, 9.93833282337e-09, 4.39817279818e-11],
        "max": [7.72141720518e-05, 0.000651050708257, 0.00643960526213, 0.00235161324963, 0.0115825906396, 0.00995295960456, 0.00682662706822, 0.00150356604718, 0.00856100209057, 0.00180374295451, 0.00112234684639, 0.00393819622695, 0.00367681635544, 0.0051749474369, 0.00526800192893, 0.0058953599073, 0.0107885682955, 0.00694491900504, 0.0121352244169, 0.0103077711537, 0.00663046073169, 0.00307221268304, 0.00231875805184, 0.00399807933718, 0.00372003111988, 0.00111237727106, 6.98337971698e-05],
        "mean": [6.06711637374e-06, 1.26516479213e-05, 0.000191161147086, 0.000187413301319, 0.00101819215342, 0.000697663286701, 0.000255292863585, 0.000102113284811, 0.000210901751416, 8.4974206402e-05, 5.60856497032e-05, 0.000200408729143, 0.000208328579902, 0.00023776749731, 0.000253055884968, 0.000376315438189, 0.000407205021475, 0.000357742101187, 0.000541514309589, 0.000454300345154, 0.000312268151902, 0.000137127077323, 9.71887275227e-05, 0.000140121614095, 0.000135789683554, 3.44084510289e-05, 4.96234042657e-06],
        "median": [3.74882984033e-06, 1.34063486712e-06, 4.21006188844e-05, 5.68855903111e-05, 0.000460202776594, 0.00018452949007, 8.34634993225e-05, 2.95114477922e-05, 7.63637799537e-05, 2.78037732642e-05, 1.8396309315e-05, 6.27025438007e-05, 6.49372232147e-05, 7.78944595368e-05, 7.75311418693e-05, 0.000112277513836, 0.000101606870885, 0.000103941652924, 0.000134046131279, 0.000109719010652, 7.20940442989e-05, 2.74363865174e-05, 1.80478818947e-05, 1.97327099158e-05, 1.47765013025e-05, 3.28658347826e-06, 3.3442795484e-06],
        "min": [2.63244572807e-08, 5.97054068407e-08, 7.90590917177e-08, 7.23711224282e-08, 5.36221762104e-07, 7.82579760994e-08, 1.2597489274e-07, 5.39860494086e-08, 8.3671814366e-08, 3.46383330907e-08, 3.54883979981e-08, 2.88517192359e-08, 1.69764877711e-08, 2.22050182686e-08, 1.3901106044e-08, 1.72426695144e-08, 1.04689004132e-08, 9.44507938527e-09, 1.35574120819e-08, 2.6400911679e-08, 1.95915639267e-08, 2.38414603615e-08, 3.65455754547e-08, 4.8197758673e-08, 5.70405482847e-08, 1.84461477204e-08, 8.30077411251e-08],
        "var": [5.23900159366e-11, 2.42251640969e-09, 1.54736838454e-07, 1.12383936823e-07, 2.51090250458e-06, 1.70681721556e-06, 3.08429719098e-07, 3.33291971799e-08, 2.25573828061e-07, 2.38158115451e-08, 1.19900729345e-08, 1.70041204228e-07, 1.99651680077e-07, 2.337826146e-07, 2.42607427481e-07, 5.54400344299e-07, 9.58731220635e-07, 5.1737282547e-07, 1.50254720666e-06, 1.00203862985e-06, 5.16190141298e-07, 1.21796787766e-07, 6.43461888217e-08, 1.66051023598e-07, 1.70829068225e-07, 1.35940414481e-08, 4.92732139812e-11]
    },
    "erbbands": {
        "dmean": [0.000136546063004, 0.0052960277535, 0.0987812131643, 0.293021440506, 1.25079369545, 1.81740808487, 4.29576730728, 3.6341483593, 2.91560125351, 2.261541605, 1.99056410789, 3.09014081955, 3.46484398842, 1.22326660156, 2.30935931206, 5.58508348465, 5.17092752457, 8.36897945404, 7.94216442108, 8.38064670563, 13.9975690842, 13.7015638351, 10.6704940796, 14.7567920685, 14.5205125809, 12.1082010269, 8.06869316101, 5.59808301926, 2.97492074966, 1.71774017811, 1.45728540421, 1.53949916363, 1.42550468445, 0.949121057987, 0.528176248074, 0.16666816175, 0.0234784390777, 0.00229835952632, 0.00029350281693, 2.05982469197e-05],
        "dmean2": [0.000242900321609, 0.00942857004702, 0.168533280492, 0.466642946005, 1.97310364246, 2.94897294044, 7.1700501442, 6.08891391754, 5.09726905823, 3.70547485352, 3.22862482071, 5.11079502106, 5.74562835693, 1.93737220764, 3.58726382256, 8.18687915802, 8.03103065491, 13.7818059921, 13.1563100815, 13.430024147, 23.9548435211, 22.312664032, 16.2929954529, 21.0369224548, 21.3355503082, 16.7615966797, 11.9038572311, 7.77570867538, 4.16251850128, 2.18066334724, 2.01820421219, 1.94508445263, 1.82946527004, 1.23813819885, 0.680489063263, 0.215395182371, 0.0297622922808, 0.00271409610286, 0.000373999297153, 2.78799889202e-05],
        "dvar": [2.3244616898e-07, 0.000515174528118, 0.119613289833, 0.558252513409, 6.85096931458, 12.9387216568, 105.416069031, 63.6200714111, 40.3972053528, 26.1100883484, 15.2348041534, 77.905670166, 157.673858643, 6.62907123566, 23.2545948029, 174.524185181, 147.208129883, 464.147521973, 291.127441406, 489.692108154, 1311.89489746, 1690.7611084, 832.214782715, 1736.17053223, 1609.65625, 1048.24902344, 538.022094727, 272.367095947, 88.3382110596, 30.6754341125, 23.1545524597, 28.0723266602, 23.9501514435, 12.1997385025, 3.61878180504, 0.375535666943, 0.00876304507256, 7.77216628194e-05, 1.08058782189e-06, 2.88372214996e-09],
        "dvar2": [6.66305425057e-07, 0.00144465442281, 0.322491019964, 1.39455270767, 14.7111997604, 32.6848945618, 270.485168457, 160.679916382, 108.318473816, 62.2578163147, 36.4502029419, 219.462493896, 451.544219971, 16.0383815765, 53.4195785522, 349.37802124, 278.588287354, 1089.27514648, 608.450012207, 1120.39318848, 3451.32324219, 3439.76245117, 1574.2644043, 3701.12426758, 3386.13842773, 2196.98999023, 1012.06500244, 513.84753418, 163.079559326, 47.0720291138, 39.8868865967, 50.9435882568, 43.1971054077, 21.8750457764, 6.29491186142, 0.552631258965, 0.0143381012604, 0.000119739896036, 1.89616798707e-06, 4.66285454692e-09],
        "max": [0.00577017804608, 0.272301226854, 5.11884212494, 11.1362075806, 22.564409256, 33.604675293, 154.346847534, 81.3207015991, 89.1426315308, 87.3129577637, 40.8527565002, 140.594207764, 202.745422363, 31.457447052, 61.1244544983, 190.330078125, 163.348083496, 290.658691406, 207.839370728, 313.789764404, 406.960968018, 633.780883789, 404.039703369, 552.727905273, 521.298706055, 523.17767334, 309.869750977, 255.449081421, 137.658706665, 86.1926193237, 62.0982093811, 81.1372146606, 64.0244674683, 46.5068359375, 24.6189174652, 8.18722915649, 1.21025764942, 0.123892992735, 0.0137292547151, 0.000762717740145],
        "mean": [0.00016381360183, 0.00636377418414, 0.142689988017, 0.494675844908, 1.86750113964, 3.24504351616, 6.29717159271, 5.35241746902, 4.00503540039, 2.9254295826, 2.81826877594, 4.35571908951, 4.16783380508, 2.05736303329, 3.72201108932, 8.70666599274, 9.11382675171, 13.0051794052, 12.9386177063, 13.5677814484, 22.0298309326, 23.5828857422, 19.7827529907, 25.8281402588, 25.5567398071, 21.5798454285, 15.7176113129, 10.2303562164, 5.35102987289, 3.37993717194, 2.76396822929, 2.71266436577, 2.42165708542, 1.65705895424, 0.876447141171, 0.276912331581, 0.0386533476412, 0.00415121717378, 0.00071681116242, 8.7981352408e-05],
        "median": [8.78606515471e-05, 0.00147671170998, 0.0359959602356, 0.165845185518, 0.40863853693, 1.26863527298, 1.97976148129, 1.32448339462, 1.25339853764, 0.987381219864, 0.946926891804, 1.67082989216, 1.34571456909, 0.742186546326, 1.2888944149, 2.7707118988, 3.12601900101, 4.54110527039, 4.12876987457, 4.13439559937, 6.61790990829, 6.11961078644, 5.95626354218, 7.1398897171, 6.44354915619, 5.3132610321, 3.39335823059, 2.17855358124, 1.09909152985, 0.656942903996, 0.513579487801, 0.425364851952, 0.318391025066, 0.197039052844, 0.0944149941206, 0.0270432569087, 0.00354479718953, 0.000799034140073, 0.00037982763024, 6.84551050654e-05],
        "min": [4.79129039377e-06, 2.216768371e-05, 0.000100200093584, 0.000241020694375, 0.00131589360535, 0.00215853261761, 0.00160801911261, 0.00104740308598, 0.00242196000181, 0.00170221284498, 0.00131011311896, 0.00198550941423, 0.00138548749965, 0.00137516879477, 0.00113466742914, 0.00125049345661, 0.0010763903847, 0.00119259033818, 0.000891866919119, 0.00116007833276, 0.000879652216099, 0.000744692340959, 0.000642615079414, 0.00109626969788, 0.000528747972567, 0.00126087747049, 0.000852649449371, 0.000814889906906, 0.000986286439002, 0.000830519886222, 0.00105255167, 0.00103411613964, 0.000863738532644, 0.000734188710339, 0.000320057355566, 0.000118663323519, 2.7050218705e-05, 1.68777860381e-05, 8.43129782879e-06, 1.55643647304e-06],
        "var": [1.56257996764e-07, 0.000383304140996, 0.0972996130586, 0.707101643085, 12.4707193375, 24.2533607483, 176.00567627, 104.514892578, 65.5287399292, 34.0202445984, 24.5432090759, 75.7030792236, 119.053894043, 12.287103653, 44.2131118774, 333.255249023, 342.604400635, 755.314086914, 554.155212402, 778.005126953, 1939.62194824, 3177.50634766, 1682.1887207, 3214.76342773, 3355.99169922, 2208.97680664, 1242.35205078, 607.26550293, 190.240951538, 80.1845397949, 52.5070343018, 59.0577278137, 49.5025672913, 25.2975578308, 7.32377338409, 0.828390955925, 0.0176308061928, 0.000162676456966, 2.01457078219e-06, 6.5476815081e-09]
    },
    "gfcc": {
        "mean": [-85.9968719482, 33.1620521545, -122.331008911, 16.8898162842, -54.7355499268, -15.4405813217, -52.0290908813, -10.8022375107, -35.0514144897, -6.62767553329, -14.8622636795, -10.5256814957, -9.52075195312],
        "cov": [[15510.5195312, -937.669616699, -3188.6940918, 1784.19897461, -2012.09558105, 585.457275391, -1303.13757324, 647.45135498, -1006.84625244, 289.012756348, -662.637023926, -127.800109863, -296.683837891], [-937.669616699, 400.023223877, 272.556030273, -68.1967697144, 164.467666626, -61.1301231384, 116.294952393, -53.5841674805, 67.1394500732, -61.6221885681, 32.4282951355, -28.695022583, 13.8803596497], [-3188.6940918, 272.556030273, 908.844238281, -376.519805908, 447.215087891, -80.744430542, 279.325164795, -109.846305847, 211.450790405, -60.2311592102, 120.452186584, 32.6949729919, 42.5600624084], [1784.19897461, -68.1967697144, -376.519805908, 277.98147583, -205.118179321, 78.7765426636, -139.347503662, 66.2468261719, -117.306587219, 21.5874958038, -82.3411254883, -30.9620304108, -41.6533584595], [-2012.09558105, 164.467666626, 447.215087891, -205.118179321, 341.120056152, -53.2850036621, 183.635238647, -96.5027923584, 120.428138733, -49.7816619873, 77.0941238403, 7.9902100563, 30.7630386353], [585.457275391, -61.1301231384, -80.744430542, 78.7765426636, -53.2850036621, 80.3620376587, -29.5148334503, 48.0485649109, -34.851940155, 11.0990247726, -35.5737686157, -10.3271799088, -20.0097560883], [-1303.13757324, 116.294952393, 279.325164795, -139.347503662, 183.635238647, -29.5148334503, 151.85357666, -31.6654243469, 95.0398406982, -30.5655250549, 50.1684036255, -2.72474431992, 16.7009296417], [647.45135498, -53.5841674805, -109.846305847, 66.2468261719, -96.5027923584, 48.0485649109, -31.6654243469, 80.5411224365, -18.342666626, 21.0265407562, -33.268447876, -12.2091808319, -22.5266265869], [-1006.84625244, 67.1394500732, 211.450790405, -117.306587219, 120.428138733, -34.851940155, 95.0398406982, -18.342666626, 99.7403488159, -1.89365243912, 50.3349113464, 5.95721435547, 14.5668563843], [289.012756348, -61.6221885681, -60.2311592102, 21.5874958038, -49.7816619873, 11.0990247726, -30.5655250549, 21.0265407562, -1.89365243912, 39.3255767822, 3.19486355782, 9.03726387024, -5.28788042068], [-662.637023926, 32.4282951355, 120.452186584, -82.3411254883, 77.0941238403, -35.5737686157, 50.1684036255, -33.268447876, 50.3349113464, 3.19486355782, 55.9589805603, 21.0168838501, 18.822259903], [-127.800109863, -28.695022583, 32.6949729919, -30.9620304108, 7.9902100563, -10.3271799088, -2.72474431992, -12.2091808319, 5.95721435547, 9.03726387024, 21.0168838501, 31.7731170654, 16.2769126892], [-296.683837891, 13.8803596497, 42.5600624084, -41.6533584595, 30.7630386353, -20.0097560883, 16.7009296417, -22.5266265869, 14.5668563843, -5.28788042068, 18.822259903, 16.2769126892, 30.9634494781]],
        "icov": [[0.00236754654907, -0.0023802628275, 0.00229799328372, -0.00251723430119, 0.00249022920616, -0.00294116418809, 0.00425112433732, -0.00407819775864, 0.00623459136114, -0.00530314212665, 0.00450808228925, -0.0046264543198, 0.00342546543106], [-0.0023802628275, 0.00816434621811, -0.00476121902466, -0.00166682410054, -0.00202188873664, 0.00750815588981, -0.00549606326967, 0.00271830195561, -0.00575298443437, 0.0102122733369, -0.00859108194709, 0.0120515823364, -0.00702428491786], [0.00229799328372, -0.00476121902466, 0.00823505688459, 0.00223290990107, -0.000979618751444, -0.00631420919672, 0.00363591103815, -0.00238256319426, 0.00139308674261, -0.00470846006647, 0.00920114666224, -0.0133963990957, 0.00902546662837], [-0.00251723430119, -0.00166682410054, 0.00223290990107, 0.0194611940533, -0.00310817267746, -0.00645529851317, 0.000379620643798, 0.00601193355396, -0.00404574908316, 0.00272494181991, -0.00111913250294, 0.00516988430172, 0.00315530085936], [0.00249022920616, -0.00202188873664, -0.000979618751444, -0.00310817267746, 0.0211878139526, -0.00924774073064, -0.00682604406029, 0.011607944034, 0.00230167992413, -0.00215555285104, 0.00369100854732, -0.00309168477543, 0.00496288621798], [-0.00294116418809, 0.00750815588981, -0.00631420919672, -0.00645529851317, -0.00924774073064, 0.0380022861063, -0.0110418573022, -0.012901247479, 0.00418189074844, 0.00113762519322, 5.80871928832e-05, 0.00594515819103, -0.00616966793314], [0.00425112433732, -0.00549606326967, 0.00363591103815, 0.000379620643798, -0.00682604406029, -0.0110418573022, 0.0488262847066, -0.0201089605689, -0.00321411364712, 0.00808580778539, -0.00737358722836, 0.00559792434797, 0.00182329991367], [-0.00407819775864, 0.00271830195561, -0.00238256319426, 0.00601193355396, 0.011607944034, -0.012901247479, -0.0201089605689, 0.0528859421611, -0.0275345724076, 0.000335842749337, 0.0121336681768, -0.00036317363265, 0.00634564226493], [0.00623459136114, -0.00575298443437, 0.00139308674261, -0.00404574908316, 0.00230167992413, 0.00418189074844, -0.00321411364712, -0.0275345724076, 0.0690109357238, -0.0339106582105, -0.00857812725008, 0.00649197865278, 0.000621347746346], [-0.00530314212665, 0.0102122733369, -0.00470846006647, 0.00272494181991, -0.00215555285104, 0.00113762519322, 0.00808580778539, 0.000335842749337, -0.0339106582105, 0.074968740344, -0.0333535224199, 0.00400137342513, 0.000434211018728], [0.00450808228925, -0.00859108194709, 0.00920114666224, -0.00111913250294, 0.00369100854732, 5.80871928832e-05, -0.00737358722836, 0.0121336681768, -0.00857812725008, -0.0333535224199, 0.0876716822386, -0.0511282235384, 0.0139911687002], [-0.0046264543198, 0.0120515823364, -0.0133963990957, 0.00516988430172, -0.00309168477543, 0.00594515819103, 0.00559792434797, -0.00036317363265, 0.00649197865278, 0.00400137342513, -0.0511282235384, 0.0999042466283, -0.0445419885218], [0.00342546543106, -0.00702428491786, 0.00902546662837, 0.00315530085936, 0.00496288621798, -0.00616966793314, 0.00182329991367, 0.00634564226493, 0.000621347746346, 0.000434211018728, 0.0139911687002, -0.0445419885218, 0.0695128664374]]
    },
    "melbands": {
        "dmean": [2.38408324549e-06, 3.78363947675e-05, 7.03408877598e-05, 0.000110343986307, 0.00012740593229, 8.00343259471e-05, 4.24003301305e-05, 2.14725023397e-05, 1.69501472556e-05, 2.16820681089e-05, 1.72499348992e-05, 4.80382186652e-06, 6.0458551161e-06, 1.25992446556e-05, 1.54864392243e-05, 1.26068725876e-05, 1.64531684277e-05, 1.22958399515e-05, 1.3461421986e-05, 1.48522267409e-05, 1.6640231479e-05, 1.59246155818e-05, 1.26609211293e-05, 8.39053336676e-06, 1.33762641781e-05, 1.11683593786e-05, 9.43821851251e-06, 8.59193005454e-06, 6.19510774413e-06, 4.0302297748e-06, 3.1337172004e-06, 1.78926313765e-06, 1.25185647448e-06, 9.30606347538e-07, 8.7168234586e-07, 8.81425080479e-07, 9.99549797598e-07, 1.00266640857e-06, 9.79812057267e-07, 7.81414712492e-07],
        "dmean2": [4.30821728514e-06, 6.44881802145e-05, 0.000104625811218, 0.000180440285476, 0.00020531663904, 0.00013367732754, 7.36237634555e-05, 3.49135589204e-05, 2.79529085674e-05, 3.60561352863e-05, 2.85513178824e-05, 7.81768267188e-06, 9.43504255702e-06, 1.93517171283e-05, 2.3813903681e-05, 1.99315254577e-05, 2.76227401628e-05, 2.0639387003e-05, 2.1390582333e-05, 2.45838891715e-05, 2.86524245894e-05, 2.64741647698e-05, 2.0016437702e-05, 1.2676341612e-05, 1.9981082005e-05, 1.6445899746e-05, 1.41314712891e-05, 1.26539443954e-05, 9.49673449213e-06, 5.60860644327e-06, 4.5634410526e-06, 2.66171696239e-06, 1.66889833508e-06, 1.28009025957e-06, 1.24610517105e-06, 1.20603021969e-06, 1.36082701374e-06, 1.3649905668e-06, 1.26845179693e-06, 1.08386586817e-06],
        "dvar": [8.5861019683e-11, 1.76610086555e-08, 2.32077610463e-08, 5.04697545978e-08, 8.88136497679e-08, 2.91752471071e-08, 8.58706350471e-09, 2.21221485575e-09, 1.03265840323e-09, 5.32674837572e-09, 3.88058030154e-09, 1.01005218078e-10, 1.91465107657e-10, 9.02728281016e-10, 1.3795939946e-09, 1.12451103984e-09, 1.69174718678e-09, 7.08100189595e-10, 1.10716513735e-09, 1.41444278512e-09, 1.98543648189e-09, 2.10785233712e-09, 1.47931944472e-09, 3.72634118007e-10, 1.41282330279e-09, 9.6719143805e-10, 6.49510445427e-10, 6.51221909731e-10, 3.09371167573e-10, 1.08635017648e-10, 9.13228728749e-11, 3.19216111877e-11, 1.49089265239e-11, 9.78533573615e-12, 7.79976690873e-12, 8.5645587844e-12, 1.38254078325e-11, 1.17361970836e-11, 1.1840793103e-11, 8.33405913725e-12],
        "dvar2": [2.47902587347e-10, 4.7943665038e-08, 4.87919891157e-08, 1.28695248236e-07, 2.2132144295e-07, 7.26731101963e-08, 2.15501305689e-08, 5.30740917881e-09, 2.56199195192e-09, 1.55297943394e-08, 1.11228599664e-08, 2.4479890337e-10, 4.97400620691e-10, 2.00694239005e-09, 2.57264587411e-09, 2.5061159814e-09, 4.05057409836e-09, 1.59442847814e-09, 2.63051869176e-09, 3.37323169397e-09, 5.50009282563e-09, 4.51069270824e-09, 3.01777691725e-09, 6.51500353666e-10, 3.17396153804e-09, 1.97247107536e-09, 1.5279183474e-09, 1.48124945643e-09, 6.51641796079e-10, 1.80771911329e-10, 1.99786118205e-10, 6.18381804096e-11, 2.53027529484e-11, 1.71693145812e-11, 1.40864524906e-11, 1.52609938575e-11, 2.90635154832e-11, 2.23887557799e-11, 2.04888103011e-11, 1.57436234188e-11],
        "max": [0.000110696004413, 0.00194883462973, 0.00177319906652, 0.00193749787286, 0.0047012208961, 0.00176109850872, 0.00124540773686, 0.00081178318942, 0.000327980320435, 0.0011767540127, 0.00100589124486, 0.000119295567856, 0.000191700950381, 0.000365924759535, 0.000598761776928, 0.000449887505965, 0.000523563183378, 0.000313492375426, 0.000412605586462, 0.0004044843663, 0.000500227033626, 0.00067546358332, 0.000547210744116, 0.000232138307183, 0.000482169707539, 0.000422859331593, 0.000310289644403, 0.000420858792495, 0.000217599721509, 0.000137322305818, 0.00014464915148, 8.06390526122e-05, 5.34619357495e-05, 4.66446654173e-05, 3.81452664442e-05, 4.11343971791e-05, 5.93342192587e-05, 4.20759643021e-05, 4.8315476306e-05, 3.74328446924e-05],
        "mean": [2.39145015257e-06, 5.43212445336e-05, 0.000124830039567, 0.000175878565642, 0.000209400604945, 0.000119571348478, 5.98370497755e-05, 2.83180106635e-05, 2.39047840296e-05, 2.90895895887e-05, 2.03912513825e-05, 7.88744910096e-06, 9.4420138339e-06, 1.9567713025e-05, 2.41300931521e-05, 2.04090447369e-05, 2.42599271587e-05, 1.92927636817e-05, 1.92697352759e-05, 2.24038340093e-05, 2.53828256973e-05, 2.51794372161e-05, 2.00486956601e-05, 1.64878601936e-05, 2.14392093767e-05, 1.97555436898e-05, 1.5353292838e-05, 1.45047679325e-05, 1.05824838101e-05, 7.54306438466e-06, 5.30025909029e-06, 3.14168664772e-06, 2.20531796913e-06, 1.73154717231e-06, 1.56052101374e-06, 1.61297793966e-06, 1.6528215383e-06, 1.69039890352e-06, 1.59904652719e-06, 1.33823493798e-06],
        "median": [7.4703456221e-07, 1.37942188303e-05, 4.15600225097e-05, 5.76845595788e-05, 7.43051132304e-05, 2.95031495625e-05, 1.97638401005e-05, 9.64900755207e-06, 8.00403086032e-06, 1.0526197002e-05, 6.38099027128e-06, 2.76641094388e-06, 3.16602836392e-06, 6.36613640381e-06, 7.37801292416e-06, 6.9680645538e-06, 7.89196110418e-06, 6.19407364866e-06, 5.70376869291e-06, 6.05864988756e-06, 7.96782114776e-06, 6.39812242298e-06, 5.38140693607e-06, 5.05743264512e-06, 5.45713191968e-06, 5.08274388267e-06, 3.39663802151e-06, 3.35369531967e-06, 2.08033111448e-06, 1.61991670211e-06, 1.07337245936e-06, 6.26640940027e-07, 4.28791111062e-07, 3.16494180197e-07, 2.77187837128e-07, 2.54351192552e-07, 2.49608945069e-07, 2.3260196258e-07, 1.98803078888e-07, 1.48575878711e-07],
        "min": [5.52355032823e-08, 5.65313662548e-08, 3.43581021411e-08, 1.12699837018e-07, 8.06522919561e-08, 2.40598723167e-08, 3.39621628598e-08, 1.43996219393e-08, 9.06129393741e-09, 1.37988944715e-08, 6.48575859685e-09, 5.16534459649e-09, 4.65375782355e-09, 2.91699708832e-09, 2.10374007104e-09, 2.29393037898e-09, 2.03422367839e-09, 1.50478152161e-09, 1.24100996146e-09, 8.74237404691e-10, 8.3925838501e-10, 7.51839090984e-10, 6.56702858759e-10, 4.40771447119e-10, 8.68550675825e-10, 2.98783386921e-10, 5.77278891356e-10, 8.91589579943e-10, 5.30828547785e-10, 4.79147610477e-10, 4.60885662967e-10, 5.20831655582e-10, 4.96751306756e-10, 4.27403890058e-10, 5.21710841195e-10, 5.36449162869e-10, 5.11593545305e-10, 6.47152553768e-10, 6.34049757142e-10, 5.70887392914e-10],
        "var": [6.04381406033e-11, 1.41552742861e-08, 4.49057075969e-08, 8.04986868275e-08, 1.66902538012e-07, 5.04401533874e-08, 1.43625005222e-08, 2.97674795924e-09, 1.62704771878e-09, 4.30754099057e-09, 2.92035129412e-09, 1.75920070178e-10, 3.07593644999e-10, 1.48544287981e-09, 2.73742384316e-09, 1.99445326921e-09, 2.66685962202e-09, 1.25953369956e-09, 1.56235291371e-09, 2.12684247991e-09, 2.69538880104e-09, 3.81800546734e-09, 2.33196573163e-09, 9.58246260119e-10, 2.34400077126e-09, 2.00254479665e-09, 1.17733323091e-09, 1.10441233936e-09, 5.9358334914e-10, 3.02185193535e-10, 1.70353259277e-10, 6.55086124235e-11, 3.4780085062e-11, 2.19698061826e-11, 1.66953707803e-11, 1.89982422155e-11, 2.37085993199e-11, 2.30565427861e-11, 2.45837031287e-11, 1.64574898848e-11]
    },
    "mfcc": {
        "mean": [-730.892150879, 80.9924163818, -17.919500351, 21.459438324, 3.78159880638, -8.76382446289, -6.73783969879, -17.1805953979, -14.2477436066, -9.64091777802, -10.6047639847, -6.00892829895, -9.62818336487],
        "cov": [[19192.7539062, -3099.61450195, -1444.22827148, 125.811012268, -768.801330566, -584.749755859, -409.878387451, -453.717071533, -219.268371582, -311.914489746, -327.478302002, -246.686935425, -310.966827393], [-3099.61450195, 772.733520508, 294.220672607, 28.4609603882, 142.138275146, 92.6554794312, 81.7877120972, 86.5222244263, 42.6977996826, 50.8775024414, 44.9360046387, 28.8660354614, 37.2185821533], [-1444.22827148, 294.220672607, 280.02520752, -13.6901483536, 76.3462600708, 45.8142242432, 38.0647277832, 57.3397102356, 33.5629768372, 36.9668807983, 39.6608200073, 20.192155838, 24.2078723907], [125.811012268, 28.4609603882, -13.6901483536, 63.2641487122, 10.407626152, 11.346534729, 2.86576724052, -4.03760719299, -4.34436321259, -10.2249526978, -5.87034368515, -2.7601788044, -7.47156620026], [-768.801330566, 142.138275146, 76.3462600708, 10.407626152, 83.4488296509, 52.3608932495, 30.9532928467, 22.7991771698, 9.68129444122, 9.20246601105, 10.084851265, 5.96026945114, 9.91368579865], [-584.749755859, 92.6554794312, 45.8142242432, 11.346534729, 52.3608932495, 62.6131019592, 32.3124237061, 18.5200138092, 7.11932516098, 6.72354602814, 6.76654338837, 4.98132705688, 7.17032384872], [-409.878387451, 81.7877120972, 38.0647277832, 2.86576724052, 30.9532928467, 32.3124237061, 45.6882972717, 29.3541622162, 14.504743576, 11.2135801315, 6.92988157272, 0.522222697735, 2.74955129623], [-453.717071533, 86.5222244263, 57.3397102356, -4.03760719299, 22.7991771698, 18.5200138092, 29.3541622162, 48.2653388977, 26.0443382263, 20.6144332886, 16.0032997131, 4.27760505676, 4.34267473221], [-219.268371582, 42.6977996826, 33.5629768372, -4.34436321259, 9.68129444122, 7.11932516098, 14.504743576, 26.0443382263, 37.1718406677, 23.9016437531, 14.1389560699, 3.5534722805, 2.36065220833], [-311.914489746, 50.8775024414, 36.9668807983, -10.2249526978, 9.20246601105, 6.72354602814, 11.2135801315, 20.6144332886, 23.9016437531, 41.2478103638, 25.6012878418, 9.93933200836, 6.91904354095], [-327.478302002, 44.9360046387, 39.6608200073, -5.87034368515, 10.084851265, 6.76654338837, 6.92988157272, 16.0032997131, 14.1389560699, 25.6012878418, 39.4349517822, 18.9547233582, 9.41723632812], [-246.686935425, 28.8660354614, 20.192155838, -2.7601788044, 5.96026945114, 4.98132705688, 0.522222697735, 4.27760505676, 3.5534722805, 9.93933200836, 18.9547233582, 32.2092933655, 17.4065952301], [-310.966827393, 37.2185821533, 24.2078723907, -7.47156620026, 9.91368579865, 7.17032384872, 2.74955129623, 4.34267473221, 2.36065220833, 6.91904354095, 9.41723632812, 17.4065952301, 29.9224643707]],
