{
"lowlevel": {
    "average_loudness": 0.837119340897,
    "barkbands_crest": {
        "dmean": 2.57755494118,
        "dmean2": 4.24469661713,
        "dvar": 4.01820278168,
        "dvar2": 9.67292881012,
        "max": 18.1229019165,
        "mean": 9.57641124725,
        "median": 8.8975982666,
        "min": 4.12900876999,
        "var": 9.31356334686
    },
    "barkbands_flatness_db": {
        "dmean": 0.0199309270829,
        "dmean2": 0.0316944681108,
        "dvar": 0.000254786398727,
        "dvar2": 0.000591847288888,
        "max": 0.26927536726,
        "mean": 0.16119235754,
        "median": 0.161730617285,
        "min": 0.0628704354167,
        "var": 0.00180095492397
    },
    "barkbands_kurtosis": {
        "dmean": 2.35047745705,
        "dmean2": 3.47707056999,
        "dvar": 16.4591655731,
        "dvar2": 46.4029998779,
        "max": 46.3629417419,
        "mean": 4.56916475296,
        "median": 3.53738880157,
        "min": -1.24342513084,
        "var": 34.5325965881
    },
    "barkbands_skewness": {
        "dmean": 0.482424765825,
        "dmean2": 0.764851570129,
        "dvar": 0.180914625525,
        "dvar2": 0.433050692081,
        "max": 4.60949802399,
        "mean": 0.965717792511,
        "median": 0.946063101292,
        "min": -0.783709645271,
        "var": 0.73280185461
    },
    "barkbands_spread": {
        "dmean": 2.57969927788,
        "dmean2": 3.68258142471,
        "dvar": 11.7469234467,
        "dvar2": 17.5210227966,
        "max": 44.6039276123,
        "mean": 11.4316759109,
        "median": 7.6033987999,
        "min": 1.36473715305,
        "var": 80.9361801147
    },
    "dissonance": {
        "dmean": 0.0206711627543,
        "dmean2": 0.0349368900061,
        "dvar": 0.000496809196193,
        "dvar2": 0.000985716469586,
        "max": 0.499468922615,
        "mean": 0.472326934338,
        "median": 0.478791475296,
        "min": 0.312955230474,
        "var": 0.000722830474842
    },
    "dynamic_complexity": 7.71990442276,
    "erbbands_crest": {
        "dmean": 3.56431269646,
        "dmean2": 6.05343008041,
        "dvar": 7.2249379158,
        "dvar2": 21.9336776733,
        "max": 26.6037483215,
        "mean": 12.7044029236,
        "median": 12.1744022369,
        "min": 4.20743513107,
        "var": 22.8845863342
    },
    "erbbands_flatness_db": {
        "dmean": 0.020463258028,
        "dmean2": 0.0315991491079,
        "dvar": 0.000241841276875,
        "dvar2": 0.000615247990936,
        "max": 0.365655452013,
        "mean": 0.24124661088,
        "median": 0.238894715905,
        "min": 0.116632513702,
        "var": 0.00241501326673
    },
    "erbbands_kurtosis": {
        "dmean": 2.33797335625,
        "dmean2": 3.90170264244,
        "dvar": 22.8392047882,
        "dvar2": 65.9440460205,
        "max": 49.3433570862,
        "mean": 3.59720730782,
        "median": 1.69342851639,
        "min": -1.20987296104,
        "var": 35.3614082336
    },
    "erbbands_skewness": {
        "dmean": 0.415723025799,
        "dmean2": 0.624906003475,
        "dvar": 0.165007412434,
        "dvar2": 0.435338288546,
        "max": 5.11390066147,
        "mean": 0.668048679829,
        "median": 0.577931940556,
        "min": -1.86075663567,
        "var": 1.00329720974
    },
    "erbbands_spread": {
        "dmean": 4.11841535568,
        "dmean2": 6.07917118073,
        "dvar": 22.2648735046,
        "dvar2": 42.3046264648,
        "max": 59.6251907349,
        "mean": 15.0527467728,
        "median": 12.4074325562,
        "min": 2.07564067841,
        "var": 113.046699524
    },
    "hfc": {
        "dmean": 4.70974969864,
        "dmean2": 7.16563081741,
        "dvar": 114.557479858,
        "dvar2": 284.101074219,
        "max": 117.251594543,
        "mean": 11.1491422653,
        "median": 1.71705639362,
        "min": 0.00358250131831,
        "var": 352.052154541
    },
    "melbands_crest": {
        "dmean": 2.82840418816,
        "dmean2": 4.69224882126,
        "dvar": 4.61796855927,
        "dvar2": 13.444683075,
        "max": 24.7719459534,
        "mean": 10.6723871231,
        "median": 10.1906986237,
        "min": 6.05423641205,
        "var": 11.2444486618
    },
    "melbands_flatness_db": {
        "dmean": 0.0219155792147,
        "dmean2": 0.0340774096549,
        "dvar": 0.000299006846035,
        "dvar2": 0.000665302271955,
        "max": 0.339893549681,
        "mean": 0.217577710748,
        "median": 0.216907963157,
        "min": 0.0964212492108,
        "var": 0.0029293645639
    },
    "melbands_kurtosis": {
        "dmean": 2.56127429008,
        "dmean2": 4.06520605087,
        "dvar": 21.4743480682,
        "dvar2": 59.0177078247,
        "max": 52.5170021057,
        "mean": 4.01089000702,
        "median": 1.98669099808,
        "min": -1.56573271751,
        "var": 44.1406097412
    },
    "melbands_skewness": {
        "dmean": 0.519606411457,
        "dmean2": 0.843460738659,
        "dvar": 0.224350586534,
        "dvar2": 0.560011684895,
        "max": 3.56694316864,
        "mean": 0.886471450329,
        "median": 0.796241283417,
        "min": -1.00030016899,
        "var": 0.62343865633
    },
    "melbands_spread": {
        "dmean": 4.60543966293,
        "dmean2": 6.56830310822,
        "dvar": 30.4972496033,
        "dvar2": 61.7355308533,
        "max": 66.087020874,
        "mean": 18.5315303802,
        "median": 11.845161438,
        "min": 1.83242058754,
        "var": 243.6822052
    },
    "pitch_salience": {
        "dmean": 0.0708024427295,
        "dmean2": 0.111136935651,
        "dvar": 0.00241618277505,
        "dvar2": 0.00646373908967,
        "max": 0.853304088116,
        "mean": 0.659510612488,
        "median": 0.670927703381,
        "min": 0.300628691912,
        "var": 0.00990578718483
    },
    "silence_rate_20dB": {
        "dmean": 0,
        "dmean2": 0,
        "dvar": 0,
        "dvar2": 0,
        "max": 1,
        "mean": 1,
        "median": 1,
        "min": 1,
        "var": 0
    },
    "silence_rate_30dB": {
        "dmean": 0,
        "dmean2": 0,
        "dvar": 0,
        "dvar2": 0,
        "max": 1,
        "mean": 1,
        "median": 1,
        "min": 1,
        "var": 0
    },
    "silence_rate_60dB": {
        "dmean": 0.0250000003725,
        "dmean2": 0.0504201687872,
        "dvar": 0.0243749786168,
        "dvar2": 0.0478779189289,
        "max": 1,
        "mean": 0.57024794817,
        "median": 1,
        "min": 0,
        "var": 0.245065122843
    },
    "spectral_centroid": {
        "dmean": 152.327316284,
        "dmean2": 220.725906372,
        "dvar": 25884.1367188,
        "dvar2": 46794.3867188,
        "max": 2724.49316406,
        "mean": 1189.78405762,
        "median": 1058.73950195,
        "min": 483.405426025,
        "var": 243262.890625
    },
    "spectral_complexity": {
        "dmean": 2.04166674614,
        "dmean2": 3.20168066025,
        "dvar": 7.15659332275,
        "dvar2": 7.37108516693,
        "max": 37,
        "mean": 9.84297561646,
        "median": 7,
        "min": 0,
        "var": 76.3967971802
    },
    "spectral_decrease": {
        "dmean": 9.94582860514e-10,
        "dmean2": 1.58197965838e-09,
        "dvar": 5.27730766974e-18,
        "dvar2": 1.3446026825e-17,
        "max": -3.80765487499e-13,
        "mean": -2.44453834952e-09,
        "median": -4.06868566616e-10,
        "min": -1.93632310186e-08,
        "var": 1.72381842309e-17
    },
    "spectral_energy": {
        "dmean": 0.00414685485885,
        "dmean2": 0.0066029583104,
        "dvar": 9.02857500478e-05,
        "dvar2": 0.000230628909776,
        "max": 0.0796563923359,
        "mean": 0.0102375084534,
        "median": 0.00174341443926,
        "min": 1.7620430981e-06,
        "var": 0.000299079663819
    },
    "spectral_energyband_high": {
        "dmean": 7.64885553508e-05,
        "dmean2": 0.00012329328456,
        "dvar": 3.08734477983e-08,
        "dvar2": 7.60049445603e-08,
        "max": 0.00128874334041,
        "mean": 0.000113607209641,
        "median": 7.22288677935e-06,
        "min": 1.99316019689e-07,
        "var": 5.50103429475e-08
    },
    "spectral_energyband_low": {
        "dmean": 1.51597032527e-05,
        "dmean2": 1.79213839147e-05,
        "dvar": 2.87677348609e-09,
        "dvar2": 2.64698907237e-09,
        "max": 0.000566363160033,
        "mean": 3.08934104396e-05,
        "median": 1.22235169329e-05,
        "min": 7.61871774557e-08,
        "var": 6.13742079381e-09
    },
    "spectral_energyband_middle_high": {
        "dmean": 0.00333848129958,
        "dmean2": 0.00566683802754,
        "dvar": 5.81186359341e-05,
        "dvar2": 0.000155910107424,
        "max": 0.0676960721612,
        "mean": 0.0071174246259,
        "median": 0.000872164033353,
        "min": 6.11468067291e-07,
        "var": 0.0001597545197
    },
    "spectral_energyband_middle_low": {
        "dmean": 0.00227987091057,
        "dmean2": 0.00374793447554,
        "dvar": 4.72385290777e-05,
        "dvar2": 0.000132433066028,
        "max": 0.0490532740951,
        "mean": 0.00328863342293,
        "median": 0.000904926448129,
        "min": 8.91664171832e-07,
        "var": 4.76316854474e-05
    },
    "spectral_entropy": {
        "dmean": 0.154065445065,
        "dmean2": 0.231244310737,
        "dvar": 0.0176617912948,
        "dvar2": 0.0346376486123,
        "max": 8.36511230469,
        "mean": 7.18170309067,
        "median": 7.18421936035,
        "min": 6.29757356644,
        "var": 0.12851151824
    },
    "spectral_flux": {
        "dmean": 0.010990251787,
        "dmean2": 0.0167146585882,
        "dvar": 0.000490112754051,
        "dvar2": 0.000935046991799,
        "max": 0.219622462988,
        "mean": 0.046109482646,
        "median": 0.0262262094766,
        "min": 0.00494330376387,
        "var": 0.00221976288594
    },
    "spectral_kurtosis": {
        "dmean": 2.66873812675,
        "dmean2": 4.09237194061,
        "dvar": 5.2225394249,
        "dvar2": 11.0720968246,
        "max": 40.4498786926,
        "mean": 13.8624610901,
        "median": 12.3688936234,
        "min": 1.46300649643,
        "var": 67.0781707764
    },
    "spectral_rms": {
        "dmean": 0.000428103259765,
        "dmean2": 0.000656200805679,
        "dvar": 6.54900020436e-07,
        "dvar2": 1.35484503971e-06,
        "max": 0.00881552882493,
        "mean": 0.00228699995205,
        "median": 0.00130418257322,
        "min": 4.14616260969e-05,
        "var": 4.75744582218e-06
    },
    "spectral_rolloff": {
        "dmean": 337.532989502,
        "dmean2": 507.387390137,
        "dvar": 502436.125,
        "dvar2": 1264211.5,
        "max": 6869.09179688,
        "mean": 1578.50830078,
        "median": 1162.79296875,
        "min": 775.1953125,
        "var": 1069870.125
    },
    "spectral_skewness": {
        "dmean": 0.27333304286,
        "dmean2": 0.415004760027,
        "dvar": 0.0472566373646,
        "dvar2": 0.0953007414937,
        "max": 4.96598291397,
        "mean": 2.81988763809,
        "median": 2.75166916847,
        "min": 1.3040394783,
        "var": 0.693636119366
    },
    "spectral_spread": {
        "dmean": 532283.625,
        "dmean2": 725954.9375,
        "dvar": 853395177472,
        "dvar2": 655667757056,
        "max": 15784268,
        "mean": 3557841.25,
        "median": 3017482,
        "min": 1575070.75,
        "var": 3.12467390464e+12
    },
    "spectral_strongpeak": {
        "dmean": 0.664841473103,
        "dmean2": 1.02193462849,
        "dvar": 1.2109888792,
        "dvar2": 3.05286002159,
        "max": 10.8088626862,
        "mean": 1.18531596661,
        "median": 0.575848519802,
        "min": 0.000869256618898,
        "var": 2.68716883659
    },
    "zerocrossingrate": {
        "dmean": 0.00759684247896,
        "dmean2": 0.00887522939593,
        "dvar": 9.02763858903e-05,
        "dvar2": 8.35051832837e-05,
        "max": 0.15771484375,
        "mean": 0.0654337257147,
        "median": 0.052734375,
        "min": 0.02685546875,
        "var": 0.000916845339816
    },
    "barkbands": {
        "dmean": [2.15542354454e-06, 2.16806284925e-07, 3.8983180275e-06, 1.98381203518e-05, 0.000190688369912, 0.000700720585883, 0.000160543990205, 0.000105131133751, 0.000659891520627, 0.00178113509901, 0.00104463659227, 0.00105410150718, 0.000155144065502, 0.000138931165566, 0.000120970878925, 0.000228785735089, 0.000393802358303, 1.42894887176e-05, 2.78764709947e-05, 2.74504436675e-05, 1.37324868774e-05, 2.8365509479e-06, 1.24068492369e-05, 3.00628071273e-05, 1.53628625412e-05, 3.34670994562e-06, 2.83050923144e-07],
        "dmean2": [3.59435102837e-06, 3.60358740181e-07, 4.54240444014e-06, 2.38400680246e-05, 0.000222742906772, 0.00108702527359, 0.000272176024737, 0.000186229503015, 0.00114492734428, 0.00272536464036, 0.00191397685558, 0.00173717003781, 0.00025471727713, 0.000223162875045, 0.000166949670529, 0.000361876271199, 0.000573289929889, 2.1558631488e-05, 4.25045363954e-05, 4.25397156505e-05, 2.04626921914e-05, 4.39308360001e-06, 1.93714367924e-05, 4.78960610053e-05, 2.48875494435e-05, 5.99893292019e-06, 4.55872879002e-07],
        "dvar": [5.42004592249e-12, 3.85226925229e-14, 1.59631460828e-10, 4.27349222676e-09, 9.86567329164e-07, 1.3585009583e-05, 6.59221157662e-08, 2.88046599906e-08, 2.76693185697e-06, 1.72716154339e-05, 6.29224314252e-06, 6.03011039857e-06, 1.74880867121e-07, 1.39557911893e-07, 1.18096018298e-07, 3.97314323664e-07, 4.69357200927e-06, 1.80007075912e-09, 5.69516478421e-09, 3.73102526652e-09, 1.63713276269e-09, 4.41268931117e-11, 1.15897935693e-09, 6.57100773793e-09, 1.52149415289e-09, 1.16521722826e-10, 1.92553153869e-13],
        "dvar2": [1.46217447872e-11, 9.59058678827e-14, 1.83884005245e-10, 3.23083670928e-09, 1.79289872904e-06, 3.417926564e-05, 1.66702179172e-07, 7.60270921774e-08, 8.70284839039e-06, 4.19726602559e-05, 1.84844993782e-05, 1.29786440084e-05, 5.14834596288e-07, 3.07412619804e-07, 1.81243322572e-07, 9.89949853647e-07, 1.09258826342e-05, 4.50308990096e-09, 1.2565869234e-08, 9.05385189043e-09, 3.88671095308e-09, 1.14582281163e-10, 2.07384553974e-09, 1.53656909418e-08, 4.31034186121e-09, 3.51540935251e-10, 3.64013588152e-13],
        "max": [1.51716812979e-05, 1.51547146743e-06, 0.000135354552185, 0.000756474793889, 0.00954986829311, 0.0311577655375, 0.00213468167931, 0.00109482347034, 0.014725250192, 0.053466565907, 0.0167948845774, 0.025057176128, 0.0033678538166, 0.00439591147006, 0.00400019437075, 0.00505108013749, 0.0212603602558, 0.000428110855864, 0.000623272149824, 0.000498707289807, 0.000409475091146, 3.78031327273e-05, 0.000242243142566, 0.000568968942389, 0.000250784301898, 9.01548555703e-05, 4.60700948679e-06],
        "mean": [2.10230973607e-06, 3.20252411257e-07, 7.2110669862e-06, 3.47445493389e-05, 0.000211652135476, 0.000642586091999, 0.00028692217893, 0.00015556057042, 0.00095405918546, 0.00326827191748, 0.00141815841198, 0.00167250970844, 0.000226361473324, 0.000231412908761, 0.000169271748746, 0.000358854362275, 0.000391764158849, 1.94254917005e-05, 5.12143815286e-05, 3.73979601136e-05, 1.82857074833e-05, 3.65886853615e-06, 1.62780706887e-05, 3.8170535845e-05, 1.59409191838e-05, 3.6247731714e-06, 1.19476248983e-06],
        "median": [1.23448114664e-06, 2.57946169313e-07, 2.84207044388e-06, 1.08248632387e-05, 2.32121637964e-05, 0.000152756241732, 0.000112107387395, 6.67519125273e-05, 0.000220505316975, 0.000143349956488, 8.61086227815e-05, 8.34410748212e-05, 3.44177169609e-05, 1.87830464711e-05, 7.0441456046e-06, 4.23839082941e-05, 8.08414461062e-06, 2.69107567874e-06, 4.71998237117e-06, 4.23993105869e-06, 2.24180462283e-06, 4.64746932494e-07, 1.1401800748e-06, 7.28233828795e-07, 5.03939077134e-07, 1.92768027318e-07, 1.00100203326e-06],
        "min": [5.47622036606e-09, 9.06743391482e-09, 2.20858566991e-08, 8.50657215778e-08, 4.45027467322e-07, 2.29513887007e-07, 3.0979453669e-08, 5.02201586983e-08, 4.70444909695e-08, 1.2666161453e-08, 9.13271058778e-09, 1.26264936284e-08, 5.74034508816e-09, 6.70647937184e-09, 1.00803276837e-08, 2.15828706018e-07, 1.09811566062e-07, 1.63498174999e-08, 8.09086841969e-09, 2.8867868096e-08, 2.44658853177e-08, 1.55450248229e-08, 1.75372605327e-08, 1.11478639653e-08, 1.65848810241e-08, 5.37864996986e-09, 3.1257471278e-08],
        "var": [5.47304345941e-12, 6.5265176076e-14, 3.32416233428e-10, 1.00381845058e-08, 9.6121380011e-07, 8.6851132437e-06, 1.8581322081e-07, 4.31582236615e-08, 4.5072224566e-06, 6.41647129669e-05, 9.35786374612e-06, 1.29367017507e-05, 2.59876657083e-07, 3.71306271063e-07, 2.87645008257e-07, 7.60585976423e-07, 5.02171724293e-06, 2.41841568993e-09, 9.41953537392e-09, 5.43191047697e-09, 2.39782260714e-09, 5.39270572641e-11, 1.88790783007e-09, 1.02011323833e-08, 1.56582657951e-09, 1.10195783054e-10, 3.99482557494e-13]
    },
    "erbbands": {
        "dmean": [1.30145981529e-05, 7.43011551094e-05, 0.00280348816887, 0.0420629419386, 0.248108640313, 0.86446416378, 4.42078590393, 4.71817922592, 1.44918715954, 3.45677232742, 2.12309336662, 9.64981937408, 55.0210571289, 65.8135299683, 36.5499839783, 36.2890281677, 6.81370210648, 4.38079309464, 8.52032184601, 6.24300384521, 15.3382167816, 20.7266273499, 1.56626021862, 0.830760657787, 1.99552476406, 0.868394315243, 0.758634626865, 0.305029600859, 0.0902237743139, 0.167902573943, 0.425651490688, 0.511146605015, 0.531608521938, 0.248180791736, 0.0637347474694, 0.0289918687195, 0.00201606540941, 0.000262897054199, 4.57579772046e-05, 7.45832221583e-06],
        "dmean2": [2.05159485631e-05, 0.000100389232102, 0.00322795240209, 0.0504662282765, 0.366322815418, 0.938708364964, 6.33686161041, 7.41262483597, 2.16387152672, 6.47959375381, 3.58039498329, 16.5842151642, 96.2296905518, 123.553825378, 64.5367889404, 53.3841018677, 11.0360107422, 6.99503993988, 9.95003318787, 9.34512042999, 22.4948406219, 30.6514282227, 2.43990850449, 1.29373800755, 3.05248045921, 1.3605992794, 1.14208638668, 0.426064223051, 0.132178813219, 0.265449792147, 0.662737667561, 0.775918364525, 0.827418029308, 0.395255088806, 0.104915417731, 0.0515077188611, 0.003575732233, 0.000412828783737, 7.67186211306e-05, 1.203827469e-05],
        "dvar": [1.48882031703e-10, 2.35885160293e-08, 9.49942841544e-05, 0.0247864555568, 1.67944097519, 24.9260253906, 459.856842041, 571.283203125, 12.9372367859, 31.5321674347, 12.5202817917, 431.687835693, 24311.0820312, 49196.3125, 7076.46142578, 10370.8017578, 423.339080811, 91.1626434326, 636.027404785, 174.192459106, 3413.18139648, 12498.3769531, 38.419052124, 4.31069087982, 25.8865833282, 3.77764844894, 3.25100469589, 1.0489937067, 0.0461833700538, 0.159289598465, 1.42796647549, 2.35166025162, 1.76806473732, 0.411118030548, 0.0234527084976, 0.00863361824304, 3.21656661981e-05, 3.49830941104e-07, 6.00108140958e-09, 1.6941011094e-10],
        "dvar2": [3.92169130503e-10, 3.23711617511e-08, 0.00010222056153, 0.0218915082514, 4.03228521347, 43.4752922058, 1006.6260376, 1538.53845215, 23.3399677277, 95.5507888794, 30.481798172, 1302.24377441, 84549.9765625, 142742.21875, 19698.4355469, 20076.1484375, 866.480285645, 209.546295166, 963.107543945, 394.613098145, 7947.3515625, 29637.8007812, 98.0881271362, 10.8355035782, 60.9513130188, 9.32305335999, 8.04079151154, 2.35010290146, 0.107728637755, 0.329446732998, 2.53812384605, 5.65080833435, 4.57607841492, 1.18365943432, 0.0594534501433, 0.0259148292243, 9.36508076848e-05, 6.86271050654e-07, 1.46549741231e-08, 3.86052606549e-10],
        "max": [0.000113160029287, 0.0017169615021, 0.103268995881, 1.64187574387, 11.6101179123, 47.4646873474, 193.55015564, 193.534591675, 34.4675788879, 47.4108428955, 24.9273033142, 197.420272827, 1191.40136719, 2312.5456543, 703.992004395, 1188.50537109, 211.387405396, 85.4443130493, 356.078948975, 88.5501937866, 588.888000488, 1093.66186523, 61.4898033142, 15.1208400726, 38.8026618958, 14.0943984985, 15.4399967194, 11.5311441422, 1.46241247654, 3.53129577637, 9.27460479736, 13.7434434891, 8.46138381958, 3.87783455849, 0.921584546566, 0.769450902939, 0.0435664765537, 0.00516311451793, 0.000623037805781, 0.000128939718707],
        "mean": [2.09130885196e-05, 0.000133479348733, 0.00545421987772, 0.0834858939052, 0.263160049915, 0.87005418539, 4.18220949173, 4.13756322861, 3.19970679283, 5.27847099304, 3.80867767334, 15.9941062927, 76.7572937012, 102.708595276, 67.7876434326, 59.0426139832, 14.6226291656, 8.3864812851, 13.8116054535, 10.2502746582, 22.0445976257, 20.4370269775, 1.89263629913, 1.62048590183, 3.12996673584, 1.38912403584, 1.18130981922, 0.414511799812, 0.135447993875, 0.253730386496, 0.525703132153, 0.617910921574, 0.658229351044, 0.244346573949, 0.0733599960804, 0.0304009094834, 0.00273819710128, 0.000510025769472, 0.000151906962856, 3.32471572619e-05],
        "median": [1.682373113e-05, 7.97002649051e-05, 0.00218088366091, 0.0285229161382, 0.0264983847737, 0.0830017253757, 0.647414386272, 1.0365152359, 1.11987841129, 2.81244540215, 1.44532072544, 3.76879048347, 8.188788414, 5.06769037247, 3.76584553719, 2.46638464928, 1.64141261578, 1.17710721493, 0.537840604782, 0.861261248589, 2.44532060623, 0.789543807507, 0.169990137219, 0.197983264923, 0.298308581114, 0.189214169979, 0.145461127162, 0.0380141846836, 0.0142846424133, 0.0229071695358, 0.0293074529618, 0.0133733768016, 0.0177339110523, 0.0075612491928, 0.00309870997444, 0.0013479301706, 0.000249366537901, 0.000205749689485, 0.000114021953777, 2.20963156607e-05],
        "min": [3.64634843208e-07, 2.08437222682e-06, 2.34682611335e-05, 0.000173734137206, 0.000617999176029, 0.00166892074049, 0.00271559366956, 0.00139096484054, 0.000399764394388, 0.000792355742306, 0.00112733000424, 0.0010942859808, 0.000586188514717, 0.000464979995741, 0.000410157052102, 0.000481212133309, 0.000253918464296, 0.000251062068855, 0.000844147172756, 0.00346709485166, 0.0147333936766, 0.00786069594324, 0.00124488584697, 0.000630569586065, 0.000267916009761, 0.00142037670594, 0.00150513427798, 0.000266735907644, 0.000492865918204, 0.000408734893426, 0.000538294669241, 0.000222619011765, 0.000174790868186, 0.000172014057171, 0.000112877816719, 2.8893151466e-05, 7.72148268879e-06, 4.59072680314e-06, 1.89164541098e-06, 6.33051058685e-07],
        "var": [3.41522643499e-10, 4.95938827783e-08, 0.000198203037144, 0.05419639498, 1.44261574745, 23.3986873627, 353.974243164, 334.225616455, 30.6206874847, 59.2573127747, 25.5120105743, 880.093566895, 33104.984375, 81053.6328125, 19015.4609375, 22516.1074219, 1224.61291504, 275.585021973, 2072.19799805, 366.922119141, 4672.15087891, 12871.0380859, 41.187625885, 8.85545063019, 39.6671714783, 6.16361427307, 6.09572172165, 1.52653706074, 0.0721217691898, 0.313362151384, 2.15860915184, 3.13299560547, 2.76121997833, 0.396499633789, 0.0286060795188, 0.00786436162889, 4.36722730228e-05, 6.32198009498e-07, 1.14654383765e-08, 5.7492455241e-10]
    },
    "gfcc": {
        "mean": [-143.537475586, 69.1540145874, -147.149169922, -48.7252426147, -74.267074585, -11.4249000549, -41.435634613, -2.23315382004, -29.0290718079, -14.3511629105, -11.4816541672, -6.70837688446, 2.13774728775],
        "cov": [[9142.72265625, -1331.88342285, -2539.74829102, 231.108169556, -961.504211426, 1180.77416992, -586.356506348, 449.17388916, -843.317382812, -122.564414978, -140.174530029, -306.336700439, -108.075843811], [-1331.88342285, 1089.03344727, 343.155822754, -518.573852539, 210.726272583, -273.750396729, 361.7109375, -199.027740479, -92.2435836792, -26.9893360138, 215.822250366, -21.402015686, -98.6315612793], [-2539.74829102, 343.155822754, 972.06463623, 22.6715393066, 266.466918945, -325.621002197, 51.9260215759, -155.231658936, 270.382232666, 54.8388328552, 15.6656923294, 104.105262756, 39.2141914368], [231.108169556, -518.573852539, 22.6715393066, 485.473510742, -12.0879421234, 15.7032709122, -258.220825195, 27.5907611847, 119.838447571, -7.08332777023, -149.468048096, 49.5654449463, 74.5275344849], [-961.504211426, 210.726272583, 266.466918945, -12.0879421234, 168.65020752, -140.679000854, 48.3113861084, -64.6807250977, 96.1505432129, 3.28141379356, 12.9796409607, 33.409740448, 10.4592256546], [1180.77416992, -273.750396729, -325.621002197, 15.7032709122, -140.679000854, 253.118972778, -71.7410964966, 95.1759567261, -102.540809631, -2.24988174438, -22.2936019897, -53.7044944763, -18.3868751526], [-586.356506348, 361.7109375, 51.9260215759, -258.220825195, 48.3113861084, -71.7410964966, 283.237091064, -9.63353824615, -36.3315811157, -13.8806638718, 89.2646636963, -19.0041618347, -64.4026794434], [449.17388916, -199.027740479, -155.231658936, 27.5907611847, -64.6807250977, 95.1759567261, -9.63353824615, 103.375030518, 2.20508980751, 7.74542045593, -32.1715698242, -24.5455493927, -3.24182200432], [-843.317382812, -92.2435836792, 270.382232666, 119.838447571, 96.1505432129, -102.540809631, -36.3315811157, 2.20508980751, 197.191513062, 26.5423927307, -60.0863838196, 48.0802841187, 50.3457794189], [-122.564414978, -26.9893360138, 54.8388328552, -7.08332777023, 3.28141379356, -2.24988174438, -13.8806638718, 7.74542045593, 26.5423927307, 56.8394203186, 18.2399959564, -5.93472528458, -1.99612319469], [-140.174530029, 215.822250366, 15.6656923294, -149.468048096, 12.9796409607, -22.2936019897, 89.2646636963, -32.1715698242, -60.0863838196, 18.2399959564, 96.6448974609, -7.37383937836, -33.0991592407], [-306.336700439, -21.402015686, 104.105262756, 49.5654449463, 33.409740448, -53.7044944763, -19.0041618347, -24.5455493927, 48.0802841187, -5.93472528458, -7.37383937836, 69.1214904785, 43.0460662842], [-108.075843811, -98.6315612793, 39.2141914368, 74.5275344849, 10.4592256546, -18.3868751526, -64.4026794434, -3.24182200432, 50.3457794189, -1.99612319469, -33.0991592407, 43.0460662842, 78.322052002]],
        "icov": [[0.00173419888597, -0.00292944884859, 0.00259517901577, -0.001506546163, 0.00386230042204, -0.00301007530652, 0.00355019117706, -0.0030594789423, 0.00173418095801, -0.00120398483705, 0.0024810442701, -0.0024393950589, 0.00165210245177], [-0.00292944884859, 0.0155484108254, -0.00567263737321, 0.0089326351881, -0.0129773207009, 0.0106338616461, -0.00726220011711, 0.0117044057697, 0.000772799656261, 0.00962839554995, -0.0107213677838, 0.0112796826288, -0.0023610885255], [0.00259517901577, -0.00567263737321, 0.0074294959195, -0.00272977352142, 0.0058114323765, -0.00479327794164, 0.00507835578173, -0.00129312591162, -0.00193515443243, -0.0047840513289, 0.00458893645555, -0.00612789811566, 0.00396538339555], [-0.001506546163, 0.0089326351881, -0.00272977352142, 0.0115544740111, -0.00734645593911, 0.00707549974322, 0.00064750877209, 0.00568673480302, -0.00016338097339, 0.0056839492172, -0.000344663305441, 0.00277042621747, 0.00153362366837], [0.00386230042204, -0.0129773207009, 0.0058114323765, -0.00734645593911, 0.028813559562, -0.00792916025966, 0.00755840539932, -0.00479416688904, -0.00719253160059, -0.00264876335859, 0.00483756698668, -0.00728388782591, 0.00397894065827], [-0.00301007530652, 0.0106338616461, -0.00479327794164, 0.00707549974322, -0.00792916025966, 0.0205821245909, -0.00277691148221, -0.000172733445652, 0.003698711982, 0.00606113485992, -0.00680561503395, 0.00942269060761, -0.00177280197386], [0.00355019117706, -0.00726220011711, 0.00507835578173, 0.00064750877209, 0.00755840539932, -0.00277691148221, 0.0193060934544, -0.0145136555657, 0.00185210350901, 0.00424856971949, 9.65462095337e-05, -0.0067124501802, 0.00885551143438], [-0.0030594789423, 0.0117044057697, -0.00129312591162, 0.00568673480302, -0.00479416688904, -0.000172733445652, -0.0145136555657, 0.0398219525814, -0.012750483118, -0.000112649875518, -0.00223709782586, 0.0103758443147, -0.00238724518567], [0.00173418095801, 0.000772799656261, -0.00193515443243, -0.00016338097339, -0.00719253160059, 0.003698711982, 0.00185210350901, -0.012750483118, 0.0297543574125, -0.0109495911747, 0.0160246938467, -0.0050581600517, -0.00253869965672], [-0.00120398483705, 0.00962839554995, -0.0047840513289, 0.0056839492172, -0.00264876335859, 0.00606113485992, 0.00424856971949, -0.000112649875518, -0.0109495911747, 0.0427015796304, -0.0297747869045, 0.0165038313717, -0.000810814206488], [0.0024810442701, -0.0107213677838, 0.00458893645555, -0.000344663305441, 0.00483756698668, -0.00680561503395, 9.65462095337e-05, -0.00223709782586, 0.0160246938467, -0.0297747869045, 0.0499057359993, -0.0199166778475, 0.00667255464941], [-0.0024393950589, 0.0112796826288, -0.00612789811566, 0.00277042621747, -0.00728388782591, 0.00942269060761, -0.0067124501802, 0.0103758443147, -0.0050581600517, 0.0165038313717, -0.0199166778475, 0.041058819741, -0.0179457794875], [0.00165210245177, -0.0023610885255, 0.00396538339555, 0.00153362366837, 0.00397894065827, -0.00177280197386, 0.00885551143438, -0.00238724518567, -0.00253869965672, -0.000810814206488, 0.00667255464941, -0.0179457794875, 0.0291589684784]]
    },
    "melbands": {
        "dmean": [1.61574760682e-07, 8.93922617706e-07, 7.5285188359e-06, 4.0342889406e-05, 0.00012298321235, 0.000111969959107, 2.38801530941e-05, 3.43633364537e-05, 1.65079964063e-05, 9.27931250772e-05, 0.000273308542091, 0.00028405606281, 0.000130218933919, 0.000110690372821, 4.95300773764e-05, 8.84160726855e-06, 8.38971391204e-06, 1.56400019478e-05, 8.78585069586e-06, 1.39094381666e-05, 1.99291171157e-05, 2.96089256153e-05, 2.06337040254e-06, 4.60474865349e-07, 6.33111085335e-07, 1.65814515185e-06, 1.18146408568e-06, 5.35962840331e-07, 4.9059048024e-07, 4.40707367488e-07, 1.02108479894e-07, 5.4760771917e-08, 4.36939586734e-08, 1.27715821918e-07, 2.79037834616e-07, 1.71715811348e-07, 4.46984500968e-07, 4.05149762628e-07, 3.73845722379e-07, 1.66822417214e-07],
        "dmean2": [2.69616606374e-07, 1.03365971427e-06, 1.02314725154e-05, 4.83209369122e-05, 0.000171464314917, 0.000174929140485, 3.72501308448e-05, 6.40704965917e-05, 2.84260131593e-05, 0.000161886026035, 0.000471555278637, 0.000530898338184, 0.000233133934671, 0.000185905388207, 7.65832592151e-05, 1.30899434225e-05, 1.28968631543e-05, 2.12766990444e-05, 1.28866540763e-05, 2.34289691434e-05, 2.81381344394e-05, 4.36580521637e-05, 3.37247979587e-06, 6.82525183038e-07, 1.0343616168e-06, 2.4853056857e-06, 1.8606544927e-06, 8.2368802623e-07, 7.03077773778e-07, 6.61083277009e-07, 1.47820202301e-07, 8.3735244516e-08, 6.56788614606e-08, 2.0274057988e-07, 4.47395620995e-07, 2.60174374489e-07, 6.74464047279e-07, 5.88638613408e-07, 6.21372805654e-07, 2.68723084673e-07],
        "dvar": [2.61446849684e-14, 8.04561105239e-12, 1.01583041978e-09, 5.86189479179e-08, 3.63334095255e-07, 3.33012962983e-07, 2.37885688925e-09, 2.88226531531e-09, 7.12551795345e-10, 4.92746679015e-08, 5.66040284866e-07, 8.79762581008e-07, 9.24468110952e-08, 5.2906685255e-08, 3.6913373691e-08, 4.15826428846e-10, 3.51563417267e-10, 2.32760255514e-09, 7.68796248884e-10, 1.65337865621e-09, 7.69137464829e-09, 2.72265161527e-08, 4.77979496261e-11, 1.41926379503e-12, 2.52406472459e-12, 2.17973677302e-11, 1.00547296183e-11, 1.44920804957e-12, 1.03407516924e-12, 2.53747825703e-12, 7.04642643063e-14, 1.94626267007e-14, 8.50618098907e-15, 1.32566483832e-13, 7.64316181959e-13, 2.1992242825e-13, 2.06722811612e-12, 1.00281079014e-12, 1.4222737571e-12, 2.09887852541e-13],
        "dvar2": [7.05087572529e-14, 9.45421085169e-12, 1.14070775048e-09, 1.19324255365e-07, 7.80761865826e-07, 8.8352169314e-07, 4.17098400263e-09, 8.80485728771e-09, 1.57254675948e-09, 1.6200252162e-07, 1.97704548555e-06, 2.5803749395e-06, 2.7003468972e-07, 1.18174909858e-07, 6.5697939533e-08, 1.02734631913e-09, 7.90842891174e-10, 4.34228919488e-09, 1.52515766683e-09, 4.31219193686e-09, 1.76655365891e-08, 6.40709458821e-08, 1.31100158507e-10, 2.9977481001e-12, 6.53955535557e-12, 4.70267193242e-11, 2.52996634059e-11, 3.51474687028e-12, 2.32006514694e-12, 6.07004203845e-12, 1.45684218812e-13, 4.72889617547e-14, 2.14511703756e-14, 2.61791239728e-13, 1.34458373255e-12, 4.34702729542e-13, 5.15332785125e-12, 2.1292236637e-12, 4.26187817676e-12, 5.43608235683e-13],
        "max": [1.35636571486e-06, 3.06122346956e-05, 0.000306067464408, 0.00224620709196, 0.00548887671903, 0.00472173746675, 0.000442448537797, 0.000433017557953, 0.000198111898499, 0.00193194963504, 0.00582845695317, 0.00977431144565, 0.00233626528643, 0.00194548664149, 0.00223471038043, 0.000218769870116, 0.000159775256179, 0.000663622224238, 0.000279665342532, 0.000375521805836, 0.00089704815764, 0.00161226897035, 4.8659308959e-05, 1.09298052848e-05, 1.20630493257e-05, 3.68894980056e-05, 2.87871571345e-05, 8.57011673361e-06, 8.78702394402e-06, 1.68535752891e-05, 2.76574746749e-06, 9.02821170712e-07, 5.4907076219e-07, 3.65189930562e-06, 6.41657834421e-06, 3.3584767607e-06, 1.30674852699e-05, 9.82306210062e-06, 8.06103616924e-06, 3.81963445761e-06],
        "mean": [2.17418275383e-07, 1.65884989656e-06, 1.60280560522e-05, 3.8010381104e-05, 0.000117129588034, 9.94923466351e-05, 5.26010881003e-05, 5.22491027368e-05, 2.90231364488e-05, 0.000132166722324, 0.000382970727514, 0.000422572571551, 0.0002088247129, 0.000200039663468, 8.38550695335e-05, 1.65158835443e-05, 1.47989949255e-05, 2.41056295636e-05, 1.21153034343e-05, 2.235307511e-05, 2.66827719315e-05, 2.88040300802e-05, 2.10972166315e-06, 7.56113479383e-07, 1.17066224448e-06, 2.575975941e-06, 1.63247602813e-06, 7.91986849435e-07, 8.01578551091e-07, 5.27834515651e-07, 1.45077379443e-07, 7.52470725729e-08, 5.80460906008e-08, 1.93603241883e-07, 3.53933160113e-07, 2.02864399057e-07, 4.93527295475e-07, 5.55125666324e-07, 3.18075194627e-07, 1.67920845229e-07],
        "median": [1.69099408254e-07, 6.90333308739e-07, 4.6433569878e-06, 2.78722768599e-06, 1.77721121872e-05, 2.63691454165e-05, 1.99809910555e-05, 2.72847191809e-05, 1.05399694803e-05, 2.8562883017e-05, 4.09457061323e-05, 1.90767223103e-05, 1.30804737637e-05, 1.02795966086e-05, 4.2431061047e-06, 2.53791222349e-06, 2.03201284421e-06, 7.85418023952e-07, 5.38602989764e-07, 1.66674908542e-06, 2.1803512027e-06, 7.07258664079e-07, 1.39407760003e-07, 9.18411302564e-08, 1.28038294633e-07, 2.33703048025e-07, 1.78041474896e-07, 8.41395291218e-08, 8.70807141951e-08, 4.97837469027e-08, 1.39584050984e-08, 7.7644646268e-09, 6.99289026684e-09, 1.50160008872e-08, 2.1967682784e-08, 8.11994471661e-09, 7.16089587627e-09, 1.30744064464e-08, 9.09666297844e-09, 5.21247667251e-09],
        "min": [3.13774850547e-09, 8.63873506063e-09, 4.04053999148e-08, 7.90266483364e-08, 9.5404864453e-08, 3.29406333321e-08, 5.99099614362e-09, 9.2695771059e-09, 8.91557849769e-09, 6.87263179699e-09, 2.76161937762e-09, 1.83545678656e-09, 1.28232413577e-09, 1.62883573296e-09, 7.15134174101e-10, 5.23042609224e-10, 4.08761274828e-10, 1.36811295626e-09, 5.40146427586e-10, 1.24821220027e-08, 1.6631449995e-08, 9.82108616654e-09, 1.41616396387e-09, 7.11366909822e-10, 4.9318382711e-10, 2.48920273282e-10, 1.66929900458e-10, 1.15106368881e-09, 9.10207853533e-10, 4.22322760096e-10, 6.35870800458e-11, 1.08267464438e-10, 2.25856000569e-10, 2.31256319649e-10, 3.07654651754e-10, 9.79913789001e-11, 1.48090151253e-10, 1.47468662282e-10, 6.13443532083e-11, 2.03932357112e-10],
        "var": [3.12616042265e-14, 1.67170201293e-11, 2.31391594774e-09, 4.84796025546e-08, 2.86655932769e-07, 1.98496508119e-07, 6.86183643239e-09, 5.39127942289e-09, 1.54353285708e-09, 7.78671136459e-08, 7.88549755271e-07, 1.4025766859e-06, 1.92125966691e-07, 1.38582791465e-07, 8.11647851151e-08, 1.13708320537e-09, 9.47502520887e-10, 6.76653844067e-09, 1.39093370155e-09, 3.16287196434e-09, 9.5228731567e-09, 2.8221366577e-08, 4.36509439705e-11, 2.72946032095e-12, 4.81669391872e-12, 2.93009123908e-11, 1.4210125264e-11, 2.50167898549e-12, 2.62690628798e-12, 3.21071251183e-12, 1.21657878541e-13, 2.43893497927e-14, 1.30274209389e-14, 2.60489356864e-13, 1.15126809995e-12, 2.9797892669e-13, 2.61890834539e-12, 2.42077386782e-12, 9.93325864271e-13, 2.16157495549e-13]
    },
    "mfcc": {
        "mean": [-789.998046875, 135.009994507, -31.6433944702, -37.1309967041, -24.1837463379, -26.5842723846, -6.61335706711, -8.92104721069, -7.29899024963, -6.0669631958, -24.3234786987, -3.31679844856, 3.07752609253],
        "cov": [[11137.1865234, -2076.12207031, -1707.23034668, -1226.43859863, -245.52482605, -147.095779419, 493.467132568, 25.5683403015, -190.097610474, 83.7630233765, -350.033508301, -498.792663574, -91.9287033081], [-2076.12207031, 1521.87426758, 94.80909729, -48.5433998108, -246.616928101, -3.46702623367, 211.946472168, -18.0834312439, -226.662185669, -13.153263092, 304.003845215, -170.095977783, -101.086250305], [-1707.23034668, 94.80909729, 524.483642578, 258.139831543, 158.713226318, 46.6794090271, -179.932388306, -34.7043991089, 70.5626144409, -39.546169281, -30.5692768097, 174.51083374, 23.7349796295], [-1226.43859863, -48.5433998108, 258.139831543, 388.540588379, 160.794296265, 24.5258083344, -185.342880249, -20.8114757538, 81.9956359863, -66.2917633057, -58.9993362427, 174.661712646, 34.2210083008], [-245.52482605, -246.616928101, 158.713226318, 160.794296265, 226.833496094, 36.3737754822, -156.672439575, -50.0887565613, 82.5540084839, -39.2724342346, -94.5985488892, 131.562667847, 18.5810966492], [-147.095779419, -3.46702623367, 46.6794090271, 24.5258083344, 36.3737754822, 44.8621826172, -12.4956626892, -5.28550100327, 0.091144181788, -10.9889087677, -1.94106698036, 8.95589637756, 7.13708019257], [493.467132568, 211.946472168, -179.932388306, -185.342880249, -156.672439575, -12.4956626892, 205.641021729, 37.1280784607, -108.287712097, 43.480266571, 101.738052368, -155.653427124, -24.4678783417], [25.5683403015, -18.0834312439, -34.7043991089, -20.8114757538, -50.0887565613, -5.28550100327, 37.1280784607, 85.1795654297, 20.0753421783, 8.12659645081, 20.9376564026, -19.1494159698, -4.44619703293], [-190.097610474, -226.662185669, 70.5626144409, 81.9956359863, 82.5540084839, 0.091144181788, -108.287712097, 20.0753421783, 144.353302002, 8.86084651947, -75.8595428467, 107.940719604, 26.2230968475], [83.7630233765, -13.153263092, -39.546169281, -66.2917633057, -39.2724342346, -10.9889087677, 43.480266571, 8.12659645081, 8.86084651947, 81.1806793213, 42.7672576904, -18.6359424591, -4.11853265762], [-350.033508301, 304.003845215, -30.5692768097, -58.9993362427, -94.5985488892, -1.94106698036, 101.738052368, 20.9376564026, -75.8595428467, 42.7672576904, 155.374694824, -87.0670623779, -35.8756523132], [-498.792663574, -170.095977783, 174.51083374, 174.661712646, 131.562667847, 8.95589637756, -155.653427124, -19.1494159698, 107.940719604, -18.6359424591, -87.0670623779, 211.250518799, 38.1897697449], [-91.9287033081, -101.086250305, 23.7349796295, 34.2210083008, 18.5810966492, 7.13708019257, -24.4678783417, -4.44619703293, 26.2230968475, -4.11853265762, -35.8756523132, 38.1897697449, 64.9454269409]],
