{
"lowlevel": {
    "average_loudness": 0.985009908676,
    "barkbands_crest": {
        "dmean": 3.10156321526,
        "dmean2": 4.47934532166,
        "dvar": 6.63286018372,
        "dvar2": 13.902970314,
        "max": 26.5006141663,
        "mean": 16.3178863525,
        "median": 15.4267883301,
        "min": 4.50711297989,
        "var": 39.1529273987
    },
    "barkbands_flatness_db": {
        "dmean": 0.0406220778823,
        "dmean2": 0.0609049275517,
        "dvar": 0.000989297172055,
        "dvar2": 0.00227534258738,
        "max": 0.444834262133,
        "mean": 0.246903285384,
        "median": 0.25558757782,
        "min": 0.0748892948031,
        "var": 0.00675313500687
    },
    "barkbands_kurtosis": {
        "dmean": 16.0722541809,
        "dmean2": 26.2457008362,
        "dvar": 903.961730957,
        "dvar2": 2142.18310547,
        "max": 279.452636719,
        "mean": 20.86469841,
        "median": 11.9577054977,
        "min": -1.69340658188,
        "var": 1154.3079834
    },
    "barkbands_skewness": {
        "dmean": 1.41799485683,
        "dmean2": 1.98578417301,
        "dvar": 2.04008197784,
        "dvar2": 4.40442276001,
        "max": 5.24519348145,
        "mean": -1.48547887802,
        "median": -2.05091714859,
        "min": -14.9687633514,
        "var": 13.0925416946
    },
    "barkbands_spread": {
        "dmean": 4.66451311111,
        "dmean2": 7.06493997574,
        "dvar": 19.7754592896,
        "dvar2": 44.5227775574,
        "max": 31.5013656616,
        "mean": 10.7013711929,
        "median": 7.15458917618,
        "min": 0.520155072212,
        "var": 77.0403060913
    },
    "dissonance": {
        "dmean": 0.0157358944416,
        "dmean2": 0.0253819152713,
        "dvar": 0.0005727855023,
        "dvar2": 0.00145554239862,
        "max": 0.499596655369,
        "mean": 0.478402704,
        "median": 0.492732554674,
        "min": 0.371292233467,
        "var": 0.000891405739821
    },
    "dynamic_complexity": 6.58997583389,
    "erbbands_crest": {
        "dmean": 3.45822238922,
        "dmean2": 5.57089662552,
        "dvar": 11.806804657,
        "dvar2": 26.1840076447,
        "max": 35.0655021667,
        "mean": 19.7860031128,
        "median": 18.5124225616,
        "min": 6.54792451859,
        "var": 79.0348739624
    },
    "erbbands_flatness_db": {
        "dmean": 0.0385218411684,
        "dmean2": 0.0540707670152,
        "dvar": 0.000981730059721,
        "dvar2": 0.00186126504559,
        "max": 0.514125168324,
        "mean": 0.310386270285,
        "median": 0.341943860054,
        "min": 0.116095408797,
        "var": 0.0122345583513
    },
    "erbbands_kurtosis": {
        "dmean": 18.7487792969,
        "dmean2": 29.1457958221,
        "dvar": 1062.75354004,
        "dvar2": 2546.01025391,
        "max": 238.526428223,
        "mean": 31.1261825562,
        "median": 18.3373985291,
        "min": -1.57683420181,
        "var": 1709.69506836
    },
    "erbbands_skewness": {
        "dmean": 1.35194253922,
        "dmean2": 1.94317746162,
        "dvar": 2.07490921021,
        "dvar2": 5.02256298065,
        "max": 2.86568117142,
        "mean": -1.77396202087,
        "median": -1.43702566624,
        "min": -11.9823656082,
        "var": 9.06109237671
    },
    "erbbands_spread": {
        "dmean": 5.99998283386,
        "dmean2": 9.97321128845,
        "dvar": 75.7072677612,
        "dvar2": 190.308441162,
        "max": 61.0906944275,
        "mean": 12.7143688202,
        "median": 5.41990613937,
        "min": 0.509912967682,
        "var": 233.678848267
    },
    "hfc": {
        "dmean": 4.8968091011,
        "dmean2": 6.80558395386,
        "dvar": 80.7286224365,
        "dvar2": 169.108596802,
        "max": 79.8141326904,
        "mean": 9.82095623016,
        "median": 2.51711702347,
        "min": 0.00515372585505,
        "var": 288.569335938
    },
    "melbands_crest": {
        "dmean": 4.47631835938,
        "dmean2": 7.05909585953,
        "dvar": 14.4416818619,
        "dvar2": 36.1867828369,
        "max": 33.7058410645,
        "mean": 18.7286529541,
        "median": 16.9258441925,
        "min": 6.91009616852,
        "var": 47.9742012024
    },
    "melbands_flatness_db": {
        "dmean": 0.0390413664281,
        "dmean2": 0.0604523271322,
        "dvar": 0.00101052119862,
        "dvar2": 0.00266608106904,
        "max": 0.43483620882,
        "mean": 0.288202673197,
        "median": 0.289194643497,
        "min": 0.141245439649,
        "var": 0.00592476129532
    },
    "melbands_kurtosis": {
        "dmean": 9.27144813538,
        "dmean2": 14.9918766022,
        "dvar": 117.126899719,
        "dvar2": 275.211730957,
        "max": 81.217124939,
        "mean": 11.2928762436,
        "median": 5.79128456116,
        "min": -1.9229644537,
        "var": 229.767745972
    },
    "melbands_skewness": {
        "dmean": 1.23372995853,
        "dmean2": 1.76746416092,
        "dvar": 1.05128550529,
        "dvar2": 2.27326607704,
        "max": 5.71115732193,
        "mean": -0.279733121395,
        "median": -0.679067134857,
        "min": -8.42687129974,
        "var": 8.36823272705
    },
    "melbands_spread": {
        "dmean": 12.424290657,
        "dmean2": 20.5608901978,
        "dvar": 178.701599121,
        "dvar2": 461.301849365,
        "max": 77.7614059448,
        "mean": 28.0193862915,
        "median": 20.8447360992,
        "min": 1.43221604824,
        "var": 433.527435303
    },
    "pitch_salience": {
        "dmean": 0.0889950543642,
        "dmean2": 0.13555406034,
        "dvar": 0.00552636198699,
        "dvar2": 0.0123715559021,
        "max": 0.78553044796,
        "mean": 0.468768328428,
        "median": 0.520534574986,
        "min": 0.108897291124,
        "var": 0.028798000887
    },
    "silence_rate_20dB": {
        "dmean": 0,
        "dmean2": 0,
        "dvar": 0,
        "dvar2": 0,
        "max": 1,
        "mean": 1,
        "median": 1,
        "min": 1,
        "var": 0
    },
    "silence_rate_30dB": {
        "dmean": 0,
        "dmean2": 0,
        "dvar": 0,
        "dvar2": 0,
        "max": 1,
        "mean": 1,
        "median": 1,
        "min": 1,
        "var": 0
    },
    "silence_rate_60dB": {
        "dmean": 0.111111111939,
        "dmean2": 0.224719107151,
        "dvar": 0.0987654551864,
        "dvar2": 0.19669252634,
        "max": 1,
        "mean": 0.648351669312,
        "median": 1,
        "min": 0,
        "var": 0.227991893888
    },
    "spectral_centroid": {
        "dmean": 186.804107666,
        "dmean2": 268.9503479,
        "dvar": 62117.59375,
        "dvar2": 127570.898438,
        "max": 2980.46948242,
        "mean": 1748.22753906,
        "median": 1908.97692871,
        "min": 212.008972168,
        "var": 666801.875
    },
    "spectral_complexity": {
        "dmean": 1.34444439411,
        "dmean2": 2.23595499992,
        "dvar": 1.4924697876,
        "dvar2": 4.02297687531,
        "max": 10,
        "mean": 3.5824174881,
        "median": 3,
        "min": 0,
        "var": 5.75969171524
    },
    "spectral_decrease": {
        "dmean": 3.78190090355e-10,
        "dmean2": 5.17017317847e-10,
        "dvar": 3.84747914184e-19,
        "dvar2": 7.02727308588e-19,
        "max": -9.00266027091e-13,
        "mean": -8.68210392468e-10,
        "median": -3.32063682107e-10,
        "min": -5.68304425741e-09,
        "var": 1.65662873396e-18
    },
    "spectral_energy": {
        "dmean": 0.00185433705337,
        "dmean2": 0.00253681023605,
        "dvar": 9.81157791102e-06,
        "dvar2": 1.8587201339e-05,
        "max": 0.0279561374336,
        "mean": 0.00416760938242,
        "median": 0.00150216708425,
        "min": 3.86526699003e-06,
        "var": 4.07213665312e-05
    },
    "spectral_energyband_high": {
        "dmean": 4.85474774905e-05,
        "dmean2": 6.40385114821e-05,
        "dvar": 2.45441675872e-08,
        "dvar2": 5.34511066519e-08,
        "max": 0.00182753440458,
        "mean": 8.71085649123e-05,
        "median": 2.72585270977e-06,
        "min": 5.94196158943e-08,
        "var": 6.60975700839e-08
    },
    "spectral_energyband_low": {
        "dmean": 2.78502466244e-05,
        "dmean2": 4.74902408314e-05,
        "dvar": 1.44127487722e-09,
        "dvar2": 3.68186992006e-09,
        "max": 0.000285749789327,
        "mean": 4.43285098299e-05,
        "median": 1.52628053911e-05,
        "min": 5.04784281929e-07,
        "var": 4.81839590449e-09
    },
    "spectral_energyband_middle_high": {
        "dmean": 0.0018231603317,
        "dmean2": 0.00255595706403,
        "dvar": 9.60972283792e-06,
        "dvar2": 1.97200879484e-05,
        "max": 0.0251132342964,
        "mean": 0.0037627350539,
        "median": 0.00136580306571,
        "min": 1.22020662729e-06,
        "var": 3.49508372892e-05
    },
    "spectral_energyband_middle_low": {
        "dmean": 0.00018510290829,
        "dmean2": 0.000320551422192,
        "dvar": 1.44837613902e-07,
        "dvar2": 3.802911408e-07,
        "max": 0.00320342881605,
        "mean": 0.000294426601613,
        "median": 0.000148826409713,
        "min": 1.19915341656e-06,
        "var": 2.07780061601e-07
    },
    "spectral_entropy": {
        "dmean": 0.377145886421,
        "dmean2": 0.555126905441,
        "dvar": 0.117515295744,
        "dvar2": 0.330459237099,
        "max": 7.78125095367,
        "mean": 6.32551527023,
        "median": 6.261282444,
        "min": 4.94486236572,
        "var": 0.573268592358
    },
    "spectral_flux": {
        "dmean": 0.00947551522404,
        "dmean2": 0.0146657992154,
        "dvar": 0.000107628628029,
        "dvar2": 0.000200167531148,
        "max": 0.103927798569,
        "mean": 0.0277354996651,
        "median": 0.0188455563039,
        "min": 0.00594820315018,
        "var": 0.000497700762935
    },
    "spectral_kurtosis": {
        "dmean": 7.64593029022,
        "dmean2": 13.2982358932,
        "dvar": 49.4511032104,
        "dvar2": 127.196617126,
        "max": 44.5721588135,
        "mean": 15.8094348907,
        "median": 12.9023838043,
        "min": 1.32207679749,
        "var": 105.288063049
    },
    "spectral_rms": {
        "dmean": 0.000398450647481,
        "dmean2": 0.000501488742884,
        "dvar": 1.83893021699e-07,
        "dvar2": 3.12426209348e-07,
        "max": 0.00522247841582,
        "mean": 0.001587498351,
        "median": 0.00121059024241,
        "min": 6.14084055996e-05,
        "var": 1.54580891376e-06
    },
    "spectral_rolloff": {
        "dmean": 193.798828125,
        "dmean2": 328.562805176,
        "dvar": 162339.078125,
        "dvar2": 401270.125,
        "max": 3014.6484375,
        "mean": 1839.07800293,
        "median": 2045.65429688,
        "min": 215.33203125,
        "var": 762847.8125
    },
    "spectral_skewness": {
        "dmean": 0.659284591675,
        "dmean2": 1.12117350101,
        "dvar": 0.289056360722,
        "dvar2": 0.803062260151,
        "max": 4.61713266373,
        "mean": 2.60028839111,
        "median": 2.5106742382,
        "min": 1.19707894325,
        "var": 0.647179961205
    },
    "spectral_spread": {
        "dmean": 674205.625,
        "dmean2": 1064868.625,
        "dvar": 457516482560,
        "dvar2": 1.14861067469e+12,
        "max": 6853092.5,
        "mean": 3084943,
        "median": 2798105.75,
        "min": 1076759.5,
        "var": 1.90309584077e+12
    },
    "spectral_strongpeak": {
        "dmean": 1.31768596172,
        "dmean2": 1.9469025135,
        "dvar": 3.48219227791,
        "dvar2": 8.10123443604,
        "max": 16.5135478973,
        "mean": 3.07411670685,
        "median": 2.12939524651,
        "min": 0.00127756653819,
        "var": 12.758181572
    },
    "zerocrossingrate": {
        "dmean": 0.00620659720153,
        "dmean2": 0.00662197172642,
        "dvar": 6.33093732176e-05,
        "dvar2": 5.29661992914e-05,
        "max": 0.13525390625,
        "mean": 0.0789942443371,
        "median": 0.083984375,
        "min": 0.0048828125,
        "var": 0.00109978416003
    },
    "barkbands": {
        "dmean": [5.76903948968e-06, 7.28825227725e-07, 1.16154096759e-05, 3.75406089006e-05, 0.000116348041047, 6.27233675914e-05, 1.18344105431e-05, 5.96149948251e-06, 2.02143451133e-06, 1.7871474256e-06, 1.09803750092e-06, 1.51428025674e-06, 2.78718880509e-06, 1.25258202388e-05, 0.00033841986442, 0.000397043128032, 0.000621480809059, 0.000715753005352, 8.33864214655e-06, 3.23529684465e-06, 1.28507972477e-05, 2.79743799183e-05, 1.75691384356e-05, 1.27005296235e-05, 3.63607091458e-06, 1.3357966111e-07, 4.2868698813e-08],
        "dmean2": [1.07482828753e-05, 1.28500846586e-06, 1.75265558937e-05, 6.84442347847e-05, 0.000217368200538, 0.000107265819679, 2.18533077714e-05, 1.01831883512e-05, 3.47991726812e-06, 3.08243943437e-06, 2.0326244794e-06, 2.36700725509e-06, 4.8307661018e-06, 1.9545237592e-05, 0.000421579665272, 0.000441692653112, 0.000859824649524, 0.00106913025957, 1.12013567559e-05, 5.22979507878e-06, 1.74952092493e-05, 4.26732258347e-05, 3.30236980517e-05, 2.29402248806e-05, 6.73059685141e-06, 2.26983885909e-07, 7.68486501102e-08],
        "dvar": [2.22014438084e-11, 3.01733941652e-12, 4.43024977814e-10, 2.97718827369e-09, 8.5629508817e-08, 1.25632597658e-08, 4.7093556832e-10, 1.4265057191e-10, 9.72523363924e-12, 9.38139843587e-12, 8.09587553247e-12, 9.99914387401e-12, 1.18161216922e-10, 1.02116159972e-09, 4.16121395119e-07, 1.22439553252e-06, 3.27920656673e-06, 6.12809981249e-06, 2.97167679353e-10, 6.99886537614e-11, 1.38351463619e-09, 9.23877685466e-09, 1.04163051518e-08, 3.90558518859e-09, 3.299171214e-10, 2.25283645363e-13, 5.52679087798e-15],
        "dvar2": [7.69807551038e-11, 7.29202115357e-12, 1.07159037199e-09, 7.44827177712e-09, 2.47049570135e-07, 2.59897543486e-08, 1.35285471714e-09, 3.81332687649e-10, 3.00327297753e-11, 2.2891473439e-11, 2.31975862131e-11, 2.20185085442e-11, 3.35896616077e-10, 1.76655057249e-09, 7.76316710471e-07, 2.21984942073e-06, 3.81554173146e-06, 1.38916557262e-05, 4.15437739765e-10, 1.85618853621e-10, 1.8925345735e-09, 2.32675034795e-08, 2.9969282167e-08, 1.10101074924e-08, 9.63849555724e-10, 5.87898219689e-13, 1.49668943011e-14],
        "max": [2.59448243014e-05, 1.28656238303e-05, 0.000172223430127, 0.000305533583742, 0.00197049137205, 0.00106292252894, 0.000146217294969, 0.00010527062841, 2.54224178207e-05, 2.42491223617e-05, 2.57265255641e-05, 3.13327618642e-05, 9.38730299822e-05, 0.000256776052993, 0.0055402261205, 0.0131040560082, 0.0218483321369, 0.0238101053983, 0.000196641354705, 6.18200210738e-05, 0.0003695411433, 0.000985053018667, 0.000743955606595, 0.000488996389322, 0.000135786292958, 4.0388990783e-06, 7.64281764987e-07],
        "mean": [5.08239145347e-06, 8.10049925803e-07, 1.7961490812e-05, 4.26423466706e-05, 0.00013149244478, 8.98156431504e-05, 1.73791286215e-05, 8.81732194102e-06, 3.21838001582e-06, 2.44055672738e-06, 1.63992058333e-06, 2.15553768612e-06, 3.29058502757e-06, 2.05953219847e-05, 0.000591618125327, 0.000608535250649, 0.00159213156439, 0.00092091911938, 1.68335009221e-05, 4.28847670264e-06, 1.80821425602e-05, 4.32581473433e-05, 1.063135187e-05, 1.05590115709e-05, 2.97511860481e-06, 1.66627444287e-07, 1.85740759662e-07],
        "median": [2.83015083369e-06, 2.87882784278e-07, 4.01560191676e-06, 1.34071233333e-05, 4.19950629293e-05, 4.87064717163e-05, 4.97118435305e-06, 2.17536035052e-06, 1.15662248845e-06, 7.62588570069e-07, 3.16479798812e-07, 9.29335840283e-07, 6.40588268652e-07, 8.76397962202e-07, 8.9127515821e-06, 1.42856933962e-05, 3.71812870981e-06, 6.36999800463e-07, 1.43406452935e-06, 1.07678999939e-06, 5.64780123113e-07, 2.90348623366e-07, 1.9384744121e-07, 3.10082327815e-07, 2.06305173833e-07, 4.57536089016e-08, 1.69951661633e-07],
        "min": [9.97857156904e-08, 1.72775020957e-08, 1.00027364169e-08, 2.12237949881e-07, 2.23248250109e-07, 4.30664528039e-07, 4.21919885696e-08, 5.68787470456e-08, 7.11915646434e-08, 3.76187045958e-08, 5.85943098486e-08, 2.67318043257e-08, 6.12285546708e-08, 2.26610072929e-08, 4.79355826144e-08, 2.46344242782e-08, 1.75773564592e-08, 2.20813340945e-08, 1.02381516598e-08, 9.18048836951e-09, 9.27829280073e-09, 8.44414760337e-09, 8.49757153532e-09, 3.05821190594e-09, 6.56078613659e-09, 3.74619357757e-09, 5.23579846146e-09],
        "var": [2.41594418082e-11, 2.88824346384e-12, 9.58165768949e-10, 4.48169368283e-09, 8.6703060731e-08, 2.07538413122e-08, 7.53128504005e-10, 2.66733884979e-10, 1.90321491206e-11, 1.7359660584e-11, 1.14655611394e-11, 1.87098773974e-11, 1.15751852547e-10, 2.30910490728e-09, 1.25962139919e-06, 3.37770643455e-06, 2.10048074223e-05, 8.65392848937e-06, 1.49023549056e-09, 9.09212635736e-11, 3.42603301284e-09, 2.06374881628e-08, 6.12311268355e-09, 2.75745026812e-09, 2.08882036667e-10, 2.28675016206e-13, 6.03526729732e-15]
    },
    "erbbands": {
        "dmean": [2.58908894466e-05, 0.000295203761198, 0.00792662985623, 0.0737857148051, 0.204800873995, 0.575796604156, 0.377028405666, 0.64799618721, 0.262048631907, 0.166600078344, 0.0840709283948, 0.0437982566655, 0.0606381557882, 0.0311216935515, 0.044612467289, 0.0664213523269, 0.134427517653, 0.856849491596, 13.755771637, 11.8422784805, 37.0944023132, 22.1246471405, 38.386516571, 15.7918834686, 0.807307839394, 0.16378813982, 0.552606284618, 0.871604323387, 0.605668962002, 0.241498708725, 0.571937859058, 0.359679043293, 0.164209380746, 0.0664895176888, 0.0144579326734, 0.00134756113403, 0.000151151267346, 3.41089144058e-05, 7.27328961148e-06, 3.16998557537e-06],
        "dmean2": [4.49318977189e-05, 0.000489447324071, 0.0127250598744, 0.128936246037, 0.3641525805, 1.1040340662, 0.625459969044, 1.06243026257, 0.463288396597, 0.292434126139, 0.14800336957, 0.0745010301471, 0.101757347584, 0.0517612881958, 0.0776394307613, 0.101417154074, 0.223253697157, 1.13774251938, 17.1161441803, 16.1266670227, 42.9757843018, 29.6195716858, 51.5015296936, 25.309381485, 1.19845318794, 0.266024202108, 0.751810073853, 1.3275834322, 0.917228639126, 0.429644137621, 1.06915843487, 0.637766122818, 0.311877369881, 0.125676825643, 0.0258339382708, 0.00234854500741, 0.000236614621826, 5.71761738684e-05, 1.27842049551e-05, 4.67354402645e-06],
        "dvar": [6.20933859885e-10, 4.09542622037e-07, 0.000174165616045, 0.00991028454155, 0.174077242613, 2.67686319351, 0.324375599623, 1.6907132864, 0.189508020878, 0.10768533498, 0.0300009995699, 0.00420236587524, 0.00992371421307, 0.00313327042386, 0.00920556858182, 0.0225271414965, 0.232159808278, 2.27978301048, 712.486450195, 811.518310547, 7998.91308594, 3265.25585938, 8701.93359375, 5613.30859375, 4.40664482117, 0.182793274522, 2.13841080666, 9.74500846863, 3.57837343216, 1.24243998528, 11.2695398331, 2.93695402145, 0.811392307281, 0.136114165187, 0.00328537798487, 2.35639763559e-05, 3.17746838618e-07, 5.91174087461e-09, 2.30208685448e-10, 2.51873851637e-11],
        "dvar2": [1.29735044929e-09, 1.09700351913e-06, 0.000440051255282, 0.0254657641053, 0.544314742088, 7.88467359543, 0.685940861702, 4.07961320877, 0.475443065166, 0.268357127905, 0.0825350955129, 0.0120747238398, 0.0276800114661, 0.00681158807129, 0.0238123610616, 0.0414192043245, 0.649959385395, 3.82518196106, 1287.78271484, 1579.36987305, 13978.6914062, 3965.93212891, 17025.8242188, 13890.4648438, 10.3005371094, 0.497017890215, 3.24214935303, 26.4677505493, 8.8550863266, 3.4717040062, 32.300491333, 8.11922073364, 2.38396024704, 0.400186598301, 0.00930170249194, 6.60705918563e-05, 7.92213597833e-07, 1.52874264359e-08, 6.17683126869e-10, 4.79337403103e-11],
        "max": [0.000220881847781, 0.00502648204565, 0.10664639622, 0.672177493572, 3.06795763969, 11.3711585999, 5.6542468071, 12.2015485764, 3.42053723335, 2.83820843697, 1.47493636608, 0.512130737305, 0.731949210167, 0.522136688232, 0.880734443665, 1.6158490181, 4.20218753815, 17.3970108032, 258.231536865, 276.64956665, 894.920898438, 711.444519043, 788.7890625, 648.627258301, 17.5038948059, 3.46175599098, 13.7608699799, 34.8563308716, 20.1457557678, 8.57307910919, 24.6373519897, 13.8632287979, 6.49695301056, 2.68702602386, 0.452256500721, 0.0392238013446, 0.00505764782429, 0.00067936204141, 0.000161340285558, 5.47155468666e-05],
        "mean": [3.72394024453e-05, 0.000404978811275, 0.0128942048177, 0.101423054934, 0.242229983211, 0.556346595287, 0.468636572361, 0.84149813652, 0.370408117771, 0.244262650609, 0.148178875446, 0.0755406618118, 0.0921900719404, 0.0565843582153, 0.0733751282096, 0.1001964733, 0.18038611114, 1.7168405056, 26.4626941681, 18.9043903351, 57.40259552, 57.0810012817, 68.1420974731, 13.9580497742, 1.24399161339, 0.237545326352, 0.705239951611, 1.75825870037, 0.970113575459, 0.187948212028, 0.355305761099, 0.322173625231, 0.107679463923, 0.0466422140598, 0.0147457476705, 0.00149691221304, 0.000229800716625, 6.98230069247e-05, 2.54567894444e-05, 9.41812049859e-06],
        "median": [2.94301589747e-05, 0.000176054105395, 0.0042842910625, 0.03137447685, 0.106505602598, 0.164973080158, 0.219532907009, 0.388757556677, 0.14110250771, 0.0666534379125, 0.0437858700752, 0.0289926528931, 0.0356045328081, 0.0173596348614, 0.0189514588565, 0.0334074832499, 0.0588110797107, 0.118927381933, 0.493678063154, 3.35156869888, 1.53009188175, 0.305385947227, 0.177612945437, 0.137575820088, 0.200717940927, 0.114636942744, 0.0292244683951, 0.0237861853093, 0.0104981921613, 0.00781875289977, 0.00630358001217, 0.00542722595856, 0.00520157720894, 0.00243677664548, 0.00121270224918, 0.000314842240186, 7.2844522947e-05, 4.35303227277e-05, 2.11666683754e-05, 5.37579626325e-06],
        "min": [2.55335521615e-06, 2.97773817692e-06, 2.51868677879e-05, 0.000527641852386, 0.00116795056965, 0.000414090551203, 0.00212049484253, 0.0035871132277, 0.00124267139472, 0.000425425416324, 0.00164406234398, 0.00175618287176, 0.00081834802404, 0.00198012241162, 0.00234131654724, 0.00125634879805, 0.00520066870376, 0.00297723384574, 0.00201097410172, 0.00235347473063, 0.00113583938219, 0.00122807256412, 0.00143112370279, 0.00104478735011, 0.000553856196348, 0.000357694661943, 0.000382971629733, 0.000465418910608, 0.000312439922709, 0.000274614285445, 0.000195543601876, 7.86744130892e-05, 4.39718096459e-05, 6.54524483252e-05, 4.91617538501e-05, 1.74679444171e-05, 7.30105739422e-06, 1.88446426819e-06, 5.15479371188e-07, 1.01923781415e-07],
        "var": [9.41340227989e-10, 4.6137253662e-07, 0.000394503236748, 0.0245773866773, 0.161828011274, 2.23573160172, 0.540836572647, 2.37872171402, 0.351523131132, 0.189697355032, 0.0729688182473, 0.0105934040621, 0.0191594678909, 0.00915423687547, 0.0190796907991, 0.0469002462924, 0.227084025741, 12.9164485931, 3221.08764648, 1582.54431152, 20931.0625, 23045.3457031, 26857.3261719, 5055.92578125, 7.19024610519, 0.189616605639, 4.55620241165, 27.9171962738, 8.77126216888, 0.848036050797, 6.71151542664, 2.29926276207, 0.463539302349, 0.0791970640421, 0.00271063158289, 2.01469265448e-05, 3.79935869432e-07, 7.72441310914e-09, 3.12119052825e-10, 1.0534835504e-10]
    },
    "gfcc": {
        "mean": [-222.325271606, 64.0122299194, -129.114105225, 28.3715438843, -33.9046974182, -29.4847183228, -72.0050888062, -17.0944004059, -15.9724817276, -9.54133319855, -18.693239212, -9.84904193878, 0.114302329719],
        "cov": [[4490.23486328, -1744.56420898, -1742.32702637, 947.084716797, -669.442016602, -499.323669434, -850.199768066, 441.575164795, 308.952484131, -622.545959473, -241.637084961, 884.015625, 376.58026123], [-1744.56420898, 1456.42553711, 1014.63439941, -615.013122559, 359.097625732, 301.490692139, 393.543060303, -412.876342773, -88.8228149414, 344.698669434, -77.8407363892, -660.126708984, -101.020713806], [-1742.32702637, 1014.63439941, 1572.07775879, -654.456359863, -389.049041748, 353.935882568, 513.642333984, -50.8136444092, -282.325866699, 6.47892951965, 84.5739440918, -175.728042603, -192.620956421], [947.084716797, -615.013122559, -654.456359863, 626.045959473, 195.965988159, -194.264633179, -176.277267456, 127.206359863, 105.038772583, -202.087890625, -4.54697608948, 179.78817749, 25.1161060333], [-669.442016602, 359.097625732, -389.049041748, 195.965988159, 1123.68017578, 73.5835266113, -56.1350975037, -380.851226807, 144.696914673, 427.23223877, -51.6699256897, -651.583129883, -29.8035240173], [-499.323669434, 301.490692139, 353.935882568, -194.264633179, 73.5835266113, 262.948272705, 80.3666763306, -107.278442383, -20.5060214996, 118.135612488, -28.4543628693, -195.232147217, -51.9194602966], [-850.199768066, 393.543060303, 513.642333984, -176.277267456, -56.1350975037, 80.3666763306, 339.366851807, -6.6397895813, -134.581817627, 16.4900550842, 109.304641724, -88.0218811035, -153.898010254], [441.575164795, -412.876342773, -50.8136444092, 127.206359863, -380.851226807, -107.278442383, -6.6397895813, 300.072875977, -4.44292879105, -265.790496826, 42.7126808167, 388.709503174, 8.21351337433], [308.952484131, -88.8228149414, -282.325866699, 105.038772583, 144.696914673, -20.5060214996, -134.581817627, -4.44292879105, 150.269119263, 28.2051429749, -95.0282745361, -17.7835559845, 89.0622253418], [-622.545959473, 344.698669434, 6.47892951965, -202.087890625, 427.23223877, 118.135612488, 16.4900550842, -265.790496826, 28.2051429749, 416.459716797, 12.9553747177, -435.71194458, -18.9500198364], [-241.637084961, -77.8407363892, 84.5739440918, -4.54697608948, -51.6699256897, -28.4543628693, 109.304641724, 42.7126808167, -95.0282745361, 12.9553747177, 187.92350769, 38.748008728, -118.223602295], [884.015625, -660.126708984, -175.728042603, 179.78817749, -651.583129883, -195.232147217, -88.0218811035, 388.709503174, -17.7835559845, -435.71194458, 38.748008728, 672.54119873, 55.0320472717], [376.58026123, -101.020713806, -192.620956421, 25.1161060333, -29.8035240173, -51.9194602966, -153.898010254, 8.21351337433, 89.0622253418, -18.9500198364, -118.223602295, 55.0320472717, 162.669113159]],
        "icov": [[0.00195913854986, -0.00250368076377, 0.00276839337312, -0.00349799823016, 0.00398394512013, -0.00136079557706, 0.00405417289585, -0.00211238628253, 0.00165317556821, -0.000313340016874, -4.93995576107e-05, 0.00165048299823, 0.000429892883403], [-0.00250368076377, 0.0164376515895, -0.00958654191345, 0.0126420306042, -0.00811980292201, 0.00905554182827, -0.0135828750208, 0.0158356279135, -0.0140569955111, 0.0081642549485, 0.00486216973513, 0.00184546015225, 0.00200980296358], [0.00276839337312, -0.00958654191345, 0.010579216294, -0.00615589739755, 0.0074840770103, -0.00811893865466, 0.00669211009517, -0.0102528780699, 0.0100266877562, -0.000309613184072, -0.0030450199265, 0.00347469327971, -0.00217013596557], [-0.00349799823016, 0.0126420306042, -0.00615589739755, 0.0187961794436, -0.011629158631, 0.00696913991123, -0.011557164602, 0.00950021483004, -0.0106387604028, 0.0128853237256, 0.000696546339896, 0.00202298024669, 0.00158505782019], [0.00398394512013, -0.00811980292201, 0.0074840770103, -0.011629158631, 0.0139240380377, -0.00413102237508, 0.00938423164189, -0.00565973622724, 0.00314823375084, -0.00371569790877, -0.00133819854818, 0.00627537257969, 0.00153672310989], [-0.00136079557706, 0.00905554182827, -0.00811893865466, 0.00696913991123, -0.00413102237508, 0.0144185842946, -0.00456628715619, 0.00898832827806, -0.0104095414281, 0.00220371829346, 0.00644254451618, 0.00126176595222, 0.00736666610464], [0.00405417289585, -0.0135828750208, 0.00669211009517, -0.011557164602, 0.00938423164189, -0.00456628715619, 0.0243070237339, -0.015545386821, 0.0119816791266, -0.00514055881649, -0.00307400035672, 0.00281583704054, 0.00558568071574], [-0.00211238628253, 0.0158356279135, -0.0102528780699, 0.00950021483004, -0.00565973622724, 0.00898832827806, -0.015545386821, 0.0336054377258, -0.0213897004724, 0.00834799930453, 0.00151156890206, -0.00668659759685, 0.00258892029524], [0.00165317556821, -0.0140569955111, 0.0100266877562, -0.0106387604028, 0.00314823375084, -0.0104095414281, 0.0119816791266, -0.0213897004724, 0.0344728603959, -0.010695672594, 0.00342127191834, -0.00225149886683, -0.0062431502156], [-0.000313340016874, 0.0081642549485, -0.000309613184072, 0.0128853237256, -0.00371569790877, 0.00220371829346, -0.00514055881649, 0.00834799930453, -0.010695672594, 0.0237340908498, -0.00744442595169, 0.0121883405373, -0.00273584877141], [-4.93995576107e-05, 0.00486216973513, -0.0030450199265, 0.000696546339896, -0.00133819854818, 0.00644254451618, -0.00307400035672, 0.00151156890206, 0.00342127191834, -0.00744442595169, 0.0216313246638, -0.00385083071887, 0.0125305913389], [0.00165048299823, 0.00184546015225, 0.00347469327971, 0.00202298024669, 0.00627537257969, 0.00126176595222, 0.00281583704054, -0.00668659759685, -0.00225149886683, 0.0121883405373, -0.00385083071887, 0.0203441232443, -0.00134724203963], [0.000429892883403, 0.00200980296358, -0.00217013596557, 0.00158505782019, 0.00153672310989, 0.00736666610464, 0.00558568071574, 0.00258892029524, -0.0062431502156, -0.00273584877141, 0.0125305913389, -0.00134724203963, 0.0240346193314]]
    },
    "melbands": {
        "dmean": [3.54898077148e-07, 2.88650585389e-06, 1.53144519572e-05, 2.99294097204e-05, 1.44519735841e-05, 1.3251215023e-05, 3.6280682707e-06, 1.80925940185e-06, 5.74544969822e-07, 3.0173063692e-07, 3.09498631168e-07, 1.29326252818e-07, 1.47442477783e-07, 1.48724069504e-07, 1.95828519622e-07, 3.10147640903e-07, 5.38581275578e-07, 2.02836836252e-05, 2.17200067709e-05, 1.62099986483e-05, 5.36135448783e-05, 2.50928078458e-05, 5.70743650314e-05, 3.45771077264e-05, 1.03646989373e-05, 4.26304836765e-07, 1.52976895151e-07, 8.08635078897e-08, 2.81310263972e-07, 4.23910478276e-07, 8.55429505009e-07, 5.36496315817e-07, 9.74320144564e-08, 1.49440992914e-07, 3.66788867723e-07, 2.61907644017e-07, 2.02461933441e-07, 1.06303467362e-07, 1.01023267973e-07, 4.41142873342e-08],
        "dmean2": [6.15197620846e-07, 4.4934804464e-06, 2.75680358754e-05, 5.82118263992e-05, 2.49453059951e-05, 2.20890415221e-05, 6.4877681325e-06, 3.07692835122e-06, 1.05294350305e-06, 5.24493714238e-07, 5.12706378686e-07, 2.12232734498e-07, 2.75267979077e-07, 2.26804857562e-07, 3.01069036368e-07, 5.70212023376e-07, 8.60804391323e-07, 2.6485453418e-05, 2.87247985398e-05, 1.88251942745e-05, 6.41323349555e-05, 3.35283584718e-05, 8.09444027254e-05, 5.3583909903e-05, 1.69568011188e-05, 5.59177067316e-07, 2.42595660893e-07, 1.397927889e-07, 3.77834112442e-07, 5.84633767176e-07, 1.31928084102e-06, 8.32415821606e-07, 1.6542391279e-07, 2.74573835668e-07, 6.88482487021e-07, 4.77271157706e-07, 3.58872398465e-07, 2.00883874868e-07, 1.95369949552e-07, 8.21252896799e-08],
        "dvar": [1.16794947195e-13, 2.85306413911e-11, 4.09092704157e-10, 6.23051921167e-09, 6.74025335545e-10, 6.54699183755e-10, 3.50692357098e-11, 1.3398185339e-11, 1.49941073013e-12, 2.47388833594e-13, 2.65063578725e-13, 5.73167815293e-14, 1.2704594321e-13, 8.31210575087e-14, 2.8620633424e-13, 1.60626525102e-12, 1.20767382639e-12, 1.91895987989e-09, 3.47375461729e-09, 1.10043241186e-09, 1.70178537928e-08, 6.60960441934e-09, 2.73912323934e-08, 2.64861554911e-08, 2.68680455662e-09, 1.15442670614e-12, 9.00512981241e-14, 1.07740029463e-13, 4.69188002252e-13, 2.67128224922e-12, 1.07752140543e-11, 3.46475018814e-12, 9.52694208787e-14, 5.92263271846e-13, 4.80329404723e-12, 1.92122012743e-12, 8.785812247e-13, 3.20817455718e-13, 3.59662847465e-13, 5.18932600612e-14],
        "dvar2": [3.014502981e-13, 7.02675487241e-11, 1.14501685911e-09, 1.83500006301e-08, 1.35284050629e-09, 1.48568191083e-09, 8.93401810864e-11, 3.42013882493e-11, 4.22160830599e-12, 7.90542544621e-13, 7.36324629741e-13, 1.27499912212e-13, 3.53602374161e-13, 1.63419882552e-13, 6.57589922185e-13, 4.54447937615e-12, 2.7550639721e-12, 3.34510752431e-09, 6.43233821762e-09, 1.87385995609e-09, 2.8809251873e-08, 8.2240063648e-09, 4.99142700505e-08, 6.32025844993e-08, 6.76056233218e-09, 1.49606976113e-12, 2.04882185978e-13, 3.09310953586e-13, 1.07246796079e-12, 3.90467692901e-12, 2.72031494553e-11, 8.81707120509e-12, 2.5062067764e-13, 1.67752910087e-12, 1.37834214528e-11, 5.42675453186e-12, 2.42530865183e-12, 9.50285098007e-13, 1.0582990647e-12, 1.51818580494e-13],
        "max": [2.37152630689e-06, 4.15177928517e-05, 0.000106646613858, 0.000506550713908, 0.000225594514632, 0.000245553907007, 4.60605078842e-05, 3.19121063512e-05, 9.69438133325e-06, 3.5851830944e-06, 3.92180390918e-06, 2.14223132389e-06, 3.21688435179e-06, 2.90052253149e-06, 5.42072393728e-06, 1.05053577499e-05, 6.28295720162e-06, 0.000450263090897, 0.000582892214879, 0.000358402205165, 0.00110711320303, 0.000922136474401, 0.00180551107042, 0.00148394901771, 0.000436440051999, 1.39605517688e-05, 2.60339834313e-06, 2.53682196671e-06, 4.64668255518e-06, 1.56812948262e-05, 3.42824023392e-05, 1.89600195881e-05, 2.01323950932e-06, 5.68941413803e-06, 1.59691844601e-05, 1.06452653199e-05, 7.60556577006e-06, 4.02781961384e-06, 4.25911139246e-06, 1.70056159732e-06],
        "mean": [4.92672825203e-07, 4.59348393633e-06, 1.97968529392e-05, 3.00762803818e-05, 1.86213401321e-05, 1.80789702426e-05, 5.32499780093e-06, 2.5419828944e-06, 1.00309785012e-06, 4.5944287308e-07, 4.59062846403e-07, 2.26973241979e-07, 2.28066994623e-07, 2.30014293834e-07, 2.83875294826e-07, 3.44596315927e-07, 7.34782304335e-07, 3.99316195399e-05, 3.41231861967e-05, 2.33735463553e-05, 7.78362664278e-05, 4.31264161307e-05, 0.000113909132779, 3.68030632671e-05, 7.74732052378e-06, 9.72048724179e-07, 2.22087876978e-07, 8.50081534054e-08, 3.03174829241e-07, 5.73839486151e-07, 1.47808748352e-06, 8.36506671931e-07, 8.71801475455e-08, 9.74860370206e-08, 2.19672514845e-07, 1.93319252162e-07, 1.85311222367e-07, 6.78570160062e-08, 5.90936473088e-08, 3.54035236683e-08],
        "median": [3.83476361776e-07, 1.03465504253e-06, 8.32480782265e-06, 1.11950848805e-05, 7.84379608376e-06, 9.33349838306e-06, 1.93022833628e-06, 6.79892082189e-07, 2.83910026155e-07, 1.71769983126e-07, 1.7527955265e-07, 7.32406846282e-08, 5.18195477639e-08, 9.33479284981e-08, 6.86403822669e-08, 5.96074087866e-08, 7.65801360103e-08, 2.43865486027e-07, 7.02809643371e-07, 1.19316518976e-06, 1.65914613603e-07, 1.1064783223e-07, 1.00408442449e-07, 2.04604031495e-08, 4.35280043121e-08, 5.02187660345e-08, 4.90682836585e-08, 2.40075035407e-08, 1.51926418113e-08, 9.4969934139e-09, 9.60852286624e-09, 6.09266415097e-09, 3.38048122828e-09, 3.45194983709e-09, 3.1898168551e-09, 3.36953331903e-09, 2.84960810504e-09, 3.20222914851e-09, 2.87206214367e-09, 1.7505258354e-09],
        "min": [2.24229363965e-08, 4.15713818924e-09, 1.38711257591e-07, 5.45076979108e-08, 5.98841154442e-08, 7.97687604859e-08, 1.61663322729e-08, 5.60379920245e-09, 1.46944305612e-08, 9.98332705393e-09, 3.79315601151e-09, 4.92213692027e-09, 8.86588491511e-09, 2.82811174479e-09, 4.50179493683e-09, 7.96913468548e-09, 3.98820620973e-09, 3.00323810265e-09, 3.24881277436e-09, 2.14059214798e-09, 1.27664145921e-09, 9.66972280025e-10, 1.08326747572e-09, 1.05257547123e-09, 7.81304243525e-10, 2.86753149004e-10, 4.36242930668e-10, 1.77064765627e-10, 2.7308649786e-10, 1.33891800425e-10, 2.08947720237e-10, 1.68398184286e-10, 1.49366907731e-10, 1.42262160385e-10, 1.25272486828e-10, 4.91543680758e-11, 5.20926426995e-11, 2.67844392499e-11, 4.66001404131e-11, 5.22524627733e-11],
        "var": [1.67188040755e-13, 5.65372956784e-11, 6.76766032104e-10, 5.16584686139e-09, 1.16093090696e-09, 1.00135177927e-09, 6.86737125499e-11, 2.2399783417e-11, 3.21354423106e-12, 4.1351430201e-13, 5.0624738776e-13, 1.57058163675e-13, 2.09897041154e-13, 1.88417274946e-13, 4.79489982875e-13, 1.46732701944e-12, 1.9959424738e-12, 9.19280118694e-09, 6.3686198537e-09, 3.01658031887e-09, 4.04152764588e-08, 2.01839824854e-08, 1.13052720963e-07, 2.94353057484e-08, 2.23590634896e-09, 7.17058443872e-12, 2.19612319324e-13, 7.58209548748e-14, 6.7365703944e-13, 5.41795384598e-12, 2.49153562365e-11, 7.54941682085e-12, 9.17874717205e-14, 3.70128759456e-13, 2.81911646804e-12, 1.2756569889e-12, 7.05021110936e-13, 1.79015127917e-13, 1.97923315649e-13, 3.25726723155e-14]
    },
    "mfcc": {
        "mean": [-878.016235352, 107.469863892, -14.2027025223, 32.5942192078, 28.9808139801, -8.65895557404, -31.295797348, -20.5083808899, -4.15530586243, -11.0860586166, -16.4499855042, -10.7995824814, -7.44080257416],
        "cov": [[5246.61132812, -2055.2512207, -1329.96911621, 421.152008057, -22.7046489716, -794.330322266, -1196.63842773, 726.396057129, 496.397644043, -1612.49182129, -433.674346924, 1335.98681641, -294.337249756], [-2055.2512207, 1482.27209473, 791.319458008, -361.771362305, -99.2046661377, 461.646179199, 468.45980835, -545.177307129, -102.87046814, 878.255126953, -66.7268600464, -643.259521484, 248.003967285], [-1329.96911621, 791.319458008, 1251.2668457, -445.608032227, -499.987060547, 82.2917709351, 443.848693848, 49.3844604492, -197.601547241, 109.611633301, 65.0347900391, -11.7794504166, 41.9468841553], [421.152008057, -361.771362305, -445.608032227, 403.03012085, 261.825836182, -80.6261978149, -116.696899414, 145.194335938, 57.5462417603, -164.61807251, 57.938999176, 29.5091876984, -88.620223999], [-22.7046489716, -99.2046661377, -499.987060547, 261.825836182, 504.47164917, 224.573379517, -52.4988937378, -211.185791016, 68.7147445679, 360.186187744, -27.9402885437, -345.98739624, 44.0971755981], [-794.330322266, 461.646179199, 82.2917709351, -80.6261978149, 224.573379517, 420.9012146, 193.191101074, -403.034667969, -42.5406074524, 647.818237305, -19.4227485657, -517.819335938, 103.626716614], [-1196.63842773, 468.45980835, 443.848693848, -116.696899414, -52.4988937378, 193.191101074, 400.244750977, -115.850616455, -233.008087158, 370.931976318, 216.514175415, -331.797271729, -2.63521575928], [726.396057129, -545.177307129, 49.3844604492, 145.194335938, -211.185791016, -403.034667969, -115.850616455, 670.16418457, 46.4741096497, -835.427246094, 111.651672363, 650.882568359, -235.410873413], [496.397644043, -102.87046814, -197.601547241, 57.5462417603, 68.7147445679, -42.5406074524, -233.008087158, 46.4741096497, 283.955566406, -138.936233521, -262.689453125, 196.419708252, 83.9170227051], [-1612.49182129, 878.255126953, 109.611633301, -164.61807251, 360.186187744, 647.818237305, 370.931976318, -835.427246094, -138.936233521, 1360.06921387, 8.61069297791, -1074.8425293, 305.272827148], [-433.674346924, -66.7268600464, 65.0347900391, 57.938999176, -27.9402885437, -19.4227485657, 216.514175415, 111.651672363, -262.689453125, 8.61069297791, 450.047424316, -93.1099395752, -219.665237427], [1335.98681641, -643.259521484, -11.7794504166, 29.5091876984, -345.98739624, -517.819335938, -331.797271729, 650.882568359, 196.419708252, -1074.8425293, -93.1099395752, 974.567810059, -173.629425049], [-294.337249756, 248.003967285, 41.9468841553, -88.620223999, 44.0971755981, 103.626716614, -2.63521575928, -235.410873413, 83.9170227051, 305.272827148, -219.665237427, -173.629425049, 264.027709961]],
