{
"lowlevel": {
    "average_loudness": 0.99068403244,
    "barkbands_crest": {
        "dmean": 2.67322254181,
        "dmean2": 4.86867570877,
        "dvar": 3.39476013184,
        "dvar2": 10.579873085,
        "max": 17.2246131897,
        "mean": 11.6347446442,
        "median": 11.3153734207,
        "min": 6.65010404587,
        "var": 5.73738431931
    },
    "barkbands_flatness_db": {
        "dmean": 0.027167737484,
        "dmean2": 0.0449056513608,
        "dvar": 0.00103248981759,
        "dvar2": 0.00124738772865,
        "max": 0.461541384459,
        "mean": 0.371670663357,
        "median": 0.371959239244,
        "min": 0.108981207013,
        "var": 0.00296420697123
    },
    "barkbands_kurtosis": {
        "dmean": 10.9467515945,
        "dmean2": 16.7962169647,
        "dvar": 116.551521301,
        "dvar2": 245.677612305,
        "max": 110.482582092,
        "mean": 38.0823745728,
        "median": 29.0471000671,
        "min": -0.353130102158,
        "var": 1010.30877686
    },
    "barkbands_skewness": {
        "dmean": 0.772390305996,
        "dmean2": 1.09353721142,
        "dvar": 0.526390910149,
        "dvar2": 1.26102852821,
        "max": 8.20891952515,
        "mean": 2.51902246475,
        "median": 1.80872070789,
        "min": -0.536095321178,
        "var": 5.55907535553
    },
    "barkbands_spread": {
        "dmean": 0.431204229593,
        "dmean2": 0.655429720879,
        "dvar": 0.801362931728,
        "dvar2": 1.11736857891,
        "max": 9.75001335144,
        "mean": 2.05324888229,
        "median": 1.74518036842,
        "min": 1.01807689667,
        "var": 1.62958359718
    },
    "dissonance": {
        "dmean": 0.0740844532847,
        "dmean2": 0.128839433193,
        "dvar": 0.00409140530974,
        "dvar2": 0.00872791279107,
        "max": 0.458810955286,
        "mean": 0.372361212969,
        "median": 0.402086466551,
        "min": 0.14021371305,
        "var": 0.00567478640005
    },
    "dynamic_complexity": 6.51930379868,
    "erbbands_crest": {
        "dmean": 2.42665910721,
        "dmean2": 4.11009883881,
        "dvar": 3.20394468307,
        "dvar2": 7.7277970314,
        "max": 25.2137031555,
        "mean": 15.200261116,
        "median": 14.7769327164,
        "min": 7.69637107849,
        "var": 16.5592746735
    },
    "erbbands_flatness_db": {
        "dmean": 0.0183667298406,
        "dmean2": 0.0269089527428,
        "dvar": 0.000871624273714,
        "dvar2": 0.000845190777909,
        "max": 0.460090607405,
        "mean": 0.365875840187,
        "median": 0.363073408604,
        "min": 0.145439714193,
        "var": 0.00366412475705
    },
    "erbbands_kurtosis": {
        "dmean": 8.59683513641,
        "dmean2": 16.577703476,
        "dvar": 61.3719711304,
        "dvar2": 227.764831543,
        "max": 42.9490318298,
        "mean": 14.2585983276,
        "median": 12.4235229492,
        "min": 0.1058614254,
        "var": 120.747627258
    },
    "erbbands_skewness": {
        "dmean": 0.591822326183,
        "dmean2": 1.03662896156,
        "dvar": 0.235103413463,
        "dvar2": 0.831206977367,
        "max": 2.971783638,
        "mean": 0.857992827892,
        "median": 0.684719979763,
        "min": -0.847569048405,
        "var": 1.04431843758
    },
    "erbbands_spread": {
        "dmean": 1.06944286823,
        "dmean2": 1.74826300144,
        "dvar": 2.29346394539,
        "dvar2": 2.53533244133,
        "max": 18.4660949707,
        "mean": 3.66040873528,
        "median": 3.19682836533,
        "min": 1.66566121578,
        "var": 5.28606319427
    },
    "hfc": {
        "dmean": 1.25677132607,
        "dmean2": 1.81050932407,
        "dvar": 5.90386486053,
        "dvar2": 13.8047227859,
        "max": 40.3113021851,
        "mean": 5.5452041626,
        "median": 1.21371948719,
        "min": 0.00197578174993,
        "var": 87.3559188843
    },
    "melbands_crest": {
        "dmean": 3.46213912964,
        "dmean2": 6.32134628296,
        "dvar": 5.47663164139,
        "dvar2": 19.5094146729,
        "max": 21.1235942841,
        "mean": 14.4417057037,
        "median": 13.9469356537,
        "min": 8.9099111557,
        "var": 8.03888511658
    },
    "melbands_flatness_db": {
        "dmean": 0.0291618835181,
        "dmean2": 0.0488841123879,
        "dvar": 0.00126094301231,
        "dvar2": 0.00139257160481,
        "max": 0.590364694595,
        "mean": 0.494601309299,
        "median": 0.487187325954,
        "min": 0.203723505139,
        "var": 0.00360339786857
    },
    "melbands_kurtosis": {
        "dmean": 1.51804327965,
        "dmean2": 2.54128861427,
        "dvar": 2.7459936142,
        "dvar2": 7.30789661407,
        "max": 12.1233911514,
        "mean": 1.83470189571,
        "median": 1.31234502792,
        "min": -1.11580717564,
        "var": 5.97772121429
    },
    "melbands_skewness": {
        "dmean": 0.535991370678,
        "dmean2": 0.992184221745,
        "dvar": 0.103643782437,
        "dvar2": 0.411512851715,
        "max": 1.49760305882,
        "mean": 0.243025049567,
        "median": 0.150717228651,
        "min": -0.742580771446,
        "var": 0.269719153643
    },
    "melbands_spread": {
        "dmean": 0.537132918835,
        "dmean2": 0.801493942738,
        "dvar": 0.902728021145,
        "dvar2": 1.81338870525,
        "max": 11.6768083572,
        "mean": 3.18994760513,
        "median": 2.92197751999,
        "min": 2.21310901642,
        "var": 1.8524774313
    },
    "pitch_salience": {
        "dmean": 0.0636746585369,
        "dmean2": 0.111118152738,
        "dvar": 0.00215718825348,
        "dvar2": 0.00444896938279,
        "max": 0.823591351509,
        "mean": 0.586065948009,
        "median": 0.579157054424,
        "min": 0.477835297585,
        "var": 0.00456930231303
    },
    "silence_rate_20dB": {
        "dmean": 0,
        "dmean2": 0,
        "dvar": 0,
        "dvar2": 0,
        "max": 1,
        "mean": 1,
        "median": 1,
        "min": 1,
        "var": 0
    },
    "silence_rate_30dB": {
        "dmean": 0.0333333350718,
        "dmean2": 0.0508474558592,
        "dvar": 0.0322222560644,
        "dvar2": 0.0821602493525,
        "max": 1,
        "mean": 0.98360657692,
        "median": 1,
        "min": 0,
        "var": 0.0161247104406
    },
    "silence_rate_60dB": {
        "dmean": 0.0166666675359,
        "dmean2": 0.0338983051479,
        "dvar": 0.0163888800889,
        "dvar2": 0.0327491946518,
        "max": 1,
        "mean": 0.49180328846,
        "median": 0,
        "min": 0,
        "var": 0.249932646751
    },
    "spectral_centroid": {
        "dmean": 42.5909805298,
        "dmean2": 76.762588501,
        "dvar": 1686.25085449,
        "dvar2": 3545.90380859,
        "max": 668.618164062,
        "mean": 369.663848877,
        "median": 366.962524414,
        "min": 281.823638916,
        "var": 2915.7253418
    },
    "spectral_complexity": {
        "dmean": 0.916666686535,
        "dmean2": 1.52542376518,
        "dvar": 0.709722101688,
        "dvar2": 1.36799752712,
        "max": 15,
        "mean": 5.78688526154,
        "median": 5,
        "min": 0,
        "var": 10.0693397522
    },
    "spectral_decrease": {
        "dmean": 9.3669871859e-10,
        "dmean2": 1.3871934712e-09,
        "dvar": 2.96442816578e-18,
        "dvar2": 7.00455632811e-18,
        "max": -9.91497682568e-13,
        "mean": -3.53051632374e-09,
        "median": -9.04230135212e-10,
        "min": -2.56180339164e-08,
        "var": 3.20546119301e-17
    },
    "spectral_energy": {
        "dmean": 0.00361668458208,
        "dmean2": 0.00535758631304,
        "dvar": 4.38292372564e-05,
        "dvar2": 0.000103707272501,
        "max": 0.0997959375381,
        "mean": 0.0138278892264,
        "median": 0.00353609607555,
        "min": 3.92135098082e-06,
        "var": 0.000492887629662
    },
    "spectral_energyband_high": {
        "dmean": 1.10374630822e-05,
        "dmean2": 1.13528603833e-05,
        "dvar": 6.92065782459e-09,
        "dvar2": 7.02383040618e-09,
        "max": 0.000652030168567,
        "mean": 1.18832731459e-05,
        "median": 1.14172496524e-06,
        "min": 2.49504470418e-08,
        "var": 6.82994416579e-09
    },
    "spectral_energyband_low": {
        "dmean": 0.000380359328119,
        "dmean2": 0.000282322260318,
        "dvar": 1.38577559028e-06,
        "dvar2": 1.88965577763e-06,
        "max": 0.0172198154032,
        "mean": 0.00102907593828,
        "median": 8.2287378973e-06,
        "min": 2.59881801412e-07,
        "var": 1.00129764178e-05
    },
    "spectral_energyband_middle_high": {
        "dmean": 0.000161903677508,
        "dmean2": 0.000199796661036,
        "dvar": 6.27819702004e-07,
        "dvar2": 7.98616667907e-07,
        "max": 0.00829153228551,
        "mean": 0.000311808165861,
        "median": 1.74743843218e-06,
        "min": 1.10800630893e-08,
        "var": 1.32301249778e-06
    },
    "spectral_energyband_middle_low": {
        "dmean": 0.00365250348113,
        "dmean2": 0.0054575544782,
        "dvar": 4.84423762828e-05,
        "dvar2": 0.000111580819066,
        "max": 0.0931543111801,
        "mean": 0.0132236266509,
        "median": 0.00352738145739,
        "min": 3.73012744603e-06,
        "var": 0.000428205210483
    },
    "spectral_entropy": {
        "dmean": 0.188176974654,
        "dmean2": 0.290398150682,
        "dvar": 0.0753500685096,
        "dvar2": 0.0803880766034,
        "max": 7.63911724091,
        "mean": 5.22360086441,
        "median": 5.17102813721,
        "min": 4.70192813873,
        "var": 0.197667062283
    },
    "spectral_flux": {
        "dmean": 0.00987174548209,
        "dmean2": 0.0124835576862,
        "dvar": 0.000231636426179,
        "dvar2": 0.000240126886638,
        "max": 0.267968475819,
        "mean": 0.0386684313416,
        "median": 0.0225192252547,
        "min": 0.00438748858869,
        "var": 0.00195089157205
    },
    "spectral_kurtosis": {
        "dmean": 17.8548107147,
        "dmean2": 29.1072788239,
        "dvar": 677.862121582,
        "dvar2": 1328.51342773,
        "max": 201.594223022,
        "mean": 77.9491043091,
        "median": 48.9580535889,
        "min": 6.90323352814,
        "var": 3013.29541016
    },
    "spectral_rms": {
        "dmean": 0.000393544585677,
        "dmean2": 0.000641586899292,
        "dvar": 1.72377269791e-07,
        "dvar2": 4.37692619926e-07,
        "max": 0.00986721273512,
        "mean": 0.00277325860225,
        "median": 0.00185737712309,
        "min": 6.18523117737e-05,
        "var": 5.79965990255e-06
    },
    "spectral_rolloff": {
        "dmean": 47.7319335938,
        "dmean2": 83.9429931641,
        "dvar": 3865.40795898,
        "dvar2": 9205.90820312,
        "max": 775.1953125,
        "mean": 484.320556641,
        "median": 452.197265625,
        "min": 387.59765625,
        "var": 4707.07080078
    },
    "spectral_skewness": {
        "dmean": 0.90454429388,
        "dmean2": 1.48826265335,
        "dvar": 1.39611160755,
        "dvar2": 2.63060951233,
        "max": 12.3804006577,
        "mean": 7.1067442894,
        "median": 6.12185239792,
        "min": 2.219373703,
        "var": 6.60030174255
    },
    "spectral_spread": {
        "dmean": 429636.625,
        "dmean2": 640113.5,
        "dvar": 575644041216,
        "dvar2": 575672745984,
        "max": 8637970,
        "mean": 2187176.5,
        "median": 2057609.125,
        "min": 561326,
        "var": 1.99115197645e+12
    },
    "spectral_strongpeak": {
        "dmean": 0.205310359597,
        "dmean2": 0.3179679811,
        "dvar": 0.112156964839,
        "dvar2": 0.193217113614,
        "max": 3.02226734161,
        "mean": 0.736220419407,
        "median": 0.327755749226,
        "min": 0.00143111322541,
        "var": 0.65491694212
    },
    "zerocrossingrate": {
        "dmean": 0.00410970067605,
        "dmean2": 0.00529661029577,
        "dvar": 2.57276806224e-05,
        "dvar2": 2.38807624555e-05,
        "max": 0.05419921875,
        "mean": 0.0235975924879,
        "median": 0.02099609375,
        "min": 0.0048828125,
        "var": 5.85940688325e-05
    },
    "barkbands": {
        "dmean": [1.90616283362e-05, 1.68805872818e-05, 8.24108865345e-05, 0.000459569913801, 0.00192031636834, 0.00117915298324, 0.00117115268949, 0.000769023550674, 0.000381797901355, 0.000306244968669, 3.04882869386e-05, 1.97348945221e-05, 1.41075197462e-05, 5.57387693334e-06, 5.15408510182e-06, 4.17956925958e-06, 3.34495553034e-06, 2.54632595897e-06, 2.49256754614e-06, 2.16998796532e-06, 1.95666211766e-06, 1.60046920428e-06, 1.35645802857e-06, 1.30092507789e-06, 1.27786256598e-06, 1.21465154734e-06, 1.39010307976e-06],
        "dmean2": [2.8562018997e-05, 1.77911624633e-05, 4.84929332742e-05, 0.000442311778897, 0.00358084915206, 0.00172697089147, 0.00162111048121, 0.00123881932814, 0.00057223503245, 0.0004902491346, 5.12661863468e-05, 2.05102169275e-05, 1.58655675477e-05, 5.03276669406e-06, 5.09366100232e-06, 4.23164101448e-06, 3.38556219504e-06, 2.60048886958e-06, 2.53562188846e-06, 2.22550465878e-06, 1.99958799385e-06, 1.63426238942e-06, 1.39104577102e-06, 1.33970195293e-06, 1.34747438096e-06, 1.2472708022e-06, 1.48691788127e-06],
        "dvar": [1.35906397247e-09, 1.53053267837e-08, 6.79426932493e-08, 2.29581246458e-06, 5.98837414145e-06, 9.8316495496e-06, 4.71772455057e-06, 1.88078627161e-06, 1.78548259555e-06, 1.45467049606e-06, 7.98913735167e-09, 6.14930817378e-09, 5.88845905369e-09, 1.02219022136e-09, 1.37304700942e-09, 9.46843159433e-10, 5.97701443894e-10, 3.67548547153e-10, 3.50757312084e-10, 2.68961908301e-10, 2.2138399447e-10, 1.4882860222e-10, 1.05728842348e-10, 9.62315088726e-11, 8.75710892689e-11, 8.45546480055e-11, 9.57989382266e-11],
        "dvar2": [1.48155565594e-09, 1.55276111968e-08, 2.61874273377e-08, 3.32139484271e-06, 1.96625005628e-05, 2.18864315684e-05, 1.20667382362e-05, 4.82989617012e-06, 4.19091702497e-06, 4.41826568931e-06, 2.29918182271e-08, 5.26107335475e-09, 5.88737592011e-09, 7.0219263737e-10, 1.33546740333e-09, 9.28807641909e-10, 5.94415294763e-10, 3.71094710516e-10, 3.51236151275e-10, 2.72885408714e-10, 2.24686741435e-10, 1.51134507687e-10, 1.07394385052e-10, 9.77330577578e-11, 8.89639265034e-11, 8.5918834547e-11, 9.7070657068e-11],
        "max": [0.000278678431641, 0.000968124135397, 0.00493440125138, 0.0183703750372, 0.016494449228, 0.0250030346215, 0.0305358152837, 0.0109597751871, 0.012092364952, 0.00674729514867, 0.000933823001105, 0.00111560907681, 0.000660765799694, 0.000316041521728, 0.000305887835566, 0.000248516502324, 0.000199200992938, 0.00015117113071, 0.000147981249029, 0.00012880792201, 0.000116492243251, 9.54232236836e-05, 8.04233277449e-05, 7.67493474996e-05, 7.32338085072e-05, 7.19525996828e-05, 7.76326778578e-05],
        "mean": [1.94951571757e-05, 1.67625003087e-05, 0.000314606091706, 0.00108306249604, 0.0025945766829, 0.00216074893251, 0.00512148533016, 0.00136283505708, 0.000656589749269, 0.000321303523378, 6.223024684e-05, 5.523715663e-05, 1.81706509466e-05, 7.52437472329e-06, 5.97672169533e-06, 4.4796875045e-06, 3.60248236575e-06, 2.61688091996e-06, 2.56136581811e-06, 2.18885702452e-06, 1.95502821043e-06, 1.5938363731e-06, 1.36078949708e-06, 1.32343200221e-06, 1.293395826e-06, 1.27003727357e-06, 2.21305617742e-06],
        "median": [7.37673462936e-06, 5.50097752239e-07, 3.55776080596e-07, 6.38992351014e-05, 0.000978185329586, 0.000569071155041, 0.00095407461049, 0.000318632577546, 5.01135946251e-06, 8.15136104393e-07, 1.17466754546e-07, 4.48744010839e-08, 5.85252522001e-08, 3.56010687597e-08, 5.99872649332e-08, 3.15162687059e-08, 2.58478998205e-08, 3.27901545916e-08, 4.61956943809e-08, 2.96475661798e-08, 2.60631036753e-08, 2.23267502264e-08, 3.28724674148e-08, 5.50099450436e-08, 5.95922564628e-08, 8.98651819625e-08, 9.64802552517e-07],
        "min": [3.04696463616e-08, 1.68052842753e-08, 2.33078600864e-09, 3.80753306217e-07, 1.61914340424e-06, 8.63538048179e-07, 3.52301128714e-07, 4.71478301733e-07, 4.11013374446e-08, 3.63033070272e-09, 1.92979210389e-09, 6.40941466568e-10, 7.39458216881e-10, 5.42439093643e-10, 6.31886765134e-10, 6.91912971362e-10, 1.08042308433e-09, 1.1795519006e-09, 1.0456767674e-09, 3.09436254398e-10, 3.51825679701e-10, 7.35276783903e-10, 1.27443000597e-09, 1.25390398065e-09, 9.5847196846e-10, 2.32376007325e-09, 1.91429148089e-08],
        "var": [1.63760494054e-09, 1.50868277871e-08, 9.88696569948e-07, 1.00207489595e-05, 1.12531206469e-05, 1.57177000801e-05, 5.76860511501e-05, 4.897508461e-06, 4.01116903959e-06, 1.44114881095e-06, 3.36163559211e-08, 3.13526271611e-08, 7.40807770683e-09, 1.67915559235e-09, 1.50652001984e-09, 9.94068827254e-10, 6.3929006533e-10, 3.67882252439e-10, 3.52506829282e-10, 2.67223271289e-10, 2.18648266159e-10, 1.46733181161e-10, 1.04182634741e-10, 9.48198325412e-11, 8.62847640559e-11, 8.32678925811e-11, 9.48239403664e-11]
    },
    "erbbands": {
        "dmean": [0.000494606152643, 0.00486991228536, 0.0648299604654, 1.12346839905, 5.45973539352, 4.85349941254, 7.05263280869, 11.6594762802, 20.8795185089, 15.8970479965, 8.39933395386, 4.56810331345, 18.7790203094, 2.31838870049, 1.02237343788, 0.682505548, 0.62575173378, 0.278567939997, 0.28460714221, 0.233728736639, 0.22737622261, 0.192905798554, 0.147659316659, 0.133815795183, 0.120314486325, 0.102020986378, 0.087490722537, 0.0710792094469, 0.05834992975, 0.047651220113, 0.037759527564, 0.0287855044007, 0.0207738485187, 0.0142080374062, 0.00918191578239, 0.00489284191281, 0.0022531687282, 0.000831335375551, 0.000195041560801, 2.2588932552e-05],
        "dmean2": [0.000528598960955, 0.00441892305389, 0.0273314099759, 0.994239926338, 10.0299406052, 9.05097484589, 10.2601270676, 14.5518350601, 28.3923549652, 27.0429935455, 13.0307855606, 6.78696489334, 29.1256790161, 2.88899254799, 1.1916012764, 0.517168164253, 0.691778302193, 0.249354794621, 0.274228274822, 0.24151982367, 0.227201893926, 0.198158577085, 0.149507597089, 0.136593714356, 0.122850947082, 0.104124009609, 0.0896922275424, 0.0724901929498, 0.0595846623182, 0.0487445257604, 0.0387620180845, 0.0295921862125, 0.0214559696615, 0.0148200253025, 0.00979047827423, 0.00506500154734, 0.00231485534459, 0.000872692500707, 0.000209645411815, 2.45815917879e-05],
        "dvar": [1.00709085018e-05, 0.000956217001658, 0.0380177684128, 12.8637418747, 49.7069320679, 36.8603668213, 459.057769775, 664.172241211, 1611.69921875, 887.208251953, 289.012512207, 246.132385254, 4971.22363281, 92.7205886841, 8.07367515564, 7.28935480118, 11.1995811462, 2.63662576675, 3.73946404457, 2.94539260864, 2.76904654503, 2.00981163979, 1.23837864399, 1.00519502163, 0.820161402225, 0.59320884943, 0.440124899149, 0.293335855007, 0.19771361351, 0.131651669741, 0.0817747414112, 0.0472766198218, 0.0243474841118, 0.0110836736858, 0.00438744062558, 0.00134297157638, 0.000290506694, 3.71429596271e-05, 1.87529258255e-06, 1.78564469877e-08],
        "dvar2": [9.8335376606e-06, 0.00087800034089, 0.00644479971379, 19.3844223022, 157.194335938, 123.250991821, 1167.703125, 1250.40771484, 3436.9387207, 2730.2043457, 750.751403809, 506.3487854, 14905.0771484, 154.949539185, 13.619474411, 3.78781032562, 10.9054317474, 1.79043221474, 3.24183368683, 3.00924110413, 2.67553687096, 2.02164959908, 1.25111091137, 1.00631976128, 0.827670097351, 0.599437117577, 0.446862101555, 0.29769718647, 0.200749844313, 0.133695572615, 0.0830665007234, 0.048026509583, 0.0247197281569, 0.0112520782277, 0.00446156272665, 0.00136331899557, 0.000295204139547, 3.77958167519e-05, 1.90725245375e-06, 1.74820318222e-08],
        "max": [0.0262449327856, 0.285091459751, 3.86338496208, 44.3553314209, 58.3024902344, 37.9640045166, 138.081237793, 224.489883423, 543.930541992, 256.177001953, 162.177703857, 170.240509033, 495.074584961, 94.2450408936, 40.5483131409, 40.521774292, 30.7753810883, 16.3097820282, 16.8079547882, 13.8582105637, 13.5349254608, 11.4858217239, 8.80142879486, 7.91864442825, 7.13476324081, 6.05852651596, 5.19517278671, 4.24050569534, 3.47822737694, 2.83790326118, 2.23679256439, 1.70114171505, 1.22093749046, 0.824021220207, 0.5183172822, 0.286724984646, 0.133407354355, 0.0478320121765, 0.0108596626669, 0.00118039350491],
        "mean": [0.000583159737289, 0.00703691085801, 0.226973384619, 2.68587398529, 8.26969146729, 5.49107885361, 11.2963924408, 22.9444656372, 91.8504867554, 34.01304245, 17.4644622803, 11.3028745651, 21.3023014069, 3.82238936424, 2.67058849335, 1.94268751144, 0.916919291019, 0.407273620367, 0.348529458046, 0.258540660143, 0.245023518801, 0.206964507699, 0.152766168118, 0.137301117182, 0.122511126101, 0.103040494025, 0.0874144434929, 0.0710771009326, 0.0580885075033, 0.0475565865636, 0.0379503928125, 0.0291414670646, 0.0211787521839, 0.0144585883245, 0.00922095961869, 0.00497189443558, 0.00236194417812, 0.000963142898399, 0.000285412213998, 5.19895038451e-05],
        "median": [6.29293572274e-05, 0.000207983073778, 0.00283204647712, 0.151873528957, 3.05634951591, 2.15337944031, 1.8194783926, 6.47448539734, 16.8089694977, 9.23869228363, 3.03990316391, 0.217197418213, 0.0537532381713, 0.0195529032499, 0.0041567068547, 0.0020921069663, 0.00246849027462, 0.00207724096254, 0.00296240509488, 0.00251235766336, 0.0016807828797, 0.00154155143537, 0.00185936153866, 0.00184151891153, 0.00184628181159, 0.00150095508434, 0.0011255601421, 0.00101412727963, 0.000778962858021, 0.00087218650151, 0.000999542418867, 0.000988162588328, 0.000974705209956, 0.000664055114612, 0.000435738213127, 0.000220232017455, 0.000173860302311, 0.000182499541552, 0.000107900566945, 2.40558365476e-05],
        "min": [5.28526811649e-07, 5.21891024619e-06, 7.96992753749e-05, 0.000723673030734, 0.0031960667111, 0.0060133212246, 0.00612853467464, 0.00744980201125, 0.00384778250009, 0.0110174408183, 0.00681442627683, 0.00121784233488, 0.000263533787802, 8.89754956006e-05, 5.77702376177e-05, 2.89212875941e-05, 3.35481454385e-05, 2.44411967287e-05, 4.21351833211e-05, 2.32510683418e-05, 4.67382087663e-05, 7.30216270313e-05, 7.34397544875e-05, 2.79631749436e-05, 6.02314939897e-05, 1.76876365003e-05, 1.54561475938e-05, 2.17440410779e-05, 2.60743709077e-05, 1.7250817109e-05, 4.1501087253e-05, 3.15341931127e-05, 1.83333704626e-05, 9.01675775822e-06, 7.15844089427e-06, 5.29438148078e-06, 4.36012169303e-06, 4.12410008721e-06, 2.38293773691e-06, 3.83294434414e-07],
        "var": [1.10278288048e-05, 0.00134050182533, 0.520124018192, 59.2805786133, 118.476196289, 55.5322036743, 578.684814453, 1548.13537598, 18355.4746094, 2548.65185547, 1023.62890625, 951.855895996, 5735.83691406, 180.217697144, 62.2608070374, 39.4550895691, 16.4752063751, 4.50795793533, 4.57549190521, 3.09070515633, 2.94940066338, 2.12486338615, 1.24702858925, 1.00934517384, 0.819610536098, 0.591172635555, 0.43482708931, 0.289737820625, 0.194956630468, 0.129767790437, 0.0805830657482, 0.046593926847, 0.023991022259, 0.0109244547784, 0.00432247295976, 0.00132313359063, 0.000286217051325, 3.66129461327e-05, 1.86402803593e-06, 2.17886970688e-08]
    },
    "gfcc": {
        "mean": [-261.893035889, 140.823394775, -14.1509027481, -36.485168457, -89.3530807495, -60.9383621216, -54.3260803223, -15.8442497253, -16.3848285675, -8.16352558136, -10.8657112122, -16.1346416473, -16.225484848],
        "cov": [[8176.30419922, 2599.15209961, -1859.3170166, -1398.69812012, 62.6908836365, 1047.90026855, 791.758117676, 119.564743042, -490.503051758, -457.610717773, -83.1819534302, 18.8549194336, 83.4935455322], [2599.15209961, 1831.57312012, -587.329650879, -1027.92028809, -117.515480042, 434.622283936, 441.499603271, -16.3042030334, -266.404266357, -342.252227783, -7.83832406998, 21.6864547729, 61.5471878052], [-1859.3170166, -587.329650879, 667.668579102, 284.582397461, -169.28565979, -269.184967041, -185.584716797, -21.5399398804, 110.744880676, 116.090499878, 16.1074237823, 9.19377422333, -5.65668964386], [-1398.69812012, -1027.92028809, 284.582397461, 648.791992188, 119.409820557, -273.092315674, -266.929901123, 7.98394346237, 165.333786011, 201.546844482, 2.2251663208, -22.3083705902, -31.1075019836], [62.6908836365, -117.515480042, -169.28565979, 119.409820557, 195.040145874, 35.7902946472, -14.8586330414, -18.5243778229, 19.71459198, 21.4029331207, 4.53550481796, -1.02275800705, -8.28152751923], [1047.90026855, 434.622283936, -269.184967041, -273.092315674, 35.7902946472, 256.604278564, 169.860916138, 4.25713348389, -91.3572540283, -96.3412857056, -9.24884223938, 29.6237850189, 16.3101634979], [791.758117676, 441.499603271, -185.584716797, -266.929901123, -14.8586330414, 169.860916138, 158.235870361, 14.291519165, -68.6261749268, -93.0745697021, -6.73855352402, 28.2068519592, 17.8921527863], [119.564743042, -16.3042030334, -21.5399398804, 7.98394346237, -18.5243778229, 4.25713348389, 14.291519165, 39.835105896, 12.805147171, 3.60246443748, -3.68023991585, 3.41737771034, 2.76149439812], [-490.503051758, -266.404266357, 110.744880676, 165.333786011, 19.71459198, -91.3572540283, -68.6261749268, 12.805147171, 67.4238052368, 57.3446044922, 3.27997875214, -2.43880677223, -4.59446668625], [-457.610717773, -342.252227783, 116.090499878, 201.546844482, 21.4029331207, -96.3412857056, -93.0745697021, 3.60246443748, 57.3446044922, 80.3637771606, 9.23669624329, -9.54468345642, -9.14828205109], [-83.1819534302, -7.83832406998, 16.1074237823, 2.2251663208, 4.53550481796, -9.24884223938, -6.73855352402, -3.68023991585, 3.27997875214, 9.23669624329, 18.4007778168, 1.24617910385, -1.80012118816], [18.8549194336, 21.6864547729, 9.19377422333, -22.3083705902, -1.02275800705, 29.6237850189, 28.2068519592, 3.41737771034, -2.43880677223, -9.54468345642, 1.24617910385, 25.2075405121, 7.4807267189], [83.4935455322, 61.5471878052, -5.65668964386, -31.1075019836, -8.28152751923, 16.3101634979, 17.8921527863, 2.76149439812, -4.59446668625, -9.14828205109, -1.80012118816, 7.4807267189, 14.2317752838]],
        "icov": [[0.00106763071381, -0.00216571544297, 0.00244068610482, -0.00178551883437, 0.00236424035393, -0.00202777399682, 0.000281701155473, -0.000956607109401, 0.00267511443235, -0.00732359336689, 0.00379561935551, -0.00226793112233, 0.00152908801101], [-0.00216571544297, 0.0160901453346, -0.00301227369346, 0.0146184042096, -0.0065917330794, 0.0103860730305, -0.0119857378304, 0.00623102113605, -0.00568084931001, 0.0295371674001, -0.0158565714955, 0.0203082971275, -0.0235299170017], [0.00244068610482, -0.00301227369346, 0.0164621118456, -0.00646084267646, 0.0206648856401, -0.00580543605611, 0.00311864167452, 0.0165793579072, -0.0117677310482, -0.00936166476458, 0.00030967357452, -0.013769547455, 0.0001300827862], [-0.00178551883437, 0.0146184042096, -0.00646084267646, 0.0364386923611, -0.0223159827292, 0.0137807428837, 0.00676043750718, -0.0122228246182, 0.00105989503209, -0.00221517379396, 0.0114949913695, 0.00246136705391, -0.011493332684], [0.00236424035393, -0.0065917330794, 0.0206648856401, -0.0223159827292, 0.0423083975911, -0.0181814152747, 0.00162227510009, 0.0360306575894, -0.0313040837646, 0.00198751385324, -0.0134848114103, -0.0101883634925, 0.00531898625195], [-0.00202777399682, 0.0103860730305, -0.00580543605611, 0.0137807428837, -0.0181814152747, 0.0332198999822, -0.0281550120562, -0.00417120289057, 0.0219457987696, 0.00215752748773, 0.00218291836791, 0.00552355032414, -0.0118063772097], [0.000281701155473, -0.0119857378304, 0.00311864167452, 0.00676043750718, 0.00162227510009, -0.0281550120562, 0.0944926738739, -0.0274667348713, -0.0133634647354, 0.00920038856566, 0.010769451037, -0.0580102615058, 0.0193963404745], [-0.000956607109401, 0.00623102113605, 0.0165793579072, -0.0122228246182, 0.0360306575894, -0.00417120289057, -0.0274667348713, 0.0830138549209, -0.0557824298739, 0.0199263338, -0.0209776684642, 0.0107194185257, -0.0107787055895], [0.00267511443235, -0.00568084931001, -0.0117677310482, 0.00105989503209, -0.0313040837646, 0.0219457987696, -0.0133634647354, -0.0557824298739, 0.110905528069, -0.0569109283388, 0.031748060137, -0.00833940412849, -0.00160919304471], [-0.00732359336689, 0.0295371674001, -0.00936166476458, -0.00221517379396, 0.00198751385324, 0.00215752748773, 0.00920038856566, 0.0199263338, -0.0569109283388, 0.178510010242, -0.091726668179, 0.047631200403, -0.0503481179476], [0.00379561935551, -0.0158565714955, 0.00030967357452, 0.0114949913695, -0.0134848114103, 0.00218291836791, 0.010769451037, -0.0209776684642, 0.031748060137, -0.091726668179, 0.114142291248, -0.0402148663998, 0.0385997258127], [-0.00226793112233, 0.0203082971275, -0.013769547455, 0.00246136705391, -0.0101883634925, 0.00552355032414, -0.0580102615058, 0.0107194185257, -0.00833940412849, 0.047631200403, -0.0402148663998, 0.124221511185, -0.0584784857929], [0.00152908801101, -0.0235299170017, 0.0001300827862, -0.011493332684, 0.00531898625195, -0.0118063772097, 0.0193963404745, -0.0107787055895, -0.00160919304471, -0.0503481179476, 0.0385997258127, -0.0584784857929, 0.135051891208]]
    },
    "melbands": {
        "dmean": [5.10522204422e-06, 2.42342266574e-05, 0.000237026193645, 0.000495465821587, 0.00018868582265, 0.000247543706791, 0.000289807474473, 0.000187660029042, 5.41739900655e-05, 4.35613255831e-05, 9.20494785532e-05, 7.62787931308e-06, 3.78626737074e-06, 3.01521799884e-06, 1.22705228023e-06, 9.98668951979e-07, 5.04592890138e-07, 4.65472396627e-07, 3.77837608312e-07, 2.75011359463e-07, 2.56651560449e-07, 2.01770504304e-07, 1.5921260399e-07, 1.20999800401e-07, 1.07060216692e-07, 9.27001835294e-08, 7.77788429218e-08, 6.53443876786e-08, 5.67401272633e-08, 4.66121186093e-08, 3.95060943958e-08, 3.34047633999e-08, 2.94902058329e-08, 2.52736747086e-08, 2.22327365407e-08, 1.91516491554e-08, 1.70630070073e-08, 1.48339145412e-08, 1.30200108472e-08, 1.160969898e-08],
        "dmean2": [5.79491279495e-06, 9.32845614443e-06, 0.00029755680589, 0.000939436547924, 0.00027800159296, 0.000317988946335, 0.00041027305997, 0.000308883085381, 8.65102701937e-05, 6.58640565234e-05, 0.000142246688483, 8.81723099155e-06, 6.15339058641e-06, 3.58774082088e-06, 9.99381200018e-07, 1.11806980385e-06, 4.39561091525e-07, 4.44483561068e-07, 3.93311552216e-07, 2.78762428252e-07, 2.54898509411e-07, 2.05441054391e-07, 1.6490716348e-07, 1.22768852862e-07, 1.09475863042e-07, 9.460283934e-08, 8.01394790528e-08, 6.68292088335e-08, 5.83476023053e-08, 4.75898680463e-08, 4.03600104448e-08, 3.41421575456e-08, 3.00995957048e-08, 2.59069761199e-08, 2.28770282718e-08, 1.96504590377e-08, 1.75394738733e-08, 1.5329929326e-08, 1.34886546377e-08, 1.21691492438e-08],
        "dvar": [1.06181841097e-09, 5.75234837541e-09, 3.43454701124e-07, 3.81222804435e-07, 3.28207676148e-07, 2.96254142995e-07, 3.13393712759e-07, 1.17244653097e-07, 1.46601619733e-08, 2.30004086887e-08, 1.17889065621e-07, 1.48292633728e-09, 1.17199486227e-10, 1.66732447293e-10, 2.64704699132e-11, 3.46234881043e-11, 7.85620006549e-12, 9.61138460487e-12, 7.58138777451e-12, 4.16615873744e-12, 3.46649293471e-12, 2.13936225506e-12, 1.40249064532e-12, 8.18216100342e-13, 6.400854239e-13, 4.8121950218e-13, 3.44480222342e-13, 2.42233045688e-13, 1.8446027583e-13, 1.25709067721e-13, 9.05391281153e-14, 6.46900271523e-14, 5.05298622768e-14, 3.68588453758e-14, 2.82441391374e-14, 2.09919429929e-14, 1.65900449032e-14, 1.24237159934e-14, 9.49669454132e-15, 7.31240748156e-15],
        "dvar2": [1.06554431945e-09, 7.83420717188e-10, 5.61099170682e-07, 1.28608655814e-06, 8.41009352825e-07, 6.14016641975e-07, 6.96907648035e-07, 3.29127800569e-07, 3.74784079327e-08, 5.19924761022e-08, 3.53369614459e-07, 1.7371115657e-09, 3.09579639701e-10, 1.55178342398e-10, 1.39024035339e-11, 3.49759388119e-11, 4.95183494903e-12, 7.98901569898e-12, 7.77079355724e-12, 4.19476909805e-12, 3.29117744342e-12, 2.12612956754e-12, 1.43976042026e-12, 8.1862928979e-13, 6.40366123843e-13, 4.82913784915e-13, 3.50200635634e-13, 2.44331058207e-13, 1.87418385932e-13, 1.27485817584e-13, 9.193446243e-14, 6.56932665276e-14, 5.13044908477e-14, 3.74332455224e-14, 2.86884197767e-14, 2.13241527029e-14, 1.68539447941e-14, 1.2611584513e-14, 9.6461492697e-15, 7.4199688074e-15],
        "max": [0.000256842642557, 0.00145207054447, 0.00756989978254, 0.00367320072837, 0.00380606832914, 0.0048638288863, 0.0074899950996, 0.00271383952349, 0.00121752254199, 0.00144091330003, 0.0024016238749, 0.000379539182177, 0.000118850795843, 0.000159496979904, 7.25826685084e-05, 5.0100916269e-05, 2.86543618131e-05, 2.7348562071e-05, 2.2264150175e-05, 1.63941440405e-05, 1.52512120621e-05, 1.1965995327e-05, 9.36260948947e-06, 7.15178566679e-06, 6.31790726402e-06, 5.48243315279e-06, 4.60832688987e-06, 3.87289219361e-06, 3.36214907293e-06, 2.77696994999e-06, 2.35530228565e-06, 1.98942552743e-06, 1.75825380211e-06, 1.50153096001e-06, 1.31457079533e-06, 1.13337375751e-06, 1.0077862953e-06, 8.72100372362e-07, 7.62511490393e-07, 6.69383780405e-07],
        "mean": [5.35128356205e-06, 7.61180199333e-05, 0.000574361474719, 0.000573737605009, 0.000313852011459, 0.000512966653332, 0.00127553904895, 0.000319529179251, 0.000121786019008, 8.26852628961e-05, 0.00010415793804, 1.30643884404e-05, 8.77008733369e-06, 7.00304417478e-06, 3.36281368618e-06, 1.23695156162e-06, 7.06338767031e-07, 5.72567444124e-07, 4.25586961228e-07, 2.96290153301e-07, 2.7725704399e-07, 2.17948169734e-07, 1.62727957331e-07, 1.24122408351e-07, 1.0947118767e-07, 9.49288931906e-08, 7.84290818956e-08, 6.58300436385e-08, 5.65932616325e-08, 4.66296690149e-08, 3.94312884566e-08, 3.32196279373e-08, 2.93596045253e-08, 2.52010536883e-08, 2.22839755537e-08, 1.93405060855e-08, 1.72805094678e-08, 1.50963828105e-08, 1.32758790627e-08, 1.17776215447e-08],
        "median": [5.85031443734e-07, 1.74586944013e-07, 0.000102608159068, 0.000234971419559, 5.21310357726e-05, 0.000134931251523, 0.000236912615946, 8.92886746442e-05, 1.82535331987e-05, 7.28563009034e-07, 1.52507737994e-07, 6.95933124462e-08, 1.40517064651e-08, 5.8268305736e-09, 5.34963984222e-09, 4.82837148041e-09, 3.49525164367e-09, 3.93351706762e-09, 4.22827994839e-09, 2.45850961811e-09, 1.9312815791e-09, 1.5898111716e-09, 1.56422208519e-09, 1.60631352664e-09, 1.4897473255e-09, 1.69114167115e-09, 9.88238268995e-10, 1.00245023393e-09, 6.54524434651e-10, 6.09771677595e-10, 5.5847998448e-10, 4.35371877439e-10, 4.32832603092e-10, 4.96096330682e-10, 6.00879124235e-10, 5.78154191189e-10, 6.23941842637e-10, 6.99950208904e-10, 5.94470639381e-10, 5.58531887407e-10],
        "min": [6.02590288779e-09, 7.21252302327e-09, 1.86952917147e-07, 3.48341956169e-07, 2.31715532095e-07, 1.62845950058e-07, 6.33924912563e-08, 1.25102531001e-07, 4.42998207006e-08, 5.45666978269e-09, 1.0656954208e-09, 3.32574828787e-10, 2.36473868265e-10, 7.58515472654e-11, 7.27286078583e-11, 7.05342451113e-11, 4.02604651006e-11, 7.14294318138e-11, 4.1158475933e-11, 3.04540177798e-11, 5.66951277592e-11, 8.09152744807e-11, 6.35608926602e-11, 5.09857329967e-11, 1.52224448324e-11, 5.27215875123e-11, 1.9788037528e-11, 1.13158189416e-11, 8.75710268189e-12, 1.00853414162e-11, 1.52720665975e-11, 2.05669335729e-11, 5.3612604807e-12, 1.04430145087e-11, 2.53809299966e-11, 2.14110951191e-11, 2.00789714716e-11, 1.51513038227e-11, 8.68776058038e-12, 7.43422337579e-12],
        "var": [1.05598318978e-09, 6.31806074125e-08, 1.70867770066e-06, 5.4638360325e-07, 4.37556309407e-07, 7.42477368476e-07, 3.52855840902e-06, 2.54088206475e-07, 5.59814381518e-08, 6.01513363563e-08, 1.36939348749e-07, 2.55952792294e-09, 6.37940478221e-10, 5.65432534128e-10, 1.22534385416e-10, 4.16644392598e-11, 1.39967256535e-11, 1.21456620802e-11, 7.97571036992e-12, 4.32528622293e-12, 3.74619649537e-12, 2.30749794272e-12, 1.41126227458e-12, 8.2335028552e-13, 6.42527426663e-13, 4.83833730459e-13, 3.42020980764e-13, 2.41580383085e-13, 1.82115498897e-13, 1.24247346352e-13, 8.93882475092e-14, 6.37793786426e-14, 4.98180767743e-14, 3.63260040537e-14, 2.78340108665e-14, 2.06848054581e-14, 1.63520133984e-14, 1.22412125805e-14, 9.35620650373e-15, 7.20859088838e-15]
    },
    "mfcc": {
        "mean": [-940.040771484, 197.049545288, 82.3610992432, 16.438085556, -22.0795764923, -41.8613357544, -38.1534805298, -31.5055046082, -21.6758365631, -9.56548786163, -5.52502346039, -5.21976852417, -4.64626026154],
        "cov": [[7530.44970703, 3102.82250977, -1673.21765137, -1718.20654297, -662.242858887, 237.787017822, 907.589538574, 749.381713867, 241.080505371, -127.358886719, -349.998748779, -234.531356812, -172.362319946], [3102.82250977, 2548.14038086, -486.366088867, -1170.95739746, -639.185913086, -15.8037519455, 471.109588623, 402.49710083, 78.4487762451, -155.128250122, -262.65133667, -187.79826355, -125.798286438], [-1673.21765137, -486.366088867, 738.604797363, 315.740356445, -34.2822189331, -111.295913696, -212.392486572, -126.066177368, -25.198890686, 24.679517746, 76.1072463989, 38.639339447, 34.2461738586], [-1718.20654297, -1170.95739746, 315.740356445, 667.56640625, 324.055358887, -57.4457817078, -297.500457764, -242.039169312, -51.8257217407, 92.4543762207, 141.694869995, 88.466583252, 60.9700737], [-662.242858887, -639.185913086, -34.2822189331, 324.055358887, 255.796569824, 37.0138435364, -112.430908203, -117.79108429, -33.8133430481, 43.7741851807, 67.2464981079, 52.2323570251, 33.9193382263], [237.787017822, -15.8037519455, -111.295913696, -57.4457817078, 37.0138435364, 98.1219863892, 74.4118804932, 45.123550415, 12.6375522614, -20.9619846344, -14.9797401428, 14.5000295639, 7.31406211853], [907.589538574, 471.109588623, -212.392486572, -297.500457764, -112.430908203, 74.4118804932, 176.571228027, 138.049728394, 34.2744407654, -42.4670257568, -61.9646530151, -25.8618431091, -17.4440631866], [749.381713867, 402.49710083, -126.066177368, -242.039169312, -117.79108429, 45.123550415, 138.049728394, 135.614074707, 48.4148750305, -29.8626270294, -48.9683609009, -21.17852211, -12.7923946381], [241.080505371, 78.4487762451, -25.198890686, -51.8257217407, -33.8133430481, 12.6375522614, 34.2744407654, 48.4148750305, 35.5755691528, 1.83306729794, -11.4541225433, -1.84823977947, -1.30941462517], [-127.358886719, -155.128250122, 24.679517746, 92.4543762207, 43.7741851807, -20.9619846344, -42.4670257568, -29.8626270294, 1.83306729794, 36.468006134, 28.6900978088, 3.01827716827, 5.22615480423], [-349.998748779, -262.65133667, 76.1072463989, 141.694869995, 67.2464981079, -14.9797401428, -61.9646530151, -48.9683609009, -11.4541225433, 28.6900978088, 43.6014213562, 25.5889015198, 17.1378707886], [-234.531356812, -187.79826355, 38.639339447, 88.466583252, 52.2323570251, 14.5000295639, -25.8618431091, -21.17852211, -1.84823977947, 3.01827716827, 25.5889015198, 44.8339347839, 26.4322090149], [-172.362319946, -125.798286438, 34.2461738586, 60.9700737, 33.9193382263, 7.31406211853, -17.4440631866, -12.7923946381, -1.30941462517, 5.22615480423, 17.1378707886, 26.4322090149, 26.2333393097]],
