{
"lowlevel": {
    "average_loudness": 0.826627314091,
    "barkbands_crest": {
        "dmean": 1.79953694344,
        "dmean2": 3.02595853806,
        "dvar": 3.02654671669,
        "dvar2": 8.30829048157,
        "max": 15.276140213,
        "mean": 5.94028282166,
        "median": 5.41571378708,
        "min": 2.36041259766,
        "var": 5.88624191284
    },
    "barkbands_flatness_db": {
        "dmean": 0.0147790834308,
        "dmean2": 0.0251265969127,
        "dvar": 0.000234087434364,
        "dvar2": 0.000629948452115,
        "max": 0.186829850078,
        "mean": 0.0812330245972,
        "median": 0.0772712081671,
        "min": 0.0339639261365,
        "var": 0.000480533664813
    },
    "barkbands_kurtosis": {
        "dmean": 0.901844739914,
        "dmean2": 1.52108323574,
        "dvar": 1.48496651649,
        "dvar2": 3.56674361229,
        "max": 8.33045578003,
        "mean": -0.326965898275,
        "median": -0.893417835236,
        "min": -1.60113787651,
        "var": 2.08993601799
    },
    "barkbands_skewness": {
        "dmean": 0.421602010727,
        "dmean2": 0.693772256374,
        "dvar": 0.216038361192,
        "dvar2": 0.519746363163,
        "max": 2.92986798286,
        "mean": 0.211537078023,
        "median": 0.241402998567,
        "min": -2.18790578842,
        "var": 0.723739087582
    },
    "barkbands_spread": {
        "dmean": 5.62104320526,
        "dmean2": 9.57060241699,
        "dvar": 32.7089767456,
        "dvar2": 81.7813262939,
        "max": 68.7543640137,
        "mean": 33.889465332,
        "median": 35.4013290405,
        "min": 6.81590032578,
        "var": 87.651802063
    },
    "dissonance": {
        "dmean": 0.00734762707725,
        "dmean2": 0.0126386545599,
        "dvar": 8.84714172571e-05,
        "dvar2": 0.000193538406165,
        "max": 0.500000059605,
        "mean": 0.490500479937,
        "median": 0.492877274752,
        "min": 0.356696993113,
        "var": 0.000100713747088
    },
    "dynamic_complexity": 9.9373960495,
    "erbbands_crest": {
        "dmean": 1.22423696518,
        "dmean2": 2.0948638916,
        "dvar": 1.27223598957,
        "dvar2": 3.68028593063,
        "max": 15.4649982452,
        "mean": 5.00605392456,
        "median": 4.57215595245,
        "min": 2.80058455467,
        "var": 3.00268697739
    },
    "erbbands_flatness_db": {
        "dmean": 0.0123544214293,
        "dmean2": 0.0204113554209,
        "dvar": 0.000182733725524,
        "dvar2": 0.000481053983094,
        "max": 0.26374527812,
        "mean": 0.146650195122,
        "median": 0.139762714505,
        "min": 0.100929938257,
        "var": 0.000823815411422
    },
    "erbbands_kurtosis": {
        "dmean": 0.556656062603,
        "dmean2": 0.920313894749,
        "dvar": 0.3304438591,
        "dvar2": 0.816714644432,
        "max": 6.41509437561,
        "mean": -0.038211978972,
        "median": -0.33152961731,
        "min": -1.35776185989,
        "var": 1.12896764278
    },
    "erbbands_skewness": {
        "dmean": 0.266498923302,
        "dmean2": 0.450074791908,
        "dvar": 0.0654781758785,
        "dvar2": 0.164572969079,
        "max": 0.809738278389,
        "mean": -0.467753469944,
        "median": -0.499940693378,
        "min": -1.95292913914,
        "var": 0.188476383686
    },
    "erbbands_spread": {
        "dmean": 7.03234481812,
        "dmean2": 11.6183843613,
        "dvar": 38.997089386,
        "dvar2": 100.559364319,
        "max": 75.0763702393,
        "mean": 39.9381942749,
        "median": 41.4851760864,
        "min": 10.2371511459,
        "var": 156.005874634
    },
    "hfc": {
        "dmean": 7.36099672318,
        "dmean2": 10.2743053436,
        "dvar": 443.741821289,
        "dvar2": 1050.96887207,
        "max": 275.545013428,
        "mean": 14.9873714447,
        "median": 2.76665449142,
        "min": 5.30298675585e-05,
        "var": 1143.1463623
    },
    "melbands_crest": {
        "dmean": 2.7954146862,
        "dmean2": 4.67730712891,
        "dvar": 6.73498392105,
        "dvar2": 19.4445114136,
        "max": 22.0064506531,
        "mean": 8.58574390411,
        "median": 8.09085655212,
        "min": 2.39619326591,
        "var": 13.1502571106
    },
    "melbands_flatness_db": {
        "dmean": 0.0195260606706,
        "dmean2": 0.0328625403345,
        "dvar": 0.00042900320841,
        "dvar2": 0.00100323255174,
        "max": 0.191107288003,
        "mean": 0.0845042616129,
        "median": 0.0772798135877,
        "min": 0.0210476778448,
        "var": 0.00119689432904
    },
    "melbands_kurtosis": {
        "dmean": 2.25107932091,
        "dmean2": 3.7699007988,
        "dvar": 12.8475294113,
        "dvar2": 31.7973117828,
        "max": 35.3395080566,
        "mean": 2.40995955467,
        "median": 1.1031703949,
        "min": -1.49131309986,
        "var": 17.1335334778
    },
    "melbands_skewness": {
        "dmean": 0.532378613949,
        "dmean2": 0.881045401096,
        "dvar": 0.297668278217,
        "dvar2": 0.722767531872,
        "max": 5.12148761749,
        "mean": 1.36076176167,
        "median": 1.39649903774,
        "min": -1.06312668324,
        "var": 1.01186585426
    },
    "melbands_spread": {
        "dmean": 13.4705324173,
        "dmean2": 22.6772480011,
        "dvar": 206.101196289,
        "dvar2": 501.264068604,
        "max": 137.953109741,
        "mean": 56.3701782227,
        "median": 56.6440658569,
        "min": 10.8295593262,
        "var": 480.02557373
    },
    "pitch_salience": {
        "dmean": 0.0570828989148,
        "dmean2": 0.098924189806,
        "dvar": 0.00300147174858,
        "dvar2": 0.00882428605109,
        "max": 0.906163990498,
        "mean": 0.734925985336,
        "median": 0.742470681667,
        "min": 0.489159107208,
        "var": 0.00380399031565
    },
    "silence_rate_20dB": {
        "dmean": 0,
        "dmean2": 0,
        "dvar": 0,
        "dvar2": 0,
        "max": 1,
        "mean": 1,
        "median": 1,
        "min": 1,
        "var": 0
    },
    "silence_rate_30dB": {
        "dmean": 0.0136363636702,
        "dmean2": 0.0273348521441,
        "dvar": 0.0134504223242,
        "dvar2": 0.0265875943005,
        "max": 1,
        "mean": 0.984126985073,
        "median": 1,
        "min": 0,
        "var": 0.0156210605055
    },
    "silence_rate_60dB": {
        "dmean": 0.0454545468092,
        "dmean2": 0.0911161750555,
        "dvar": 0.0433882437646,
        "dvar2": 0.087369479239,
        "max": 1,
        "mean": 0.612244904041,
        "median": 1,
        "min": 0,
        "var": 0.237400785089
    },
    "spectral_centroid": {
        "dmean": 311.73828125,
        "dmean2": 515.510803223,
        "dvar": 112262.90625,
        "dvar2": 263483.59375,
        "max": 4102.51611328,
        "mean": 2569.0949707,
        "median": 2598.93701172,
        "min": 1026.21459961,
        "var": 433777.34375
    },
    "spectral_complexity": {
        "dmean": 3.60454535484,
        "dmean2": 4.93394088745,
        "dvar": 27.220905304,
        "dvar2": 44.758731842,
        "max": 63,
        "mean": 13.7573699951,
        "median": 3,
        "min": 0,
        "var": 340.796081543
    },
    "spectral_decrease": {
        "dmean": 1.23785570683e-09,
        "dmean2": 1.97768668109e-09,
        "dvar": 2.01465595364e-17,
        "dvar2": 4.91321427968e-17,
        "max": -6.01885730451e-15,
        "mean": -2.04403849402e-09,
        "median": -2.25491542105e-10,
        "min": -5.71306877362e-08,
        "var": 3.00100497577e-17
    },
    "spectral_energy": {
        "dmean": 0.00521985255182,
        "dmean2": 0.0082588987425,
        "dvar": 0.000335633551003,
        "dvar2": 0.000811911246274,
        "max": 0.237644344568,
        "mean": 0.0090740704909,
        "median": 0.0011480001267,
        "min": 2.75265072958e-08,
        "var": 0.000549761403818
    },
    "spectral_energyband_high": {
        "dmean": 0.000579311163165,
        "dmean2": 0.000843965972308,
        "dvar": 2.57698206951e-06,
        "dvar2": 6.53136385154e-06,
        "max": 0.0199625864625,
        "mean": 0.00109223357867,
        "median": 0.000235885876464,
        "min": 3.33036620503e-09,
        "var": 6.11052337263e-06
    },
    "spectral_energyband_low": {
        "dmean": 0.00116822554264,
        "dmean2": 0.0019243969582,
        "dvar": 3.6316603655e-05,
        "dvar2": 9.27283617784e-05,
        "max": 0.0835669338703,
        "mean": 0.000911111885216,
        "median": 7.4685481195e-06,
        "min": 3.64164209898e-09,
        "var": 2.8155021937e-05
    },
    "spectral_energyband_middle_high": {
        "dmean": 0.00136486755218,
        "dmean2": 0.00191420351621,
        "dvar": 1.72701456904e-05,
        "dvar2": 3.74166520487e-05,
        "max": 0.0614569671452,
        "mean": 0.00281442585401,
        "median": 0.000486933102366,
        "min": 1.33272779479e-08,
        "var": 4.09154126828e-05
    },
    "spectral_energyband_middle_low": {
        "dmean": 0.00345440697856,
        "dmean2": 0.00573358824477,
        "dvar": 0.000172812084202,
        "dvar2": 0.000448611855973,
        "max": 0.156334877014,
        "mean": 0.00478853657842,
        "median": 0.000233189290157,
        "min": 5.9475353531e-09,
        "var": 0.000198293972062
    },
    "spectral_entropy": {
        "dmean": 0.0794863253832,
        "dmean2": 0.135250940919,
        "dvar": 0.00644505769014,
        "dvar2": 0.0157123487443,
        "max": 8.56070995331,
        "mean": 8.11410236359,
        "median": 8.12718391418,
        "min": 7.75886487961,
        "var": 0.0126522956416
    },
    "spectral_flux": {
        "dmean": 0.013433072716,
        "dmean2": 0.0207642558962,
        "dvar": 0.000943648454268,
        "dvar2": 0.00225750356913,
        "max": 0.432826638222,
        "mean": 0.0454257465899,
        "median": 0.0263866782188,
        "min": 0.000898316502571,
        "var": 0.00282302265987
    },
    "spectral_kurtosis": {
        "dmean": 0.642611920834,
        "dmean2": 1.16764485836,
        "dvar": 0.461021333933,
        "dvar2": 1.31418502331,
        "max": 11.1247396469,
        "mean": 3.15162134171,
        "median": 3.0183930397,
        "min": 0.450275659561,
        "var": 0.777795910835
    },
    "spectral_rms": {
        "dmean": 0.000576015911065,
        "dmean2": 0.000880018400494,
        "dvar": 1.19050332614e-06,
        "dvar2": 2.82620794678e-06,
        "max": 0.0152265606448,
        "mean": 0.00196830206551,
        "median": 0.00105830060784,
        "min": 5.18219349033e-06,
        "var": 4.97853352499e-06
    },
    "spectral_rolloff": {
        "dmean": 844.150085449,
        "dmean2": 1449.78747559,
        "dvar": 1237017,
        "dvar2": 2929690,
        "max": 10120.6054688,
        "mean": 3948.2409668,
        "median": 3983.64257812,
        "min": 430.6640625,
        "var": 2205896.5
    },
    "spectral_skewness": {
        "dmean": 0.106469221413,
        "dmean2": 0.179136395454,
        "dvar": 0.0126168141142,
        "dvar2": 0.0297389309853,
        "max": 2.87678146362,
        "mean": 1.27089118958,
        "median": 1.26624035835,
        "min": 0.707426071167,
        "var": 0.0274255014956
    },
    "spectral_spread": {
        "dmean": 352032.6875,
        "dmean2": 595462.8125,
        "dvar": 214702555136,
        "dvar2": 416034947072,
        "max": 10271364,
        "mean": 4795109.5,
        "median": 4840685,
        "min": 2814281.5,
        "var": 495840165888
    },
    "spectral_strongpeak": {
        "dmean": 0.229135930538,
        "dmean2": 0.386567771435,
        "dvar": 0.339055806398,
        "dvar2": 0.943035900593,
        "max": 7.68134498596,
        "mean": 0.313551962376,
        "median": 0.144454970956,
        "min": 0,
        "var": 0.282918423414
    },
    "zerocrossingrate": {
        "dmean": 0.0107088955119,
        "dmean2": 0.013932143338,
        "dvar": 0.000107034662506,
        "dvar2": 0.000156210066052,
        "max": 0.22705078125,
        "mean": 0.130640149117,
        "median": 0.13037109375,
        "min": 0.025390625,
        "var": 0.000994789879769
    },
    "barkbands": {
        "dmean": [1.37821564294e-06, 3.85600333175e-06, 0.000530019111466, 0.000951192341745, 0.00076968310168, 0.00130201724824, 0.000561457651202, 0.000299215927953, 0.00027634439175, 0.000234503633692, 0.000124866564875, 0.000179406750249, 0.000144841178553, 0.000160439289175, 0.000171659383341, 0.000226864038268, 0.000139574010973, 0.00013919857156, 0.000265412934823, 0.000181763229193, 0.000160360985319, 8.8905726443e-05, 7.06664650352e-05, 9.22757390072e-05, 8.57780250954e-05, 2.12851155084e-05, 1.76983689926e-06],
        "dmean2": [2.55808663496e-06, 7.15670694262e-06, 0.00087639153935, 0.00160102255177, 0.00134159415029, 0.00221362127922, 0.00102201814298, 0.000556322571356, 0.000497082888614, 0.000397347554099, 0.000219611189095, 0.000299833598547, 0.00021279854991, 0.000259784254013, 0.000281229062239, 0.000369325251086, 0.000216345244553, 0.000223695853492, 0.000423803488957, 0.000270469347015, 0.000260170112597, 0.000145966507262, 0.000115994203952, 0.000143474986544, 0.000129991429276, 3.06925976474e-05, 2.7068278996e-06],
        "dvar": [2.76670686361e-10, 6.1905258697e-10, 7.42863676351e-06, 2.23490533244e-05, 4.28939119956e-06, 1.66661902767e-05, 8.42208282847e-06, 3.33976004185e-06, 1.08518395336e-06, 7.44140834286e-07, 2.93807488561e-07, 3.44041637845e-07, 2.29201774005e-07, 1.28159499013e-07, 2.40935804641e-07, 7.01893554833e-07, 1.41086090366e-07, 8.48067074344e-08, 4.90982984047e-07, 1.77658037614e-07, 1.85059818136e-07, 8.76417516338e-08, 5.73357112899e-08, 9.17621676422e-08, 6.47190887548e-08, 5.10637709894e-09, 7.63720545138e-11],
        "dvar2": [8.07442779305e-10, 1.85576165546e-09, 1.78378431883e-05, 5.89787923673e-05, 1.21105858852e-05, 4.05688297178e-05, 2.49210297625e-05, 9.90654734778e-06, 3.02720854961e-06, 1.9124283881e-06, 8.43598456868e-07, 7.82596544013e-07, 4.49076082987e-07, 3.23179762063e-07, 6.41730423467e-07, 1.68696942637e-06, 2.68689205996e-07, 1.90451970639e-07, 1.2003347365e-06, 3.82520937592e-07, 4.81622407733e-07, 2.41144363144e-07, 1.57096025077e-07, 2.41326404193e-07, 1.60850262887e-07, 1.07963398222e-08, 2.1170006026e-10],
        "max": [0.000264186790446, 0.000355751428287, 0.0408626608551, 0.0572265200317, 0.0280727781355, 0.055172406137, 0.043206166476, 0.0295911990106, 0.0136799514294, 0.0118165537715, 0.00799981318414, 0.00726952217519, 0.00744695635512, 0.00567108020186, 0.0051710573025, 0.0125844590366, 0.0053509157151, 0.00482190586627, 0.00951890833676, 0.00637156981975, 0.00423472188413, 0.00327987247147, 0.00268734479323, 0.00373912556097, 0.00302379392087, 0.00115549180191, 0.000128362080432],
        "mean": [8.97213624285e-07, 3.08453809339e-06, 0.000440831092419, 0.000745496363379, 0.0010616928339, 0.00161090062466, 0.000546384311747, 0.000337404868333, 0.00035152368946, 0.000294618395856, 0.00016083358787, 0.000257045117905, 0.000210942322155, 0.000246225448791, 0.0002556006948, 0.000316233490594, 0.000266022747383, 0.00027272789157, 0.000441684533143, 0.000373991992092, 0.00029683104367, 0.000134100802825, 0.000109671382234, 0.000151949410792, 0.000149983548908, 3.48466492142e-05, 2.46647778113e-06],
        "median": [3.96198984731e-08, 3.51981981339e-08, 2.84035695586e-06, 9.19030117075e-06, 3.42935600202e-05, 7.29031526134e-05, 2.42610549321e-05, 2.35926836467e-05, 2.78276074823e-05, 2.50154389505e-05, 1.13793175842e-05, 2.27578984777e-05, 2.19200665015e-05, 3.34885407938e-05, 2.77179824479e-05, 4.60305636807e-05, 5.4254403949e-05, 6.17816331214e-05, 7.85079755588e-05, 7.81822163844e-05, 6.4340136305e-05, 2.61276654783e-05, 1.93789783225e-05, 2.41183352045e-05, 2.21689333557e-05, 4.20053129346e-06, 2.36515589336e-07],
        "min": [1.49405127159e-10, 3.69885427842e-10, 2.4472268656e-10, 1.06811122447e-10, 2.08302952664e-09, 3.93029636614e-10, 1.01456987256e-09, 3.17074089207e-10, 1.68929392697e-09, 9.70908797804e-10, 4.75297023961e-10, 1.5819837107e-10, 7.84263931575e-10, 1.19525922493e-09, 2.8959419307e-09, 7.02904179306e-10, 1.21530729924e-09, 3.55518769979e-09, 9.77647296452e-10, 2.3193995613e-09, 3.35934891016e-10, 5.02562769178e-10, 2.44249648285e-10, 1.46411507917e-10, 1.45963616194e-10, 3.62418081656e-11, 1.34872196744e-10],
        "var": [1.61601010351e-10, 3.45272671565e-10, 6.35403785054e-06, 1.62714823091e-05, 6.70382178214e-06, 2.33653772739e-05, 5.21800757269e-06, 2.42290093411e-06, 1.03917727756e-06, 8.30722058254e-07, 2.48000333158e-07, 5.08805271693e-07, 3.73967765199e-07, 2.96155207025e-07, 4.0346387209e-07, 8.17952525267e-07, 3.911588351e-07, 3.15725884548e-07, 1.00355259747e-06, 6.72132500767e-07, 3.84659387009e-07, 1.04077955143e-07, 7.8126504377e-08, 1.57613442298e-07, 1.47254837657e-07, 1.10839355472e-08, 7.84330933534e-11]
    },
    "erbbands": {
        "dmean": [0.000186569974176, 0.00613444345072, 0.345693409443, 2.51440429688, 2.43483781815, 2.86082649231, 8.25953483582, 10.8984031677, 6.17378473282, 10.5502986908, 5.02847909927, 6.04745864868, 9.1963891983, 5.73883390427, 5.60920858383, 6.72820711136, 6.29280567169, 8.61448574066, 7.44451665878, 8.55167865753, 12.1767349243, 7.92508602142, 7.50101613998, 10.9258842468, 12.0909404755, 9.19674110413, 8.34451580048, 5.11174106598, 3.52009391785, 2.20950031281, 2.06330752373, 1.83971595764, 1.56479477882, 1.02241277695, 0.591791450977, 0.17663025856, 0.0226664673537, 0.00260359002277, 0.000312778895022, 2.24161431106e-05],
        "dmean2": [0.000315194658469, 0.00948301050812, 0.562383651733, 4.2216091156, 4.13151931763, 5.21313762665, 14.2587347031, 18.0856990814, 10.8751554489, 19.938703537, 8.97844982147, 10.6782617569, 15.7408161163, 9.60942077637, 8.94459342957, 11.0602169037, 9.25894165039, 13.7513237, 12.3742704391, 13.8615398407, 20.0468101501, 12.2090911865, 11.8089933395, 17.6325740814, 18.4345550537, 14.1655416489, 13.3477907181, 8.46019077301, 5.73169851303, 3.73530650139, 3.28478598595, 2.99193310738, 2.41957759857, 1.52886509895, 0.902673840523, 0.255021870136, 0.0321922786534, 0.00372918974608, 0.000465175195131, 3.40291844623e-05],
        "dvar": [1.18057232612e-06, 0.000718314026017, 2.96143198013, 164.424789429, 65.9368972778, 60.2456932068, 1087.64123535, 1093.5369873, 708.931884766, 4074.51733398, 547.848205566, 557.563049316, 1343.17956543, 436.143188477, 397.711517334, 475.767333984, 406.410888672, 523.927246094, 383.488769531, 707.109313965, 1830.98608398, 473.571655273, 284.334014893, 889.270507812, 781.227844238, 500.245269775, 527.405700684, 174.051467896, 146.971633911, 56.1756134033, 46.2540473938, 35.2007064819, 23.3840312958, 7.92994451523, 3.62151241302, 0.304510205984, 0.00673675118014, 7.90311969467e-05, 2.13763519241e-06, 1.37859963445e-08],
        "dvar2": [3.26329814015e-06, 0.00155773421284, 7.01312541962, 429.402191162, 174.280090332, 185.492965698, 2938.37475586, 2936.64379883, 2022.17175293, 12289.7148438, 1548.19177246, 1590.56933594, 3489.17163086, 1215.04248047, 952.856323242, 1121.55041504, 756.302062988, 1246.83398438, 1013.64587402, 1677.56018066, 4217.35693359, 893.172058105, 650.621826172, 2205.86254883, 1717.37426758, 1150.18469238, 1414.55712891, 434.286682129, 409.601043701, 155.477310181, 124.711654663, 95.0119400024, 58.6131134033, 19.0436668396, 9.20309734344, 0.649996697903, 0.0147010711953, 0.000179764116183, 5.76497495786e-06, 3.78277036361e-08],
        "max": [0.0145141324028, 0.410095751286, 25.6255989075, 163.870101929, 99.9073562622, 108.549720764, 502.346801758, 458.588012695, 390.619812012, 939.517578125, 390.161590576, 320.442901611, 474.85925293, 309.99029541, 308.316711426, 286.76739502, 288.970336914, 416.878845215, 196.558547974, 359.626159668, 635.919433594, 308.204711914, 298.131286621, 388.124847412, 366.019866943, 363.446105957, 230.473754883, 176.722686768, 138.319869995, 77.9213104248, 75.2529373169, 75.1686553955, 55.3510437012, 34.2944335938, 23.7326183319, 8.48324012756, 1.50609576702, 0.139196127653, 0.021313637495, 0.00178670824971],
        "mean": [0.000151345608174, 0.00584422098473, 0.295250177383, 1.95794391632, 2.60331106186, 3.98523616791, 8.99887371063, 12.8834953308, 7.04493618011, 9.63717269897, 6.91032791138, 7.61920452118, 10.7219686508, 7.70640802383, 7.85608482361, 9.83148574829, 9.99502849579, 12.9008293152, 12.1459779739, 13.4605607986, 17.9148769379, 15.4797115326, 15.1425466537, 19.5034885406, 21.4180183411, 18.1556854248, 14.8878278732, 9.10990619659, 5.30639076233, 3.33551979065, 3.1989262104, 2.93728327751, 2.66279840469, 1.75772345066, 1.014944911, 0.291907429695, 0.0384536236525, 0.0041544213891, 0.000455944391433, 3.49923029717e-05],
        "median": [2.71070643976e-06, 7.56251829443e-05, 0.00267406506464, 0.0219369810075, 0.0671880319715, 0.115155830979, 0.390520840883, 0.604648113251, 0.361616373062, 0.522127389908, 0.497707545757, 0.570915400982, 0.905187904835, 0.542142510414, 0.587586224079, 0.907816469669, 1.05042505264, 1.58143079281, 1.40653383732, 1.8819719553, 2.87268233299, 3.11809444427, 3.11317491531, 3.86913561821, 3.73815584183, 4.12915277481, 3.23223924637, 1.99385011196, 1.04888904095, 0.614994108677, 0.572031378746, 0.490538030863, 0.426324158907, 0.267791211605, 0.124803900719, 0.0340090729296, 0.00442570121959, 0.000422325712861, 4.50616498711e-05, 4.21065078626e-06],
        "min": [7.16382544397e-08, 2.91468779778e-07, 3.46497074588e-07, 3.31943539322e-07, 2.56527232523e-06, 8.93604010344e-06, 5.67659481021e-06, 3.59063392352e-06, 1.22531282614e-05, 1.0117821148e-05, 1.3854955796e-05, 3.80674973712e-05, 3.55190895789e-05, 2.83653225779e-05, 1.13362611955e-05, 9.94788297248e-06, 2.96931248158e-05, 6.55672993162e-05, 0.000159376460942, 6.90549059073e-05, 4.34565044998e-05, 6.38253477518e-05, 0.00017595369718, 0.000100725912489, 5.58781939617e-05, 0.000121994053188, 4.12831141148e-05, 1.01647146948e-05, 2.06650111068e-05, 5.45524699191e-06, 7.95416053734e-06, 4.06354774896e-06, 2.18144168684e-06, 1.28418901113e-06, 8.61360888393e-07, 2.92851837003e-07, 6.04375500757e-08, 3.66923771367e-08, 2.18351683401e-08, 2.25669616327e-09],
        "var": [7.83261555171e-07, 0.000765518110711, 2.62379026413, 122.188117981, 64.8966674805, 95.5177230835, 1019.27056885, 1401.15441895, 531.961669922, 2340.55688477, 575.831726074, 516.924194336, 1280.84423828, 492.837768555, 520.460266113, 676.711853027, 754.508972168, 1020.15618896, 744.983154297, 1172.83569336, 2376.04833984, 1312.65490723, 1027.06018066, 1902.84765625, 2193.12084961, 1581.48217773, 974.814086914, 404.938598633, 161.361816406, 71.6485137939, 67.0802383423, 56.3832244873, 47.8950996399, 18.4605102539, 7.61988544464, 0.710985898972, 0.0142566459253, 0.000161484975251, 2.43611157202e-06, 1.37559901248e-08]
    },
    "gfcc": {
        "mean": [-103.897758484, 15.7357807159, -152.644393921, 21.2952785492, -86.4084396362, -10.967335701, -64.69480896, -1.33363950253, -45.123916626, -2.24489760399, -23.3877468109, -8.36378860474, -12.6815710068],
        "cov": [[17337.9335938, 411.277557373, 556.66217041, -489.948425293, -95.3439788818, 348.273895264, -178.635650635, 139.270874023, -378.59475708, -8.42904281616, -243.924514771, -53.9339561462, -179.53604126], [411.277557373, 946.594665527, 386.281921387, -56.3290405273, 128.633010864, -30.398355484, -59.8267059326, -57.3266563416, -84.7808609009, -60.9528236389, -34.2644271851, -54.9008827209, -8.95951747894], [556.66217041, 386.281921387, 392.615264893, 57.5164337158, 117.987312317, 28.2675971985, -46.9505577087, 4.18170833588, -39.7383880615, 12.4921426773, -4.02317523956, -26.4347343445, -35.0990066528], [-489.948425293, -56.3290405273, 57.5164337158, 149.001739502, 67.0548706055, 37.9013175964, 31.9360733032, 12.8400831223, 23.2027320862, 9.85375976562, 10.2609796524, 0.543538808823, -12.3956823349], [-95.3439788818, 128.633010864, 117.987312317, 67.0548706055, 113.5284729, 37.2237014771, 19.1874713898, 4.2512178421, -2.58281850815, -2.59608125687, 6.42143440247, -7.30143785477, -5.72316074371], [348.273895264, -30.398355484, 28.2675971985, 37.9013175964, 37.2237014771, 65.0795974731, 32.9309654236, 27.0028057098, 2.54968881607, 3.17566823959, -5.40267133713, -5.47721719742, -16.0291423798], [-178.635650635, -59.8267059326, -46.9505577087, 31.9360733032, 19.1874713898, 32.9309654236, 75.0532150269, 26.5948677063, 27.2729530334, -3.8236181736, 1.34117352962, 2.3241546154, 3.61464166641], [139.270874023, -57.3266563416, 4.18170833588, 12.8400831223, 4.2512178421, 27.0028057098, 26.5948677063, 52.6947898865, 26.5384235382, 19.101726532, -2.23590874672, -4.39932823181, -13.5032377243], [-378.59475708, -84.7808609009, -39.7383880615, 23.2027320862, -2.58281850815, 2.54968881607, 27.2729530334, 26.5384235382, 59.6743774414, 23.4455184937, 12.8974313736, 3.86024594307, 0.805927753448], [-8.42904281616, -60.9528236389, 12.4921426773, 9.85375976562, -2.59608125687, 3.17566823959, -3.8236181736, 19.101726532, 23.4455184937, 46.5621833801, 18.6927394867, 6.06727838516, -10.7803287506], [-243.924514771, -34.2644271851, -4.02317523956, 10.2609796524, 6.42143440247, -5.40267133713, 1.34117352962, -2.23590874672, 12.8974313736, 18.6927394867, 34.7592430115, 15.3992862701, 6.21983766556], [-53.9339561462, -54.9008827209, -26.4347343445, 0.543538808823, -7.30143785477, -5.47721719742, 2.3241546154, -4.39932823181, 3.86024594307, 6.06727838516, 15.3992862701, 27.7311077118, 15.3717164993], [-179.53604126, -8.95951747894, -35.0990066528, -12.3956823349, -5.72316074371, -16.0291423798, 3.61464166641, -13.5032377243, 0.805927753448, -10.7803287506, 6.21983766556, 15.3717164993, 35.8524932861]],
        "icov": [[0.000122300276416, 2.32599450101e-05, -0.000196263325051, 0.00052351836348, 0.000199720772798, -0.000970301567577, 0.000204135736567, -0.000166964484379, 0.000492533028591, -0.000247741612839, 0.000673891918268, -0.000577051891014, 0.000166655547218], [2.32599450101e-05, 0.00354485074058, -0.00358906225301, 0.00333530688658, -0.00273055559956, 0.00295497965999, -0.0020763350185, 0.00247609009966, -0.000398918549763, 0.00294581963681, 0.000692701432854, 0.00293075270019, 0.000187018333236], [-0.000196263325051, -0.00358906225301, 0.0096880486235, -0.0047644553706, -0.00397820351645, -0.000509365287144, 0.00642116740346, -0.00541297672316, 0.00337692745961, -0.00468175811693, -0.0012164269574, -0.000135809750645, 0.00119420560077], [0.00052351836348, 0.00333530688658, -0.0047644553706, 0.0165297221392, -0.00663120159879, -0.00429117167369, -0.00311113148928, 0.00549139454961, -0.00407751230523, 0.0020196295809, 0.00362073187716, -0.00367009616457, 0.00555494008586], [0.000199720772798, -0.00273055559956, -0.00397820351645, -0.00663120159879, 0.0248424634337, -0.0122928386554, -0.00279350229539, 0.00203688419424, 0.000324130785884, 0.000852376630064, -0.00685318745673, 0.00300117675215, -0.00619986699894], [-0.000970301567577, 0.00295497965999, -0.000509365287144, -0.00429117167369, -0.0122928386554, 0.0451874695718, -0.0146489776671, -0.00932458601892, 0.0065883169882, 0.00208787899464, 0.000354763818905, 0.00209324457683, 0.00962323695421], [0.000204135736567, -0.0020763350185, 0.00642116740346, -0.00311113148928, -0.00279350229539, -0.0146489776671, 0.032632574439, -0.0120961163193, -0.00796175561845, 0.00911155156791, -0.00269921496511, -0.00264825043269, -0.0046047642827], [-0.000166964484379, 0.00247609009966, -0.00541297672316, 0.00549139454961, 0.00203688419424, -0.00932458601892, -0.0120961163193, 0.0458169281483, -0.0158855561167, -0.0107026714832, 0.0103750787675, 0.00204192753881, 0.00547758908942], [0.000492533028591, -0.000398918549763, 0.00337692745961, -0.00407751230523, 0.000324130785884, 0.0065883169882, -0.00796175561845, -0.0158855561167, 0.0402838252485, -0.0162489414215, -0.0027821068652, 0.00561836129054, -0.00563769042492], [-0.000247741612839, 0.00294581963681, -0.00468175811693, 0.0020196295809, 0.000852376630064, 0.00208787899464, 0.00911155156791, -0.0107026714832, -0.0162489414215, 0.0527041740716, -0.0234413016587, -0.00509784556925, 0.014195419848], [0.000673891918268, 0.000692701432854, -0.0012164269574, 0.00362073187716, -0.00685318745673, 0.000354763818905, -0.00269921496511, 0.0103750787675, -0.0027821068652, -0.0234413016587, 0.0605036206543, -0.0270232073963, 0.000956875563134], [-0.000577051891014, 0.00293075270019, -0.000135809750645, -0.00367009616457, 0.00300117675215, 0.00209324457683, -0.00264825043269, 0.00204192753881, 0.00561836129054, -0.00509784556925, -0.0270232073963, 0.0743857771158, -0.0299720019102], [0.000166655547218, 0.000187018333236, 0.00119420560077, 0.00555494008586, -0.00619986699894, 0.00962323695421, -0.0046047642827, 0.00547758908942, -0.00563769042492, 0.014195419848, 0.000956875563134, -0.0299720019102, 0.0547825917602]]
    },
    "melbands": {
        "dmean": [9.18194700716e-07, 0.000126785147586, 0.000411591841839, 0.000181816227268, 0.00023304388742, 0.000235232975683, 9.96584858513e-05, 0.000106945066364, 3.97976655222e-05, 3.94531452912e-05, 4.54418441223e-05, 2.30244877457e-05, 1.7238797227e-05, 1.96933597181e-05, 1.66603676917e-05, 1.3782082533e-05, 1.69003524206e-05, 1.11152758109e-05, 1.51872327478e-05, 1.41469499795e-05, 1.33232560984e-05, 9.04991429707e-06, 7.84036001278e-06, 7.63591651776e-06, 9.46676391322e-06, 1.05642102426e-05, 7.30538477001e-06, 6.31336479273e-06, 6.14811006017e-06, 3.42887278748e-06, 3.19947366734e-06, 2.16602074943e-06, 1.50815174038e-06, 1.2062149608e-06, 1.24118139411e-06, 1.13123041956e-06, 1.19005017041e-06, 1.14797444439e-06, 9.9304440937e-07, 8.6717858494e-07],
        "dmean2": [1.73516446011e-06, 0.000207708755624, 0.000680446217302, 0.000326390727423, 0.000398924894398, 0.000395016657421, 0.00017692707479, 0.000202883733436, 7.06357313902e-05, 7.10087406333e-05, 7.71398117649e-05, 3.87032378057e-05, 2.84435009235e-05, 3.25762157445e-05, 2.51692090387e-05, 1.99741261895e-05, 2.72292309091e-05, 1.83171123354e-05, 2.51484434557e-05, 2.28442368098e-05, 2.26879128604e-05, 1.36461803777e-05, 1.263462309e-05, 1.23323588923e-05, 1.57447848323e-05, 1.70015300682e-05, 1.16250812425e-05, 9.8045102277e-06, 9.9878770925e-06, 5.42636144019e-06, 5.3508019846e-06, 3.65008804692e-06, 2.50187508755e-06, 2.08957658288e-06, 2.04513116842e-06, 1.75521029178e-06, 2.01583452508e-06, 1.83585234481e-06, 1.55773648203e-06, 1.3281048723e-06],
        "dvar": [6.96151955526e-11, 4.0943808699e-07, 3.86031160815e-06, 2.35177637364e-07, 8.21292587716e-07, 5.00532621572e-07, 2.15965584971e-07, 4.52492798786e-07, 2.33528911764e-08, 2.56239509611e-08, 3.23584110618e-08, 6.7001018067e-09, 4.74708050646e-09, 4.07368139221e-09, 2.66383937131e-09, 1.85508020056e-09, 2.00549177265e-09, 7.58712259685e-10, 1.9980075372e-09, 2.90425949956e-09, 1.88995863404e-09, 5.87820792042e-10, 3.47037870663e-10, 3.39904104862e-10, 7.04337255186e-10, 7.62456042747e-10, 2.8024002563e-10, 2.48429193883e-10, 3.1192712302e-10, 5.82669676397e-11, 7.79657241545e-11, 4.69207311893e-11, 4.1946536522e-11, 1.69705065972e-11, 1.86855565742e-11, 9.02488500598e-12, 2.05076164383e-11, 1.35638245427e-11, 8.58314894853e-12, 5.43917558563e-12],
        "dvar2": [2.06957534443e-10, 9.65437948253e-07, 9.99780695565e-06, 6.89277840138e-07, 2.21452273763e-06, 1.27672205963e-06, 6.24769768365e-07, 1.36085736813e-06, 6.52113456567e-08, 7.21981407992e-08, 8.36246698555e-08, 1.84575768003e-08, 1.25123813532e-08, 8.61920845807e-09, 5.92527094057e-09, 3.45997230866e-09, 4.95063101624e-09, 2.02659355963e-09, 5.33326760532e-09, 7.33135907538e-09, 4.15791756581e-09, 1.05710629139e-09, 9.41887234873e-10, 8.2498557985e-10, 1.81917547692e-09, 1.85355186755e-09, 6.11806605377e-10, 5.91231952285e-10, 8.38986713436e-10, 1.39123268461e-10, 2.10830478076e-10, 1.29451518949e-10, 1.18803245019e-10, 4.77228326301e-11, 5.09806225013e-11, 2.2446431866e-11, 5.72488098594e-11, 3.51476556193e-11, 2.08012999187e-11, 1.29106361019e-11],
        "max": [0.000125428763567, 0.00965134240687, 0.0242084152997, 0.00587278651074, 0.0140322167426, 0.00932638347149, 0.00685004238039, 0.0100991213694, 0.00239953584969, 0.00215029995888, 0.00234200130217, 0.00121882662643, 0.00107345427386, 0.000797316781245, 0.000635067990515, 0.0007568236324, 0.000785676471423, 0.000241915462539, 0.000479190493934, 0.000803469156381, 0.000600303232204, 0.000357920856914, 0.000300233892631, 0.000293021235848, 0.000336914788932, 0.000368840643205, 0.00025099562481, 0.000256692612311, 0.000179639682756, 0.000115318784083, 9.570158727e-05, 6.38612109469e-05, 8.40375505504e-05, 4.26688602602e-05, 5.01427894051e-05, 3.82607431675e-05, 6.18012563791e-05, 3.81235149689e-05, 3.68968358089e-05, 2.83014760498e-05],
        "mean": [6.69120538532e-07, 0.000108035310404, 0.000342703657225, 0.000235006460571, 0.000281037820969, 0.000290829688311, 0.000110014530947, 0.000100380355434, 5.33930287929e-05, 4.97758519487e-05, 5.26514777448e-05, 3.0626415537e-05, 2.3260983653e-05, 2.87054208457e-05, 2.45579140028e-05, 2.07220091397e-05, 2.43553295149e-05, 1.75977347681e-05, 2.10504604183e-05, 1.96970922843e-05, 1.99295154744e-05, 1.61675015988e-05, 1.36740845846e-05, 1.35021309688e-05, 1.5937626813e-05, 1.68481801666e-05, 1.31527631311e-05, 1.18790376291e-05, 1.0185285646e-05, 6.50260562907e-06, 4.88615842187e-06, 3.11259100272e-06, 2.18386890083e-06, 1.73335172349e-06, 1.85553983556e-06, 1.77048207206e-06, 1.80152562734e-06, 1.91197568711e-06, 1.6296855847e-06, 1.44487228226e-06],
        "median": [1.59511266418e-08, 7.59556996854e-07, 5.7629076764e-06, 6.35359810985e-06, 1.27869043354e-05, 1.36479338835e-05, 5.30253919351e-06, 5.65647906114e-06, 3.89363776776e-06, 3.82820735467e-06, 4.38199776909e-06, 2.08112942346e-06, 1.69615339018e-06, 2.56944463217e-06, 2.26053634833e-06, 2.65656353804e-06, 2.91702326649e-06, 2.27250257012e-06, 2.0373524876e-06, 2.80877088699e-06, 3.46961905962e-06, 3.4567945022e-06, 2.37967446992e-06, 3.06792912852e-06, 3.20427989209e-06, 2.85425107904e-06, 2.45231808549e-06, 2.76826244772e-06, 2.15370914702e-06, 1.40239114899e-06, 1.02328817775e-06, 6.11573909737e-07, 4.29689464454e-07, 3.05491482777e-07, 3.22977030009e-07, 3.07508543074e-07, 2.74995471727e-07, 2.90899492938e-07, 2.74367437214e-07, 2.05179787827e-07],
        "min": [3.75116659956e-10, 2.51932252837e-10, 9.24716622719e-11, 4.34606406419e-10, 2.59122612256e-10, 7.90661217054e-11, 1.97771951593e-10, 9.09004052585e-11, 1.37815550638e-10, 2.47683401566e-10, 1.74394068631e-10, 1.17078444162e-10, 5.13006130631e-11, 1.43048810644e-11, 4.80500257638e-11, 8.59663382147e-11, 1.12156381404e-10, 2.38007585862e-10, 1.71429023754e-10, 5.33699993921e-11, 5.5194689097e-11, 7.35174074395e-11, 5.3853258658e-11, 2.43325443128e-10, 5.92048146619e-11, 3.98255803336e-11, 3.91658545873e-11, 9.90371673559e-11, 3.19603232768e-11, 5.7285573854e-12, 5.76421245804e-12, 1.52770417844e-11, 4.97604865299e-12, 2.37774556988e-12, 5.01299305886e-12, 3.6828881958e-12, 2.04361332544e-12, 1.26245433378e-12, 2.07019883007e-12, 7.64370663119e-13],
        "var": [3.68528783878e-11, 3.62819463362e-07, 2.96962434732e-06, 3.30418259864e-07, 8.61171713495e-07, 7.01185570051e-07, 1.49733537569e-07, 2.6536332598e-07, 2.77310618912e-08, 2.30842491789e-08, 3.09973238188e-08, 7.80495401642e-09, 4.95486984775e-09, 6.42080211222e-09, 4.15437284573e-09, 3.52670626036e-09, 3.63725338737e-09, 1.47112177995e-09, 2.98959812461e-09, 3.24683857578e-09, 2.68445354834e-09, 1.54392398866e-09, 8.78668804383e-10, 8.77110106767e-10, 1.33101518696e-09, 1.4869003806e-09, 8.62348803476e-10, 7.11360303995e-10, 4.86847784309e-10, 1.83720191838e-10, 1.33543440195e-10, 5.34418655163e-11, 3.78988888883e-11, 2.02776129221e-11, 2.44516819986e-11, 1.85452157103e-11, 2.47939967168e-11, 2.54835440944e-11, 1.72790479841e-11, 1.25738065793e-11]
    },
    "mfcc": {
        "mean": [-733.39453125, 50.1275596619, -26.0805835724, 9.92953109741, -13.9187345505, -21.0964050293, -14.416510582, -21.9070243835, -16.4728298187, -13.3495178223, -15.2987537384, -10.0763463974, -11.981089592],
        "cov": [[16099.5205078, 522.354614258, 110.579879761, -609.220947266, -144.756011963, -168.277236938, 66.4016036987, -139.974960327, -92.344367981, -154.587738037, -250.624572754, -253.420913696, -159.280899048], [522.354614258, 873.89855957, 245.165161133, 16.9898681641, 119.75302124, -26.3808860779, 24.3318595886, -75.8531951904, -38.5789031982, -64.1585769653, -67.8101577759, -74.7017288208, -33.9646224976], [110.579879761, 245.165161133, 217.470809937, 71.7752075195, 106.214302063, 22.9312744141, 29.7970523834, -16.4426574707, -5.35186195374, -4.30216884613, 6.75126504898, 0.309151381254, 13.8799037933], [-609.220947266, 16.9898681641, 71.7752075195, 121.096237183, 72.2652511597, 46.8742637634, 25.2620658875, 18.1583366394, 14.3850231171, 12.9040651321, 21.308637619, 21.9450378418, 16.1887187958], [-144.756011963, 119.75302124, 106.214302063, 72.2652511597, 120.064292908, 41.7325286865, 35.5837478638, 1.54788804054, 1.38177263737, 5.93336868286, 9.49192523956, 5.71560239792, 14.7129878998], [-168.277236938, -26.3808860779, 22.9312744141, 46.8742637634, 41.7325286865, 60.7201385498, 34.7455711365, 27.8121757507, 14.0820941925, 10.4077062607, 14.0860471725, 11.2645397186, 8.06216144562], [66.4016036987, 24.3318595886, 29.7970523834, 25.2620658875, 35.5837478638, 34.7455711365, 60.1445541382, 28.6166305542, 14.3203353882, 5.17150068283, 6.98079872131, 3.13381838799, 4.64534950256], [-139.974960327, -75.8531951904, -16.4426574707, 18.1583366394, 1.54788804054, 27.8121757507, 28.6166305542, 60.8041534424, 33.9539909363, 21.5506629944, 13.5830497742, 11.851559639, 4.56245231628], [-92.344367981, -38.5789031982, -5.35186195374, 14.3850231171, 1.38177263737, 14.0820941925, 14.3203353882, 33.9539909363, 48.2194595337, 27.4695930481, 17.9563217163, 12.8469171524, 8.65095996857], [-154.587738037, -64.1585769653, -4.30216884613, 12.9040651321, 5.93336868286, 10.4077062607, 5.17150068283, 21.5506629944, 27.4695930481, 50.7871322632, 27.6521129608, 17.684633255, 10.7290630341], [-250.624572754, -67.8101577759, 6.75126504898, 21.308637619, 9.49192523956, 14.0860471725, 6.98079872131, 13.5830497742, 17.9563217163, 27.6521129608, 48.5633926392, 31.5986614227, 19.3191719055], [-253.420913696, -74.7017288208, 0.309151381254, 21.9450378418, 5.71560239792, 11.2645397186, 3.13381838799, 11.851559639, 12.8469171524, 17.684633255, 31.5986614227, 49.8384246826, 29.0402431488], [-159.280899048, -33.9646224976, 13.8799037933, 16.1887187958, 14.7129878998, 8.06216144562, 4.64534950256, 4.56245231628, 8.65095996857, 10.7290630341, 19.3191719055, 29.0402431488, 40.9210510254]],
