{
"lowlevel": {
    "average_loudness": 0.918936431408,
    "barkbands_crest": {
        "dmean": 2.06039905548,
        "dmean2": 3.49218964577,
        "dvar": 2.86121296883,
        "dvar2": 8.14375495911,
        "max": 11.9694776535,
        "mean": 5.67008638382,
        "median": 5.21114826202,
        "min": 2.36390161514,
        "var": 4.53411626816
    },
    "barkbands_flatness_db": {
        "dmean": 0.0111849978566,
        "dmean2": 0.0194525383413,
        "dvar": 8.87239366421e-05,
        "dvar2": 0.000246874056756,
        "max": 0.105723820627,
        "mean": 0.0679277405143,
        "median": 0.0663444399834,
        "min": 0.0378876663744,
        "var": 0.000148622668348
    },
    "barkbands_kurtosis": {
        "dmean": 0.424766153097,
        "dmean2": 0.774488031864,
        "dvar": 0.26569467783,
        "dvar2": 0.745422124863,
        "max": 2.89316368103,
        "mean": -1.04643070698,
        "median": -1.20984959602,
        "min": -1.59592044353,
        "var": 0.278692424297
    },
    "barkbands_skewness": {
        "dmean": 0.400656491518,
        "dmean2": 0.708118081093,
        "dvar": 0.108582034707,
        "dvar2": 0.312526375055,
        "max": 1.58574712276,
        "mean": 0.320954442024,
        "median": 0.339325606823,
        "min": -1.41460037231,
        "var": 0.218338996172
    },
    "barkbands_spread": {
        "dmean": 4.27058315277,
        "dmean2": 7.35296297073,
        "dvar": 12.9613542557,
        "dvar2": 35.9162712097,
        "max": 64.8114089966,
        "mean": 41.1608848572,
        "median": 41.5526199341,
        "min": 17.0998420715,
        "var": 26.6675853729
    },
    "dissonance": {
        "dmean": 0.00657767010853,
        "dmean2": 0.0113929435611,
        "dvar": 3.22547493852e-05,
        "dvar2": 8.90576266102e-05,
        "max": 0.500000059605,
        "mean": 0.490390866995,
        "median": 0.49122262001,
        "min": 0.456121265888,
        "var": 3.89127271774e-05
    },
    "dynamic_complexity": 10.7982492447,
    "erbbands_crest": {
        "dmean": 0.884795367718,
        "dmean2": 1.54863488674,
        "dvar": 0.578420221806,
        "dvar2": 1.74202263355,
        "max": 9.46339988708,
        "mean": 4.30439043045,
        "median": 4.14466810226,
        "min": 2.47295093536,
        "var": 0.786045670509
    },
    "erbbands_flatness_db": {
        "dmean": 0.00945498049259,
        "dmean2": 0.0162121392787,
        "dvar": 5.47549025214e-05,
        "dvar2": 0.000160381940077,
        "max": 0.195566788316,
        "mean": 0.127670869231,
        "median": 0.126725822687,
        "min": 0.100948363543,
        "var": 0.000192239036551
    },
    "erbbands_kurtosis": {
        "dmean": 0.520473361015,
        "dmean2": 0.934374272823,
        "dvar": 0.206615462899,
        "dvar2": 0.574546217918,
        "max": 2.564702034,
        "mean": -0.218233436346,
        "median": -0.312464237213,
        "min": -1.34836089611,
        "var": 0.444536656141
    },
    "erbbands_skewness": {
        "dmean": 0.187486246228,
        "dmean2": 0.3284252882,
        "dvar": 0.0215736571699,
        "dvar2": 0.0624484419823,
        "max": 0.214098259807,
        "mean": -0.518895506859,
        "median": -0.509176433086,
        "min": -1.3197851181,
        "var": 0.0534795932472
    },
    "erbbands_spread": {
        "dmean": 8.18360519409,
        "dmean2": 14.5786161423,
        "dvar": 42.0675354004,
        "dvar2": 117.598594666,
        "max": 71.0087280273,
        "mean": 44.3248939514,
        "median": 44.555557251,
        "min": 15.1150140762,
        "var": 85.6927719116
    },
    "hfc": {
        "dmean": 3.1931116581,
        "dmean2": 4.23198747635,
        "dvar": 41.7388801575,
        "dvar2": 79.3771286011,
        "max": 107.200820923,
        "mean": 13.7844152451,
        "median": 2.02592086792,
        "min": 0.00421999581158,
        "var": 462.434326172
    },
    "melbands_crest": {
        "dmean": 3.05252933502,
        "dmean2": 5.20512294769,
        "dvar": 4.73904037476,
        "dvar2": 14.5925092697,
        "max": 19.1531429291,
        "mean": 9.19106292725,
        "median": 8.9363899231,
        "min": 2.91369628906,
        "var": 8.30582618713
    },
    "melbands_flatness_db": {
        "dmean": 0.0205532256514,
        "dmean2": 0.0355206727982,
        "dvar": 0.000279194850009,
        "dvar2": 0.000805641757324,
        "max": 0.153650835156,
        "mean": 0.08143799752,
        "median": 0.0804415419698,
        "min": 0.0221321601421,
        "var": 0.000488753779791
    },
    "melbands_kurtosis": {
        "dmean": 2.16322803497,
        "dmean2": 3.90123319626,
        "dvar": 4.55452871323,
        "dvar2": 13.1084489822,
        "max": 12.0683546066,
        "mean": 2.14158415794,
        "median": 1.62969112396,
        "min": -1.39928281307,
        "var": 5.87916755676
    },
    "melbands_skewness": {
        "dmean": 0.547800302505,
        "dmean2": 0.963324010372,
        "dvar": 0.18472789228,
        "dvar2": 0.529405236244,
        "max": 3.28348255157,
        "mean": 1.57753992081,
        "median": 1.56898438931,
        "min": -0.654822230339,
        "var": 0.37845286727
    },
    "melbands_spread": {
        "dmean": 13.8458757401,
        "dmean2": 24.1984100342,
        "dvar": 144.647918701,
        "dvar2": 423.109375,
        "max": 135.990219116,
        "mean": 57.4149971008,
        "median": 56.8857460022,
        "min": 22.4901180267,
        "var": 249.361175537
    },
    "pitch_salience": {
        "dmean": 0.0486551560462,
        "dmean2": 0.0839055851102,
        "dvar": 0.00153164472431,
        "dvar2": 0.00428435672075,
        "max": 0.906847655773,
        "mean": 0.72834032774,
        "median": 0.73439592123,
        "min": 0.558619916439,
        "var": 0.00239264126867
    },
    "silence_rate_20dB": {
        "dmean": 0,
        "dmean2": 0,
        "dvar": 0,
        "dvar2": 0,
        "max": 1,
        "mean": 1,
        "median": 1,
        "min": 1,
        "var": 0
    },
    "silence_rate_30dB": {
        "dmean": 0,
        "dmean2": 0,
        "dvar": 0,
        "dvar2": 0,
        "max": 1,
        "mean": 1,
        "median": 1,
        "min": 1,
        "var": 0
    },
    "silence_rate_60dB": {
        "dmean": 0.0228571426123,
        "dmean2": 0.0458452738822,
        "dvar": 0.0223347619176,
        "dvar2": 0.0437435619533,
        "max": 1,
        "mean": 0.603988587856,
        "median": 1,
        "min": 0,
        "var": 0.239185780287
    },
    "spectral_centroid": {
        "dmean": 303.074951172,
        "dmean2": 525.539306641,
        "dvar": 64390.8164062,
        "dvar2": 194665.09375,
        "max": 3649.64990234,
        "mean": 2508.35571289,
        "median": 2517.12402344,
        "min": 1470.67041016,
        "var": 116161.507812
    },
    "spectral_complexity": {
        "dmean": 2.38285708427,
        "dmean2": 3.29512882233,
        "dvar": 11.8077077866,
        "dvar2": 20.1851081848,
        "max": 64,
        "mean": 15.7948713303,
        "median": 3,
        "min": 0,
        "var": 411.467956543
    },
    "spectral_decrease": {
        "dmean": 6.00608285328e-10,
        "dmean2": 9.8247632252e-10,
        "dvar": 1.60476802507e-18,
        "dvar2": 3.87043805673e-18,
        "max": -4.57078331347e-13,
        "mean": -1.71886627154e-09,
        "median": -2.24614785105e-10,
        "min": -1.59052486737e-08,
        "var": 8.06730557141e-18
    },
    "spectral_energy": {
        "dmean": 0.0024272762239,
        "dmean2": 0.00393766118214,
        "dvar": 2.63992697001e-05,
        "dvar2": 6.01232823101e-05,
        "max": 0.0666480213404,
        "mean": 0.00773768732324,
        "median": 0.00102821888868,
        "min": 2.10788743971e-06,
        "var": 0.000158789291163
    },
    "spectral_energyband_high": {
        "dmean": 0.000240583016421,
        "dmean2": 0.000333282689098,
        "dvar": 2.57101390844e-07,
        "dvar2": 5.57559360459e-07,
        "max": 0.00742116291076,
        "mean": 0.000991563894786,
        "median": 0.000158259470481,
        "min": 2.55723051623e-07,
        "var": 2.41085285779e-06
    },
    "spectral_energyband_low": {
        "dmean": 0.000834965961985,
        "dmean2": 0.0015167115489,
        "dvar": 4.18979925598e-06,
        "dvar2": 1.25543547256e-05,
        "max": 0.0157227683812,
        "mean": 0.000762839510571,
        "median": 2.66889546765e-05,
        "min": 1.04653974375e-08,
        "var": 3.64255583918e-06
    },
    "spectral_energyband_middle_high": {
        "dmean": 0.000748606980778,
        "dmean2": 0.00106214592233,
        "dvar": 2.41542375079e-06,
        "dvar2": 5.53193649466e-06,
        "max": 0.0236288607121,
        "mean": 0.00262656714767,
        "median": 0.000378596043447,
        "min": 1.21274433695e-06,
        "var": 1.70181756403e-05
    },
    "spectral_energyband_middle_low": {
        "dmean": 0.00176114472561,
        "dmean2": 0.00302188913338,
        "dvar": 1.50709756781e-05,
        "dvar2": 4.02275800298e-05,
        "max": 0.0474915467203,
        "mean": 0.00372440461069,
        "median": 0.000430891494034,
        "min": 6.44381202619e-07,
        "var": 4.34016001236e-05
    },
    "spectral_entropy": {
        "dmean": 0.0630996525288,
        "dmean2": 0.106544494629,
        "dvar": 0.00423248624429,
        "dvar2": 0.0106982477009,
        "max": 8.59819507599,
        "mean": 8.1699552536,
        "median": 8.17130279541,
        "min": 7.9530673027,
        "var": 0.00556470407173
    },
    "spectral_flux": {
        "dmean": 0.00641168933362,
        "dmean2": 0.00953717716038,
        "dvar": 0.000103173057141,
        "dvar2": 0.000209381105378,
        "max": 0.181780472398,
        "mean": 0.0408984795213,
        "median": 0.0205013956875,
        "min": 0.000962160527706,
        "var": 0.00177236436866
    },
    "spectral_kurtosis": {
        "dmean": 0.505937933922,
        "dmean2": 0.885353088379,
        "dvar": 0.189280852675,
        "dvar2": 0.558798909187,
        "max": 6.52664375305,
        "mean": 2.87994003296,
        "median": 2.82101869583,
        "min": 0.82698225975,
        "var": 0.320619165897
    },
    "spectral_rms": {
        "dmean": 0.000312550459057,
        "dmean2": 0.000489256635774,
        "dvar": 2.21950358537e-07,
        "dvar2": 4.89856176955e-07,
        "max": 0.00806365069002,
        "mean": 0.00191621412523,
        "median": 0.00100156897679,
        "min": 4.53483808087e-05,
        "var": 3.87708496419e-06
    },
    "spectral_rolloff": {
        "dmean": 685.801513672,
        "dmean2": 1201.47827148,
        "dvar": 675742.375,
        "dvar2": 1929135.125,
        "max": 9302.34375,
        "mean": 3942.47729492,
        "median": 3919.04296875,
        "min": 1550.390625,
        "var": 709854
    },
    "spectral_skewness": {
        "dmean": 0.0869899839163,
        "dmean2": 0.149331450462,
        "dvar": 0.00840647518635,
        "dvar2": 0.0203720554709,
        "max": 2.38540458679,
        "mean": 1.26437628269,
        "median": 1.26299118996,
        "min": 0.777574181557,
        "var": 0.0111664095894
    },
    "spectral_spread": {
        "dmean": 367214.53125,
        "dmean2": 610689.75,
        "dvar": 408388599808,
        "dvar2": 679167393792,
        "max": 14240990,
        "mean": 5145024.5,
        "median": 5128277.5,
        "min": 3168576.25,
        "var": 487118536704
    },
    "spectral_strongpeak": {
        "dmean": 0.131773263216,
        "dmean2": 0.233127012849,
        "dvar": 0.0524201355875,
        "dvar2": 0.154378443956,
        "max": 1.80332183838,
        "mean": 0.203169718385,
        "median": 0.0886977538466,
        "min": 0.00164410786238,
        "var": 0.0771810784936
    },
    "zerocrossingrate": {
        "dmean": 0.0110044647008,
        "dmean2": 0.0151605028659,
        "dvar": 8.62618981046e-05,
        "dvar2": 0.000144625199027,
        "max": 0.18798828125,
        "mean": 0.129375055432,
        "median": 0.12939453125,
        "min": 0.0673828125,
        "var": 0.000258585379925
    },
    "barkbands": {
        "dmean": [3.73417385902e-08, 4.88288424094e-06, 0.00045862206025, 0.000564485322684, 0.000595227989834, 0.00111083546653, 0.000237024112721, 0.000122521320009, 0.000140088974149, 0.0001437386818, 7.5578900578e-05, 0.000129687279696, 0.000113787711598, 0.000122751487652, 0.000147313287016, 0.000134506160975, 0.000115962808195, 0.000131464199512, 0.00017938487872, 0.000123884499772, 9.2933049018e-05, 3.82186626666e-05, 2.76809823845e-05, 4.21947843279e-05, 4.37421331299e-05, 1.27701832753e-05, 7.1633405696e-07],
        "dmean2": [6.4981506398e-08, 8.76140711625e-06, 0.000819219218101, 0.001074935426, 0.00095839734422, 0.00194827001542, 0.000416729715653, 0.000221189577132, 0.000240108885919, 0.000242804599111, 0.000127009276184, 0.000217857115786, 0.000199966772925, 0.000200342052267, 0.000254645885434, 0.000219999288674, 0.00019344688917, 0.000211263119127, 0.000290407624561, 0.000188321049791, 0.000142428441904, 6.30873255432e-05, 4.14629248553e-05, 6.30111680948e-05, 6.00340717938e-05, 2.02023275051e-05, 1.04317916794e-06],
        "dvar": [2.09689507071e-15, 8.13395947818e-11, 1.03195134216e-06, 2.85352984974e-06, 1.6236870124e-06, 5.54194321012e-06, 2.5229829248e-07, 7.21679498383e-08, 1.08425219025e-07, 1.1929623156e-07, 2.46734401799e-08, 6.87226489049e-08, 5.02311010564e-08, 6.80936267372e-08, 1.18525953496e-07, 8.16121072944e-08, 6.76429436908e-08, 6.530766683e-08, 1.39570616398e-07, 7.02876263858e-08, 3.46935102868e-08, 5.815487647e-09, 2.77247758085e-09, 8.18351253429e-09, 7.20072090843e-09, 7.64769081396e-10, 3.32760511854e-12],
        "dvar2": [6.25246602675e-15, 2.52060955441e-10, 2.98811301036e-06, 8.83339453139e-06, 3.80376627618e-06, 1.56113073899e-05, 6.82578331634e-07, 2.33256088222e-07, 3.23056895013e-07, 2.88836957907e-07, 6.54697558389e-08, 1.56906637017e-07, 1.42885539844e-07, 1.89993201616e-07, 3.51375433638e-07, 2.15119300151e-07, 1.89558036823e-07, 1.763280153e-07, 3.84151206845e-07, 1.88726872352e-07, 8.51176551464e-08, 1.7341381664e-08, 6.15569284435e-09, 1.87561148834e-08, 1.43309106804e-08, 1.64508795475e-09, 8.01742786743e-12],
        "max": [3.58008662715e-07, 6.33218005532e-05, 0.007907288149, 0.0141590517014, 0.0130834020674, 0.020813703537, 0.0051389252767, 0.00205931812525, 0.00386202149093, 0.00476453220472, 0.00138196744956, 0.00295789819211, 0.00177158031147, 0.00295385508798, 0.00425140606239, 0.00280510820448, 0.00316598452628, 0.00272691063583, 0.00382003281265, 0.00325895333663, 0.00220711552538, 0.000884055276401, 0.000725721474737, 0.00116164132487, 0.00122705358081, 0.00037234442425, 2.74473295576e-05],
        "mean": [3.6744847165e-08, 5.32876265424e-06, 0.000443654658739, 0.000443308817921, 0.000912029354367, 0.00153264752589, 0.000335967866704, 0.000167307909578, 0.000242707712459, 0.000220487636398, 0.000110942804895, 0.00022897508461, 0.000190719496459, 0.000239730303292, 0.000261279055849, 0.000278608524241, 0.000247779622441, 0.00030501827132, 0.000420154625317, 0.000346860178979, 0.000268346455414, 0.000112203590106, 9.15720811463e-05, 0.000141700220411, 0.000152626816998, 3.55876654794e-05, 2.05381411433e-06],
        "median": [2.07599946123e-08, 5.78832896281e-07, 1.71902447619e-05, 2.20230922423e-05, 0.000113629030238, 0.000175835259142, 2.97670885629e-05, 2.1729267246e-05, 2.55265367741e-05, 1.52323227667e-05, 9.14813062991e-06, 2.65982234851e-05, 2.36395153479e-05, 2.97125588986e-05, 3.09428178298e-05, 4.17756382376e-05, 3.03762426483e-05, 4.7772511607e-05, 5.68124451092e-05, 5.3066865803e-05, 3.68782493751e-05, 1.50773685164e-05, 1.42990938912e-05, 2.04436746571e-05, 2.17927536141e-05, 4.68864436698e-06, 2.49962994303e-07],
        "min": [9.095171144e-11, 6.62494614723e-10, 9.73508607061e-10, 2.43245281695e-08, 1.15078613305e-07, 1.28644416009e-07, 6.53261125194e-08, 1.31906698897e-08, 4.33754152596e-08, 5.61389654763e-08, 2.14537010379e-08, 6.45645457098e-08, 7.52572404394e-08, 5.77421523928e-08, 9.38297901598e-08, 1.63717658097e-07, 1.99757337782e-07, 1.22042180806e-07, 7.24972366584e-08, 1.88097061482e-07, 4.14858547515e-08, 4.45149517248e-08, 3.19515223168e-08, 1.26411690005e-08, 5.21244070129e-09, 1.79945969236e-09, 3.17747961276e-09],
        "var": [2.01866776638e-15, 9.37484118113e-11, 1.05391188754e-06, 1.87277680652e-06, 3.40291535394e-06, 9.08749370865e-06, 4.56513618019e-07, 9.92293678337e-08, 1.97285189074e-07, 2.13139600191e-07, 4.26256860919e-08, 1.82154607842e-07, 1.03983786914e-07, 1.77676298563e-07, 2.1042531273e-07, 2.3471203292e-07, 1.76114596684e-07, 2.40627286985e-07, 4.7322367891e-07, 3.01605382447e-07, 1.83341825277e-07, 3.11057490876e-08, 2.10242205867e-08, 5.45880851632e-08, 6.1609718216e-08, 3.77317199707e-09, 1.31323944774e-11]
    },
    "erbbands": {
        "dmean": [0.00010795948765, 0.00601308839396, 0.300624489784, 1.61557245255, 1.38975083828, 2.64463877678, 5.80766534805, 10.1864070892, 3.45449471474, 4.087038517, 2.46236085892, 3.06377434731, 4.70784330368, 3.49236059189, 3.82852673531, 4.8981089592, 4.98949050903, 6.41985702515, 6.44489049911, 6.13791227341, 7.12467908859, 5.95063877106, 6.56059026718, 6.99359178543, 8.76997661591, 5.49209165573, 4.9665851593, 2.89604234695, 1.43709635735, 0.956368088722, 0.813248097897, 0.878883302212, 0.795981287956, 0.584060847759, 0.280681103468, 0.0951289013028, 0.0143141960725, 0.00124784582295, 0.000139767871588, 8.45444810693e-06],
        "dmean2": [0.000186246747035, 0.0103759020567, 0.536241173744, 3.01288461685, 2.41725611687, 4.13170528412, 10.112742424, 17.7760868073, 5.73262548447, 7.43146705627, 4.3368973732, 5.19125318527, 8.24599552155, 5.99152565002, 6.55953741074, 7.92987728119, 8.5303401947, 10.4197425842, 11.1264657974, 10.6955575943, 11.6113357544, 9.78760051727, 10.0562601089, 10.5113010406, 14.7091646194, 8.38530731201, 7.53185987473, 4.60012197495, 2.41798233986, 1.59980857372, 1.20040154457, 1.33864426613, 1.23017072678, 0.835361361504, 0.378226280212, 0.148340284824, 0.0204173773527, 0.00167211005464, 0.000200645881705, 1.20202512335e-05],
        "dvar": [4.76796984117e-08, 0.000143319892231, 0.431923031807, 18.858171463, 11.3212137222, 33.5172538757, 149.655776978, 448.861206055, 65.102973938, 78.5268249512, 25.2138500214, 60.7348480225, 126.269416809, 61.5149002075, 57.8027687073, 105.025390625, 104.512542725, 202.394042969, 229.697570801, 160.30329895, 257.786743164, 169.591949463, 153.627349854, 188.886535645, 401.016326904, 129.373275757, 105.403015137, 41.5336875916, 8.95093250275, 3.88250899315, 2.60817027092, 4.39035701752, 2.49552845955, 1.385810256, 0.268524944782, 0.0385273583233, 0.000883453467395, 6.95899325365e-06, 1.06013423817e-07, 3.59244078929e-10],
        "dvar2": [1.40621892797e-07, 0.000405496452004, 1.24684488773, 57.4278678894, 34.4723930359, 76.7876968384, 400.326751709, 1294.56054688, 157.901107788, 234.321426392, 80.5120239258, 179.606933594, 343.740875244, 161.690109253, 173.661117554, 226.159454346, 296.716430664, 571.467346191, 657.988586426, 468.430328369, 649.252929688, 454.589660645, 395.815368652, 447.388153076, 1179.65234375, 335.844512939, 281.242156982, 104.844581604, 25.9977226257, 10.9399080276, 5.95527887344, 10.4463071823, 6.50329685211, 3.19933319092, 0.443783313036, 0.0765577405691, 0.0020029367879, 1.35709160531e-05, 2.43491712126e-07, 7.73616393168e-10],
        "max": [0.00180682004429, 0.0955280959606, 5.12084436417, 35.1387176514, 32.2004508972, 59.9318313599, 117.34072876, 183.606277466, 83.2828903198, 63.8742828369, 39.3359680176, 94.39894104, 142.642913818, 65.1947250366, 64.7718353271, 118.483566284, 94.6280212402, 163.739547729, 167.841598511, 150.012374878, 173.061645508, 177.298477173, 125.284500122, 159.695175171, 190.915283203, 146.873580933, 112.031982422, 77.9485244751, 35.1700592041, 25.1711406708, 21.1504974365, 25.213766098, 18.4516792297, 15.9300842285, 7.48917102814, 2.6077914238, 0.409566044807, 0.0356168486178, 0.00490918848664, 0.000293803168461],
        "mean": [0.000134295027237, 0.00713204918429, 0.302165091038, 1.3813918829, 1.49445211887, 4.00476121902, 8.00672149658, 12.7752094269, 5.57467794418, 4.93416070938, 3.9502158165, 5.3496131897, 7.4826130867, 5.72453022003, 5.86076593399, 9.22229194641, 8.81217002869, 11.9309892654, 12.9150018692, 12.3457965851, 16.2776889801, 14.4149484634, 16.361946106, 19.6838703156, 20.2613601685, 16.2970085144, 13.1891775131, 8.59369182587, 4.34537363052, 2.89172434807, 2.65742373466, 2.70904445648, 2.48306179047, 1.8403365612, 0.987213492393, 0.295293658972, 0.0397925488651, 0.00378933525644, 0.000400722870836, 2.95660393022e-05],
        "median": [9.91140950646e-06, 0.000498582841828, 0.0155695332214, 0.0660578608513, 0.251409113407, 0.275472044945, 0.974992275238, 1.40974020958, 0.496977567673, 0.541947424412, 0.467174470425, 0.493691474199, 0.620967209339, 0.444475233555, 0.54213654995, 1.21502637863, 1.14570963383, 1.46143317223, 1.54203748703, 1.64003205299, 2.44561934471, 1.90199458599, 2.21354484558, 2.83001160622, 2.79441738129, 2.53236269951, 1.89711081982, 1.26632249355, 0.573256790638, 0.383271694183, 0.421344637871, 0.391973763704, 0.34115204215, 0.258915871382, 0.132227733731, 0.0376103259623, 0.00492760399356, 0.000421901670052, 4.73893451272e-05, 3.66743302038e-06],
        "min": [2.06171950623e-08, 1.52868153691e-07, 1.67721657363e-06, 5.17601329193e-05, 0.000195678978343, 0.000366231979569, 0.00022470280237, 0.00143486983143, 0.00111203885172, 0.00052490766393, 0.000931129150558, 0.00121712079272, 0.00107469665818, 0.00138902897015, 0.00141564349178, 0.00391299370676, 0.00366615271196, 0.00316054932773, 0.00528372684494, 0.00506423087791, 0.00806573778391, 0.00998784787953, 0.0060405805707, 0.00541962962598, 0.00492715137079, 0.00773184467107, 0.00305845262483, 0.00176806910895, 0.00161646702327, 0.00114120938815, 0.000578898005188, 0.000339217222063, 0.000223099050345, 8.54475147207e-05, 2.7251227948e-05, 1.33483490572e-05, 1.81430891644e-06, 5.74529735786e-07, 3.64468974112e-07, 6.84263454787e-08],
        "var": [6.78598439663e-08, 0.00019703975704, 0.461798787117, 14.2402610779, 10.6134624481, 73.3765945435, 244.905197144, 696.834838867, 129.164535522, 99.0894241333, 48.1812057495, 103.304244995, 213.408981323, 125.147727966, 110.981834412, 290.127410889, 224.780471802, 435.345123291, 490.562591553, 428.538360596, 796.118347168, 557.668518066, 675.205505371, 976.470336914, 1130.58996582, 639.770996094, 459.112670898, 185.702285767, 47.5584869385, 21.7368507385, 17.5706596375, 21.2560558319, 16.1981830597, 9.20395946503, 2.55084657669, 0.245459988713, 0.00470556505024, 4.29183492088e-05, 4.87036345476e-07, 2.40030328946e-09]
    },
    "gfcc": {
        "mean": [-101.070915222, 22.5518894196, -140.882232666, 26.2440242767, -79.2902832031, -7.05124425888, -66.8453826904, -1.84002149105, -47.2022628784, -1.27761101723, -22.9154052734, -7.45580434799, -13.160990715],
        "cov": [[20176.5019531, 793.565979004, 822.33984375, -69.4084625244, 172.396621704, 528.596984863, 230.455551147, 384.749969482, -190.277938843, 85.0612411499, -127.999687195, -13.9155693054, -39.6881561279], [793.565979004, 203.17364502, 109.236785889, 22.8743076324, 42.5873908997, 26.6376304626, 24.93708992, 25.789182663, -1.23886609077, 5.29036808014, -6.92640209198, -12.6922292709, -3.89033937454], [822.33984375, 109.236785889, 135.587020874, 41.0449829102, 37.3115882874, 39.9548225403, 6.27050065994, 22.8774337769, -5.95613861084, 8.28795433044, -7.93837881088, -7.53274345398, -9.58703231812], [-69.4084625244, 22.8743076324, 41.0449829102, 51.0503692627, 31.8929347992, 19.2793216705, 4.92325210571, 2.8278901577, 1.03940713406, 1.03967630863, -2.02612447739, -1.52823603153, -3.73998475075], [172.396621704, 42.5873908997, 37.3115882874, 31.8929347992, 59.8038406372, 33.7409553528, 20.2467899323, 11.7160282135, 3.59331583977, 5.00107526779, -0.969813942909, -2.63484120369, -1.98052978516], [528.596984863, 26.6376304626, 39.9548225403, 19.2793216705, 33.7409553528, 54.1991844177, 30.1610546112, 23.3867263794, 1.81764793396, 6.37812519073, -4.3068561554, -3.98211765289, -5.76997470856], [230.455551147, 24.93708992, 6.27050065994, 4.92325210571, 20.2467899323, 30.1610546112, 48.7623214722, 27.051568985, 14.4320020676, 3.77565431595, -0.916950702667, -1.3104442358, -2.21243000031], [384.749969482, 25.789182663, 22.8774337769, 2.8278901577, 11.7160282135, 23.3867263794, 27.051568985, 38.4380722046, 12.2769193649, 7.8772726059, -3.32016563416, -4.01813697815, -5.19683170319], [-190.277938843, -1.23886609077, -5.95613861084, 1.03940713406, 3.59331583977, 1.81764793396, 14.4320020676, 12.2769193649, 31.8603096008, 11.9306125641, 6.91817569733, 1.07035601139, -1.60671699047], [85.0612411499, 5.29036808014, 8.28795433044, 1.03967630863, 5.00107526779, 6.37812519073, 3.77565431595, 7.8772726059, 11.9306125641, 25.7677669525, 15.4548273087, 2.58173346519, -1.52120244503], [-127.999687195, -6.92640209198, -7.93837881088, -2.02612447739, -0.969813942909, -4.3068561554, -0.916950702667, -3.32016563416, 6.91817569733, 15.4548273087, 27.9636001587, 12.9907398224, 2.93474149704], [-13.9155693054, -12.6922292709, -7.53274345398, -1.52823603153, -2.63484120369, -3.98211765289, -1.3104442358, -4.01813697815, 1.07035601139, 2.58173346519, 12.9907398224, 21.4484786987, 10.5386381149], [-39.6881561279, -3.89033937454, -9.58703231812, -3.73998475075, -1.98052978516, -5.76997470856, -2.21243000031, -5.19683170319, -1.60671699047, -1.52120244503, 2.93474149704, 10.5386381149, 21.692905426]],
        "icov": [[0.000139278650749, -0.000219640976866, -0.00049158296315, 0.000989175168797, 0.000202718365472, -0.00103833444882, 0.000108993721369, -0.0007282148581, 0.00112002342939, -0.000834082020447, 0.000925095111597, -0.0010268985061, 0.000145896541653], [-0.000219640976866, 0.0129816103727, -0.0119673218578, 0.00384719250724, -0.00686698919162, 0.012040130794, -0.0103485323489, 0.00161910324823, 0.00052087410586, 0.00267320335843, -0.00503276893869, 0.00961136445403, -0.00455377390608], [-0.00049158296315, -0.0119673218578, 0.0284357909113, -0.0167862847447, 0.00416786363348, -0.012727865018, 0.0172993168235, -0.00680593540892, -0.00169520045165, -0.00289876176976, 0.00331263826229, -0.00488098990172, 0.00535062979907], [0.000989175168797, 0.00384719250724, -0.0167862847447, 0.0453397147357, -0.0167937576771, -0.00530411768705, -0.000811423407868, 0.002494455548, 0.00225596735254, 0.000165634904988, 0.00532411411405, -0.00748448679224, 0.00356317241676], [0.000202718365472, -0.00686698919162, 0.00416786363348, -0.0167937576771, 0.039021525532, -0.0207297969609, -0.00119364843704, 0.00325267878361, -0.000684769300278, -0.00301854335703, -7.66398370615e-05, -5.20997091371e-05, -0.003434430575], [-0.00103833444882, 0.012040130794, -0.012727865018, -0.00530411768705, -0.0207297969609, 0.0669573321939, -0.0328787900507, -0.00105735496618, 0.00819302629679, -0.00674817990512, 8.92496536835e-05, 0.00867930334061, 0.00193559296895], [0.000108993721369, -0.0103485323489, 0.0172993168235, -0.000811423407868, -0.00119364843704, -0.0328787900507, 0.062257733196, -0.0265122111887, -0.0167719107121, 0.014898580499, -0.00499548017979, -0.00543477060273, 0.000111555069452], [-0.0007282148581, 0.00161910324823, -0.00680593540892, 0.002494455548, 0.00325267878361, -0.00105735496618, -0.0265122111887, 0.0634766221046, -0.0166917517781, -0.00991831440479, 0.00984258484095, 0.00268587865867, 0.00433055218309], [0.00112002342939, 0.00052087410586, -0.00169520045165, 0.00225596735254, -0.000684769300278, 0.00819302629679, -0.0167719107121, -0.0166917517781, 0.0612283311784, -0.030280046165, 0.00888676475734, -0.00868567824364, 0.00361865852028], [-0.000834082020447, 0.00267320335843, -0.00289876176976, 0.000165634904988, -0.00301854335703, -0.00674817990512, 0.014898580499, -0.00991831440479, -0.030280046165, 0.0933509543538, -0.0626213774085, 0.0288406033069, -0.00646203570068], [0.000925095111597, -0.00503276893869, 0.00331263826229, 0.00532411411405, -7.66398370615e-05, 8.92496536835e-05, -0.00499548017979, 0.00984258484095, 0.00888676475734, -0.0626213774085, 0.100266292691, -0.061604488641, 0.0176674537361], [-0.0010268985061, 0.00961136445403, -0.00488098990172, -0.00748448679224, -5.20997091371e-05, 0.00867930334061, -0.00543477060273, 0.00268587865867, -0.00868567824364, 0.0288406033069, -0.061604488641, 0.106750562787, -0.0433568246663], [0.000145896541653, -0.00455377390608, 0.00535062979907, 0.00356317241676, -0.003434430575, 0.00193559296895, 0.000111555069452, 0.00433055218309, 0.00361865852028, -0.00646203570068, 0.0176674537361, -0.0433568246663, 0.0682652816176]]
    },
    "melbands": {
        "dmean": [7.32331443487e-07, 0.000113895694085, 0.00025141792139, 0.000142205055454, 0.000173221051227, 0.000219757988816, 5.25653413206e-05, 3.94011331082e-05, 1.99963051273e-05, 1.96941218746e-05, 2.372052586e-05, 1.47967039084e-05, 1.04058462966e-05, 1.49726656673e-05, 1.37201368489e-05, 1.1293096577e-05, 1.26626646306e-05, 9.82150231721e-06, 1.29605959955e-05, 8.93005744729e-06, 8.40402572067e-06, 7.83117775427e-06, 5.95596611674e-06, 6.57802502246e-06, 6.22357765678e-06, 7.79807123763e-06, 5.4126089708e-06, 3.82526832254e-06, 3.78304298465e-06, 2.46509671342e-06, 1.63322499702e-06, 9.1057387408e-07, 8.1378249206e-07, 5.39849622783e-07, 5.44952570181e-07, 5.33072750386e-07, 6.20645778326e-07, 6.00220346314e-07, 5.5638122376e-07, 5.30249565145e-07],
        "dmean2": [1.32558045607e-06, 0.000202103037736, 0.000466899655294, 0.000232261940255, 0.000294105819194, 0.000382327591069, 8.85595727596e-05, 7.07515064278e-05, 3.51988528564e-05, 3.3567292121e-05, 4.16137263528e-05, 2.50520697591e-05, 1.78377740667e-05, 2.45539613388e-05, 2.22616017709e-05, 1.94053500309e-05, 2.12895010918e-05, 1.69568429556e-05, 2.31982157857e-05, 1.50840851347e-05, 1.40032980198e-05, 1.33426092361e-05, 9.83724203252e-06, 1.04293394543e-05, 9.83104291663e-06, 1.30949329105e-05, 8.81816322362e-06, 6.17033902017e-06, 6.08783602729e-06, 4.06364733863e-06, 2.63607057605e-06, 1.57686804414e-06, 1.42654835145e-06, 8.8844643642e-07, 8.74705676779e-07, 8.61384478412e-07, 9.4145894991e-07, 9.88829810922e-07, 8.90820899713e-07, 7.57085615533e-07],
        "dvar": [1.84059126447e-12, 6.05296648359e-08, 4.7597902153e-07, 9.07046882048e-08, 1.326989576e-07, 2.06549657378e-07, 1.44915484057e-08, 7.3240529197e-09, 1.61528546094e-09, 2.30919749988e-09, 3.37864070055e-09, 1.09325193343e-09, 4.05731032105e-10, 8.35758073858e-10, 9.33232491285e-10, 5.1587562e-10, 8.21495427239e-10, 5.19664589138e-10, 9.7215557826e-10, 3.43058359498e-10, 3.76004727354e-10, 3.09887004946e-10, 1.61508292851e-10, 1.52447082735e-10, 1.66104463517e-10, 3.39072769862e-10, 1.78552755914e-10, 5.49410690553e-11, 6.62280508212e-11, 2.55737601235e-11, 1.56969871129e-11, 3.32230011731e-12, 3.73688710184e-12, 1.12811062575e-12, 1.12300056407e-12, 1.3561981399e-12, 2.32076901099e-12, 1.40807060022e-12, 1.39803630912e-12, 1.16714743339e-12],
        "dvar2": [5.84421356795e-12, 1.74433893108e-07, 1.45613603308e-06, 2.35085579448e-07, 3.45811201896e-07, 5.89943510931e-07, 3.62836054535e-08, 2.21298481762e-08, 5.20339948906e-09, 6.69465549663e-09, 9.15556874759e-09, 2.7926054802e-09, 1.15148146573e-09, 2.19228035725e-09, 2.46920994762e-09, 1.47303780285e-09, 2.36237673867e-09, 1.45751688496e-09, 2.8938840213e-09, 9.96407401033e-10, 9.38737199085e-10, 9.04109065392e-10, 4.25724455688e-10, 4.03502037338e-10, 4.20435797288e-10, 9.41238864627e-10, 5.67358771075e-10, 1.39200664884e-10, 1.79985151783e-10, 6.86943626982e-11, 4.279696042e-11, 9.03001805275e-12, 1.19276203497e-11, 3.12027010133e-12, 2.78588957459e-12, 3.39273791353e-12, 5.5982514631e-12, 3.92968687105e-12, 3.3979670206e-12, 2.76366885106e-12],
        "max": [9.56240091909e-06, 0.00187399750575, 0.00578255672008, 0.00290209590457, 0.00337251950987, 0.00403776066378, 0.00127322168555, 0.000601448584348, 0.000328337366227, 0.000584972382057, 0.000755029323045, 0.000301398482407, 0.000175806941115, 0.000300302868709, 0.000338107784046, 0.000161694915732, 0.000334708427545, 0.000255838880548, 0.000381564052077, 0.000181048832019, 0.000208836543607, 0.000202639726922, 0.000144096848089, 0.000154571884195, 0.000144785997691, 0.000190057908185, 0.000158642054885, 8.04842929938e-05, 8.31447396195e-05, 5.46108858543e-05, 4.91993050673e-05, 2.08700057556e-05, 2.02211504075e-05, 1.18143916552e-05, 1.29662557811e-05, 1.41481104947e-05, 1.7700058379e-05, 1.31388587761e-05, 1.5235095816e-05, 1.49643292389e-05],
        "mean": [8.30389410567e-07, 0.000113192858407, 0.000224189789151, 0.000193120766198, 0.000258779065916, 0.00028498240863, 8.24316739454e-05, 4.92444887641e-05, 3.26754161506e-05, 3.43185347447e-05, 3.69132794731e-05, 2.31112444453e-05, 1.64992652572e-05, 2.47956540989e-05, 2.27872133109e-05, 1.87947971426e-05, 2.24082996283e-05, 1.90695482161e-05, 2.13395233004e-05, 1.67708021763e-05, 1.87610294233e-05, 1.51598915181e-05, 1.39065869007e-05, 1.47644595927e-05, 1.58520597324e-05, 1.66344725585e-05, 1.20166851048e-05, 1.05744811663e-05, 8.7354274001e-06, 6.60702062305e-06, 4.34761886936e-06, 2.56655926023e-06, 1.80432891739e-06, 1.52639040607e-06, 1.54077929437e-06, 1.49523486925e-06, 1.7069974092e-06, 1.73186560914e-06, 1.66990537309e-06, 1.51732558606e-06],
        "median": [9.30533943233e-08, 5.01388149132e-06, 1.84602286026e-05, 2.00226004381e-05, 2.86351132672e-05, 3.18825113936e-05, 7.21264359527e-06, 5.63384264751e-06, 3.8015730297e-06, 3.29053432324e-06, 3.05013668367e-06, 1.69003578776e-06, 1.43739669056e-06, 3.23458220919e-06, 2.44090824708e-06, 2.3305740342e-06, 2.59428657046e-06, 2.09452787203e-06, 2.39039832195e-06, 2.38795996665e-06, 2.61676836999e-06, 1.9401636564e-06, 2.09487097891e-06, 2.28561293625e-06, 2.25726876124e-06, 2.16567741518e-06, 1.78397021955e-06, 1.6588944618e-06, 1.31369063183e-06, 9.33705450734e-07, 6.68809377657e-07, 3.46537916585e-07, 2.38105528183e-07, 2.03978871127e-07, 2.49576913802e-07, 2.16641581119e-07, 2.39138955749e-07, 2.35437212837e-07, 2.40098245285e-07, 2.27583058177e-07],
        "min": [2.62295268838e-10, 2.8592239687e-10, 1.04821529234e-08, 3.13778656391e-08, 7.20319315306e-09, 3.16538297795e-08, 1.65252860285e-08, 4.36978320195e-09, 9.7807086874e-09, 6.53713660981e-09, 4.86304330138e-09, 3.76763598098e-09, 3.52455598041e-09, 5.99948313251e-09, 1.06790496446e-08, 6.92737467389e-09, 5.57575186022e-09, 8.24407742073e-09, 7.36315675098e-09, 8.7433322804e-09, 7.79442022036e-09, 1.15892415664e-08, 5.31408073101e-09, 5.8223319499e-09, 4.1874890222e-09, 2.83600898321e-09, 4.33497238106e-09, 4.33138902523e-09, 2.00540384299e-09, 1.14704579168e-09, 1.07881925615e-09, 1.05182729193e-09, 5.35538502433e-10, 5.0544685104e-10, 3.01706964967e-10, 3.40322631187e-10, 1.57825350011e-10, 1.62568722373e-10, 1.33686367532e-10, 4.95713782522e-11],
        "var": [2.17961044179e-12, 6.48885176702e-08, 3.59321319365e-07, 1.59453890092e-07, 2.53578775755e-07, 3.34429614668e-07, 2.79944742942e-08, 9.52802103882e-09, 3.23342463915e-09, 4.11145295587e-09, 5.41565503553e-09, 2.18639528704e-09, 8.55644333164e-10, 2.06302930295e-09, 1.79204562301e-09, 1.03019492936e-09, 1.6065453412e-09, 1.10996323244e-09, 1.50343704153e-09, 8.51323955775e-10, 1.0819367624e-09, 6.69391486685e-10, 5.25363252901e-10, 5.6500110146e-10, 6.55804133221e-10, 8.32958590991e-10, 4.0171921345e-10, 2.70006628167e-10, 2.16573467493e-10, 1.12666057039e-10, 4.84960197e-11, 1.66913149968e-11, 9.41702184981e-12, 6.17060048891e-12, 5.90403377229e-12, 6.16565088915e-12, 8.99649885838e-12, 7.8553656635e-12, 7.69262171324e-12, 6.44115143167e-12]
    },
    "mfcc": {
        "mean": [-734.47265625, 57.273109436, -18.210062027, 14.6130237579, -4.51294469833, -16.0767593384, -10.6039333344, -21.5881824493, -16.6538543701, -13.3426618576, -14.7681179047, -10.0814247131, -11.5980377197],
        "cov": [[19381.7871094, 790.655029297, 492.697174072, -207.212768555, 30.6650276184, 57.250743866, 386.539276123, 135.50692749, 177.561279297, 86.8208465576, -51.4695091248, -154.219650269, -71.3367462158], [790.655029297, 174.323364258, 67.5047607422, 20.8288536072, 26.1486682892, 7.72517633438, 31.2413368225, 6.67082643509, 20.042098999, 15.2776126862, 4.32464361191, -7.59596204758, -0.464662313461], [492.697174072, 67.5047607422, 87.1761016846, 21.9156894684, 24.2162723541, 12.1389665604, 13.5678348541, 5.45030736923, 8.11285209656, 9.11877346039, 1.95741927624, -0.225774258375, 1.17994821072], [-207.212768555, 20.8288536072, 21.9156894684, 45.618637085, 26.4189395905, 14.763261795, 5.2144908905, 3.32674217224, 4.6079454422, 1.95392751694, 2.18474292755, 4.71482372284, 2.87678074837], [30.6650276184, 26.1486682892, 24.2162723541, 26.4189395905, 49.6695098877, 25.3230609894, 14.8649959564, 4.20480537415, 6.64803028107, 7.03553342819, 3.06403183937, 4.97917890549, 2.31156921387], [57.250743866, 7.72517633438, 12.1389665604, 14.763261795, 25.3230609894, 39.6637916565, 22.1180648804, 12.0048522949, 10.6026105881, 9.96244239807, 5.73803949356, 6.65455579758, 3.16586184502], [386.539276123, 31.2413368225, 13.5678348541, 5.2144908905, 14.8649959564, 22.1180648804, 44.2992248535, 19.9463329315, 16.4616851807, 12.5987539291, 5.55079841614, 4.81140089035, 3.72172284126], [135.50692749, 6.67082643509, 5.45030736923, 3.32674217224, 4.20480537415, 12.0048522949, 19.9463329315, 37.1303482056, 23.6408462524, 10.9571304321, 6.21709346771, 5.32546758652, 5.81595277786], [177.561279297, 20.042098999, 8.11285209656, 4.6079454422, 6.64803028107, 10.6026105881, 16.4616851807, 23.6408462524, 38.1403770447, 21.4354286194, 7.0828166008, 4.90793514252, 4.44567012787], [86.8208465576, 15.2776126862, 9.11877346039, 1.95392751694, 7.03553342819, 9.96244239807, 12.5987539291, 10.9571304321, 21.4354286194, 33.3548698425, 16.6394767761, 7.29451799393, 6.1789689064], [-51.4695091248, 4.32464361191, 1.95741927624, 2.18474292755, 3.06403183937, 5.73803949356, 5.55079841614, 6.21709346771, 7.0828166008, 16.6394767761, 30.0924472809, 16.3160266876, 7.97545337677], [-154.219650269, -7.59596204758, -0.225774258375, 4.71482372284, 4.97917890549, 6.65455579758, 4.81140089035, 5.32546758652, 4.90793514252, 7.29451799393, 16.3160266876, 33.1470489502, 18.6829986572], [-71.3367462158, -0.464662313461, 1.17994821072, 2.87678074837, 2.31156921387, 3.16586184502, 3.72172284126, 5.81595277786, 4.44567012787, 6.1789689064, 7.97545337677, 18.6829986572, 28.2690906525]],
