{
"lowlevel": {
    "average_loudness": 0.699705064297,
    "barkbands_crest": {
        "dmean": 5.01282835007,
        "dmean2": 8.92603683472,
        "dvar": 20.831029892,
        "dvar2": 47.8418159485,
        "max": 25.0955295563,
        "mean": 11.0841684341,
        "median": 9.29631710052,
        "min": 2.96276092529,
        "var": 32.6441955566
    },
    "barkbands_flatness_db": {
        "dmean": 0.0308957472444,
        "dmean2": 0.0509165935218,
        "dvar": 0.000933180272114,
        "dvar2": 0.00216646608897,
        "max": 0.224710837007,
        "mean": 0.0925746411085,
        "median": 0.0869022160769,
        "min": 0.0165368821472,
        "var": 0.00165513588581
    },
    "barkbands_kurtosis": {
        "dmean": 2.88562345505,
        "dmean2": 4.8338341713,
        "dvar": 16.287979126,
        "dvar2": 40.9432067871,
        "max": 25.2615718842,
        "mean": 1.75398147106,
        "median": 0.421848058701,
        "min": -1.84426867962,
        "var": 18.8825035095
    },
    "barkbands_skewness": {
        "dmean": 0.816559374332,
        "dmean2": 1.29998481274,
        "dvar": 0.678362309933,
        "dvar2": 1.66470181942,
        "max": 5.1077876091,
        "mean": 1.37857425213,
        "median": 1.30453872681,
        "min": -2.87372851372,
        "var": 1.31192278862
    },
    "barkbands_spread": {
        "dmean": 20.348077774,
        "dmean2": 33.8380470276,
        "dvar": 345.67956543,
        "dvar2": 981.946533203,
        "max": 124.306045532,
        "mean": 72.8012924194,
        "median": 73.9560165405,
        "min": 19.1950092316,
        "var": 674.512329102
    },
    "dissonance": {
        "dmean": 0.0147106908262,
        "dmean2": 0.0252257548273,
        "dvar": 0.000204187963391,
        "dvar2": 0.000668020162266,
        "max": 0.499999344349,
        "mean": 0.481064558029,
        "median": 0.485330253839,
        "min": 0.419438868761,
        "var": 0.000227702897973
    },
    "dynamic_complexity": 2.30354881287,
    "erbbands_crest": {
        "dmean": 1.86076593399,
        "dmean2": 3.39202594757,
        "dvar": 3.36200094223,
        "dvar2": 8.99694538116,
        "max": 14.3833789825,
        "mean": 5.03787899017,
        "median": 4.55591106415,
        "min": 2.37101984024,
        "var": 3.78305840492
    },
    "erbbands_flatness_db": {
        "dmean": 0.0129198245704,
        "dmean2": 0.0216591786593,
        "dvar": 0.000232724632951,
        "dvar2": 0.000633822055534,
        "max": 0.145554229617,
        "mean": 0.0573412850499,
        "median": 0.0523265972733,
        "min": 0.0252034310251,
        "var": 0.000577861443162
    },
    "erbbands_kurtosis": {
        "dmean": 0.85809981823,
        "dmean2": 1.4943677187,
        "dvar": 2.55358576775,
        "dvar2": 7.28576087952,
        "max": 11.3290100098,
        "mean": -0.219368591905,
        "median": -0.56159901619,
        "min": -1.75841808319,
        "var": 1.99507772923
    },
    "erbbands_skewness": {
        "dmean": 0.436451375484,
        "dmean2": 0.665881335735,
        "dvar": 0.20292198658,
        "dvar2": 0.491342008114,
        "max": 1.87886655331,
        "mean": 0.27071595192,
        "median": 0.460551202297,
        "min": -3.17994236946,
        "var": 0.596922338009
    },
    "erbbands_spread": {
        "dmean": 12.9680719376,
        "dmean2": 21.4224300385,
        "dvar": 170.297729492,
        "dvar2": 491.291778564,
        "max": 119.257392883,
        "mean": 68.9043197632,
        "median": 68.256072998,
        "min": 20.7927246094,
        "var": 355.824249268
    },
    "hfc": {
        "dmean": 2.02662539482,
        "dmean2": 2.42293691635,
        "dvar": 103.986419678,
        "dvar2": 139.290939331,
        "max": 147.565200806,
        "mean": 5.18893718719,
        "median": 0.0709916502237,
        "min": 0.0340006053448,
        "var": 568.86529541
    },
    "melbands_crest": {
        "dmean": 5.42850637436,
        "dmean2": 9.12571334839,
        "dvar": 23.6825408936,
        "dvar2": 56.9671020508,
        "max": 34.5181388855,
        "mean": 14.811044693,
        "median": 13.2845468521,
        "min": 3.60252213478,
        "var": 41.4912109375
    },
    "melbands_flatness_db": {
        "dmean": 0.0252112094313,
        "dmean2": 0.0369265601039,
        "dvar": 0.00059457012685,
        "dvar2": 0.00108118820935,
        "max": 0.296635746956,
        "mean": 0.147110819817,
        "median": 0.143469959497,
        "min": 0.0483833029866,
        "var": 0.00253329356201
    },
    "melbands_kurtosis": {
        "dmean": 8.99691486359,
        "dmean2": 13.8484516144,
        "dvar": 129.331253052,
        "dvar2": 279.625,
        "max": 112.850906372,
        "mean": 19.3368549347,
        "median": 14.6692142487,
        "min": -1.88326251507,
        "var": 341.537475586
    },
    "melbands_skewness": {
        "dmean": 0.88214969635,
        "dmean2": 1.34790527821,
        "dvar": 0.597723603249,
        "dvar2": 1.47441244125,
        "max": 8.15675544739,
        "mean": 3.39731860161,
        "median": 3.35372877121,
        "min": 0.0901688113809,
        "var": 2.0206451416
    },
    "melbands_spread": {
        "dmean": 16.8800525665,
        "dmean2": 27.6184597015,
        "dvar": 1017.8649292,
        "dvar2": 2884.63012695,
        "max": 263.279724121,
        "mean": 34.7033843994,
        "median": 24.7634468079,
        "min": 3.17073607445,
        "var": 1196.77087402
    },
    "pitch_salience": {
        "dmean": 0.142968848348,
        "dmean2": 0.25179246068,
        "dvar": 0.0155828017741,
        "dvar2": 0.0345687195659,
        "max": 0.871942520142,
        "mean": 0.575945436954,
        "median": 0.618427753448,
        "min": 0.118751257658,
        "var": 0.0263200830668
    },
    "silence_rate_20dB": {
        "dmean": 0,
        "dmean2": 0,
        "dvar": 0,
        "dvar2": 0,
        "max": 1,
        "mean": 1,
        "median": 1,
        "min": 1,
        "var": 0
    },
    "silence_rate_30dB": {
        "dmean": 0,
        "dmean2": 0,
        "dvar": 0,
        "dvar2": 0,
        "max": 1,
        "mean": 1,
        "median": 1,
        "min": 1,
        "var": 0
    },
    "silence_rate_60dB": {
        "dmean": 0.00775193795562,
        "dmean2": 0.015625,
        "dvar": 0.00769184483215,
        "dvar2": 0.015380859375,
        "max": 1,
        "mean": 0.946153819561,
        "median": 1,
        "min": 0,
        "var": 0.0509467385709
    },
    "spectral_centroid": {
        "dmean": 419.99520874,
        "dmean2": 672.36114502,
        "dvar": 255019.53125,
        "dvar2": 628770.125,
        "max": 5288.76318359,
        "mean": 1635.98937988,
        "median": 1518.01696777,
        "min": 356.738342285,
        "var": 667191.6875
    },
    "spectral_complexity": {
        "dmean": 0.728682160378,
        "dmean2": 0.8671875,
        "dvar": 15.0969276428,
        "dvar2": 15.4432964325,
        "max": 59,
        "mean": 2.44615387917,
        "median": 0,
        "min": 0,
        "var": 118.477851868
    },
    "spectral_decrease": {
        "dmean": 2.14649534258e-10,
        "dmean2": 2.90477197851e-10,
        "dvar": 1.25462174799e-18,
        "dvar2": 1.62422165872e-18,
        "max": -3.37012969615e-13,
        "mean": -5.21866938552e-10,
        "median": -3.715506635e-12,
        "min": -1.54103272365e-08,
        "var": 5.83148435216e-18
    },
    "spectral_energy": {
        "dmean": 0.00099275354296,
        "dmean2": 0.00131378683727,
        "dvar": 2.60857359535e-05,
        "dvar2": 3.41616942023e-05,
        "max": 0.071546703577,
        "mean": 0.00244029727764,
        "median": 2.14438732655e-05,
        "min": 6.16045008428e-06,
        "var": 0.000126248312881
    },
    "spectral_energyband_high": {
        "dmean": 0.000160681913258,
        "dmean2": 0.000217965411139,
        "dvar": 6.44512624604e-07,
        "dvar2": 1.05263029582e-06,
        "max": 0.0115361073986,
        "mean": 0.000389032735256,
        "median": 2.33250284509e-06,
        "min": 1.5976290797e-06,
        "var": 3.2698862924e-06
    },
    "spectral_energyband_low": {
        "dmean": 8.33987796796e-05,
        "dmean2": 0.000106226703792,
        "dvar": 1.41997176684e-07,
        "dvar2": 2.83520279254e-07,
        "max": 0.00429870327935,
        "mean": 0.000101232144516,
        "median": 4.84515294374e-06,
        "min": 4.75521346743e-07,
        "var": 2.40327153733e-07
    },
    "spectral_energyband_middle_high": {
        "dmean": 0.000366632331861,
        "dmean2": 0.000458946858998,
        "dvar": 3.82980715585e-06,
        "dvar2": 5.11709913553e-06,
        "max": 0.026421636343,
        "mean": 0.000952791946474,
        "median": 8.71998622642e-07,
        "min": 2.81648397049e-07,
        "var": 1.96882792807e-05
    },
    "spectral_energyband_middle_low": {
        "dmean": 0.000469626451377,
        "dmean2": 0.000615180586465,
        "dvar": 6.19343290964e-06,
        "dvar2": 7.31261798137e-06,
        "max": 0.0327334702015,
        "mean": 0.0010340041481,
        "median": 4.03475587518e-06,
        "min": 8.69014115779e-07,
        "var": 2.46762101597e-05
    },
    "spectral_entropy": {
        "dmean": 0.142342939973,
        "dmean2": 0.23503574729,
        "dvar": 0.0183985289186,
        "dvar2": 0.0353079363704,
        "max": 8.98292922974,
        "mean": 8.29068374634,
        "median": 8.30562782288,
        "min": 7.54568004608,
        "var": 0.078412681818
    },
    "spectral_flux": {
        "dmean": 0.00256463233382,
        "dmean2": 0.00335933733732,
        "dvar": 0.000105631806946,
        "dvar2": 0.000120849785162,
        "max": 0.17234146595,
        "mean": 0.0108013544232,
        "median": 0.00294962199405,
        "min": 0.00171220873017,
        "var": 0.00102599989623
    },
    "spectral_kurtosis": {
        "dmean": 0.994536519051,
        "dmean2": 1.60472619534,
        "dvar": 1.27277457714,
        "dvar2": 2.65054392815,
        "max": 11.4076766968,
        "mean": 3.86194825172,
        "median": 4.15638446808,
        "min": -0.789973735809,
        "var": 3.43476629257
    },
    "spectral_rms": {
        "dmean": 0.000130012180307,
        "dmean2": 0.000168661776115,
        "dvar": 2.43593376581e-07,
        "dvar2": 2.32582237913e-07,
        "max": 0.00835473835468,
        "mean": 0.000482952891616,
        "median": 0.000144640391227,
        "min": 7.75254447944e-05,
        "var": 2.14753458749e-06
    },
    "spectral_rolloff": {
        "dmean": 6244.62841797,
        "dmean2": 11482.9189453,
        "dvar": 40599972,
        "dvar2": 87108736,
        "max": 20736.4746094,
        "mean": 11312.7177734,
        "median": 13189.0869141,
        "min": 21.533203125,
        "var": 58241076
    },
    "spectral_skewness": {
        "dmean": 0.213665366173,
        "dmean2": 0.334996879101,
        "dvar": 0.067130304873,
        "dvar2": 0.156263694167,
        "max": 2.68788456917,
        "mean": 1.63051307201,
        "median": 1.74229812622,
        "min": 0.182618394494,
        "var": 0.169413715601
    },
    "spectral_spread": {
        "dmean": 893917.0625,
        "dmean2": 1425417.75,
        "dvar": 895648989184,
        "dvar2": 2.30725360026e+12,
        "max": 14886212,
        "mean": 9756372,
        "median": 9783662,
        "min": 4783058,
        "var": 3.44678255821e+12
    },
    "spectral_strongpeak": {
        "dmean": 0.0191574972123,
        "dmean2": 0.0262090023607,
        "dvar": 0.00507254479453,
        "dvar2": 0.0083325356245,
        "max": 0.931351602077,
        "mean": 0.0363166853786,
        "median": 0,
        "min": 0,
        "var": 0.0221287682652
    },
    "zerocrossingrate": {
        "dmean": 0.0630526319146,
        "dmean2": 0.0760803222656,
        "dvar": 0.00245783128776,
        "dvar2": 0.00410622172058,
        "max": 0.45947265625,
        "mean": 0.23578350246,
        "median": 0.22705078125,
        "min": 0.013671875,
        "var": 0.00748636713251
    },
    "barkbands": {
        "dmean": [1.18597909022e-05, 4.59683406007e-06, 4.82328396174e-05, 6.62836318952e-05, 0.000232327307458, 0.000208951096283, 3.30496077368e-05, 3.95736678911e-05, 7.38691960578e-05, 1.43049483086e-05, 1.24600828713e-05, 4.77476969536e-05, 5.7130051573e-05, 5.84036788496e-05, 8.35596147226e-05, 5.81553395023e-05, 5.57504827157e-05, 5.23823764524e-05, 4.0263585106e-05, 8.79571234691e-05, 2.09996014746e-05, 2.01292732527e-05, 1.72862964973e-05, 2.839499939e-05, 2.96017442452e-05, 6.47013212074e-06, 5.12014139531e-07],
        "dmean2": [1.92630996025e-05, 6.06842604611e-06, 5.84287990932e-05, 7.19335512258e-05, 0.000218855435378, 0.000386550527764, 3.88793741877e-05, 7.22964396118e-05, 0.000134087516926, 2.4599765311e-05, 1.33666781039e-05, 6.71942470944e-05, 7.50113540562e-05, 9.76888331934e-05, 0.000116390219773, 4.61967356387e-05, 7.98556138761e-05, 6.67764616082e-05, 3.5266893974e-05, 0.000120208962471, 2.12005379581e-05, 1.99683854589e-05, 1.47250384543e-05, 3.51545131707e-05, 3.53999057552e-05, 7.43614464227e-06, 7.23812547676e-07],
        "dvar": [3.89716481308e-10, 1.02266606294e-09, 4.75389647647e-08, 8.39228420091e-08, 1.16814101148e-06, 1.34222148063e-06, 2.76497473806e-08, 4.84275979318e-08, 1.16067980116e-07, 6.05226668782e-09, 3.81268039362e-09, 5.84165640305e-08, 7.33802494324e-08, 8.71576304462e-08, 1.97837934479e-07, 7.97041792566e-08, 8.2799559209e-08, 8.27315034257e-08, 5.44289129323e-08, 2.48724205676e-07, 1.49002978844e-08, 9.41056121917e-09, 6.77467859589e-09, 1.79183299309e-08, 1.99964915737e-08, 9.18820297624e-10, 1.83417300445e-12],
        "dvar2": [5.61499624574e-10, 1.17290976931e-09, 9.40363946711e-08, 1.24512681055e-07, 1.49291952312e-06, 3.32331296704e-06, 3.84572977907e-08, 1.58965320907e-07, 3.71805526811e-07, 1.24879990793e-08, 3.94209020982e-09, 1.07508697056e-07, 1.77433662429e-07, 2.56482337591e-07, 3.83738608889e-07, 5.72092240247e-08, 1.42064266129e-07, 1.65344957281e-07, 3.46996245071e-08, 4.20146108127e-07, 1.43408422915e-08, 1.22914780576e-08, 9.4942400608e-09, 3.29359046702e-08, 2.81647096756e-08, 1.21834731193e-09, 2.04432998308e-12],
        "max": [0.000214962899918, 0.000356607924914, 0.0026039222721, 0.004230116494, 0.0164614729583, 0.0109742172062, 0.00210600392893, 0.00183158065192, 0.00240740086883, 0.000989151187241, 0.000821229303256, 0.00274848751724, 0.00271818507463, 0.00311195850372, 0.00415230123326, 0.00391502305865, 0.00351176760159, 0.00458949524909, 0.00471237068996, 0.00544934114441, 0.00227846670896, 0.00152011425234, 0.00137537322007, 0.00187706679571, 0.00186889397446, 0.000446875783382, 2.33279861277e-05],
        "mean": [1.18408761409e-05, 4.58899148725e-06, 5.77572027396e-05, 0.000120702570712, 0.000471429608297, 0.000284144451143, 4.77974244859e-05, 3.19723294524e-05, 6.50211877655e-05, 2.97881415463e-05, 2.36984942603e-05, 7.40866671549e-05, 7.19114541425e-05, 6.37186967651e-05, 0.000104778147943, 0.000114363960165, 0.000104768543679, 0.00011979539704, 0.000179344700882, 0.000168446262251, 8.5191357357e-05, 4.29786996392e-05, 3.69192785001e-05, 5.0238922995e-05, 5.76649254072e-05, 1.37020133479e-05, 2.54001565736e-06],
        "median": [6.38266556052e-06, 6.79978029439e-07, 3.49471292793e-07, 5.93672439209e-07, 1.01286696008e-06, 8.88170802682e-07, 4.44995748694e-07, 2.55595921317e-07, 2.23281048761e-07, 1.35061171136e-07, 9.43219617966e-08, 8.98756411516e-08, 7.07326819338e-08, 5.86492525656e-08, 5.55714052553e-08, 5.94197615555e-08, 6.04403851412e-08, 7.30834415208e-08, 8.12800422523e-08, 7.8721264174e-08, 7.0887111292e-08, 5.66884459374e-08, 9.47795371076e-08, 1.51763202894e-07, 1.57429695946e-07, 1.79364405994e-07, 1.85325075108e-06],
        "min": [1.39831939805e-07, 5.39672377897e-08, 1.01218375903e-08, 6.28571461547e-09, 9.06496140374e-08, 1.05200989253e-07, 3.78291034053e-08, 2.90615851384e-08, 2.96585600523e-08, 2.45383393604e-08, 1.66322280393e-08, 1.49007082229e-08, 8.03184541098e-09, 8.23118284643e-09, 8.44490344321e-09, 6.70416078208e-09, 7.75365460726e-09, 9.71518154813e-09, 2.20151346042e-08, 2.14532480669e-08, 2.2977779679e-08, 2.45025741918e-08, 3.05393896838e-08, 5.41360378747e-08, 5.40026618978e-08, 7.32432994255e-08, 7.81576886766e-07],
        "var": [4.86592821591e-10, 1.01555230891e-09, 8.57142694599e-08, 3.13994149792e-07, 5.0322955758e-06, 2.31698959396e-06, 6.51100933169e-08, 3.50553897022e-08, 1.14981787647e-07, 1.96162570631e-08, 1.40262050863e-08, 1.43065946645e-07, 1.33589338702e-07, 1.18545848693e-07, 2.93561896569e-07, 3.2912598158e-07, 2.54117480836e-07, 3.36333414452e-07, 7.00434270584e-07, 6.5491389023e-07, 1.55704384497e-07, 4.3566718233e-08, 3.23881792497e-08, 5.951340043e-08, 7.71681456513e-08, 4.18067891417e-09, 1.02295871426e-11]
    },
    "erbbands": {
        "dmean": [0.000146245976794, 0.00142192421481, 0.0290423613042, 0.189328417182, 0.882277846336, 0.404886960983, 0.578115940094, 2.60962080956, 0.832565009594, 0.790936768055, 0.716513812542, 1.52666926384, 1.23954200745, 0.306771159172, 1.12075471878, 2.19740009308, 2.60337781906, 3.17102241516, 3.18937301636, 2.46604776382, 3.65912437439, 3.42123293877, 3.19810271263, 2.51506447792, 2.26791214943, 3.9126868248, 1.64067459106, 1.09871995449, 0.798736929893, 0.642126977444, 0.357979238033, 0.384985625744, 0.643995165825, 0.387592226267, 0.179450839758, 0.0586240179837, 0.00795109383762, 0.000603953201789, 9.61927580647e-05, 8.38802225189e-06],
        "dmean2": [0.000183086522156, 0.00195061659906, 0.0346265397966, 0.214343488216, 0.898435354233, 0.451721638441, 0.76128077507, 4.85718345642, 1.06379783154, 1.52656078339, 1.30431723595, 2.82809400558, 2.14973545074, 0.424994051456, 1.21493709087, 2.81758737564, 3.68069887161, 5.76086950302, 4.76739501953, 3.30785632133, 4.69026708603, 4.44166755676, 4.33763742447, 3.54139304161, 2.11845684052, 6.08452892303, 2.57215309143, 1.35838365555, 0.810547411442, 1.02654862404, 0.246746093035, 0.355174213648, 0.897472918034, 0.467490196228, 0.223101019859, 0.0694970265031, 0.00956998765469, 0.000745759170968, 0.000127397244796, 1.23841500681e-05],
        "dvar": [7.94039237917e-07, 5.87941103731e-05, 0.0176592189819, 0.6903642416, 19.6200695038, 4.05209112167, 11.2886686325, 181.040893555, 19.4619007111, 20.2850437164, 17.9389438629, 51.8996543884, 33.6855888367, 2.78782320023, 34.4023895264, 108.825782776, 152.62260437, 263.296783447, 369.119781494, 186.174575806, 353.788787842, 281.731018066, 349.419769287, 182.227096558, 166.363739014, 590.829223633, 109.139823914, 31.7578964233, 15.4537553787, 12.4824447632, 2.78572559357, 3.29051661491, 9.79008102417, 3.26624107361, 1.13537287712, 0.0823549926281, 0.00126864667982, 7.22088316252e-06, 7.33728953151e-08, 3.72310432484e-10],
        "dvar2": [7.54950463033e-07, 7.48837701394e-05, 0.034555669874, 1.24056768417, 27.2601680756, 5.80977678299, 22.214963913, 506.110961914, 38.6763534546, 59.4958763123, 56.4491462708, 168.804199219, 97.0046844482, 4.36390781403, 36.0235023499, 266.365386963, 397.215209961, 753.405029297, 783.152404785, 253.582977295, 578.153015137, 479.073181152, 755.251525879, 322.118774414, 144.675354004, 1235.55834961, 243.614135742, 38.7709465027, 20.8662872314, 30.1600475311, 2.09700655937, 2.97972273827, 23.0977478027, 6.55873823166, 1.44387054443, 0.116823732853, 0.00229755137116, 7.03742034602e-06, 6.85068002326e-08, 4.28440782851e-10],
        "max": [0.0107915569097, 0.0892928540707, 1.64523017406, 11.004319191, 62.9703826904, 29.0397071838, 37.2064781189, 115.469245911, 53.9365844727, 42.0156288147, 37.7849273682, 57.8711738586, 46.571647644, 21.6047515869, 75.4643249512, 121.29209137, 126.434379578, 172.758209229, 191.184494019, 160.14402771, 245.287750244, 211.885681152, 261.505767822, 253.415679932, 232.500045776, 274.716583252, 117.475784302, 95.0684661865, 59.7815246582, 49.2266998291, 30.2634029388, 28.7538471222, 39.5694198608, 24.9610538483, 12.2130346298, 3.57720828056, 0.491230338812, 0.0407944135368, 0.00456708110869, 0.000322565116221],
        "mean": [0.000185718061402, 0.00165950879455, 0.0400945059955, 0.26783016324, 1.75809979439, 0.952123224735, 1.02776134014, 2.86703753471, 0.967963337898, 0.837901473045, 0.634534239769, 1.41518104076, 1.50009942055, 0.674898564816, 1.77375173569, 2.85310816765, 3.07811975479, 3.94827413559, 4.58877325058, 4.53964662552, 6.90771579742, 6.1668586731, 6.57916688919, 8.41950321198, 8.61973762512, 7.66499328613, 4.49271631241, 3.22687482834, 1.7106013298, 1.20080220699, 0.946807444096, 0.901099979877, 0.940741598606, 0.638358771801, 0.407271951437, 0.119535781443, 0.0153357451782, 0.00171463273, 0.000348131783539, 4.57787900814e-05],
        "median": [4.95382664667e-05, 0.000102073092421, 0.000328614696627, 0.00137095781974, 0.00305861467496, 0.00236039143056, 0.00500240083784, 0.00631841132417, 0.00689841248095, 0.00604286091402, 0.00548737496138, 0.0053105968982, 0.00404045730829, 0.00411314330995, 0.00384772894904, 0.00354276737198, 0.00301296170801, 0.00315301911905, 0.00299885752611, 0.00306439423002, 0.00329133542255, 0.00331580592319, 0.00367110106163, 0.00412182789296, 0.00339759327471, 0.00379642564803, 0.00307070277631, 0.00250487308949, 0.00201269984245, 0.0022125383839, 0.00268540298566, 0.00276999454945, 0.00271917739883, 0.00188719131984, 0.00103795528412, 0.000473646447062, 0.000341305858456, 0.000344432250131, 0.000208708865102, 3.59317127732e-05],
        "min": [3.72866861653e-06, 1.19931592053e-05, 1.65062556334e-05, 6.48199929856e-05, 0.000233160608332, 0.000322511652485, 0.000517073902301, 0.00103896588553, 0.00098013645038, 0.000765076663811, 0.000850975746289, 0.000962308200542, 0.000859855150338, 0.000692995847203, 0.000603800057434, 0.000704993028194, 0.000396043149522, 0.000613371899817, 0.000501113769133, 0.00064025860047, 0.000583087443374, 0.000568016024772, 0.000667682092171, 0.000993189401925, 0.00118673406541, 0.000986235099845, 0.000985253136605, 0.000906179717276, 0.000798589491751, 0.000741291150916, 0.000957017182373, 0.00102261512075, 0.000715040485375, 0.000582521315664, 0.000381012330763, 0.000163445234648, 0.000147668266436, 0.000185765966307, 0.000107559470052, 1.43686593219e-05],
        "var": [9.10686367206e-07, 7.69940088503e-05, 0.0369588881731, 1.69767928123, 73.5981292725, 18.7717342377, 27.2024021149, 246.611495972, 31.1583156586, 22.3384685516, 13.6857156754, 55.7025260925, 51.8896179199, 9.88526439667, 94.0557632446, 215.441223145, 252.748199463, 417.38470459, 539.14666748, 506.684265137, 1165.98779297, 870.62322998, 1028.82385254, 1548.63037109, 1634.57128906, 1356.73950195, 427.22052002, 237.880630493, 69.6047134399, 34.8923072815, 20.223526001, 18.0784301758, 22.3908958435, 9.79622745514, 3.93395519257, 0.326396673918, 0.00507914880291, 4.03473022743e-05, 4.34356536516e-07, 2.02517802528e-09]
    },
    "gfcc": {
        "mean": [-318.440429688, 12.1044454575, -51.3594436646, -0.327684909105, -43.0420074463, -5.73001146317, -27.3031139374, -1.53923082352, -16.4479598999, -5.49744081497, -5.70557069778, -5.21888303757, -6.10921573639],
        "cov": [[10585.7919922, 94.8532943726, -2084.63720703, 730.862304688, -766.188415527, 235.687072754, -955.388427734, 65.4638519287, -879.596740723, 2.79062581062, -485.836853027, -143.238754272, -232.574035645], [94.8532943726, 436.546051025, 40.9645729065, -52.5533676147, 107.376014709, -87.2075958252, 24.6577796936, -74.8816070557, -1.90056824684, -58.2555847168, -38.6949691772, -44.1096496582, -57.6010284424], [-2084.63720703, 40.9645729065, 687.583007812, -38.0328483582, 106.42502594, -45.8373222351, 144.891845703, -4.75024652481, 152.497299194, -29.9648838043, 64.0260467529, -5.99912071228, 7.66817188263], [730.862304688, -52.5533676147, -38.0328483582, 215.998413086, -34.1134757996, -5.74093437195, -76.0870132446, 11.536772728, -76.2507553101, -2.32206821442, -53.6514549255, -28.9848976135, -21.3575782776], [-766.188415527, 107.376014709, 106.42502594, -34.1134757996, 179.262969971, -42.306022644, 101.63684845, -27.4744491577, 73.8195495605, -7.3938999176, 20.5484752655, 0.738601326942, 6.21833848953], [235.687072754, -87.2075958252, -45.8373222351, -5.74093437195, -42.306022644, 113.532165527, -10.5470409393, 48.5546531677, -4.77689981461, 12.7365884781, 0.991465747356, -1.56756496429, -1.41494429111], [-955.388427734, 24.6577796936, 144.891845703, -76.0870132446, 101.63684845, -10.5470409393, 137.870239258, 5.1183848381, 94.4308242798, 8.64328575134, 46.4910926819, 12.8712759018, 17.5855541229], [65.4638519287, -74.8816070557, -4.75024652481, 11.536772728, -27.4744491577, 48.5546531677, 5.1183848381, 52.4336891174, 12.7428789139, 18.5384540558, 5.77579212189, 0.265465378761, 0.808538377285], [-879.596740723, -1.90056824684, 152.497299194, -76.2507553101, 73.8195495605, -4.77689981461, 94.4308242798, 12.7428789139, 106.177612305, 18.2774085999, 49.1115989685, 13.572637558, 17.1439571381], [2.79062581062, -58.2555847168, -29.9648838043, -2.32206821442, -7.3938999176, 12.7365884781, 8.64328575134, 18.5384540558, 18.2774085999, 42.7422561646, 23.7331600189, 14.2465906143, 15.7707567215], [-485.836853027, -38.6949691772, 64.0260467529, -53.6514549255, 20.5484752655, 0.991465747356, 46.4910926819, 5.77579212189, 49.1115989685, 23.7331600189, 55.0368881226, 28.3250312805, 27.0944194794], [-143.238754272, -44.1096496582, -5.99912071228, -28.9848976135, 0.738601326942, -1.56756496429, 12.8712759018, 0.265465378761, 13.572637558, 14.2465906143, 28.3250312805, 40.8316802979, 28.0220661163], [-232.574035645, -57.6010284424, 7.66817188263, -21.3575782776, 6.21833848953, -1.41494429111, 17.5855541229, 0.808538377285, 17.1439571381, 15.7707567215, 27.0944194794, 28.0220661163, 45.0313110352]],
        "icov": [[0.0078006722033, -0.0123991090804, 0.013175547123, -0.0129921268672, 0.0109103200957, -0.00954103842378, 0.0141738029197, -0.00956390425563, 0.0124363023788, -0.0155025217682, 0.0157255027443, -0.0139252422377, 0.00875110924244], [-0.0123991090804, 0.0250585544854, -0.0211476851255, 0.0233626067638, -0.0203540679067, 0.0172707922757, -0.0223879572004, 0.0176663212478, -0.0175208393484, 0.0253095980734, -0.0236862320453, 0.0243740361184, -0.0086334226653], [0.013175547123, -0.0211476851255, 0.0258422736079, -0.0248832367361, 0.0204724259675, -0.0159604493529, 0.0230371449143, -0.0147053226829, 0.0137271052226, -0.0190123543143, 0.0217860732228, -0.0216604415327, 0.0145371286198], [-0.0129921268672, 0.0233626067638, -0.0248832367361, 0.0340518765152, -0.0243204515427, 0.0202101599425, -0.0205175597221, 0.0082833096385, -0.00747163780034, 0.0171022806317, -0.018697405234, 0.0264324937016, -0.0133156822994], [0.0109103200957, -0.0203540679067, 0.0204724259675, -0.0243204515427, 0.0322985388339, -0.0152490567416, 0.0101382024586, -0.00281264819205, 0.00422460585833, -0.0180741362274, 0.024590909481, -0.0209158342332, 0.00938554294407], [-0.00954103842378, 0.0172707922757, -0.0159604493529, 0.0202101599425, -0.0152490567416, 0.0292835496366, -0.0161775499582, -0.0055069476366, -0.0092779668048, 0.0205668434501, -0.0210182704031, 0.0205706842244, -0.00926470011473], [0.0141738029197, -0.0223879572004, 0.0230371449143, -0.0205175597221, 0.0101382024586, -0.0161775499582, 0.0514716766775, -0.0247746296227, 0.0134434476495, -0.0249083712697, 0.0219086501747, -0.0232678055763, 0.0142507739365], [-0.00956390425563, 0.0176663212478, -0.0147053226829, 0.0082833096385, -0.00281264819205, -0.0055069476366, -0.0247746296227, 0.0648799613118, -0.03342750296, 0.0103598730639, -0.0116703147069, 0.0157056339085, -0.00529264658689], [0.0124363023788, -0.0175208393484, 0.0137271052226, -0.00747163780034, 0.00422460585833, -0.0092779668048, 0.0134434476495, -0.03342750296, 0.0747392401099, -0.0421243980527, 0.0164360497147, -0.0161799434572, 0.0168904997408], [-0.0155025217682, 0.0253095980734, -0.0190123543143, 0.0171022806317, -0.0180741362274, 0.0205668434501, -0.0249083712697, 0.0103598730639, -0.0421243980527, 0.0861036628485, -0.0586212798953, 0.0306343436241, -0.0215693879873], [0.0157255027443, -0.0236862320453, 0.0217860732228, -0.018697405234, 0.024590909481, -0.0210182704031, 0.0219086501747, -0.0116703147069, 0.0164360497147, -0.0586212798953, 0.102911964059, -0.0524989701807, 0.0109617104754], [-0.0139252422377, 0.0243740361184, -0.0216604415327, 0.0264324937016, -0.0209158342332, 0.0205706842244, -0.0232678055763, 0.0157056339085, -0.0161799434572, 0.0306343436241, -0.0524989701807, 0.0818175598979, -0.0360728949308], [0.00875110924244, -0.0086334226653, 0.0145371286198, -0.0133156822994, 0.00938554294407, -0.00926470011473, 0.0142507739365, -0.00529264658689, 0.0168904997408, -0.0215693879873, 0.0109617104754, -0.0360728949308, 0.0574878714979]]
    },
    "melbands": {
        "dmean": [1.67905636772e-06, 1.13944806799e-05, 4.77411740576e-05, 5.00258211105e-05, 2.33227401623e-05, 4.99494635733e-05, 1.24143807625e-05, 9.07596313482e-06, 5.71066675548e-06, 1.09973034341e-05, 6.12024678048e-06, 1.23300219457e-06, 2.83589338324e-06, 3.91348430639e-06, 7.86275631981e-06, 5.65381697015e-06, 6.03535636401e-06, 4.32192109656e-06, 6.40889811621e-06, 3.23031986227e-06, 4.62239222543e-06, 3.98026531911e-06, 3.23466065311e-06, 2.10090274777e-06, 2.44239390668e-06, 1.98079214897e-06, 3.47968330061e-06, 3.46325646206e-06, 1.30434602852e-06, 7.10751294264e-07, 7.42806093967e-07, 4.70937948194e-07, 4.08702476307e-07, 3.63615697552e-07, 1.98139858298e-07, 2.13359015788e-07, 2.19507697352e-07, 3.84855354696e-07, 5.17809951361e-07, 2.51689158404e-07],
        "dmean2": [2.1771147658e-06, 1.31601327666e-05, 4.77364446851e-05, 6.10572606092e-05, 3.47058849002e-05, 9.26713764784e-05, 1.64808425325e-05, 1.74747656274e-05, 1.04110786197e-05, 2.01474977075e-05, 1.06124552985e-05, 1.6069469666e-06, 2.75588081422e-06, 4.69281712867e-06, 1.15944412755e-05, 7.70437691244e-06, 1.03097308966e-05, 6.65534707878e-06, 9.87914154393e-06, 2.45055366577e-06, 6.39923428025e-06, 4.6592435865e-06, 5.11109283252e-06, 2.86588010567e-06, 3.68654173144e-06, 2.22155222218e-06, 5.03158207721e-06, 5.87018803344e-06, 2.12778468267e-06, 8.64283606461e-07, 9.84994358078e-07, 4.38245791656e-07, 5.42073678389e-07, 5.71082352963e-07, 1.77363531861e-07, 1.88223935993e-07, 2.10040624893e-07, 4.67291442874e-07, 8.4883697582e-07, 3.07736172545e-07],
        "dvar": [8.17081471927e-11, 2.62834065623e-09, 5.10493869399e-08, 6.37213446453e-08, 1.50194381376e-08, 7.07528897692e-08, 4.49351089671e-09, 2.50380094435e-09, 1.23419918729e-09, 2.63741184447e-09, 8.23622059443e-10, 4.31426457059e-11, 1.96055796597e-10, 4.65660954241e-10, 1.45034873e-09, 7.12550740634e-10, 9.03936425711e-10, 7.21733173226e-10, 1.13176013006e-09, 2.77897233003e-10, 5.42337952325e-10, 4.19912077332e-10, 4.55853826908e-10, 1.22354598675e-10, 1.58497978631e-10, 9.92713342085e-11, 3.10330539044e-10, 3.59344276557e-10, 7.00420832445e-11, 1.27850681431e-11, 1.31638398099e-11, 5.79413166751e-12, 4.13058216103e-12, 4.19942552954e-12, 9.17561057516e-13, 1.12714644476e-12, 1.19195701486e-12, 3.47114979989e-12, 7.32855096053e-12, 1.50722858673e-12],
        "dvar2": [8.05027919326e-11, 5.08652586717e-09, 6.89053933911e-08, 9.04371191268e-08, 3.46502524451e-08, 1.86639283584e-07, 9.18185705245e-09, 7.80324871386e-09, 3.87062693008e-09, 8.55872084315e-09, 2.36886643634e-09, 6.61538254731e-11, 2.01457101001e-10, 5.87676074471e-10, 4.18703427485e-09, 1.78929682182e-09, 2.58812704601e-09, 1.63814029008e-09, 2.17275109016e-09, 2.06455810781e-10, 1.04772612808e-09, 6.46763975709e-10, 1.09830278205e-09, 2.37679209647e-10, 3.38931077648e-10, 1.3639689378e-10, 6.30734020568e-10, 8.93093099474e-10, 1.57000842882e-10, 2.01499667646e-11, 2.27261230668e-11, 6.20588129496e-12, 9.10527382658e-12, 1.03136908736e-11, 9.98271994582e-13, 6.89124701313e-13, 1.02410354502e-12, 6.31861316741e-12, 2.17639708339e-11, 1.9328126339e-12],
        "max": [0.000106667015643, 0.000623892643489, 0.00341105111875, 0.00361499702558, 0.00135697622318, 0.00239018560387, 0.000805188261438, 0.000446558813564, 0.000308071699692, 0.000383497652365, 0.000228032353334, 8.29588389024e-05, 0.00018369947793, 0.000275657686871, 0.000365151150618, 0.000275816244539, 0.000320302700857, 0.00026739682653, 0.000301154010231, 0.000217116205022, 0.000279799423879, 0.000274325226201, 0.000249692384386, 0.000200351030799, 0.00021886358445, 0.000182865638635, 0.000184258955414, 0.000191156752408, 8.61319203977e-05, 6.06336943747e-05, 5.3931169532e-05, 3.52132192347e-05, 2.74679368886e-05, 2.83066547127e-05, 1.73948265001e-05, 1.60049512488e-05, 1.68980350281e-05, 2.58076961472e-05, 2.9409173294e-05, 1.79169946932e-05],
        "mean": [1.95079587684e-06, 1.51408839884e-05, 9.17294819374e-05, 0.000108285261376, 3.4958418837e-05, 6.04572123848e-05, 1.40599549923e-05, 8.80819970916e-06, 4.8594170039e-06, 9.98978339339e-06, 7.42165229894e-06, 2.60761748905e-06, 4.45980185759e-06, 7.42293741496e-06, 8.05726267572e-06, 6.93549009156e-06, 7.13191047907e-06, 6.18085778115e-06, 8.23484151624e-06, 6.4273776843e-06, 7.97333905211e-06, 6.76151830703e-06, 5.33978118256e-06, 5.93855111219e-06, 6.9903730946e-06, 6.3221768869e-06, 5.73522220293e-06, 5.18764727531e-06, 3.01064278574e-06, 2.22084690904e-06, 1.71319584297e-06, 1.03917659544e-06, 6.85830684688e-07, 6.7555259875e-07, 5.46405431123e-07, 4.98780423186e-07, 5.78398839934e-07, 6.5685702566e-07, 6.07439460509e-07, 5.09256949499e-07],
        "median": [7.24388314666e-07, 1.50572503799e-07, 3.01494736732e-07, 2.16239612882e-07, 1.48466980932e-07, 1.44875087926e-07, 1.07212429157e-07, 6.62705303967e-08, 4.51325803397e-08, 3.26834950215e-08, 2.01251406651e-08, 1.68283236235e-08, 1.32259190266e-08, 1.07874544852e-08, 7.73476038773e-09, 6.01378502552e-09, 5.72047476055e-09, 4.84078821472e-09, 3.89120291544e-09, 3.89991505756e-09, 3.64971874944e-09, 3.55630969118e-09, 3.36715721971e-09, 3.18362336493e-09, 3.30412541771e-09, 2.66095101509e-09, 2.36475372617e-09, 2.57020515981e-09, 2.03250394293e-09, 1.65221880621e-09, 1.33616040454e-09, 1.1944825129e-09, 1.1459885263e-09, 1.34032862587e-09, 1.5053405189e-09, 1.61602642379e-09, 1.77865344675e-09, 1.97367122645e-09, 1.72889402794e-09, 1.57099400155e-09],
        "min": [5.02922823387e-08, 1.07686570772e-08, 1.81391346388e-08, 1.77079773067e-08, 1.85078938841e-08, 2.16127862274e-08, 1.26088774977e-08, 9.92317161774e-09, 6.70161703908e-09, 4.64843497028e-09, 4.01062072442e-09, 2.675501376e-09, 2.33174834996e-09, 1.6116696866e-09, 1.23000787333e-09, 7.36513128263e-10, 9.0700597033e-10, 7.16965153913e-10, 7.64497465333e-10, 6.49871434444e-10, 6.48287146188e-10, 5.76764191962e-10, 6.89278523147e-10, 5.37230204767e-10, 7.42673811338e-10, 7.40282390943e-10, 6.4238619979e-10, 5.77456749085e-10, 5.67156543951e-10, 4.43831998931e-10, 4.47197834319e-10, 3.56965734749e-10, 4.1326719824e-10, 3.57102653004e-10, 5.23957099929e-10, 5.15406162194e-10, 6.53202048007e-10, 4.23979379383e-10, 5.29667476545e-10, 4.14194595288e-10],
        "var": [8.87934795135e-11, 5.31863664222e-09, 1.92597937598e-07, 2.62756827851e-07, 3.12541139635e-08, 1.07755674605e-07, 6.74966260661e-09, 2.45553155587e-09, 8.65553517748e-10, 2.74830647129e-09, 1.27161614571e-09, 1.51257603664e-10, 5.7094795558e-10, 1.44380618572e-09, 1.86930293467e-09, 1.26083821161e-09, 1.400130345e-09, 9.86849824081e-10, 1.8070384078e-09, 1.07913333824e-09, 1.55302892768e-09, 1.14572396015e-09, 7.49664386124e-10, 7.8724554653e-10, 1.07933384452e-09, 8.67488525458e-10, 8.08453859413e-10, 6.38580244239e-10, 1.99543978563e-10, 1.06370565134e-10, 7.0010525155e-11, 2.61414761366e-11, 1.15309298568e-11, 1.11828992247e-11, 6.68567935388e-12, 5.93260206586e-12, 7.20284682593e-12, 1.0575112834e-11, 1.02597505144e-11, 6.06696767477e-12]
    },
    "mfcc": {
        "mean": [-991.870361328, 83.2746963501, 34.5667686462, 13.159693718, 7.57284355164, -2.70269775391, 3.15384173393, -0.510214447975, -2.24093937874, 0.912412106991, -1.48784554005, 1.08131563663, 0.523424088955],
        "cov": [[12532.4462891, -855.000305176, -1390.03137207, -64.6228179932, -145.925735474, -243.417526245, -128.894454956, -424.274475098, -375.297180176, -329.716827393, -358.812194824, -362.0390625, -374.19708252], [-855.000305176, 505.407806396, 25.7963409424, 17.0700645447, 14.4819993973, 40.606464386, -10.3760681152, 29.0516986847, 12.0392522812, -0.275565564632, 20.7362480164, 21.7157936096, -0.855668902397], [-1390.03137207, 25.7963409424, 463.085693359, 47.4081802368, 41.7471809387, -1.17092120647, 5.07462310791, 46.4756393433, 35.337978363, 22.83776474, 41.2313423157, 35.6518592834, 25.7427387238], [-64.6228179932, 17.0700645447, 47.4081802368, 201.006210327, 39.0635223389, 10.7058391571, -7.50350618362, -21.7357692719, 2.88932991028, -11.9272356033, -14.0772514343, -12.4275684357, -7.77969360352], [-145.925735474, 14.4819993973, 41.7471809387, 39.0635223389, 58.5200004578, 21.0422363281, 4.23842382431, 10.5739068985, 12.6476507187, 5.06848716736, 8.20578670502, 2.2083158493, -3.03281140327], [-243.417526245, 40.606464386, -1.17092120647, 10.7058391571, 21.0422363281, 40.2253036499, 16.8960437775, 16.4467945099, 15.9596652985, 12.00436306, 10.4775857925, 8.60345649719, 8.38090991974], [-128.894454956, -10.3760681152, 5.07462310791, -7.50350618362, 4.23842382431, 16.8960437775, 35.3604011536, 19.542552948, 14.4819478989, 17.1574172974, 8.88769435883, 9.02494239807, 6.05701589584], [-424.274475098, 29.0516986847, 46.4756393433, -21.7357692719, 10.5739068985, 16.4467945099, 19.542552948, 50.9662857056, 26.0146980286, 20.2925643921, 22.4137763977, 16.9323444366, 11.1839113235], [-375.297180176, 12.0392522812, 35.337978363, 2.88932991028, 12.6476507187, 15.9596652985, 14.4819478989, 26.0146980286, 40.2548408508, 29.1372261047, 19.2434310913, 17.4003505707, 15.3614454269], [-329.716827393, -0.275565564632, 22.83776474, -11.9272356033, 5.06848716736, 12.00436306, 17.1574172974, 20.2925643921, 29.1372261047, 47.5127944946, 26.776966095, 21.3838615417, 17.2414016724], [-358.812194824, 20.7362480164, 41.2313423157, -14.0772514343, 8.20578670502, 10.4775857925, 8.88769435883, 22.4137763977, 19.2434310913, 26.776966095, 42.1446380615, 26.2995166779, 16.581861496], [-362.0390625, 21.7157936096, 35.6518592834, -12.4275684357, 2.2083158493, 8.60345649719, 9.02494239807, 16.9323444366, 17.4003505707, 21.3838615417, 26.2995166779, 34.4260635376, 24.960609436], [-374.19708252, -0.855668902397, 25.7427387238, -7.77969360352, -3.03281140327, 8.38090991974, 6.05701589584, 11.1839113235, 15.3614454269, 17.2414016724, 16.581861496, 24.960609436, 40.2075920105]],
