{
"lowlevel": {
    "average_loudness": 0.203204616904,
    "barkbands_crest": {
        "dmean": 2.06912279129,
        "dmean2": 3.38173651695,
        "dvar": 3.66895604134,
        "dvar2": 8.64959526062,
        "max": 26.7149143219,
        "mean": 6.43954610825,
        "median": 5.26465511322,
        "min": 2.20493102074,
        "var": 14.9684019089
    },
    "barkbands_flatness_db": {
        "dmean": 0.020531181246,
        "dmean2": 0.0329345390201,
        "dvar": 0.000660978315864,
        "dvar2": 0.00167859147768,
        "max": 0.351759642363,
        "mean": 0.0730860978365,
        "median": 0.0564854852855,
        "min": 0.0161212142557,
        "var": 0.00240277242847
    },
    "barkbands_kurtosis": {
        "dmean": 4.01600551605,
        "dmean2": 6.64245510101,
        "dvar": 364.467590332,
        "dvar2": 945.503295898,
        "max": 315.879608154,
        "mean": 2.82424283028,
        "median": -0.771089315414,
        "min": -1.72010314465,
        "var": 411.73135376
    },
    "barkbands_skewness": {
        "dmean": 0.664668798447,
        "dmean2": 1.07452106476,
        "dvar": 1.02150022984,
        "dvar2": 2.55535936356,
        "max": 1.81530225277,
        "mean": -0.421257913113,
        "median": 0.100717425346,
        "min": -16.774936676,
        "var": 3.03425574303
    },
    "barkbands_spread": {
        "dmean": 7.83679199219,
        "dmean2": 12.3656902313,
        "dvar": 72.0950317383,
        "dvar2": 181.337509155,
        "max": 68.2124023438,
        "mean": 34.3868026733,
        "median": 35.7409667969,
        "min": 0.801935136318,
        "var": 197.984191895
    },
    "dissonance": {
        "dmean": 0.00630102679133,
        "dmean2": 0.0107438452542,
        "dvar": 4.73434774904e-05,
        "dvar2": 0.000120008735394,
        "max": 0.500000238419,
        "mean": 0.491084963083,
        "median": 0.492812365294,
        "min": 0.431547343731,
        "var": 6.40841026325e-05
    },
    "dynamic_complexity": 14.0953035355,
    "erbbands_crest": {
        "dmean": 1.38836038113,
        "dmean2": 2.2643828392,
        "dvar": 3.3294839859,
        "dvar2": 9.57476520538,
        "max": 28.498336792,
        "mean": 5.50744962692,
        "median": 4.64554786682,
        "min": 2.6262652874,
        "var": 11.0662164688
    },
    "erbbands_flatness_db": {
        "dmean": 0.0156795438379,
        "dmean2": 0.0254711415619,
        "dvar": 0.000378034863388,
        "dvar2": 0.000949413515627,
        "max": 0.315792679787,
        "mean": 0.141296744347,
        "median": 0.13259229064,
        "min": 0.0774924233556,
        "var": 0.00117047235835
    },
    "erbbands_kurtosis": {
        "dmean": 1.27531123161,
        "dmean2": 2.16465520859,
        "dvar": 21.5598697662,
        "dvar2": 60.1012611389,
        "max": 63.5223770142,
        "mean": 0.545356094837,
        "median": -0.315862417221,
        "min": -1.43994939327,
        "var": 18.9774208069
    },
    "erbbands_skewness": {
        "dmean": 0.345263361931,
        "dmean2": 0.552789866924,
        "dvar": 0.249278858304,
        "dvar2": 0.698642492294,
        "max": 0.519249081612,
        "mean": -0.619064986706,
        "median": -0.523421406746,
        "min": -7.12546300888,
        "var": 0.507108151913
    },
    "erbbands_spread": {
        "dmean": 7.75800561905,
        "dmean2": 12.6962223053,
        "dvar": 63.9814453125,
        "dvar2": 157.361709595,
        "max": 86.716178894,
        "mean": 38.939743042,
        "median": 39.9314880371,
        "min": 4.09588241577,
        "var": 187.03704834
    },
    "hfc": {
        "dmean": 91.8045425415,
        "dmean2": 142.632095337,
        "dvar": 241258.015625,
        "dvar2": 451297.375,
        "max": 9282.078125,
        "mean": 148.33581543,
        "median": 0.675602376461,
        "min": 0.0551931522787,
        "var": 677699.5
    },
    "melbands_crest": {
        "dmean": 2.46606040001,
        "dmean2": 4.18435049057,
        "dvar": 5.1693816185,
        "dvar2": 12.5772476196,
        "max": 29.9141101837,
        "mean": 7.8707575798,
        "median": 7.43236112595,
        "min": 2.7438929081,
        "var": 10.2577819824
    },
    "melbands_flatness_db": {
        "dmean": 0.0156042445451,
        "dmean2": 0.0254554525018,
        "dvar": 0.000218728280743,
        "dvar2": 0.000516128784511,
        "max": 0.16283030808,
        "mean": 0.0716243237257,
        "median": 0.0705306455493,
        "min": 0.0144614120945,
        "var": 0.000933593313675
    },
    "melbands_kurtosis": {
        "dmean": 1.47728478909,
        "dmean2": 2.47046256065,
        "dvar": 3.20044755936,
        "dvar2": 8.62550354004,
        "max": 14.3785400391,
        "mean": 1.427344203,
        "median": 1.12467622757,
        "min": -1.79426002502,
        "var": 5.22124862671
    },
    "melbands_skewness": {
        "dmean": 0.534678161144,
        "dmean2": 0.880265653133,
        "dvar": 0.326459258795,
        "dvar2": 0.803725063801,
        "max": 3.61149954796,
        "mean": 0.992311120033,
        "median": 1.30414319038,
        "min": -1.76790475845,
        "var": 1.12701940536
    },
    "melbands_spread": {
        "dmean": 19.1150875092,
        "dmean2": 30.2578220367,
        "dvar": 481.662109375,
        "dvar2": 1239.36071777,
        "max": 246.084136963,
        "mean": 71.67993927,
        "median": 58.9163551331,
        "min": 17.2683124542,
        "var": 1451.03967285
    },
    "pitch_salience": {
        "dmean": 0.0559093877673,
        "dmean2": 0.0952660888433,
        "dvar": 0.00253200461157,
        "dvar2": 0.00744706531987,
        "max": 0.915862083435,
        "mean": 0.73071616888,
        "median": 0.742881655693,
        "min": 0.0684894397855,
        "var": 0.0091910418123
    },
    "silence_rate_20dB": {
        "dmean": 0.0060606058687,
        "dmean2": 0.0121580548584,
        "dvar": 0.0060238703154,
        "dvar2": 0.012010237202,
        "max": 1,
        "mean": 0.984894275665,
        "median": 1,
        "min": 0,
        "var": 0.0148776294664
    },
    "silence_rate_30dB": {
        "dmean": 0.0121212117374,
        "dmean2": 0.0243161097169,
        "dvar": 0.0119742676616,
        "dvar2": 0.0237248390913,
        "max": 1,
        "mean": 0.966767370701,
        "median": 1,
        "min": 0,
        "var": 0.032128199935
    },
    "silence_rate_60dB": {
        "dmean": 0.0666666701436,
        "dmean2": 0.133738607168,
        "dvar": 0.0622220002115,
        "dvar2": 0.128010839224,
        "max": 1,
        "mean": 0.812688827515,
        "median": 1,
        "min": 0,
        "var": 0.152225226164
    },
    "spectral_centroid": {
        "dmean": 416.9140625,
        "dmean2": 662.003967285,
        "dvar": 256792.734375,
        "dvar2": 650107.625,
        "max": 9480.99707031,
        "mean": 2959.68432617,
        "median": 2690.02319336,
        "min": 1109.78039551,
        "var": 1237733.75
    },
    "spectral_complexity": {
        "dmean": 1.63030302525,
        "dmean2": 2.4012157917,
        "dvar": 12.8754396439,
        "dvar2": 23.5228366852,
        "max": 60,
        "mean": 4.45619344711,
        "median": 0,
        "min": 0,
        "var": 132.067169189
    },
    "spectral_decrease": {
        "dmean": 4.94227658798e-10,
        "dmean2": 8.1084200465e-10,
        "dvar": 5.95082418067e-18,
        "dvar2": 1.40140360352e-17,
        "max": -4.53330428751e-12,
        "mean": -9.14397668694e-10,
        "median": -5.96056537461e-11,
        "min": -4.09156726278e-08,
        "var": 1.78057707518e-17
    },
    "spectral_energy": {
        "dmean": 0.00982094742358,
        "dmean2": 0.0152258696035,
        "dvar": 0.00268105673604,
        "dvar2": 0.00498859258369,
        "max": 0.977890968323,
        "mean": 0.0169056337327,
        "median": 0.000300574291032,
        "min": 2.30544064834e-05,
        "var": 0.00808094162494
    },
    "spectral_energyband_high": {
        "dmean": 0.00923492573202,
        "dmean2": 0.0143616963178,
        "dvar": 0.00236320262775,
        "dvar2": 0.0044282367453,
        "max": 0.91535371542,
        "mean": 0.014955598861,
        "median": 6.07670845056e-05,
        "min": 2.39381893152e-06,
        "var": 0.00672982027754
    },
    "spectral_energyband_low": {
        "dmean": 1.16243327284e-05,
        "dmean2": 2.07640350709e-05,
        "dvar": 1.63893532079e-09,
        "dvar2": 4.89903984047e-09,
        "max": 0.000519347784575,
        "mean": 1.37695224112e-05,
        "median": 4.65098037239e-06,
        "min": 2.82520232986e-07,
        "var": 1.34160760279e-09
    },
    "spectral_energyband_middle_high": {
        "dmean": 0.000925218511838,
        "dmean2": 0.00139630935155,
        "dvar": 1.91379458556e-05,
        "dvar2": 4.42769451183e-05,
        "max": 0.0931903794408,
        "mean": 0.00173114705831,
        "median": 9.52331465669e-05,
        "min": 1.21334987853e-05,
        "var": 6.61958329147e-05
    },
    "spectral_energyband_middle_low": {
        "dmean": 0.0001167323353,
        "dmean2": 0.00017666745407,
        "dvar": 1.21983759982e-07,
        "dvar2": 2.42687519858e-07,
        "max": 0.00573801808059,
        "mean": 0.000267334020464,
        "median": 9.71280969679e-05,
        "min": 4.78114861835e-06,
        "var": 3.66601000223e-07
    },
    "spectral_entropy": {
        "dmean": 0.101075895131,
        "dmean2": 0.164103865623,
        "dvar": 0.0116615286097,
        "dvar2": 0.0299248006195,
        "max": 8.87706184387,
        "mean": 8.21842861176,
        "median": 8.19083118439,
        "min": 7.79539060593,
        "var": 0.0469786189497
    },
    "spectral_flux": {
        "dmean": 0.0134486239403,
        "dmean2": 0.0203952435404,
        "dvar": 0.00100439577363,
        "dvar2": 0.00169941445347,
        "max": 0.706526815891,
        "mean": 0.0414902642369,
        "median": 0.0117028700188,
        "min": 0.00431353645399,
        "var": 0.00807593390346
    },
    "spectral_kurtosis": {
        "dmean": 0.797926306725,
        "dmean2": 1.29469943047,
        "dvar": 0.652982115746,
        "dvar2": 1.55765020847,
        "max": 11.2116680145,
        "mean": 2.72852301598,
        "median": 2.68763542175,
        "min": -1.17575037479,
        "var": 3.02342271805
    },
    "spectral_rms": {
        "dmean": 0.000583545130212,
        "dmean2": 0.000903519277927,
        "dvar": 2.10082407648e-06,
        "dvar2": 4.53223083241e-06,
        "max": 0.0308875367045,
        "mean": 0.00166500988416,
        "median": 0.000541519373655,
        "min": 0.00014997368271,
        "var": 1.3721049072e-05
    },
    "spectral_rolloff": {
        "dmean": 1145.69641113,
        "dmean2": 1883.07519531,
        "dvar": 2374156,
        "dvar2": 5447000.5,
        "max": 12941.4550781,
        "mean": 5809.15087891,
        "median": 4500.43945312,
        "min": 1098.19335938,
        "var": 10279723
    },
    "spectral_skewness": {
        "dmean": 0.14897158742,
        "dmean2": 0.248976528645,
        "dvar": 0.0216857772321,
        "dvar2": 0.0480028651655,
        "max": 2.74007701874,
        "mean": 1.17626297474,
        "median": 1.1869815588,
        "min": 0.407565921545,
        "var": 0.0814558342099
    },
    "spectral_spread": {
        "dmean": 720597.0625,
        "dmean2": 1172324.625,
        "dvar": 901590614016,
        "dvar2": 2.1092916265e+12,
        "max": 13710364,
        "mean": 5689263,
        "median": 5225452,
        "min": 3812625.5,
        "var": 3.12293641421e+12
    },
    "spectral_strongpeak": {
        "dmean": 1.79399597645,
        "dmean2": 2.79072284698,
        "dvar": 38.632396698,
        "dvar2": 86.9123916626,
        "max": 93.3362731934,
        "mean": 3.73293042183,
        "median": 0.0632543712854,
        "min": 0,
        "var": 189.03503418
    },
    "zerocrossingrate": {
        "dmean": 0.0182617194951,
        "dmean2": 0.0207942519337,
        "dvar": 0.000367987784557,
        "dvar2": 0.000416101887822,
        "max": 0.4951171875,
        "mean": 0.177834689617,
        "median": 0.1494140625,
        "min": 0.03369140625,
        "var": 0.0100589580834
    },
    "barkbands": {
        "dmean": [4.7427397476e-06, 8.80095171851e-07, 5.99605937168e-06, 1.10012051664e-05, 4.2183601181e-05, 5.14073872182e-05, 1.83209176612e-05, 1.26535669551e-05, 2.86760550807e-05, 1.32075811052e-05, 1.72913714778e-05, 2.39791552303e-05, 2.07400535146e-05, 3.18614729622e-05, 8.12241996755e-05, 0.000155907662702, 0.000191843355424, 0.00015237891057, 0.000194118867512, 0.000581083004363, 0.000470457336633, 0.000529053271748, 0.0015021036379, 0.00190284231212, 0.00399935198948, 0.00116676092148, 0.000405089958804],
        "dmean2": [8.33847025206e-06, 1.47015828134e-06, 1.10184919322e-05, 1.67668567883e-05, 7.60110997362e-05, 8.0941041233e-05, 3.22650521412e-05, 2.03184481506e-05, 4.9156104069e-05, 2.09442932828e-05, 3.06515685224e-05, 3.92560250475e-05, 3.57455683115e-05, 5.74570949539e-05, 0.000140628006193, 0.000245597213507, 0.000314946810249, 0.000257119943853, 0.000332524534315, 0.00100393185858, 0.000738044502214, 0.000786141667049, 0.00258665787987, 0.00285692699254, 0.00653193565086, 0.00181128457189, 0.000727901235223],
        "dvar": [2.740220377e-11, 1.25771658713e-11, 7.10790426517e-10, 6.04682970362e-10, 2.25080114546e-08, 3.27864100313e-08, 1.23952736963e-09, 5.43190936675e-10, 1.8937427626e-08, 2.6223823113e-09, 7.87960985349e-09, 1.33462583207e-08, 1.34736337642e-08, 2.00434833175e-08, 2.60913026295e-07, 8.84906739884e-07, 1.47194100464e-06, 4.39730797552e-07, 8.60456509599e-07, 9.11809911486e-06, 5.34045420864e-06, 7.95542291598e-06, 6.04324704909e-05, 0.000103956102976, 0.00045117730042, 6.38611163595e-05, 6.07352967563e-06],
        "dvar2": [8.00835092685e-11, 3.055043718e-11, 2.2079240658e-09, 1.33954747294e-09, 6.5962233009e-08, 6.11395023498e-08, 3.35603278501e-09, 9.38232491698e-10, 5.27699945962e-08, 6.11737327461e-09, 2.50194922558e-08, 3.15152313135e-08, 3.8366106736e-08, 5.49385568149e-08, 7.4895808666e-07, 1.81959342171e-06, 2.69419206234e-06, 1.31831245653e-06, 2.11480073631e-06, 2.4337632567e-05, 1.17627059808e-05, 1.34905403684e-05, 0.000168005048181, 0.000202893919777, 0.000904757762328, 0.000129754902446, 1.40988931889e-05],
        "max": [3.37472847605e-05, 5.49534270249e-05, 0.000345108273905, 0.00039926476893, 0.00192370009609, 0.00318677164614, 0.000437357346527, 0.000327034067595, 0.00204442930408, 0.000977228046395, 0.00101881311275, 0.00210965517908, 0.00164596596733, 0.00224188505672, 0.00742140645161, 0.0159666538239, 0.0218426827341, 0.0102716302499, 0.0131357666105, 0.0534974858165, 0.039133336395, 0.0594922788441, 0.0886814966798, 0.178686127067, 0.380494117737, 0.138307347894, 0.0421083495021],
        "mean": [4.34284311268e-06, 9.15165401238e-07, 5.84393774261e-06, 1.63655222423e-05, 6.82261161273e-05, 8.23327209218e-05, 2.81141838059e-05, 2.34052604355e-05, 4.06990111514e-05, 2.23666829697e-05, 2.15351356019e-05, 3.20415529131e-05, 2.66257411567e-05, 4.48623941338e-05, 8.70153307915e-05, 0.000208554512938, 0.000284696958261, 0.000207616802072, 0.000315539509756, 0.00106225349009, 0.00066680641612, 0.00101019348949, 0.0018276401097, 0.00231308303773, 0.00633567618206, 0.00152551301289, 0.000619656173512],
        "median": [2.3161505851e-06, 4.32769581948e-07, 8.24602579996e-07, 3.21721290675e-06, 1.50197820403e-05, 3.0158291338e-05, 1.58941202244e-05, 9.28155350266e-06, 9.2765176305e-06, 5.67644246985e-06, 2.36812547882e-06, 6.18747253611e-06, 6.08068467045e-06, 6.41387305222e-06, 5.91483694734e-06, 1.04128057501e-05, 1.03185921034e-05, 9.48213710217e-06, 1.62682099472e-05, 1.64678895089e-05, 1.4297497728e-05, 7.37055779609e-06, 6.97272207617e-06, 5.97050939177e-06, 6.01187048233e-06, 9.97462620944e-07, 3.64582888324e-07],
        "min": [1.93671247928e-08, 2.61408583668e-08, 2.37856467855e-09, 8.16117484703e-09, 4.99012060118e-07, 2.13847374653e-06, 5.57923954148e-07, 6.24007157057e-07, 2.76728997051e-07, 3.02157985743e-07, 8.96551242136e-08, 1.92696518297e-07, 6.80437324263e-07, 4.55183396753e-07, 6.54788777865e-07, 6.39198958652e-07, 7.13793667728e-07, 4.21647769144e-07, 1.34603465085e-06, 7.11054156e-07, 6.74581997373e-07, 1.58384835913e-07, 1.69973247921e-07, 1.27421088791e-07, 1.06912928288e-07, 3.99880271118e-08, 4.24409520861e-08],
        "var": [3.01020874893e-11, 1.15631774988e-11, 5.11657827218e-10, 1.73247804991e-09, 4.48854251545e-08, 6.21441316184e-08, 1.92793425668e-09, 2.24320739761e-09, 2.75910583269e-08, 6.81695677685e-09, 1.15130935896e-08, 1.99963121617e-08, 1.14360467762e-08, 3.24811253449e-08, 2.62965613729e-07, 1.60741353739e-06, 3.3604105738e-06, 8.13539884348e-07, 1.94206586457e-06, 2.66163769993e-05, 1.23495638036e-05, 3.09952010866e-05, 9.75663206191e-05, 0.000199679838261, 0.0012027558405, 0.000112408146379, 1.49871975736e-05]
    },
    "erbbands": {
        "dmean": [3.95766364818e-05, 0.000240240333369, 0.00411609560251, 0.0245623365045, 0.127457633615, 0.142991051078, 0.366915464401, 0.41704416275, 0.265144765377, 0.306238502264, 0.450208157301, 0.686149597168, 0.418174058199, 0.476323306561, 0.744100034237, 0.917407810688, 0.875463962555, 1.46180379391, 3.07273936272, 4.35744905472, 10.2269992828, 9.9783821106, 9.16674423218, 8.90549945831, 11.1658363342, 34.1261138916, 18.0199375153, 19.8414096832, 17.4348526001, 35.5752067566, 45.0007972717, 36.9116630554, 32.1379928589, 39.3409729004, 34.1077346802, 9.46615314484, 1.16958737373, 0.253916025162, 0.112103573978, 0.002712425543],
        "dmean2": [6.80720477249e-05, 0.000413567729993, 0.00758037576452, 0.0413131117821, 0.233941823244, 0.234094664454, 0.590903401375, 0.605208396912, 0.466374784708, 0.515130758286, 0.76899856329, 1.19825696945, 0.618392646313, 0.827703297138, 1.25283682346, 1.53001022339, 1.53411340714, 2.48556089401, 5.5434961319, 6.63395357132, 15.4673442841, 17.164516449, 15.2861270905, 15.2858390808, 20.0044517517, 59.3077507019, 32.711894989, 27.9552536011, 25.2774276733, 61.4540290833, 74.2560043335, 49.1181335449, 54.7137107849, 61.0289115906, 51.9337730408, 16.1563892365, 1.73774302006, 0.43171441555, 0.186435416341, 0.00472940225154],
        "dvar": [8.91460150143e-09, 1.02077103747e-06, 0.000368504028302, 0.00472329743207, 0.238366648555, 0.176259756088, 1.45361292362, 2.40317797661, 0.279563754797, 0.314864575863, 2.24884486198, 11.9903831482, 1.23037660122, 6.1428194046, 12.6102571487, 15.633603096, 20.8119525909, 41.7479171753, 344.91519165, 656.85144043, 3771.50268555, 3902.93041992, 1567.02331543, 2675.52905273, 2497.99951172, 32060.625, 12631.8535156, 11484.7480469, 7100.42041016, 36626.2382812, 68158.2265625, 49215.0078125, 30364.8066406, 62396.640625, 21633.796875, 4357.74609375, 56.8322792053, 2.07533860207, 0.452389031649, 0.000302444212139],
        "dvar2": [2.26498535483e-08, 2.64327240984e-06, 0.00112570356578, 0.013845381327, 0.746682286263, 0.409516721964, 3.38526678085, 4.75382804871, 0.679811298847, 0.87324899435, 6.35267782211, 35.0107879639, 1.96741855145, 17.1784267426, 39.631565094, 39.7169799805, 58.0966300964, 115.08971405, 1001.79968262, 1820.55737305, 6913.61230469, 7872.12988281, 4739.28759766, 5830.88427734, 7097.1875, 84626.0703125, 36642.2148438, 20671.4550781, 12164.2685547, 100502.921875, 180063.578125, 80604.2265625, 61309.5390625, 111943.453125, 47082.9726562, 9464.9296875, 120.105659485, 4.6850643158, 1.03260469437, 0.000650579924695],
        "max": [0.0014937777305, 0.0125194136053, 0.255144774914, 0.904158711433, 6.17227983475, 5.74346446991, 16.611125946, 28.9345207214, 5.96611118317, 7.74525403976, 19.3118896484, 45.0944366455, 20.9124584198, 42.2810401917, 58.9200782776, 70.044960022, 65.0926132202, 86.8062286377, 280.00378418, 362.413665771, 1119.4543457, 1094.08190918, 567.202453613, 848.721435547, 806.979125977, 3134.84960938, 1716.48132324, 2249.33374023, 1805.07128906, 2981.83764648, 3533.03540039, 4319.57958984, 2866.97265625, 4823.20605469, 2536.71630859, 1011.42443848, 137.078079224, 27.102596283, 11.9018545151, 0.309431612492],
        "mean": [4.64141194243e-05, 0.000249412405537, 0.00441693468019, 0.0338854566216, 0.186565086246, 0.201160609722, 0.48261103034, 0.613180994987, 0.416215151548, 0.478919923306, 0.641946434975, 0.903116941452, 0.780460417271, 0.699961960316, 1.05168175697, 1.26369702816, 1.24606597424, 2.09198760986, 3.47169184685, 6.00708913803, 13.6861696243, 15.7219228745, 12.1449632645, 17.1569728851, 18.2630710602, 60.0827407837, 29.2997283936, 29.5271053314, 32.2919960022, 48.194355011, 55.8149185181, 45.7911605835, 43.6020431519, 62.4043083191, 45.861869812, 12.9250469208, 1.62528181076, 0.422853410244, 0.161600515246, 0.00413540285081],
        "median": [2.99516705127e-05, 7.41403637221e-05, 0.000787312397733, 0.00659895967692, 0.0312447305769, 0.0515485480428, 0.129424273968, 0.229189246893, 0.201639190316, 0.251097112894, 0.185434773564, 0.203648731112, 0.232766062021, 0.120029360056, 0.136003807187, 0.277899861336, 0.300027698278, 0.338215857744, 0.343069702387, 0.328339993954, 0.630605101585, 0.619193255901, 0.586600184441, 0.69778239727, 0.770483613014, 0.875950157642, 0.713357746601, 0.420536220074, 0.275380164385, 0.195354536176, 0.194492608309, 0.115259595215, 0.0951503813267, 0.0740483924747, 0.0368471480906, 0.010261181742, 0.00111492210999, 0.00021384358115, 4.78813708469e-05, 7.12873224984e-06],
        "min": [1.29673173888e-06, 6.14906821284e-06, 2.63741003437e-05, 0.000183216718142, 0.000573351804633, 0.0018176996382, 0.00671164505184, 0.0116188153625, 0.00936821289361, 0.00890868809074, 0.013668442145, 0.00609154161066, 0.0118206804618, 0.00504882400855, 0.00365448417142, 0.00937488581985, 0.02555244416, 0.0364337004721, 0.0345109067857, 0.0395540222526, 0.0442177131772, 0.0567147694528, 0.0305112618953, 0.0577792190015, 0.0584853887558, 0.0344246216118, 0.0322491265833, 0.0199603103101, 0.00616241432726, 0.00543617643416, 0.00475296005607, 0.00253573688678, 0.00216362439096, 0.00111379253212, 0.000807446602266, 0.000211440667044, 5.57482308068e-05, 3.7755631638e-05, 5.31496289113e-06, 5.57229043352e-07],
        "var": [8.47677750215e-09, 8.86115287813e-07, 0.00027435584343, 0.00742591172457, 0.431298017502, 0.355218589306, 2.08078384399, 3.96151542664, 0.562213659286, 0.644014418125, 3.39980983734, 14.7415914536, 5.8905210495, 9.42610836029, 24.5424537659, 24.7080364227, 21.2264881134, 62.3413772583, 355.325805664, 1099.52514648, 7395.16015625, 9317.44335938, 3145.19458008, 6461.35400391, 6189.7109375, 86275.1171875, 21497.6347656, 29698.3164062, 30242.0507812, 68911.109375, 103338.46875, 97497.1953125, 64961.734375, 155765.71875, 51427.1484375, 7304.61181641, 113.61756134, 6.16423606873, 1.09395575523, 0.000709816522431]
    },
    "gfcc": {
        "mean": [-141.172485352, -5.24661540985, -129.699584961, 18.4321098328, -76.8298034668, -10.6504421234, -53.0990180969, 0.262817710638, -30.8447875977, 1.2657803297, -13.4836406708, -5.40612649918, -5.7046251297],
        "cov": [[8576.86816406, -4142.94726562, 404.711547852, 484.554962158, -356.467590332, 542.823852539, -414.125946045, 261.732208252, -466.897644043, -52.9680328369, -482.14163208, -10.6734380722, -275.834442139], [-4142.94726562, 3046.35375977, -446.457855225, -244.640319824, 290.995239258, -393.000183105, 122.573677063, -261.841491699, 163.011322021, -73.6244888306, 208.56060791, -52.8461761475, 102.635749817], [404.711547852, -446.457855225, 239.26675415, -24.0617218018, 0.820592701435, 82.9364929199, -11.092215538, 62.0830535889, -34.1433105469, 21.8509120941, -31.9632396698, 11.5767478943, -4.81321144104], [484.554962158, -244.640319824, -24.0617218018, 217.311981201, -99.4834671021, 70.3458862305, -55.202167511, 3.9208214283, -31.7189273834, 11.6228342056, -16.2956008911, 6.85697889328, -35.9742050171], [-356.467590332, 290.995239258, 0.820592701435, -99.4834671021, 176.009460449, -43.6317329407, 49.2805328369, -19.8124694824, 16.9224052429, -22.1000080109, 0.80320173502, -18.73960495, 15.4844923019], [542.823852539, -393.000183105, 82.9364929199, 70.3458862305, -43.6317329407, 122.86907196, -22.9028549194, 52.0383110046, -32.9734840393, 20.7332649231, -28.7489261627, 12.7541713715, -19.5331535339], [-414.125946045, 122.573677063, -11.092215538, -55.202167511, 49.2805328369, -22.9028549194, 99.3585968018, 8.28457069397, 59.415813446, 0.0170708857477, 18.7528476715, -0.509464085102, 21.839509964], [261.732208252, -261.841491699, 62.0830535889, 3.9208214283, -19.8124694824, 52.0383110046, 8.28457069397, 67.8316955566, 0.418053686619, 22.0643901825, -12.3693599701, 8.17491722107, -3.72186493874], [-466.897644043, 163.011322021, -34.1433105469, -31.7189273834, 16.9224052429, -32.9734840393, 59.415813446, 0.418053686619, 87.574546814, 12.1574869156, 44.0307273865, 3.57761049271, 20.1084766388], [-52.9680328369, -73.6244888306, 21.8509120941, 11.6228342056, -22.1000080109, 20.7332649231, 0.0170708857477, 22.0643901825, 12.1574869156, 48.3996620178, 13.2909145355, 18.3524017334, 5.5224404335], [-482.14163208, 208.56060791, -31.9632396698, -16.2956008911, 0.80320173502, -28.7489261627, 18.7528476715, -12.3693599701, 44.0307273865, 13.2909145355, 68.2709121704, 12.496679306, 17.9055595398], [-10.6734380722, -52.8461761475, 11.5767478943, 6.85697889328, -18.73960495, 12.7541713715, -0.509464085102, 8.17491722107, 3.57761049271, 18.3524017334, 12.496679306, 35.5750160217, 15.107293129], [-275.834442139, 102.635749817, -4.81321144104, -35.9742050171, 15.4844923019, -19.5331535339, 21.839509964, -3.72186493874, 20.1084766388, 5.5224404335, 17.9055595398, 15.107293129, 39.3902854919]],
        "icov": [[0.000823010632303, 0.00105042289943, 0.00101205625106, 2.05145770451e-05, -0.000695498252753, -0.000217608554522, 0.00172263593413, -0.000306684814859, 0.000343338469975, 0.00151816091966, 0.00170453067403, -0.000764251279179, 0.00148021487985], [0.00105042289943, 0.00230491091497, 0.00216026231647, 0.000180521077709, -0.00184809730854, 0.000502181472257, 0.00209611654282, 0.001217002864, 0.000799655914307, 0.00156404310837, 0.000209433128475, 0.000261826819042, 0.000884054170456], [0.00101205625106, 0.00216026231647, 0.00922869704664, 0.00260524172336, -0.0023156455718, -0.00364821683615, 0.00269247614779, -0.00216865260154, 0.00241367216222, 0.000270741060376, 0.00112438749056, -0.000471185485367, 0.000768152589444], [2.05145770451e-05, 0.000180521077709, 0.00260524172336, 0.00950272660702, 0.00300111994147, -0.0060557089746, 0.00163442047779, 0.00379817769863, -0.00089759362163, -0.000954698829446, 0.000455872475868, -0.00109492393676, 0.00474500143901], [-0.000695498252753, -0.00184809730854, -0.0023156455718, 0.00300111994147, 0.0108006605878, -0.000955986441113, -0.00530924648046, 0.00184124836233, 0.000748671533074, -0.000163109216373, 0.000933853676543, 0.00290001812391, -0.00109526363667], [-0.000217608554522, 0.000502181472257, -0.00364821683615, -0.0060557089746, -0.000955986441113, 0.021980535239, -0.00191290187649, -0.00941418018192, 0.00417587067932, -0.00178167538252, -0.000442744727479, -0.00354156666435, 0.00231569446623], [0.00172263593413, 0.00209611654282, 0.00269247614779, 0.00163442047779, -0.00530924648046, -0.00191290187649, 0.0262473691255, -0.00491585489362, -0.0149306012318, 0.00674898875877, 0.00766338966787, -0.00224217562936, -0.00140341429505], [-0.000306684814859, 0.001217002864, -0.00216865260154, 0.00379817769863, 0.00184124836233, -0.00941418018192, -0.00491585489362, 0.0336201749742, -0.0033171470277, -0.00949259288609, 0.000920028658584, 0.00324995815754, -0.000245249597356], [0.000343338469975, 0.000799655914307, 0.00241367216222, -0.00089759362163, 0.000748671533074, 0.00417587067932, -0.0149306012318, -0.0033171470277, 0.0318115651608, -0.00516106467694, -0.0138763198629, 0.00516327563673, -0.00165156344883], [0.00151816091966, 0.00156404310837, 0.000270741060376, -0.000954698829446, -0.000163109216373, -0.00178167538252, 0.00674898875877, -0.00949259288609, -0.00516106467694, 0.0360410511494, -0.000546920869965, -0.0135756917298, 0.00329582742415], [0.00170453067403, 0.000209433128475, 0.00112438749056, 0.000455872475868, 0.000933853676543, -0.000442744727479, 0.00766338966787, 0.000920028658584, -0.0138763198629, -0.000546920869965, 0.0348829515278, -0.0107760410756, 0.00263226474635], [-0.000764251279179, 0.000261826819042, -0.000471185485367, -0.00109492393676, 0.00290001812391, -0.00354156666435, -0.00224217562936, 0.00324995815754, 0.00516327563673, -0.0135756917298, -0.0107760410756, 0.051050029695, -0.0238507352769], [0.00148021487985, 0.000884054170456, 0.000768152589444, 0.00474500143901, -0.00109526363667, 0.00231569446623, -0.00140341429505, -0.000245249597356, -0.00165156344883, 0.00329582742415, 0.00263226474635, -0.0238507352769, 0.0485419295728]]
    },
    "melbands": {
        "dmean": [4.63883537805e-07, 1.57003398726e-06, 6.02236286795e-06, 1.06808411147e-05, 1.04354458017e-05, 9.27796372707e-06, 3.94043217966e-06, 3.18761385643e-06, 4.60076444142e-06, 4.25758889833e-06, 2.02423666451e-06, 1.84657380942e-06, 2.69782367468e-06, 2.50311313721e-06, 2.14562010115e-06, 2.27124132834e-06, 2.7611886253e-06, 4.40589792561e-06, 6.55728081256e-06, 8.68204369908e-06, 1.43170327647e-05, 9.96192466118e-06, 1.18449297588e-05, 5.7774132074e-06, 7.92314040154e-06, 6.11000541539e-06, 1.52489583343e-05, 2.3914839403e-05, 1.14581371236e-05, 9.87181010714e-06, 1.15369575724e-05, 9.39403071243e-06, 1.3916833268e-05, 2.26799729717e-05, 3.1561274227e-05, 1.59010087373e-05, 2.52799272857e-05, 2.14203264477e-05, 2.39790551859e-05, 3.87259060517e-05],
        "dmean2": [8.02699730684e-07, 2.89660329145e-06, 1.04826694951e-05, 1.86521392607e-05, 1.71070805663e-05, 1.35187628985e-05, 6.83218513586e-06, 5.31386513103e-06, 7.86960936239e-06, 7.50321169107e-06, 3.10340919896e-06, 3.18501315633e-06, 4.60696765003e-06, 4.20326887252e-06, 3.51189146386e-06, 3.890464086e-06, 4.6514674068e-06, 8.10113579064e-06, 1.13804526336e-05, 1.61193165695e-05, 2.08392448258e-05, 1.83804822882e-05, 1.98035231733e-05, 9.88697865978e-06, 1.40140173244e-05, 1.03220190795e-05, 2.7334481274e-05, 4.04111524404e-05, 2.13105722651e-05, 1.48686049215e-05, 1.57445356308e-05, 1.32710720209e-05, 2.1145100618e-05, 4.16536458943e-05, 5.01976064697e-05, 2.57092215179e-05, 3.2863317756e-05, 3.61360544048e-05, 3.78012518922e-05, 6.1359074607e-05],
        "dvar": [9.28265277145e-13, 5.32141344878e-11, 3.58405166656e-10, 1.41678668797e-09, 1.23233823146e-09, 1.11998565977e-09, 5.65696274546e-11, 3.27079301143e-11, 3.58798490918e-10, 4.07718719897e-10, 3.01587158025e-11, 9.88140888558e-11, 1.81811066202e-10, 1.83994250391e-10, 5.98945615327e-11, 1.732456123e-10, 1.32959809829e-10, 6.76211531214e-10, 1.67166536169e-09, 2.71830336018e-09, 8.1720870071e-09, 5.13079223552e-09, 3.48366646641e-09, 6.33480046197e-10, 2.43805842182e-09, 6.39910957556e-10, 4.61117277695e-09, 1.76400902774e-08, 5.97135496605e-09, 2.04535943737e-09, 4.3506349634e-09, 2.10460027184e-09, 5.1192072803e-09, 1.57827368952e-08, 3.42984236568e-08, 7.56539986213e-09, 2.50665994628e-08, 1.08612967509e-08, 2.21526512689e-08, 6.62588632849e-08],
        "dvar2": [2.271545365e-12, 1.62664617886e-10, 9.86138171122e-10, 4.33938129873e-09, 2.78227307859e-09, 2.17593720819e-09, 1.38097311364e-10, 8.86973411385e-11, 1.04492714481e-09, 1.17866028049e-09, 4.94511133431e-11, 2.74998745997e-10, 5.88670445723e-10, 4.56389037673e-10, 1.47440462617e-10, 4.9882881159e-10, 3.56769391807e-10, 1.99782723698e-09, 4.81531170493e-09, 9.09682196237e-09, 1.4377373958e-08, 1.13397815582e-08, 9.87958959087e-09, 1.90141813405e-09, 5.14595388523e-09, 1.70420444423e-09, 1.35642457266e-08, 4.62244784671e-08, 1.72765535211e-08, 4.68867256131e-09, 7.37879357615e-09, 3.53103479789e-09, 1.16380434179e-08, 4.58529783032e-08, 9.2217895542e-08, 1.52205021919e-08, 4.22782662213e-08, 2.54034233649e-08, 3.66259804707e-08, 1.29581920305e-07],
        "max": [1.53716919158e-05, 9.56719159149e-05, 0.000220181202167, 0.000467100937385, 0.000488193356432, 0.000623317202553, 8.37783372845e-05, 8.10268538771e-05, 0.000254921324085, 0.000247859366937, 9.88370084087e-05, 0.000170529412571, 0.000172281404957, 0.000242491601966, 0.000140075106174, 0.000188033925951, 0.000155844361871, 0.000396161020035, 0.00058956007706, 0.000662615115289, 0.00168768630829, 0.0011482181726, 0.000983580364846, 0.000361516867997, 0.000792281411123, 0.000457839894807, 0.0010356658604, 0.00243531470187, 0.00118594523519, 0.000785035430454, 0.00139518443029, 0.00104287837166, 0.0014392681187, 0.00170415325556, 0.00250723655336, 0.00130276475102, 0.00311881583184, 0.00155440054368, 0.00285175559111, 0.00490291742608],
        "mean": [5.29065459887e-07, 1.61921650488e-06, 1.01432679003e-05, 1.48010822159e-05, 1.43811803355e-05, 1.41888967846e-05, 6.37119592284e-06, 5.0133021432e-06, 5.80707865083e-06, 5.61383740205e-06, 3.79315133614e-06, 2.71983344646e-06, 3.36640641763e-06, 3.40015208167e-06, 3.15005308948e-06, 2.73290197583e-06, 3.98878910346e-06, 4.88030036649e-06, 7.14809903002e-06, 9.91093111224e-06, 1.77832753252e-05, 1.62432243087e-05, 1.4341431779e-05, 8.91926265467e-06, 1.49662810145e-05, 9.11791721592e-06, 2.25342719204e-05, 4.36738664575e-05, 1.83654683497e-05, 1.43360175571e-05, 1.72961190401e-05, 1.72492218553e-05, 2.13672974496e-05, 2.87265575025e-05, 3.68750806956e-05, 2.03967756534e-05, 3.10399700538e-05, 2.71947374131e-05, 3.55584234057e-05, 5.96405116084e-05],
        "median": [3.21653203628e-07, 2.5116503366e-07, 1.83508814189e-06, 2.87818761535e-06, 4.07506195188e-06, 5.28847567693e-06, 3.31704404744e-06, 2.72893839792e-06, 1.30184719183e-06, 1.33392779844e-06, 1.16686328511e-06, 4.66739066951e-07, 3.70331065369e-07, 6.16466877545e-07, 7.3208275353e-07, 6.00869157097e-07, 6.0666468471e-07, 5.29521685166e-07, 4.36249365521e-07, 5.531513807e-07, 7.96902838829e-07, 6.20173921106e-07, 5.32472085979e-07, 4.48610393278e-07, 5.5957133327e-07, 6.00979490173e-07, 4.68809162157e-07, 5.64027970995e-07, 4.69164120886e-07, 2.96576246228e-07, 2.1421564611e-07, 1.62600215958e-07, 1.11150939119e-07, 9.76931318064e-08, 1.13390242973e-07, 8.36788345282e-08, 6.08955517123e-08, 6.87402135213e-08, 5.79371537412e-08, 6.10516792676e-08],
        "min": [8.0127851021e-09, 9.35469657293e-09, 4.14843910335e-08, 7.15114651939e-08, 2.19400547508e-07, 3.08407862804e-07, 1.37141853429e-07, 1.06308448267e-07, 1.0261511818e-07, 3.65052663653e-08, 5.91147077955e-08, 2.06861674457e-08, 1.18050493825e-08, 2.03135606114e-08, 3.02601819158e-08, 5.70508298381e-08, 5.6928598724e-08, 3.57115474969e-08, 5.66896964926e-08, 4.93160641213e-08, 4.2354294294e-08, 4.28217390436e-08, 4.38548966031e-08, 1.33943194314e-08, 4.63263987172e-08, 4.73506034382e-08, 2.613719019e-08, 1.99637852916e-08, 1.73309260276e-08, 1.53401753522e-08, 8.94531382301e-09, 2.81777556843e-09, 3.15252424166e-09, 2.92037660721e-09, 2.52935583589e-09, 1.61108559826e-09, 1.60312396691e-09, 1.56893942282e-09, 9.67739888225e-10, 9.33096377942e-10],
        "var": [9.41828646323e-13, 3.86225391946e-11, 9.07030339725e-10, 2.37167596673e-09, 1.81695647417e-09, 1.96005900399e-09, 1.19970061663e-10, 7.0641388572e-11, 4.2145620327e-10, 5.27214272239e-10, 1.36172989551e-10, 1.42809208903e-10, 2.84274992435e-10, 2.48318698937e-10, 1.17585413628e-10, 1.3403128607e-10, 2.27103932882e-10, 6.81871614727e-10, 1.76275494201e-09, 3.05659431099e-09, 1.44398590862e-08, 1.08138804578e-08, 5.91392801397e-09, 1.3874293936e-09, 5.34579536193e-09, 1.35380806565e-09, 1.10583595614e-08, 4.72117882566e-08, 9.20429066298e-09, 5.18080911505e-09, 1.10073239412e-08, 8.45010461603e-09, 1.51830548134e-08, 2.41502640108e-08, 4.81566075905e-08, 1.42378713264e-08, 4.76865160692e-08, 2.12005648592e-08, 5.59078330298e-08, 1.49450201548e-07]
    },
    "mfcc": {
        "mean": [-780.691040039, 42.1959648132, -11.7134561539, 13.9455738068, -8.71076011658, -14.8802556992, -11.1295042038, -15.4784936905, -9.57005310059, -6.01050758362, -7.03775691986, -2.02179074287, -2.8692073822],
        "cov": [[8318.84472656, -3747.22949219, 437.967895508, -201.219680786, 132.957931519, 40.5865058899, 28.6674900055, 108.904998779, -15.8039255142, -72.124206543, -187.379592896, -251.704284668, -16.957857132], [-3747.22949219, 2582.84594727, -463.841888428, 147.105865479, 9.60610485077, -36.2509689331, -31.3552417755, -101.661643982, -39.4454307556, -34.7747497559, 28.0237751007, 49.8468170166, -66.5171432495], [437.967895508, -463.841888428, 229.491622925, -37.3525009155, 3.06605267525, 7.50475692749, 14.8152694702, 16.3789272308, -3.59522438049, 12.4181289673, 1.72334682941, 5.19900178909, 15.317773819], [-201.219680786, 147.105865479, -37.3525009155, 92.4123687744, -1.4561163187, 18.1304683685, -13.1553220749, -12.3739595413, -14.6992864609, -0.345489501953, -8.14877510071, 6.86885595322, -5.10358810425], [132.957931519, 9.60610485077, 3.06605267525, -1.4561163187, 79.4661254883, 10.0415115356, 20.6510810852, -2.09362483025, -5.47655344009, -5.74571561813, -7.67922496796, -11.1378192902, -11.0003480911], [40.5865058899, -36.2509689331, 7.50475692749, 18.1304683685, 10.0415115356, 50.8052253723, 9.56664657593, 8.49592018127, 6.14581537247, 0.359433054924, 2.97316026688, -3.50580501556, 4.76463508606], [28.6674900055, -31.3552417755, 14.8152694702, -13.1553220749, 20.6510810852, 9.56664657593, 44.3235778809, 17.2319755554, 14.4729757309, 2.55413126945, 9.31958580017, -8.75156116486, -1.00741183758], [108.904998779, -101.661643982, 16.3789272308, -12.3739595413, -2.09362483025, 8.49592018127, 17.2319755554, 43.0402412415, 26.0445747375, 12.5743160248, 7.01075839996, -0.56227940321, 4.92596817017], [-15.8039255142, -39.4454307556, -3.59522438049, -14.6992864609, -5.47655344009, 6.14581537247, 14.4729757309, 26.0445747375, 57.5002593994, 12.3077144623, 21.1226024628, -4.89188718796, 12.9979658127], [-72.124206543, -34.7747497559, 12.4181289673, -0.345489501953, -5.74571561813, 0.359433054924, 2.55413126945, 12.5743160248, 12.3077144623, 50.1576881409, 7.6075053215, 20.9404888153, 2.03688549995], [-187.379592896, 28.0237751007, 1.72334682941, -8.14877510071, -7.67922496796, 2.97316026688, 9.31958580017, 7.01075839996, 21.1226024628, 7.6075053215, 51.6902236938, 6.61491775513, 18.5540790558], [-251.704284668, 49.8468170166, 5.19900178909, 6.86885595322, -11.1378192902, -3.50580501556, -8.75156116486, -0.56227940321, -4.89188718796, 20.9404888153, 6.61491775513, 57.4988746643, 10.8109235764], [-16.957857132, -66.5171432495, 15.317773819, -5.10358810425, -11.0003480911, 4.76463508606, -1.00741183758, 4.92596817017, 12.9979658127, 2.03688549995, 18.5540790558, 10.8109235764, 37.4364891052]],
