{
"lowlevel": {
    "average_loudness": 0.666093826294,
    "barkbands_crest": {
        "dmean": 2.82416319847,
        "dmean2": 4.63318109512,
        "dvar": 9.11283493042,
        "dvar2": 24.8507556915,
        "max": 25.7522239685,
        "mean": 8.55333614349,
        "median": 7.21841621399,
        "min": 2.33602666855,
        "var": 24.5177001953
    },
    "barkbands_flatness_db": {
        "dmean": 0.0178106185049,
        "dmean2": 0.0290799792856,
        "dvar": 0.000440540286945,
        "dvar2": 0.00122247263789,
        "max": 0.279507756233,
        "mean": 0.0722849592566,
        "median": 0.0647231191397,
        "min": 0.0116132227704,
        "var": 0.00107966910582
    },
    "barkbands_kurtosis": {
        "dmean": 1.90091109276,
        "dmean2": 3.33151936531,
        "dvar": 40.5801391602,
        "dvar2": 119.942703247,
        "max": 103.52192688,
        "mean": 0.993579447269,
        "median": -0.321546435356,
        "min": -1.77735137939,
        "var": 35.2239227295
    },
    "barkbands_skewness": {
        "dmean": 0.524104356766,
        "dmean2": 0.853911161423,
        "dvar": 0.464622229338,
        "dvar2": 1.2499101162,
        "max": 9.74584197998,
        "mean": 0.858049154282,
        "median": 0.755154728889,
        "min": -1.35777115822,
        "var": 1.26918530464
    },
    "barkbands_spread": {
        "dmean": 9.89784526825,
        "dmean2": 16.6982250214,
        "dvar": 176.703903198,
        "dvar2": 455.058532715,
        "max": 118.291900635,
        "mean": 46.3769340515,
        "median": 41.3896789551,
        "min": 4.8115811348,
        "var": 381.724151611
    },
    "dissonance": {
        "dmean": 0.0081925811246,
        "dmean2": 0.0142162460834,
        "dvar": 7.41809781175e-05,
        "dvar2": 0.000214586267248,
        "max": 0.499955862761,
        "mean": 0.486762821674,
        "median": 0.489721536636,
        "min": 0.429628908634,
        "var": 0.000101568861282
    },
    "dynamic_complexity": 12.0030145645,
    "erbbands_crest": {
        "dmean": 1.37441968918,
        "dmean2": 2.36328744888,
        "dvar": 1.89362466335,
        "dvar2": 5.86352062225,
        "max": 13.9824695587,
        "mean": 5.25308895111,
        "median": 4.88164138794,
        "min": 2.68009591103,
        "var": 2.75670719147
    },
    "erbbands_flatness_db": {
        "dmean": 0.011721342802,
        "dmean2": 0.0188140235841,
        "dvar": 0.000345305015799,
        "dvar2": 0.000777503591962,
        "max": 0.239796683192,
        "mean": 0.10825458169,
        "median": 0.115334667265,
        "min": 0.0319520682096,
        "var": 0.00133157148957
    },
    "erbbands_kurtosis": {
        "dmean": 0.481965512037,
        "dmean2": 0.809714198112,
        "dvar": 0.236337661743,
        "dvar2": 0.637594759464,
        "max": 4.01546907425,
        "mean": 0.115250654519,
        "median": 0.0308154821396,
        "min": -1.31074917316,
        "var": 0.556931138039
    },
    "erbbands_skewness": {
        "dmean": 0.233089983463,
        "dmean2": 0.384064495564,
        "dvar": 0.0560245364904,
        "dvar2": 0.144839853048,
        "max": 1.24656903744,
        "mean": -0.239752486348,
        "median": -0.350910544395,
        "min": -1.93274438381,
        "var": 0.311788588762
    },
    "erbbands_spread": {
        "dmean": 6.61772155762,
        "dmean2": 10.5798339844,
        "dvar": 55.635974884,
        "dvar2": 132.65977478,
        "max": 98.9300231934,
        "mean": 40.1719703674,
        "median": 37.9186897278,
        "min": 11.3465051651,
        "var": 223.386154175
    },
    "hfc": {
        "dmean": 6.72286701202,
        "dmean2": 8.49896240234,
        "dvar": 1238.0760498,
        "dvar2": 2176.06567383,
        "max": 762.253540039,
        "mean": 13.847661972,
        "median": 0.559584498405,
        "min": 0.148866459727,
        "var": 3312.92700195
    },
    "melbands_crest": {
        "dmean": 3.24268770218,
        "dmean2": 5.17479705811,
        "dvar": 9.35193157196,
        "dvar2": 24.1926937103,
        "max": 35.4879112244,
        "mean": 13.1258888245,
        "median": 11.6270856857,
        "min": 2.95686197281,
        "var": 44.790561676
    },
    "melbands_flatness_db": {
        "dmean": 0.0189373902977,
        "dmean2": 0.0293111018836,
        "dvar": 0.000390537781641,
        "dvar2": 0.000846594921313,
        "max": 0.299726694822,
        "mean": 0.120520047843,
        "median": 0.121309235692,
        "min": 0.0253752637655,
        "var": 0.00232913042419
    },
    "melbands_kurtosis": {
        "dmean": 3.60471725464,
        "dmean2": 5.73931312561,
        "dvar": 49.6403045654,
        "dvar2": 135.944747925,
        "max": 99.27734375,
        "mean": 6.16084337234,
        "median": 2.6784760952,
        "min": -1.30299806595,
        "var": 111.605827332
    },
    "melbands_skewness": {
        "dmean": 0.559145867825,
        "dmean2": 0.893377780914,
        "dvar": 0.407959610224,
        "dvar2": 1.01293468475,
        "max": 7.98717546463,
        "mean": 1.90822386742,
        "median": 1.74669337273,
        "min": -0.820868372917,
        "var": 1.71748447418
    },
    "melbands_spread": {
        "dmean": 9.3644361496,
        "dmean2": 14.9081001282,
        "dvar": 163.150009155,
        "dvar2": 379.758880615,
        "max": 147.911941528,
        "mean": 43.4888763428,
        "median": 39.3759384155,
        "min": 3.71571922302,
        "var": 552.129760742
    },
    "pitch_salience": {
        "dmean": 0.0834984481335,
        "dmean2": 0.137464225292,
        "dvar": 0.00713356025517,
        "dvar2": 0.0196719225496,
        "max": 0.946385681629,
        "mean": 0.623613774776,
        "median": 0.663327455521,
        "min": 0.105301991105,
        "var": 0.0191273149103
    },
    "silence_rate_20dB": {
        "dmean": 0,
        "dmean2": 0,
        "dvar": 0,
        "dvar2": 0,
        "max": 1,
        "mean": 1,
        "median": 1,
        "min": 1,
        "var": 0
    },
    "silence_rate_30dB": {
        "dmean": 0.0074211503379,
        "dmean2": 0.0148698883131,
        "dvar": 0.00736607797444,
        "dvar2": 0.0146487401798,
        "max": 1,
        "mean": 0.987037062645,
        "median": 1,
        "min": 0,
        "var": 0.0127949211746
    },
    "silence_rate_60dB": {
        "dmean": 0.0333951748908,
        "dmean2": 0.066914498806,
        "dvar": 0.0322799421847,
        "dvar2": 0.066154807806,
        "max": 1,
        "mean": 0.798148155212,
        "median": 1,
        "min": 0,
        "var": 0.161106914282
    },
    "spectral_centroid": {
        "dmean": 267.716766357,
        "dmean2": 433.034454346,
        "dvar": 115506.523438,
        "dvar2": 257050.265625,
        "max": 3809.75244141,
        "mean": 1995.08679199,
        "median": 1955.79492188,
        "min": 398.239837646,
        "var": 519335.125
    },
    "spectral_complexity": {
        "dmean": 2.09833025932,
        "dmean2": 3.00185871124,
        "dvar": 25.1499614716,
        "dvar2": 38.009349823,
        "max": 63,
        "mean": 8.26111125946,
        "median": 1,
        "min": 0,
        "var": 261.333496094
    },
    "spectral_decrease": {
        "dmean": 5.42778044732e-10,
        "dmean2": 7.03820279835e-10,
        "dvar": 8.40034751118e-18,
        "dvar2": 1.42862181614e-17,
        "max": -8.18301481263e-13,
        "mean": -1.23925947282e-09,
        "median": -8.48709852397e-11,
        "min": -5.38513909021e-08,
        "var": 2.22859281875e-17
    },
    "spectral_energy": {
        "dmean": 0.00256445840932,
        "dmean2": 0.0033679176122,
        "dvar": 0.000184967779205,
        "dvar2": 0.000298436760204,
        "max": 0.253905892372,
        "mean": 0.00593327963725,
        "median": 0.000382271478884,
        "min": 2.10587022593e-05,
        "var": 0.000522687216289
    },
    "spectral_energyband_high": {
        "dmean": 0.000532788108103,
        "dmean2": 0.000669372442644,
        "dvar": 7.0266696639e-06,
        "dvar2": 1.15229922812e-05,
        "max": 0.0579794719815,
        "mean": 0.00102084036916,
        "median": 1.90778682736e-05,
        "min": 4.47084494226e-06,
        "var": 1.99162932404e-05
    },
    "spectral_energyband_low": {
        "dmean": 0.000259919266682,
        "dmean2": 0.000394896924263,
        "dvar": 2.58572208622e-06,
        "dvar2": 4.95967879033e-06,
        "max": 0.0312737263739,
        "mean": 0.000324478402035,
        "median": 2.97834430967e-05,
        "min": 1.50409391608e-06,
        "var": 3.35992763212e-06
    },
    "spectral_energyband_middle_high": {
        "dmean": 0.00141860265285,
        "dmean2": 0.00194672204088,
        "dvar": 5.57176899747e-05,
        "dvar2": 0.000109042564873,
        "max": 0.145602047443,
        "mean": 0.00277561414987,
        "median": 0.000110694716568,
        "min": 7.36139838864e-07,
        "var": 0.000124020880321
    },
    "spectral_energyband_middle_low": {
        "dmean": 0.00101615756284,
        "dmean2": 0.00151127763093,
        "dvar": 3.55070187652e-05,
        "dvar2": 8.4208084445e-05,
        "max": 0.11609416455,
        "mean": 0.0019942256622,
        "median": 0.000138626317494,
        "min": 3.38842505698e-06,
        "var": 5.99217273702e-05
    },
    "spectral_entropy": {
        "dmean": 0.0725430995226,
        "dmean2": 0.122218571603,
        "dvar": 0.00734044751152,
        "dvar2": 0.0169229023159,
        "max": 8.59951782227,
        "mean": 8.05069160461,
        "median": 8.04529571533,
        "min": 7.42586135864,
        "var": 0.0250502396375
    },
    "spectral_flux": {
        "dmean": 0.00704684155062,
        "dmean2": 0.0094130448997,
        "dvar": 0.000398233096348,
        "dvar2": 0.000615007302258,
        "max": 0.401706188917,
        "mean": 0.0282483343035,
        "median": 0.0115675125271,
        "min": 0.00286869937554,
        "var": 0.00211051874794
    },
    "spectral_kurtosis": {
        "dmean": 0.914184093475,
        "dmean2": 1.43173134327,
        "dvar": 1.44137465954,
        "dvar2": 3.14483523369,
        "max": 18.9778251648,
        "mean": 6.38689374924,
        "median": 6.22653198242,
        "min": 0.761781930923,
        "var": 6.47774648666
    },
    "spectral_rms": {
        "dmean": 0.000294621830108,
        "dmean2": 0.000389008695493,
        "dvar": 6.35678873095e-07,
        "dvar2": 8.0844176864e-07,
        "max": 0.0157389026135,
        "mean": 0.00133966037538,
        "median": 0.000610694405623,
        "min": 0.00014333553554,
        "var": 3.99387226935e-06
    },
    "spectral_rolloff": {
        "dmean": 2249.9206543,
        "dmean2": 4044.84008789,
        "dvar": 19659822,
        "dvar2": 50722848,
        "max": 20585.7421875,
        "mean": 5222.47900391,
        "median": 3294.58007812,
        "min": 21.533203125,
        "var": 31357696
    },
    "spectral_skewness": {
        "dmean": 0.133410781622,
        "dmean2": 0.205589205027,
        "dvar": 0.0297513902187,
        "dvar2": 0.0627950578928,
        "max": 3.54789757729,
        "mean": 1.78250730038,
        "median": 1.78647828102,
        "min": 0.841594517231,
        "var": 0.178073808551
    },
    "spectral_spread": {
        "dmean": 486625.25,
        "dmean2": 744454.9375,
        "dvar": 757475770368,
        "dvar2": 1.44347758592e+12,
        "max": 12069236,
        "mean": 5528707.5,
        "median": 4718289,
        "min": 2282960.5,
        "var": 4.0134812631e+12
    },
    "spectral_strongpeak": {
        "dmean": 0.118212878704,
        "dmean2": 0.211183592677,
        "dvar": 0.209052190185,
        "dvar2": 0.698266625404,
        "max": 5.72891235352,
        "mean": 0.164741501212,
        "median": 0.0739929676056,
        "min": 0,
        "var": 0.162512749434
    },
    "zerocrossingrate": {
        "dmean": 0.0254005901515,
        "dmean2": 0.0330769717693,
        "dvar": 0.000982065103017,
        "dvar2": 0.00181110471021,
        "max": 0.3779296875,
        "mean": 0.159279152751,
        "median": 0.141357421875,
        "min": 0.009765625,
        "var": 0.00441593164578
    },
    "barkbands": {
        "dmean": [4.22171142418e-05, 7.20857951819e-06, 0.000128076033434, 0.000236571271671, 0.000210579048144, 0.000562499510124, 0.000126843136968, 8.19676206447e-05, 0.000103228419903, 9.79471951723e-05, 5.63077810511e-05, 0.000133898240165, 0.000141801414429, 0.000144674238982, 0.000194646403543, 0.000251137302257, 0.000199372618226, 0.000175905850483, 0.000320243649185, 0.000268113042694, 0.000172496293089, 6.27073313808e-05, 4.40809126303e-05, 6.55657640891e-05, 7.91402417235e-05, 1.81425784831e-05, 1.53239386691e-06],
        "dmean2": [7.52458217903e-05, 1.35453401526e-05, 0.00021887490584, 0.000342852057656, 0.000318261707434, 0.00101539480966, 0.000185647499165, 0.000140367788845, 0.000177662746864, 0.000162919386639, 9.93422945612e-05, 0.000216060594539, 0.000221941882046, 0.000246935291216, 0.000290152122034, 0.000383533973945, 0.000323357438901, 0.000290307129035, 0.000526307791006, 0.000434223940829, 0.000225090872846, 7.78485409683e-05, 6.23141386313e-05, 8.57426930452e-05, 0.00010630509496, 2.4822576961e-05, 2.26750398724e-06],
        "dvar": [7.14759407217e-09, 2.59733790031e-09, 9.85638735074e-07, 1.35535981372e-06, 6.12802296018e-07, 1.88177182281e-05, 3.84947327348e-07, 1.17369104657e-07, 2.31543296536e-07, 3.04353420688e-07, 1.01595091451e-07, 5.67208758184e-07, 3.66801913287e-07, 3.18590736015e-07, 1.18652064884e-06, 2.04474508791e-06, 1.04445132365e-06, 7.97930397312e-07, 2.49917070505e-06, 1.96097494154e-06, 6.32067155948e-07, 7.37844274568e-08, 3.89907128806e-08, 1.25157654907e-07, 1.98398794282e-07, 1.33352138221e-08, 2.94641221144e-11],
        "dvar2": [2.25735661274e-08, 7.55927942464e-09, 2.07280345421e-06, 2.98273016597e-06, 1.1424119748e-06, 5.27882184542e-05, 7.49978823933e-07, 3.08841379137e-07, 5.90865681716e-07, 7.30505519186e-07, 2.85196222194e-07, 1.2264030147e-06, 8.43752047786e-07, 6.97418897744e-07, 2.37196627495e-06, 4.97501105201e-06, 2.67327754955e-06, 1.68408973877e-06, 6.21032904746e-06, 4.76778086522e-06, 1.00112538348e-06, 1.03740269708e-07, 6.81510456957e-08, 2.05583646107e-07, 3.64490034599e-07, 2.4034854107e-08, 4.82136518209e-11],
        "max": [0.000879091676325, 0.000740651506931, 0.0152766834944, 0.0264740586281, 0.0129976514727, 0.0812106058002, 0.012215510942, 0.00583472847939, 0.00737579911947, 0.0102493297309, 0.0049585076049, 0.0122293885797, 0.00991652719676, 0.00904067978263, 0.0223582889885, 0.0236920639873, 0.0178806744516, 0.0136874159798, 0.0316992253065, 0.0257476381958, 0.0145591497421, 0.00550215365365, 0.00432211859152, 0.00807615369558, 0.00960366148502, 0.00240976456553, 0.000123654681374],
        "mean": [3.89071574318e-05, 6.03542957833e-06, 0.000139782991027, 0.000411416753195, 0.000434603687609, 0.000650272355415, 0.000189829312149, 0.00011845654808, 0.000135698966915, 0.000124453421449, 5.88755974604e-05, 0.000211023769225, 0.00020352411957, 0.000223000592086, 0.000263825495495, 0.000369370885892, 0.000303753244225, 0.00031347796903, 0.000508031225763, 0.000424565019784, 0.000302960077533, 0.000120287957543, 8.6441032181e-05, 0.00012056891137, 0.000132806555484, 3.02538101096e-05, 7.45953002479e-06],
        "median": [1.59958635777e-05, 1.94383892449e-06, 1.79268113243e-06, 3.49480760633e-05, 2.34475483012e-05, 1.95748307306e-05, 8.67417293193e-06, 3.9165643102e-06, 7.50471326683e-06, 5.40079236089e-06, 3.74644741896e-06, 1.0634516002e-05, 1.19515625556e-05, 1.17897016025e-05, 1.0409724382e-05, 1.10466244223e-05, 9.84739381238e-06, 7.5290163295e-06, 9.85745191429e-06, 6.76189938531e-06, 4.03362400903e-06, 1.74428839728e-06, 1.06074094219e-06, 1.04692276182e-06, 9.51149559114e-07, 6.2198876094e-07, 6.12022995483e-06],
        "min": [4.78471982035e-08, 1.24183912931e-07, 2.5168430895e-08, 5.87426711718e-08, 3.45057571849e-07, 2.50381390288e-07, 1.83141807497e-07, 9.68961231251e-08, 1.01019693943e-07, 5.73235894308e-08, 4.8196469038e-08, 1.91564915042e-08, 5.08332682614e-08, 4.67796041903e-08, 2.96390076926e-08, 3.07153484869e-08, 3.70060071475e-08, 2.14145163824e-08, 3.8347842235e-08, 4.56110065272e-08, 3.90519652171e-08, 4.77851997971e-08, 6.57827285977e-08, 1.08026924295e-07, 1.36694524144e-07, 2.30660461398e-07, 2.98038003166e-06],
        "var": [6.66611787992e-09, 1.56018054032e-09, 1.07864514121e-06, 2.16944431486e-06, 1.97760664378e-06, 1.65001856658e-05, 7.91511126863e-07, 2.08100587429e-07, 3.20607739468e-07, 4.06582273627e-07, 9.12031126177e-08, 8.57007592003e-07, 6.33359263702e-07, 5.96193331148e-07, 1.6704934751e-06, 3.10790460389e-06, 1.43072031733e-06, 1.48924061705e-06, 4.6252894208e-06, 3.46735350831e-06, 1.699317977e-06, 2.30746351804e-07, 1.29756358547e-07, 3.390675829e-07, 4.59298178157e-07, 2.73826703534e-08, 7.04337144164e-11]
    },
    "erbbands": {
        "dmean": [0.000226637188462, 0.00331776053645, 0.0932630822062, 0.558651745319, 0.698497653008, 0.756904900074, 4.31768417358, 3.92850708961, 2.52528858185, 1.56706321239, 1.45554256439, 2.20923686028, 3.75917124748, 2.30759000778, 2.35810422897, 5.5779709816, 5.93754053116, 8.36880397797, 9.61296749115, 9.10508728027, 12.8826627731, 11.7394866943, 8.45983123779, 15.900182724, 15.0226688385, 12.4791946411, 9.54658699036, 4.77624559402, 2.56284189224, 1.5113632679, 1.20605921745, 1.22898185253, 1.22191369534, 0.966219604015, 0.506907880306, 0.152451768517, 0.0188096985221, 0.00173820776399, 0.000265606067842, 2.74462181551e-05],
        "dmean2": [0.000390191184124, 0.00543896807358, 0.153236210346, 0.755024790764, 1.04711341858, 1.1092466116, 7.92689323425, 6.57990217209, 3.51282596588, 2.42896103859, 2.25085020065, 3.87877511978, 6.20102548599, 3.87573957443, 3.73838353157, 9.24229812622, 9.63703346252, 13.7667951584, 14.6569824219, 14.3337211609, 19.3495883942, 19.7535686493, 13.3219470978, 25.4207458496, 23.857843399, 19.9282417297, 13.0296697617, 6.49882698059, 3.23740696907, 1.88139903545, 1.78439688683, 1.54701185226, 1.74985015392, 1.30447733402, 0.67016851902, 0.194593980908, 0.0232183486223, 0.00204372731969, 0.000370869151084, 4.14686146541e-05],
        "dvar": [3.11295565325e-07, 0.000646738277283, 0.493935883045, 9.40236186981, 5.51816320419, 10.1827430725, 890.856872559, 705.270690918, 148.464019775, 38.3604621887, 31.9608364105, 99.4084854126, 409.070068359, 172.423171997, 112.448036194, 1067.2043457, 682.762268066, 1072.06494141, 2296.85546875, 2855.08569336, 4692.55078125, 4182.54052734, 1481.78564453, 5347.79980469, 7148.72802734, 4011.26391602, 2196.60229492, 455.465148926, 129.35043335, 48.3197822571, 26.4576873779, 35.46925354, 49.6295051575, 26.9437007904, 8.9783000946, 0.975208759308, 0.0130267413333, 8.84324981598e-05, 1.27797170535e-06, 5.34911714922e-09],
        "dvar2": [7.8103926171e-07, 0.00160237425007, 1.06506299973, 19.1480045319, 12.3492660522, 18.5725955963, 2766.82568359, 1738.02783203, 267.62210083, 99.2998199463, 70.8479995728, 246.003952026, 1004.49475098, 440.443054199, 254.158752441, 2207.40527344, 1396.35229492, 2396.38183594, 4408.33984375, 6432.14306641, 11054.6513672, 10824.6669922, 2868.41943359, 13849.3671875, 16698.6621094, 9032.03320312, 4224.96630859, 786.753417969, 193.587081909, 63.0078201294, 46.5929069519, 45.591091156, 97.5503311157, 47.3973999023, 16.5989971161, 1.79771745205, 0.0204108469188, 0.000123735080706, 2.12360464502e-06, 9.33285804194e-09],
        "max": [0.00880029518157, 0.434512972832, 11.1752567291, 68.2532653809, 45.4651908875, 49.4384307861, 491.721862793, 520.889587402, 256.270019531, 83.772567749, 112.563156128, 154.765701294, 315.478729248, 215.362030029, 167.701080322, 525.612365723, 419.323486328, 561.185180664, 946.33996582, 1005.78723145, 1114.18701172, 1133.42333984, 645.475708008, 1195.03393555, 1772.0057373, 1190.97509766, 834.20892334, 416.655975342, 228.230117798, 157.69342041, 100.308898926, 128.593643188, 154.920700073, 110.149284363, 65.3996124268, 21.7963256836, 2.44298052788, 0.202599480748, 0.0257561057806, 0.00171415205114],
        "mean": [0.000285883172182, 0.00324552576058, 0.103249207139, 0.81500428915, 1.59951508045, 1.24755311012, 4.03214645386, 4.63883543015, 3.56804275513, 2.29514551163, 2.21658921242, 3.00167012215, 4.55402946472, 2.89107322693, 3.56796550751, 9.17653274536, 9.38813686371, 12.658946991, 13.1075048447, 13.2442846298, 20.5618972778, 18.0783252716, 16.1061382294, 24.2278461456, 24.2920093536, 20.3731155396, 15.3219957352, 9.20952796936, 4.73163890839, 3.00357103348, 2.43959951401, 2.35824370384, 2.09656691551, 1.64961564541, 0.851179301739, 0.247633621097, 0.0337573587894, 0.00396479060873, 0.000952850561589, 0.00014148336777],
        "median": [0.000157938877237, 0.000416671915445, 0.00253427796997, 0.0566649585962, 0.126378715038, 0.0435068830848, 0.0879389643669, 0.147505789995, 0.113594442606, 0.141256719828, 0.0925533771515, 0.167746394873, 0.201573446393, 0.164763063192, 0.197308078408, 0.497389942408, 0.55728828907, 0.661435604095, 0.554588496685, 0.49387973547, 0.643274307251, 0.575571775436, 0.433166533709, 0.519656538963, 0.441730737686, 0.334988713264, 0.224626541138, 0.12211766839, 0.0728087127209, 0.0392196774483, 0.0291892327368, 0.0222018547356, 0.0174891501665, 0.0117859728634, 0.00590136740357, 0.00206800270826, 0.00116160162725, 0.00116735650226, 0.000669980188832, 0.000122559489682],
        "min": [7.95736650616e-06, 3.93585287384e-05, 6.10705392319e-05, 0.000254951679381, 0.000530411780346, 0.00107986025978, 0.00159973348491, 0.00240147626027, 0.0043708444573, 0.00244943518192, 0.00350855058059, 0.00189079041593, 0.00287521979772, 0.00225198711269, 0.00289545208216, 0.0014121606946, 0.00231811171398, 0.00231528421864, 0.00192991981748, 0.00209355494007, 0.00196006265469, 0.00222416850738, 0.00159949588124, 0.00180382619146, 0.00193955551367, 0.00197836430743, 0.00206323876046, 0.00153631577268, 0.00184900697786, 0.0018381519476, 0.00189781480003, 0.00215134653263, 0.00171918282285, 0.00157219683751, 0.000997167080641, 0.000603864900768, 0.000417622592067, 0.000580334104598, 0.000280875741737, 5.50517979718e-05],
        "var": [3.28195227439e-07, 0.000557282881346, 0.530918180943, 13.245464325, 18.1027603149, 24.3643932343, 644.843994141, 750.796081543, 306.104980469, 72.7507781982, 69.123085022, 146.198425293, 537.108825684, 204.710922241, 203.690994263, 1689.70288086, 1310.60681152, 1980.16247559, 3507.91894531, 4001.00561523, 8483.20605469, 5405.12988281, 3386.37011719, 9249.9921875, 12407.5683594, 7820.40283203, 4669.97216797, 1409.57299805, 374.986083984, 160.381713867, 96.3355636597, 118.233711243, 108.768318176, 67.5060348511, 20.1462860107, 1.91000545025, 0.0328535027802, 0.000247915886575, 2.91526180263e-06, 1.33705677641e-08]
    },
    "gfcc": {
        "mean": [-148.154586792, 25.463092804, -109.726600647, 5.66153669357, -40.1646842957, -12.2608757019, -35.9598731995, -10.9194278717, -26.0124893188, -6.30767250061, -11.2566614151, -10.1140623093, -9.52362823486],
        "cov": [[14152.5830078, -475.529388428, -3541.63842773, 1679.3717041, -1795.92138672, 119.764648438, -1581.86364746, 56.7219467163, -1310.67456055, -53.1370391846, -584.432556152, -252.139343262, -277.822235107], [-475.529388428, 328.177062988, 156.714813232, -131.521743774, 117.831359863, -88.8323745728, 29.9417934418, -56.3855133057, 34.0211181641, -50.3925094604, -27.5634746552, -34.9653244019, -21.2772903442], [-3541.63842773, 156.714813232, 1268.21203613, -413.000274658, 395.745910645, -1.19593727589, 340.379852295, 12.3014783859, 307.064422607, 9.23338317871, 103.969238281, 63.0993080139, 49.316608429], [1679.3717041, -131.521743774, -413.000274658, 341.25088501, -210.689041138, 27.749124527, -186.517868042, -9.69358444214, -188.975021362, -24.2947731018, -71.22605896, -45.5884399414, -32.6969642639], [-1795.92138672, 117.831359863, 395.745910645, -210.689041138, 324.408874512, -15.7404031754, 216.932189941, -19.0784778595, 159.734298706, -7.82028913498, 62.6112213135, 16.0510749817, 28.6182479858], [119.764648438, -88.8323745728, -1.19593727589, 27.749124527, -15.7404031754, 81.5053329468, 12.9957866669, 37.8545951843, -0.129581153393, 16.2366962433, 7.59095621109, 12.2125167847, 6.4373831749], [-1581.86364746, 29.9417934418, 340.379852295, -186.517868042, 216.932189941, 12.9957866669, 244.817169189, 20.7653827667, 165.764526367, 20.5970020294, 83.0867996216, 35.5593185425, 40.4923477173], [56.7219467163, -56.3855133057, 12.3014783859, -9.69358444214, -19.0784778595, 37.8545951843, 20.7653827667, 64.4125900269, 27.2179546356, 30.0235404968, 15.861574173, 19.2303333282, 12.8807630539], [-1310.67456055, 34.0211181641, 307.064422607, -188.975021362, 159.734298706, -0.129581153393, 165.764526367, 27.2179546356, 176.439453125, 41.6296958923, 75.9753341675, 43.1585083008, 36.5597000122], [-53.1370391846, -50.3925094604, 9.23338317871, -24.2947731018, -7.82028913498, 16.2366962433, 20.5970020294, 30.0235404968, 41.6296958923, 58.3820571899, 38.6584091187, 30.2893009186, 17.1988296509], [-584.432556152, -27.5634746552, 103.969238281, -71.22605896, 62.6112213135, 7.59095621109, 83.0867996216, 15.861574173, 75.9753341675, 38.6584091187, 75.8660049438, 44.5101051331, 32.3042869568], [-252.139343262, -34.9653244019, 63.0993080139, -45.5884399414, 16.0510749817, 12.2125167847, 35.5593185425, 19.2303333282, 43.1585083008, 30.2893009186, 44.5101051331, 51.5676383972, 32.4284172058], [-277.822235107, -21.2772903442, 49.316608429, -32.6969642639, 28.6182479858, 6.4373831749, 40.4923477173, 12.8807630539, 36.5597000122, 17.1988296509, 32.3042869568, 32.4284172058, 42.2510910034]],
        "icov": [[0.00390336522833, -0.00483452668414, 0.00500251725316, -0.00403218436986, 0.00477313390002, -0.00451926654205, 0.0050222594291, -0.00715235387906, 0.00800915062428, -0.00836064293981, 0.00879237987101, -0.00723964720964, 0.00440241303295], [-0.00483452668414, 0.0127785205841, -0.0062683657743, 0.007680633571, -0.00764800095931, 0.0103705776855, -0.00482402881607, 0.00918561406434, -0.0100037520751, 0.0127000883222, -0.00907602068037, 0.0110122384503, -0.00469703506678], [0.00500251725316, -0.0062683657743, 0.00813820306212, -0.00460655381903, 0.00548851117492, -0.00642139231786, 0.00604177173227, -0.00885585136712, 0.00821943301708, -0.0093614384532, 0.0123491883278, -0.0110510699451, 0.00658209109679], [-0.00403218436986, 0.007680633571, -0.00460655381903, 0.0143750552088, -0.00413678027689, 0.0033401385881, -0.0039158440195, 0.00780563568696, -0.000820705317892, 0.00845084153116, -0.0115281417966, 0.0145535496995, -0.00756388343871], [0.00477313390002, -0.00764800095931, 0.00548851117492, -0.00413678027689, 0.0174511875957, -0.0077059478499, -0.000366020918591, -0.00337422895245, 0.00647319480777, -0.00732093350962, 0.00902095343918, -0.005181661807, 0.0031184409745], [-0.00451926654205, 0.0103705776855, -0.00642139231786, 0.0033401385881, -0.0077059478499, 0.0285141672939, -0.00889432709664, -0.00282746995799, -0.00498735252768, 0.00918687321246, -0.00671126646921, 0.00419751089066, -0.00166713516228], [0.0050222594291, -0.00482402881607, 0.00604177173227, -0.0039158440195, -0.000366020918591, -0.00889432709664, 0.0271605793387, -0.0129863424227, 0.00127799622715, -0.0031453683041, -0.000683933554683, -0.000644311134238, 0.0012361361878], [-0.00715235387906, 0.00918561406434, -0.00885585136712, 0.00780563568696, -0.00337422895245, -0.00282746995799, -0.0129863424227, 0.044627007097, -0.0211499743164, 0.00589621067047, -0.00796969421208, 0.0110182184726, -0.0109325600788], [0.00800915062428, -0.0100037520751, 0.00821943301708, -0.000820705317892, 0.00647319480777, -0.00498735252768, 0.00127799622715, -0.0211499743164, 0.0515532456338, -0.0311103351414, 0.0128628602251, -0.0124833500013, 0.00679723965004], [-0.00836064293981, 0.0127000883222, -0.0093614384532, 0.00845084153116, -0.00732093350962, 0.00918687321246, -0.0031453683041, 0.00589621067047, -0.0311103351414, 0.0621582232416, -0.0364217571914, 0.0110730724409, -0.00537114404142], [0.00879237987101, -0.00907602068037, 0.0123491883278, -0.0115281417966, 0.00902095343918, -0.00671126646921, -0.000683933554683, -0.00796969421208, 0.0128628602251, -0.0364217571914, 0.073520436883, -0.0456076264381, 0.0103937257081], [-0.00723964720964, 0.0110122384503, -0.0110510699451, 0.0145535496995, -0.005181661807, 0.00419751089066, -0.000644311134238, 0.0110182184726, -0.0124833500013, 0.0110730724409, -0.0456076264381, 0.0838892534375, -0.0409897305071], [0.00440241303295, -0.00469703506678, 0.00658209109679, -0.00756388343871, 0.0031184409745, -0.00166713516228, 0.0012361361878, -0.0109325600788, 0.00679723965004, -0.00537114404142, 0.0103937257081, -0.0409897305071, 0.0568227097392]]
    },
    "melbands": {
        "dmean": [3.2819198168e-06, 3.45928929164e-05, 9.98188770609e-05, 4.78624024254e-05, 0.000119054362585, 9.27402652451e-05, 3.46909037034e-05, 1.79332964763e-05, 1.1173283383e-05, 1.56287314894e-05, 1.86843135452e-05, 9.6190306067e-06, 7.40102268537e-06, 1.25853975987e-05, 1.62105297932e-05, 1.43562210724e-05, 1.58764778462e-05, 1.40999327414e-05, 1.39578523886e-05, 1.85893168236e-05, 1.37850765896e-05, 1.43514762385e-05, 8.58454768604e-06, 1.0104946341e-05, 1.40732108775e-05, 1.16836681627e-05, 1.03390693766e-05, 8.22513447929e-06, 6.52044900562e-06, 4.18619583797e-06, 2.73336218015e-06, 1.56203486767e-06, 1.08338849714e-06, 8.34939214656e-07, 7.75917442297e-07, 6.54694986224e-07, 8.57136967625e-07, 8.48528372899e-07, 8.70692190347e-07, 8.2569266624e-07],
        "dmean2": [5.81546828471e-06, 5.69373733015e-05, 0.000136685892357, 6.8406414357e-05, 0.000217175125726, 0.000154971174197, 4.84537085867e-05, 2.85957139567e-05, 1.66450736288e-05, 2.76308546745e-05, 3.06011461362e-05, 1.62821233971e-05, 1.23392183013e-05, 2.09445461223e-05, 2.75529055216e-05, 2.26727297559e-05, 2.67324376182e-05, 2.19783505599e-05, 2.16529479076e-05, 3.11557596433e-05, 2.12019913306e-05, 2.47648495133e-05, 1.25564092741e-05, 1.65122492035e-05, 2.30908062804e-05, 1.84605942195e-05, 1.68176666193e-05, 1.32009881781e-05, 9.32363127504e-06, 5.83440123592e-06, 3.88167609344e-06, 2.17707065531e-06, 1.33215723963e-06, 1.15728880701e-06, 1.24869154661e-06, 9.33529292979e-07, 1.05162996533e-06, 1.1789132941e-06, 1.37508607168e-06, 1.13453768336e-06],
        "dvar": [8.16729461839e-11, 7.05706142412e-08, 2.41959270397e-07, 2.76174212388e-08, 6.42552834051e-07, 4.22613993578e-07, 2.62173589505e-08, 4.96176610909e-09, 1.82870862897e-09, 4.92496399218e-09, 9.90059501049e-09, 2.77765210832e-09, 1.24700105797e-09, 4.09421296865e-09, 7.4353039281e-09, 3.69363695185e-09, 3.67836650028e-09, 4.06215328042e-09, 5.48559109248e-09, 1.3697380119e-08, 4.6955834776e-09, 6.62820420771e-09, 1.23348165015e-09, 2.35943065086e-09, 3.99058963652e-09, 3.74550612747e-09, 2.91113577688e-09, 1.65522617834e-09, 1.05012276652e-09, 3.53443940782e-10, 1.49764603496e-10, 4.38244475431e-11, 2.42264264205e-11, 1.5587711677e-11, 1.08986240172e-11, 8.8091617334e-12, 1.83516882246e-11, 2.14474479843e-11, 2.8762447285e-11, 1.91200302119e-11],
        "dvar2": [2.41050152061e-10, 1.52389674213e-07, 4.97545954659e-07, 5.22115755075e-08, 1.95992015506e-06, 1.08348751837e-06, 4.82639279653e-08, 1.29957236084e-08, 3.759243139e-09, 1.25181189858e-08, 2.43176625503e-08, 7.19825843376e-09, 3.21702176009e-09, 8.64284022128e-09, 1.53737769182e-08, 8.17866929737e-09, 8.58555626593e-09, 7.87051934736e-09, 1.01515542639e-08, 3.53012197252e-08, 1.1116894072e-08, 1.80938055649e-08, 2.65255217791e-09, 5.9121156859e-09, 1.0698097519e-08, 8.68165983547e-09, 6.91009427456e-09, 3.79603060097e-09, 2.1194510591e-09, 6.12912331999e-10, 3.16025511315e-10, 7.33452187873e-11, 3.09422279465e-11, 2.61690530357e-11, 2.36708552065e-11, 1.38705652866e-11, 2.53311156773e-11, 3.99665370243e-11, 6.44934869398e-11, 3.32116764645e-11],
        "max": [0.000121830147691, 0.00425429549068, 0.0111934002489, 0.00289811380208, 0.013442796655, 0.0126254977658, 0.00338630005717, 0.00102701445576, 0.000811500009149, 0.00100997718982, 0.00155283894856, 0.000857974227984, 0.000510300975293, 0.00112865597475, 0.00123758660629, 0.000920554390177, 0.000986295635812, 0.00120747776236, 0.00151666952297, 0.00195122568402, 0.0010706873145, 0.00136382319033, 0.000615447410382, 0.000785055803135, 0.000974175869487, 0.0012936553685, 0.00102449255064, 0.000777720008045, 0.000576889782678, 0.000372074951883, 0.000203402130865, 0.000128478641273, 9.3228474725e-05, 8.98849830264e-05, 5.72704520891e-05, 5.55596088816e-05, 9.51611873461e-05, 9.80013428489e-05, 0.000116495932161, 8.62512169988e-05],
        "mean": [3.6641722545e-06, 3.63999643014e-05, 0.000175360037247, 9.68327440205e-05, 0.000119090189401, 0.000112827518024, 4.87231554871e-05, 2.59278240264e-05, 1.66370227817e-05, 2.01693546842e-05, 2.27425534831e-05, 1.16819574032e-05, 9.37425738812e-06, 2.01187667699e-05, 2.56970815826e-05, 2.0560608391e-05, 2.30099249166e-05, 1.85316948773e-05, 1.97110402951e-05, 2.28449134738e-05, 2.27028231166e-05, 1.94538333744e-05, 1.42696844705e-05, 1.51090462168e-05, 2.00867361855e-05, 1.8915241526e-05, 1.53717392095e-05, 1.30984280986e-05, 1.00388178907e-05, 7.20395519238e-06, 4.75730894323e-06, 2.76176024272e-06, 1.9702604277e-06, 1.53182566009e-06, 1.42055625929e-06, 1.30343300953e-06, 1.4970698885e-06, 1.4619030253e-06, 1.39039502756e-06, 1.40496138101e-06],
        "median": [1.87532100426e-06, 6.85823010826e-07, 1.38135674206e-05, 6.0728407334e-06, 2.63894753516e-06, 3.4491090446e-06, 1.88428066394e-06, 1.41750933835e-06, 7.70003225625e-07, 1.10385724383e-06, 9.93473804556e-07, 6.69705173095e-07, 5.63572086776e-07, 1.10547966869e-06, 1.42867293107e-06, 1.05686694951e-06, 1.20160939332e-06, 8.47905198498e-07, 7.78753303621e-07, 6.69339215165e-07, 7.22539994058e-07, 5.53254551505e-07, 3.88329056022e-07, 3.68831791775e-07, 4.08073304925e-07, 3.61543271765e-07, 2.51781898442e-07, 2.17029111127e-07, 1.39251554288e-07, 1.03677976426e-07, 6.44456434884e-08, 4.46226593454e-08, 2.53735095157e-08, 1.89840303477e-08, 1.66258686818e-08, 1.37566891212e-08, 1.18991421161e-08, 1.22912897638e-08, 1.14525793293e-08, 9.55760004473e-09],
        "min": [3.96439183703e-08, 4.71335930285e-08, 6.27044300927e-08, 7.86367309047e-08, 6.20027691411e-08, 6.42891393454e-08, 5.40500515456e-08, 2.30164527437e-08, 1.74832184285e-08, 1.29204567045e-08, 1.27466490696e-08, 7.79353648284e-09, 7.71698971391e-09, 5.92266591326e-09, 3.95783317231e-09, 4.81986228706e-09, 4.3370285141e-09, 3.36083627595e-09, 2.86059353982e-09, 2.36737407455e-09, 2.30116858901e-09, 1.96573912703e-09, 2.34236163799e-09, 9.8000751958e-10, 1.41393652342e-09, 1.11042508522e-09, 1.30155586309e-09, 1.26371635378e-09, 1.17742748884e-09, 8.63939420004e-10, 8.53625614639e-10, 9.60998280952e-10, 8.6501839025e-10, 8.51619330611e-10, 9.14420761333e-10, 1.04639352738e-09, 1.17145271261e-09, 1.11956810489e-09, 1.25347399127e-09, 1.28920574216e-09],
        "var": [6.39336014685e-11, 7.46504724702e-08, 4.01755215762e-07, 9.32165207246e-08, 5.00974465467e-07, 4.35374374774e-07, 5.32018127331e-08, 9.34079213977e-09, 3.96266486291e-09, 6.86964485297e-09, 1.31915616208e-08, 3.25809046409e-09, 1.62016833283e-09, 7.18510673181e-09, 1.26568933112e-08, 6.08000405578e-09, 6.41563913106e-09, 6.36811403609e-09, 8.78611405852e-09, 1.48688137358e-08, 9.35266353252e-09, 6.9753922638e-09, 2.59775845279e-09, 3.56781293398e-09, 6.32104724119e-09, 7.36919592015e-09, 4.72199701562e-09, 3.24539040086e-09, 2.0696986347e-09, 8.95822360736e-10, 3.94028754069e-10, 1.20610438303e-10, 7.15395936934e-11, 4.42211336993e-11, 3.23376152245e-11, 3.06306369158e-11, 5.25238082194e-11, 5.04487077113e-11, 5.16860408639e-11, 4.92889791481e-11]
    },
    "mfcc": {
        "mean": [-802.079833984, 85.5823516846, -17.2361755371, 16.9724884033, 4.68252801895, -1.82256019115, -0.427710473537, -10.5822715759, -8.6436290741, -4.85599279404, -5.54868268967, -2.7605574131, -5.25780010223],
        "cov": [[18025.3398438, -2679.86669922, -2060.94506836, 294.111358643, -690.171203613, -620.274841309, -516.452453613, -783.62713623, -742.73046875, -712.534301758, -610.986816406, -499.290802002, -516.862487793], [-2679.86669922, 769.416503906, 271.313812256, -67.3758621216, 126.158668518, 55.4832191467, 29.3113651276, 87.8873596191, 110.64629364, 87.3674240112, 58.7722053528, 59.1161117554, 59.6727142334], [-2060.94506836, 271.313812256, 577.325134277, -35.8863639832, 96.6285247803, 52.4813079834, 43.4436759949, 92.2669219971, 81.8910217285, 81.1485671997, 56.8587760925, 41.4579429626, 52.6831970215], [294.111358643, -67.3758621216, -35.8863639832, 104.703979492, 5.26120901108, 2.44488286972, 3.52394366264, -24.3143806458, -26.6248188019, -29.1524505615, -28.9830303192, -23.1690750122, -25.0415344238], [-690.171203613, 126.158668518, 96.6285247803, 5.26120901108, 91.0964126587, 37.5810585022, 25.9336490631, 31.7834815979, 30.8577880859, 22.2201004028, 13.235704422, 11.514673233, 14.0227165222], [-620.274841309, 55.4832191467, 52.4813079834, 2.44488286972, 37.5810585022, 67.7959594727, 42.8219833374, 38.0525665283, 29.5104980469, 25.9462738037, 26.6390361786, 18.6086978912, 16.8003997803], [-516.452453613, 29.3113651276, 43.4436759949, 3.52394366264, 25.9336490631, 42.8219833374, 76.5829315186, 48.7365493774, 34.4074859619, 29.1509151459, 26.2890396118, 19.0986385345, 16.063955307], [-783.62713623, 87.8873596191, 92.2669219971, -24.3143806458, 31.7834815979, 38.0525665283, 48.7365493774, 79.533493042, 53.1059150696, 47.5630264282, 35.8696594238, 29.0053710938, 28.0670204163], [-742.73046875, 110.64629364, 81.8910217285, -26.6248188019, 30.8577880859, 29.5104980469, 34.4074859619, 53.1059150696, 72.1595840454, 53.4040107727, 38.752368927, 30.0461406708, 29.7490081787], [-712.534301758, 87.3674240112, 81.1485671997, -29.1524505615, 22.2201004028, 25.9462738037, 29.1509151459, 47.5630264282, 53.4040107727, 70.0966644287, 49.7758331299, 33.2189788818, 31.8541679382], [-610.986816406, 58.7722053528, 56.8587760925, -28.9830303192, 13.235704422, 26.6390361786, 26.2890396118, 35.8696594238, 38.752368927, 49.7758331299, 68.361831665, 42.9814186096, 34.5415916443], [-499.290802002, 59.1161117554, 41.4579429626, -23.1690750122, 11.514673233, 18.6086978912, 19.0986385345, 29.0053710938, 30.0461406708, 33.2189788818, 42.9814186096, 53.1520690918, 39.1327590942], [-516.862487793, 59.6727142334, 52.6831970215, -25.0415344238, 14.0227165222, 16.8003997803, 16.063955307, 28.0670204163, 29.7490081787, 31.8541679382, 34.5415916443, 39.1327590942, 55.2953605652]],
