{
"lowlevel": {
    "average_loudness": 0.746112942696,
    "barkbands_crest": {
        "dmean": 2.67329692841,
        "dmean2": 4.39336919785,
        "dvar": 4.81319189072,
        "dvar2": 10.5011034012,
        "max": 23.8614330292,
        "mean": 10.1386260986,
        "median": 9.09453392029,
        "min": 4.54961919785,
        "var": 15.7611722946
    },
    "barkbands_flatness_db": {
        "dmean": 0.0218680072576,
        "dmean2": 0.0368036590517,
        "dvar": 0.000478488858789,
        "dvar2": 0.000981390010566,
        "max": 0.295729517937,
        "mean": 0.16259226203,
        "median": 0.165467768908,
        "min": 0.0694277957082,
        "var": 0.00253306538798
    },
    "barkbands_kurtosis": {
        "dmean": 4.03187131882,
        "dmean2": 6.5718164444,
        "dvar": 16.5343341827,
        "dvar2": 44.6475448608,
        "max": 39.4845695496,
        "mean": 8.25377178192,
        "median": 6.45976161957,
        "min": -1.60348820686,
        "var": 68.3205718994
    },
    "barkbands_skewness": {
        "dmean": 0.68135869503,
        "dmean2": 1.12203717232,
        "dvar": 0.394215881824,
        "dvar2": 0.941416442394,
        "max": 3.62784194946,
        "mean": 1.36618995667,
        "median": 1.32166731358,
        "min": -0.678555548191,
        "var": 0.788480401039
    },
    "barkbands_spread": {
        "dmean": 6.2418050766,
        "dmean2": 10.1718540192,
        "dvar": 138.626693726,
        "dvar2": 238.810760498,
        "max": 122.388214111,
        "mean": 19.4418907166,
        "median": 11.0267810822,
        "min": 1.03751707077,
        "var": 528.119262695
    },
    "dissonance": {
        "dmean": 0.0270691905171,
        "dmean2": 0.047412186861,
        "dvar": 0.000736949616112,
        "dvar2": 0.00233857566491,
        "max": 0.498490661383,
        "mean": 0.466554909945,
        "median": 0.474345862865,
        "min": 0.35660097003,
        "var": 0.00077743147267
    },
    "dynamic_complexity": 12.6147260666,
    "erbbands_crest": {
        "dmean": 3.36549496651,
        "dmean2": 5.53148889542,
        "dvar": 9.07664585114,
        "dvar2": 23.0444602966,
        "max": 28.634595871,
        "mean": 13.1522817612,
        "median": 10.9511289597,
        "min": 3.88162302971,
        "var": 42.1691398621
    },
    "erbbands_flatness_db": {
        "dmean": 0.02009039931,
        "dmean2": 0.0321011133492,
        "dvar": 0.000356478441972,
        "dvar2": 0.00062960764626,
        "max": 0.395681470633,
        "mean": 0.219863310456,
        "median": 0.224765047431,
        "min": 0.0345801226795,
        "var": 0.00562356924638
    },
    "erbbands_kurtosis": {
        "dmean": 2.82130074501,
        "dmean2": 4.69591093063,
        "dvar": 11.5661859512,
        "dvar2": 32.3847503662,
        "max": 35.8915710449,
        "mean": 6.40788412094,
        "median": 3.25086212158,
        "min": -0.821674108505,
        "var": 65.5902404785
    },
    "erbbands_skewness": {
        "dmean": 0.470826566219,
        "dmean2": 0.720230698586,
        "dvar": 0.192439988256,
        "dvar2": 0.535819768906,
        "max": 3.49138617516,
        "mean": 1.1123021841,
        "median": 0.94269567728,
        "min": -1.80517351627,
        "var": 0.911308646202
    },
    "erbbands_spread": {
        "dmean": 4.24640226364,
        "dmean2": 5.99743270874,
        "dvar": 24.965057373,
        "dvar2": 45.6051826477,
        "max": 83.0536880493,
        "mean": 19.8243522644,
        "median": 11.0885705948,
        "min": 1.49656963348,
        "var": 389.798919678
    },
    "hfc": {
        "dmean": 5.43183708191,
        "dmean2": 7.62198209763,
        "dvar": 375.16696167,
        "dvar2": 821.013305664,
        "max": 209.147827148,
        "mean": 10.472287178,
        "median": 0.286890089512,
        "min": 0.00165000872221,
        "var": 722.280029297
    },
    "melbands_crest": {
        "dmean": 3.78051066399,
        "dmean2": 6.30658006668,
        "dvar": 14.4609127045,
        "dvar2": 35.3070297241,
        "max": 35.3550987244,
        "mean": 12.7792596817,
        "median": 10.775062561,
        "min": 5.29486370087,
        "var": 35.2603378296
    },
    "melbands_flatness_db": {
        "dmean": 0.0241877324879,
        "dmean2": 0.0383227020502,
        "dvar": 0.000479235721286,
        "dvar2": 0.00124365033116,
        "max": 0.367913514376,
        "mean": 0.230456382036,
        "median": 0.242142096162,
        "min": 0.0966217592359,
        "var": 0.00361867109314
    },
    "melbands_kurtosis": {
        "dmean": 3.74692964554,
        "dmean2": 5.72299051285,
        "dvar": 36.2082023621,
        "dvar2": 93.2386398315,
        "max": 55.332572937,
        "mean": 7.36412858963,
        "median": 3.73262023926,
        "min": -1.37503457069,
        "var": 74.4608459473
    },
    "melbands_skewness": {
        "dmean": 0.52533686161,
        "dmean2": 0.770565390587,
        "dvar": 0.321951806545,
        "dvar2": 0.738416910172,
        "max": 6.22585344315,
        "mean": 1.12525987625,
        "median": 0.85667693615,
        "min": -0.80734360218,
        "var": 1.47386658192
    },
    "melbands_spread": {
        "dmean": 5.31508827209,
        "dmean2": 8.50602817535,
        "dvar": 88.6323623657,
        "dvar2": 194.583633423,
        "max": 86.9167327881,
        "mean": 16.6537399292,
        "median": 10.6939020157,
        "min": 1.57433056831,
        "var": 280.566650391
    },
    "pitch_salience": {
        "dmean": 0.083930619061,
        "dmean2": 0.134852439165,
        "dvar": 0.00709942588583,
        "dvar2": 0.0164139587432,
        "max": 0.856822311878,
        "mean": 0.61240118742,
        "median": 0.629312455654,
        "min": 0.157272532582,
        "var": 0.0139957908541
    },
    "silence_rate_20dB": {
        "dmean": 0,
        "dmean2": 0,
        "dvar": 0,
        "dvar2": 0,
        "max": 1,
        "mean": 1,
        "median": 1,
        "min": 1,
        "var": 0
    },
    "silence_rate_30dB": {
        "dmean": 0,
        "dmean2": 0,
        "dvar": 0,
        "dvar2": 0,
        "max": 1,
        "mean": 1,
        "median": 1,
        "min": 1,
        "var": 0
    },
    "silence_rate_60dB": {
        "dmean": 0.0166666675359,
        "dmean2": 0.0336134470999,
        "dvar": 0.0163888707757,
        "dvar2": 0.0324835851789,
        "max": 1,
        "mean": 0.760330557823,
        "median": 1,
        "min": 0,
        "var": 0.182228133082
    },
    "spectral_centroid": {
        "dmean": 179.63835144,
        "dmean2": 293.90222168,
        "dvar": 99425.734375,
        "dvar2": 211890.015625,
        "max": 3390.03564453,
        "mean": 1078.67944336,
        "median": 824.121337891,
        "min": 557.051757812,
        "var": 325145.75
    },
    "spectral_complexity": {
        "dmean": 1.25,
        "dmean2": 2.18487405777,
        "dvar": 5.02083349228,
        "dvar2": 9.51204204559,
        "max": 30,
        "mean": 5.35537195206,
        "median": 2,
        "min": 0,
        "var": 66.1299285889
    },
    "spectral_decrease": {
        "dmean": 7.11405712117e-10,
        "dmean2": 1.09552333871e-09,
        "dvar": 3.92061979577e-18,
        "dvar2": 7.3360613663e-18,
        "max": 1.19442555347e-13,
        "mean": -1.97179272909e-09,
        "median": -8.57637502683e-11,
        "min": -1.92567473078e-08,
        "var": 1.68113954308e-17
    },
    "spectral_energy": {
        "dmean": 0.00309140654281,
        "dmean2": 0.00455941678956,
        "dvar": 6.70444060233e-05,
        "dvar2": 0.000114960392239,
        "max": 0.0868884474039,
        "mean": 0.00839187111706,
        "median": 0.000345955893863,
        "min": 8.19092633719e-07,
        "var": 0.000309436785756
    },
    "spectral_energyband_high": {
        "dmean": 3.32259733113e-05,
        "dmean2": 5.96572499489e-05,
        "dvar": 9.03881058889e-09,
        "dvar2": 2.73973714826e-08,
        "max": 0.000802613329142,
        "mean": 4.90272286697e-05,
        "median": 4.05317950936e-06,
        "min": 4.6800032294e-08,
        "var": 1.34767068616e-08
    },
    "spectral_energyband_low": {
        "dmean": 9.61332898441e-06,
        "dmean2": 1.5975563656e-05,
        "dvar": 2.56404092402e-10,
        "dvar2": 5.48616041485e-10,
        "max": 0.000183003954589,
        "mean": 1.69082377397e-05,
        "median": 5.29779117642e-06,
        "min": 3.61663552439e-08,
        "var": 8.48349779314e-10
    },
    "spectral_energyband_middle_high": {
        "dmean": 0.00239583896473,
        "dmean2": 0.00332478107885,
        "dvar": 4.48838036391e-05,
        "dvar2": 9.38600642257e-05,
        "max": 0.0605038404465,
        "mean": 0.00548996496946,
        "median": 9.74327340373e-05,
        "min": 1.59373769293e-07,
        "var": 0.000177852445631
    },
    "spectral_energyband_middle_low": {
        "dmean": 0.00224612862803,
        "dmean2": 0.00361060211435,
        "dvar": 5.39742832188e-05,
        "dvar2": 0.000135746071464,
        "max": 0.0671280846,
        "mean": 0.00309479120187,
        "median": 0.000222537753871,
        "min": 4.94880168844e-07,
        "var": 6.34783718851e-05
    },
    "spectral_entropy": {
        "dmean": 0.166409403086,
        "dmean2": 0.248620703816,
        "dvar": 0.0198003146797,
        "dvar2": 0.0421155318618,
        "max": 8.4806804657,
        "mean": 7.16224145889,
        "median": 7.02779102325,
        "min": 6.18194627762,
        "var": 0.273266941309
    },
    "spectral_flux": {
        "dmean": 0.010075673461,
        "dmean2": 0.0155004188418,
        "dvar": 0.000418608397013,
        "dvar2": 0.000826404371765,
        "max": 0.240510866046,
        "mean": 0.0333960242569,
        "median": 0.0113740256056,
        "min": 0.00139442982618,
        "var": 0.0023138562683
    },
    "spectral_kurtosis": {
        "dmean": 2.20651769638,
        "dmean2": 3.69572877884,
        "dvar": 4.5361123085,
        "dvar2": 12.9528493881,
        "max": 28.0803050995,
        "mean": 13.5328617096,
        "median": 12.4997444153,
        "min": 1.83201503754,
        "var": 60.79429245
    },
    "spectral_rms": {
        "dmean": 0.000349386245944,
        "dmean2": 0.000508173310664,
        "dvar": 5.06661194777e-07,
        "dvar2": 7.20299397017e-07,
        "max": 0.00920701958239,
        "mean": 0.00169745506719,
        "median": 0.000580962921958,
        "min": 2.82686178252e-05,
        "var": 5.30583429281e-06
    },
    "spectral_rolloff": {
        "dmean": 1021.21209717,
        "dmean2": 1928.75891113,
        "dvar": 10334064,
        "dvar2": 19754300,
        "max": 21059.4726562,
        "mean": 2257.07128906,
        "median": 1055.12695312,
        "min": 21.533203125,
        "var": 16095017
    },
    "spectral_skewness": {
        "dmean": 0.235492527485,
        "dmean2": 0.383696198463,
        "dvar": 0.0477333180606,
        "dvar2": 0.124544531107,
        "max": 4.35921669006,
        "mean": 2.90161991119,
        "median": 3.04712247849,
        "min": 0.878146409988,
        "var": 0.890684366226
    },
    "spectral_spread": {
        "dmean": 547289.125,
        "dmean2": 755728.25,
        "dvar": 413090283520,
        "dvar2": 464342286336,
        "max": 13209790,
        "mean": 4674287,
        "median": 3765020,
        "min": 1712684,
        "var": 5.91185995366e+12
    },
    "spectral_strongpeak": {
        "dmean": 0.674914717674,
        "dmean2": 1.05729913712,
        "dvar": 4.30035257339,
        "dvar2": 8.70033168793,
        "max": 19.3836193085,
        "mean": 1.09020292759,
        "median": 0.154107868671,
        "min": 0,
        "var": 6.33215904236
    },
    "zerocrossingrate": {
        "dmean": 0.0192057285458,
        "dmean2": 0.0227932967246,
        "dvar": 0.00149330252316,
        "dvar2": 0.00238916743547,
        "max": 0.4921875,
        "mean": 0.0917726606131,
        "median": 0.07275390625,
        "min": 0.017578125,
        "var": 0.00454004434869
    },
    "barkbands": {
        "dmean": [1.61951629707e-05, 4.33731685234e-07, 1.35804043566e-06, 9.37968979997e-06, 0.000259186635958, 0.00101430283394, 5.4658838053e-05, 4.79663976876e-05, 0.000418471579906, 0.000888597511221, 0.00113275262993, 0.000697927782312, 0.000188144826097, 4.61977797386e-05, 8.74613106134e-05, 5.71617456444e-05, 1.05957615233e-05, 9.3307444331e-06, 3.88285952795e-05, 0.000976703362539, 2.24863947551e-06, 1.11001884306e-06, 2.9410539355e-06, 8.70948406373e-06, 1.82886087714e-05, 1.32903312533e-06, 2.98812409483e-07],
        "dmean2": [2.89627987513e-05, 7.56322378948e-07, 2.06422487281e-06, 1.68369351741e-05, 0.000402771722293, 0.00160920759663, 9.66484367382e-05, 8.10566561995e-05, 0.000705368933268, 0.00159059639554, 0.00171046191826, 0.00108330359217, 0.000342114071827, 7.73897190811e-05, 0.00013645569561, 9.23245825106e-05, 1.79628332262e-05, 1.63690183399e-05, 6.36386394035e-05, 0.00155063800048, 3.40492124451e-06, 1.79201788342e-06, 4.84494421471e-06, 1.57276881509e-05, 3.346961239e-05, 2.34336198446e-06, 4.96921472859e-07],
        "dvar": [5.9098870242e-10, 1.74146125038e-13, 1.03986342107e-11, 9.10497233164e-10, 1.82910434887e-06, 2.70373930107e-05, 1.50944323707e-08, 1.05122097693e-08, 1.49874608724e-06, 7.19647414371e-06, 1.66672143678e-05, 4.81624283566e-06, 5.4436048913e-07, 2.00430214647e-08, 1.28950730982e-07, 3.07036636116e-08, 4.70403938024e-10, 9.31536514592e-10, 1.24713501748e-08, 2.71826047538e-05, 4.92083596093e-11, 9.86309037915e-12, 9.82829165275e-11, 6.07316752443e-10, 4.2666665756e-09, 1.60777745284e-11, 2.72822942623e-13],
        "dvar2": [1.86335502583e-09, 3.74136783837e-13, 1.94420486654e-11, 1.94203919612e-09, 4.41525435235e-06, 6.82274257997e-05, 3.80627369623e-08, 2.92591622042e-08, 4.00178942073e-06, 1.85095777852e-05, 3.80298224627e-05, 1.25033384393e-05, 1.40252586789e-06, 4.69696423977e-08, 2.86169978381e-07, 9.29530230565e-08, 1.40555544981e-09, 2.7654005752e-09, 2.83098184894e-08, 6.43572493573e-05, 1.03119957018e-10, 2.7372016112e-11, 2.25216595373e-10, 1.68824276781e-09, 1.30243957841e-08, 4.51672935164e-11, 7.53339610745e-13],
        "max": [0.000135817055707, 3.55700376531e-06, 3.69132358173e-05, 0.000235588173382, 0.0141129121184, 0.0500084869564, 0.00134438835084, 0.000751810264774, 0.00923398789018, 0.0212103370577, 0.0443386957049, 0.0169106945395, 0.00617805309594, 0.00117368495557, 0.00403052428737, 0.00158144906163, 0.000172986357938, 0.000280678330455, 0.000959789496846, 0.0486287809908, 8.13523511169e-05, 2.63336132775e-05, 0.000100888188172, 0.000142020420753, 0.000488222052809, 3.57281205652e-05, 5.61135175303e-06],
        "mean": [1.43222250699e-05, 6.23577022907e-07, 2.949700729e-06, 1.53331693582e-05, 0.000299814040773, 0.00106437504292, 8.79854051163e-05, 8.01354690338e-05, 0.00060068530729, 0.00122482702136, 0.00219191377982, 0.00120690406766, 0.000283453991869, 7.54973953008e-05, 0.000133979541715, 8.69356590556e-05, 1.66610589076e-05, 1.36675653266e-05, 6.12468866166e-05, 0.000886872177944, 4.69233827971e-06, 2.05408537113e-06, 4.16014518123e-06, 1.11952786028e-05, 1.7443258912e-05, 1.87748116787e-06, 1.47775745063e-06],
        "median": [4.85001328343e-06, 4.73578211313e-07, 3.28780970449e-07, 7.72714201958e-07, 7.77786408435e-06, 5.43074929737e-05, 3.33039824909e-05, 1.85785702342e-05, 6.42272425466e-05, 3.39805555996e-05, 1.27450402942e-05, 2.32036327361e-05, 5.98301312493e-06, 1.76142168584e-06, 1.02399587831e-06, 2.47245770879e-06, 1.12246027584e-06, 3.80413410994e-07, 8.41833013965e-07, 5.96417919496e-07, 2.18421774889e-07, 1.13912953736e-07, 1.41173487123e-07, 3.25023790992e-07, 5.53005520487e-07, 2.01469248395e-07, 1.38150619478e-06],
        "min": [1.68142051393e-08, 4.49286874371e-09, 2.4823130218e-09, 1.28295996049e-08, 2.26779537371e-08, 4.09593639006e-08, 3.01863209984e-08, 1.57429305148e-08, 4.19967207677e-08, 2.00319387744e-08, 1.09987610131e-08, 5.08064923466e-09, 3.23782289868e-09, 3.15351589286e-09, 1.25069927748e-08, 4.13542355915e-09, 3.03893288311e-09, 2.06934425151e-09, 1.35106459354e-09, 2.30098784471e-09, 2.27994734203e-09, 2.24522156422e-09, 2.95602387013e-09, 2.31684427199e-09, 2.98324676073e-09, 4.5842005747e-09, 3.36561214453e-08],
        "var": [6.186480217e-10, 3.51233527939e-13, 4.75111373854e-11, 1.71067959798e-09, 2.10789471566e-06, 2.58560958173e-05, 2.74486442464e-08, 2.26807177484e-08, 2.33748096434e-06, 1.05266062747e-05, 5.3338597354e-05, 1.03611664599e-05, 8.97471636563e-07, 3.80397473521e-08, 2.66178403763e-07, 4.41470504597e-08, 1.16334986089e-09, 1.33058386531e-09, 2.97236297797e-08, 2.61278164544e-05, 1.44939241165e-10, 2.65130990079e-11, 1.59174798342e-10, 7.55141171815e-10, 3.38396288768e-09, 2.26662317387e-11, 2.85064642247e-13]
    },
    "erbbands": {
        "dmean": [5.64278416277e-05, 6.86796411173e-05, 0.0010772329988, 0.0202021691948, 0.199522420764, 0.854892134666, 9.50647926331, 4.08743858337, 0.879610836506, 0.753373265266, 1.12857651711, 5.47457885742, 36.175579071, 11.0708560944, 54.416809082, 16.3199748993, 8.2641992569, 1.68147552013, 3.23966383934, 4.44678354263, 1.88553082943, 0.564827084541, 0.522316396236, 1.67363929749, 44.1874465942, 18.4590835571, 0.582653582096, 0.115765593946, 0.0493026413023, 0.034683290869, 0.0913452729583, 0.138362258673, 0.2789054811, 0.244934186339, 0.0391898788512, 0.0111525263637, 0.000723986537196, 0.000148590741446, 5.07339173055e-05, 7.92164973973e-06],
        "dmean2": [0.000101248107967, 0.000116751260066, 0.00160475692246, 0.0321704633534, 0.281778395176, 1.26130104065, 15.1315345764, 6.28807830811, 1.42828249931, 1.23328840733, 1.85127270222, 9.29923152924, 62.2332954407, 19.736082077, 78.9940567017, 24.4179973602, 13.965968132, 3.05766797066, 5.15666675568, 5.26175785065, 2.86012005806, 0.979573369026, 0.915740728378, 2.51341509819, 69.522354126, 28.8558006287, 0.924283564091, 0.182517886162, 0.0828330367804, 0.0579849854112, 0.147012084723, 0.235935434699, 0.518374025822, 0.440847635269, 0.06682279706, 0.0200149901211, 0.00119254807942, 0.000260954868281, 8.92005118658e-05, 1.1993303815e-05],
        "dvar": [5.79173731197e-09, 8.29836555027e-09, 7.69748658058e-06, 0.00359789072536, 0.823648989201, 19.8456783295, 2594.13989258, 306.043395996, 4.89022493362, 1.31818521023, 7.97989416122, 239.719177246, 13794.1064453, 1208.0690918, 31980.7265625, 2070.9230957, 845.096679688, 24.982011795, 133.368438721, 242.771835327, 19.1933860779, 1.48435842991, 2.98987817764, 32.9475440979, 53310.5507812, 9832.22558594, 7.40099096298, 0.190410345793, 0.0205628592521, 0.0089948028326, 0.0854660719633, 0.167357578874, 0.658471047878, 0.767734289169, 0.0133096780628, 0.001173373661, 3.81091649615e-06, 8.87280506845e-08, 1.09719975327e-08, 1.41275699472e-10],
        "dvar2": [1.48983962944e-08, 1.61860178594e-08, 1.43649704114e-05, 0.00692282849923, 1.67661988735, 45.5242729187, 6615.38623047, 750.537963867, 9.70375061035, 3.50873589516, 21.9197635651, 643.941467285, 35578.2734375, 3533.7019043, 60888.6914062, 4497.07519531, 2046.32434082, 64.462890625, 342.907409668, 391.288238525, 43.9068984985, 4.1807808876, 8.4927854538, 68.7398757935, 126257.59375, 23044.03125, 16.6923389435, 0.50157302618, 0.0594221651554, 0.0252790786326, 0.199711084366, 0.451179981232, 1.91389918327, 2.34827756882, 0.0401535406709, 0.0033103695605, 1.04071068563e-05, 2.41885686592e-07, 3.10965440065e-08, 2.55084176004e-10],
        "max": [0.00056375580607, 0.000798587978352, 0.0294559560716, 0.514736950397, 10.0013380051, 46.8408660889, 480.556518555, 179.670150757, 26.7063007355, 9.44042205811, 21.4227714539, 132.353637695, 963.957214355, 402.291259766, 1977.79089355, 463.897888184, 266.515686035, 45.3441581726, 99.4695358276, 212.153625488, 36.0378570557, 9.86780071259, 16.2062740326, 53.961681366, 2149.66357422, 937.710021973, 27.1280231476, 4.65286588669, 1.28291213512, 0.957767009735, 2.93886685371, 3.01443266869, 5.58196306229, 6.725086689, 0.95725774765, 0.291418910027, 0.0179444756359, 0.00247127260081, 0.00104787980672, 0.000165313846082],
        "mean": [7.29442981537e-05, 0.000115005204862, 0.00233438657597, 0.0367596112192, 0.211622983217, 0.948102176189, 9.61107349396, 4.63879966736, 1.65907359123, 1.40946805477, 2.20353484154, 9.38786888123, 52.7521209717, 26.1883068085, 113.016418457, 40.6906700134, 15.3913125992, 4.07851362228, 4.74077796936, 7.69474172592, 3.64885449409, 1.08817136288, 0.820948243141, 2.62344908714, 40.533405304, 17.6932544708, 0.708822011948, 0.176616057754, 0.085346236825, 0.066724948585, 0.128408819437, 0.186664789915, 0.299462407827, 0.233668625355, 0.0457132421434, 0.0156828667969, 0.00136143958662, 0.00040272824117, 0.00017850745644, 3.86196588806e-05],
        "median": [4.43347271357e-05, 7.09326486685e-05, 0.000289606105071, 0.00214262166992, 0.00723357219249, 0.0273431595415, 0.15799702704, 0.485040664673, 0.551352322102, 0.523074269295, 0.341351300478, 1.13020265102, 1.76592838764, 0.700880229473, 0.80005222559, 0.713020086288, 0.347090512514, 0.113130003214, 0.0630247145891, 0.0703380331397, 0.163968086243, 0.0786309689283, 0.0270414911211, 0.0338777527213, 0.0427440926433, 0.0252410825342, 0.0105165839195, 0.00744452746585, 0.00430870708078, 0.00308701442555, 0.00562193756923, 0.00625868747011, 0.00752741238102, 0.00913582276553, 0.00227841734886, 0.0010037276661, 0.000279999687336, 0.000257094594417, 0.000155699322931, 2.83321587631e-05],
        "min": [3.52862741693e-07, 5.03442663558e-07, 9.18542446016e-06, 5.90618619754e-05, 0.000105748244096, 9.53360213316e-05, 0.000325206987327, 0.000287779141217, 0.00029959063977, 0.00069294142304, 0.000318186182994, 0.000911889714189, 0.000908000161871, 0.00158722768538, 0.000401819270337, 0.000213170584175, 0.000165697842021, 0.00015104272461, 0.0005470138276, 0.000423154473538, 0.000299067032756, 0.000221793874516, 0.000148502600496, 8.80776206031e-05, 5.40730106877e-05, 0.00012477018754, 0.00012396548118, 6.72926180414e-05, 5.85151319683e-05, 7.31020918465e-05, 9.93228895823e-05, 6.92287285347e-05, 2.77648468909e-05, 2.34386716329e-05, 2.49862732744e-05, 1.39527282954e-05, 1.01442410596e-05, 7.86281998444e-06, 4.63379683424e-06, 5.22822574567e-07],
        "var": [9.7480423733e-09, 1.55173349725e-08, 2.88584324153e-05, 0.00884095299989, 1.07086670399, 23.0374965668, 2409.06860352, 349.216400146, 15.0351276398, 4.0293340683, 18.2779483795, 432.973358154, 20626.3613281, 4276.13232422, 131794.875, 10146.6572266, 2170.00830078, 95.0179672241, 214.967971802, 746.019165039, 60.185710907, 4.72059345245, 4.46009397507, 65.4243774414, 51392.8515625, 9883.03222656, 9.18967437744, 0.290627390146, 0.0461294576526, 0.0261217821389, 0.14484667778, 0.214443847537, 0.621649742126, 0.598199427128, 0.0195131115615, 0.00170697085559, 8.82983113115e-06, 1.5975994927e-07, 1.09045927843e-08, 7.24571902477e-10]
    },
    "gfcc": {
        "mean": [-212.283660889, 60.3311004639, -114.416976929, -51.9732627869, -70.6204299927, -12.900135994, -29.9367313385, 4.01270771027, -27.0819034576, -7.59773254395, 1.77718389034, -2.41406416893, 5.02256727219],
        "cov": [[13366.5878906, -31.6550731659, -4493.21191406, 322.456237793, -896.899230957, 519.731140137, -1302.45373535, -104.569671631, -1703.72680664, -444.86630249, -167.577468872, -499.250213623, 219.48614502], [-31.6550731659, 928.53704834, 42.2689208984, -578.381164551, -105.287017822, -148.956588745, 371.830413818, -72.9462356567, -211.715560913, -102.710235596, 14.7697229385, 4.8362622261, -114.213302612], [-4493.21191406, 42.2689208984, 1756.7833252, -32.6920700073, 290.203521729, -172.332702637, 447.824432373, 0.923532128334, 511.196655273, 168.53276062, 76.8728942871, 157.368896484, -102.15247345], [322.456237793, -578.381164551, -32.6920700073, 583.12298584, 122.063591003, 55.4068031311, -325.634277344, -48.6906661987, 61.4654388428, 105.213294983, 22.1437549591, -27.0411930084, 99.4417724609], [-896.899230957, -105.287017822, 290.203521729, 122.063591003, 165.010467529, -7.95414590836, 47.0257568359, -24.2172813416, 134.183822632, 55.9225578308, 9.17698287964, 37.0317344666, 7.52670621872], [519.731140137, -148.956588745, -172.332702637, 55.4068031311, -7.95414590836, 140.505111694, -43.9995384216, 38.2476463318, -24.0526676178, -33.5150794983, -55.1337738037, -22.8700237274, 0.143433228135], [-1302.45373535, 371.830413818, 447.824432373, -325.634277344, 47.0257568359, -43.9995384216, 421.707427979, 17.2709999084, 36.0363235474, -30.2560329437, -7.12837743759, 25.2612915039, -121.003448486], [-104.569671631, -72.9462356567, 0.923532128334, -48.6906661987, -24.2172813416, 38.2476463318, 17.2709999084, 114.973838806, 107.137825012, -3.58871889114, -18.9128131866, 13.1952791214, 21.1886005402], [-1703.72680664, -211.715560913, 511.196655273, 61.4654388428, 134.183822632, -24.0526676178, 36.0363235474, 107.137825012, 446.677093506, 104.645843506, 5.22092914581, 90.7542800903, 56.2158203125], [-444.86630249, -102.710235596, 168.53276062, 105.213294983, 55.9225578308, -33.5150794983, -30.2560329437, -3.58871889114, 104.645843506, 87.6376876831, 54.6798477173, 24.8815727234, 26.8190841675], [-167.577468872, 14.7697229385, 76.8728942871, 22.1437549591, 9.17698287964, -55.1337738037, -7.12837743759, -18.9128131866, 5.22092914581, 54.6798477173, 99.7412796021, 38.1078300476, 13.8345737457], [-499.250213623, 4.8362622261, 157.368896484, -27.0411930084, 37.0317344666, -22.8700237274, 25.2612915039, 13.1952791214, 90.7542800903, 24.8815727234, 38.1078300476, 75.66771698, 22.8763484955], [219.48614502, -114.213302612, -102.15247345, 99.4417724609, 7.52670621872, 0.143433228135, -121.003448486, 21.1886005402, 56.2158203125, 26.8190841675, 13.8345737457, 22.8763484955, 87.038192749]],
        "icov": [[0.00238806894049, -0.00321150617674, 0.00362804275937, -0.0035462458618, 0.00361219933257, -0.00436802906916, 0.00252287322655, -0.00297616096213, 0.0036136994604, -0.00219053146429, 0.000377603282686, -0.000164494718774, 0.000324333494063], [-0.00321150617674, 0.0105143431574, -0.00480311736465, 0.0101751731709, -0.00477014109492, 0.0086971083656, -0.00622815312818, 0.00901915691793, -0.00346312462352, 0.00308068352751, -0.000659606244881, 0.00222259201109, -0.00501460302621], [0.00362804275937, -0.00480311736465, 0.00826205685735, -0.00786082819104, 0.00695378053933, -0.00436858367175, 0.000478746573208, -0.00327238533646, 0.00311140692793, -0.00488192215562, 0.00221508182585, -0.00465038325638, 0.0044590937905], [-0.0035462458618, 0.0101751731709, -0.00786082819104, 0.0206680595875, -0.0146397752687, 0.00428159954026, 0.00292438128963, 0.00785231310874, -0.00117038202006, -0.000540198292583, -0.00352017767727, 0.0117993382737, -0.00875096023083], [0.00361219933257, -0.00477014109492, 0.00695378053933, -0.0146397752687, 0.0288932304829, -0.00762498565018, -0.00746070733294, 0.00679650483653, -0.00102418812457, -0.00605270639062, 0.00593543238938, -0.0102491024882, -0.000716875831131], [-0.00436802906916, 0.0086971083656, -0.00436858367175, 0.00428159954026, -0.00762498565018, 0.0252051614225, -0.006975161843, -0.000812467653304, -0.00370249338448, 0.00288089434616, 0.00842987839133, -0.00739574013278, 0.00563462404534], [0.00252287322655, -0.00622815312818, 0.000478746573208, 0.00292438128963, -0.00746070733294, -0.006975161843, 0.0190779082477, -0.0118452729657, 0.00745050795376, -0.00202551786788, -0.00208278070204, 0.00480535021052, 0.00762917893007], [-0.00297616096213, 0.00901915691793, -0.00327238533646, 0.00785231310874, 0.00679650483653, -0.000812467653304, -0.0118452729657, 0.0337204448879, -0.0153044909239, 0.0088742878288, -0.00571057153866, 0.00591274397448, -0.0122308088467], [0.0036136994604, -0.00346312462352, 0.00311140692793, -0.00117038202006, -0.00102418812457, -0.00370249338448, 0.00745050795376, -0.0153044909239, 0.0193903706968, -0.0167082287371, 0.0107820145786, -0.00583508098498, -0.00204550172202], [-0.00219053146429, 0.00308068352751, -0.00488192215562, -0.000540198292583, -0.00605270639062, 0.00288089434616, -0.00202551786788, 0.0088742878288, -0.0167082287371, 0.055163551122, -0.032025475055, 0.018075434491, -0.00587018951774], [0.000377603282686, -0.000659606244881, 0.00221508182585, -0.00352017767727, 0.00593543238938, 0.00842987839133, -0.00208278070204, -0.00571057153866, 0.0107820145786, -0.032025475055, 0.0386844277382, -0.0257860217243, 0.00630398979411], [-0.000164494718774, 0.00222259201109, -0.00465038325638, 0.0117993382737, -0.0102491024882, -0.00739574013278, 0.00480535021052, 0.00591274397448, -0.00583508098498, 0.018075434491, -0.0257860217243, 0.0458760075271, -0.0192276183516], [0.000324333494063, -0.00501460302621, 0.0044590937905, -0.00875096023083, -0.000716875831131, 0.00563462404534, 0.00762917893007, -0.0122308088467, -0.00204550172202, -0.00587018951774, 0.00630398979411, -0.0192276183516, 0.0401405729353]]
    },
    "melbands": {
        "dmean": [8.85978465703e-07, 3.35813524543e-07, 6.15981070951e-06, 2.60142587649e-05, 0.000252221972914, 0.000116105344205, 1.30152457132e-05, 8.16952615423e-06, 8.0609561337e-06, 5.21190668223e-05, 0.000175469540409, 4.19570533268e-05, 0.00017413655587, 8.34006787045e-05, 2.47775260505e-05, 1.13026444524e-05, 3.35008485308e-06, 4.84512429466e-06, 6.87303599989e-06, 5.02648117617e-06, 1.94663584807e-06, 6.79241054513e-07, 5.80294283736e-07, 3.78597462714e-07, 1.04800415102e-06, 8.18853368401e-06, 6.23739688308e-05, 5.46492572084e-07, 1.09317419117e-07, 6.5427293805e-08, 5.09373556667e-08, 3.01353999532e-08, 1.52517731777e-08, 2.05450962909e-08, 3.64519010532e-08, 8.53170050163e-08, 9.80628485081e-08, 1.71936946458e-07, 3.96897888777e-07, 1.31024535222e-07],
        "dmean2": [1.5625416836e-06, 5.10363349804e-07, 8.94708227861e-06, 3.47880923073e-05, 0.000403135985835, 0.000180227070814, 2.37733565882e-05, 1.31911328936e-05, 1.35976197271e-05, 8.73276949278e-05, 0.000303172884742, 7.39847237128e-05, 0.000247071031481, 0.000122318277135, 3.02188072965e-05, 1.93429114006e-05, 5.90239233134e-06, 7.6525429904e-06, 1.05223525679e-05, 7.60363809604e-06, 3.15135480378e-06, 1.19962589906e-06, 9.83397740129e-07, 6.41731276119e-07, 1.540811013e-06, 1.31359902298e-05, 9.86246595858e-05, 6.71116197282e-07, 1.65184886214e-07, 9.10950532784e-08, 8.04907216434e-08, 5.24565564319e-08, 2.55869583299e-08, 3.52464226694e-08, 5.79375196708e-08, 1.40287625072e-07, 1.66126298495e-07, 3.20713837709e-07, 7.16421766356e-07, 2.31717308452e-07],
        "dvar": [1.63025257356e-12, 6.01183762061e-13, 5.51018730643e-10, 1.52637937845e-08, 1.84568125405e-06, 2.905703127e-07, 1.08095910001e-09, 1.80969086938e-10, 5.90125226463e-10, 2.49279654696e-08, 3.27424999114e-07, 1.31887851751e-08, 3.32614149556e-07, 7.87621203813e-08, 5.78583714272e-09, 1.65779989736e-09, 9.56050030809e-11, 2.50670234569e-10, 9.19847920056e-10, 2.98946756239e-10, 2.23971240859e-11, 1.94480998146e-12, 2.44603230899e-12, 1.60170693982e-12, 1.48024682789e-11, 1.48458123572e-09, 1.10753127558e-07, 3.70483721826e-12, 7.72246510987e-14, 4.63019312019e-14, 2.81065979274e-14, 7.69961249977e-15, 1.99467195826e-15, 2.95158138416e-15, 1.18133491338e-14, 7.78153989812e-14, 9.29710952322e-14, 2.76166323967e-13, 2.32986871983e-12, 1.7796758533e-13],
        "dvar2": [4.58280765767e-12, 1.21782000716e-12, 1.09973707918e-09, 2.96955171564e-08, 4.71090561405e-06, 7.24430719856e-07, 2.51723930589e-09, 5.06686526069e-10, 1.6289997129e-09, 6.50604903285e-08, 8.40654649892e-07, 3.87112066846e-08, 6.33155821106e-07, 1.83967387102e-07, 8.04700306389e-09, 4.2639460851e-09, 2.16378207019e-10, 6.47512321539e-10, 1.94009408538e-09, 7.60493612528e-10, 5.44073640307e-11, 5.83992619888e-12, 6.62343400612e-12, 4.94985302746e-12, 3.0160970943e-11, 3.48511686177e-09, 2.62210278379e-07, 6.4556181581e-12, 1.71945465678e-13, 1.0390866905e-13, 8.12232293684e-14, 2.2686203705e-14, 5.38642481313e-15, 8.04119378234e-15, 2.6119531478e-14, 1.81067021186e-13, 2.59231140243e-13, 7.81133133437e-13, 7.02473842984e-12, 5.45234322101e-13],
        "max": [8.73082990438e-06, 8.3058475866e-06, 0.000253726553638, 0.00137385027483, 0.012888119556, 0.00538062350824, 0.000372775190044, 0.000107638123154, 0.000211981663597, 0.0012978707673, 0.0046925181523, 0.000955779047217, 0.00691186729819, 0.00253523583524, 0.000918671197724, 0.00034838396823, 6.90544620738e-05, 0.000128360494273, 0.000356088276021, 0.000188701655134, 3.82231446565e-05, 1.00254292192e-05, 1.2992277334e-05, 1.13523274194e-05, 4.16523471358e-05, 0.000359434488928, 0.00310764205642, 2.45672217716e-05, 2.95280574392e-06, 2.54565588875e-06, 1.6076907059e-06, 6.47504862172e-07, 4.39555066123e-07, 5.51347284272e-07, 1.15415684832e-06, 2.54879660133e-06, 2.15338013732e-06, 3.6594692574e-06, 1.11033641588e-05, 3.2779510093e-06],
        "mean": [1.05368837922e-06, 7.15914779903e-07, 8.6813888629e-06, 2.80576041405e-05, 0.000255875318544, 0.000126207014546, 2.4408713216e-05, 1.59097235155e-05, 1.71392894117e-05, 8.44736568979e-05, 0.000257671112195, 7.50291583245e-05, 0.000343454856193, 0.000192655395949, 6.19663333055e-05, 1.6826648789e-05, 6.61623789711e-06, 6.34174875813e-06, 1.159058138e-05, 8.11914287624e-06, 3.32074068865e-06, 1.07334767563e-06, 7.69792563915e-07, 6.25626285e-07, 1.53367466282e-06, 8.15485873318e-06, 5.6384713389e-05, 8.74544696217e-07, 1.72689979649e-07, 1.14110839888e-07, 7.51393116616e-08, 4.95046634796e-08, 3.06885148404e-08, 3.97428934207e-08, 6.61138059854e-08, 9.25203238467e-08, 1.24586250649e-07, 1.89313553278e-07, 3.37661020922e-07, 1.35848765126e-07],
        "median": [5.624714845e-07, 1.41746738791e-07, 3.78613492558e-07, 1.14218335057e-06, 4.27776967626e-06, 1.04455593828e-05, 8.65130732564e-06, 5.37676987733e-06, 2.78884931504e-06, 8.09464836493e-06, 8.47573483043e-06, 2.62498724624e-06, 2.02126193471e-06, 2.73856562671e-06, 1.04826972347e-06, 4.67274105631e-07, 1.62916791169e-07, 9.74550289357e-08, 8.5579912934e-08, 1.22201356589e-07, 1.66785909528e-07, 6.58546497334e-08, 3.31847296309e-08, 1.67770171089e-08, 2.6795230923e-08, 3.23474118602e-08, 3.37512027215e-08, 1.31701920481e-08, 6.37725383612e-09, 4.73160444159e-09, 3.9802432461e-09, 2.68428634875e-09, 1.44965939253e-09, 1.71671976634e-09, 2.19361884213e-09, 4.41511049942e-09, 3.18874548988e-09, 4.44573755587e-09, 7.22170856449e-09, 5.4782889336e-09],
        "min": [2.97433544461e-09, 3.24394089368e-09, 1.26509576148e-08, 5.10530240305e-09, 1.00005248527e-08, 7.09138525679e-09, 5.73691671946e-09, 6.49974429834e-09, 2.58093635352e-09, 6.16858653046e-09, 4.2796597377e-09, 6.56099929941e-09, 1.18244958269e-09, 5.07801189986e-10, 4.344883342e-10, 3.59123397686e-10, 1.82472606469e-10, 7.57871709833e-10, 8.41836544918e-10, 3.89255461197e-10, 3.33574945444e-10, 1.88795201694e-10, 2.35003544402e-10, 5.16152294516e-11, 7.72286470885e-11, 3.30563423856e-11, 6.59229476563e-11, 6.82434178612e-11, 8.01460842137e-11, 4.82997704332e-11, 3.98226521203e-11, 3.49739473493e-11, 3.91324368743e-11, 3.68573643827e-11, 5.74923580965e-11, 5.45700012955e-11, 3.77809797336e-11, 2.04002387899e-11, 1.04515276642e-11, 2.48581693424e-11],
        "var": [2.4656702461e-12, 2.43875644505e-12, 8.18677237113e-10, 2.10762607367e-08, 1.71469878296e-06, 3.01400774561e-07, 2.770596641e-09, 5.4433685337e-10, 1.11258602331e-09, 4.20285566349e-08, 4.92254571327e-07, 3.23236264421e-08, 1.28105057229e-06, 2.90418057602e-07, 3.25365974163e-08, 3.05944003465e-09, 2.6009683296e-10, 3.44983847045e-10, 2.0715464899e-09, 5.70266778244e-10, 5.60444989028e-11, 5.05699431982e-12, 3.68193323053e-12, 2.60545990165e-12, 2.57830441025e-11, 1.5299165268e-09, 1.06431130575e-07, 1.05000279305e-11, 1.81390235406e-13, 1.05295444943e-13, 4.42556893367e-14, 1.54236940873e-14, 6.28532878752e-15, 8.68697254836e-15, 3.36704710608e-14, 9.23624173563e-14, 1.05094664254e-13, 3.15178845479e-13, 1.69595262313e-12, 1.70022592468e-13]
    },
    "mfcc": {
        "mean": [-866.918334961, 131.752380371, -7.55934238434, -32.0414466858, -24.2122516632, -28.404838562, 2.81072092056, -5.82082557678, -8.05014324188, -3.1169116497, -11.613735199, -3.06850171089, 8.05884552002],
        "cov": [[15252.8466797, -615.159545898, -3406.03979492, -1226.68408203, 121.379386902, -587.958312988, 463.313934326, -697.471679688, -793.00579834, -427.897613525, -1066.98754883, -1028.56555176, -111.417037964], [-615.159545898, 1427.83044434, 81.2058486938, -319.589202881, -601.103637695, -89.7682189941, 207.112380981, 177.859115601, -117.083076477, -25.7435703278, 126.068458557, -211.68006897, 95.087852478], [-3406.03979492, 81.2058486938, 967.262451172, 317.69039917, -15.8613681793, 161.5, -89.1555633545, 128.859832764, 152.938430786, 73.2282943726, 229.870880127, 251.44329834, 30.0267868042], [-1226.68408203, -319.589202881, 317.69039917, 364.990234375, 212.679519653, 129.996459961, -84.7211151123, -70.3566589355, 37.88123703, 34.1000595093, 44.4770050049, 140.692062378, -11.4398050308], [121.379386902, -601.103637695, -15.8613681793, 212.679519653, 381.85925293, 40.7048377991, -156.259536743, -130.734481812, 77.842048645, 11.4788551331, -59.5990486145, 175.433395386, -35.4655227661], [-587.958312988, -89.7682189941, 161.5, 129.996459961, 40.7048377991, 146.191726685, 20.1257381439, 21.2123279572, 4.67111110687, 25.6263771057, 25.6603717804, 24.888551712, 0.239520385861], [463.313934326, 207.112380981, -89.1555633545, -84.7211151123, -156.259536743, 20.1257381439, 180.713424683, 41.5282936096, -110.634300232, -29.1375522614, -3.25552582741, -152.357940674, 28.7213554382], [-697.471679688, 177.859115601, 128.859832764, -70.3566589355, -130.734481812, 21.2123279572, 41.5282936096, 172.355010986, 75.1789321899, 32.1608352661, 80.8877716064, -26.3095302582, 2.98639345169], [-793.00579834, -117.083076477, 152.938430786, 37.88123703, 77.842048645, 4.67111110687, -110.634300232, 75.1789321899, 210.091766357, 75.0364074707, 55.6462173462, 109.097587585, -14.5098485947], [-427.897613525, -25.7435703278, 73.2282943726, 34.1000595093, 11.4788551331, 25.6263771057, -29.1375522614, 32.1608352661, 75.0364074707, 76.048576355, 40.4354171753, 39.8633422852, 5.91577291489], [-1066.98754883, 126.068458557, 229.870880127, 44.4770050049, -59.5990486145, 25.6603717804, -3.25552582741, 80.8877716064, 55.6462173462, 40.4354171753, 115.013473511, 46.4223251343, 9.10128974915], [-1028.56555176, -211.68006897, 251.44329834, 140.692062378, 175.433395386, 24.888551712, -152.357940674, -26.3095302582, 109.097587585, 39.8633422852, 46.4223251343, 288.491973877, 26.818944931], [-111.417037964, 95.087852478, 30.0267868042, -11.4398050308, -35.4655227661, 0.239520385861, 28.7213554382, 2.98639345169, -14.5098485947, 5.91577291489, 9.10128974915, 26.818944931, 62.9640693665]],
