{
"lowlevel": {
    "average_loudness": 0.990020394325,
    "barkbands_crest": {
        "dmean": 2.60738515854,
        "dmean2": 3.72431063652,
        "dvar": 5.3383436203,
        "dvar2": 12.5099716187,
        "max": 23.3789463043,
        "mean": 13.1894769669,
        "median": 13.9900245667,
        "min": 2.77666044235,
        "var": 39.6807518005
    },
    "barkbands_flatness_db": {
        "dmean": 0.0254371855408,
        "dmean2": 0.0347260795534,
        "dvar": 0.000751095765736,
        "dvar2": 0.00122290942818,
        "max": 0.397958964109,
        "mean": 0.135849490762,
        "median": 0.110405273736,
        "min": 0.033465590328,
        "var": 0.00683021359146
    },
    "barkbands_kurtosis": {
        "dmean": 13.8811683655,
        "dmean2": 14.9496765137,
        "dvar": 816.991638184,
        "dvar2": 966.382080078,
        "max": 363.588897705,
        "mean": 24.3601932526,
        "median": 2.61835575104,
        "min": -1.56213498116,
        "var": 3573.04492188
    },
    "barkbands_skewness": {
        "dmean": 1.07677614689,
        "dmean2": 1.44338440895,
        "dvar": 1.78351140022,
        "dvar2": 3.0422949791,
        "max": 17.3688411713,
        "mean": 2.91633224487,
        "median": 1.98484194279,
        "min": -1.51110875607,
        "var": 13.2742071152
    },
    "barkbands_spread": {
        "dmean": 9.32942867279,
        "dmean2": 14.7734718323,
        "dvar": 123.845710754,
        "dvar2": 303.676239014,
        "max": 93.167137146,
        "mean": 31.4659042358,
        "median": 27.2427692413,
        "min": 1.06295573711,
        "var": 453.219696045
    },
    "dissonance": {
        "dmean": 0.0148956365883,
        "dmean2": 0.0221715848893,
        "dvar": 0.000350514223101,
        "dvar2": 0.000510852900334,
        "max": 0.499867469072,
        "mean": 0.47125813365,
        "median": 0.481215775013,
        "min": 0.328772068024,
        "var": 0.00102682411671
    },
    "dynamic_complexity": 14.6032056808,
    "erbbands_crest": {
        "dmean": 2.88892650604,
        "dmean2": 4.62145328522,
        "dvar": 3.39844608307,
        "dvar2": 9.45826816559,
        "max": 22.2393989563,
        "mean": 10.5946760178,
        "median": 9.93676662445,
        "min": 3.5476808548,
        "var": 23.688419342
    },
    "erbbands_flatness_db": {
        "dmean": 0.0193859897554,
        "dmean2": 0.0270316358656,
        "dvar": 0.000424427533289,
        "dvar2": 0.000687314663082,
        "max": 0.314878970385,
        "mean": 0.135590329766,
        "median": 0.135003909469,
        "min": 0.0373591408134,
        "var": 0.00320131215267
    },
    "erbbands_kurtosis": {
        "dmean": 5.93123149872,
        "dmean2": 7.7004032135,
        "dvar": 175.640563965,
        "dvar2": 242.055801392,
        "max": 151.754226685,
        "mean": 10.13875103,
        "median": 0.383089542389,
        "min": -1.5806658268,
        "var": 799.331787109
    },
    "erbbands_skewness": {
        "dmean": 0.750173687935,
        "dmean2": 1.12564480305,
        "dvar": 1.19438028336,
        "dvar2": 2.469830513,
        "max": 9.66113471985,
        "mean": 1.37019169331,
        "median": 0.631714582443,
        "min": -2.10017991066,
        "var": 6.25493431091
    },
    "erbbands_spread": {
        "dmean": 11.501250267,
        "dmean2": 16.0088443756,
        "dvar": 112.550918579,
        "dvar2": 215.131103516,
        "max": 121.543746948,
        "mean": 45.8605880737,
        "median": 39.5655136108,
        "min": 2.22350382805,
        "var": 785.502746582
    },
    "hfc": {
        "dmean": 30.9144916534,
        "dmean2": 56.6552467346,
        "dvar": 16970.4609375,
        "dvar2": 48579.5742188,
        "max": 802.829223633,
        "mean": 23.5303115845,
        "median": 0.20438362658,
        "min": 0.00206451071426,
        "var": 11314.7451172
    },
    "melbands_crest": {
        "dmean": 2.45512294769,
        "dmean2": 3.86017394066,
        "dvar": 4.27427244186,
        "dvar2": 9.43056774139,
        "max": 24.1817340851,
        "mean": 14.9144792557,
        "median": 17.1346569061,
        "min": 3.31018877029,
        "var": 38.5240211487
    },
    "melbands_flatness_db": {
        "dmean": 0.0327019803226,
        "dmean2": 0.0436296984553,
        "dvar": 0.00119398720562,
        "dvar2": 0.00215106504038,
        "max": 0.524727761745,
        "mean": 0.211256399751,
        "median": 0.199269101024,
        "min": 0.0286484472454,
        "var": 0.0151437912136
    },
    "melbands_kurtosis": {
        "dmean": 22.3340072632,
        "dmean2": 34.0677185059,
        "dvar": 1059.55358887,
        "dvar2": 1840.01245117,
        "max": 230.661834717,
        "mean": 53.6879234314,
        "median": 30.0826263428,
        "min": -1.36158084869,
        "var": 3854.1418457
    },
    "melbands_skewness": {
        "dmean": 1.05172979832,
        "dmean2": 1.52135562897,
        "dvar": 1.16714549065,
        "dvar2": 2.2420437336,
        "max": 11.5224170685,
        "mean": 4.29505443573,
        "median": 4.20351362228,
        "min": -0.229945987463,
        "var": 9.02272605896
    },
    "melbands_spread": {
        "dmean": 8.65589904785,
        "dmean2": 14.170340538,
        "dvar": 241.037094116,
        "dvar2": 572.651245117,
        "max": 133.505615234,
        "mean": 26.9205875397,
        "median": 11.6702842712,
        "min": 0.508628726006,
        "var": 923.461425781
    },
    "pitch_salience": {
        "dmean": 0.0781669542193,
        "dmean2": 0.122616961598,
        "dvar": 0.00398047687486,
        "dvar2": 0.0103938039392,
        "max": 0.877333641052,
        "mean": 0.57693374157,
        "median": 0.579137921333,
        "min": 0.298416882753,
        "var": 0.0211073625833
    },
    "silence_rate_20dB": {
        "dmean": 0,
        "dmean2": 0,
        "dvar": 0,
        "dvar2": 0,
        "max": 1,
        "mean": 1,
        "median": 1,
        "min": 1,
        "var": 0
    },
    "silence_rate_30dB": {
        "dmean": 0.0222222227603,
        "dmean2": 0.0449438206851,
        "dvar": 0.0217284206301,
        "dvar2": 0.0653957501054,
        "max": 1,
        "mean": 0.989010989666,
        "median": 1,
        "min": 0,
        "var": 0.0108682531863
    },
    "silence_rate_60dB": {
        "dmean": 0.0222222227603,
        "dmean2": 0.0449438206851,
        "dvar": 0.0217284113169,
        "dvar2": 0.0429238639772,
        "max": 1,
        "mean": 0.83516484499,
        "median": 1,
        "min": 0,
        "var": 0.137664392591
    },
    "spectral_centroid": {
        "dmean": 263.79309082,
        "dmean2": 435.522125244,
        "dvar": 197097.578125,
        "dvar2": 423589.8125,
        "max": 3825.06982422,
        "mean": 1289.90930176,
        "median": 776.06439209,
        "min": 215.816390991,
        "var": 1119868.25
    },
    "spectral_complexity": {
        "dmean": 2.05555558205,
        "dmean2": 2.61797761917,
        "dvar": 22.7413673401,
        "dvar2": 27.1798934937,
        "max": 58,
        "mean": 7.67032957077,
        "median": 1,
        "min": 0,
        "var": 230.616592407
    },
    "spectral_decrease": {
        "dmean": 1.20674470416e-09,
        "dmean2": 2.05256500685e-09,
        "dvar": 2.18005783088e-17,
        "dvar2": 6.01747161155e-17,
        "max": -1.09515112365e-13,
        "mean": -1.18525567139e-09,
        "median": -5.50240616959e-11,
        "min": -2.95131243888e-08,
        "var": 1.77690968722e-17
    },
    "spectral_energy": {
        "dmean": 0.00735632842407,
        "dmean2": 0.0128798633814,
        "dvar": 0.000863313034642,
        "dvar2": 0.00241969409399,
        "max": 0.184208393097,
        "mean": 0.00660769967362,
        "median": 0.000246775074629,
        "min": 6.00593239142e-07,
        "var": 0.000649330322631
    },
    "spectral_energyband_high": {
        "dmean": 0.00337443617173,
        "dmean2": 0.0063077993691,
        "dvar": 0.000230103469221,
        "dvar2": 0.000667661544867,
        "max": 0.101762466133,
        "mean": 0.00236807321198,
        "median": 5.75439162276e-06,
        "min": 6.36805026488e-08,
        "var": 0.000144418212585
    },
    "spectral_energyband_low": {
        "dmean": 2.58895724983e-05,
        "dmean2": 4.23586825491e-05,
        "dvar": 6.42797370887e-09,
        "dvar2": 1.68981770798e-08,
        "max": 0.000548078329302,
        "mean": 3.72398026229e-05,
        "median": 9.57779411692e-06,
        "min": 2.37758882804e-07,
        "var": 7.7053181613e-09
    },
    "spectral_energyband_middle_high": {
        "dmean": 0.00336308055557,
        "dmean2": 0.00569758377969,
        "dvar": 0.000177631649422,
        "dvar2": 0.000492979597766,
        "max": 0.0847079977393,
        "mean": 0.00328164477833,
        "median": 7.29814701117e-06,
        "min": 2.1247023696e-08,
        "var": 0.000144635661854
    },
    "spectral_energyband_middle_low": {
        "dmean": 0.000647537759505,
        "dmean2": 0.000942055077758,
        "dvar": 4.2465385377e-06,
        "dvar2": 1.03602669697e-05,
        "max": 0.0158121846616,
        "mean": 0.000952430709731,
        "median": 0.000183921860298,
        "min": 2.02269660576e-07,
        "var": 5.27208931089e-06
    },
    "spectral_entropy": {
        "dmean": 0.250999808311,
        "dmean2": 0.361911594868,
        "dvar": 0.093190766871,
        "dvar2": 0.170592486858,
        "max": 8.3466424942,
        "mean": 7.47982549667,
        "median": 7.79925107956,
        "min": 4.81710290909,
        "var": 0.691506147385
    },
    "spectral_flux": {
        "dmean": 0.0166827626526,
        "dmean2": 0.0260472651571,
        "dvar": 0.00312023516744,
        "dvar2": 0.00657588802278,
        "max": 0.418693035841,
        "mean": 0.0321197658777,
        "median": 0.00777901988477,
        "min": 0.00233935914002,
        "var": 0.00501347891986
    },
    "spectral_kurtosis": {
        "dmean": 1.66088974476,
        "dmean2": 2.39507651329,
        "dvar": 3.43294477463,
        "dvar2": 6.82728433609,
        "max": 26.1951770782,
        "mean": 6.43194723129,
        "median": 4.95757055283,
        "min": 0.67870426178,
        "var": 21.2999629974
    },
    "spectral_rms": {
        "dmean": 0.000589340692386,
        "dmean2": 0.000901072111446,
        "dvar": 3.41985037267e-06,
        "dvar2": 9.14284919418e-06,
        "max": 0.013405800797,
        "mean": 0.00126654258929,
        "median": 0.000490669102874,
        "min": 2.42062924372e-05,
        "var": 4.8424049055e-06
    },
    "spectral_rolloff": {
        "dmean": 1845.39562988,
        "dmean2": 3221.02807617,
        "dvar": 14637996,
        "dvar2": 31593386,
        "max": 20004.3457031,
        "mean": 3663.24755859,
        "median": 2347.11914062,
        "min": 215.33203125,
        "var": 22661246
    },
    "spectral_skewness": {
        "dmean": 0.27431038022,
        "dmean2": 0.399866372347,
        "dvar": 0.0977415367961,
        "dvar2": 0.229239031672,
        "max": 4.59169769287,
        "mean": 1.93439173698,
        "median": 1.81170260906,
        "min": 0.654565632343,
        "var": 0.639543294907
    },
    "spectral_spread": {
        "dmean": 796946.875,
        "dmean2": 1085239.75,
        "dvar": 658748604416,
        "dvar2": 1.20664870093e+12,
        "max": 13927772,
        "mean": 6665177.5,
        "median": 6090892.5,
        "min": 3010123.5,
        "var": 6.06337079706e+12
    },
    "spectral_strongpeak": {
        "dmean": 0.406702548265,
        "dmean2": 0.717585504055,
        "dvar": 0.762507975101,
        "dvar2": 2.38977527618,
        "max": 5.03002738953,
        "mean": 0.430589556694,
        "median": 0.0664838030934,
        "min": 0,
        "var": 1.00052750111
    },
    "zerocrossingrate": {
        "dmean": 0.0224392358214,
        "dmean2": 0.0259392559528,
        "dvar": 0.000654278555885,
        "dvar2": 0.000755426997785,
        "max": 0.3525390625,
        "mean": 0.134808555245,
        "median": 0.12744140625,
        "min": 0.0322265625,
        "var": 0.003747649258
    },
    "barkbands": {
        "dmean": [6.86465455146e-06, 3.39865414389e-06, 1.40688280226e-05, 5.56164377485e-05, 0.000241812376771, 0.00012071148376, 0.000206762881135, 5.98514088779e-05, 0.00011175875261, 0.000117849318485, 6.48367276881e-05, 0.00010352931713, 0.000157360933372, 0.000252992962487, 0.000110892549856, 0.000329564209096, 0.000558275438379, 0.000828434946015, 0.00117460009642, 0.000371469010133, 0.00105446425732, 0.000847389863338, 0.000337592267897, 0.000573784695007, 0.000225742682233, 6.20230275672e-05, 1.06773250081e-05],
        "dmean2": [1.20727381727e-05, 6.57395685266e-06, 2.39641231019e-05, 9.09920272534e-05, 0.00036447745515, 0.000223252674914, 0.000357939774403, 0.000102215039078, 0.000183581345482, 0.000232684251387, 0.00010873995052, 0.000156937312568, 0.000289971299935, 0.00042613549158, 0.000189986429177, 0.000569183146581, 0.00102185260039, 0.00131268333644, 0.00230129878037, 0.000596834870521, 0.00209187786095, 0.00155860825907, 0.00055480847368, 0.00112383638043, 0.000439842056949, 0.000122430341435, 2.13839502976e-05],
        "dvar": [5.15339194929e-11, 1.50189999326e-10, 1.42664524638e-09, 2.38492496862e-08, 2.76383929076e-07, 1.87628955928e-07, 7.21859805708e-07, 3.19425055295e-08, 9.97444686845e-08, 1.5373420581e-07, 3.96150525717e-08, 1.31319055185e-07, 3.47860776628e-07, 8.99960355127e-07, 1.13578806804e-07, 1.71436806795e-06, 7.49830314817e-06, 8.77184174897e-06, 2.87837538053e-05, 1.91423373508e-06, 3.17545418511e-05, 1.68845363078e-05, 1.94240647033e-06, 7.51726838644e-06, 1.00419606497e-06, 8.00954182978e-08, 2.26443819251e-09],
        "dvar2": [1.53014045878e-10, 4.42950065516e-10, 3.87796417201e-09, 5.75141818615e-08, 7.08585673692e-07, 5.0170274335e-07, 1.92862034964e-06, 6.57805259152e-08, 2.63474674966e-07, 5.05875732415e-07, 7.97298085331e-08, 3.26614497226e-07, 9.58967802944e-07, 2.37407402892e-06, 3.24330727608e-07, 4.72021110909e-06, 2.17405777221e-05, 2.28132666962e-05, 8.50147480378e-05, 4.95696576763e-06, 9.4785093097e-05, 4.92718972964e-05, 5.13211898578e-06, 2.22781272896e-05, 2.95633481073e-06, 2.36667347053e-07, 6.74025502079e-09],
        "max": [3.46732413163e-05, 7.92926875874e-05, 0.000242975656874, 0.000999592244625, 0.00342714809813, 0.0032242545858, 0.00605705752969, 0.00131922774017, 0.00239548110403, 0.00244158459827, 0.00137919257395, 0.00297205499373, 0.00422922940925, 0.00631732027978, 0.00234573171474, 0.00984581932425, 0.0199263505638, 0.0187519807369, 0.0330334641039, 0.00962542928755, 0.0380918756127, 0.0299229454249, 0.0104806590825, 0.0178284831345, 0.00594824599102, 0.00163131230511, 0.00024678563932],
        "mean": [5.7103020481e-06, 2.6282637009e-06, 1.53301280079e-05, 7.80564223533e-05, 0.000337633711752, 0.000141238051583, 0.000163489603437, 9.4398863439e-05, 0.000125248247059, 0.000113137539302, 0.00010193874914, 0.000146758000483, 0.000176754052518, 0.000260540138697, 0.000120963944937, 0.000308815360768, 0.000432732049376, 0.00085589394439, 0.000679529854096, 0.000395415409002, 0.000593422097154, 0.000620630802587, 0.00029348442331, 0.000359242636478, 0.000140007046866, 3.42823768733e-05, 8.0383488239e-06],
        "median": [2.79480786958e-06, 9.50769447172e-07, 1.80327538146e-06, 2.33976679738e-05, 0.000132784916786, 4.3151085265e-06, 2.1617688617e-06, 1.98743623514e-06, 1.29553018269e-06, 9.56200665314e-07, 7.61596538723e-07, 5.07707397901e-07, 5.62248601454e-07, 3.64402040987e-07, 3.30279789296e-07, 4.87834256546e-07, 4.28450704248e-07, 5.78157255404e-07, 3.08037471086e-07, 6.19225147602e-07, 2.82570994159e-07, 2.63838899173e-07, 3.13517546147e-07, 3.62718992619e-07, 2.90666065439e-07, 2.97149995276e-07, 2.88098863166e-06],
        "min": [3.88066538903e-08, 2.4611434668e-08, 4.87939928462e-08, 5.28489323415e-08, 1.00296986716e-07, 2.24770690949e-08, 1.81353687623e-08, 4.66535654553e-09, 2.05203321002e-09, 5.22405629866e-09, 4.15275369647e-09, 9.7530716836e-10, 1.0838652198e-09, 1.2025100915e-09, 4.78800199488e-09, 1.2510045222e-09, 3.54764662092e-10, 1.81979376013e-09, 6.57459031661e-10, 1.80508341607e-09, 1.05672870454e-09, 8.93274343383e-10, 1.13862186346e-09, 3.43739769981e-09, 2.01842076386e-09, 3.34132432833e-09, 5.61214008599e-08],
        "var": [4.53596327166e-11, 8.53708145843e-11, 1.65341951242e-09, 2.57674912518e-08, 3.51642597707e-07, 2.03551167033e-07, 5.4640770486e-07, 6.6616316019e-08, 1.18154723339e-07, 1.19079032856e-07, 7.6053972009e-08, 1.87237290561e-07, 3.48477158241e-07, 8.36480523958e-07, 1.17795451615e-07, 1.36287371788e-06, 4.72653482575e-06, 8.80203606357e-06, 1.57842750923e-05, 1.93110031432e-06, 1.66248282767e-05, 1.09407774289e-05, 1.68894325725e-06, 4.1731022975e-06, 5.80089647428e-07, 4.27075974585e-08, 1.16103060499e-09]
    },
    "erbbands": {
        "dmean": [0.000111235916847, 0.000929620466195, 0.0107677802444, 0.0914461687207, 0.749870479107, 0.704969465733, 0.739570438862, 1.50823330879, 2.88811469078, 2.0773704052, 1.6014329195, 3.14057540894, 1.53474831581, 4.25278234482, 3.71073246002, 3.86908340454, 5.97220659256, 14.297246933, 6.51689195633, 7.61789751053, 24.8747692108, 28.9169235229, 45.6509284973, 51.2855758667, 48.238483429, 21.4910259247, 22.2373180389, 59.2871246338, 32.8789253235, 9.68726921082, 10.519867897, 9.54082870483, 11.4546308517, 3.33684492111, 1.40081715584, 0.446574628353, 0.0652167126536, 0.0137854414061, 0.00176810345147, 0.000124047059217],
        "dmean2": [0.000209965233807, 0.00178059830796, 0.0189441405237, 0.140071198344, 1.18809342384, 1.054022789, 1.13827097416, 2.78636980057, 5.2272977829, 3.39351415634, 2.46430659294, 5.3008685112, 2.81574201584, 8.28995704651, 5.29839229584, 5.71155500412, 9.70504379272, 25.1910953522, 11.4120101929, 11.4945220947, 43.7150154114, 54.5391616821, 74.301399231, 95.028175354, 94.149810791, 36.9772720337, 40.1022911072, 117.672904968, 59.6980171204, 17.9641475677, 16.527545929, 18.3172931671, 22.452922821, 6.5914349556, 2.72180271149, 0.873615324497, 0.128567829728, 0.027557708323, 0.003535610158, 0.000244013426709],
        "dvar": [1.26906272158e-07, 1.1070365872e-05, 0.00107610481791, 0.0682797506452, 3.66367769241, 2.03179597855, 4.03190326691, 24.655330658, 145.453125, 64.0974807739, 21.5365905762, 70.9846878052, 21.8000602722, 178.849441528, 119.08405304, 152.484283447, 431.617797852, 3337.27636719, 509.351135254, 540.311828613, 11624.6035156, 20943.3632812, 28833.75, 48029.59375, 45575.7070312, 7061.1875, 11772.765625, 98276.1640625, 24015.0078125, 1849.67626953, 1852.03588867, 1722.13171387, 3555.39697266, 217.973434448, 40.387298584, 3.96125149727, 0.0852686911821, 0.0040380237624, 6.28424240858e-05, 2.80884307813e-07],
        "dvar2": [3.83534313642e-07, 3.24035172525e-05, 0.00299552595243, 0.171523496509, 10.0234041214, 4.85308170319, 8.97062969208, 67.877494812, 404.71875, 170.958572388, 46.7916946411, 192.566818237, 57.5074005127, 571.051818848, 246.882125854, 357.022644043, 1063.33764648, 9262.54394531, 1407.01708984, 1245.68566895, 32361.9179688, 61270.7304688, 77545.671875, 136506.140625, 134531.65625, 19351.1542969, 33864.5976562, 293578.4375, 69638.8359375, 5300.02490234, 4717.61572266, 5027.91503906, 10581.9921875, 642.973388672, 118.343955994, 11.6364555359, 0.251711666584, 0.0120014864951, 0.000186910459888, 8.32940656892e-07],
        "max": [0.00253904308192, 0.0200135074556, 0.21723651886, 1.79927885532, 11.4394550323, 9.05899143219, 15.6467761993, 34.7440414429, 84.7007980347, 62.0638198853, 42.2724342346, 57.5038948059, 33.0296669006, 84.4226455688, 78.4139404297, 101.894866943, 145.636672974, 383.908752441, 145.73916626, 174.417358398, 803.536376953, 1048.60595703, 1032.70825195, 1482.61169434, 1204.35327148, 576.198669434, 787.125, 2122.43237305, 1137.48815918, 288.366333008, 334.990539551, 238.816848755, 407.792877197, 83.1596603394, 39.3804397583, 10.5452690125, 1.47392821312, 0.362027913332, 0.0432313606143, 0.0030035036616],
        "mean": [9.51607507886e-05, 0.000802593829576, 0.0126962540671, 0.134160339832, 0.88499134779, 1.06298112869, 0.937903940678, 1.31943416595, 2.15127468109, 2.25545144081, 2.25675153732, 3.03045511246, 2.18481254578, 4.68890190125, 5.11188030243, 5.83043432236, 7.75442075729, 13.2411241531, 8.34748840332, 9.69497966766, 21.3666343689, 23.2431697845, 43.4651412964, 39.1180877686, 28.639831543, 20.7751026154, 16.559967041, 33.4531517029, 25.0902805328, 6.83768415451, 9.7504825592, 6.23886871338, 7.21076917648, 2.14158535004, 0.822674274445, 0.252876341343, 0.0359930582345, 0.00758329452947, 0.00118556572124, 0.000120455479191],
        "median": [5.22351147083e-05, 0.000222842791118, 0.00214223680086, 0.0439778976142, 0.250285804272, 0.387835741043, 0.158407971263, 0.0418604426086, 0.0330021567643, 0.0508927516639, 0.033026330173, 0.0260016843677, 0.0221455097198, 0.0350969731808, 0.0250215679407, 0.0212411545217, 0.0269472617656, 0.0235038045794, 0.0171852223575, 0.0191529933363, 0.0227942354977, 0.0237615853548, 0.0318051241338, 0.0278761070222, 0.0170847736299, 0.0238337740302, 0.0160952862352, 0.0104338247329, 0.0110533861443, 0.007661070209, 0.0108083430678, 0.0071735153906, 0.00656400527805, 0.00405788049102, 0.00214694137685, 0.000906792702153, 0.000551865203306, 0.000552429351956, 0.000324622320477, 5.76788152102e-05],
        "min": [3.38009749612e-06, 1.43404731716e-05, 5.32036974619e-05, 0.000124925674754, 0.000301152205793, 0.000336106255418, 0.000153739907546, 0.000215567531995, 0.000286591501208, 0.000175122375367, 9.93196154013e-05, 3.83487349609e-05, 0.000137142356834, 0.000183121417649, 0.000110174114525, 5.12121987413e-05, 4.89924386784e-05, 5.98937258474e-05, 0.000228287492064, 0.000125423335703, 5.98225851718e-05, 2.73848727375e-05, 7.80457849032e-05, 6.10230235907e-05, 4.19576026616e-05, 7.99023036961e-05, 7.75597145548e-05, 2.76473019767e-05, 2.73026253126e-05, 3.55927295459e-05, 3.47447530658e-05, 3.26994086208e-05, 7.1380083682e-05, 2.36486266658e-05, 1.75601653609e-05, 9.16016870178e-06, 5.80704863751e-06, 9.76764385996e-06, 6.75905403114e-06, 1.10801954634e-06],
        "var": [7.13314989298e-08, 7.05645652488e-06, 0.00111676135566, 0.0778788179159, 3.13230705261, 2.97869777679, 6.20081567764, 21.5755500793, 101.172637939, 60.2984619141, 38.1470298767, 74.8834915161, 31.950717926, 174.236480713, 212.957351685, 272.78338623, 568.640686035, 2604.74731445, 556.412780762, 754.310424805, 8414.07617188, 13067.9570312, 25696.0253906, 32082.765625, 25268.2480469, 6168.12548828, 7354.36035156, 52005.9414062, 16233.4316406, 1196.49658203, 1775.10021973, 1026.1126709, 1938.48522949, 126.056030273, 22.8178195953, 2.16711497307, 0.0456653498113, 0.00208994094282, 3.23711465171e-05, 1.49768766278e-07]
    },
    "gfcc": {
        "mean": [-212.038742065, 34.3573226929, -74.9683761597, 8.3732919693, -50.8641433716, -17.1376667023, -44.0779571533, -17.4440193176, -30.4613685608, -19.0010051727, -16.1496181488, -11.351776123, -9.71593284607],
        "cov": [[19692.2441406, -2018.30761719, -7389.87988281, 1275.00866699, -2248.9765625, 1009.70599365, -604.984985352, 864.694885254, -387.260040283, 184.535202026, -179.686431885, -26.2684116364, -294.950836182], [-2018.30761719, 688.672058105, 793.291564941, -229.990859985, 277.996337891, -249.79095459, 74.8744812012, -200.357269287, -2.54076528549, -48.4981880188, -9.71312713623, -20.8765468597, 18.2785568237], [-7389.87988281, 793.291564941, 3449.39648438, -360.999298096, 801.116516113, -478.912628174, 94.3480377197, -430.462554932, 19.008649826, -57.8961143494, 37.3446655273, 33.9432373047, 93.6576156616], [1275.00866699, -229.990859985, -360.999298096, 318.538421631, -192.764190674, 13.7951793671, -43.5089645386, 15.4445409775, -115.741622925, -3.47432112694, -19.7647914886, -9.02370643616, -9.85487651825], [-2248.9765625, 277.996337891, 801.116516113, -192.764190674, 350.881530762, -114.212936401, 87.2265014648, -99.8987960815, 63.4132156372, -31.4130687714, 25.9035625458, 9.73618125916, 26.3936080933], [1009.70599365, -249.79095459, -478.912628174, 13.7951793671, -114.212936401, 202.218551636, -31.651052475, 119.443588257, 42.003578186, 17.3970508575, 4.05032777786, 14.1432723999, -14.4135704041], [-604.984985352, 74.8744812012, 94.3480377197, -43.5089645386, 87.2265014648, -31.651052475, 118.310493469, -20.5186901093, 7.24435424805, -2.71105408669, 10.4044685364, 2.80016922951, 20.8447570801], [864.694885254, -200.357269287, -430.462554932, 15.4445409775, -99.8987960815, 119.443588257, -20.5186901093, 118.993553162, 45.320438385, 26.0079860687, 12.8678483963, 9.75949668884, -8.39326667786], [-387.260040283, -2.54076528549, 19.008649826, -115.741622925, 63.4132156372, 42.003578186, 7.24435424805, 45.320438385, 132.452957153, 29.3865013123, 35.7289810181, 12.0121746063, -8.91284656525], [184.535202026, -48.4981880188, -57.8961143494, -3.47432112694, -31.4130687714, 17.3970508575, -2.71105408669, 26.0079860687, 29.3865013123, 65.77734375, 23.8312587738, 15.2123403549, 1.66117668152], [-179.686431885, -9.71312713623, 37.3446655273, -19.7647914886, 25.9035625458, 4.05032777786, 10.4044685364, 12.8678483963, 35.7289810181, 23.8312587738, 35.9916763306, 16.8395729065, 2.53725767136], [-26.2684116364, -20.8765468597, 33.9432373047, -9.02370643616, 9.73618125916, 14.1432723999, 2.80016922951, 9.75949668884, 12.0121746063, 15.2123403549, 16.8395729065, 35.5706939697, 7.31124925613], [-294.950836182, 18.2785568237, 93.6576156616, -9.85487651825, 26.3936080933, -14.4135704041, 20.8447570801, -8.39326667786, -8.91284656525, 1.66117668152, 2.53725767136, 7.31124925613, 37.1474075317]],
        "icov": [[0.00112493289635, -9.22355393413e-05, 0.00192226329818, -0.000371813395759, 0.00107098801527, 0.000121662989841, 0.00246683112346, -0.000384159764508, 0.00248454604298, -0.0020686625503, 0.00222480436787, -0.00320980325341, 0.00301588047296], [-9.22355393413e-05, 0.00585550256073, 0.000457422516774, 0.00425393553451, -0.000330837297952, 0.00390897551551, -0.000315956975101, 0.00717330817133, -0.000236962034251, 0.00137744471431, -0.000541584740859, 0.000402752106311, -0.0002491970954], [0.00192226329818, 0.000457422516774, 0.00440505286679, -0.000183180047316, -0.000130475047627, 0.000946798478253, 0.00547338277102, 0.00231371051632, 0.00422985805199, -0.00410856306553, 0.00379320862703, -0.0062502482906, 0.00396412005648], [-0.000371813395759, 0.00425393553451, -0.000183180047316, 0.0100062135607, 0.00243496452458, 0.00332782091573, -0.000662424252369, 0.00457473751158, 0.00492010544986, 0.00255744555034, -0.00602952064946, 0.00180903216824, 0.000159446077305], [0.00107098801527, -0.000330837297952, -0.000130475047627, 0.00243496452458, 0.0141798760742, 0.000368133129086, -0.00300266267732, 0.00231333030388, -0.00204163207673, 0.00533059844747, -0.00351465237327, -0.00344643043354, 0.00210700952448], [0.000121662989841, 0.00390897551551, 0.000946798478253, 0.00332782091573, 0.000368133129086, 0.0161572378129, 0.000935516844038, -0.0071563469246, -0.00076789339073, 0.0022960677743, 0.00439584162086, -0.00550470082089, 0.00190028047655], [0.00246683112346, -0.000315956975101, 0.00547338277102, -0.000662424252369, -0.00300266267732, 0.000935516844038, 0.0182714704424, -3.05776084133e-05, 0.00728186033666, -0.00608888315037, 0.00250350567512, -0.00598678691313, 0.00103013706394], [-0.000384159764508, 0.00717330817133, 0.00231371051632, 0.00457473751158, 0.00231333030388, -0.0071563469246, -3.05776084133e-05, 0.0438794456422, -0.0101803438738, 0.00140443409327, -0.00708180479705, 0.0008641188615, -0.00788032729179], [0.00248454604298, -0.000236962034251, 0.00422985805199, 0.00492010544986, -0.00204163207673, -0.00076789339073, 0.00728186033666, -0.0101803438738, 0.0280750617385, -0.00903008133173, -0.00784195493907, -0.00268033868633, 0.0134540982544], [-0.0020686625503, 0.00137744471431, -0.00410856306553, 0.00255744555034, 0.00533059844747, 0.0022960677743, -0.00608888315037, 0.00140443409327, -0.00903008133173, 0.0301355719566, -0.0185612719506, 0.00214385706931, -0.00789675023407], [0.00222480436787, -0.000541584740859, 0.00379320862703, -0.00602952064946, -0.00351465237327, 0.00439584162086, 0.00250350567512, -0.00708180479705, -0.00784195493907, -0.0185612719506, 0.0667844191194, -0.0254057198763, 0.00735345063731], [-0.00320980325341, 0.000402752106311, -0.0062502482906, 0.00180903216824, -0.00344643043354, -0.00550470082089, -0.00598678691313, 0.0008641188615, -0.00268033868633, 0.00214385706931, -0.0254057198763, 0.0507801771164, -0.0145763587207], [0.00301588047296, -0.0002491970954, 0.00396412005648, 0.000159446077305, 0.00210700952448, 0.00190028047655, 0.00103013706394, -0.00788032729179, 0.0134540982544, -0.00789675023407, 0.00735345063731, -0.0145763587207, 0.0438658408821]]
    },
    "melbands": {
        "dmean": [1.1931535937e-06, 4.17501905758e-06, 3.50759037246e-05, 5.82554021094e-05, 2.52863192145e-05, 3.18129496009e-05, 4.53799766547e-05, 2.03785275517e-05, 1.39997055157e-05, 1.87184359675e-05, 8.05912713986e-06, 1.82671956281e-05, 1.0930458302e-05, 1.21651710288e-05, 1.13755622806e-05, 1.80747083505e-05, 2.89080271614e-05, 1.1633417671e-05, 7.7462182162e-06, 1.09403035822e-05, 3.66094718629e-05, 3.29530812451e-05, 2.3373422664e-05, 5.18849083164e-05, 4.30834588769e-05, 4.05733699154e-05, 1.87462992471e-05, 1.49532788782e-05, 8.47803312354e-06, 3.11598087137e-05, 3.35641598213e-05, 2.13177590922e-05, 9.96449853119e-06, 3.74394880964e-06, 5.07356389789e-06, 7.4301906352e-06, 4.90538195663e-06, 8.5131268861e-06, 5.27499923919e-06, 2.21913296627e-06],
        "dmean2": [2.25021062761e-06, 7.32710304874e-06, 5.27043885086e-05, 9.03554537217e-05, 3.75321651518e-05, 5.89373630646e-05, 8.20003260742e-05, 3.36143675668e-05, 2.02922019525e-05, 3.20906001434e-05, 1.49027455336e-05, 3.57545468432e-05, 1.66418340086e-05, 1.6464264263e-05, 1.88573139894e-05, 3.55131633114e-05, 5.10410063725e-05, 1.99886380869e-05, 1.28589645101e-05, 1.74786564457e-05, 6.42442173557e-05, 6.34143143543e-05, 4.110610098e-05, 8.42574445414e-05, 8.25595197966e-05, 7.95429659775e-05, 3.66672938981e-05, 2.50010089076e-05, 1.3637457414e-05, 6.22161242063e-05, 6.66724226903e-05, 3.88091211789e-05, 1.86524612218e-05, 6.96191364113e-06, 7.6119199548e-06, 1.36028238558e-05, 9.63425372902e-06, 1.6676100131e-05, 1.03855181806e-05, 4.39487394033e-06],
        "dvar": [1.13715226471e-11, 1.48344225792e-10, 8.44790193355e-09, 1.93567206708e-08, 4.07935552005e-09, 1.16745901835e-08, 3.56127216605e-08, 5.84647086299e-09, 1.44289680204e-09, 2.76540701449e-09, 6.14571504798e-10, 3.39858852172e-09, 1.08665876297e-09, 1.54790624762e-09, 1.1213363571e-09, 5.19664622445e-09, 1.33770132749e-08, 1.47542444928e-09, 4.82712536609e-10, 1.17760745599e-09, 2.62776111981e-08, 2.75419722584e-08, 1.07493924872e-08, 3.39378587455e-08, 3.91996159976e-08, 3.278106675e-08, 6.64760158031e-09, 3.16485881946e-09, 1.04340625029e-09, 3.04048413113e-08, 3.07732825888e-08, 1.10135678355e-08, 1.80134807071e-09, 2.65995059312e-10, 4.14260181714e-10, 1.0322604993e-09, 4.69906669132e-10, 2.22395035721e-09, 5.49126577543e-10, 1.05200577416e-10],
        "dvar2": [3.46092599024e-11, 4.15180612112e-10, 2.20977547372e-08, 5.37162350156e-08, 8.40292102566e-09, 3.19420330186e-08, 9.8376887081e-08, 1.56944448548e-08, 3.18381743192e-09, 7.608792707e-09, 1.65868074831e-09, 1.10768239026e-08, 2.27981966638e-09, 3.66718677647e-09, 2.56719157044e-09, 1.49375516401e-08, 3.67744235064e-08, 3.92137922134e-09, 1.29970334495e-09, 2.77141998239e-09, 7.31688487576e-08, 8.04551660849e-08, 3.02583167411e-08, 8.93395224466e-08, 1.14173587917e-07, 9.66807292002e-08, 1.96077891701e-08, 8.3746281021e-09, 2.57935495185e-09, 9.08844342007e-08, 9.19049369941e-08, 3.19927195847e-08, 5.13659514922e-09, 7.59763141289e-10, 9.12235453843e-10, 2.96499624852e-09, 1.38359823598e-09, 6.63803900736e-09, 1.62097890666e-09, 3.10846126617e-10],
        "max": [2.35824791162e-05, 7.68919126131e-05, 0.000584638793953, 0.000862879212946, 0.000515964406077, 0.000779115769546, 0.00131513411179, 0.000602040672675, 0.000346958317095, 0.000365636340575, 0.000177003559656, 0.000361569604138, 0.000246958312346, 0.000326609821059, 0.000233667713474, 0.000520409317687, 0.000758190231863, 0.000240645575104, 0.000150883701281, 0.000254131271504, 0.00120805064216, 0.0012034305837, 0.000738123198971, 0.00119370350149, 0.00134226109367, 0.00102968746796, 0.000460144423414, 0.000394882605178, 0.000244776398176, 0.00118846062105, 0.00119073828682, 0.000788995996118, 0.000270144315436, 0.000105219121906, 0.000162082200404, 0.000214486906771, 0.000124452475575, 0.000327635352733, 0.000126872619148, 6.49966095807e-05],
        "mean": [1.01998296032e-06, 4.41117435912e-06, 4.6464643674e-05, 7.26984144421e-05, 3.63720937457e-05, 2.92580843961e-05, 3.41427112289e-05, 2.39862820308e-05, 1.92277857423e-05, 1.83041720447e-05, 1.08435688162e-05, 1.91274430108e-05, 1.52939446707e-05, 1.69110244315e-05, 1.4609738173e-05, 1.88679805433e-05, 2.59934040514e-05, 1.48270482896e-05, 8.80159859662e-06, 1.44836667459e-05, 2.99561179418e-05, 2.61299901467e-05, 1.9925106244e-05, 5.32526100869e-05, 2.91066735372e-05, 2.38344255195e-05, 1.19429651022e-05, 1.56612550199e-05, 8.68602182891e-06, 1.70207204064e-05, 1.92780626094e-05, 1.68325750565e-05, 6.95446760801e-06, 2.55859436038e-06, 5.41540930499e-06, 5.34217815584e-06, 3.13007944897e-06, 5.44486374565e-06, 3.23114886669e-06, 1.43465558722e-06],
        "median": [5.39161362667e-07, 5.96959864652e-07, 1.47486425703e-05, 2.9375525628e-05, 1.03824040707e-05, 7.86504415373e-07, 4.62993710926e-07, 5.76387094497e-07, 2.61959513637e-07, 1.47123984107e-07, 1.15976156678e-07, 1.32404238684e-07, 1.01245312578e-07, 6.51885585512e-08, 7.01988724927e-08, 5.04393113943e-08, 3.92746528632e-08, 2.41606628038e-08, 2.39803981117e-08, 2.59003769543e-08, 3.19364623635e-08, 2.62065285028e-08, 2.15317381702e-08, 3.97357240445e-08, 1.68162088698e-08, 1.10629079231e-08, 1.16486891244e-08, 1.55695634163e-08, 1.01180823719e-08, 6.33882057954e-09, 4.52899406866e-09, 6.98396762644e-09, 4.20372359144e-09, 3.11487347027e-09, 6.13698425411e-09, 5.32117194751e-09, 4.01671185202e-09, 4.51270620871e-09, 4.1473775525e-09, 2.85336576589e-09],
        "min": [3.90161289943e-08, 2.77456546627e-08, 2.67339412829e-08, 2.51318379441e-08, 6.95968482844e-09, 4.79505235518e-09, 4.24607549121e-09, 1.63211621995e-09, 7.31640470431e-10, 2.33305041952e-10, 6.91915857942e-10, 7.34618421649e-10, 4.89935425563e-10, 1.17988438464e-10, 1.07045379505e-10, 1.1858060367e-10, 9.80720019084e-11, 3.22211785031e-10, 3.32740612841e-10, 9.22427342842e-11, 5.60162784213e-11, 2.03090062129e-11, 3.58280453916e-11, 1.08893491446e-10, 4.16916778878e-11, 2.38007131365e-11, 3.8987230111e-11, 5.54937762409e-11, 6.874460029e-11, 1.54447288292e-11, 1.4514701073e-11, 1.62258331771e-11, 1.80913756198e-11, 1.85949866616e-11, 2.10674273166e-11, 1.59100458502e-11, 2.1688062804e-11, 5.56666726603e-11, 4.01806955763e-11, 1.32864396568e-11],
        "var": [6.52179308822e-12, 1.48601908556e-10, 8.34429503271e-09, 1.83375057361e-08, 6.71386501949e-09, 1.05251887206e-08, 2.49930014462e-08, 5.96082694315e-09, 2.59917554146e-09, 2.80134448971e-09, 8.30518487316e-10, 3.02675240427e-09, 1.87140969388e-09, 2.43502329411e-09, 1.79817827295e-09, 4.39348735171e-09, 1.03853210476e-08, 1.75340830744e-09, 5.96376059647e-10, 1.62181801322e-09, 1.85939441621e-08, 1.71071281585e-08, 7.71221664309e-09, 3.34780274613e-08, 2.32011032608e-08, 1.81756423245e-08, 3.76110209643e-09, 3.17023252094e-09, 1.00606634135e-09, 1.57650514865e-08, 1.64906097666e-08, 7.62812479849e-09, 1.1602894201e-09, 1.71544112249e-10, 5.06865494021e-10, 6.75987321674e-10, 2.70714922701e-10, 1.2033314345e-09, 3.1027611036e-10, 5.98029056831e-11]
    },
    "mfcc": {
        "mean": [-874.849609375, 93.3047943115, 19.5679759979, 20.5189189911, 6.58118152618, -4.84269046783, -6.05302858353, -8.3228521347, -13.1412353516, -10.3441267014, -13.5431842804, -8.24915599823, -13.4668750763],
        "cov": [[25776.1601562, -4536.05224609, -5316.5, -1254.5057373, -1782.12365723, -583.39074707, -359.241363525, 188.316085815, -36.2894706726, 29.2847213745, 121.767417908, 321.585174561, -218.908874512], [-4536.05224609, 1407.98632812, 859.647155762, 185.947784424, 279.588195801, 84.7672042847, 15.9968776703, -89.7713775635, -27.5767192841, -40.4783325195, -29.5103740692, -111.241775513, 6.13718271255], [-5316.5, 859.647155762, 1580.6595459, 421.189849854, 400.007629395, 121.407989502, 59.2722511292, -136.550018311, -45.0603256226, -123.401855469, -56.3836860657, -96.4647140503, 50.7565155029], [-1254.5057373, 185.947784424, 421.189849854, 331.850982666, 46.5638084412, 33.9559936523, 61.3603782654, -94.785697937, -33.4172782898, -109.602333069, -30.1832618713, -50.8803825378, -20.6022052765], [-1782.12365723, 279.588195801, 400.007629395, 46.5638084412, 223.969528198, 39.2040481567, -7.29074716568, 11.1918039322, -13.2908258438, 30.7839603424, -10.715174675, -13.3781194687, 26.9855422974], [-583.39074707, 84.7672042847, 121.407989502, 33.9559936523, 39.2040481567, 53.4388389587, 27.8642654419, 2.61704039574, 4.79439640045, -12.1357707977, 4.47845029831, -8.53173160553, 10.9315872192], [-359.241363525, 15.9968776703, 59.2722511292, 61.3603782654, -7.29074716568, 27.8642654419, 86.8383331299, 2.14617013931, 14.4672498703, -29.8615894318, -15.8506298065, -13.183095932, -4.76532745361], [188.316085815, -89.7713775635, -136.550018311, -94.785697937, 11.1918039322, 2.61704039574, 2.14617013931, 85.7113723755, 17.5266971588, 47.1224212646, 9.19634342194, 18.8587436676, 3.82208967209], [-36.2894706726, -27.5767192841, -45.0603256226, -33.4172782898, -13.2908258438, 4.79439640045, 14.4672498703, 17.5266971588, 41.1073532104, 18.6985301971, 3.30813598633, 12.1517400742, 7.53591251373], [29.2847213745, -40.4783325195, -123.401855469, -109.602333069, 30.7839603424, -12.1357707977, -29.8615894318, 47.1224212646, 18.6985301971, 105.602737427, 22.0230350494, 33.1915664673, 11.4761190414], [121.767417908, -29.5103740692, -56.3836860657, -30.1832618713, -10.715174675, 4.47845029831, -15.8506298065, 9.19634342194, 3.30813598633, 22.0230350494, 56.6441040039, 25.104265213, 16.1623249054], [321.585174561, -111.241775513, -96.4647140503, -50.8803825378, -13.3781194687, -8.53173160553, -13.183095932, 18.8587436676, 12.1517400742, 33.1915664673, 25.104265213, 46.1316566467, 23.7660961151], [-218.908874512, 6.13718271255, 50.7565155029, -20.6022052765, 26.9855422974, 10.9315872192, -4.76532745361, 3.82208967209, 7.53591251373, 11.4761190414, 16.1623249054, 23.7660961151, 42.7408752441]],
