{
"lowlevel": {
    "average_loudness": 0.952595293522,
    "barkbands_crest": {
        "dmean": 3.34888601303,
        "dmean2": 5.54661750793,
        "dvar": 7.84417438507,
        "dvar2": 21.0878925323,
        "max": 25.9338779449,
        "mean": 12.4592189789,
        "median": 12.3602313995,
        "min": 2.10543417931,
        "var": 26.6303520203
    },
    "barkbands_flatness_db": {
        "dmean": 0.0330402068794,
        "dmean2": 0.0496212169528,
        "dvar": 0.000759237678722,
        "dvar2": 0.00168603658676,
        "max": 0.311937898397,
        "mean": 0.148564070463,
        "median": 0.144365236163,
        "min": 0.017368728295,
        "var": 0.00384917296469
    },
    "barkbands_kurtosis": {
        "dmean": 7.5335521698,
        "dmean2": 11.6035804749,
        "dvar": 135.990234375,
        "dvar2": 366.584259033,
        "max": 95.736579895,
        "mean": 11.7002811432,
        "median": 4.69392824173,
        "min": -1.34676742554,
        "var": 255.852828979
    },
    "barkbands_skewness": {
        "dmean": 0.988024115562,
        "dmean2": 1.54512369633,
        "dvar": 0.718209087849,
        "dvar2": 1.88610494137,
        "max": 6.41687297821,
        "mean": 0.998971879482,
        "median": 0.785843849182,
        "min": -4.74782848358,
        "var": 4.11457538605
    },
    "barkbands_spread": {
        "dmean": 4.9417386055,
        "dmean2": 7.85016202927,
        "dvar": 24.5098438263,
        "dvar2": 48.2722320557,
        "max": 51.2197341919,
        "mean": 13.7407875061,
        "median": 12.6859922409,
        "min": 0.623870372772,
        "var": 106.676841736
    },
    "dissonance": {
        "dmean": 0.0183667372912,
        "dmean2": 0.0284674577415,
        "dvar": 0.000561074237339,
        "dvar2": 0.000782877032179,
        "max": 0.499530732632,
        "mean": 0.469646036625,
        "median": 0.48132571578,
        "min": 0.280092537403,
        "var": 0.00125652283896
    },
    "dynamic_complexity": 7.87188720703,
    "erbbands_crest": {
        "dmean": 4.5663189888,
        "dmean2": 7.47792243958,
        "dvar": 15.6965007782,
        "dvar2": 30.4978713989,
        "max": 30.7812328339,
        "mean": 15.4424858093,
        "median": 14.1697540283,
        "min": 3.98445343971,
        "var": 57.5316886902
    },
    "erbbands_flatness_db": {
        "dmean": 0.0306729245931,
        "dmean2": 0.0451010093093,
        "dvar": 0.000775483727921,
        "dvar2": 0.0014820281649,
        "max": 0.413966238499,
        "mean": 0.203270420432,
        "median": 0.181957527995,
        "min": 0.0889545455575,
        "var": 0.0061766942963
    },
    "erbbands_kurtosis": {
        "dmean": 5.35643529892,
        "dmean2": 8.08760166168,
        "dvar": 118.631164551,
        "dvar2": 240.428039551,
        "max": 90.3099975586,
        "mean": 8.34738254547,
        "median": 2.58690547943,
        "min": -1.09882485867,
        "var": 238.044128418
    },
    "erbbands_skewness": {
        "dmean": 0.624750494957,
        "dmean2": 0.971805095673,
        "dvar": 0.376612335443,
        "dvar2": 0.826674282551,
        "max": 3.42355489731,
        "mean": 0.668716073036,
        "median": 0.683063924313,
        "min": -2.01110196114,
        "var": 1.18099796772
    },
    "erbbands_spread": {
        "dmean": 7.33771896362,
        "dmean2": 12.200044632,
        "dvar": 57.0067749023,
        "dvar2": 116.15625,
        "max": 48.2966384888,
        "mean": 20.6351413727,
        "median": 21.5878601074,
        "min": 0.795315980911,
        "var": 171.795272827
    },
    "hfc": {
        "dmean": 8.50115394592,
        "dmean2": 13.6341896057,
        "dvar": 830.702087402,
        "dvar2": 2164.87402344,
        "max": 241.729492188,
        "mean": 13.4703140259,
        "median": 1.09905719757,
        "min": 0.0106890313327,
        "var": 1102.34558105
    },
    "melbands_crest": {
        "dmean": 4.23678255081,
        "dmean2": 6.3107252121,
        "dvar": 11.3258190155,
        "dvar2": 27.3727760315,
        "max": 35.3563613892,
        "mean": 16.4283466339,
        "median": 15.4685688019,
        "min": 4.39823293686,
        "var": 47.7259254456
    },
    "melbands_flatness_db": {
        "dmean": 0.040676984936,
        "dmean2": 0.0577954724431,
        "dvar": 0.00107209081762,
        "dvar2": 0.00242523569614,
        "max": 0.337295234203,
        "mean": 0.20229922235,
        "median": 0.202428147197,
        "min": 0.0407466627657,
        "var": 0.00512829702348
    },
    "melbands_kurtosis": {
        "dmean": 8.28614807129,
        "dmean2": 13.7153358459,
        "dvar": 125.061828613,
        "dvar2": 302.25579834,
        "max": 85.2688598633,
        "mean": 13.1772699356,
        "median": 7.13398265839,
        "min": -1.62637555599,
        "var": 295.970977783
    },
    "melbands_skewness": {
        "dmean": 0.9474350214,
        "dmean2": 1.50845849514,
        "dvar": 0.709573745728,
        "dvar2": 1.64947354794,
        "max": 5.71493816376,
        "mean": 1.14387190342,
        "median": 1.22777557373,
        "min": -4.85339546204,
        "var": 5.263651371
    },
    "melbands_spread": {
        "dmean": 8.54634094238,
        "dmean2": 11.6333885193,
        "dvar": 80.6086883545,
        "dvar2": 164.627655029,
        "max": 78.3031158447,
        "mean": 19.674156189,
        "median": 16.30909729,
        "min": 1.45548045635,
        "var": 235.736419678
    },
    "pitch_salience": {
        "dmean": 0.0948953405023,
        "dmean2": 0.148303374648,
        "dvar": 0.00680849468336,
        "dvar2": 0.0160715598613,
        "max": 0.814506113529,
        "mean": 0.561525285244,
        "median": 0.583330392838,
        "min": 0.271240919828,
        "var": 0.0148642705753
    },
    "silence_rate_20dB": {
        "dmean": 0,
        "dmean2": 0,
        "dvar": 0,
        "dvar2": 0,
        "max": 1,
        "mean": 1,
        "median": 1,
        "min": 1,
        "var": 0
    },
    "silence_rate_30dB": {
        "dmean": 0,
        "dmean2": 0,
        "dvar": 0,
        "dvar2": 0,
        "max": 1,
        "mean": 1,
        "median": 1,
        "min": 1,
        "var": 0
    },
    "silence_rate_60dB": {
        "dmean": 0.0888888910413,
        "dmean2": 0.179775282741,
        "dvar": 0.080987624824,
        "dvar2": 0.169927999377,
        "max": 1,
        "mean": 0.593406617641,
        "median": 1,
        "min": 0,
        "var": 0.241275161505
    },
    "spectral_centroid": {
        "dmean": 226.61491394,
        "dmean2": 294.426879883,
        "dvar": 60223.7539062,
        "dvar2": 126525.007812,
        "max": 3510.70605469,
        "mean": 1287.40625,
        "median": 1163.58312988,
        "min": 282.998443604,
        "var": 632097.1875
    },
    "spectral_complexity": {
        "dmean": 2.35555553436,
        "dmean2": 3.48314595222,
        "dvar": 30.2958202362,
        "dvar2": 63.0362167358,
        "max": 51,
        "mean": 5.8021979332,
        "median": 4,
        "min": 0,
        "var": 67.7850723267
    },
    "spectral_decrease": {
        "dmean": 6.5536481797e-10,
        "dmean2": 9.88367943044e-10,
        "dvar": 1.76728461361e-18,
        "dvar2": 4.28582169057e-18,
        "max": -2.63305566586e-12,
        "mean": -1.39079014971e-09,
        "median": -5.26894972097e-10,
        "min": -1.31217623434e-08,
        "var": 5.82056184576e-18
    },
    "spectral_energy": {
        "dmean": 0.00323466071859,
        "dmean2": 0.00496059004217,
        "dvar": 5.31285077159e-05,
        "dvar2": 0.00013285598834,
        "max": 0.0603453554213,
        "mean": 0.0064709619619,
        "median": 0.0022023206111,
        "min": 1.3015368495e-05,
        "var": 0.000138774499646
    },
    "spectral_energyband_high": {
        "dmean": 0.000638701370917,
        "dmean2": 0.00101804337464,
        "dvar": 8.22485890239e-06,
        "dvar2": 2.08576602745e-05,
        "max": 0.0243515297771,
        "mean": 0.000548577343579,
        "median": 1.42821836562e-05,
        "min": 1.59425411539e-07,
        "var": 7.44864200897e-06
    },
    "spectral_energyband_low": {
        "dmean": 3.27435991494e-05,
        "dmean2": 6.10191782471e-05,
        "dvar": 5.37966826641e-09,
        "dvar2": 1.63933933095e-08,
        "max": 0.000549972523004,
        "mean": 3.5251789086e-05,
        "median": 1.34881420308e-05,
        "min": 8.42858355554e-07,
        "var": 4.3905283853e-09
    },
    "spectral_energyband_middle_high": {
        "dmean": 0.00220750202425,
        "dmean2": 0.00314152380452,
        "dvar": 3.1475272408e-05,
        "dvar2": 7.43917480577e-05,
        "max": 0.0596274882555,
        "mean": 0.00488368002698,
        "median": 0.000252371944953,
        "min": 3.1436725294e-06,
        "var": 0.000116419454571
    },
    "spectral_energyband_middle_low": {
        "dmean": 0.000599775579758,
        "dmean2": 0.000982658122666,
        "dvar": 6.35010962924e-07,
        "dvar2": 1.81802943189e-06,
        "max": 0.00558695103973,
        "mean": 0.0010058239568,
        "median": 0.00032153527718,
        "min": 3.90197237721e-06,
        "var": 1.7404989876e-06
    },
    "spectral_entropy": {
        "dmean": 0.30484983325,
        "dmean2": 0.468009442091,
        "dvar": 0.0826816633344,
        "dvar2": 0.183458924294,
        "max": 8.38813591003,
        "mean": 7.38268899918,
        "median": 7.36028432846,
        "min": 6.24279594421,
        "var": 0.250930070877
    },
    "spectral_flux": {
        "dmean": 0.0119449831545,
        "dmean2": 0.0174424108118,
        "dvar": 0.000248169642873,
        "dvar2": 0.000392984336941,
        "max": 0.166451886296,
        "mean": 0.0348055399954,
        "median": 0.026954812929,
        "min": 0.00360768195242,
        "var": 0.000979521893896
    },
    "spectral_kurtosis": {
        "dmean": 2.19676756859,
        "dmean2": 3.62618470192,
        "dvar": 4.34037971497,
        "dvar2": 9.00959396362,
        "max": 17.8782215118,
        "mean": 7.02143144608,
        "median": 6.9546251297,
        "min": 0.156143426895,
        "var": 10.6686573029
    },
    "spectral_rms": {
        "dmean": 0.000495055748615,
        "dmean2": 0.000711966422386,
        "dvar": 4.31371006471e-07,
        "dvar2": 9.83459585768e-07,
        "max": 0.00767290778458,
        "mean": 0.00185784848873,
        "median": 0.00146581220906,
        "min": 0.000112685047498,
        "var": 2.86153340312e-06
    },
    "spectral_rolloff": {
        "dmean": 664.179748535,
        "dmean2": 1029.96435547,
        "dvar": 1900639.625,
        "dvar2": 4603188,
        "max": 8074.95117188,
        "mean": 1751.76147461,
        "median": 1421.19140625,
        "min": 258.3984375,
        "var": 2578506.25
    },
    "spectral_skewness": {
        "dmean": 0.311341702938,
        "dmean2": 0.498376905918,
        "dvar": 0.0961092859507,
        "dvar2": 0.191902548075,
        "max": 3.76986098289,
        "mean": 2.12588405609,
        "median": 2.21610403061,
        "min": 0.693130612373,
        "var": 0.322605520487
    },
    "spectral_spread": {
        "dmean": 807955.9375,
        "dmean2": 1367575.25,
        "dvar": 910265483264,
        "dvar2": 2.19147481907e+12,
        "max": 10564339,
        "mean": 4913878,
        "median": 4796333,
        "min": 2270646.5,
        "var": 1.80489014477e+12
    },
    "spectral_strongpeak": {
        "dmean": 0.779098153114,
        "dmean2": 1.01361465454,
        "dvar": 1.58348083496,
        "dvar2": 3.15935277939,
        "max": 15.1313095093,
        "mean": 2.03140115738,
        "median": 0.381598621607,
        "min": 0,
        "var": 10.7249088287
    },
    "zerocrossingrate": {
        "dmean": 0.00990668404847,
        "dmean2": 0.0121082775295,
        "dvar": 0.000111893816211,
        "dvar2": 0.000165436635143,
        "max": 0.15966796875,
        "mean": 0.079348385334,
        "median": 0.08447265625,
        "min": 0.0126953125,
        "var": 0.00128646660596
    },
    "barkbands": {
        "dmean": [3.19383143506e-05, 9.47406419982e-07, 6.58768612993e-06, 8.99974038475e-05, 0.000316508085234, 0.000170646701008, 0.00010572062456, 1.83947486221e-05, 4.85521741211e-05, 4.19967254857e-05, 4.11823530158e-05, 4.12099980167e-05, 3.91283392673e-05, 0.000257160951151, 0.00133408757392, 0.000579586834647, 4.88651239721e-05, 0.000174330649315, 9.1428802989e-05, 0.000103083482827, 5.84207045904e-05, 0.000128264597151, 0.000261801091256, 0.000154386536451, 4.04073143727e-05, 3.66980157196e-06, 6.75743024203e-07],
        "dmean2": [6.2034734583e-05, 1.69742975231e-06, 1.16233768495e-05, 0.00014327855024, 0.000496001041029, 0.00032115666545, 0.000200159134693, 3.15301585943e-05, 8.60269283294e-05, 7.03426558175e-05, 7.40708492231e-05, 7.77254099376e-05, 5.74751393287e-05, 0.000338301324518, 0.00182585604489, 0.00100213824771, 8.38043706608e-05, 0.00031434991979, 0.000135907743243, 0.000150685824337, 6.58514036331e-05, 0.000181393115781, 0.000454052933492, 0.000282689376036, 6.99450247339e-05, 6.15628505329e-06, 1.1455178992e-06],
        "dvar": [3.05796210576e-09, 1.37115893726e-12, 1.91007196171e-10, 4.03500770574e-08, 3.15921795391e-07, 8.71570051686e-08, 4.7681407267e-08, 9.06187458405e-10, 1.52299417522e-08, 1.19813776678e-08, 2.12684145851e-08, 2.24796110615e-08, 4.78194372988e-09, 1.85426927146e-07, 1.14156364361e-05, 7.09634105078e-06, 3.13383949901e-08, 6.55984649711e-07, 1.32840426659e-07, 1.9819790964e-07, 4.12903133906e-08, 2.80036459799e-07, 1.69507109149e-06, 5.89006731389e-07, 3.61998431231e-08, 2.25724480774e-10, 3.77545347416e-12],
        "dvar2": [1.00104680101e-08, 3.7599016782e-12, 5.12009268316e-10, 1.08196495319e-07, 7.88196700796e-07, 2.53256700944e-07, 1.53808940695e-07, 2.50274845293e-09, 4.11985539017e-08, 2.32132819633e-08, 6.13807600303e-08, 6.53346532431e-08, 8.39313418766e-09, 2.95077796864e-07, 2.15307882172e-05, 1.77947713382e-05, 8.18841030537e-08, 1.88162312043e-06, 2.99275313864e-07, 4.71787899414e-07, 5.51708438934e-08, 5.62050217923e-07, 4.57189844383e-06, 1.64146990755e-06, 9.67687370235e-08, 5.84009396398e-10, 9.9771709991e-12],
        "max": [0.000300672283629, 9.14133215701e-06, 9.49775712797e-05, 0.00164578214753, 0.00495370151475, 0.00146729289554, 0.00146764377132, 0.000274304358754, 0.00095007388154, 0.000797882268671, 0.00114109634887, 0.00113161618356, 0.00060484703863, 0.00363885588013, 0.0407232008874, 0.024480830878, 0.00146183511242, 0.00614212173969, 0.00302021321841, 0.00380673888139, 0.00221932074055, 0.00480645010248, 0.0103013869375, 0.0057708020322, 0.0015048852656, 0.000122357727378, 1.59013088705e-05],
        "mean": [3.27303714585e-05, 1.33402409119e-06, 4.90315596835e-06, 9.86934828688e-05, 0.000513148726895, 0.000184209551662, 0.000107368170575, 3.27933630615e-05, 5.31261393917e-05, 5.86217684031e-05, 4.46420635853e-05, 4.62072712253e-05, 5.15024803462e-05, 0.000523551483639, 0.0031333877705, 0.000620248087216, 5.48180905753e-05, 0.00013706937898, 0.000116233408335, 0.000124443860841, 8.28321572044e-05, 0.000133957029902, 0.000183158990694, 9.62912017712e-05, 2.95452318824e-05, 3.34990659212e-06, 1.93265623238e-06],
        "median": [6.3595816755e-06, 7.90272224549e-07, 1.18922787351e-06, 1.49336092363e-05, 7.90096164565e-05, 8.90632145456e-05, 2.80374406429e-05, 1.37891620398e-05, 2.08572419069e-05, 2.18901295739e-05, 1.12081597763e-05, 1.17700255942e-05, 1.7502818082e-05, 4.17875453422e-05, 1.13956321002e-05, 4.04967204304e-06, 1.96495943783e-06, 2.45973342317e-06, 2.65378207587e-06, 2.37494555222e-06, 1.60538138516e-06, 8.64478408857e-07, 2.24479231292e-06, 2.57937108472e-06, 2.80098788608e-06, 7.27649648979e-07, 1.65149083386e-06],
        "min": [1.1844961989e-07, 2.19399964863e-08, 3.54639126954e-08, 1.71111992131e-07, 1.05341928247e-06, 1.83729483183e-07, 5.5000732857e-08, 4.58387034996e-07, 5.10171105361e-07, 3.45532754409e-07, 9.23441447753e-08, 7.12604020237e-08, 2.44432527552e-07, 4.78396700032e-08, 1.23513741457e-08, 4.52126727168e-08, 1.55777115651e-08, 2.78892784422e-08, 1.70656697662e-08, 2.32736514505e-08, 2.00196836886e-08, 1.35980853244e-08, 1.98665190965e-08, 2.01774188469e-08, 1.51907944002e-08, 1.28779396036e-08, 4.71980143857e-08],
        "var": [3.59164586961e-09, 2.13527112658e-12, 1.53455984031e-10, 5.80671155603e-08, 7.81055746302e-07, 7.92332883748e-08, 3.88133400975e-08, 2.39293274085e-09, 1.23247403394e-08, 1.62463624775e-08, 1.77925016942e-08, 1.63830122801e-08, 8.69435901052e-09, 8.199392596e-07, 6.3713225245e-05, 8.79047274793e-06, 3.37536683048e-08, 4.48104088946e-07, 1.62579112839e-07, 2.24850836616e-07, 9.72072129457e-08, 3.76930557877e-07, 1.22293226923e-06, 3.73810564724e-07, 2.60347654546e-08, 1.83583245827e-10, 2.97135514978e-12]
    },
    "erbbands": {
        "dmean": [0.000105258266558, 0.000203993578907, 0.00593979749829, 0.139930665493, 0.986195385456, 1.21970701218, 0.617119789124, 1.75485312939, 2.24922442436, 0.832362294197, 0.466188848019, 1.06865727901, 1.16994810104, 1.3537094593, 1.97303128242, 1.34382581711, 1.62936508656, 8.69637584686, 46.7797203064, 63.1012153625, 8.84579086304, 3.18145847321, 9.41893863678, 3.85733938217, 7.65733242035, 3.84399986267, 3.25012350082, 2.12135863304, 5.93215274811, 7.77131080627, 5.17752838135, 3.22704172134, 2.33620667458, 0.729175925255, 0.131330445409, 0.0406370200217, 0.00349474791437, 0.000747841026168, 0.000114532413136, 1.22129449664e-05],
        "dmean2": [0.000192917708773, 0.000375730596716, 0.0104900486767, 0.226651057601, 1.61579692364, 1.91999232769, 1.10545504093, 3.11695718765, 4.30773258209, 1.53879344463, 0.808775305748, 1.93977594376, 1.98919713497, 2.02044320107, 3.65934872627, 2.34268116951, 2.61352872849, 11.6691331863, 70.417098999, 84.1141738892, 13.8811559677, 5.33154630661, 17.7723655701, 6.61459064484, 11.4771203995, 5.91250181198, 3.66964745522, 2.78934407234, 8.4391784668, 12.8394899368, 9.06575107574, 5.82490730286, 4.24160242081, 1.27357959747, 0.229683548212, 0.0716820806265, 0.00598626071587, 0.0012409039773, 0.000198132678634, 1.9731309294e-05],
        "dvar": [2.05613286397e-08, 1.00278391812e-07, 0.000144231904414, 0.0913606658578, 3.46694970131, 5.75969696045, 1.63004636765, 8.96003055573, 15.1125259399, 2.02782273293, 0.925783276558, 8.43189525604, 7.46362495422, 14.9568986893, 51.452255249, 19.8624820709, 8.73897266388, 282.481567383, 7962.07226562, 58868.0273438, 1153.21594238, 141.20010376, 1879.16540527, 302.052978516, 1129.47216797, 281.557250977, 141.217529297, 64.0924987793, 629.792114258, 1423.18505859, 621.291748047, 247.371398926, 128.992263794, 11.6458683014, 0.328940421343, 0.0358907729387, 0.000190647187992, 7.36466745366e-06, 1.23073988334e-07, 9.82352643675e-10],
        "dvar2": [5.67923024164e-08, 2.59230631627e-07, 0.000399090640713, 0.257197022438, 8.34124279022, 14.2491645813, 3.5945687294, 26.6323680878, 53.5839996338, 6.30276298523, 2.50543642044, 23.6415271759, 13.7193574905, 35.6773071289, 149.563323975, 55.4759712219, 18.9463310242, 492.811828613, 19742.6464844, 129360.367188, 2797.23193359, 359.728485107, 5435.86816406, 815.83026123, 2755.36328125, 550.627746582, 242.125, 131.170425415, 1275.65795898, 3665.50878906, 1692.3157959, 687.260253906, 356.41696167, 31.2686233521, 0.895544588566, 0.0983621180058, 0.000514159270097, 1.86394318007e-05, 3.46892193193e-07, 2.64880006817e-09],
        "max": [0.00103234953713, 0.00168718537316, 0.0760821998119, 2.47074770927, 11.6230220795, 22.8852863312, 11.5727653503, 14.063334465, 24.7316665649, 9.72152805328, 6.29452610016, 21.7241096497, 21.7557239532, 29.2549915314, 55.8409461975, 35.3912658691, 18.9821014404, 195.833297729, 855.057739258, 2659.82714844, 333.603759766, 100.595703125, 326.076263428, 139.65322876, 282.296966553, 141.021469116, 126.480010986, 73.8592300415, 227.610992432, 310.324127197, 195.322784424, 119.954711914, 86.1862945557, 26.763212204, 4.50897598267, 1.47820818424, 0.109952822328, 0.0219664610922, 0.00226648757234, 0.000288470997475],
        "mean": [0.000161347037647, 0.000277051032754, 0.00563613511622, 0.150922194123, 1.15295398235, 1.85039389133, 1.08937227726, 1.82831060886, 2.06600308418, 0.946140050888, 0.760611653328, 1.13161683083, 1.76309990883, 1.69396305084, 2.18673610687, 1.66673517227, 2.59563422203, 18.6918506622, 113.468650818, 122.525123596, 11.9121170044, 3.92272210121, 7.69952392578, 3.69554400444, 9.23205184937, 5.44702339172, 4.05117893219, 2.66994166374, 6.14348268509, 5.83068466187, 3.61139321327, 2.10983681679, 1.47495901585, 0.504054784775, 0.106729872525, 0.031745120883, 0.00346815516241, 0.000958992633969, 0.000254510377999, 4.07937259297e-05],
        "median": [6.00324383413e-05, 0.000145471072756, 0.00139446859248, 0.0289033390582, 0.133566707373, 0.276838302612, 0.36668291688, 0.701165676117, 0.666736423969, 0.306742727757, 0.360713541508, 0.439711987972, 0.87782728672, 0.502954185009, 0.446407407522, 0.577335834503, 1.21304953098, 2.07756924629, 1.14080953598, 0.513586044312, 0.251457393169, 0.122976660728, 0.12946125865, 0.139619961381, 0.120213203132, 0.117076553404, 0.0691981911659, 0.0572260096669, 0.0338320657611, 0.0337295942008, 0.0772958025336, 0.0589488185942, 0.0427231788635, 0.0274817608297, 0.0213713757694, 0.00504319276661, 0.00115243496839, 0.000482341012685, 0.000199130823603, 3.22026608046e-05],
        "min": [4.19594289269e-06, 7.25796598999e-06, 8.97886347957e-05, 0.000724909186829, 0.00349195348099, 0.00269378884695, 0.00184845575131, 0.0015953326365, 0.000666343839839, 0.00493667926639, 0.00768840918317, 0.0106400465593, 0.0150861898437, 0.00938015151769, 0.00853853859007, 0.00422325916588, 0.0102014942095, 0.00445506069809, 0.000945534731727, 0.00145197100937, 0.0019813911058, 0.000960843754001, 0.00133303191978, 0.00143576494884, 0.000741513445973, 0.0011067991145, 0.000640840095002, 0.000915583746973, 0.000539597938769, 0.000349025358446, 0.000743772252463, 0.000543503381778, 0.000268844509264, 0.000148204795551, 0.000111179986561, 6.35018004687e-05, 2.00823014893e-05, 1.65022374858e-05, 5.43995611224e-06, 8.44233568387e-07],
        "var": [5.22188372543e-08, 1.11005206804e-07, 0.00012917148706, 0.11525785923, 4.7718462944, 12.8091039658, 3.73779320717, 8.31572914124, 12.8671636581, 2.18099188805, 1.42139565945, 6.05612468719, 11.1142759323, 17.311088562, 42.5663032532, 16.5332355499, 13.3444271088, 1140.62683105, 43950.078125, 167666.71875, 2078.26831055, 160.595397949, 1284.54150391, 239.492980957, 1187.60925293, 394.583435059, 255.702850342, 105.602119446, 830.214538574, 1144.60290527, 443.275146484, 162.79510498, 83.8679962158, 8.22219181061, 0.233901321888, 0.024955144152, 0.000145870115375, 6.14599775872e-06, 8.28296222721e-08, 1.01560593269e-09]
    },
    "gfcc": {
        "mean": [-147.80355835, 45.351600647, -120.826797485, -12.8376960754, -61.0315361023, -4.08482599258, -54.5488243103, -19.2601299286, -27.0415039062, -2.67967772484, -11.288775444, -13.75598526, -6.05014801025],
        "cov": [[6203.52636719, -1403.3770752, -2326.484375, 902.099243164, -302.99810791, 224.004928589, -794.127929688, -71.9510421753, 33.9953765869, 84.7684249878, -481.204284668, -147.326904297, 359.35534668], [-1403.3770752, 1467.9630127, 1322.34033203, -431.10055542, -63.1710929871, -281.19342041, 71.1663818359, -62.2058982849, -190.124191284, -126.584953308, 174.559967041, 35.7208404541, -147.606063843], [-2326.484375, 1322.34033203, 1767.32763672, -473.616455078, -96.8988571167, -185.379989624, 247.275482178, 14.9081487656, -208.130706787, -177.093536377, 258.362030029, 80.1217727661, -261.018127441], [902.099243164, -431.10055542, -473.616455078, 377.589111328, -23.2140026093, 32.1511077881, -36.1022415161, 30.0464916229, 10.4225950241, -81.9982528687, -127.735115051, -18.4441356659, 56.6991119385], [-302.99810791, -63.1710929871, -96.8988571167, -23.2140026093, 213.358352661, 28.681344986, -0.302475750446, -17.7212657928, 62.7674407959, 66.8303146362, -27.1306400299, -47.2296180725, 18.5122184753], [224.004928589, -281.19342041, -185.379989624, 32.1511077881, 28.681344986, 166.692489624, -4.59529972076, 2.68615531921, 41.1282043457, 59.7178878784, 0.454573065042, -22.604183197, -11.8614339828], [-794.127929688, 71.1663818359, 247.275482178, -36.1022415161, -0.302475750446, -4.59529972076, 233.437561035, 39.9123878479, -27.2892150879, -65.9168777466, 47.1413192749, 42.1686248779, -59.6019248962], [-71.9510421753, -62.2058982849, 14.9081487656, 30.0464916229, -17.7212657928, 2.68615531921, 39.9123878479, 73.3438949585, 13.5697278976, -34.3456420898, -11.6618804932, 29.8733482361, 24.343082428], [33.9953765869, -190.124191284, -208.130706787, 10.4225950241, 62.7674407959, 41.1282043457, -27.2892150879, 13.5697278976, 90.1442184448, 80.596496582, -7.71724367142, -7.58396339417, 36.9402732849], [84.7684249878, -126.584953308, -177.093536377, -81.9982528687, 66.8303146362, 59.7178878784, -65.9168777466, -34.3456420898, 80.596496582, 183.944839478, 40.6630401611, -34.3820381165, 9.56507873535], [-481.204284668, 174.559967041, 258.362030029, -127.735115051, -27.1306400299, 0.454573065042, 47.1413192749, -11.6618804932, -7.71724367142, 40.6630401611, 124.008270264, 16.4716014862, -71.5250930786], [-147.326904297, 35.7208404541, 80.1217727661, -18.4441356659, -47.2296180725, -22.604183197, 42.1686248779, 29.8733482361, -7.58396339417, -34.3820381165, 16.4716014862, 61.5669937134, 17.9854660034], [359.35534668, -147.606063843, -261.018127441, 56.6991119385, 18.5122184753, -11.8614339828, -59.6019248962, 24.343082428, 36.9402732849, 9.56507873535, -71.5250930786, 17.9854660034, 120.9662323]],
        "icov": [[0.00235398928635, -0.00197312841192, 0.00321956165135, -0.00260462914594, 0.00338380760513, -0.00320453080349, 0.00493731582537, -0.00283279456198, 0.00622165761888, -0.00341442879289, 0.00389248877764, -0.00149726192467, 0.00183215783909], [-0.00197312841192, 0.00617398926988, -0.00556072313339, 0.00360850826837, -0.00296704494394, 0.00629887077957, -0.00312377582304, 0.00549677852541, -0.00402629375458, 0.00399147439748, -0.00443005561829, 0.00364343589172, -0.00411571888253], [0.00321956165135, -0.00556072313339, 0.00914154946804, -0.00172977382317, 0.00317549658939, -0.00516327563673, 0.00678801909089, -0.00914115644991, 0.011413179338, -0.00330289895646, 0.00401504570618, -0.00509083922952, 0.0082851331681], [-0.00260462914594, 0.00360850826837, -0.00172977382317, 0.011122639291, -0.00316567183472, 0.00488705560565, -0.00467843469232, 0.00127033318859, -0.00697867246345, 0.0093781016767, -0.00240922672674, 0.00394758721814, 0.00097593315877], [0.00338380760513, -0.00296704494394, 0.00317549658939, -0.00316567183472, 0.0149683998898, -0.00524333538488, 0.00349279982038, 0.000391778448829, -0.000651473470498, -0.00466672983021, 0.00903241336346, 0.00709077250212, -0.00164529297035], [-0.00320453080349, 0.00629887077957, -0.00516327563673, 0.00488705560565, -0.00524333538488, 0.0161510445178, -0.00611728709191, 0.00286504416727, -0.00720061501488, 0.00316688627936, -0.00583959138021, 0.00386855145916, 0.000489864207339], [0.00493731582537, -0.00312377582304, 0.00678801909089, -0.00467843469232, 0.00349279982038, -0.00611728709191, 0.0190002955496, -0.00984545331448, 0.0155528001487, -0.00490787252784, 0.00665210885927, -0.00982080493122, 0.00960158463567], [-0.00283279456198, 0.00549677852541, -0.00914115644991, 0.00127033318859, 0.000391778448829, 0.00286504416727, -0.00984545331448, 0.0342019088566, -0.022226119414, 0.0103458194062, -0.00413681240752, 0.0018900037976, -0.0134678222239], [0.00622165761888, -0.00402629375458, 0.011413179338, -0.00697867246345, -0.000651473470498, -0.00720061501488, 0.0155528001487, -0.022226119414, 0.0563068091869, -0.0226704254746, 0.00716352602467, -0.0123283425346, 0.00669838208705], [-0.00341442879289, 0.00399147439748, -0.00330289895646, 0.0093781016767, -0.00466672983021, 0.00316688627936, -0.00490787252784, 0.0103458194062, -0.0226704254746, 0.0276298634708, -0.0163273774087, 0.0114813214168, -0.00660716742277], [0.00389248877764, -0.00443005561829, 0.00401504570618, -0.00240922672674, 0.00903241336346, -0.00583959138021, 0.00665210885927, -0.00413681240752, 0.00716352602467, -0.0163273774087, 0.0351799502969, -0.01444905065, 0.0170319322497], [-0.00149726192467, 0.00364343589172, -0.00509083922952, 0.00394758721814, 0.00709077250212, 0.00386855145916, -0.00982080493122, 0.0018900037976, -0.0123283425346, 0.0114813214168, -0.01444905065, 0.0463375635445, -0.0224425457418], [0.00183215783909, -0.00411571888253, 0.0082851331681, 0.00097593315877, -0.00164529297035, 0.000489864207339, 0.00960158463567, -0.0134678222239, 0.00669838208705, -0.00660716742277, 0.0170319322497, -0.0224425457418, 0.0348471850157]]
    },
    "melbands": {
        "dmean": [1.63354934557e-06, 1.66180802808e-06, 4.88745463372e-05, 8.01603091531e-05, 2.98782251775e-05, 3.86006431654e-05, 3.22323539876e-05, 7.52522737457e-06, 3.78485356123e-06, 7.48641514292e-06, 5.96432437305e-06, 5.64877200304e-06, 6.53973620501e-06, 4.75820252177e-06, 3.31594696945e-06, 4.32176602772e-06, 1.54286954057e-05, 6.6090382461e-05, 0.00012896140106, 5.37156374776e-05, 2.63967399405e-06, 1.78732182121e-06, 7.72880503064e-06, 8.87516762305e-06, 2.26441125051e-06, 4.47148386229e-06, 7.19053514331e-06, 1.56229816639e-06, 2.00622025659e-06, 1.37813981382e-06, 1.01798855212e-06, 3.99781674787e-06, 1.58034220021e-06, 6.21740537099e-06, 3.15758279612e-06, 2.05212450055e-06, 2.29019315157e-06, 1.94274548448e-06, 1.13137502922e-06, 4.44360068741e-07],
        "dmean2": [3.04930540551e-06, 2.92915478894e-06, 7.84657459008e-05, 0.000121345074149, 5.0846269005e-05, 6.99995507603e-05, 6.14347591181e-05, 1.3546214177e-05, 6.58408907839e-06, 1.3514974853e-05, 1.01428358903e-05, 8.77297043189e-06, 1.20064205476e-05, 8.58939256432e-06, 5.82925213166e-06, 6.20310493105e-06, 2.11107017094e-05, 9.46795917116e-05, 0.000166328711202, 9.24093401409e-05, 4.68134749099e-06, 2.70946088676e-06, 1.39915509862e-05, 1.69681570696e-05, 3.93516893382e-06, 6.62280399411e-06, 1.11886965897e-05, 2.36769187723e-06, 2.52627546615e-06, 2.06124104807e-06, 1.38562893426e-06, 5.89454521105e-06, 2.31701233133e-06, 1.05565413833e-05, 5.63867342862e-06, 3.55415068043e-06, 4.21775212089e-06, 3.57688236363e-06, 1.98313591682e-06, 7.67844653637e-07],
        "dvar": [6.25282161118e-12, 1.15398168452e-11, 8.11873324125e-09, 2.18921485384e-08, 2.524502829e-09, 4.43621139823e-09, 3.00267122277e-09, 1.45230577564e-10, 7.53987636215e-11, 3.82500697782e-10, 1.93421056949e-10, 2.55628657131e-10, 5.86932946689e-10, 2.61594995665e-10, 9.76077899062e-11, 6.78502809492e-11, 1.46654288713e-09, 1.65255258366e-08, 1.68525303934e-07, 6.21154043756e-08, 9.29518753634e-11, 3.92849398845e-11, 1.1015213186e-09, 1.79369885611e-09, 9.77653305534e-11, 2.67479927096e-10, 1.08939623988e-09, 3.91924062648e-11, 5.79395559308e-11, 2.80057730478e-11, 1.38752421011e-11, 2.85593187987e-10, 4.32615332446e-11, 9.91357329561e-10, 2.54378490494e-10, 8.27604304532e-11, 1.36405206574e-10, 9.26899182407e-11, 3.02490740789e-11, 3.93041241914e-12],
        "dvar2": [1.87816810715e-11, 3.00179742174e-11, 2.01565306668e-08, 5.09504722856e-08, 7.34911509426e-09, 1.31951471971e-08, 1.07206368227e-08, 4.52931719908e-10, 2.07870776148e-10, 1.05412212292e-09, 3.55431795107e-10, 5.98190497136e-10, 1.7057634194e-09, 7.57653217942e-10, 2.76983019853e-10, 1.03371949889e-10, 2.47551423804e-09, 4.14201828391e-08, 3.01746382547e-07, 1.57075135121e-07, 2.46550252436e-10, 8.4329633554e-11, 3.09699288437e-09, 5.22545251513e-09, 2.58361748662e-10, 5.76840242239e-10, 2.77321099418e-09, 6.98516244846e-11, 1.19868392989e-10, 4.23927316862e-11, 2.95395756467e-11, 5.49863932164e-10, 9.82612047284e-11, 2.6137971787e-09, 7.07130465294e-10, 2.23485466244e-10, 3.82506915031e-10, 2.59105514822e-10, 8.09720762662e-11, 1.04939104281e-11],
        "max": [1.73020980583e-05, 2.43214235525e-05, 0.000607368769124, 0.00120339519344, 0.000453039829154, 0.000318369682645, 0.00034357336699, 9.19631493161e-05, 6.20571227046e-05, 0.000148236125824, 0.000111641107651, 0.000117848438094, 0.000187381665455, 0.000126172613818, 7.40786781535e-05, 7.43494529161e-05, 0.000447005499154, 0.00102377415169, 0.00444654747844, 0.00230805878527, 7.59528193157e-05, 5.53566678718e-05, 0.000259104766883, 0.000312310206937, 7.97285174485e-05, 0.000131857246743, 0.000274579244433, 5.4692485719e-05, 7.64079668443e-05, 4.85419768665e-05, 3.35445474775e-05, 0.000151876316522, 5.96517966187e-05, 0.000253202655585, 0.000122918645502, 7.15806163498e-05, 8.74875986483e-05, 7.18863520888e-05, 4.31740263593e-05, 1.56255155161e-05],
        "mean": [2.36741266235e-06, 1.31406454784e-06, 5.44994327356e-05, 0.000114982976811, 4.87589677505e-05, 4.02406767535e-05, 2.98208306049e-05, 9.14224347071e-06, 5.87381100559e-06, 7.73262763687e-06, 8.92774096428e-06, 6.96413962942e-06, 6.98040275893e-06, 5.40909923075e-06, 3.60273861588e-06, 5.95222900301e-06, 2.87791372102e-05, 0.000141522483318, 0.000289226358291, 5.87927061133e-05, 2.887753908e-06, 2.49487129622e-06, 7.13398867447e-06, 6.49651155982e-06, 1.96449514078e-06, 6.1963155531e-06, 7.45026591176e-06, 2.31274452744e-06, 2.28540898206e-06, 2.186456868e-06, 1.16477167467e-06, 4.26441920354e-06, 1.49524123572e-06, 4.42479722551e-06, 2.13056773646e-06, 1.494613457e-06, 1.42225178479e-06, 1.19351489047e-06, 7.55188807489e-07, 3.1980056292e-07],
        "median": [8.16007570847e-07, 3.30808092031e-07, 7.337786883e-06, 1.73128482857e-05, 1.19910873764e-05, 1.54304707394e-05, 9.77833860816e-06, 3.19594687426e-06, 2.72472971119e-06, 3.21387483382e-06, 4.71278690384e-06, 1.96640417016e-06, 1.53530766056e-06, 1.32130367092e-06, 1.74881813564e-06, 1.65434209976e-06, 1.9566384708e-06, 1.84303451078e-06, 6.97985854003e-07, 2.86642745095e-07, 2.64572065589e-07, 1.32393793706e-07, 1.02829631032e-07, 1.23066186575e-07, 1.17278332823e-07, 9.12436064482e-08, 7.01974940398e-08, 7.03946554381e-08, 4.34979803288e-08, 3.95437922407e-08, 2.74026952241e-08, 1.7013707776e-08, 1.47252530169e-08, 1.77690893111e-08, 4.372337159e-08, 4.15825809341e-08, 3.45076038855e-08, 2.80211125414e-08, 2.72088769293e-08, 2.23060752091e-08],
        "min": [3.86340524017e-08, 2.11949231499e-08, 2.04113774771e-07, 2.81249157297e-07, 8.12434493014e-08, 3.43416743931e-08, 8.36101943236e-09, 6.15771540424e-08, 4.65425884499e-08, 7.4851548959e-08, 7.38517726973e-08, 3.79443676479e-08, 3.04273513052e-08, 6.86567336317e-09, 1.69213816292e-08, 2.37747208587e-08, 5.68908742338e-09, 1.31149890947e-09, 1.16159593055e-09, 1.48285539403e-09, 1.98802729834e-09, 7.7887091221e-10, 1.35834898884e-09, 1.09080577904e-09, 1.09525366554e-09, 4.96741536793e-10, 6.33837371478e-10, 7.1388139844e-10, 3.68661323691e-10, 6.06571293194e-10, 4.78844797147e-10, 3.2727084931e-10, 2.08923336964e-10, 1.57416760183e-10, 4.30232627302e-10, 3.2805225203e-10, 3.64086483184e-10, 2.13392609139e-10, 1.28554181189e-10, 1.16301919484e-10],
        "var": [1.3345899906e-11, 9.81187180116e-12, 1.24054126971e-08, 4.33405595857e-08, 7.47151496228e-09, 3.97337984737e-09, 2.56760390727e-09, 1.97919278189e-10, 8.72425673371e-11, 2.89345852833e-10, 2.8894212023e-10, 2.9438554372e-10, 4.62030885773e-10, 2.19966544979e-10, 6.70344474374e-11, 1.29503713309e-10, 5.1455026906e-09, 7.09022458523e-08, 8.18082071419e-07, 7.67912311517e-08, 1.05617251056e-10, 6.0822853698e-11, 8.69822935901e-10, 1.13456122275e-09, 7.72373345836e-11, 3.89689641667e-10, 1.0408406359e-09, 6.12057557414e-11, 8.62759030884e-11, 6.42940700679e-11, 2.03651123742e-11, 3.92492122137e-10, 5.02195784957e-11, 7.42172989732e-10, 1.71734529375e-10, 6.22238649495e-11, 8.54270404416e-11, 5.81860705451e-11, 2.1216252713e-11, 2.85710582797e-12]
    },
    "mfcc": {
        "mean": [-799.679504395, 102.644950867, -8.7565946579, -8.66866779327, -1.92094826698, -3.39579391479, -11.4425601959, -20.3090686798, -17.1481361389, 0.668887853622, -10.4312725067, -11.9911422729, -10.4009027481],
        "cov": [[8097.04296875, -2641.37646484, -1786.68798828, 175.057540894, 85.7705307007, 86.0902862549, -605.695861816, -172.419784546, 239.827880859, 359.518432617, -423.422271729, -904.441162109, -204.169525146], [-2641.37646484, 2077.11425781, 1100.06176758, -87.5919570923, 13.9858779907, -191.889556885, 176.291870117, -100.783355713, -292.940917969, -232.213088989, 77.4714660645, 403.613708496, -53.9331817627], [-1786.68798828, 1100.06176758, 1020.78942871, -44.3758583069, -58.0726394653, -130.689804077, 197.649093628, 79.3197937012, -228.663848877, -234.665649414, 113.32913208, 327.046661377, -71.1130142212], [175.057540894, -87.5919570923, -44.3758583069, 203.662979126, -13.7675199509, -44.3879356384, -14.5739221573, 60.8458480835, 56.8258094788, -44.9919052124, -91.3738250732, -62.114025116, 29.4806995392], [85.7705307007, 13.9858779907, -58.0726394653, -13.7675199509, 133.384735107, 18.533033371, -40.4902305603, -58.181060791, 4.99645233154, 56.3626098633, 2.8976855278, -37.6349220276, -18.6917324066], [86.0902862549, -191.889556885, -130.689804077, -44.3879356384, 18.533033371, 112.706100464, 13.0634059906, -25.1607036591, 6.34884977341, 71.6291427612, 70.5676727295, -34.6705131531, -22.0609474182], [-605.695861816, 176.291870117, 197.649093628, -14.5739221573, -40.4902305603, 13.0634059906, 124.545059204, 64.5670623779, -29.2149467468, -53.6525726318, 55.4664344788, 91.4122695923, -1.71604275703], [-172.419784546, -100.783355713, 79.3197937012, 60.8458480835, -58.181060791, -25.1607036591, 64.5670623779, 162.664398193, 55.1957397461, -90.6234436035, -42.3817176819, 38.4722213745, 45.0002212524], [239.827880859, -292.940917969, -228.663848877, 56.8258094788, 4.99645233154, 6.34884977341, -29.2149467468, 55.1957397461, 163.536849976, 25.9355964661, -96.9885101318, -74.1435470581, 82.2798690796], [359.518432617, -232.213088989, -234.665649414, -44.9919052124, 56.3626098633, 71.6291427612, -53.6525726318, -90.6234436035, 25.9355964661, 146.717346191, 54.8802833557, -88.4513702393, -21.696434021], [-423.422271729, 77.4714660645, 113.32913208, -91.3738250732, 2.8976855278, 70.5676727295, 55.4664344788, -42.3817176819, -96.9885101318, 54.8802833557, 196.005661011, 75.2082519531, -61.8800621033], [-904.441162109, 403.613708496, 327.046661377, -62.114025116, -37.6349220276, -34.6705131531, 91.4122695923, 38.4722213745, -74.1435470581, -88.4513702393, 75.2082519531, 206.728347778, 30.3099250793], [-204.169525146, -53.9331817627, -71.1130142212, 29.4806995392, -18.6917324066, -22.0609474182, -1.71604275703, 45.0002212524, 82.2798690796, -21.696434021, -61.8800621033, 30.3099250793, 119.167556763]],
