{
"lowlevel": {
    "average_loudness": 0.970342218876,
    "barkbands_crest": {
        "dmean": 3.02521634102,
        "dmean2": 5.15677976608,
        "dvar": 6.23786258698,
        "dvar2": 15.9916982651,
        "max": 25.4916152954,
        "mean": 10.9858894348,
        "median": 10.4090795517,
        "min": 3.92055392265,
        "var": 15.3146820068
    },
    "barkbands_flatness_db": {
        "dmean": 0.037772577256,
        "dmean2": 0.0624464154243,
        "dvar": 0.000769692007452,
        "dvar2": 0.00216348096728,
        "max": 0.3214392066,
        "mean": 0.171761155128,
        "median": 0.170605361462,
        "min": 0.0270052459091,
        "var": 0.00413023214787
    },
    "barkbands_kurtosis": {
        "dmean": 10.663189888,
        "dmean2": 17.8514060974,
        "dvar": 199.23374939,
        "dvar2": 506.762390137,
        "max": 164.304199219,
        "mean": 20.3699359894,
        "median": 14.5556106567,
        "min": -1.74272286892,
        "var": 424.73626709
    },
    "barkbands_skewness": {
        "dmean": 0.914390563965,
        "dmean2": 1.49913942814,
        "dvar": 0.669536948204,
        "dvar2": 1.68756902218,
        "max": 7.64173603058,
        "mean": 2.7696416378,
        "median": 2.85134196281,
        "min": -4.54339790344,
        "var": 2.34792327881
    },
    "barkbands_spread": {
        "dmean": 5.22169351578,
        "dmean2": 8.66553401947,
        "dvar": 59.8206100464,
        "dvar2": 159.166320801,
        "max": 74.177772522,
        "mean": 10.7401981354,
        "median": 7.38754653931,
        "min": 0.755031645298,
        "var": 94.585105896
    },
    "dissonance": {
        "dmean": 0.0315252989531,
        "dmean2": 0.0520901232958,
        "dvar": 0.000833251106087,
        "dvar2": 0.00221892725676,
        "max": 0.499991387129,
        "mean": 0.449406534433,
        "median": 0.460589110851,
        "min": 0.244283273816,
        "var": 0.00141919485759
    },
    "dynamic_complexity": 3.96889972687,
    "erbbands_crest": {
        "dmean": 3.30261874199,
        "dmean2": 5.59262895584,
        "dvar": 9.08793354034,
        "dvar2": 23.7351303101,
        "max": 30.0618209839,
        "mean": 10.7952251434,
        "median": 9.52154922485,
        "min": 3.27126169205,
        "var": 22.4070510864
    },
    "erbbands_flatness_db": {
        "dmean": 0.0310017745942,
        "dmean2": 0.0521114990115,
        "dvar": 0.000606120680459,
        "dvar2": 0.00157002464402,
        "max": 0.354558199644,
        "mean": 0.17074303329,
        "median": 0.166285306215,
        "min": 0.062885388732,
        "var": 0.0032016269397
    },
    "erbbands_kurtosis": {
        "dmean": 4.23959541321,
        "dmean2": 6.92018699646,
        "dvar": 36.664894104,
        "dvar2": 99.5159072876,
        "max": 66.3698196411,
        "mean": 5.89802312851,
        "median": 2.8566069603,
        "min": -1.58682620525,
        "var": 72.6200027466
    },
    "erbbands_skewness": {
        "dmean": 0.688399076462,
        "dmean2": 1.10066568851,
        "dvar": 0.476385504007,
        "dvar2": 1.0236107111,
        "max": 4.85812473297,
        "mean": 1.2817581892,
        "median": 1.2977244854,
        "min": -6.15662765503,
        "var": 2.26797127724
    },
    "erbbands_spread": {
        "dmean": 11.1499710083,
        "dmean2": 19.1090698242,
        "dvar": 160.03187561,
        "dvar2": 406.009216309,
        "max": 106.362976074,
        "mean": 25.1700706482,
        "median": 20.9516296387,
        "min": 1.51865398884,
        "var": 311.597869873
    },
    "hfc": {
        "dmean": 6.56139612198,
        "dmean2": 10.61165905,
        "dvar": 683.434814453,
        "dvar2": 1727.21704102,
        "max": 383.193023682,
        "mean": 11.3618612289,
        "median": 5.36913108826,
        "min": 0.175582587719,
        "var": 860.86138916
    },
    "melbands_crest": {
        "dmean": 3.78799843788,
        "dmean2": 6.42395925522,
        "dvar": 11.0667848587,
        "dvar2": 30.2350749969,
        "max": 28.6638069153,
        "mean": 13.9222822189,
        "median": 13.0694503784,
        "min": 6.00063085556,
        "var": 17.7304840088
    },
    "melbands_flatness_db": {
        "dmean": 0.0478018857539,
        "dmean2": 0.0790001153946,
        "dvar": 0.0013308704365,
        "dvar2": 0.00367827690206,
        "max": 0.466150283813,
        "mean": 0.278332710266,
        "median": 0.276925861835,
        "min": 0.084782756865,
        "var": 0.00600881921127
    },
    "melbands_kurtosis": {
        "dmean": 10.5832691193,
        "dmean2": 18.239490509,
        "dvar": 140.759796143,
        "dvar2": 406.39151001,
        "max": 101.329330444,
        "mean": 16.7329082489,
        "median": 12.9199552536,
        "min": -1.88768875599,
        "var": 211.719284058
    },
    "melbands_skewness": {
        "dmean": 0.983364760876,
        "dmean2": 1.65839385986,
        "dvar": 0.728027760983,
        "dvar2": 1.99001967907,
        "max": 7.25128746033,
        "mean": 2.52104759216,
        "median": 2.42169618607,
        "min": -2.5129032135,
        "var": 1.72608971596
    },
    "melbands_spread": {
        "dmean": 5.01930904388,
        "dmean2": 8.55966281891,
        "dvar": 77.74974823,
        "dvar2": 212.536911011,
        "max": 74.826171875,
        "mean": 10.636844635,
        "median": 6.4550538063,
        "min": 0.872345149517,
        "var": 142.711593628
    },
    "pitch_salience": {
        "dmean": 0.0839188843966,
        "dmean2": 0.142740830779,
        "dvar": 0.00492587126791,
        "dvar2": 0.0115158539265,
        "max": 0.883645832539,
        "mean": 0.650708794594,
        "median": 0.662608504295,
        "min": 0.354048162699,
        "var": 0.0092195533216
    },
    "silence_rate_20dB": {
        "dmean": 0,
        "dmean2": 0,
        "dvar": 0,
        "dvar2": 0,
        "max": 1,
        "mean": 1,
        "median": 1,
        "min": 1,
        "var": 0
    },
    "silence_rate_30dB": {
        "dmean": 0.0166666675359,
        "dmean2": 0.0334261842072,
        "dvar": 0.0163889564574,
        "dvar2": 0.0434511192143,
        "max": 1,
        "mean": 0.98891967535,
        "median": 1,
        "min": 0,
        "var": 0.0109575688839
    },
    "silence_rate_60dB": {
        "dmean": 0.0583333335817,
        "dmean2": 0.114206127822,
        "dvar": 0.0549305006862,
        "dvar2": 0.117875985801,
        "max": 1,
        "mean": 0.102493077517,
        "median": 0,
        "min": 0,
        "var": 0.0919884219766
    },
    "spectral_centroid": {
        "dmean": 197.399261475,
        "dmean2": 328.36831665,
        "dvar": 89720.796875,
        "dvar2": 218875.8125,
        "max": 2532.16137695,
        "mean": 601.700500488,
        "median": 448.502380371,
        "min": 199.379440308,
        "var": 171816.546875
    },
    "spectral_complexity": {
        "dmean": 2.07500004768,
        "dmean2": 3.38161563873,
        "dvar": 6.21937322617,
        "dvar2": 14.9434938431,
        "max": 50,
        "mean": 9.38504123688,
        "median": 9,
        "min": 1,
        "var": 16.4971866608
    },
    "spectral_decrease": {
        "dmean": 2.28565610882e-09,
        "dmean2": 3.85579479456e-09,
        "dvar": 1.36256036001e-17,
        "dvar2": 3.63248623592e-17,
        "max": -1.03061621737e-10,
        "mean": -5.26751797736e-09,
        "median": -2.7883289011e-09,
        "min": -3.9926455031e-08,
        "var": 3.37984807149e-17
    },
    "spectral_energy": {
        "dmean": 0.00914727617055,
        "dmean2": 0.0153658445925,
        "dvar": 0.000246940588113,
        "dvar2": 0.000650712347124,
        "max": 0.185448437929,
        "mean": 0.020911378786,
        "median": 0.0109137464315,
        "min": 0.000404903985327,
        "var": 0.000562982691918
    },
    "spectral_energyband_high": {
        "dmean": 0.000120551449072,
        "dmean2": 0.000218512577703,
        "dvar": 1.00773704048e-07,
        "dvar2": 2.75236573088e-07,
        "max": 0.00303545268252,
        "mean": 0.000116262133815,
        "median": 4.48305072496e-05,
        "min": 1.16621254165e-06,
        "var": 7.26769400217e-08
    },
    "spectral_energyband_low": {
        "dmean": 0.00290162488818,
        "dmean2": 0.00500845955685,
        "dvar": 2.55089071288e-05,
        "dvar2": 7.10349268047e-05,
        "max": 0.0399654582143,
        "mean": 0.00416189990938,
        "median": 0.00163386273198,
        "min": 8.58331623022e-05,
        "var": 4.51988707937e-05
    },
    "spectral_energyband_middle_high": {
        "dmean": 0.00235407031141,
        "dmean2": 0.00368039216846,
        "dvar": 0.000162581753102,
        "dvar2": 0.00040674264892,
        "max": 0.17707836628,
        "mean": 0.00293111940846,
        "median": 0.000451309082564,
        "min": 1.85615153896e-05,
        "var": 0.000203697491088
    },
    "spectral_energyband_middle_low": {
        "dmean": 0.0066162860021,
        "dmean2": 0.0113938553259,
        "dvar": 9.40938698477e-05,
        "dvar2": 0.000263019726845,
        "max": 0.105764493346,
        "mean": 0.0155352419242,
        "median": 0.00805957335979,
        "min": 0.000287494476652,
        "var": 0.000293915712973
    },
    "spectral_entropy": {
        "dmean": 0.414116799831,
        "dmean2": 0.689611554146,
        "dvar": 0.0969708636403,
        "dvar2": 0.272851705551,
        "max": 8.49409103394,
        "mean": 6.92768239975,
        "median": 6.92851781845,
        "min": 5.48156070709,
        "var": 0.442424237728
    },
    "spectral_flux": {
        "dmean": 0.020136622712,
        "dmean2": 0.0337158069015,
        "dvar": 0.000539794331416,
        "dvar2": 0.00136953953188,
        "max": 0.295473486185,
        "mean": 0.0756319537759,
        "median": 0.0661532208323,
        "min": 0.0184792727232,
        "var": 0.00194760272279
    },
    "spectral_kurtosis": {
        "dmean": 6.23199415207,
        "dmean2": 10.6862573624,
        "dvar": 34.9288520813,
        "dvar2": 112.219543457,
        "max": 43.6815032959,
        "mean": 12.838722229,
        "median": 10.3880672455,
        "min": 0.142969608307,
        "var": 68.6900558472
    },
    "spectral_rms": {
        "dmean": 0.000832589284983,
        "dmean2": 0.00137356808409,
        "dvar": 8.66025686719e-07,
        "dvar2": 2.09578433896e-06,
        "max": 0.0134508479387,
        "mean": 0.00395748158917,
        "median": 0.00326305953786,
        "min": 0.000628512760159,
        "var": 4.73968657388e-06
    },
    "spectral_rolloff": {
        "dmean": 288.784118652,
        "dmean2": 531.012390137,
        "dvar": 663971.75,
        "dvar2": 1878136.875,
        "max": 8979.34570312,
        "mean": 688.406188965,
        "median": 430.6640625,
        "min": 150.732421875,
        "var": 530120.4375
    },
    "spectral_skewness": {
        "dmean": 0.701824426651,
        "dmean2": 1.19716966152,
        "dvar": 0.337747246027,
        "dvar2": 1.03556001186,
        "max": 5.52552223206,
        "mean": 2.84516716003,
        "median": 2.68146181107,
        "min": 0.736216366291,
        "var": 0.9049243927
    },
    "spectral_spread": {
        "dmean": 1041051,
        "dmean2": 1758282.75,
        "dvar": 1.24425692774e+12,
        "dvar2": 2.21523030835e+12,
        "max": 24177930,
        "mean": 4459728.5,
        "median": 4347411.5,
        "min": 1749732.375,
        "var": 3.01957041357e+12
    },
    "spectral_strongpeak": {
        "dmean": 0.512346506119,
        "dmean2": 0.797953724861,
        "dvar": 2.73211479187,
        "dvar2": 5.07061672211,
        "max": 28.2076339722,
        "mean": 0.951465308666,
        "median": 0.433503240347,
        "min": 0,
        "var": 6.7029094696
    },
    "zerocrossingrate": {
        "dmean": 0.00941704679281,
        "dmean2": 0.0127891600132,
        "dvar": 6.31209841231e-05,
        "dvar2": 0.00010482702055,
        "max": 0.1201171875,
        "mean": 0.0480328090489,
        "median": 0.04443359375,
        "min": 0.0078125,
        "var": 0.00056699779816
    },
    "barkbands": {
        "dmean": [0.000197953981115, 0.000211913196836, 0.00129676482175, 0.00292289000936, 0.00293742190115, 0.00363457528874, 0.000818773114588, 0.000303107459331, 0.000188222984434, 0.000111788118375, 5.6438617321e-05, 8.53611782077e-05, 0.000125682519865, 7.21383185009e-05, 0.000888732261956, 0.00113540783059, 4.78086003568e-05, 2.01762159122e-05, 2.93152570521e-05, 3.86594765587e-05, 1.92878360394e-05, 9.80250297289e-06, 2.14839747059e-05, 3.21083134622e-05, 1.48126355271e-05, 2.5015265237e-06, 2.00888962354e-06],
        "dmean2": [0.000358631339623, 0.000355920346919, 0.00220277975313, 0.00505282729864, 0.00508731929585, 0.00616508629173, 0.00136254716199, 0.000545049493667, 0.000318335689371, 0.000186752760783, 9.96150483843e-05, 0.000137896917295, 0.000180641407496, 0.000120066877571, 0.00130201759748, 0.00188568804879, 8.68449860718e-05, 3.62547471013e-05, 5.21976617165e-05, 6.87980282237e-05, 3.42140774592e-05, 1.65435067174e-05, 3.97457151848e-05, 5.99443264946e-05, 2.72151646641e-05, 4.38709957962e-06, 3.35285949404e-06],
        "dvar": [1.08966304424e-07, 1.24209023511e-07, 8.53416986502e-06, 2.84999478026e-05, 2.38182547037e-05, 2.71708340733e-05, 2.6671489195e-06, 3.72919856773e-07, 7.5731485083e-08, 4.30245812311e-08, 1.60066733201e-08, 2.74472267137e-08, 1.09006762727e-07, 5.47967076159e-08, 5.79322440899e-05, 0.000101729827293, 8.3543923779e-08, 5.14182740829e-09, 8.55448156756e-09, 2.17938076474e-08, 3.1696458791e-09, 4.52429316233e-10, 3.79426134955e-09, 1.1118984844e-08, 9.85779791129e-10, 2.45676968352e-11, 3.0565073042e-12],
        "dvar2": [3.33617521164e-07, 3.54353403509e-07, 2.62182929873e-05, 7.72528946982e-05, 7.38910384825e-05, 7.81608105171e-05, 7.58641635912e-06, 1.14328190648e-06, 1.78764608449e-07, 1.23053439438e-07, 4.62304825533e-08, 6.80081200244e-08, 2.00310665832e-07, 1.31833161277e-07, 0.000130450032884, 0.000272059638519, 2.37053015439e-07, 1.39725040427e-08, 2.19575557736e-08, 6.03702332569e-08, 8.57693471801e-09, 1.13539611046e-09, 1.05616315693e-08, 3.21471027576e-08, 2.78433853751e-09, 6.65970056879e-11, 7.94314614083e-12],
        "max": [0.00363438948989, 0.00480502098799, 0.033334504813, 0.0479373410344, 0.052226960659, 0.0412331297994, 0.0224506799132, 0.00634415913373, 0.00412438018247, 0.00174870039336, 0.00169464841019, 0.00241793133318, 0.00491963978857, 0.00261839246377, 0.146669983864, 0.175078704953, 0.00396398361772, 0.00107312144246, 0.00132527633104, 0.00169738638215, 0.000632573326584, 0.000195294240257, 0.000656229560263, 0.00123178458307, 0.000293988035992, 4.50016923423e-05, 2.54487822531e-05],
        "mean": [0.000192521780264, 0.000385152496165, 0.00176523486152, 0.00347276870161, 0.00481291674078, 0.00528517318889, 0.0011682047043, 0.000400969496695, 0.000316721649142, 0.000154261171701, 8.10160418041e-05, 0.000129557723994, 0.000201152986847, 9.39222882153e-05, 0.00107201805804, 0.00115716003347, 3.83387450711e-05, 1.80266833922e-05, 2.48674768955e-05, 3.17824960803e-05, 1.69962313521e-05, 9.83744030236e-06, 1.67239741131e-05, 2.32697293541e-05, 1.29637119244e-05, 4.03991452913e-06, 1.63815566339e-05],
        "median": [9.9626253359e-05, 0.000229995435802, 0.000618646503426, 0.0011047773296, 0.00208320235834, 0.00243225833401, 0.000410063803429, 0.000186278528417, 0.000182622330613, 8.13302176539e-05, 4.14155874751e-05, 6.48900604574e-05, 4.42459822807e-05, 1.95161319425e-05, 1.31831075123e-05, 1.27003850139e-05, 7.65191271057e-06, 6.41890665065e-06, 7.76650540502e-06, 7.00856162439e-06, 5.22054415342e-06, 3.51526546183e-06, 3.96734276364e-06, 4.68760845251e-06, 4.45939258498e-06, 2.33886362366e-06, 1.62503929459e-05],
        "min": [1.02637750388e-06, 8.71217594067e-07, 1.38935829455e-05, 1.2125986359e-05, 4.73989530292e-05, 3.23027488776e-05, 1.97016888706e-05, 5.7027054936e-06, 7.69975849835e-06, 9.75079842647e-07, 1.42622820931e-06, 1.77826382242e-06, 5.18021693097e-07, 4.27028737704e-07, 7.9065564762e-08, 1.5489590055e-07, 1.51571867946e-07, 1.54744626002e-07, 1.46729391304e-07, 1.18574831731e-07, 1.36536968398e-07, 1.31169201723e-07, 1.10931772213e-07, 1.29931308379e-07, 1.40624450751e-07, 1.22414505199e-07, 3.91926022303e-07],
        "var": [1.05911709625e-07, 2.63291298097e-07, 1.21839866551e-05, 3.76769166905e-05, 4.22930024797e-05, 4.47346319561e-05, 5.26349003849e-06, 4.32326629607e-07, 2.25945868237e-07, 6.06116827839e-08, 1.83996871073e-08, 4.09073450669e-08, 2.57571286966e-07, 8.92848177614e-08, 8.54050158523e-05, 0.000108647946035, 5.28562758007e-08, 3.73716302349e-09, 6.73053479616e-09, 1.54203423364e-08, 2.41261743916e-09, 4.36685548832e-10, 2.488437012e-09, 6.45334230498e-09, 6.90366319667e-10, 2.28307789341e-11, 4.56511998342e-12]
    },
    "erbbands": {
        "dmean": [0.00411019241437, 0.065945520997, 0.965614140034, 6.48232984543, 8.1370344162, 12.4482679367, 20.5687046051, 29.8505134583, 14.6089258194, 9.84318447113, 4.93731737137, 4.17877531052, 4.64345884323, 2.33361721039, 3.24609947205, 3.1006090641, 5.05802726746, 3.84635853767, 20.5065078735, 68.2559738159, 39.1223754883, 4.11830663681, 1.32524192333, 1.55726063251, 1.4484899044, 1.77093064785, 1.02181637287, 0.689654886723, 0.371610611677, 0.391563087702, 0.64673358202, 0.702678740025, 0.501222252846, 0.205202907324, 0.0919291675091, 0.0228633005172, 0.00234521459788, 0.00073505815817, 0.000277980725514, 4.71311213914e-05],
        "dmean2": [0.00684816390276, 0.110631689429, 1.65519165993, 11.3591108322, 13.5743665695, 21.8726024628, 35.6032943726, 50.7527046204, 24.8117389679, 17.7374305725, 8.55921363831, 6.98455524445, 8.0927772522, 4.09812736511, 5.65293931961, 4.7981171608, 7.07552242279, 5.84313583374, 29.2278575897, 108.87827301, 63.1702270508, 6.97237110138, 2.40898108482, 2.77130794525, 2.5441904068, 3.12353849411, 1.84228241444, 1.20163083076, 0.637583196163, 0.69817250967, 1.20394551754, 1.31438267231, 0.940738022327, 0.380115717649, 0.168729037046, 0.0408660881221, 0.00396730890498, 0.00123046385124, 0.000479655805975, 8.02626891527e-05],
        "dvar": [3.26708213834e-05, 0.0125527372584, 4.54470539093, 138.305603027, 145.258804321, 582.625549316, 1126.58483887, 1776.00793457, 655.024108887, 427.438323975, 77.326461792, 39.3702964783, 78.0079956055, 31.3212013245, 40.8114128113, 26.1269016266, 157.205581665, 87.3346252441, 17773.7109375, 202751.359375, 117891.570312, 606.832519531, 37.6680374146, 28.471321106, 16.9194316864, 43.051071167, 14.1175146103, 4.74245691299, 0.750523388386, 0.80924230814, 3.79296875, 4.29181575775, 3.27608704567, 0.245240077376, 0.0417924560606, 0.00237841554917, 1.26837403513e-05, 5.31629325451e-07, 5.99308265237e-08, 1.59022373047e-09],
        "dvar2": [8.49930293043e-05, 0.0359971299767, 14.0377340317, 373.643920898, 386.372528076, 1848.046875, 3222.15844727, 4964.09814453, 1792.71459961, 1311.50671387, 222.952972412, 107.612548828, 223.37902832, 91.9527206421, 115.886383057, 56.5951690674, 283.40133667, 187.605697632, 37085.1835938, 493330.90625, 304864.5, 1591.25415039, 106.476867676, 75.6347351074, 44.5062713623, 115.663711548, 39.93567276, 12.5377635956, 1.86007547379, 2.2312669754, 10.5780963898, 12.0528469086, 9.56424999237, 0.700856268406, 0.118435397744, 0.00658422801644, 3.19233658956e-05, 1.43381930684e-06, 1.61838840995e-07, 3.88823950814e-09],
        "max": [0.0740813314915, 1.26799452305, 25.2548732758, 98.676361084, 109.409393311, 258.255340576, 262.347930908, 341.49407959, 281.468231201, 217.404647827, 115.984580994, 90.8410415649, 68.0752182007, 71.903755188, 68.2749404907, 65.5812683105, 181.273925781, 96.1659698486, 2870.09448242, 5687.66503906, 5828.50439453, 307.854919434, 89.1845245361, 77.4766464233, 48.703086853, 73.2497940063, 46.6865959167, 23.9412631989, 9.16759300232, 6.5838098526, 21.295747757, 19.3693656921, 22.6340236664, 5.45977973938, 1.81625628471, 0.40266340971, 0.033017847687, 0.00885042361915, 0.00286093913019, 0.000606470159255],
        "mean": [0.00828377902508, 0.118448086083, 1.40901231766, 8.21814823151, 13.3952169418, 18.1330947876, 27.708070755, 43.6248245239, 21.9682922363, 14.4480228424, 7.77312755585, 6.93509435654, 6.50625371933, 3.4250164032, 4.54087257385, 5.01159238815, 8.27216529846, 5.98806428909, 29.3390827179, 75.7903366089, 37.9405021667, 3.6198990345, 1.15014505386, 1.29779314995, 1.24727165699, 1.47144770622, 0.861820816994, 0.614821434021, 0.369040071964, 0.349200576544, 0.502970397472, 0.51763266325, 0.361844480038, 0.168330401182, 0.0832002982497, 0.0245582312346, 0.0056161521934, 0.00361421238631, 0.00181864539627, 0.000339676014846],
        "median": [0.00435923226178, 0.0684382990003, 0.581299304962, 2.59019756317, 5.45048284531, 7.62727308273, 12.1008481979, 19.6462211609, 9.05855464935, 5.50759553909, 4.33858299255, 3.89318466187, 3.59350061417, 1.81335747242, 2.18160486221, 2.6342086792, 2.2115778923, 1.51118266582, 1.07743525505, 0.697417497635, 0.662281274796, 0.481164783239, 0.355982005596, 0.401686966419, 0.344400584698, 0.347701817751, 0.251749694347, 0.175907343626, 0.129304498434, 0.104934342206, 0.116298027337, 0.0971744060516, 0.0798940807581, 0.0534829311073, 0.0310659147799, 0.0103260017931, 0.00393913546577, 0.00332436989993, 0.00178403570317, 0.000336058263201],
        "min": [0.000250485027209, 0.00185016938485, 0.0198126062751, 0.0493588112295, 0.0719066932797, 0.0983648821712, 0.0979930832982, 0.386366039515, 0.278148949146, 0.123756445944, 0.363833010197, 0.183217838407, 0.0394654497504, 0.0379125960171, 0.0777529254556, 0.0614849105477, 0.0367207415402, 0.0296363402158, 0.0211705360562, 0.00771098863333, 0.00742836110294, 0.0104461899027, 0.00903897639364, 0.00692658126354, 0.00750001613051, 0.00592717248946, 0.00475004641339, 0.0061087612994, 0.00489318976179, 0.00346626248211, 0.00301898503676, 0.00310183176771, 0.00186494213995, 0.00178792420775, 0.000859380466864, 0.00031997775659, 0.000242338443059, 0.000147461731103, 3.56915261364e-05, 7.92729406385e-06],
        "var": [0.000107845939056, 0.0277127288282, 7.30497217178, 206.444656372, 343.076782227, 879.915588379, 1537.29431152, 3006.67138672, 1251.23999023, 729.543945312, 125.632545471, 115.121063232, 94.4429321289, 34.8991584778, 54.5388298035, 48.8973922729, 382.535186768, 170.783813477, 40030.5703125, 249758.109375, 115529.648438, 503.606964111, 24.0887126923, 21.0261573792, 13.9239778519, 33.058013916, 9.23253631592, 3.75861740112, 0.705067276955, 0.631242334843, 2.43269181252, 2.67987370491, 1.83647823334, 0.158029645681, 0.028755100444, 0.00190020527225, 1.82349922397e-05, 1.26284976432e-06, 9.19313123404e-08, 2.6325976954e-09]
    },
    "gfcc": {
        "mean": [-54.6787567139, 100.881752014, -64.0793380737, -4.19385290146, -52.3057136536, -10.2789754868, -40.3960418701, -14.5357618332, -23.7280902863, -7.22665834427, -8.4200630188, -9.21421432495, -8.22497558594],
        "cov": [[1880.1114502, -251.597045898, -606.99621582, 292.13494873, -143.479629517, 125.898368835, -314.931365967, 20.4020519257, -20.5903835297, 51.3412322998, -101.165122986, -135.98274231, 61.0201187134], [-251.597045898, 758.450866699, 388.331634521, -302.102996826, -18.4025192261, -182.15296936, 31.3632106781, -171.071105957, -99.2310256958, -29.9068412781, 22.0597038269, -1.84052395821, -86.3057479858], [-606.99621582, 388.331634521, 528.11126709, -121.368621826, -50.3380813599, -128.248062134, 103.725746155, -47.9813919067, -79.1509933472, -41.1667327881, 57.5667800903, 35.66563797, -73.1552124023], [292.13494873, -302.102996826, -121.368621826, 294.024078369, 52.0135574341, 66.8411331177, -49.5881576538, 71.2009429932, 35.0053367615, 8.2404756546, -34.768409729, -22.8363037109, 40.3198204041], [-143.479629517, -18.4025192261, -50.3380813599, 52.0135574341, 220.54876709, 65.446434021, 13.3198308945, -16.0522212982, 66.4727935791, 24.4264621735, -45.2911491394, -24.3037834167, 10.6313800812], [125.898368835, -182.15296936, -128.248062134, 66.8411331177, 65.446434021, 172.966796875, 34.6475524902, 27.1106147766, 27.3638401031, 41.0887641907, 9.54511737823, -28.6769123077, -13.7809152603], [-314.931365967, 31.3632106781, 103.725746155, -49.5881576538, 13.3198308945, 34.6475524902, 168.393188477, 41.0089950562, -5.10971450806, 3.70220923424, 43.3734970093, 32.107208252, -30.688243866], [20.4020519257, -171.071105957, -47.9813919067, 71.2009429932, -16.0522212982, 27.1106147766, 41.0089950562, 123.622505188, 53.7256126404, 0.261111289263, -12.3149957657, 8.35086154938, 33.8725509644], [-20.5903835297, -99.2310256958, -79.1509933472, 35.0053367615, 66.4727935791, 27.3638401031, -5.10971450806, 53.7256126404, 119.725105286, 42.9542808533, -43.1692886353, -12.5141496658, 38.8257522583], [51.3412322998, -29.9068412781, -41.1667327881, 8.2404756546, 24.4264621735, 41.0887641907, 3.70220923424, 0.261111289263, 42.9542808533, 76.8636322021, 12.3960542679, -14.1607599258, 3.85708284378], [-101.165122986, 22.0597038269, 57.5667800903, -34.768409729, -45.2911491394, 9.54511737823, 43.3734970093, -12.3149957657, -43.1692886353, 12.3960542679, 102.610145569, 43.8612327576, -29.0872402191], [-135.98274231, -1.84052395821, 35.66563797, -22.8363037109, -24.3037834167, -28.6769123077, 32.107208252, 8.35086154938, -12.5141496658, -14.1607599258, 43.8612327576, 69.3712158203, 20.9502449036], [61.0201187134, -86.3057479858, -73.1552124023, 40.3198204041, 10.6313800812, -13.7809152603, -30.688243866, 33.8725509644, 38.8257522583, 3.85708284378, -29.0872402191, 20.9502449036, 86.7846679688]],
        "icov": [[0.00687770266086, -0.00973056349903, 0.00952043756843, -0.00967627204955, 0.00925989355892, -0.00855971872807, 0.0081745237112, -0.00710297375917, 0.00577223533764, -0.00519415084273, 0.00457352166995, -0.00118450808804, 0.000644751358777], [-0.00973056349903, 0.0194552298635, -0.0157853364944, 0.0173031743616, -0.0147869074717, 0.0157824233174, -0.0121200699359, 0.0131799122319, -0.0064875530079, 0.0061032124795, -0.0061141946353, 0.00481834961101, -0.000849329750054], [0.00952043756843, -0.0157853364944, 0.0178293008357, -0.0151962041855, 0.0132846040651, -0.00973776075989, 0.00858874619007, -0.0100559592247, 0.00752731785178, -0.00621054274961, 0.00500857410952, -0.00190276722424, 0.00253185629845], [-0.00967627204955, 0.0173031743616, -0.0151962041855, 0.0219230949879, -0.0165671836585, 0.0125021524727, -0.00778418127447, 0.00578905828297, -0.00347605883144, 0.00512239150703, -0.00557051273063, 0.00311601371504, -0.00127286359202], [0.00925989355892, -0.0147869074717, 0.0132846040651, -0.0165671836585, 0.0222928095609, -0.0155214564875, 0.00718128634617, -0.00208812998608, -0.000376146199415, -0.0036363939289, 0.00822685007006, -0.00203894148581, -0.000582592620049], [-0.00855971872807, 0.0157824233174, -0.00973776075989, 0.0125021524727, -0.0155214564875, 0.0263317897916, -0.0151698812842, 0.00975243188441, -0.00501466682181, 0.0032105287537, -0.0105303516611, 0.0102519337088, 0.000705492508132], [0.0081745237112, -0.0121200699359, 0.00858874619007, -0.00778418127447, 0.00718128634617, -0.0151698812842, 0.0253674127162, -0.0200193971395, 0.0119744166732, -0.0104912891984, 0.00786378607154, -0.0114472405985, 0.0070591061376], [-0.00710297375917, 0.0131799122319, -0.0100559592247, 0.00578905828297, -0.00208812998608, 0.00975243188441, -0.0200193971395, 0.0342525839806, -0.020747680217, 0.0150438295677, -0.00798402633518, 0.00869740918279, -0.00787058006972], [0.00577223533764, -0.0064875530079, 0.00752731785178, -0.00347605883144, -0.000376146199415, -0.00501466682181, 0.0119744166732, -0.020747680217, 0.0328509919345, -0.0219371840358, 0.0147713515908, -0.00764863053337, 0.00210718694143], [-0.00519415084273, 0.0061032124795, -0.00621054274961, 0.00512239150703, -0.0036363939289, 0.0032105287537, -0.0104912891984, 0.0150438295677, -0.0219371840358, 0.0334692373872, -0.0190968811512, 0.015417820774, -0.00831545796245], [0.00457352166995, -0.0061141946353, 0.00500857410952, -0.00557051273063, 0.00822685007006, -0.0105303516611, 0.00786378607154, -0.00798402633518, 0.0147713515908, -0.0190968811512, 0.0351361781359, -0.0272271186113, 0.0133203426376], [-0.00118450808804, 0.00481834961101, -0.00190276722424, 0.00311601371504, -0.00203894148581, 0.0102519337088, -0.0114472405985, 0.00869740918279, -0.00764863053337, 0.015417820774, -0.0272271186113, 0.0472608692944, -0.0207898262888], [0.000644751358777, -0.000849329750054, 0.00253185629845, -0.00127286359202, -0.000582592620049, 0.000705492508132, 0.0070591061376, -0.00787058006972, 0.00210718694143, -0.00831545796245, 0.0133203426376, -0.0207898262888, 0.0276120640337]]
    },
    "melbands": {
        "dmean": [5.04749878019e-05, 0.000358270772267, 0.0011053015478, 0.000745056720916, 0.000603514199611, 0.000655690557323, 0.000213140767301, 9.62142512435e-05, 3.81148201996e-05, 2.61791938101e-05, 2.27507898671e-05, 9.57536849455e-06, 8.88636350282e-06, 1.0577788089e-05, 1.00840152299e-05, 1.2580897419e-05, 5.758084626e-06, 1.91625331354e-05, 0.000104439241113, 9.26766952034e-05, 3.15745674015e-05, 2.84349766844e-06, 1.58916213877e-06, 9.29142288442e-07, 1.32241825668e-06, 1.06135814804e-06, 1.08893880224e-06, 1.2740032389e-06, 7.36328217954e-07, 4.17195735736e-07, 4.05233237188e-07, 2.05801214292e-07, 1.84687266369e-07, 2.38612557268e-07, 3.47255820543e-07, 4.38373405132e-07, 4.39434899135e-07, 3.58106348131e-07, 2.60694434928e-07, 1.51979321572e-07],
        "dmean2": [8.67634589667e-05, 0.000609554699622, 0.00191608432215, 0.00133123004343, 0.00103890418541, 0.00112175953109, 0.000357527227607, 0.000174706772668, 6.62940656184e-05, 4.38417955593e-05, 3.9710503188e-05, 1.69049726537e-05, 1.54763492901e-05, 1.73374137376e-05, 1.55379129865e-05, 1.76970534085e-05, 9.05434626475e-06, 2.7683472581e-05, 0.000150356354425, 0.000160981318913, 4.89831472805e-05, 5.2202212828e-06, 2.95678705697e-06, 1.67510393112e-06, 2.3517061436e-06, 1.87198349977e-06, 1.92707966562e-06, 2.23371353059e-06, 1.34316087497e-06, 7.49365085539e-07, 7.17190516752e-07, 3.5069228943e-07, 3.20456933878e-07, 4.37071918213e-07, 6.40387611384e-07, 8.22933827749e-07, 8.19420279186e-07, 6.72566841331e-07, 4.84229019548e-07, 2.80098674921e-07],
        "dvar": [5.96037086353e-09, 6.22577204012e-07, 3.56447958438e-06, 1.60594413501e-06, 8.94991671885e-07, 8.54182360399e-07, 1.40860421993e-07, 4.13009253464e-08, 4.36218572375e-09, 1.45551248831e-09, 1.85581983114e-09, 5.09145281491e-10, 3.04259395456e-10, 3.73579556179e-10, 5.88258108891e-10, 1.35887157082e-09, 2.44521292103e-10, 1.17856684412e-08, 7.80686377766e-07, 6.7786118052e-07, 8.04226374385e-08, 3.39311106989e-10, 9.21038939561e-11, 1.31033664821e-11, 2.00257865846e-11, 1.0045538186e-11, 1.62798385883e-11, 2.91949867059e-11, 9.53192733077e-12, 1.54403768417e-12, 1.93152568592e-12, 2.56905553688e-13, 1.65123977317e-13, 3.46431325467e-13, 1.07358121958e-12, 1.66143737223e-12, 2.11245777815e-12, 1.47139104286e-12, 6.94340797965e-13, 1.24137204964e-13],
        "dvar2": [1.69077178924e-08, 1.91964772966e-06, 9.73493843048e-06, 4.84555903313e-06, 2.61585364569e-06, 2.39964901994e-06, 3.86010754028e-07, 1.28662932752e-07, 1.16186873456e-08, 4.03262712112e-09, 5.33432276129e-09, 1.49622503276e-09, 8.84147588476e-10, 8.96407725826e-10, 1.23751420222e-09, 2.27434049371e-09, 5.65109348205e-10, 2.17601900943e-08, 1.78823893293e-06, 1.85874534964e-06, 1.93627784029e-07, 9.7740948668e-10, 2.67664390652e-10, 3.642307983e-11, 5.3086032098e-11, 2.49396319568e-11, 4.5646032093e-11, 7.81413961315e-11, 2.74300304692e-11, 4.27838667272e-12, 5.17052633348e-12, 6.47983999357e-13, 4.16283273044e-13, 9.6861201785e-13, 3.02396692756e-12, 4.48966384903e-12, 6.0941403833e-12, 4.27595675881e-12, 2.02252797843e-12, 3.55813333441e-13],
        "max": [0.00105576775968, 0.00960724800825, 0.0167355649173, 0.0139477653429, 0.00790776591748, 0.00751454755664, 0.00470839533955, 0.00225841859356, 0.000937330012675, 0.000532264704816, 0.000333779142238, 0.000276087987004, 0.000189648460946, 0.000265382812358, 0.0003154311853, 0.000552842277102, 0.000175420878804, 0.00201634690166, 0.016036786139, 0.0138180786744, 0.0046081575565, 0.000257512816461, 0.000136198548716, 5.33654056198e-05, 6.42795785097e-05, 4.51450541732e-05, 5.30494180566e-05, 5.74545520067e-05, 4.00461176469e-05, 1.50330697579e-05, 1.30228072521e-05, 5.61532669963e-06, 3.42648422702e-06, 3.8047455746e-06, 1.06426523416e-05, 1.28753144963e-05, 1.56399200932e-05, 1.46598649735e-05, 1.01373425423e-05, 3.70044608644e-06],
        "mean": [9.77158197202e-05, 0.00054042506963, 0.00153990322724, 0.00116025458556, 0.000898856727872, 0.000974939612206, 0.000320195831591, 0.000140822943649, 5.94926787016e-05, 4.27195445809e-05, 3.13623713737e-05, 1.33862204166e-05, 1.25721926452e-05, 1.54579865921e-05, 1.4276037291e-05, 2.05224005185e-05, 7.66349785408e-06, 2.56725670624e-05, 0.000116340146633, 9.39438687055e-05, 2.92902623187e-05, 2.25422650146e-06, 1.24193149986e-06, 8.13466726868e-07, 1.07948699224e-06, 9.09435698304e-07, 9.26299435378e-07, 1.03335435142e-06, 5.91542061557e-07, 3.69977357195e-07, 3.55683511089e-07, 2.0464381123e-07, 1.7812349995e-07, 2.02971662588e-07, 2.69521564178e-07, 3.32388708557e-07, 3.13760835979e-07, 2.57353633515e-07, 1.96391980012e-07, 1.26522920141e-07],
        "median": [6.22179941274e-05, 0.00024219021725, 0.000537170097232, 0.000508177501615, 0.00042118690908, 0.000442012329586, 0.000125688951812, 5.57148778171e-05, 3.24222601193e-05, 2.45732626354e-05, 1.77408292075e-05, 7.04207150193e-06, 6.11437098996e-06, 7.19792160453e-06, 4.87835404783e-06, 4.02826935897e-06, 2.29670808949e-06, 1.42152691751e-06, 9.83526547316e-07, 8.72898624493e-07, 6.99853671904e-07, 4.75023881563e-07, 3.54339675823e-07, 2.91776274253e-07, 3.01873740227e-07, 2.5654534852e-07, 2.28721262374e-07, 2.18187381051e-07, 1.63361832506e-07, 1.15894941644e-07, 9.14528044405e-08, 6.84903085357e-08, 6.06447443374e-08, 5.44666072244e-08, 6.42516653215e-08, 6.60175416556e-08, 5.88746402741e-08, 5.68730804673e-08, 4.46480044047e-08, 4.03871496246e-08],
        "min": [7.00041880464e-07, 8.77499041962e-06, 8.87748410605e-06, 4.90866341352e-06, 5.45855527889e-06, 7.3307232924e-06, 4.07862080465e-06, 6.40523637685e-07, 3.08421681439e-06, 7.64308879297e-07, 1.55205356123e-07, 1.28550865952e-07, 2.34304792457e-07, 2.50704459859e-07, 1.00970360961e-07, 6.99260027659e-08, 4.39373337713e-08, 9.08125841192e-09, 7.24930071527e-09, 1.1432252478e-08, 6.81704381833e-09, 1.08612310257e-08, 9.4511367621e-09, 5.89061288636e-09, 5.58653878713e-09, 5.90713833404e-09, 4.42832259751e-09, 4.01653421633e-09, 2.30126695477e-09, 3.59888430168e-09, 3.66026853271e-09, 2.88899681955e-09, 2.27027152633e-09, 1.99574090587e-09, 2.09219774838e-09, 1.16856202492e-09, 2.14914175345e-09, 1.10859421643e-09, 1.65592684009e-09, 1.36667732686e-09],
        "var": [1.35300748383e-08, 9.93365460999e-07, 6.09505877947e-06, 2.70777013611e-06, 1.43858653701e-06, 1.47388630012e-06, 2.8608300795e-07, 6.67376625074e-08, 7.93456411685e-09, 4.04412592303e-09, 2.21602047823e-09, 5.67683455799e-10, 3.95787569385e-10, 6.33088415025e-10, 8.89952278538e-10, 3.45893846898e-09, 3.42635003703e-10, 2.42275852713e-08, 9.95731625153e-07, 7.02560839727e-07, 7.59891207736e-08, 2.04226885403e-10, 5.25287383035e-11, 8.99537302285e-12, 1.48188440685e-11, 8.52184035144e-12, 1.15903137782e-11, 2.2829901164e-11, 5.82321257186e-12, 1.10482185466e-12, 1.46149130124e-12, 2.32294354108e-13, 1.50879187074e-13, 2.52580373067e-13, 6.82540124679e-13, 1.12632635423e-12, 1.22825393519e-12, 8.35039340192e-13, 4.02286900623e-13, 8.14722435024e-14]
    },
    "mfcc": {
        "mean": [-723.926391602, 157.905578613, 32.0875434875, 11.9563102722, 3.54047179222, -2.65051245689, -4.94559335709, -11.9807090759, -12.3506269455, -5.09842586517, -8.95510959625, -2.79153800011, -3.38867592812],
        "cov": [[2506.96801758, -754.676208496, -416.702606201, -34.4787368774, 106.754745483, 10.9958953857, -141.375137329, -143.75718689, 27.8139057159, 149.295623779, -139.841537476, -112.837638855, -40.4666366577], [-754.676208496, 1064.25646973, 296.216766357, -65.1766662598, -134.790802002, -45.7660598755, 13.4901704788, -92.2496643066, -129.660293579, -170.518249512, 56.3368911743, 7.38694572449, -59.2294769287], [-416.702606201, 296.216766357, 352.737060547, 52.3525772095, -89.9081344604, -76.5375747681, 42.4347572327, -1.00959634781, -90.7599334717, -73.1565322876, 38.7657546997, 12.4586544037, -26.4166088104], [-34.4787368774, -65.1766662598, 52.3525772095, 163.958709717, 49.2919311523, -11.5234203339, -7.5093755722, 8.45834255219, 25.8003196716, -0.838038146496, -28.8741455078, -8.16528224945, 15.2264060974], [106.754745483, -134.790802002, -89.9081344604, 49.2919311523, 157.424301147, 66.6678619385, -35.0384559631, -15.175028801, 51.1817321777, 49.7216300964, -35.146686554, -16.7293891907, 16.5751514435], [10.9958953857, -45.7660598755, -76.5375747681, -11.5234203339, 66.6678619385, 141.798858643, 33.1532363892, -7.71755218506, 15.9598550797, 42.4436836243, 32.6489334106, 15.3583078384, -8.26335048676], [-141.375137329, 13.4901704788, 42.4347572327, -7.5093755722, -35.0384559631, 33.1532363892, 125.453903198, 51.2375831604, -41.3610687256, -24.7498588562, 54.7073440552, 47.0292816162, -28.0404891968], [-143.75718689, -92.2496643066, -1.00959634781, 8.45834255219, -15.175028801, -7.71755218506, 51.2375831604, 102.681282043, 27.2426548004, 3.22035431862, 13.2960453033, 23.5384407043, 18.3846511841], [27.8139057159, -129.660293579, -90.7599334717, 25.8003196716, 51.1817321777, 15.9598550797, -41.3610687256, 27.2426548004, 153.367721558, 86.938117981, -40.2828445435, -31.3566322327, 42.6051216125], [149.295623779, -170.518249512, -73.1565322876, -0.838038146496, 49.7216300964, 42.4436836243, -24.7498588562, 3.22035431862, 86.938117981, 136.477172852, 10.8982038498, -31.8361034393, 17.9898948669], [-139.841537476, 56.3368911743, 38.7657546997, -28.8741455078, -35.146686554, 32.6489334106, 54.7073440552, 13.2960453033, -40.2828445435, 10.8982038498, 101.283874512, 34.3274459839, -26.2735996246], [-112.837638855, 7.38694572449, 12.4586544037, -8.16528224945, -16.7293891907, 15.3583078384, 47.0292816162, 23.5384407043, -31.3566322327, -31.8361034393, 34.3274459839, 83.6046676636, 3.59496760368], [-40.4666366577, -59.2294769287, -26.4166088104, 15.2264060974, 16.5751514435, -8.26335048676, -28.0404891968, 18.3846511841, 42.6051216125, 17.9898948669, -26.2735996246, 3.59496760368, 70.2559661865]],
