{
"lowlevel": {
    "average_loudness": 0.879130005836,
    "barkbands_crest": {
        "dmean": 3.70472717285,
        "dmean2": 6.65750455856,
        "dvar": 6.25990629196,
        "dvar2": 18.6144485474,
        "max": 24.4069709778,
        "mean": 13.4596166611,
        "median": 12.82168293,
        "min": 5.46513748169,
        "var": 13.9474620819
    },
    "barkbands_flatness_db": {
        "dmean": 0.0382050275803,
        "dmean2": 0.0679031312466,
        "dvar": 0.00103742955253,
        "dvar2": 0.00253122369759,
        "max": 0.454191863537,
        "mean": 0.215517684817,
        "median": 0.197603404522,
        "min": 0.0576546825469,
        "var": 0.00929732900113
    },
    "barkbands_kurtosis": {
        "dmean": 16.6520633698,
        "dmean2": 30.944185257,
        "dvar": 347.980834961,
        "dvar2": 1088.49731445,
        "max": 119.780418396,
        "mean": 30.4036560059,
        "median": 17.8003501892,
        "min": -0.81267118454,
        "var": 944.413452148
    },
    "barkbands_skewness": {
        "dmean": 1.22682511806,
        "dmean2": 2.23495793343,
        "dvar": 1.15522456169,
        "dvar2": 3.40025424957,
        "max": 9.01055622101,
        "mean": 3.79657030106,
        "median": 3.42460227013,
        "min": 0.330242663622,
        "var": 4.24116897583
    },
    "barkbands_spread": {
        "dmean": 5.83417797089,
        "dmean2": 10.5051965714,
        "dvar": 65.4257049561,
        "dvar2": 168.518325806,
        "max": 87.8674697876,
        "mean": 14.4277658463,
        "median": 8.78810501099,
        "min": 0.981616735458,
        "var": 309.214233398
    },
    "dissonance": {
        "dmean": 0.0209394264966,
        "dmean2": 0.0363104008138,
        "dvar": 0.000517495558597,
        "dvar2": 0.00126458751038,
        "max": 0.49260187149,
        "mean": 0.45011472702,
        "median": 0.459312438965,
        "min": 0.297956764698,
        "var": 0.000981257297099
    },
    "dynamic_complexity": 9.74581813812,
    "erbbands_crest": {
        "dmean": 2.27909970284,
        "dmean2": 4.02121686935,
        "dvar": 4.08237409592,
        "dvar2": 12.0945825577,
        "max": 15.8858671188,
        "mean": 9.77806568146,
        "median": 9.96468257904,
        "min": 3.66636180878,
        "var": 5.76326942444
    },
    "erbbands_flatness_db": {
        "dmean": 0.0214840099216,
        "dmean2": 0.0365708805621,
        "dvar": 0.000487735931529,
        "dvar2": 0.0010756473057,
        "max": 0.436904221773,
        "mean": 0.186261311173,
        "median": 0.164870157838,
        "min": 0.0480900779366,
        "var": 0.0104105677456
    },
    "erbbands_kurtosis": {
        "dmean": 3.58759570122,
        "dmean2": 5.87910509109,
        "dvar": 20.447429657,
        "dvar2": 55.8831939697,
        "max": 27.2703933716,
        "mean": 6.72652721405,
        "median": 3.65430355072,
        "min": -1.51154339314,
        "var": 61.0156059265
    },
    "erbbands_skewness": {
        "dmean": 0.546956658363,
        "dmean2": 0.894046068192,
        "dvar": 0.355307936668,
        "dvar2": 1.02485215664,
        "max": 4.24834060669,
        "mean": 1.75130522251,
        "median": 1.68718314171,
        "min": -1.31484687328,
        "var": 1.5004979372
    },
    "erbbands_spread": {
        "dmean": 9.04857254028,
        "dmean2": 15.1522188187,
        "dvar": 143.914855957,
        "dvar2": 393.338378906,
        "max": 101.367324829,
        "mean": 34.125289917,
        "median": 23.8109855652,
        "min": 2.41213011742,
        "var": 762.510009766
    },
    "hfc": {
        "dmean": 1.8067035675,
        "dmean2": 2.93088674545,
        "dvar": 14.2515726089,
        "dvar2": 35.2792282104,
        "max": 44.7502403259,
        "mean": 3.91280198097,
        "median": 0.843881309032,
        "min": 0.00265697785653,
        "var": 46.8486061096
    },
    "melbands_crest": {
        "dmean": 4.67473554611,
        "dmean2": 8.43069171906,
        "dvar": 6.37043333054,
        "dvar2": 25.5693569183,
        "max": 25.2214870453,
        "mean": 16.0386180878,
        "median": 15.7862586975,
        "min": 7.27412939072,
        "var": 16.2179985046
    },
    "melbands_flatness_db": {
        "dmean": 0.0378826707602,
        "dmean2": 0.0669721886516,
        "dvar": 0.0011952201603,
        "dvar2": 0.00292144925334,
        "max": 0.583113074303,
        "mean": 0.30768725276,
        "median": 0.286699086428,
        "min": 0.112545989454,
        "var": 0.0120190270245
    },
    "melbands_kurtosis": {
        "dmean": 10.9172945023,
        "dmean2": 18.1782455444,
        "dvar": 77.5447463989,
        "dvar2": 209.711303711,
        "max": 68.0125732422,
        "mean": 27.5618667603,
        "median": 25.7340450287,
        "min": -0.590763807297,
        "var": 308.263244629
    },
    "melbands_skewness": {
        "dmean": 0.932507872581,
        "dmean2": 1.58966088295,
        "dvar": 0.618432819843,
        "dvar2": 1.42560136318,
        "max": 6.978120327,
        "mean": 3.20261931419,
        "median": 3.29255104065,
        "min": -0.344270855188,
        "var": 2.68468904495
    },
    "melbands_spread": {
        "dmean": 3.26223301888,
        "dmean2": 5.85987091064,
        "dvar": 40.3091964722,
        "dvar2": 85.7550506592,
        "max": 62.963306427,
        "mean": 7.56741380692,
        "median": 5.01122570038,
        "min": 1.89601778984,
        "var": 80.8948135376
    },
    "pitch_salience": {
        "dmean": 0.089412920177,
        "dmean2": 0.160549104214,
        "dvar": 0.0047580213286,
        "dvar2": 0.0141510637477,
        "max": 0.772715270519,
        "mean": 0.561271071434,
        "median": 0.571116805077,
        "min": 0.269496202469,
        "var": 0.0101715279743
    },
    "silence_rate_20dB": {
        "dmean": 0,
        "dmean2": 0,
        "dvar": 0,
        "dvar2": 0,
        "max": 1,
        "mean": 1,
        "median": 1,
        "min": 1,
        "var": 0
    },
    "silence_rate_30dB": {
        "dmean": 0,
        "dmean2": 0,
        "dvar": 0,
        "dvar2": 0,
        "max": 1,
        "mean": 1,
        "median": 1,
        "min": 1,
        "var": 0
    },
    "silence_rate_60dB": {
        "dmean": 0.0250000003725,
        "dmean2": 0.0504201687872,
        "dvar": 0.0243749506772,
        "dvar2": 0.0478778928518,
        "max": 1,
        "mean": 0.553718984127,
        "median": 1,
        "min": 0,
        "var": 0.247114449739
    },
    "spectral_centroid": {
        "dmean": 173.253814697,
        "dmean2": 310.6668396,
        "dvar": 76904.53125,
        "dvar2": 208289.078125,
        "max": 2354.88989258,
        "mean": 586.279174805,
        "median": 433.36138916,
        "min": 268.784484863,
        "var": 152232.25
    },
    "spectral_complexity": {
        "dmean": 1.15833330154,
        "dmean2": 2.11764717102,
        "dvar": 5.69993019104,
        "dvar2": 17.6331958771,
        "max": 18,
        "mean": 4.16528940201,
        "median": 4,
        "min": 0,
        "var": 13.7743272781
    },
    "spectral_decrease": {
        "dmean": 1.34111621808e-09,
        "dmean2": 2.14340012406e-09,
        "dvar": 7.41139766777e-18,
        "dvar2": 2.02419450416e-17,
        "max": -3.36413541338e-13,
        "mean": -2.57319432428e-09,
        "median": -4.88918683317e-10,
        "min": -2.88134565096e-08,
        "var": 2.24875766229e-17
    },
    "spectral_energy": {
        "dmean": 0.0051976647228,
        "dmean2": 0.00828852597624,
        "dvar": 0.000112118010293,
        "dvar2": 0.000304893736029,
        "max": 0.112807482481,
        "mean": 0.0100667215884,
        "median": 0.00198323000222,
        "min": 1.51069980348e-06,
        "var": 0.000342530984199
    },
    "spectral_energyband_high": {
        "dmean": 4.63101205241e-05,
        "dmean2": 8.41204673634e-05,
        "dvar": 1.75641314826e-08,
        "dvar2": 5.70701637059e-08,
        "max": 0.000851299671922,
        "mean": 3.99680939154e-05,
        "median": 7.71363374952e-06,
        "min": 1.14123444916e-07,
        "var": 1.3325217374e-08
    },
    "spectral_energyband_low": {
        "dmean": 7.74930595071e-05,
        "dmean2": 0.000100802055385,
        "dvar": 4.92279141895e-08,
        "dvar2": 6.33680414808e-08,
        "max": 0.00299488799646,
        "mean": 0.000135590031277,
        "median": 2.55097129411e-05,
        "min": 6.62788863792e-07,
        "var": 1.55701712856e-07
    },
    "spectral_energyband_middle_high": {
        "dmean": 9.81304619927e-05,
        "dmean2": 0.000167939273524,
        "dvar": 8.08319242651e-08,
        "dvar2": 2.32836995906e-07,
        "max": 0.00213043019176,
        "mean": 0.000136018687044,
        "median": 1.5330977476e-05,
        "min": 3.56739064955e-08,
        "var": 9.63515489616e-08
    },
    "spectral_energyband_middle_low": {
        "dmean": 0.00516056874767,
        "dmean2": 0.0083165820688,
        "dvar": 0.000112736146548,
        "dvar2": 0.000307173613692,
        "max": 0.111917197704,
        "mean": 0.00978166796267,
        "median": 0.00169428717345,
        "min": 5.22703771821e-07,
        "var": 0.000337934092386
    },
    "spectral_entropy": {
        "dmean": 0.290219694376,
        "dmean2": 0.506149351597,
        "dvar": 0.09268733114,
        "dvar2": 0.23027163744,
        "max": 8.53225135803,
        "mean": 6.88635635376,
        "median": 7.02777147293,
        "min": 4.74418067932,
        "var": 0.906342446804
    },
    "spectral_flux": {
        "dmean": 0.00921267922968,
        "dmean2": 0.0133823845536,
        "dvar": 0.000207875142223,
        "dvar2": 0.000403784069931,
        "max": 0.206680461764,
        "mean": 0.0367792397738,
        "median": 0.0191141627729,
        "min": 0.00277304113843,
        "var": 0.00189536262769
    },
    "spectral_kurtosis": {
        "dmean": 5.41996335983,
        "dmean2": 8.39132785797,
        "dvar": 190.761856079,
        "dvar2": 342.41506958,
        "max": 149.567672729,
        "mean": 18.5256462097,
        "median": 6.31974697113,
        "min": 0.666253566742,
        "var": 1125.90600586
    },
    "spectral_rms": {
        "dmean": 0.00054155435646,
        "dmean2": 0.000884096545633,
        "dvar": 5.40318467301e-07,
        "dvar2": 1.50220159867e-06,
        "max": 0.0104907620698,
        "mean": 0.00221181358211,
        "median": 0.00139099196531,
        "min": 3.83908009098e-05,
        "var": 4.92906929139e-06
    },
    "spectral_rolloff": {
        "dmean": 378.087097168,
        "dmean2": 702.633789062,
        "dvar": 1258917.375,
        "dvar2": 2915869,
        "max": 9453.07617188,
        "mean": 883.395141602,
        "median": 452.197265625,
        "min": 21.533203125,
        "var": 2613619.5
    },
    "spectral_skewness": {
        "dmean": 0.470146536827,
        "dmean2": 0.717785179615,
        "dvar": 0.66270917654,
        "dvar2": 1.34090554714,
        "max": 10.4673480988,
        "mean": 2.91554331779,
        "median": 2.1005563736,
        "min": 0.750668883324,
        "var": 5.12279558182
    },
    "spectral_spread": {
        "dmean": 695780,
        "dmean2": 1063624.875,
        "dvar": 1.45073307648e+12,
        "dvar2": 1.51230139597e+12,
        "max": 23750336,
        "mean": 5805937.5,
        "median": 5522092.5,
        "min": 625608.125,
        "var": 8.7729808343e+12
    },
    "spectral_strongpeak": {
        "dmean": 0.162263676524,
        "dmean2": 0.270250141621,
        "dvar": 0.0928352996707,
        "dvar2": 0.215945586562,
        "max": 2.74733877182,
        "mean": 0.435222685337,
        "median": 0.236010357738,
        "min": 0,
        "var": 0.283667862415
    },
    "zerocrossingrate": {
        "dmean": 0.0123413084075,
        "dmean2": 0.0172088369727,
        "dvar": 0.000306018075207,
        "dvar2": 0.000412047316786,
        "max": 0.2509765625,
        "mean": 0.0636662244797,
        "median": 0.04931640625,
        "min": 0.01123046875,
        "var": 0.00266975769773
    },
    "barkbands": {
        "dmean": [0.000100970741187, 5.46206274521e-06, 1.38225304909e-05, 0.000108509877464, 0.00325175118633, 0.00152417086065, 0.00131973391399, 0.000397942698328, 8.47524352139e-05, 3.10563445964e-05, 1.08302710942e-05, 8.2284632299e-06, 5.75606145503e-06, 4.64631193609e-06, 6.62340698909e-06, 8.20273453428e-06, 6.20042828814e-06, 1.82054682227e-05, 1.57000013132e-05, 1.87931746041e-05, 1.35749705805e-05, 6.19557567916e-06, 5.80883988732e-06, 4.81180586576e-06, 5.36180641575e-06, 6.27511838047e-07, 9.72436055235e-07],
        "dmean2": [0.000178834918188, 9.95530444925e-06, 1.59095925483e-05, 0.000158022652613, 0.00600820360705, 0.00197644717991, 0.00226016854867, 0.000725578633137, 0.00013209017925, 4.22490556957e-05, 1.82466519618e-05, 1.33410567287e-05, 1.02822095869e-05, 8.33403191791e-06, 1.26438517327e-05, 1.47987084347e-05, 1.10382543426e-05, 3.56781711162e-05, 2.83192221104e-05, 3.58921861334e-05, 2.51927813224e-05, 1.07929818114e-05, 1.05337994682e-05, 8.5968458734e-06, 9.77618856268e-06, 1.02200590391e-06, 1.68578571902e-06],
        "dvar": [3.22138866693e-08, 1.88615317809e-10, 2.73235589709e-09, 7.80414950441e-08, 3.89409105992e-05, 1.56445366883e-05, 1.96511100512e-05, 1.11199744879e-06, 1.07039703323e-07, 8.67441052321e-09, 1.15197840156e-09, 7.8277806459e-10, 4.69844108064e-10, 5.19933041065e-10, 1.03380826122e-09, 1.00410746384e-09, 4.61096799631e-10, 6.18315620926e-09, 1.95325777774e-09, 4.70075134373e-09, 2.29784102856e-09, 3.92718468856e-10, 2.26359431199e-10, 1.82674306237e-10, 2.59836846483e-10, 3.69756612481e-12, 1.09037587986e-11],
        "dvar2": [9.91202639966e-08, 5.81297510127e-10, 3.98145294511e-09, 1.20589561448e-07, 0.000141706157592, 3.4263204725e-05, 5.56198356207e-05, 3.62406649401e-06, 2.54405904343e-07, 1.53081547438e-08, 2.7773547906e-09, 1.99943706036e-09, 1.00780117585e-09, 1.57743840212e-09, 3.07569014701e-09, 2.83772227938e-09, 1.29163701956e-09, 1.97460714446e-08, 6.72074307317e-09, 1.61207829308e-08, 7.43055128538e-09, 1.13406373181e-09, 7.03822555792e-10, 5.29974397701e-10, 8.01111788018e-10, 9.2895179396e-12, 3.04548226915e-11],
        "max": [0.00110459211282, 0.000112232104584, 0.000726406404283, 0.00279723899439, 0.0353189557791, 0.0370581224561, 0.0412580780685, 0.0107034463435, 0.00412129657343, 0.00110533658881, 0.000271523254924, 0.000250027689617, 0.000201458708034, 0.000201937247766, 0.000263152440311, 0.000207439821679, 0.000175862995093, 0.000665697210934, 0.000289542891551, 0.000446469086455, 0.000377158285119, 0.000131933877128, 7.38372109481e-05, 7.39838797017e-05, 9.67010346358e-05, 1.74268479896e-05, 3.27967754856e-05],
        "mean": [8.76565536601e-05, 5.26241501575e-06, 2.53427733696e-05, 0.000281702523353, 0.00363553431816, 0.00286747561768, 0.00215402897447, 0.000649034278467, 0.000169466540683, 5.65057998756e-05, 1.70327894011e-05, 1.03365118775e-05, 8.14351733425e-06, 5.13170834893e-06, 5.42855832464e-06, 6.88063983034e-06, 5.50973709323e-06, 1.36180005939e-05, 1.3045925698e-05, 1.35949831019e-05, 1.06480420072e-05, 5.36809648111e-06, 4.42008376922e-06, 4.00328644901e-06, 4.07842617278e-06, 9.4573243814e-07, 4.21792947236e-06],
        "median": [3.29287613567e-05, 2.10902362596e-06, 9.0497792371e-07, 0.000101615172753, 0.000552284938749, 0.000222610062337, 0.000328391965013, 3.55385891453e-05, 2.74726880889e-06, 1.4583107486e-06, 1.08141875899e-06, 9.48034653447e-07, 7.72692033024e-07, 4.90831212119e-07, 6.44910755909e-07, 5.57998532713e-07, 6.24406595762e-07, 7.76751676312e-07, 8.09313689842e-07, 5.93871845922e-07, 6.13763461388e-07, 4.6327559744e-07, 4.93062202622e-07, 7.19878755717e-07, 8.14763723156e-07, 4.87650197556e-07, 3.92752144762e-06],
        "min": [2.61178655592e-07, 8.59483222371e-08, 2.53959147045e-08, 1.51354669242e-07, 2.52212771557e-07, 1.64421791737e-08, 5.62984787678e-08, 3.02469622682e-08, 1.49458170284e-08, 5.26067234219e-09, 2.21917595411e-09, 1.62394497849e-09, 2.43252884502e-09, 2.41162712022e-09, 3.3981384373e-09, 6.9267325209e-09, 1.66432723159e-09, 3.85695120286e-09, 5.18774889713e-09, 6.38463149016e-09, 4.59684690313e-09, 1.56328550105e-09, 1.49570456021e-09, 4.95463936545e-09, 8.99146090916e-09, 4.59971483124e-09, 8.82981723294e-08],
        "var": [2.59034944605e-08, 1.36748098956e-10, 7.98190669116e-09, 2.34475322713e-07, 4.56846246379e-05, 3.70698908227e-05, 2.63198271568e-05, 2.37353015109e-06, 2.67188170255e-07, 2.5996884645e-08, 2.11477524381e-09, 1.00448327434e-09, 7.17261527949e-10, 4.54782295156e-10, 6.12272399447e-10, 7.15325298994e-10, 3.42992967362e-10, 4.17041379208e-09, 1.64632696364e-09, 3.09778536156e-09, 1.83098558537e-09, 3.30222432732e-10, 1.610691025e-10, 1.32807140285e-10, 1.76479858505e-10, 3.99663115103e-12, 7.27038047821e-12]
    },
    "erbbands": {
        "dmean": [0.000465584627818, 0.00111145910341, 0.0139553006738, 0.373293817043, 9.10416698456, 8.73913764954, 3.93174386024, 14.3330659866, 15.5796251297, 15.7137317657, 3.48985314369, 2.18998503685, 1.11748099327, 0.466776847839, 0.325144767761, 0.378972560167, 0.285332381725, 0.214015111327, 0.265387713909, 0.546277463436, 0.364342659712, 0.353484332561, 0.907729506493, 0.67084312439, 0.976405262947, 0.888592660427, 0.743187308311, 0.366559237242, 0.262036263943, 0.127267464995, 0.187331929803, 0.126701638103, 0.08309212327, 0.0746334716678, 0.0257899891585, 0.00452672922984, 0.000927790184505, 0.000420656520873, 0.000172468760866, 1.74337128556e-05],
        "dmean2": [0.000833343423437, 0.00206642365083, 0.0184490326792, 0.615614533424, 16.7424144745, 16.2324333191, 5.25437259674, 17.1940746307, 26.1233768463, 27.2488231659, 5.52819681168, 3.50900316238, 1.61828887463, 0.668315947056, 0.520547032356, 0.618218481541, 0.503687739372, 0.36912932992, 0.507261753082, 1.04023790359, 0.637379705906, 0.640511155128, 1.76416575909, 1.25490951538, 1.79638338089, 1.70324397087, 1.41502833366, 0.663972854614, 0.459609508514, 0.226473256946, 0.341706901789, 0.231105819345, 0.148707449436, 0.137108564377, 0.0457678176463, 0.0076768877916, 0.00156888796482, 0.0007122400566, 0.000303543114569, 2.96004564007e-05],
        "dvar": [4.58721842733e-07, 1.42287763083e-05, 0.00151718407869, 0.557185173035, 308.313262939, 271.754730225, 244.96282959, 1315.25378418, 3362.09423828, 2624.51611328, 110.956390381, 72.925994873, 11.0656404495, 1.91877830029, 1.47929990292, 1.61662912369, 1.2653888464, 0.846181750298, 1.96218299866, 5.2119269371, 1.7991642952, 1.29434502125, 14.1716575623, 4.60882902145, 10.546582222, 10.3300848007, 6.58702754974, 1.59001874924, 0.778348207474, 0.13440515101, 0.248800069094, 0.132865235209, 0.0508865527809, 0.0492678284645, 0.00638196710497, 0.000175187611603, 9.09843492991e-06, 2.94620758723e-06, 5.51041182462e-07, 7.79788567051e-10],
        "dvar2": [1.5559522808e-06, 4.09023050452e-05, 0.00222566304728, 1.10615241528, 1085.72558594, 995.414855957, 493.790283203, 2698.34155273, 8997.42871094, 7578.42285156, 246.040557861, 146.085037231, 24.1852798462, 2.86853384972, 3.86755847931, 4.21837520599, 2.76280736923, 2.43331289291, 6.0140376091, 15.355846405, 4.76905870438, 3.75088906288, 46.2769317627, 14.5343904495, 36.9204025269, 35.4971466064, 22.3616580963, 4.74377441406, 2.24533462524, 0.393935263157, 0.786764144897, 0.397104233503, 0.150934398174, 0.154064178467, 0.018270323053, 0.000462716649054, 2.36927371589e-05, 8.07564629213e-06, 1.55243776589e-06, 2.02758565493e-09],
        "max": [0.00421272730455, 0.0352914221585, 0.533556163311, 7.04661464691, 102.521476746, 91.2462997437, 166.626296997, 392.962432861, 561.956420898, 561.484313965, 135.732421875, 111.115257263, 34.9035453796, 23.4803161621, 11.3444128036, 10.976225853, 10.4551744461, 8.56640434265, 11.8013744354, 15.3253488541, 10.7875480652, 8.68787384033, 31.4501552582, 16.2252655029, 20.5385417938, 20.2729282379, 16.144361496, 11.2321434021, 6.10134458542, 2.18584370613, 2.73468375206, 2.03475499153, 1.1678237915, 1.21856355667, 0.601180374622, 0.113755725324, 0.0263076387346, 0.0167330894619, 0.00687362626195, 0.000306887930492],
        "mean": [0.000517793872859, 0.00128720956855, 0.0257291663438, 0.68482363224, 11.0517902374, 8.89795207977, 6.24572038651, 27.6419563293, 32.1221427917, 30.9121112823, 7.9567489624, 4.75180006027, 2.26409053802, 1.17248094082, 0.524483919144, 0.460587710142, 0.379403799772, 0.295453935862, 0.23775704205, 0.427727043629, 0.314644396305, 0.316972672939, 0.681568801403, 0.568125367165, 0.772297143936, 0.639997422695, 0.531051456928, 0.328124254942, 0.218265816569, 0.114569909871, 0.13949328661, 0.0987503752112, 0.0673173442483, 0.0552017614245, 0.0211851745844, 0.00496163405478, 0.00153542729095, 0.000980083364993, 0.00050692592049, 9.0367073426e-05],
        "median": [0.00026533586788, 0.000437939655967, 0.0048933965154, 0.242201402783, 1.82873666286, 1.312723279, 0.449422478676, 2.19113302231, 3.90368390083, 4.30171298981, 0.533352255821, 0.0804988518357, 0.060400955379, 0.0464676730335, 0.0523621626198, 0.0395528897643, 0.0381142832339, 0.0284133721143, 0.0317467153072, 0.030874826014, 0.0303553957492, 0.0300108548254, 0.0412371940911, 0.050808545202, 0.0357673093677, 0.0315510071814, 0.0244443900883, 0.0209658239037, 0.0167029891163, 0.0149403829128, 0.0130425421521, 0.0138244796544, 0.0124600967392, 0.0103905629367, 0.00470523815602, 0.00179700111039, 0.000868475472089, 0.000762728857808, 0.000446184392786, 8.45267204568e-05],
        "min": [1.47248474605e-05, 2.58423187915e-05, 0.000109261505713, 0.000343659805367, 0.000790864345618, 0.000833709142171, 0.000300987390801, 0.000137032548082, 0.00069047184661, 0.000759725749958, 0.000672028632835, 0.000367691653082, 0.000152682303451, 0.000120462958876, 0.000105064762465, 8.38263367768e-05, 0.000104645609099, 8.5116327682e-05, 0.000226051852223, 0.000188490637811, 0.000370719470084, 0.000108322987217, 0.000222687158384, 0.000177118738065, 0.00026829043054, 0.000300222454825, 0.00025279429974, 0.00017834972823, 6.35411925032e-05, 2.60107826762e-05, 4.4157004595e-05, 6.00732528255e-05, 0.000115682691103, 0.000125188802485, 5.02527764183e-05, 1.29870313685e-05, 1.02848753158e-05, 2.26581996685e-05, 8.69136874826e-06, 1.72631484929e-06],
        "var": [4.81137249153e-07, 1.22673618534e-05, 0.00462581729516, 1.43250095844, 386.198455811, 304.49786377, 342.434967041, 3539.81103516, 5277.25341797, 5056.89599609, 381.860443115, 221.814346313, 33.3535575867, 11.7027416229, 2.00475716591, 2.04780936241, 1.75574123859, 1.06710934639, 1.23772168159, 3.21071028709, 1.42522823811, 0.992168962955, 9.71224117279, 3.35121059418, 8.30872535706, 6.73553466797, 4.55312156677, 1.51301825047, 0.624508261681, 0.111738570035, 0.174784779549, 0.0927930250764, 0.0367551892996, 0.032690461725, 0.00470126746222, 0.000164804790984, 9.59798126132e-06, 2.27877899306e-06, 3.50108479097e-07, 9.51642209479e-10]
    },
    "gfcc": {
        "mean": [-186.281616211, 72.8846130371, -52.2273521423, -1.53775382042, -69.7205429077, -37.13123703, -49.0698242188, -14.9445858002, -23.2604846954, -8.71308612823, -7.46182823181, -9.72481250763, -10.6159963608],
        "cov": [[6382.39306641, 1637.37817383, -1163.49938965, -158.025588989, -1396.49023438, -644.997680664, -393.594360352, -43.0721244812, -291.792633057, -104.489494324, -173.550888062, -233.105865479, -184.717544556], [1637.37817383, 1958.43823242, 278.076751709, -915.492553711, -753.994262695, -539.056762695, -47.1550331116, -38.4831619263, -70.7203521729, -148.540771484, -170.696182251, -149.861312866, -80.6009902954], [-1163.49938965, 278.076751709, 648.086853027, -283.603668213, -16.3917598724, -75.8086700439, 33.9712982178, -25.5038585663, 60.9142532349, -34.1618652344, -14.2134494781, 6.60772943497, 0.394989401102], [-158.025588989, -915.492553711, -283.603668213, 648.491210938, 208.940139771, 126.596725464, -79.2629470825, -34.2172966003, 21.0976581573, 89.5696105957, 83.6707077026, 29.0213012695, -1.7498677969], [-1396.49023438, -753.994262695, -16.3917598724, 208.940139771, 635.735900879, 369.425292969, 108.765022278, 44.5454940796, 47.1945648193, 68.3438415527, 78.3888320923, 104.957298279, 77.3819961548], [-644.997680664, -539.056762695, -75.8086700439, 126.596725464, 369.425292969, 361.133331299, 126.227035522, 57.6334953308, 14.1208333969, 36.9408416748, 57.4024543762, 85.00340271, 70.1861343384], [-393.594360352, -47.1550331116, 33.9712982178, -79.2629470825, 108.765022278, 126.227035522, 172.236907959, 62.9296875, 9.45587730408, 4.45351552963, 14.1141824722, 36.4707603455, 46.9078102112], [-43.0721244812, -38.4831619263, -25.5038585663, -34.2172966003, 44.5454940796, 57.6334953308, 62.9296875, 80.643699646, 2.11515879631, 6.15517568588, 1.83190917969, 15.4170789719, 28.1409378052], [-291.792633057, -70.7203521729, 60.9142532349, 21.0976581573, 47.1945648193, 14.1208333969, 9.45587730408, 2.11515879631, 53.5023269653, 15.7783813477, 13.594414711, 8.69746494293, 4.79329156876], [-104.489494324, -148.540771484, -34.1618652344, 89.5696105957, 68.3438415527, 36.9408416748, 4.45351552963, 6.15517568588, 15.7783813477, 48.6122512817, 25.8483257294, 6.78388643265, 4.74823141098], [-173.550888062, -170.696182251, -14.2134494781, 83.6707077026, 78.3888320923, 57.4024543762, 14.1141824722, 1.83190917969, 13.594414711, 25.8483257294, 44.324092865, 24.5200138092, 3.26443386078], [-233.105865479, -149.861312866, 6.60772943497, 29.0213012695, 104.957298279, 85.00340271, 36.4707603455, 15.4170789719, 8.69746494293, 6.78388643265, 24.5200138092, 46.2134590149, 20.38712883], [-184.717544556, -80.6009902954, 0.394989401102, -1.7498677969, 77.3819961548, 70.1861343384, 46.9078102112, 28.1409378052, 4.79329156876, 4.74823141098, 3.26443386078, 20.38712883, 45.1718711853]],
        "icov": [[0.00257076765411, -0.00302752503194, 0.0039783376269, -0.00212940317579, 0.00489871902391, -0.00377193675376, 0.00418824050575, -0.00262246211059, 0.00330220512114, -0.00244920095429, 0.00143515493255, -0.00440130149946, 0.00153624452651], [-0.00302752503194, 0.00882967561483, -0.00351472198963, 0.00945620238781, -0.00395688926801, 0.00775831378996, -0.00532230036333, 0.00577939068899, -0.00327121955343, 0.00153266708367, -0.00242494861595, 0.0077989990823, -0.00273656425998], [0.0039783376269, -0.00351472198963, 0.00905382074416, -0.000440530769993, 0.00745183648542, -0.00410660589114, 0.00606156792492, -0.0018310676096, 0.00208647688851, -0.00307377171703, 0.00100498821121, -0.00706292688847, 0.00157884845976], [-0.00212940317579, 0.00945620238781, -0.000440530769993, 0.0144936041906, -0.00209262687713, 0.00704808393493, -0.00187972013373, 0.00716209970415, -0.00294483546168, -0.00229922495782, -0.00619225064293, 0.00750205805525, -0.00352968042716], [0.00489871902391, -0.00395688926801, 0.00745183648542, -0.00209262687713, 0.0149080008268, -0.0101924408227, 0.00854328926653, -0.00338880089112, 0.00514376536012, -0.00830648839474, 0.00375007535331, -0.0109305158257, 0.00135271530598], [-0.00377193675376, 0.00775831378996, -0.00410660589114, 0.00704808393493, -0.0101924408227, 0.0183044150472, -0.00969334412366, 0.00501942588016, -0.00259521044791, 0.00429577287287, -0.00542018190026, 0.00341075635515, -0.00663735438138], [0.00418824050575, -0.00532230036333, 0.00606156792492, -0.00187972013373, 0.00854328926653, -0.00969334412366, 0.0193837061524, -0.00941038131714, 0.0047321585007, -0.0041979495436, -0.00138641695958, -0.0078808227554, -0.00273997685872], [-0.00262246211059, 0.00577939068899, -0.0018310676096, 0.00716209970415, -0.00338880089112, 0.00501942588016, -0.00941038131714, 0.0244100987911, -0.00434025377035, -0.00240163761191, 0.000766068405937, 0.00352936657146, -0.00848195049912], [0.00330220512114, -0.00327121955343, 0.00208647688851, -0.00294483546168, 0.00514376536012, -0.00259521044791, 0.0047321585007, -0.00434025377035, 0.0306633356959, -0.00985238794237, -0.00100601569284, -0.00584379211068, 0.00103684805799], [-0.00244920095429, 0.00153266708367, -0.00307377171703, -0.00229922495782, -0.00830648839474, 0.00429577287287, -0.0041979495436, -0.00240163761191, -0.00985238794237, 0.0442184582353, -0.0226822029799, 0.0189346391708, -0.00444143032655], [0.00143515493255, -0.00242494861595, 0.00100498821121, -0.00619225064293, 0.00375007535331, -0.00542018190026, -0.00138641695958, 0.000766068405937, -0.00100601569284, -0.0226822029799, 0.060847427696, -0.0304523184896, 0.0160907004029], [-0.00440130149946, 0.0077989990823, -0.00706292688847, 0.00750205805525, -0.0109305158257, 0.00341075635515, -0.0078808227554, 0.00352936657146, -0.00584379211068, 0.0189346391708, -0.0304523184896, 0.0646954104304, -0.0126875983551], [0.00153624452651, -0.00273656425998, 0.00157884845976, -0.00352968042716, 0.00135271530598, -0.00663735438138, -0.00273997685872, -0.00848195049912, 0.00103684805799, -0.00444143032655, 0.0160907004029, -0.0126875983551, 0.0444313660264]]
    },
    "melbands": {
        "dmean": [6.51570599075e-06, 3.63879257748e-06, 0.000206198485103, 0.000895496050362, 0.000119263982924, 0.000315582554322, 0.000272963341558, 0.000151208994794, 2.35367351706e-05, 1.25440828924e-05, 5.47440049559e-06, 2.08273877433e-06, 1.1292166846e-06, 8.81150810983e-07, 9.2581797162e-07, 4.88802243126e-07, 4.12620465795e-07, 4.23247598746e-07, 5.86345947795e-07, 7.38394589916e-07, 3.86222723137e-07, 3.28864160792e-07, 5.6441245988e-07, 1.01797070329e-06, 4.57795806597e-07, 6.82145866904e-07, 6.66268704208e-07, 5.92786875586e-07, 5.04163040205e-07, 3.7063102809e-07, 1.47990490973e-07, 1.58307869924e-07, 1.04885742758e-07, 5.49185656951e-08, 1.05991652788e-07, 1.03694041798e-07, 7.03408105096e-08, 5.33735651231e-08, 7.15572738841e-08, 5.71905012237e-08],
        "dmean2": [1.13818114187e-05, 4.31711441706e-06, 0.000363531697076, 0.00166076596361, 0.00016679163673, 0.000390820729081, 0.000454614142654, 0.000260332220932, 3.95246861444e-05, 2.16042844841e-05, 7.85081647336e-06, 3.0888886613e-06, 1.92477978089e-06, 1.37092285968e-06, 1.65320807355e-06, 8.30550675346e-07, 7.13512292805e-07, 8.17429906874e-07, 1.11767826638e-06, 1.38363202495e-06, 6.58959152133e-07, 5.84743986565e-07, 1.07263178961e-06, 1.99969213099e-06, 8.40590132611e-07, 1.22818801174e-06, 1.25668680084e-06, 1.13040027827e-06, 9.65962385635e-07, 6.76712204495e-07, 2.69304479161e-07, 2.79283426607e-07, 1.90450506921e-07, 9.77693019877e-08, 1.92921817188e-07, 1.90063687455e-07, 1.28219355133e-07, 9.5085354701e-08, 1.31330622821e-07, 1.05027368136e-07],
        "dvar": [1.007582906e-10, 1.79635292752e-10, 1.39370655461e-07, 2.98258009934e-06, 2.02704285357e-07, 6.33484035006e-07, 1.04101081888e-06, 2.53984097753e-07, 5.36602895451e-09, 2.637583707e-09, 2.63628591179e-10, 3.80127977706e-11, 1.50987156805e-11, 8.71000927632e-12, 1.22631037269e-11, 3.16438476984e-12, 3.37997772132e-12, 5.2522656363e-12, 7.0813415895e-12, 9.1203164812e-12, 2.02525734898e-12, 1.17740702171e-12, 3.24642157774e-12, 2.60450550016e-11, 1.71468937139e-12, 4.41379788621e-12, 7.15878138019e-12, 4.47662089689e-12, 2.79719455064e-12, 2.35402539475e-12, 2.02713076902e-13, 3.13914692851e-13, 1.20166734636e-13, 2.43188868159e-14, 8.16605829723e-14, 9.08521169537e-14, 4.33149169473e-14, 2.1365211778e-14, 4.50537298983e-14, 2.98513519676e-14],
        "dvar2": [3.29092447737e-10, 3.10042713725e-10, 4.44918271114e-07, 1.07734367703e-05, 4.07395020829e-07, 1.32998911795e-06, 2.79946539194e-06, 7.42645624996e-07, 1.10081703752e-08, 5.47598943967e-09, 5.2635218406e-10, 6.20019521835e-11, 3.93667112797e-11, 2.09209680829e-11, 3.04803092488e-11, 7.27147161927e-12, 1.0072174865e-11, 1.63126821079e-11, 2.08793780876e-11, 2.67106337049e-11, 5.11894866773e-12, 3.28628031905e-12, 1.04867798473e-11, 8.16741257958e-11, 5.18116192311e-12, 1.55453046269e-11, 2.39525326656e-11, 1.52258552988e-11, 9.42933404968e-12, 7.63310248342e-12, 5.43021736518e-13, 8.74527446987e-13, 3.80932346214e-13, 6.68603288511e-14, 2.51270846578e-13, 2.79022573275e-13, 1.29088796944e-13, 6.06866174067e-14, 1.44450749105e-13, 9.13296605769e-14],
        "max": [7.18016090104e-05, 0.000181141775101, 0.00257669226266, 0.00940523482859, 0.00473424466327, 0.00829063449055, 0.00976114161313, 0.00555029977113, 0.000800369365606, 0.000623521686066, 0.000175672612386, 0.00010576013301, 3.51413218596e-05, 2.77028539131e-05, 2.95069421554e-05, 1.7616455807e-05, 1.66767658811e-05, 1.90901973838e-05, 2.12632494367e-05, 1.93155647139e-05, 1.22069741337e-05, 8.87820169737e-06, 1.00506813396e-05, 4.34641151514e-05, 7.75887474447e-06, 1.45722933667e-05, 2.03124291147e-05, 1.45149761011e-05, 1.14658378152e-05, 1.24686539493e-05, 3.99894952352e-06, 4.24619793193e-06, 2.23023607759e-06, 1.06518109533e-06, 1.55078464559e-06, 1.70701025581e-06, 1.28094393403e-06, 9.37240542953e-07, 1.12663599339e-06, 1.09381755919e-06],
        "mean": [7.0223354669e-06, 6.24771428193e-06, 0.00034497489105, 0.000914401607588, 0.000182136820513, 0.000595783581957, 0.000544238951989, 0.000309014023514, 5.07639269927e-05, 2.72418365057e-05, 1.0203914826e-05, 4.91195396535e-06, 1.96725068236e-06, 1.14063084311e-06, 1.11514771106e-06, 7.29038561076e-07, 5.22309846929e-07, 3.61305211527e-07, 4.66750236683e-07, 5.88035959481e-07, 3.34236887056e-07, 3.07191555748e-07, 4.40191342932e-07, 7.45747797737e-07, 3.98423281922e-07, 5.46687545011e-07, 5.19141508448e-07, 4.09757632269e-07, 3.45324650652e-07, 2.84752928792e-07, 1.46761294673e-07, 1.31039726625e-07, 8.78026256146e-08, 5.12023241583e-08, 8.00368837872e-08, 7.48491615354e-08, 5.66662627932e-08, 4.5294328288e-08, 5.24089855958e-08, 4.2658790278e-08],
        "median": [3.19353398481e-06, 3.41913562352e-07, 9.30913665798e-05, 0.000142792399856, 1.29294485305e-05, 4.64598779217e-05, 7.25190329831e-05, 4.11823566537e-05, 2.75962838714e-06, 4.02196320692e-07, 2.75818905493e-07, 1.80837005814e-07, 1.70116919662e-07, 1.22313352335e-07, 8.85536692863e-08, 6.77241587255e-08, 4.39265264163e-08, 4.57574671486e-08, 4.67631906531e-08, 3.52894389266e-08, 3.68233052939e-08, 3.80744324957e-08, 2.8948626607e-08, 4.12686240736e-08, 4.34294804563e-08, 2.83716357075e-08, 2.20163993703e-08, 1.93139175764e-08, 1.61662274678e-08, 1.20682797089e-08, 9.88234027943e-09, 9.39848732173e-09, 8.78197337073e-09, 7.68180541399e-09, 7.82936737664e-09, 7.17921100346e-09, 9.46121136991e-09, 8.8906535467e-09, 8.60893489829e-09, 8.46971914825e-09],
        "min": [1.25952254848e-07, 4.39578577982e-08, 7.26746876012e-08, 6.36421049194e-08, 1.50690055989e-08, 3.40855899061e-09, 1.08463309445e-08, 7.80268027967e-09, 5.27282528751e-09, 1.97423877246e-09, 7.31436078372e-10, 5.27162202779e-10, 3.36096650511e-10, 1.75545952774e-10, 3.5855940439e-10, 1.41293726719e-10, 1.52979975909e-10, 3.92940624483e-10, 1.89015122998e-10, 3.51872253557e-10, 4.66341465444e-10, 9.99057850337e-11, 1.25034371745e-10, 2.12359227425e-10, 1.19486864847e-10, 2.47442816237e-10, 1.07756671641e-10, 2.33060515331e-10, 1.91057628052e-10, 1.17062054494e-10, 9.39700053881e-11, 4.06355470106e-11, 1.37749490633e-11, 1.49040866454e-11, 2.74070245665e-11, 2.35787084302e-11, 4.11883756268e-11, 9.81604172945e-11, 6.14642434171e-11, 1.2198513033e-10],
        "var": [1.11643055911e-10, 4.65846305975e-10, 2.74670725275e-07, 3.1188774301e-06, 2.83985627902e-07, 1.6340017055e-06, 1.55275802172e-06, 5.03259343532e-07, 1.71133063276e-08, 7.32199190168e-09, 7.18875847738e-10, 2.20156073927e-10, 2.58113027479e-11, 1.15920753899e-11, 1.50566677182e-11, 5.27731460961e-12, 3.7361580843e-12, 3.23387280496e-12, 4.22427761174e-12, 5.92870978006e-12, 1.72825729422e-12, 9.24418094156e-13, 2.37939290666e-12, 1.68102493731e-11, 1.2750279348e-12, 3.58306309969e-12, 5.16836269962e-12, 2.77492959166e-12, 1.82929149259e-12, 1.77758773413e-12, 2.1776402567e-13, 2.44967213832e-13, 9.82695709203e-14, 1.95378601671e-14, 5.83763384312e-14, 6.22667404291e-14, 3.01199325626e-14, 1.61030992143e-14, 2.92807329761e-14, 1.99096178454e-14]
    },
    "mfcc": {
        "mean": [-857.86529541, 131.746917725, 44.2060050964, 24.4880256653, -5.13377189636, -23.0726089478, -18.0952568054, -20.0736351013, -18.1275920868, -10.057097435, -7.13377571106, -3.26642179489, -2.99768185616],
        "cov": [[7169.89013672, 775.341003418, -506.90234375, -57.7208709717, -1043.80944824, -813.225891113, -511.595306396, -490.308563232, -332.901885986, -223.108840942, -239.334884644, -121.62323761, -157.653335571], [775.341003418, 2281.76806641, 491.491363525, -553.94543457, -672.29876709, -587.160583496, -262.895965576, -145.043792725, -16.5268669128, -91.5632476807, -150.490158081, -164.532531738, -103.388267517], [-506.90234375, 491.491363525, 494.133026123, -81.2509841919, -201.812332153, -178.370742798, -145.076324463, -61.62084198, -38.7591705322, -20.3142375946, -35.357093811, -50.7022819519, 1.01078259945], [-57.7208709717, -553.94543457, -81.2509841919, 267.489532471, 106.687614441, 61.93699646, -28.3875389099, -56.4446296692, -48.8034133911, -6.29197978973, 39.1053733826, 32.4928665161, 28.4427967072], [-1043.80944824, -672.29876709, -201.812332153, 106.687614441, 466.214324951, 328.637237549, 182.955047607, 123.963378906, 62.7200927734, 51.8518676758, 68.1163787842, 85.8616943359, 50.5845489502], [-813.225891113, -587.160583496, -178.370742798, 61.93699646, 328.637237549, 351.468719482, 219.047790527, 143.924407959, 77.072303772, 63.8323898315, 72.8204116821, 70.8784942627, 39.1709480286], [-511.595306396, -262.895965576, -145.076324463, -28.3875389099, 182.955047607, 219.047790527, 253.783172607, 164.701171875, 111.796989441, 59.5687217712, 53.016166687, 52.3544235229, 16.3393993378], [-490.308563232, -145.043792725, -61.62084198, -56.4446296692, 123.963378906, 143.924407959, 164.701171875, 165.340621948, 93.7168273926, 49.6246948242, 27.8450393677, 34.6500282288, 13.6725826263], [-332.901885986, -16.5268669128, -38.7591705322, -48.8034133911, 62.7200927734, 77.072303772, 111.796989441, 93.7168273926, 99.9470291138, 50.429561615, 14.9430646896, 14.6675806046, -2.26701116562], [-223.108840942, -91.5632476807, -20.3142375946, -6.29197978973, 51.8518676758, 63.8323898315, 59.5687217712, 49.6246948242, 50.429561615, 57.2093887329, 24.3880977631, 13.7937164307, 4.49276542664], [-239.334884644, -150.490158081, -35.357093811, 39.1053733826, 68.1163787842, 72.8204116821, 53.016166687, 27.8450393677, 14.9430646896, 24.3880977631, 54.8041534424, 33.8435440063, 14.1539392471], [-121.62323761, -164.532531738, -50.7022819519, 32.4928665161, 85.8616943359, 70.8784942627, 52.3544235229, 34.6500282288, 14.6675806046, 13.7937164307, 33.8435440063, 55.4915008545, 20.5300540924], [-157.653335571, -103.388267517, 1.01078259945, 28.4427967072, 50.5845489502, 39.1709480286, 16.3393993378, 13.6725826263, -2.26701116562, 4.49276542664, 14.1539392471, 20.5300540924, 33.950340271]],
