{
"lowlevel": {
    "average_loudness": 0.99068403244,
    "barkbands_crest": {
        "dmean": 2.98227834702,
        "dmean2": 4.99016571045,
        "dvar": 6.00422763824,
        "dvar2": 13.1209335327,
        "max": 23.6040782928,
        "mean": 13.7856168747,
        "median": 13.3500080109,
        "min": 5.81463670731,
        "var": 26.0595035553
    },
    "barkbands_flatness_db": {
        "dmean": 0.0336149521172,
        "dmean2": 0.0416562929749,
        "dvar": 0.000600323197432,
        "dvar2": 0.00164558459073,
        "max": 0.511713087559,
        "mean": 0.244764313102,
        "median": 0.278559058905,
        "min": 0.0552821680903,
        "var": 0.0127416383475
    },
    "barkbands_kurtosis": {
        "dmean": 7.46890211105,
        "dmean2": 11.6978263855,
        "dvar": 97.0442733765,
        "dvar2": 176.885391235,
        "max": 80.210105896,
        "mean": 17.874420166,
        "median": 14.3906555176,
        "min": -1.2489284277,
        "var": 257.888885498
    },
    "barkbands_skewness": {
        "dmean": 0.83215457201,
        "dmean2": 1.23124706745,
        "dvar": 0.650730252266,
        "dvar2": 1.21283435822,
        "max": 4.41114044189,
        "mean": -0.951267957687,
        "median": -1.53065383434,
        "min": -3.98322153091,
        "var": 5.38851213455
    },
    "barkbands_spread": {
        "dmean": 3.72712993622,
        "dmean2": 5.50568819046,
        "dvar": 16.8354568481,
        "dvar2": 43.5836257935,
        "max": 43.9483718872,
        "mean": 12.1228370667,
        "median": 6.81960868835,
        "min": 0.21283005178,
        "var": 154.741912842
    },
    "dissonance": {
        "dmean": 0.00624746503308,
        "dmean2": 0.00761235691607,
        "dvar": 0.000235389627051,
        "dvar2": 0.000194014646695,
        "max": 0.499966531992,
        "mean": 0.489555746317,
        "median": 0.497202277184,
        "min": 0.348327994347,
        "var": 0.000435521244071
    },
    "dynamic_complexity": 9.06461048126,
    "erbbands_crest": {
        "dmean": 4.40816354752,
        "dmean2": 6.96277666092,
        "dvar": 9.56627750397,
        "dvar2": 28.1500816345,
        "max": 31.8808460236,
        "mean": 17.6784420013,
        "median": 17.262046814,
        "min": 3.96334552765,
        "var": 53.4789276123
    },
    "erbbands_flatness_db": {
        "dmean": 0.0309813804924,
        "dmean2": 0.0411236844957,
        "dvar": 0.000525551207829,
        "dvar2": 0.00106788123958,
        "max": 0.58759945631,
        "mean": 0.311491161585,
        "median": 0.353926450014,
        "min": 0.0945991128683,
        "var": 0.0161488540471
    },
    "erbbands_kurtosis": {
        "dmean": 5.61208105087,
        "dmean2": 8.98937320709,
        "dvar": 40.3997879028,
        "dvar2": 79.1112670898,
        "max": 42.934223175,
        "mean": 13.3673563004,
        "median": 11.6922082901,
        "min": -1.28419816494,
        "var": 135.218276978
    },
    "erbbands_skewness": {
        "dmean": 0.932789087296,
        "dmean2": 1.30792498589,
        "dvar": 0.478792995214,
        "dvar2": 0.868126690388,
        "max": 4.5741648674,
        "mean": -0.351452887058,
        "median": -0.447820067406,
        "min": -4.2628030777,
        "var": 3.41580820084
    },
    "erbbands_spread": {
        "dmean": 4.71829748154,
        "dmean2": 7.03403377533,
        "dvar": 52.5297355652,
        "dvar2": 125.267303467,
        "max": 73.7495803833,
        "mean": 15.7538633347,
        "median": 6.09606170654,
        "min": 0.510871171951,
        "var": 392.077270508
    },
    "hfc": {
        "dmean": 12.0852012634,
        "dmean2": 18.9151954651,
        "dvar": 322.173614502,
        "dvar2": 761.720581055,
        "max": 118.999084473,
        "mean": 24.3489341736,
        "median": 10.7034053802,
        "min": 3.52310999006e-05,
        "var": 878.118347168
    },
    "melbands_crest": {
        "dmean": 3.77705216408,
        "dmean2": 6.37857675552,
        "dvar": 7.64458179474,
        "dvar2": 22.158000946,
        "max": 28.1874408722,
        "mean": 15.0828504562,
        "median": 14.4823207855,
        "min": 5.15180778503,
        "var": 30.9922962189
    },
    "melbands_flatness_db": {
        "dmean": 0.034295976162,
        "dmean2": 0.0454513914883,
        "dvar": 0.000614294491243,
        "dvar2": 0.00148036086466,
        "max": 0.454532474279,
        "mean": 0.21889026463,
        "median": 0.211304172873,
        "min": 0.105687044561,
        "var": 0.00533417938277
    },
    "melbands_kurtosis": {
        "dmean": 8.17127418518,
        "dmean2": 11.3274488449,
        "dvar": 157.096511841,
        "dvar2": 326.926513672,
        "max": 131.716491699,
        "mean": 17.2060661316,
        "median": 12.8370838165,
        "min": -1.76760566235,
        "var": 502.807891846
    },
    "melbands_skewness": {
        "dmean": 0.8274512887,
        "dmean2": 1.25450575352,
        "dvar": 0.823580801487,
        "dvar2": 1.32065784931,
        "max": 4.60022783279,
        "mean": -0.446477591991,
        "median": -0.893407464027,
        "min": -4.00222206116,
        "var": 6.42842721939
    },
    "melbands_spread": {
        "dmean": 18.289478302,
        "dmean2": 28.6358623505,
        "dvar": 943.460388184,
        "dvar2": 1970.39160156,
        "max": 229.510177612,
        "mean": 47.405632019,
        "median": 19.9953842163,
        "min": 0.590285778046,
        "var": 3525.56054688
    },
    "pitch_salience": {
        "dmean": 0.0770608186722,
        "dmean2": 0.122441790998,
        "dvar": 0.00379130174406,
        "dvar2": 0.00859757326543,
        "max": 0.8470941782,
        "mean": 0.535895526409,
        "median": 0.548999786377,
        "min": 0.2277841717,
        "var": 0.0197979193181
    },
    "silence_rate_20dB": {
        "dmean": 0,
        "dmean2": 0,
        "dvar": 0,
        "dvar2": 0,
        "max": 1,
        "mean": 1,
        "median": 1,
        "min": 1,
        "var": 0
    },
    "silence_rate_30dB": {
        "dmean": 0,
        "dmean2": 0,
        "dvar": 0,
        "dvar2": 0,
        "max": 1,
        "mean": 1,
        "median": 1,
        "min": 1,
        "var": 0
    },
    "silence_rate_60dB": {
        "dmean": 0.0500000007451,
        "dmean2": 0.101694911718,
        "dvar": 0.047500025481,
        "dvar2": 0.0913529768586,
        "max": 1,
        "mean": 0.50819671154,
        "median": 1,
        "min": 0,
        "var": 0.249932959676
    },
    "spectral_centroid": {
        "dmean": 224.729110718,
        "dmean2": 326.726989746,
        "dvar": 33683.1367188,
        "dvar2": 71762.828125,
        "max": 6024.44238281,
        "mean": 3327.34057617,
        "median": 3222.94018555,
        "min": 513.321289062,
        "var": 2012787.75
    },
    "spectral_complexity": {
        "dmean": 0.816666662693,
        "dmean2": 1.18644070625,
        "dvar": 1.34972262383,
        "dvar2": 2.11778140068,
        "max": 11,
        "mean": 3.14754104614,
        "median": 3,
        "min": 0,
        "var": 9.73233509064
    },
    "spectral_decrease": {
        "dmean": 3.58330948247e-10,
        "dmean2": 5.28737664762e-10,
        "dvar": 3.2599348207e-19,
        "dvar2": 6.73821895672e-19,
        "max": -1.29854767144e-14,
        "mean": -7.17858050781e-10,
        "median": -3.53520740459e-10,
        "min": -4.76573847052e-09,
        "var": 9.15598568614e-19
    },
    "spectral_energy": {
        "dmean": 0.00230169622228,
        "dmean2": 0.003451916622,
        "dvar": 1.1675288988e-05,
        "dvar2": 2.42287333094e-05,
        "max": 0.0248778387904,
        "mean": 0.00491787679493,
        "median": 0.00266494322568,
        "min": 5.22057952423e-08,
        "var": 3.40012120432e-05
    },
    "spectral_energyband_high": {
        "dmean": 0.00144692393951,
        "dmean2": 0.0021992130205,
        "dvar": 6.86575094733e-06,
        "dvar2": 1.31556980705e-05,
        "max": 0.0206696018577,
        "mean": 0.00286331470124,
        "median": 0.000186721634236,
        "min": 7.89204812612e-10,
        "var": 2.04849402508e-05
    },
    "spectral_energyband_low": {
        "dmean": 4.41235988546e-06,
        "dmean2": 6.78583046465e-06,
        "dvar": 3.74319103491e-10,
        "dvar2": 9.73498059942e-10,
        "max": 0.000114010719699,
        "mean": 3.17683793583e-06,
        "median": 6.47882870908e-07,
        "min": 2.36619746019e-09,
        "var": 2.07802205998e-10
    },
    "spectral_energyband_middle_high": {
        "dmean": 0.00128847011365,
        "dmean2": 0.00163591548335,
        "dvar": 8.03309467301e-06,
        "dvar2": 1.73639218701e-05,
        "max": 0.0247757025063,
        "mean": 0.0019953479059,
        "median": 7.30578321964e-05,
        "min": 3.67398844681e-09,
        "var": 2.02984192583e-05
    },
    "spectral_energyband_middle_low": {
        "dmean": 2.49655986408e-05,
        "dmean2": 3.9568883949e-05,
        "dvar": 3.11377279516e-09,
        "dvar2": 7.36865013451e-09,
        "max": 0.000476042885566,
        "mean": 5.86236492381e-05,
        "median": 7.41968688089e-06,
        "min": 4.62829667924e-08,
        "var": 1.1677350642e-08
    },
    "spectral_entropy": {
        "dmean": 0.311432689428,
        "dmean2": 0.409898757935,
        "dvar": 0.0347803421319,
        "dvar2": 0.0818227529526,
        "max": 8.24642658234,
        "mean": 6.85780191422,
        "median": 6.84153413773,
        "min": 4.966340065,
        "var": 0.459820181131
    },
    "spectral_flux": {
        "dmean": 0.0106407105923,
        "dmean2": 0.0159974377602,
        "dvar": 0.000136870148708,
        "dvar2": 0.000396871502744,
        "max": 0.0923749431968,
        "mean": 0.034229170531,
        "median": 0.0315669514239,
        "min": 0.00121974467766,
        "var": 0.000786292599514
    },
    "spectral_kurtosis": {
        "dmean": 3.96735262871,
        "dmean2": 5.97150754929,
        "dvar": 31.8635959625,
        "dvar2": 104.018737793,
        "max": 47.5950317383,
        "mean": 9.87491703033,
        "median": 7.51507091522,
        "min": -0.38063955307,
        "var": 89.6661224365
    },
    "spectral_rms": {
        "dmean": 0.000413098314311,
        "dmean2": 0.000554699567147,
        "dvar": 2.34062980553e-07,
        "dvar2": 4.42843031578e-07,
        "max": 0.00492656696588,
        "mean": 0.00167094659992,
        "median": 0.00161243439652,
        "min": 7.13669987817e-06,
        "var": 2.00586418941e-06
    },
    "spectral_rolloff": {
        "dmean": 304.694824219,
        "dmean2": 526.286071777,
        "dvar": 348281.9375,
        "dvar2": 724585,
        "max": 10443.6035156,
        "mean": 4611.98681641,
        "median": 3466.84570312,
        "min": 366.064453125,
        "var": 9213824
    },
    "spectral_skewness": {
        "dmean": 0.360046029091,
        "dmean2": 0.496727526188,
        "dvar": 0.145762145519,
        "dvar2": 0.447037547827,
        "max": 5.53395462036,
        "mean": 1.91690611839,
        "median": 1.80109322071,
        "min": 0.262158095837,
        "var": 1.16931951046
    },
    "spectral_spread": {
        "dmean": 656681.4375,
        "dmean2": 978182.5,
        "dvar": 569418842112,
        "dvar2": 943190441984,
        "max": 9873954,
        "mean": 3970982,
        "median": 3346995.75,
        "min": 1234363.875,
        "var": 4.80548015309e+12
    },
    "spectral_strongpeak": {
        "dmean": 2.7958843708,
        "dmean2": 4.51405191422,
        "dvar": 18.0637168884,
        "dvar2": 50.1553993225,
        "max": 27.2028446198,
        "mean": 5.65358352661,
        "median": 4.07602214813,
        "min": 0.000161330986884,
        "var": 44.6388931274
    },
    "zerocrossingrate": {
        "dmean": 0.0195719394833,
        "dmean2": 0.0224774889648,
        "dvar": 0.0009260038496,
        "dvar2": 0.000858508690726,
        "max": 0.45556640625,
        "mean": 0.173620000482,
        "median": 0.154296875,
        "min": 0.021484375,
        "var": 0.00973847322166
    },
    "barkbands": {
        "dmean": [2.44711145569e-07, 5.5772879648e-08, 9.88194187812e-07, 6.92479670761e-06, 1.59988067026e-05, 1.02738067653e-05, 5.32009516974e-06, 1.50336711613e-06, 9.90020794234e-07, 9.5131974831e-07, 6.49647461159e-07, 1.18955256312e-06, 1.44257671764e-06, 8.65156607688e-07, 6.29864814528e-07, 2.06039730983e-05, 0.000153944463818, 0.000729283841792, 0.000689956417773, 0.000539751665201, 0.000763837830164, 1.2017753761e-05, 4.60116752947e-05, 0.000167974023498, 0.000517460168339, 8.56279484651e-07, 3.38745337558e-07],
        "dmean2": [3.7628916516e-07, 8.67938112492e-08, 1.41755310779e-06, 1.03546381069e-05, 2.52088357229e-05, 1.5896428522e-05, 8.5199926616e-06, 2.51040933108e-06, 1.50593587023e-06, 1.78182756372e-06, 1.1581103081e-06, 2.06399636227e-06, 1.79616722562e-06, 1.53319172114e-06, 1.05783999516e-06, 3.15679280902e-05, 0.000250590906944, 0.00099645764567, 0.000705048965756, 0.000841307919472, 0.00128329743166, 1.71117208083e-05, 7.7689808677e-05, 0.000223168506636, 0.000858706946019, 1.18870332244e-06, 5.12164035626e-07],
        "dvar": [1.07345549279e-13, 5.42168298307e-15, 1.06604447492e-11, 8.85175488463e-10, 2.12205297778e-09, 4.99694674527e-10, 9.0260347807e-11, 7.36233816967e-12, 3.58134051928e-12, 5.114234123e-12, 2.92062055963e-12, 8.44209858269e-12, 5.45444115221e-12, 3.02940094885e-12, 9.66704038867e-13, 6.71406441555e-09, 4.12323629462e-07, 7.09397181708e-06, 2.14711371882e-06, 3.21289167005e-06, 1.92289689949e-06, 4.49318721119e-10, 2.26373977341e-08, 3.34241207156e-07, 2.31646913562e-06, 2.035309421e-12, 5.0279371595e-13],
        "dvar2": [2.41770741882e-13, 1.4263707877e-14, 2.54893224583e-11, 2.24407514793e-09, 6.98134972055e-09, 8.79049943947e-10, 2.11077794132e-10, 2.07621975168e-11, 9.14376820788e-12, 1.43945558598e-11, 9.38257718047e-12, 2.51215940411e-11, 9.91489616103e-12, 8.35273343547e-12, 2.5251153165e-12, 1.58902011549e-08, 1.04435105186e-06, 1.60790968948e-05, 3.27520524479e-06, 4.7444982556e-06, 5.01098156747e-06, 1.00767394429e-09, 6.35145269712e-08, 7.4338157674e-07, 6.69220708005e-06, 3.79417330887e-12, 1.2478516484e-12],
        "max": [2.3019551918e-06, 5.3169532066e-07, 2.20578040171e-05, 0.000176092085894, 0.000352808478056, 0.000186556455446, 7.46979640098e-05, 2.11476326513e-05, 1.21487455544e-05, 1.60216804943e-05, 1.13706400953e-05, 2.00604117708e-05, 1.96544642677e-05, 1.13311189125e-05, 7.9189767348e-06, 0.000592611380853, 0.00438380381092, 0.0217488761991, 0.0131218377501, 0.014268707484, 0.00831410381943, 0.000156191832502, 0.000921139726415, 0.00466388184577, 0.0101903388277, 1.57350041263e-05, 4.47819093097e-06],
        "mean": [2.39013957071e-07, 9.18314242426e-08, 9.39591416227e-07, 5.05946809426e-06, 2.2735706807e-05, 1.87541063497e-05, 7.48825823393e-06, 2.48230412581e-06, 1.62263097536e-06, 1.25777910398e-06, 7.71079214701e-07, 1.52232223627e-06, 2.33377204495e-06, 1.26274721879e-06, 1.31949684601e-06, 1.72736399691e-05, 0.000116704715765, 0.000773386564106, 0.00101029966027, 0.000916672172025, 0.00110335298814, 2.5386831112e-05, 3.85484418075e-05, 0.000189100377611, 0.000656407675706, 2.32962406699e-06, 5.28820805812e-07],
        "median": [8.68971383738e-08, 5.60621913337e-08, 3.09180222757e-07, 4.47106970114e-07, 1.24837902149e-06, 2.70029704552e-06, 6.82658082951e-07, 2.68597375452e-07, 1.91456649645e-07, 1.27065078459e-07, 7.91474690232e-08, 1.44849735761e-07, 3.71172689029e-07, 1.78978979193e-07, 2.20792244932e-07, 6.5113005121e-07, 4.01061834054e-06, 9.17851048143e-06, 1.81639243237e-05, 1.35068694362e-05, 3.36775301548e-05, 5.1254983191e-06, 2.02567343877e-06, 5.28363807462e-06, 4.18836589233e-06, 4.43558178631e-07, 4.95303638104e-08],
        "min": [8.95480495311e-11, 1.65976801747e-10, 1.04449837668e-09, 2.46068632137e-09, 1.61568305401e-08, 1.80484782675e-08, 7.42480210647e-09, 1.96127350471e-10, 1.86657445056e-09, 1.87329790569e-10, 4.48505454997e-10, 9.62106838642e-10, 1.43407674624e-10, 3.20062698567e-10, 1.9223639347e-10, 2.30963248526e-10, 2.44298553609e-10, 5.36584610078e-10, 2.61828420056e-10, 2.990779846e-10, 1.68596372974e-10, 4.85528631189e-11, 6.29558349896e-11, 1.0436958936e-10, 2.64812408113e-11, 5.22690987714e-11, 3.46859568845e-10],
        "var": [1.52731072147e-13, 1.0388369513e-14, 8.16318887487e-12, 5.19352671979e-10, 3.47592421512e-09, 1.5058592151e-09, 1.89150653473e-10, 1.59645838216e-11, 6.67479309671e-12, 6.14233056778e-12, 2.75283485243e-12, 1.05226504593e-11, 1.56227513565e-11, 6.24339815958e-12, 4.32170098319e-12, 6.32995877936e-09, 3.34082415065e-07, 9.72152247414e-06, 5.65393474972e-06, 7.17345938028e-06, 3.62089053851e-06, 1.61817614863e-09, 1.69689080565e-08, 4.34532779536e-07, 3.05757725982e-06, 1.45412458116e-11, 9.25543496011e-13]
    },
    "erbbands": {
        "dmean": [1.6896683519e-06, 2.50717039307e-05, 0.00082581298193, 0.0130438832566, 0.0243054144084, 0.0816793590784, 0.0642889365554, 0.0985858887434, 0.0747521668673, 0.0746481865644, 0.0207544658333, 0.0230874884874, 0.0266674961895, 0.0288774501532, 0.0332158841193, 0.0560522302985, 0.063155926764, 0.0421242788434, 0.0352268256247, 0.197408244014, 1.6953984499, 9.61877441406, 21.4630317688, 29.5151538849, 33.0238685608, 19.1710109711, 31.7586097717, 27.772644043, 3.4218173027, 0.635477304459, 1.58013427258, 2.55821633339, 2.68135094643, 9.35812473297, 1.47796678543, 0.0369705222547, 0.00219411100261, 0.000649588997476, 5.52494711883e-05, 1.14447466331e-05],
        "dmean2": [2.62883304458e-06, 4.27048398706e-05, 0.00121905689593, 0.0196471977979, 0.0356216803193, 0.13895277679, 0.0877078846097, 0.146957352757, 0.123009033501, 0.124562300742, 0.033451359719, 0.037397954613, 0.0420628152788, 0.0504773706198, 0.0619779229164, 0.0940195024014, 0.0828712359071, 0.0632972642779, 0.0558798909187, 0.242938384414, 2.76108717918, 15.7360925674, 28.0349292755, 42.9797973633, 34.4055328369, 29.0323963165, 48.8164978027, 45.8484649658, 5.62536048889, 0.80303132534, 2.73909687996, 3.54882144928, 3.77145075798, 15.6867990494, 2.48438429832, 0.0628903731704, 0.00360445654951, 0.00106738787144, 8.21009234642e-05, 1.79767012014e-05],
        "dvar": [3.03547399889e-12, 2.06927808222e-09, 8.22505080578e-06, 0.00335799856111, 0.00581023143604, 0.0835997164249, 0.019163556397, 0.0488288141787, 0.0200115740299, 0.0180533695966, 0.000810853147414, 0.00205108034424, 0.00174067926127, 0.00682507874444, 0.00691431062296, 0.0143828298897, 0.0115328272805, 0.00521058635786, 0.00356691353954, 0.405896037817, 42.6743125916, 1725.63635254, 5543.21533203, 9318.27832031, 8285.16894531, 2992.04833984, 5364.9921875, 4337.44384766, 68.2455368042, 2.67704415321, 32.9692459106, 76.6376190186, 64.2465133667, 771.934387207, 18.6134166718, 0.00902035646141, 2.55665418081e-05, 2.10753592e-06, 1.09659721304e-08, 4.54640908254e-10],
        "dvar2": [6.74789737976e-12, 5.73899372469e-09, 2.07134144148e-05, 0.00859279185534, 0.0140880122781, 0.270511597395, 0.0367526710033, 0.0879635512829, 0.0410767681897, 0.0557431541383, 0.00225728168152, 0.00552417803556, 0.00470354780555, 0.0192929953337, 0.0222724191844, 0.0424677208066, 0.0222792755812, 0.0126564698294, 0.00913950335234, 0.709657371044, 81.1384429932, 4445.18310547, 12208.2695312, 16905.4414062, 12758.5644531, 4391.17578125, 12067.7402344, 10226.3798828, 172.304016113, 3.9608130455, 93.7116775513, 164.428344727, 143.442321777, 2259.17944336, 52.1836738586, 0.0255000870675, 7.06190330675e-05, 5.2516256801e-06, 2.5905393386e-08, 1.29020549799e-09],
        "max": [1.17646031867e-05, 0.00029764615465, 0.0186284054071, 0.342781335115, 0.605350971222, 1.9796872139, 1.03375959396, 1.68160903454, 1.06569683552, 0.708436429501, 0.20705768466, 0.286870092154, 0.271374553442, 0.547862410545, 0.562355816364, 0.835890591145, 0.901007354259, 0.700009822845, 0.471780061722, 5.26407289505, 46.759185791, 282.279937744, 638.350646973, 816.750427246, 900.226379395, 473.943450928, 457.948852539, 495.729614258, 58.1147270203, 14.1133441925, 36.9527931213, 68.1448135376, 65.9859085083, 187.039794922, 28.6604957581, 0.640576541424, 0.0345847085118, 0.00845087971538, 0.000668122316711, 0.000157670583576],
        "mean": [3.04037871501e-06, 3.54592957592e-05, 0.000781419046689, 0.00967562291771, 0.0346529297531, 0.0912960544229, 0.122835613787, 0.172978311777, 0.117087364197, 0.0900611579418, 0.0402308255434, 0.0394218116999, 0.040888544172, 0.0330891311169, 0.0425484627485, 0.0686756819487, 0.100460834801, 0.0767562910914, 0.0695061981678, 0.250400662422, 2.00562405586, 7.4393286705, 24.7776165009, 50.9829216003, 49.1952438354, 37.6476173401, 45.0347976685, 45.2484512329, 5.69704580307, 0.985754847527, 1.32062089443, 2.72255587578, 3.34078001976, 12.0165634155, 1.8848195076, 0.0580198727548, 0.00487921060994, 0.00123105093371, 0.000108639935206, 2.09017962334e-05],
        "median": [2.49993922807e-06, 1.71459905687e-05, 0.000239485365455, 0.00114687695168, 0.00231778202578, 0.00325293675996, 0.0113602224737, 0.0253037586808, 0.0145789226517, 0.00832346454263, 0.00447546271607, 0.0046376157552, 0.00515345437452, 0.00240977643989, 0.0044203530997, 0.0213129110634, 0.0172608569264, 0.0121485022828, 0.0127898566425, 0.0300914496183, 0.121324546635, 0.244205668569, 0.525890767574, 0.907275497913, 0.565352022648, 1.05754673481, 2.40918779373, 0.365106195211, 0.26326584816, 0.236821427941, 0.100155368447, 0.0841907709837, 0.253370791674, 0.0626378729939, 0.016060160473, 0.00400361744687, 0.000492827093694, 6.98613512213e-05, 2.15026175283e-05, 8.407916539e-06],
        "min": [4.42392567024e-09, 5.43277458576e-08, 8.62269928348e-07, 5.31456043973e-06, 1.69526592799e-05, 6.13535084995e-05, 0.000130157728563, 0.000145733982208, 0.000148618491949, 2.82184519165e-05, 1.01716805148e-05, 4.51391424576e-05, 1.94887834368e-05, 7.35916955819e-06, 3.20361650665e-05, 3.10673021886e-05, 8.3090581029e-06, 1.37299812195e-05, 1.40006150104e-05, 8.52468474477e-06, 1.44385430758e-05, 1.25550059238e-05, 2.63473193627e-05, 1.99390487978e-05, 1.45184831126e-05, 1.42683384183e-05, 8.00493580755e-06, 5.078868071e-06, 1.95236134459e-06, 1.14377246518e-06, 1.57824831604e-06, 3.66072458746e-06, 9.20581271657e-07, 3.28779037773e-07, 1.73113491542e-07, 9.58919414984e-08, 1.12062942037e-07, 5.22247454171e-08, 4.00114572585e-08, 5.95972293738e-09],
        "var": [7.25166541399e-12, 2.43073983164e-09, 5.74041587242e-06, 0.00192302744836, 0.00993056967854, 0.0781523063779, 0.062653593719, 0.152590125799, 0.0424434430897, 0.028003429994, 0.00296947360039, 0.00380522292107, 0.00423533841968, 0.00606043683365, 0.00746747897938, 0.0169435385615, 0.0304689928889, 0.018920743838, 0.0122227612883, 0.64005368948, 57.3930854797, 1389.95910645, 8797.13085938, 25495.8808594, 21191.109375, 8072.68652344, 9467.72167969, 9351.5546875, 149.45690918, 6.02865171432, 23.5968055725, 92.5291519165, 87.8023071289, 1009.21533203, 24.637304306, 0.0121377352625, 5.10173740622e-05, 4.61678700958e-06, 2.63502766273e-08, 8.60934046276e-10]
    },
    "gfcc": {
        "mean": [-255.556274414, -28.091796875, -125.314506531, 51.5022926331, -77.9640884399, -23.6516456604, -50.9798469543, 1.37421774864, -38.3315505981, -0.165586322546, -4.63346385956, -6.89732503891, -4.40500879288],
        "cov": [[13472.1064453, -6597.08837891, -183.098770142, 788.657531738, -3805.15527344, -28.1388015747, 307.170806885, 312.092498779, -1604.02880859, 1610.75524902, -488.34753418, -694.465148926, 1361.8581543], [-6597.08837891, 4486.04052734, 778.200561523, -922.58770752, 1807.82409668, 380.387237549, -198.551498413, -620.239013672, 704.666442871, -513.051147461, 54.2080612183, 268.502716064, -595.359313965], [-183.098770142, 778.200561523, 2281.08276367, -770.022338867, -1081.39953613, 412.438446045, 84.8901596069, -626.74786377, -468.825134277, 473.912719727, -674.237304688, -191.206787109, 434.502593994], [788.657531738, -922.58770752, -770.022338867, 861.732788086, 374.45300293, -265.10458374, -105.86655426, 428.624786377, 192.091262817, -322.738769531, 135.836791992, 160.821746826, -179.953292847], [-3805.15527344, 1807.82409668, -1081.39953613, 374.45300293, 2038.87561035, -158.405563354, -245.776687622, 268.615661621, 827.343200684, -836.326721191, 439.980133057, 410.57043457, -762.407531738], [-28.1388015747, 380.387237549, 412.438446045, -265.10458374, -158.405563354, 235.13822937, 9.67214870453, -174.260116577, -65.3299713135, 140.16569519, -108.734825134, -53.2678031921, 59.2594947815], [307.170806885, -198.551498413, 84.8901596069, -105.86655426, -245.776687622, 9.67214870453, 116.47769928, -26.7477836609, -120.980621338, 104.025016785, -7.27868080139, -84.480758667, 62.0040359497], [312.092498779, -620.239013672, -626.74786377, 428.624786377, 268.615661621, -174.260116577, -26.7477836609, 366.018432617, 137.130645752, -235.00579834, 181.092422485, 93.1223831177, -151.961608887], [-1604.02880859, 704.666442871, -468.825134277, 192.091262817, 827.343200684, -65.3299713135, -120.980621338, 137.130645752, 452.922058105, -348.158660889, 155.193161011, 182.24319458, -260.181030273], [1610.75524902, -513.051147461, 473.912719727, -322.738769531, -836.326721191, 140.16569519, 104.025016785, -235.00579834, -348.158660889, 507.724517822, -212.946380615, -216.046279907, 364.722320557], [-488.34753418, 54.2080612183, -674.237304688, 135.836791992, 439.980133057, -108.734825134, -7.27868080139, 181.092422485, 155.193161011, -212.946380615, 358.610687256, 70.1106338501, -254.307693481], [-694.465148926, 268.502716064, -191.206787109, 160.821746826, 410.57043457, -53.2678031921, -84.480758667, 93.1223831177, 182.24319458, -216.046279907, 70.1106338501, 166.755889893, -142.145828247], [1361.8581543, -595.359313965, 434.502593994, -179.953292847, -762.407531738, 59.2594947815, 62.0040359497, -151.961608887, -260.181030273, 364.722320557, -254.307693481, -142.145828247, 435.127319336]],
        "icov": [[0.000816240266431, 0.000410977692809, 0.000631763017736, -0.00100175151601, 0.00069842999801, -0.00124805967789, 0.00097229873063, -0.000198891459149, 0.0011187113123, -0.00161284522619, 0.000286688475171, -0.000322092324495, 0.000231365047512], [0.000410977692809, 0.00629533268511, -0.00254678609781, 0.003221741179, -0.00608959188685, -0.00255324598402, 0.000241460322286, 0.00835422519594, -0.00223533646204, 0.00235923100263, -0.00202303333208, 0.00125843426213, -0.000321526807966], [0.000631763017736, -0.00254678609781, 0.00459624873474, -0.00138325453736, 0.00566910998896, -0.00102160382085, 0.000885466928594, -0.0019042394124, 0.00222858996131, -0.000188535253983, 0.00525071332231, -0.0021921901498, 0.00250063859858], [-0.00100175151601, 0.003221741179, -0.00138325453736, 0.00798720493913, -0.00346802384593, 0.00205887551419, 0.00138043379411, 0.0022797761485, -0.00312929507345, 0.00476815318689, 0.00154034374282, 0.000284284440568, 0.00159579748288], [0.00069842999801, -0.00608959188685, 0.00566910998896, -0.00346802384593, 0.0144248325378, 0.00154585542623, 0.00264296238311, -0.00572211993858, -0.00153856817633, -0.00152961199638, 0.00514363730326, -0.0044259019196, 0.00699821487069], [-0.00124805967789, -0.00255324598402, -0.00102160382085, 0.00205887551419, 0.00154585542623, 0.0116656217724, 0.000630763708614, -0.00240968703292, -0.00264793261886, -0.00183012045454, 0.00108348741196, 2.05946180358e-05, 0.00306339329109], [0.00097229873063, 0.000241460322286, 0.000885466928594, 0.00138043379411, 0.00264296238311, 0.000630763708614, 0.0185982249677, -0.00305660767481, 0.00263177463785, -0.00133520236704, -0.000142247488839, 0.00550454761833, 0.00220917444676], [-0.000198891459149, 0.00835422519594, -0.0019042394124, 0.0022797761485, -0.00572211993858, -0.00240968703292, -0.00305660767481, 0.0241046659648, -0.00599351618439, 0.00956912711263, -0.00322427833453, 0.00059837650042, 0.000759817310609], [0.0011187113123, -0.00223533646204, 0.00222858996131, -0.00312929507345, -0.00153856817633, -0.00264793261886, 0.00263177463785, -0.00599351618439, 0.0140520501882, -0.00216005998664, 0.00118954759091, -0.000817426014692, -0.00424165278673], [-0.00161284522619, 0.00235923100263, -0.000188535253983, 0.00476815318689, -0.00152961199638, -0.00183012045454, -0.00133520236704, 0.00956912711263, -0.00216005998664, 0.0190756525844, 0.000238976179389, 0.00558351445943, -0.00377972889692], [0.000286688475171, -0.00202303333208, 0.00525071332231, 0.00154034374282, 0.00514363730326, 0.00108348741196, -0.000142247488839, -0.00322427833453, 0.00118954759091, 0.000238976179389, 0.0136037766933, -0.00213019317016, 0.00725341588259], [-0.000322092324495, 0.00125843426213, -0.0021921901498, 0.000284284440568, -0.0044259019196, 2.05946180358e-05, 0.00550454761833, 0.00059837650042, -0.000817426014692, 0.00558351445943, -0.00213019317016, 0.0193269625306, -0.00339668127708], [0.000231365047512, -0.000321526807966, 0.00250063859858, 0.00159579748288, 0.00699821487069, 0.00306339329109, 0.00220917444676, 0.000759817310609, -0.00424165278673, -0.00377972889692, 0.00725341588259, -0.00339668127708, 0.0148538043723]]
    },
    "melbands": {
        "dmean": [1.93563813866e-08, 2.44153909534e-07, 2.69442807621e-06, 3.43486408383e-06, 2.69584506896e-06, 2.07605989999e-06, 1.09815368887e-06, 7.22496281469e-07, 1.63679246157e-07, 1.53643568979e-07, 1.32792507657e-07, 1.31306791218e-07, 9.277152202e-08, 1.14391561112e-07, 1.86905339206e-07, 1.25811908447e-07, 7.90519152361e-08, 6.50254676771e-08, 6.44667395022e-08, 7.20026719137e-07, 2.35160155171e-06, 1.02597405203e-05, 3.63943127013e-06, 4.66920173494e-05, 2.27503896895e-05, 1.7860906155e-05, 1.87117620953e-05, 1.8536376956e-05, 2.82967102976e-05, 6.74009470458e-06, 2.25795411097e-05, 5.22938591985e-07, 2.12899678331e-07, 4.27599303521e-07, 8.61952912601e-07, 6.79740480791e-07, 2.64834034169e-06, 2.94456822303e-06, 8.27602491427e-07, 1.25818514789e-05],
        "dmean2": [2.7816085435e-08, 3.59953986617e-07, 4.07974403061e-06, 5.78986782784e-06, 4.0514041757e-06, 3.19905120705e-06, 1.79817754997e-06, 1.22609424125e-06, 2.78929746855e-07, 2.39619737386e-07, 2.18930878759e-07, 2.23193296733e-07, 1.76478948788e-07, 1.96021048282e-07, 3.04410008312e-07, 1.64718144902e-07, 1.23623948411e-07, 1.12690891285e-07, 9.46261664581e-08, 1.00017280147e-06, 3.7600793803e-06, 1.6870939362e-05, 5.91661637372e-06, 6.24447202426e-05, 3.34077376465e-05, 1.84721611731e-05, 2.20245856326e-05, 2.76193168247e-05, 4.25687430834e-05, 1.05771732706e-05, 3.81086501875e-05, 8.87809676442e-07, 2.48869184816e-07, 5.18475360423e-07, 1.44331829688e-06, 1.29633565393e-06, 3.59374303116e-06, 4.01360694013e-06, 1.13708927074e-06, 2.09761547012e-05],
        "dvar": [3.06685960366e-16, 5.35719580676e-13, 1.01121479246e-10, 1.01557630361e-10, 4.20049446614e-11, 1.9885254901e-11, 5.00010883392e-12, 1.6766765927e-12, 4.75954318275e-14, 8.86323553071e-14, 4.64189742146e-14, 1.40902006317e-13, 5.96333353249e-14, 5.67532267926e-14, 1.6775903583e-13, 3.66442953184e-14, 1.99333567908e-14, 1.44178797319e-14, 1.47201586857e-14, 7.29807360378e-12, 6.95112856164e-11, 1.92122895371e-09, 2.52702692105e-10, 2.76838925117e-08, 6.05333427828e-09, 1.89399496087e-09, 3.2270679462e-09, 3.29893690143e-09, 4.2648062859e-09, 3.87800180857e-10, 3.24534399354e-09, 1.57338519383e-12, 2.94943241922e-13, 2.14221934462e-12, 8.56056458359e-12, 7.58124552719e-12, 1.00234827383e-10, 1.0363021552e-10, 4.95432427722e-12, 1.37334521533e-09],
        "dvar2": [7.33408030182e-16, 1.30040563821e-12, 2.46263093251e-10, 3.37415539953e-10, 1.1073769679e-10, 3.43493358756e-11, 1.03090201306e-11, 5.10449408436e-12, 1.39939072157e-13, 2.23676247879e-13, 1.22849498044e-13, 3.89967030022e-13, 1.86424023462e-13, 1.62540797878e-13, 4.47681740854e-13, 7.2923993775e-14, 5.01993669614e-14, 3.90973400031e-14, 3.58729091896e-14, 1.5882751711e-11, 1.44422182546e-10, 4.91542540004e-09, 6.38768093975e-10, 6.08239147937e-08, 1.03564916643e-08, 2.61559640613e-09, 5.75158631833e-09, 4.62034277504e-09, 7.66820384968e-09, 9.39969324598e-10, 7.84471954063e-09, 3.96359464347e-12, 5.07698429738e-13, 4.28444259237e-12, 2.36010221782e-11, 2.24456234849e-11, 2.12448517112e-10, 2.20175336296e-10, 1.23841058935e-11, 4.00564914571e-09],
        "max": [1.3073338323e-07, 5.03711271449e-06, 6.09293201705e-05, 6.95080525475e-05, 5.02133116242e-05, 3.54382973455e-05, 1.76147514139e-05, 6.98638768881e-06, 1.19811477362e-06, 1.80178199116e-06, 1.33174819439e-06, 2.46895751843e-06, 1.64882999343e-06, 1.65246160577e-06, 2.52146332969e-06, 1.43309102896e-06, 1.2444170352e-06, 8.45285967443e-07, 8.27908081646e-07, 2.06442109629e-05, 5.99463019171e-05, 0.000295807083603, 0.000106130399217, 0.00139266008046, 0.000625752785709, 0.000434194254922, 0.000545615155715, 0.000482995790662, 0.000477356166812, 0.000143739511259, 0.000410796463257, 8.26872292237e-06, 5.1074748626e-06, 1.20996155601e-05, 1.89565762412e-05, 1.69167942659e-05, 7.73083811509e-05, 8.05030504125e-05, 1.52234460984e-05, 0.000248664378887],
        "mean": [3.4696821416e-08, 2.51224463454e-07, 2.26015936278e-06, 4.47257889391e-06, 4.47557204097e-06, 3.71794385501e-06, 1.70923146925e-06, 8.91440549822e-07, 2.81735509589e-07, 2.47504146955e-07, 2.01614824391e-07, 1.33919314749e-07, 1.16729005128e-07, 1.69073388179e-07, 2.3360088619e-07, 1.97615008801e-07, 1.3539626309e-07, 1.01780997852e-07, 1.09862483555e-07, 6.87075214501e-07, 2.58967543232e-06, 7.55440214562e-06, 2.83197414319e-06, 5.18791603099e-05, 4.13208617829e-05, 2.57846695604e-05, 2.68457242782e-05, 3.03939959849e-05, 4.08586492995e-05, 9.63232014328e-06, 3.47958557541e-05, 8.69049131325e-07, 3.313319894e-07, 5.18034767083e-07, 7.29414693978e-07, 5.57170494631e-07, 2.66172878582e-06, 2.9219231692e-06, 1.33308390105e-06, 1.52385873662e-05],
        "median": [2.63163641989e-08, 9.49519147753e-08, 2.42780458848e-07, 2.3347584488e-07, 3.57768783488e-07, 5.39270160971e-07, 2.06561537652e-07, 8.92164067068e-08, 3.36722081329e-08, 3.03064346951e-08, 2.54896779239e-08, 8.29296809002e-09, 1.13890266107e-08, 1.50207029037e-08, 4.08629610149e-08, 4.22428243496e-08, 1.94176994484e-08, 1.58756847668e-08, 1.64211506615e-08, 2.73566360676e-08, 1.33981458816e-07, 2.50083388664e-07, 1.58513572046e-07, 5.08766561325e-07, 5.24043457517e-07, 5.72442445446e-07, 1.73335521936e-07, 3.919033702e-07, 1.01945522601e-06, 5.38465201316e-07, 8.53402823964e-08, 4.21793622252e-08, 1.16842819864e-07, 5.71221541179e-08, 2.56349537153e-08, 1.75315442164e-08, 1.65786762096e-08, 5.45811573716e-08, 1.12204176617e-07, 4.81628568139e-08],
        "min": [4.4622722184e-11, 3.1313260318e-10, 1.16169607267e-09, 2.54559417989e-09, 4.38603064978e-09, 3.36621086561e-09, 2.06245753809e-09, 1.90580842774e-10, 9.63195842529e-11, 2.95756280577e-10, 8.7303005103e-11, 2.19896739706e-11, 8.35518182418e-11, 1.24950536029e-10, 4.18700976668e-11, 8.72355486459e-12, 2.83558315717e-11, 2.39507528393e-11, 1.30062384474e-11, 1.35572802984e-11, 1.80353006834e-11, 1.01407380756e-11, 2.49954432152e-11, 2.36073625925e-11, 1.55878782104e-11, 7.52297616563e-12, 1.46852321969e-11, 7.46656816236e-12, 4.81552384773e-12, 4.13045335781e-12, 2.47866159021e-12, 1.25657004333e-12, 4.95703684263e-13, 6.9931403333e-13, 5.27425163006e-13, 1.92404317305e-12, 2.3320024297e-12, 4.52999644089e-13, 5.26188250957e-13, 2.01830387256e-13],
        "var": [8.59803186544e-16, 4.37607442687e-13, 7.05862451822e-11, 1.45643330729e-10, 9.70022187574e-11, 6.40547823116e-11, 9.80911445819e-12, 2.69117844329e-12, 1.42467011495e-13, 1.60016775221e-13, 1.06491306387e-13, 1.17328645714e-13, 5.9401573558e-14, 1.03744175251e-13, 2.02067461613e-13, 1.07738172767e-13, 6.37515281993e-14, 3.26913890652e-14, 3.34431511347e-14, 8.23910297626e-12, 8.86481651974e-11, 1.51154055938e-09, 2.01921451781e-10, 4.14739567134e-08, 1.7658074114e-08, 5.27832666464e-09, 7.47142259172e-09, 7.93568055713e-09, 9.53925738401e-09, 4.74149164376e-10, 6.45129949461e-09, 3.70560873653e-12, 6.65185463135e-13, 3.40749195353e-12, 6.74749102078e-12, 4.91988567941e-12, 1.17912443698e-10, 1.27812371797e-10, 9.08079340889e-12, 1.74427416955e-09]
    },
    "mfcc": {
        "mean": [-894.86895752, 7.50095033646, 0.135369598866, 40.3037109375, -4.46714353561, -25.4677219391, -0.379319369793, -21.4626998901, -12.3388195038, -15.9309444427, -3.47241544724, 0.953237593174, -4.08395004272],
        "cov": [[9885.27636719, -4485.85839844, 236.622787476, 22.1307945251, -2553.06567383, -973.516357422, 1055.65087891, -1960.65405273, 623.074951172, 183.720443726, -934.247009277, 282.667388916, -201.186065674], [-4485.85839844, 3371.80761719, 608.148254395, -605.696289062, 944.687683105, 916.945922852, -477.131500244, 186.197509766, 45.8265419006, -392.27520752, 347.864227295, 39.4366722107, -111.265480042], [236.622787476, 608.148254395, 2406.13256836, -768.28704834, -1108.29650879, 464.846832275, 269.332977295, -1206.72131348, 819.613037109, -639.71282959, -125.986579895, -147.939117432, -338.480102539], [22.1307945251, -605.696289062, -768.28704834, 750.747619629, 510.041168213, -312.525817871, -166.163497925, 658.973754883, -240.867431641, 2.09597563744, 240.180725098, -137.866867065, 167.233184814], [-2553.06567383, 944.687683105, -1108.29650879, 510.041168213, 1374.53479004, 69.9566116333, -506.828338623, 1146.0357666, -472.558166504, 51.0143852234, 496.039398193, -110.302085876, 218.625701904], [-973.516357422, 916.945922852, 464.846832275, -312.525817871, 69.9566116333, 395.003997803, -97.214881897, -199.365097046, 198.652679443, -182.871063232, 58.9599838257, -8.43511772156, -62.8918800354], [1055.65087891, -477.131500244, 269.332977295, -166.163497925, -506.828338623, -97.214881897, 315.290222168, -358.109741211, 4.57602548599, 120.434181213, -224.295593262, 95.7274246216, -91.6584091187], [-1960.65405273, 186.197509766, -1206.72131348, 658.973754883, 1146.0357666, -199.365097046, -358.109741211, 1352.203125, -621.624938965, 199.939315796, 474.230377197, -201.503463745, 278.074645996], [623.074951172, 45.8265419006, 819.613037109, -240.867431641, -472.558166504, 198.652679443, 4.57602548599, -621.624938965, 651.259399414, -397.46572876, -104.987060547, -0.972499549389, -143.415924072], [183.720443726, -392.27520752, -639.71282959, 2.09597563744, 51.0143852234, -182.871063232, 120.434181213, 199.939315796, -397.46572876, 588.899536133, -242.593933105, 176.616653442, 85.9761505127], [-934.247009277, 347.864227295, -125.986579895, 240.180725098, 496.039398193, 58.9599838257, -224.295593262, 474.230377197, -104.987060547, -242.593933105, 497.407165527, -259.481872559, 83.7654495239], [282.667388916, 39.4366722107, -147.939117432, -137.866867065, -110.302085876, -8.43511772156, 95.7274246216, -201.503463745, -0.972499549389, 176.616653442, -259.481872559, 315.872924805, -62.6431922913], [-201.186065674, -111.265480042, -338.480102539, 167.233184814, 218.625701904, -62.8918800354, -91.6584091187, 278.074645996, -143.415924072, 85.9761505127, 83.7654495239, -62.6431922913, 133.777709961]],
