{
"lowlevel": {
    "average_loudness": 0.969612121582,
    "barkbands_crest": {
        "dmean": 2.04325675964,
        "dmean2": 2.8158698082,
        "dvar": 3.16982960701,
        "dvar2": 7.49916267395,
        "max": 24.6978797913,
        "mean": 14.1579208374,
        "median": 13.6638622284,
        "min": 6.67630624771,
        "var": 17.1494159698
    },
    "barkbands_flatness_db": {
        "dmean": 0.0181050691754,
        "dmean2": 0.0264668446034,
        "dvar": 0.000244815018959,
        "dvar2": 0.000354704243364,
        "max": 0.373224884272,
        "mean": 0.209380805492,
        "median": 0.205297723413,
        "min": 0.0621719844639,
        "var": 0.00333705567755
    },
    "barkbands_kurtosis": {
        "dmean": 6.41565895081,
        "dmean2": 9.28133869171,
        "dvar": 45.0276412964,
        "dvar2": 91.7026977539,
        "max": 74.617805481,
        "mean": 23.2461929321,
        "median": 20.1615848541,
        "min": -1.57097506523,
        "var": 241.077453613
    },
    "barkbands_skewness": {
        "dmean": 0.512568295002,
        "dmean2": 0.753270983696,
        "dvar": 0.190455302596,
        "dvar2": 0.401129573584,
        "max": 7.21964836121,
        "mean": 3.678784132,
        "median": 3.61884880066,
        "min": 0.490384936333,
        "var": 1.29151165485
    },
    "barkbands_spread": {
        "dmean": 3.19353747368,
        "dmean2": 5.03389549255,
        "dvar": 76.0182418823,
        "dvar2": 176.573776245,
        "max": 115.728614807,
        "mean": 11.213183403,
        "median": 4.96028518677,
        "min": 0.718628644943,
        "var": 439.009796143
    },
    "dissonance": {
        "dmean": 0.0207938030362,
        "dmean2": 0.0353922657669,
        "dvar": 0.000425642967457,
        "dvar2": 0.00101367151365,
        "max": 0.499710172415,
        "mean": 0.450000226498,
        "median": 0.455456644297,
        "min": 0.298997938633,
        "var": 0.00113289442379
    },
    "dynamic_complexity": 7.02932453156,
    "erbbands_crest": {
        "dmean": 2.42965435982,
        "dmean2": 3.30425882339,
        "dvar": 5.54695987701,
        "dvar2": 10.045753479,
        "max": 31.2377185822,
        "mean": 14.2355537415,
        "median": 13.439702034,
        "min": 2.93749189377,
        "var": 46.8563117981
    },
    "erbbands_flatness_db": {
        "dmean": 0.0153407547623,
        "dmean2": 0.0218217521906,
        "dvar": 0.000232632432017,
        "dvar2": 0.000322070758557,
        "max": 0.361701071262,
        "mean": 0.184708461165,
        "median": 0.182535752654,
        "min": 0.0324386917055,
        "var": 0.00375848682597
    },
    "erbbands_kurtosis": {
        "dmean": 2.46537637711,
        "dmean2": 3.26958990097,
        "dvar": 18.105556488,
        "dvar2": 22.7548313141,
        "max": 71.6910858154,
        "mean": 5.21359014511,
        "median": 1.52205324173,
        "min": -1.35232853889,
        "var": 112.960159302
    },
    "erbbands_skewness": {
        "dmean": 0.42147436738,
        "dmean2": 0.599907100201,
        "dvar": 0.150305002928,
        "dvar2": 0.244352549314,
        "max": 6.68957853317,
        "mean": 1.81875085831,
        "median": 1.56102478504,
        "min": -0.450003266335,
        "var": 1.57669186592
    },
    "erbbands_spread": {
        "dmean": 6.27036380768,
        "dmean2": 9.36818408966,
        "dvar": 45.2819671631,
        "dvar2": 103.367874146,
        "max": 98.2948379517,
        "mean": 34.0333366394,
        "median": 29.8364048004,
        "min": 2.03660011292,
        "var": 447.074615479
    },
    "hfc": {
        "dmean": 1.42221474648,
        "dmean2": 1.78890919685,
        "dvar": 8.84985160828,
        "dvar2": 11.4995698929,
        "max": 34.6136627197,
        "mean": 6.2947101593,
        "median": 2.15048027039,
        "min": 0.00712034897879,
        "var": 69.7693023682
    },
    "melbands_crest": {
        "dmean": 2.40341925621,
        "dmean2": 3.33465504646,
        "dvar": 4.24716615677,
        "dvar2": 8.42773246765,
        "max": 30.5414848328,
        "mean": 18.9913368225,
        "median": 18.1104660034,
        "min": 9.64288330078,
        "var": 21.9910755157
    },
    "melbands_flatness_db": {
        "dmean": 0.0189204383641,
        "dmean2": 0.0276307482272,
        "dvar": 0.000257703795796,
        "dvar2": 0.000346992572304,
        "max": 0.455581098795,
        "mean": 0.2891266644,
        "median": 0.285233765841,
        "min": 0.123988844454,
        "var": 0.00381022295915
    },
    "melbands_kurtosis": {
        "dmean": 8.65933036804,
        "dmean2": 12.5688819885,
        "dvar": 56.5336647034,
        "dvar2": 136.902359009,
        "max": 104.089874268,
        "mean": 35.6747817993,
        "median": 30.8976097107,
        "min": 9.00302696228,
        "var": 275.433898926
    },
    "melbands_skewness": {
        "dmean": 0.583424448967,
        "dmean2": 0.860561788082,
        "dvar": 0.24357137084,
        "dvar2": 0.600011527538,
        "max": 8.60071086884,
        "mean": 4.1974568367,
        "median": 4.13814878464,
        "min": -0.0303056873381,
        "var": 1.71805334091
    },
    "melbands_spread": {
        "dmean": 1.54820168018,
        "dmean2": 2.40187597275,
        "dvar": 8.12924289703,
        "dvar2": 20.8747444153,
        "max": 40.940700531,
        "mean": 5.80691719055,
        "median": 4.71207618713,
        "min": 1.26823425293,
        "var": 22.1991634369
    },
    "pitch_salience": {
        "dmean": 0.0559174232185,
        "dmean2": 0.0826355740428,
        "dvar": 0.00268732663244,
        "dvar2": 0.00588198192418,
        "max": 0.824386835098,
        "mean": 0.4950042665,
        "median": 0.516987323761,
        "min": 0.233906894922,
        "var": 0.0100570144132
    },
    "silence_rate_20dB": {
        "dmean": 0,
        "dmean2": 0,
        "dvar": 0,
        "dvar2": 0,
        "max": 1,
        "mean": 1,
        "median": 1,
        "min": 1,
        "var": 0
    },
    "silence_rate_30dB": {
        "dmean": 0,
        "dmean2": 0,
        "dvar": 0,
        "dvar2": 0,
        "max": 1,
        "mean": 1,
        "median": 1,
        "min": 1,
        "var": 0
    },
    "silence_rate_60dB": {
        "dmean": 0.0388888902962,
        "dmean2": 0.0782122910023,
        "dvar": 0.0373766459525,
        "dvar2": 0.0720949620008,
        "max": 1,
        "mean": 0.331491708755,
        "median": 0,
        "min": 0,
        "var": 0.22160474956
    },
    "spectral_centroid": {
        "dmean": 82.8874740601,
        "dmean2": 124.412078857,
        "dvar": 17818.3339844,
        "dvar2": 45036.1757812,
        "max": 1982.68139648,
        "mean": 530.741455078,
        "median": 458.036132812,
        "min": 278.692199707,
        "var": 60567.6445312
    },
    "spectral_complexity": {
        "dmean": 1.60000002384,
        "dmean2": 2.35754179955,
        "dvar": 5.63999319077,
        "dvar2": 9.10119915009,
        "max": 37,
        "mean": 7.77348089218,
        "median": 5,
        "min": 0,
        "var": 73.3575286865
    },
    "spectral_decrease": {
        "dmean": 1.0815325302e-09,
        "dmean2": 1.28228372365e-09,
        "dvar": 5.20476103489e-18,
        "dvar2": 6.4230992291e-18,
        "max": -1.1655317011e-13,
        "mean": -4.45474102051e-09,
        "median": -1.84037662887e-09,
        "min": -2.63151278546e-08,
        "var": 3.2668839857e-17
    },
    "spectral_energy": {
        "dmean": 0.00419901264831,
        "dmean2": 0.0049783247523,
        "dvar": 7.85792653915e-05,
        "dvar2": 9.69789398368e-05,
        "max": 0.102356567979,
        "mean": 0.0173841472715,
        "median": 0.00715483678505,
        "min": 1.53918142587e-06,
        "var": 0.000497610657476
    },
    "spectral_energyband_high": {
        "dmean": 3.34070828103e-05,
        "dmean2": 4.31980406574e-05,
        "dvar": 5.70454572468e-09,
        "dvar2": 9.93450743891e-09,
        "max": 0.000964686856605,
        "mean": 0.000102242287539,
        "median": 1.0116703379e-05,
        "min": 1.70115114884e-07,
        "var": 4.15203942339e-08
    },
    "spectral_energyband_low": {
        "dmean": 0.00121283775661,
        "dmean2": 0.00159125449136,
        "dvar": 1.02010308183e-05,
        "dvar2": 1.96188411792e-05,
        "max": 0.0430425405502,
        "mean": 0.0040978025645,
        "median": 0.00131899723783,
        "min": 1.39716206604e-07,
        "var": 6.25082320767e-05
    },
    "spectral_energyband_middle_high": {
        "dmean": 0.000231761616305,
        "dmean2": 0.000353309354978,
        "dvar": 2.50300701055e-07,
        "dvar2": 5.46833859971e-07,
        "max": 0.00686406902969,
        "mean": 0.000722805853002,
        "median": 0.000128249856061,
        "min": 9.2192024681e-08,
        "var": 1.75355501142e-06
    },
    "spectral_energyband_middle_low": {
        "dmean": 0.00398222450167,
        "dmean2": 0.00460276938975,
        "dvar": 6.9129280746e-05,
        "dvar2": 8.19721535663e-05,
        "max": 0.0959973931313,
        "mean": 0.0158360619098,
        "median": 0.00678822677583,
        "min": 4.56872413679e-07,
        "var": 0.000406709121307
    },
    "spectral_entropy": {
        "dmean": 0.162792533636,
        "dmean2": 0.241970077157,
        "dvar": 0.0216395873576,
        "dvar2": 0.031346000731,
        "max": 8.57355880737,
        "mean": 7.03827095032,
        "median": 7.07600212097,
        "min": 5.21858501434,
        "var": 0.347553819418
    },
    "spectral_flux": {
        "dmean": 0.0096020065248,
        "dmean2": 0.0152503494173,
        "dvar": 0.000286147464067,
        "dvar2": 0.000472143554362,
        "max": 0.252061784267,
        "mean": 0.0325396880507,
        "median": 0.019646409899,
        "min": 0.000664555525873,
        "var": 0.000958447402809
    },
    "spectral_kurtosis": {
        "dmean": 2.06122350693,
        "dmean2": 3.47334718704,
        "dvar": 6.06829500198,
        "dvar2": 13.8221292496,
        "max": 27.5408611298,
        "mean": 7.80823945999,
        "median": 6.47782897949,
        "min": 1.63542699814,
        "var": 17.4913883209
    },
    "spectral_rms": {
        "dmean": 0.000413780857343,
        "dmean2": 0.000472949497635,
        "dvar": 4.97651740261e-07,
        "dvar2": 5.47271326923e-07,
        "max": 0.00999300088733,
        "mean": 0.00332140689716,
        "median": 0.00264203106053,
        "min": 3.87510044675e-05,
        "var": 5.92839933233e-06
    },
    "spectral_rolloff": {
        "dmean": 344.411376953,
        "dmean2": 560.945556641,
        "dvar": 3437715.25,
        "dvar2": 6441005,
        "max": 20198.1445312,
        "mean": 1404.29772949,
        "median": 366.064453125,
        "min": 172.265625,
        "var": 17547914
    },
    "spectral_skewness": {
        "dmean": 0.224597275257,
        "dmean2": 0.36609518528,
        "dvar": 0.0593992769718,
        "dvar2": 0.122670218349,
        "max": 4.06831455231,
        "mean": 2.08349442482,
        "median": 2.02716040611,
        "min": 1.18100559711,
        "var": 0.253580927849
    },
    "spectral_spread": {
        "dmean": 318175.53125,
        "dmean2": 520701.3125,
        "dvar": 255779422208,
        "dvar2": 443473821696,
        "max": 11663598,
        "mean": 4267894,
        "median": 3797429.25,
        "min": 2294877.75,
        "var": 3.23747237069e+12
    },
    "spectral_strongpeak": {
        "dmean": 0.23685310781,
        "dmean2": 0.327259778976,
        "dvar": 0.10843642801,
        "dvar2": 0.160885930061,
        "max": 3.37224364281,
        "mean": 0.797883570194,
        "median": 0.596115171909,
        "min": 0,
        "var": 0.560409247875
    },
    "zerocrossingrate": {
        "dmean": 0.00858289934695,
        "dmean2": 0.010772193782,
        "dvar": 0.000480852118926,
        "dvar2": 0.000623365340289,
        "max": 0.365234375,
        "mean": 0.0441800095141,
        "median": 0.02490234375,
        "min": 0.00634765625,
        "var": 0.00449396343902
    },
    "barkbands": {
        "dmean": [8.97630684449e-07, 1.83745612503e-06, 0.000326091540046, 0.00154357613064, 0.000484387797769, 0.00302334502339, 0.000104812701466, 7.84778167144e-05, 6.76692070556e-05, 5.19169807376e-05, 3.29488466377e-05, 5.91826719756e-05, 3.3611577237e-05, 3.62749378837e-05, 6.62403399474e-05, 3.54921830876e-05, 3.59941695933e-05, 1.88976773643e-05, 2.70979107881e-05, 1.80683746294e-05, 1.25907517941e-05, 5.55622409593e-06, 2.57906253864e-06, 3.35863569489e-06, 4.07813695347e-06, 9.72896714302e-07, 6.75551135032e-08],
        "dmean2": [1.5253450556e-06, 3.03312936012e-06, 0.000487094774144, 0.00174852926284, 0.00067624397343, 0.00360868871212, 0.000166228943272, 0.000135031456011, 0.000119055315736, 8.53234741953e-05, 5.3707499319e-05, 0.000105636412627, 5.72896169615e-05, 5.81618405704e-05, 0.000119532647659, 5.78362923989e-05, 5.4896070651e-05, 2.85420082946e-05, 4.33690147474e-05, 2.63089568762e-05, 1.6760561266e-05, 8.18349417386e-06, 3.16170417136e-06, 4.89480271426e-06, 5.99896429776e-06, 1.4918581428e-06, 1.02485714137e-07],
        "dvar": [2.7570224749e-12, 3.14727931217e-11, 7.9783211504e-07, 1.44878340507e-05, 6.29397845842e-07, 3.03062915918e-05, 2.7012397652e-08, 1.91724662812e-08, 1.91507165681e-08, 1.21870815661e-08, 4.55217241679e-09, 1.78394063965e-08, 7.806559843e-09, 6.30625951459e-09, 3.72258064374e-08, 6.25090779138e-09, 6.37178354523e-09, 1.51626089462e-09, 3.09060976811e-09, 1.79298420555e-09, 7.62633622919e-10, 2.26024782224e-10, 3.72736147503e-11, 6.54535314837e-11, 8.81802547648e-11, 6.60132929223e-12, 7.17847463194e-15],
        "dvar2": [7.14790423031e-12, 7.96004026582e-11, 1.79799803846e-06, 1.91100516531e-05, 1.1426883475e-06, 4.3023374019e-05, 7.55227915761e-08, 5.4950429984e-08, 5.47850760313e-08, 3.49808573219e-08, 1.24177743643e-08, 5.28633954389e-08, 2.35385435587e-08, 1.66518692168e-08, 1.1759244245e-07, 1.36917286397e-08, 1.54798449614e-08, 3.606522192e-09, 8.20067658225e-09, 4.16932843805e-09, 1.60141089278e-09, 5.8437210626e-10, 6.57042129037e-11, 1.54115678552e-10, 2.00503960657e-10, 1.55797440921e-11, 1.45400862574e-14],
        "max": [1.65809888131e-05, 5.6346940255e-05, 0.0107202427462, 0.0444795414805, 0.0103763230145, 0.0614312812686, 0.00167466350831, 0.00130893022288, 0.00121153669897, 0.000988464220427, 0.000572331191506, 0.00121848098934, 0.000860601139721, 0.00092261552345, 0.00168191490229, 0.00076588394586, 0.000805389892776, 0.000440772419097, 0.000578431645408, 0.000506607932039, 0.000343563326169, 0.000164003184182, 9.01484381757e-05, 9.98213217827e-05, 9.22574909055e-05, 3.04195873468e-05, 1.4331200191e-06],
        "mean": [8.11320830962e-07, 2.88883370558e-06, 0.000728917075321, 0.00593121070415, 0.00149290368427, 0.00793708395213, 0.000205980526516, 0.00011858734797, 0.000116762370453, 8.7735359557e-05, 4.69282313134e-05, 0.000101941353932, 5.85017369303e-05, 7.76630913606e-05, 9.13647018024e-05, 7.01851968188e-05, 7.28790473659e-05, 4.90281636303e-05, 6.69967703288e-05, 4.85480559291e-05, 3.42013227055e-05, 1.34030087793e-05, 7.53623089622e-06, 9.3141270554e-06, 9.95413847704e-06, 2.23936694965e-06, 4.17075142423e-07],
        "median": [4.32844103671e-07, 4.62364681653e-07, 0.000157532456797, 0.00189103884622, 0.000853079545777, 0.00262679858133, 8.21403664304e-05, 5.61462838959e-05, 5.22010814166e-05, 1.97354038391e-05, 1.00178112916e-05, 1.77863366844e-05, 1.07908163045e-05, 1.47462687892e-05, 1.25004908114e-05, 1.12582802103e-05, 1.0686956557e-05, 6.578490229e-06, 9.06988316274e-06, 4.88224304718e-06, 2.74155172519e-06, 1.11889528398e-06, 6.39353004317e-07, 7.31384318442e-07, 7.8433595263e-07, 1.46765103182e-07, 3.46165165865e-07],
        "min": [1.84759016975e-08, 2.46578739649e-08, 2.99048297236e-09, 3.24576490129e-08, 2.72729124617e-07, 1.64120326218e-08, 1.56350168368e-08, 9.84201875553e-09, 3.68656283278e-09, 2.4706798829e-09, 5.72765301854e-09, 4.91027796201e-09, 3.86024368026e-09, 3.5119067654e-09, 5.15678211244e-09, 5.81930459376e-09, 4.22162615976e-09, 5.5617963568e-09, 5.40219158296e-09, 3.1915328158e-09, 5.69194202882e-09, 4.52303039467e-09, 4.22068247019e-09, 6.03743322003e-09, 1.13927685064e-08, 1.17090586116e-08, 1.6808630221e-07],
        "var": [2.0175447684e-12, 4.37177065382e-11, 2.93529296869e-06, 9.36082287808e-05, 3.68967789655e-06, 0.000138323841384, 9.47857898836e-08, 2.8488328141e-08, 2.98259656972e-08, 2.52411158641e-08, 8.2897049225e-09, 3.88461955936e-08, 1.4938606796e-08, 2.38016397702e-08, 4.67781617886e-08, 1.89857516375e-08, 2.08015631387e-08, 8.29418755899e-09, 1.66846589877e-08, 8.80918449297e-09, 4.89807305826e-09, 8.18112078083e-10, 2.48054909946e-10, 3.56914109378e-10, 4.16103040912e-10, 2.33349884554e-11, 4.06069153454e-14]
    },
    "erbbands": {
        "dmean": [9.79726173682e-05, 0.00307938759215, 0.225583642721, 3.27628588676, 2.90732145309, 1.4412112236, 17.3528633118, 22.8334083557, 4.37642478943, 1.76413810253, 1.52064990997, 1.08757913113, 2.04975414276, 2.25944519043, 1.35029149055, 1.98728299141, 1.59880781174, 1.67501831055, 2.32111573219, 2.28501343727, 2.18365740776, 1.91528081894, 1.0091252327, 1.44732451439, 1.04029142857, 0.933266937733, 0.712719142437, 0.368686378002, 0.206645980477, 0.0832094550133, 0.0664359182119, 0.0764986351132, 0.0585841350257, 0.0512373819947, 0.0254949126393, 0.00850270502269, 0.000985281309113, 8.36629624246e-05, 1.18470943562e-05, 5.00144551552e-06],
        "dmean2": [0.000133846449899, 0.00467607984319, 0.326659142971, 4.00473594666, 3.12474894524, 2.09697341919, 21.8952236176, 28.7806739807, 5.74265861511, 3.01901340485, 2.64180231094, 1.85089099407, 3.46691155434, 3.74094200134, 2.29635596275, 3.35810923576, 2.75242257118, 2.66149425507, 4.12014055252, 4.05106544495, 3.73590779305, 3.02373385429, 1.5137321949, 2.38388085365, 1.44983160496, 1.41768229008, 1.02525210381, 0.505234181881, 0.300135552883, 0.115096077323, 0.0826531201601, 0.12144228071, 0.0883913859725, 0.0790387168527, 0.0361539013684, 0.0131282713264, 0.00159757852089, 0.000118432173622, 1.79021371878e-05, 6.25689153821e-06],
        "dvar": [5.98704161803e-08, 6.2253937358e-05, 0.36530533433, 67.6448135376, 42.4517288208, 6.29414081573, 1558.34692383, 1862.20056152, 86.325920105, 7.88269901276, 10.7098674774, 4.00100898743, 14.5394115448, 28.3887405396, 8.71928596497, 17.8800258636, 17.5708694458, 13.8122301102, 50.0826873779, 39.4181098938, 27.909078598, 17.6058750153, 4.30442857742, 9.30924510956, 4.61632919312, 4.9820690155, 2.65501308441, 0.808048427105, 0.265081495047, 0.0383711494505, 0.0261475462466, 0.034978531301, 0.0201975610107, 0.0149940159172, 0.00361123261973, 0.000466459459858, 7.03219620846e-06, 4.98530994264e-08, 3.30959287753e-10, 1.05363176517e-10],
        "dvar2": [1.24564877524e-07, 0.000132620712975, 0.780083596706, 112.162185669, 39.1480026245, 13.0512733459, 2119.71948242, 3021.37402344, 103.069320679, 21.0569534302, 30.2968254089, 10.4868345261, 40.8146781921, 79.4498291016, 25.4684562683, 50.4967422485, 52.1800308228, 38.8956756592, 147.588668823, 112.583351135, 62.8184013367, 46.4698295593, 8.47415065765, 25.1330795288, 8.46246433258, 12.621553421, 5.99583244324, 1.69420874119, 0.656684935093, 0.0759816691279, 0.0465342700481, 0.0901976451278, 0.0485739186406, 0.0360637269914, 0.00812275987118, 0.00110160303302, 1.5342475308e-05, 1.07071713273e-07, 5.73048608565e-10, 1.27386573512e-10],
        "max": [0.00282370462082, 0.0988701209426, 7.58033800125, 104.636550903, 99.0600280762, 33.3959350586, 486.464599609, 528.749023438, 164.38432312, 21.0046157837, 32.2370643616, 19.4577655792, 24.947095871, 41.6416435242, 25.0704059601, 42.6268615723, 42.4238128662, 40.1303977966, 83.5257568359, 64.9473419189, 52.8570137024, 40.8813781738, 26.8736171722, 33.0127487183, 30.8067703247, 25.9999580383, 18.1077194214, 12.6148681641, 6.35371017456, 2.671022892, 2.4009680748, 2.2353541851, 1.88589477539, 1.15045070648, 0.661773383617, 0.251377701759, 0.0291935652494, 0.00313443969935, 0.00027113824035, 0.000124511439935],
        "mean": [0.000316474644933, 0.00950838811696, 0.627570450306, 12.0432453156, 10.9804897308, 4.31554555893, 42.320941925, 56.6995697021, 12.5102825165, 3.27320814133, 2.34206199646, 2.23524069786, 3.31666970253, 2.97750425339, 2.4617600441, 3.71843242645, 3.05420470238, 3.72623467445, 3.83785057068, 4.29116487503, 4.23241519928, 3.95201444626, 3.09362411499, 3.21562743187, 3.11724662781, 2.31303238869, 1.73879265785, 1.03219783306, 0.520930528641, 0.259513109922, 0.215306609869, 0.190687522292, 0.161164745688, 0.120954692364, 0.0633963942528, 0.0190569031984, 0.00239529041573, 0.0002587090421, 6.19601632934e-05, 2.67885825451e-05],
        "median": [0.000120463388157, 0.00329451146536, 0.191773220897, 3.960085392, 4.28357601166, 2.08041334152, 8.33500003815, 22.2797966003, 2.93207859993, 1.49957072735, 0.90266340971, 1.09359908104, 0.977340877056, 0.625995159149, 0.45047852397, 0.702367126942, 0.63449627161, 0.733149051666, 0.531907975674, 0.636732935905, 0.643047273159, 0.575254440308, 0.431264013052, 0.450125575066, 0.37549033761, 0.258244395256, 0.131958633661, 0.0938997343183, 0.0434181764722, 0.0210624393076, 0.0176462829113, 0.0161935724318, 0.0130544016138, 0.00906533747911, 0.00484768021852, 0.00124273402616, 0.000183901414857, 7.29530656827e-05, 4.18993913627e-05, 1.40644069688e-05],
        "min": [1.46014144775e-06, 4.58928980152e-06, 5.05306252307e-06, 0.000113951042295, 0.00108970131259, 0.00039248491521, 0.000152283639181, 0.000153888497152, 0.000272491044598, 0.000270497374004, 0.000178109621629, 0.000106303632492, 5.77232931391e-05, 0.000184934731806, 0.000265527545707, 0.000175604436663, 0.000212334794924, 0.00026721030008, 0.000274933903711, 0.000283074536128, 0.000282153428998, 0.000270684453426, 0.000317407306284, 0.000253754056757, 0.000291136879241, 0.000216865621042, 0.000239608998527, 0.0002146535262, 0.000144760037074, 0.000142040764331, 0.000124031590531, 0.000138850460644, 0.000102632577182, 8.84405817487e-05, 8.43825255288e-05, 3.48191897501e-05, 2.52393310802e-05, 2.19996563828e-05, 1.84034579434e-05, 3.24071970681e-06],
        "var": [2.9413152447e-07, 0.000310399045702, 1.66011440754, 438.286590576, 292.870025635, 36.6970252991, 6038.65478516, 9629.45703125, 832.598754883, 18.3117771149, 13.5776166916, 11.1890420914, 24.4317817688, 39.4125900269, 21.3800449371, 49.6827774048, 37.8773384094, 52.4888153076, 78.8288269043, 83.2608795166, 71.4162216187, 58.851146698, 33.016784668, 38.1081352234, 36.9750900269, 19.8206272125, 13.0774879456, 4.39162874222, 1.20769178867, 0.285452604294, 0.194984942675, 0.154578149319, 0.10741622746, 0.0630982890725, 0.0169320032001, 0.00166865100618, 2.60391971096e-05, 1.89156025954e-07, 2.26155272287e-09, 7.03528013624e-10]
    },
    "gfcc": {
        "mean": [-131.219207764, 103.451431274, -99.7546920776, 17.6217708588, -57.7050018311, -22.5289402008, -57.555355072, -17.7449054718, -39.9351844788, -13.4195642471, -16.7536563873, -13.5718622208, -8.33990287781],
        "cov": [[15091.5292969, 1769.93432617, -2275.703125, 975.072753906, -1253.56713867, 5.52489423752, -1198.74768066, 32.1046409607, -964.907348633, 65.5479202271, -437.430999756, -97.3580856323, -71.9935150146], [1769.93432617, 959.603881836, -270.413085938, 59.651676178, -145.85736084, -203.543014526, -177.203216553, -99.6671676636, -89.1512832642, -52.2622833252, -11.3914899826, -76.0968017578, 7.64987230301], [-2275.703125, -270.413085938, 468.482543945, -107.449371338, 228.146057129, 39.6699905396, 192.080703735, -8.37335300446, 146.284347534, -7.89692258835, 70.7804794312, 26.7096347809, 26.250749588], [975.072753906, 59.651676178, -107.449371338, 130.626541138, -31.6800918579, 39.6695365906, -73.5117645264, -6.16825485229, -81.2403564453, -3.39663434029, -37.9050636292, -9.1842546463, -13.619477272], [-1253.56713867, -145.85736084, 228.146057129, -31.6800918579, 183.412612915, 46.3572120667, 111.651603699, -20.9625320435, 60.2029151917, -17.664604187, 26.6526985168, 2.43441319466, -2.1423971653], [5.52489423752, -203.543014526, 39.6699905396, 39.6695365906, 46.3572120667, 129.176040649, 51.5564727783, 38.7819290161, -22.7914409637, -10.3512735367, -40.8397865295, 0.808532118797, -6.89187431335], [-1198.74768066, -177.203216553, 192.080703735, -73.5117645264, 111.651603699, 51.5564727783, 147.142456055, 26.3925380707, 72.1074295044, -24.5277404785, 3.70428204536, -4.07203006744, 2.50620818138], [32.1046409607, -99.6671676636, -8.37335300446, -6.16825485229, -20.9625320435, 38.7819290161, 26.3925380707, 52.5231704712, 8.41618824005, -0.116834916174, -23.985294342, -1.10711240768, -2.20357942581], [-964.907348633, -89.1512832642, 146.284347534, -81.2403564453, 60.2029151917, -22.7914409637, 72.1074295044, 8.41618824005, 92.6748886108, 12.0989961624, 38.8963394165, 7.76729917526, 6.42873620987], [65.5479202271, -52.2622833252, -7.89692258835, -3.39663434029, -17.664604187, -10.3512735367, -24.5277404785, -0.116834916174, 12.0989961624, 42.9480819702, 24.1380958557, 17.2955799103, -1.41431617737], [-437.430999756, -11.3914899826, 70.7804794312, -37.9050636292, 26.6526985168, -40.8397865295, 3.70428204536, -23.985294342, 38.8963394165, 24.1380958557, 57.7197532654, 21.4909038544, 4.11464214325], [-97.3580856323, -76.0968017578, 26.7096347809, -9.1842546463, 2.43441319466, 0.808532118797, -4.07203006744, -1.10711240768, 7.76729917526, 17.2955799103, 21.4909038544, 32.5922088623, 10.3885326385], [-71.9935150146, 7.64987230301, 26.250749588, -13.619477272, -2.1423971653, -6.89187431335, 2.50620818138, -2.20357942581, 6.42873620987, -1.41431617737, 4.11464214325, 10.3885326385, 22.6400508881]],
        "icov": [[0.00341526884586, -0.00541794393212, 0.00403937650844, -0.00773911830038, 0.00804467126727, -0.0098374420777, 0.0063504204154, -0.00330979772843, 0.00400727987289, -0.00816296506673, 0.00619495240971, -0.00874812994152, 0.00133371748962], [-0.00541794393212, 0.0124417264014, -0.00556092942134, 0.0105643998832, -0.0118082761765, 0.01940468885, -0.00906272791326, 0.00773488590494, -0.00564178545028, 0.017391635105, -0.0135048916563, 0.0233975574374, -0.00767718069255], [0.00403937650844, -0.00556092942134, 0.0196898784488, -0.0158219486475, 0.0034932109993, -0.0151875652373, -0.000973172718659, -0.000328760244884, -0.00894199404866, -0.00493452651426, -0.00505238352343, -0.00877302698791, -0.0146664641798], [-0.00773911830038, 0.0105643998832, -0.0158219486475, 0.047692425549, -0.0255233757198, 0.0160110797733, 0.00608977442607, 0.00142838421743, 0.00867180153728, 0.0138610070571, -0.00186769035645, 0.0185756497085, 0.0109990043566], [0.00804467126727, -0.0118082761765, 0.0034932109993, -0.0255233757198, 0.050389431417, -0.0346495509148, 0.00356088974513, 0.0206875018775, -0.00449293339625, -0.010086229071, 0.0124925104901, -0.0217419993132, 0.0143586965278], [-0.0098374420777, 0.01940468885, -0.0151875652373, 0.0160110797733, -0.0346495509148, 0.0687230378389, -0.0311896726489, -0.0110665960237, 0.0178653243929, 0.008440265432, -0.00415978534147, 0.0254186820239, -0.00603398680687], [0.0063504204154, -0.00906272791326, -0.000973172718659, 0.00608977442607, 0.00356088974513, -0.0311896726489, 0.0651366263628, -0.0203032884747, -0.0025173695758, 0.00596843287349, 0.0170210655779, -0.00932923983783, 0.0119786756113], [-0.00330979772843, 0.00773488590494, -0.000328760244884, 0.00142838421743, 0.0206875018775, -0.0110665960237, -0.0203032884747, 0.0773873105645, -0.0418086238205, 0.0122814523056, 0.0173657033592, -0.00261905998923, 0.00715523120016], [0.00400727987289, -0.00564178545028, -0.00894199404866, 0.00867180153728, -0.00449293339625, 0.0178653243929, -0.0025173695758, -0.0418086238205, 0.0869900807738, -0.0397910885513, -0.00154226180166, 0.00782257970423, 0.000960430421401], [-0.00816296506673, 0.017391635105, -0.00493452651426, 0.0138610070571, -0.010086229071, 0.008440265432, 0.00596843287349, 0.0122814523056, -0.0397910885513, 0.0873921811581, -0.0444184318185, 0.0179682932794, 0.000961316865869], [0.00619495240971, -0.0135048916563, -0.00505238352343, -0.00186769035645, 0.0124925104901, -0.00415978534147, 0.0170210655779, 0.0173657033592, -0.00154226180166, -0.0444184318185, 0.105030104518, -0.0646177306771, 0.0369441658258], [-0.00874812994152, 0.0233975574374, -0.00877302698791, 0.0185756497085, -0.0217419993132, 0.0254186820239, -0.00932923983783, -0.00261905998923, 0.00782257970423, 0.0179682932794, -0.0646177306771, 0.119101449847, -0.0519249103963], [0.00133371748962, -0.00767718069255, -0.0146664641798, 0.0109990043566, 0.0143586965278, -0.00603398680687, 0.0119786756113, 0.00715523120016, 0.000960430421401, 0.000961316865869, 0.0369441658258, -0.0519249103963, 0.0904182717204]]
    },
    "melbands": {
        "dmean": [4.07145620329e-07, 7.32715052436e-05, 0.000557173974812, 0.000109944026917, 0.000456583657069, 0.000507386983372, 6.25768807367e-05, 1.78593218152e-05, 1.12159978016e-05, 8.48234503792e-06, 1.01832047221e-05, 9.15171585802e-06, 3.42102021023e-06, 7.81447124609e-06, 3.81948757422e-06, 3.35732670464e-06, 3.3840319702e-06, 3.09612619276e-06, 5.87697923038e-06, 2.20157744479e-06, 2.54364340435e-06, 2.24418045036e-06, 1.36900666803e-06, 1.03399656837e-06, 1.32857576318e-06, 1.03360798676e-06, 8.00332543349e-07, 7.05111915522e-07, 4.83823157538e-07, 3.30675504756e-07, 1.99100995246e-07, 1.5439910328e-07, 6.4625417906e-08, 5.03819101993e-08, 4.36921610003e-08, 4.4928512466e-08, 4.83056297185e-08, 4.00372499598e-08, 5.10236120022e-08, 4.33525713106e-08],
        "dmean2": [6.86063287958e-07, 0.000110490895167, 0.000644648680463, 0.000140300398925, 0.000579600280616, 0.000626177759841, 8.27170224511e-05, 3.06792571791e-05, 1.91911913134e-05, 1.45801595863e-05, 1.71597876033e-05, 1.49903744386e-05, 5.66883363717e-06, 1.36969529194e-05, 6.39394556856e-06, 5.68339874008e-06, 5.3761827985e-06, 5.0530502449e-06, 1.05937888293e-05, 3.34530182045e-06, 4.31045145888e-06, 3.81933978133e-06, 1.85849830814e-06, 1.70454779891e-06, 2.19883304453e-06, 1.70284693013e-06, 1.19075423299e-06, 1.13061628326e-06, 7.16647775789e-07, 4.80609855913e-07, 3.01631672528e-07, 2.36423090882e-07, 9.92118600607e-08, 6.95920832072e-08, 5.64505988621e-08, 6.27668867992e-08, 7.78534854362e-08, 5.81817474199e-08, 8.11305582715e-08, 6.62735430979e-08],
        "dvar": [1.54827648098e-12, 3.99874622303e-08, 1.77868059836e-06, 4.63842297904e-08, 1.06715833681e-06, 8.64254388944e-07, 1.84365518408e-08, 7.87201637209e-10, 5.57090040765e-10, 2.75228922986e-10, 3.59731910926e-10, 4.76695793949e-10, 5.56076087954e-11, 2.94644975085e-10, 8.95493748598e-11, 8.44914069265e-11, 5.57053847494e-11, 8.85649401039e-11, 2.585535952e-10, 2.18515275319e-11, 3.59962441798e-11, 2.74561658131e-11, 9.47860887002e-12, 4.91697871655e-12, 7.95675070969e-12, 4.85237327749e-12, 3.49985123348e-12, 3.03323512141e-12, 1.43565996764e-12, 5.69011688895e-13, 2.85419989509e-13, 1.61918818197e-13, 2.71737588486e-14, 1.39273121302e-14, 1.17859535472e-14, 1.09950627907e-14, 1.3177872625e-14, 9.73386207249e-15, 1.38824812174e-14, 1.04240228238e-14],
        "dvar2": [3.9735909875e-12, 9.00275978211e-08, 2.51432607001e-06, 4.94046012989e-08, 1.45273770613e-06, 1.33164678573e-06, 2.12856345883e-08, 2.17528595137e-09, 1.56956014852e-09, 7.82433007274e-10, 1.00252817159e-09, 1.32964839139e-09, 1.57251045518e-10, 8.55088388985e-10, 2.48367826305e-10, 2.56082377526e-10, 1.53362322841e-10, 2.39238406863e-10, 8.14461553755e-10, 4.71274304303e-11, 8.33547605938e-11, 7.66360169768e-11, 1.7424476792e-11, 1.11460996682e-11, 2.14343178623e-11, 1.38534808625e-11, 9.10651849068e-12, 7.76862341817e-12, 3.59769635958e-12, 1.25898163422e-12, 6.50533392346e-13, 4.37034252104e-13, 6.74976364406e-14, 2.78347410089e-14, 2.23821188769e-14, 2.50067758249e-14, 3.56070526525e-14, 2.32871600285e-14, 3.8883620038e-14, 2.4526436993e-14],
        "max": [1.19638798424e-05, 0.00238482421264, 0.0151021294296, 0.00350810983218, 0.012601624243, 0.0106683857739, 0.00245669367723, 0.000198507928872, 0.000235035739024, 0.000150414023665, 0.000122336292407, 0.000169437364093, 7.37059381208e-05, 0.000135887428769, 0.000124468569993, 9.14829506655e-05, 8.65425390657e-05, 0.000125127946376, 0.000126674465719, 5.5043008615e-05, 5.97969956289e-05, 4.81738861708e-05, 4.20710784965e-05, 2.05764808925e-05, 3.04133209283e-05, 2.41922298301e-05, 2.19828307308e-05, 1.84997588804e-05, 1.24468697322e-05, 8.30291355669e-06, 6.8420495154e-06, 4.44245688414e-06, 1.72837144419e-06, 1.561217573e-06, 1.57660110744e-06, 1.27854298171e-06, 1.30421597078e-06, 1.34926142437e-06, 1.12818861453e-06, 9.415229556e-07],
        "mean": [6.09785729466e-07, 0.000164331650012, 0.00208770227619, 0.000439190975158, 0.00111711351201, 0.00130768946838, 0.000174055836396, 3.10819013976e-05, 1.73207718035e-05, 1.55690977408e-05, 1.62647011166e-05, 1.1812970115e-05, 6.5595918386e-06, 1.1928416825e-05, 7.60013563195e-06, 6.0567208493e-06, 7.01986436979e-06, 5.46674891666e-06, 8.01990790933e-06, 4.59005377706e-06, 4.74679154649e-06, 4.06598792324e-06, 3.54566327587e-06, 2.3564273306e-06, 2.65103903985e-06, 2.43016961576e-06, 1.85295709798e-06, 1.47912430748e-06, 1.12236728e-06, 8.30250655781e-07, 5.28736336491e-07, 3.33736977609e-07, 1.71251343772e-07, 1.30543355681e-07, 1.23273309782e-07, 1.22124149016e-07, 1.11463158703e-07, 1.12675451192e-07, 1.07507844405e-07, 9.97108600131e-08],
        "median": [1.5437531431e-07, 3.64303450624e-05, 0.000687563384417, 0.000211808204767, 0.000269654061412, 0.000466952624265, 3.5772267438e-05, 1.38768646138e-05, 7.0783562478e-06, 7.13566078048e-06, 4.35919537267e-06, 2.23918937081e-06, 1.38604264066e-06, 2.06679328585e-06, 1.44482453379e-06, 1.37392521538e-06, 1.41675604937e-06, 7.32717808205e-07, 1.20849836094e-06, 6.84820122387e-07, 7.58535747991e-07, 5.8816380033e-07, 4.65119256887e-07, 3.28021968699e-07, 3.70212603684e-07, 2.81848315353e-07, 2.04987927077e-07, 1.80206669143e-07, 8.76421921703e-08, 6.49639346761e-08, 4.65328078292e-08, 2.79275127468e-08, 1.48714587311e-08, 1.07302975394e-08, 1.06220507945e-08, 1.02753299203e-08, 8.75347616613e-09, 9.17812670309e-09, 8.1394411211e-09, 7.33042559986e-09],
        "min": [1.64799125457e-08, 2.90766832833e-09, 5.00780288348e-08, 5.8549051829e-08, 5.9578906253e-09, 3.0009374985e-09, 4.08119227302e-09, 3.0073681323e-09, 1.24939703028e-09, 6.46758757661e-10, 2.55196114241e-10, 6.49487075233e-10, 9.93760740364e-10, 5.37512812038e-10, 5.31059252129e-10, 3.69793445865e-10, 3.71079666994e-10, 4.21707530007e-10, 3.72132602511e-10, 4.31287366931e-10, 3.20185628011e-10, 2.52796283906e-10, 2.50041765071e-10, 2.34602420823e-10, 1.76359274406e-10, 2.42120379301e-10, 1.77794723388e-10, 1.39387806852e-10, 1.17128487465e-10, 1.19202425708e-10, 1.01207188463e-10, 5.1020309505e-11, 9.65095572902e-11, 5.44806734448e-11, 5.91754839574e-11, 9.07500741221e-11, 8.76815633988e-11, 7.91902862729e-11, 5.73773424606e-11, 8.1619044856e-11],
        "var": [2.04057322255e-12, 1.46268376966e-07, 1.12497427835e-05, 4.19402709895e-07, 4.15321255787e-06, 4.40181020167e-06, 1.8183268935e-07, 1.66009128666e-09, 7.23355597643e-10, 5.65646640638e-10, 6.09613415303e-10, 6.64941435247e-10, 1.43410602838e-10, 5.66297675419e-10, 2.2868651417e-10, 1.51810092275e-10, 1.94521981856e-10, 1.66662003642e-10, 3.47372963727e-10, 8.32427321518e-11, 8.81981848666e-11, 6.52344567253e-11, 4.73991956795e-11, 1.95613299864e-11, 2.70771859795e-11, 2.28586507361e-11, 1.40278986344e-11, 8.67849715702e-12, 5.65733831309e-12, 2.94521221647e-12, 1.18531898706e-12, 5.27591533829e-13, 1.26518262013e-13, 7.70732151603e-14, 6.73806781312e-14, 6.05698081751e-14, 5.47758385416e-14, 5.33751374262e-14, 4.94356786681e-14, 4.34672541288e-14]
    },
    "mfcc": {
        "mean": [-781.735778809, 137.260894775, 1.53791499138, 26.8442897797, 2.08544301987, -13.7121152878, -12.8448896408, -24.0066585541, -20.8552951813, -20.1047267914, -20.481086731, -14.8342905045, -13.5667972565],
        "cov": [[15189.8691406, 983.57421875, -1338.99829102, -110.575141907, -458.313018799, -629.516601562, -482.041534424, -739.776306152, -566.840209961, -612.037414551, -625.854919434, -432.069519043, -415.152984619], [983.57421875, 1005.52612305, -148.991424561, 78.4931945801, -42.8596916199, -147.483306885, -119.496589661, -153.06300354, -117.103820801, -81.9739837646, -81.4667892456, -57.1098251343, -50.3480796814], [-1338.99829102, -148.991424561, 224.19367981, 24.5283412933, 64.9339141846, 88.2704467773, 64.1995620728, 88.6925964355, 70.7577590942, 65.9533004761, 63.4506492615, 37.3601112366, 38.5552177429], [-110.575141907, 78.4931945801, 24.5283412933, 54.7276535034, 36.6368179321, 15.8893918991, 1.0193811655, -12.5874013901, -14.1987142563, -9.14479923248, -2.63825559616, 1.65210127831, 4.06390094757], [-458.313018799, -42.8596916199, 64.9339141846, 36.6368179321, 80.9300079346, 68.1226043701, 38.8965530396, 22.524394989, 11.271856308, 11.2245893478, 16.5235519409, 14.2750396729, 14.7097034454], [-629.516601562, -147.483306885, 88.2704467773, 15.8893918991, 68.1226043701, 106.411834717, 75.6588287354, 59.6354484558, 42.0475463867, 31.0393390656, 25.6039791107, 13.9736671448, 11.981221199], [-482.041534424, -119.496589661, 64.1995620728, 1.0193811655, 38.8965530396, 75.6588287354, 80.4320831299, 68.6032485962, 49.7383842468, 32.5779304504, 20.2506866455, 5.35299730301, 2.0424144268], [-739.776306152, -153.06300354, 88.6925964355, -12.5874013901, 22.524394989, 59.6354484558, 68.6032485962, 101.005584717, 76.1721343994, 51.9382362366, 33.57629776, 10.1853513718, 4.25698709488], [-566.840209961, -117.103820801, 70.7577590942, -14.1987142563, 11.271856308, 42.0475463867, 49.7383842468, 76.1721343994, 82.9767532349, 55.3525810242, 29.0375347137, 8.68576717377, 8.3352804184], [-612.037414551, -81.9739837646, 65.9533004761, -9.14479923248, 11.2245893478, 31.0393390656, 32.5779304504, 51.9382362366, 55.3525810242, 64.4791030884, 40.0021934509, 16.0035991669, 15.1700849533], [-625.854919434, -81.4667892456, 63.4506492615, -2.63825559616, 16.5235519409, 25.6039791107, 20.2506866455, 33.57629776, 29.0375347137, 40.0021934509, 49.6261444092, 29.9223442078, 25.255115509], [-432.069519043, -57.1098251343, 37.3601112366, 1.65210127831, 14.2750396729, 13.9736671448, 5.35299730301, 10.1853513718, 8.68576717377, 16.0035991669, 29.9223442078, 38.925868988, 31.8122730255], [-415.152984619, -50.3480796814, 38.5552177429, 4.06390094757, 14.7097034454, 11.981221199, 2.0424144268, 4.25698709488, 8.3352804184, 15.1700849533, 25.255115509, 31.8122730255, 45.9704742432]],
