{
"lowlevel": {
    "average_loudness": 0.798328340054,
    "barkbands_crest": {
        "dmean": 2.79033613205,
        "dmean2": 4.4824256897,
        "dvar": 6.28514766693,
        "dvar2": 12.5305080414,
        "max": 23.6108913422,
        "mean": 10.8672294617,
        "median": 10.4343109131,
        "min": 3.37390828133,
        "var": 15.0992479324
    },
    "barkbands_flatness_db": {
        "dmean": 0.0296535044909,
        "dmean2": 0.0427481718361,
        "dvar": 0.000696173170581,
        "dvar2": 0.00154418649618,
        "max": 0.342504113913,
        "mean": 0.211210682988,
        "median": 0.20888119936,
        "min": 0.0748323574662,
        "var": 0.00273515027948
    },
    "barkbands_kurtosis": {
        "dmean": 1.30695044994,
        "dmean2": 2.18883705139,
        "dvar": 1.78468835354,
        "dvar2": 4.49897193909,
        "max": 10.0256700516,
        "mean": 1.06446754932,
        "median": 0.604169130325,
        "min": -1.48459208012,
        "var": 3.638194561
    },
    "barkbands_skewness": {
        "dmean": 0.482163965702,
        "dmean2": 0.749007582664,
        "dvar": 0.187245875597,
        "dvar2": 0.388404458761,
        "max": 2.49117636681,
        "mean": 0.194273740053,
        "median": 0.0852285027504,
        "min": -1.71784305573,
        "var": 0.655202507973
    },
    "barkbands_spread": {
        "dmean": 3.93351531029,
        "dmean2": 6.08965587616,
        "dvar": 15.85268116,
        "dvar2": 38.1936798096,
        "max": 37.2150917053,
        "mean": 12.7790956497,
        "median": 11.7726202011,
        "min": 2.65532946587,
        "var": 39.0264549255
    },
    "dissonance": {
        "dmean": 0.0323767587543,
        "dmean2": 0.0586522258818,
        "dvar": 0.00132998626214,
        "dvar2": 0.00345156807452,
        "max": 0.499999940395,
        "mean": 0.464730769396,
        "median": 0.476365476847,
        "min": 0.266816973686,
        "var": 0.00143931631465
    },
    "dynamic_complexity": 6.21422958374,
    "erbbands_crest": {
        "dmean": 4.11392736435,
        "dmean2": 6.75060033798,
        "dvar": 15.1205148697,
        "dvar2": 27.8904685974,
        "max": 30.1125087738,
        "mean": 14.59578228,
        "median": 13.1779623032,
        "min": 5.14390993118,
        "var": 35.2399406433
    },
    "erbbands_flatness_db": {
        "dmean": 0.0299777667969,
        "dmean2": 0.0442686341703,
        "dvar": 0.000777156034019,
        "dvar2": 0.00168319756631,
        "max": 0.415564626455,
        "mean": 0.29001635313,
        "median": 0.293682664633,
        "min": 0.156026095152,
        "var": 0.00267314165831
    },
    "erbbands_kurtosis": {
        "dmean": 1.28639793396,
        "dmean2": 2.11634254456,
        "dvar": 2.40277457237,
        "dvar2": 5.52051305771,
        "max": 11.4403238297,
        "mean": 1.30848705769,
        "median": 0.695085763931,
        "min": -1.31589543819,
        "var": 4.67002153397
    },
    "erbbands_skewness": {
        "dmean": 0.477224141359,
        "dmean2": 0.750451922417,
        "dvar": 0.163928300142,
        "dvar2": 0.403586387634,
        "max": 1.88741397858,
        "mean": 0.118070505559,
        "median": 0.193168580532,
        "min": -2.06854772568,
        "var": 0.552052378654
    },
    "erbbands_spread": {
        "dmean": 5.71922254562,
        "dmean2": 8.95593833923,
        "dvar": 40.8642425537,
        "dvar2": 96.5347518921,
        "max": 47.9885444641,
        "mean": 16.8729896545,
        "median": 14.7608566284,
        "min": 2.82371807098,
        "var": 78.9428939819
    },
    "hfc": {
        "dmean": 9.95812129974,
        "dmean2": 16.54139328,
        "dvar": 592.20526123,
        "dvar2": 1304.87878418,
        "max": 214.152053833,
        "mean": 11.1720705032,
        "median": 2.25846624374,
        "min": 0.00221688416786,
        "var": 708.794372559
    },
    "melbands_crest": {
        "dmean": 3.62520670891,
        "dmean2": 5.63069057465,
        "dvar": 8.86325740814,
        "dvar2": 19.8238830566,
        "max": 28.8701171875,
        "mean": 12.6116895676,
        "median": 11.1602239609,
        "min": 4.29464769363,
        "var": 27.0885505676
    },
    "melbands_flatness_db": {
        "dmean": 0.0312380697578,
        "dmean2": 0.0464818887413,
        "dvar": 0.000925347732846,
        "dvar2": 0.00209251022898,
        "max": 0.402297079563,
        "mean": 0.230560973287,
        "median": 0.225071460009,
        "min": 0.0817217826843,
        "var": 0.00418558530509
    },
    "melbands_kurtosis": {
        "dmean": 1.7377986908,
        "dmean2": 2.84096980095,
        "dvar": 4.20420074463,
        "dvar2": 9.59630203247,
        "max": 14.1401844025,
        "mean": 1.47145473957,
        "median": 0.515824079514,
        "min": -1.53816604614,
        "var": 7.86417627335
    },
    "melbands_skewness": {
        "dmean": 0.526621460915,
        "dmean2": 0.805300414562,
        "dvar": 0.250116199255,
        "dvar2": 0.497917383909,
        "max": 3.00484633446,
        "mean": 0.516252219677,
        "median": 0.374511539936,
        "min": -1.53921365738,
        "var": 0.713628709316
    },
    "melbands_spread": {
        "dmean": 7.07725286484,
        "dmean2": 11.3782253265,
        "dvar": 66.5764770508,
        "dvar2": 160.431381226,
        "max": 88.3229064941,
        "mean": 25.7312870026,
        "median": 21.4772586823,
        "min": 6.4747505188,
        "var": 220.915771484
    },
    "pitch_salience": {
        "dmean": 0.110968433321,
        "dmean2": 0.177776515484,
        "dvar": 0.00997962802649,
        "dvar2": 0.0229747854173,
        "max": 0.89568477869,
        "mean": 0.496924221516,
        "median": 0.482605874538,
        "min": 0.194962590933,
        "var": 0.0188037902117
    },
    "silence_rate_20dB": {
        "dmean": 0,
        "dmean2": 0,
        "dvar": 0,
        "dvar2": 0,
        "max": 1,
        "mean": 1,
        "median": 1,
        "min": 1,
        "var": 0
    },
    "silence_rate_30dB": {
        "dmean": 0.00952380988747,
        "dmean2": 0.0191387552768,
        "dvar": 0.00943312142044,
        "dvar2": 0.0187723860145,
        "max": 1,
        "mean": 0.99052131176,
        "median": 1,
        "min": 0,
        "var": 0.00938886404037
    },
    "silence_rate_60dB": {
        "dmean": 0.166666671634,
        "dmean2": 0.334928244352,
        "dvar": 0.138889238238,
        "dvar2": 0.241890609264,
        "max": 1,
        "mean": 0.592417061329,
        "median": 1,
        "min": 0,
        "var": 0.241458892822
    },
    "spectral_centroid": {
        "dmean": 244.474014282,
        "dmean2": 398.68649292,
        "dvar": 68237.609375,
        "dvar2": 155968.109375,
        "max": 3403.0925293,
        "mean": 1769.74914551,
        "median": 1663.14550781,
        "min": 550.794555664,
        "var": 495197.375
    },
    "spectral_complexity": {
        "dmean": 3.10476183891,
        "dmean2": 4.4210524559,
        "dvar": 13.2842636108,
        "dvar2": 29.0284557343,
        "max": 27,
        "mean": 7.22274875641,
        "median": 6,
        "min": 0,
        "var": 38.0499343872
    },
    "spectral_decrease": {
        "dmean": 2.01080285755e-09,
        "dmean2": 3.47704776082e-09,
        "dvar": 2.57444083789e-17,
        "dvar2": 6.20529984411e-17,
        "max": -4.46556447419e-13,
        "mean": -2.01472794004e-09,
        "median": -3.87598730889e-10,
        "min": -3.70599124722e-08,
        "var": 2.54933971133e-17
    },
    "spectral_energy": {
        "dmean": 0.00846627075225,
        "dmean2": 0.0146178165451,
        "dvar": 0.000447102211183,
        "dvar2": 0.00106604630128,
        "max": 0.158635690808,
        "mean": 0.00861737411469,
        "median": 0.00168915418908,
        "min": 1.88648436961e-06,
        "var": 0.00045229063835
    },
    "spectral_energyband_high": {
        "dmean": 0.000421621080022,
        "dmean2": 0.000773528998252,
        "dvar": 1.93158803086e-06,
        "dvar2": 5.41463941772e-06,
        "max": 0.0112094553187,
        "mean": 0.000299988751067,
        "median": 8.06093339634e-06,
        "min": 4.29421582737e-08,
        "var": 1.25351061797e-06
    },
    "spectral_energyband_low": {
        "dmean": 2.92200388685e-06,
        "dmean2": 4.75343904327e-06,
        "dvar": 1.90005407241e-11,
        "dvar2": 4.28916485662e-11,
        "max": 3.5179175029e-05,
        "mean": 3.63519484381e-06,
        "median": 1.94181666302e-06,
        "min": 8.46333634286e-08,
        "var": 2.42806885709e-11
    },
    "spectral_energyband_middle_high": {
        "dmean": 0.00396108441055,
        "dmean2": 0.00621612882242,
        "dvar": 0.000124150901684,
        "dvar2": 0.000257732084719,
        "max": 0.139010593295,
        "mean": 0.00480806455016,
        "median": 0.00108272000216,
        "min": 1.11069152808e-06,
        "var": 0.000170017941855
    },
    "spectral_energyband_middle_low": {
        "dmean": 0.00490934448317,
        "dmean2": 0.00859375670552,
        "dvar": 0.000170192666701,
        "dvar2": 0.000468650425319,
        "max": 0.0804351121187,
        "mean": 0.00368414004333,
        "median": 0.000383992766729,
        "min": 6.64407366457e-07,
        "var": 0.000119520511362
    },
    "spectral_entropy": {
        "dmean": 0.303298085928,
        "dmean2": 0.453182607889,
        "dvar": 0.111328050494,
        "dvar2": 0.229771465063,
        "max": 8.88745498657,
        "mean": 6.87208890915,
        "median": 6.80057954788,
        "min": 5.95520353317,
        "var": 0.245813578367
    },
    "spectral_flux": {
        "dmean": 0.0305208656937,
        "dmean2": 0.0469390191138,
        "dvar": 0.00258074793965,
        "dvar2": 0.00548470299691,
        "max": 0.355594098568,
        "mean": 0.0500912591815,
        "median": 0.0261773113161,
        "min": 0.00477164145559,
        "var": 0.00371285062283
    },
    "spectral_kurtosis": {
        "dmean": 5.95878839493,
        "dmean2": 10.534236908,
        "dvar": 52.9690933228,
        "dvar2": 149.487854004,
        "max": 71.2429046631,
        "mean": 11.3551015854,
        "median": 7.82785320282,
        "min": 0.929676532745,
        "var": 128.717956543
    },
    "spectral_rms": {
        "dmean": 0.00101990008261,
        "dmean2": 0.00156961276662,
        "dvar": 2.86368049274e-06,
        "dvar2": 6.83728285367e-06,
        "max": 0.0124405194074,
        "mean": 0.00202023959719,
        "median": 0.00128372712061,
        "min": 4.29007304774e-05,
        "var": 4.32582510257e-06
    },
    "spectral_rolloff": {
        "dmean": 385.033935547,
        "dmean2": 707.916564941,
        "dvar": 654330.375,
        "dvar2": 1645689,
        "max": 6438.42773438,
        "mean": 2001.7713623,
        "median": 1313.52539062,
        "min": 796.728515625,
        "var": 1149075.125
    },
    "spectral_skewness": {
        "dmean": 0.549664258957,
        "dmean2": 0.971438109875,
        "dvar": 0.336755633354,
        "dvar2": 0.944128096104,
        "max": 6.26188087463,
        "mean": 1.96410095692,
        "median": 1.66908526421,
        "min": 0.520325422287,
        "var": 1.08822405338
    },
    "spectral_spread": {
        "dmean": 615046.9375,
        "dmean2": 874434.3125,
        "dvar": 1.83719179059e+12,
        "dvar2": 1.42398298522e+12,
        "max": 27082846,
        "mean": 2858647.25,
        "median": 2546471.5,
        "min": 1066251.5,
        "var": 3.81274501939e+12
    },
    "spectral_strongpeak": {
        "dmean": 1.000674963,
        "dmean2": 1.45090126991,
        "dvar": 3.20675969124,
        "dvar2": 6.81818246841,
        "max": 17.9392662048,
        "mean": 1.65409755707,
        "median": 0.853107094765,
        "min": 0.00172247679438,
        "var": 6.0277338028
    },
    "zerocrossingrate": {
        "dmean": 0.00713588157669,
        "dmean2": 0.00827040988952,
        "dvar": 5.04786294186e-05,
        "dvar2": 6.29655478406e-05,
        "max": 0.16015625,
        "mean": 0.073765181005,
        "median": 0.06591796875,
        "min": 0.0146484375,
        "var": 0.000652573187836
    },
    "barkbands": {
        "dmean": [2.7582247597e-08, 2.47437043299e-07, 1.86592512819e-06, 1.95889992938e-06, 8.02695431048e-05, 0.00202737702057, 0.000206698605325, 0.00191123969853, 0.00054515467491, 0.000960263190791, 0.000372453418095, 0.000687710999046, 0.00175714946818, 2.75369802694e-05, 1.13515852718e-05, 1.0432565432e-05, 0.000333558069542, 0.000143144206959, 0.000323247746564, 0.000153432061779, 0.000156292211614, 4.03274207201e-05, 7.05854545231e-05, 0.000100486533483, 3.28181499754e-06, 2.14702413359e-06, 1.12091515803e-06],
        "dmean2": [3.23827116233e-08, 4.07370549738e-07, 3.05213711727e-06, 3.28933674609e-06, 0.000153570203111, 0.00354378670454, 0.000389977358282, 0.00344313168898, 0.000986862345599, 0.00172948825639, 0.000646405096631, 0.00113987654913, 0.00263936305419, 4.86984208692e-05, 2.17767101276e-05, 1.87030072993e-05, 0.000447127677035, 0.000198858833755, 0.00048418881488, 0.000266655843006, 0.000283382221824, 7.61183327995e-05, 0.000130613494548, 0.000196269800654, 6.16335091763e-06, 4.19575644628e-06, 2.13888870348e-06],
        "dvar": [9.65721778804e-14, 3.52200880223e-13, 6.62597017184e-12, 7.24996668602e-12, 5.45399494456e-08, 2.82999098999e-05, 4.79400341646e-07, 2.60692668235e-05, 3.15170063914e-06, 7.21289097783e-06, 5.78432207021e-07, 3.25747168972e-06, 7.84071526141e-05, 1.01428545562e-08, 1.80358472601e-09, 1.40809308657e-09, 1.32894945182e-06, 3.69963316871e-07, 1.2688528841e-06, 2.22115232873e-07, 3.53438167622e-07, 7.31627167738e-08, 5.48540981526e-08, 1.23680976571e-07, 1.82355366918e-10, 9.41224390094e-11, 2.0773625875e-11],
        "dvar2": [9.64159172423e-14, 4.1840229198e-13, 1.60323004872e-11, 1.86458019164e-11, 1.59034328817e-07, 7.71491031628e-05, 1.39516805575e-06, 7.2802460636e-05, 8.91096988198e-06, 2.02744686248e-05, 1.52730262926e-06, 7.9802248365e-06, 0.00017840124201, 2.8493973403e-08, 5.32373300999e-09, 4.07109590483e-09, 2.34118806475e-06, 7.10631695711e-07, 2.11407723327e-06, 5.96730103553e-07, 9.87386556517e-07, 2.13485520817e-07, 1.54226569293e-07, 3.5863970993e-07, 5.16389708771e-10, 2.76300371471e-10, 6.11899628189e-11],
        "max": [4.54271503258e-06, 8.45051090437e-06, 1.64954526554e-05, 1.54457120516e-05, 0.00138524710201, 0.0331919267774, 0.00404985202476, 0.0330026485026, 0.0117672244087, 0.0174147579819, 0.00450653256848, 0.0197747536004, 0.123745270073, 0.000942575570662, 0.000321328087011, 0.00035803380888, 0.0177671629936, 0.00761785497889, 0.0140227358788, 0.00432013114914, 0.00522826472297, 0.0028889477253, 0.00195791525766, 0.00227149715647, 0.000129638239741, 7.38745802664e-05, 4.0905593778e-05],
        "mean": [3.21082254118e-08, 2.89251374852e-07, 2.20225001613e-06, 2.12051077142e-06, 5.45739057998e-05, 0.0015231120633, 0.000136820672196, 0.00133667781483, 0.000383849430364, 0.000725653138943, 0.000324734544847, 0.000605127774179, 0.00208895234391, 2.51350302278e-05, 7.82690312917e-06, 1.27408484332e-05, 0.00040469551459, 0.000217416571104, 0.000379371544113, 0.000154462148203, 0.000102110418084, 2.64084792434e-05, 4.36933478341e-05, 5.51699740754e-05, 1.95292636818e-06, 1.16914316095e-06, 1.02692945347e-06],
        "median": [8.7999971754e-09, 2.0232941722e-07, 1.14585702704e-06, 1.28031786062e-06, 1.21661823869e-05, 0.000132650864543, 1.14808754006e-05, 0.000109339634946, 3.75110867026e-05, 6.84989645379e-05, 5.09620476805e-05, 0.000147716986248, 0.000301051535644, 2.03618719752e-06, 6.32350975138e-07, 1.02916897049e-06, 0.000102755097032, 1.40174256558e-06, 9.88621013676e-06, 1.16635092127e-05, 3.18355705531e-06, 6.34123352938e-07, 9.38941354889e-07, 1.56448876965e-07, 1.47184344712e-08, 8.84618245323e-09, 4.78939114146e-07],
        "min": [9.286720698e-11, 1.08259659015e-08, 9.0617016113e-09, 3.34512435529e-08, 2.46191092401e-07, 2.13033345631e-07, 4.86982330017e-08, 6.03278138556e-08, 5.01771211248e-08, 7.30716038788e-08, 2.53606259548e-07, 4.94151265684e-07, 6.62455548195e-08, 2.27235883443e-08, 1.10017710497e-08, 2.89313248913e-08, 1.02425737225e-07, 1.2667749516e-08, 4.61414124686e-08, 1.32699877753e-08, 1.63474869197e-08, 3.69004582446e-09, 2.03944727772e-09, 1.48178302961e-09, 1.74323133706e-09, 1.69869429634e-09, 1.02398942659e-08],
        "var": [9.6947772618e-14, 3.63631162941e-13, 9.16765361542e-12, 7.10027436152e-12, 3.09884278238e-08, 2.06044787774e-05, 2.69912561635e-07, 1.6837466319e-05, 2.01209218176e-06, 5.00906890011e-06, 5.17134878919e-07, 2.90743332698e-06, 9.49959867285e-05, 8.07622591026e-09, 1.04020148051e-09, 1.44358958121e-09, 2.21636832975e-06, 9.51696563334e-07, 2.32440947912e-06, 2.15792141489e-07, 2.26635876288e-07, 4.05279578786e-08, 3.38672698774e-08, 6.67894042294e-08, 1.07164950525e-10, 4.96758779944e-11, 1.09822680464e-11]
    },
    "erbbands": {
        "dmean": [3.23105655298e-06, 8.89195071068e-05, 0.00146650581155, 0.00515116658062, 0.020297260955, 0.310065358877, 4.88896465302, 21.2312107086, 6.56917142868, 17.1544265747, 33.9311294556, 14.6204195023, 26.3748016357, 20.5735187531, 14.4700574875, 36.1222496033, 91.4282608032, 8.04082679749, 0.708449780941, 0.680804431438, 3.62532997131, 19.2517337799, 8.50992012024, 5.34379673004, 21.9846839905, 8.98419189453, 5.7189283371, 4.96349620819, 0.961298525333, 2.44764637947, 2.12403297424, 3.07312226295, 0.845606029034, 0.0689216777682, 0.0221663415432, 0.00848490651697, 0.00346829998307, 0.00239279749803, 0.000102687416074, 1.46587744894e-05],
        "dmean2": [4.6624541028e-06, 0.00015185205848, 0.00242546549998, 0.00842151045799, 0.0348432995379, 0.569247841835, 8.46516036987, 37.8926429749, 11.5946025848, 30.8728103638, 60.939994812, 26.4125022888, 45.8541145325, 35.6624946594, 25.9678497314, 58.510219574, 137.739715576, 13.1640329361, 1.21292972565, 1.24609267712, 5.10398244858, 26.3658084869, 11.8346605301, 9.08671092987, 31.3567771912, 14.9934711456, 10.5384435654, 8.69500732422, 1.74908268452, 4.51681184769, 4.00356817245, 5.99160289764, 1.63120210171, 0.130889996886, 0.0415735803545, 0.0162296630442, 0.00680100126192, 0.00465407315642, 0.000196069653612, 2.49728782364e-05],
        "dvar": [3.28271243522e-10, 2.0895649655e-08, 3.56171995008e-06, 5.76208476559e-05, 0.00131134490948, 0.734595656395, 167.245559692, 3155.47998047, 342.486724854, 1988.21508789, 8374.86425781, 2227.59570312, 5004.26123047, 2898.11010742, 1021.33221436, 7985.21435547, 242649.484375, 1443.74060059, 6.43846082687, 5.67572784424, 159.156341553, 4387.48291016, 1066.17297363, 215.357727051, 5752.28076172, 712.89263916, 375.864807129, 434.017883301, 14.7902107239, 169.935180664, 58.2289810181, 125.545692444, 8.48103141785, 0.0634379684925, 0.00696585793048, 0.00127477943897, 0.000276068691164, 0.000101784295111, 1.72410480559e-07, 1.02142572178e-09],
        "dvar2": [3.33378907813e-10, 2.95036315379e-08, 8.72870168678e-06, 0.000137974144309, 0.00345461047255, 2.07928752899, 454.189483643, 8688.11523438, 956.142883301, 5503.25732422, 23290.1738281, 6288.83007812, 13780.0390625, 7925.06445312, 2837.34350586, 18387.2304688, 561178.25, 2930.14355469, 16.1942310333, 16.118019104, 264.957977295, 7622.25537109, 1796.08825684, 564.634521484, 9103.64160156, 1860.17712402, 1077.26501465, 1168.55834961, 42.0610656738, 491.661254883, 166.620498657, 365.832000732, 24.376789093, 0.178120449185, 0.0196392964572, 0.00370272342116, 0.000813552120235, 0.00029905611882, 5.0355311032e-07, 2.52115284205e-09],
        "max": [0.000266741903033, 0.00202439329587, 0.0142439724877, 0.0458358973265, 0.249889269471, 5.4047999382, 76.916885376, 351.45425415, 109.454170227, 275.840637207, 589.656677246, 307.991851807, 453.08215332, 394.936401367, 195.867446899, 915.520080566, 6869.20263672, 502.175140381, 29.1883220673, 17.4065284729, 187.370330811, 1012.53198242, 508.241851807, 120.699920654, 1003.74987793, 241.156692505, 113.465263367, 213.608047485, 37.4076347351, 135.720413208, 63.5141410828, 82.2875900269, 18.2414665222, 2.18567681313, 0.731170594692, 0.290056526661, 0.143495470285, 0.081062503159, 0.00359397404827, 0.000254685553955],
        "mean": [4.27398663305e-06, 0.000115157796245, 0.00177439081017, 0.00611997256055, 0.0232789684087, 0.23250900209, 3.61589241028, 15.5896816254, 4.94680976868, 11.9844293594, 23.9768199921, 9.95716285706, 22.1083984375, 16.5450515747, 11.2383346558, 39.1904335022, 105.898452759, 10.1190881729, 0.767927110195, 0.589158475399, 4.64920425415, 23.5901737213, 14.8055238724, 4.97135734558, 26.2431221008, 9.71934700012, 3.93596053123, 3.51424670219, 0.72757846117, 1.54981970787, 1.24473631382, 1.67751848698, 0.471314162016, 0.0411566980183, 0.0131593812257, 0.00473654922098, 0.00187532347627, 0.00129077164456, 6.93794863764e-05, 2.45779137913e-05],
        "median": [2.22422795559e-06, 8.57552295201e-05, 0.00104479771107, 0.0032791250851, 0.012206225656, 0.0633862614632, 0.330928057432, 1.26367330551, 0.514930546284, 1.06913173199, 2.22166371346, 0.97128033638, 2.0429983139, 2.25170469284, 1.82951402664, 11.7419042587, 15.1126623154, 0.698758542538, 0.0731604918838, 0.0805482342839, 0.844075918198, 5.56416511536, 0.706885159016, 0.219120115042, 1.1513864994, 0.796591877937, 0.134457617998, 0.136284187436, 0.0380889736116, 0.0415904708207, 0.016888577491, 0.00672287680209, 0.00151575589553, 0.000266154296696, 8.3902014012e-05, 3.35648219334e-05, 1.9301294742e-05, 1.10435121314e-05, 1.37958795676e-05, 1.50519035742e-05],
        "min": [3.20764485195e-07, 6.31207194601e-06, 3.46858832927e-05, 8.99171718629e-05, 0.000264024274657, 0.00100604828913, 0.00144021504093, 0.0018578346353, 0.0012061590096, 0.000697329174727, 0.00117579521611, 0.00113649014384, 0.00154052686412, 0.00708531728014, 0.0105236843228, 0.0201684571803, 0.00465891649947, 0.00150248326827, 0.000833457452245, 0.00054366979748, 0.00378268025815, 0.00431946106255, 0.00070130568929, 0.00124392611906, 0.00260218023323, 0.000837567320559, 0.000871517055202, 0.000342127430486, 0.000147121798364, 5.7617569837e-05, 5.79620318604e-05, 3.71262904082e-05, 2.39794990193e-05, 1.91261133295e-05, 1.21775856314e-05, 5.93103595747e-06, 3.15815600516e-06, 1.52594236624e-06, 5.28261637101e-07, 2.37837255668e-07],
        "var": [3.34536454094e-10, 2.43762130481e-08, 4.84081101604e-06, 6.85563063598e-05, 0.00122308649588, 0.457286447287, 120.444107056, 2226.31005859, 232.604858398, 1322.18774414, 5436.28613281, 1397.60571289, 3917.44775391, 2187.24121094, 716.628356934, 8286.63964844, 285182.65625, 2076.515625, 7.36367797852, 3.93152666092, 269.58102417, 7416.82128906, 3542.48706055, 208.861480713, 11067.9570312, 730.555541992, 229.661010742, 306.515686035, 9.32823371887, 96.4069519043, 33.5919113159, 67.18724823, 4.71274995804, 0.0377411693335, 0.00412744609639, 0.000696811068337, 0.000144360601553, 5.3547690186e-05, 9.29684631501e-08, 9.92942505995e-10]
    },
    "gfcc": {
        "mean": [-178.103897095, 82.1452102661, -187.941986084, -20.0085582733, -82.8341140747, -32.4797325134, -18.6540908813, -21.8950862885, -26.2420139313, -22.5771446228, 11.3439083099, 4.49711608887, -13.8432254791],
        "cov": [[7943.07958984, -1635.70263672, -1152.17980957, 95.0279541016, -2012.26831055, 118.409111023, -680.219787598, 582.206420898, -135.232330322, 252.290512085, 330.856719971, -101.887084961, 12.7913236618], [-1635.70263672, 1453.89208984, 154.807510376, -630.348144531, 386.299713135, -201.272567749, 200.636703491, -233.097595215, 93.8507003784, -66.7440032959, 60.8376197815, -94.5217895508, -34.8869094849], [-1152.17980957, 154.807510376, 604.286193848, -129.767364502, 125.929145813, 52.798866272, 60.4902610779, -24.4366111755, -4.9708404541, -18.6645641327, -118.590522766, 47.5895614624, 24.4533519745], [95.0279541016, -630.348144531, -129.767364502, 649.961608887, 83.3441238403, 63.3535995483, 16.531375885, 34.8073272705, -23.6579303741, -14.3137845993, -27.1796207428, 42.4538764954, 13.5485858917], [-2012.26831055, 386.299713135, 125.929145813, 83.3441238403, 781.828735352, -29.6549625397, 173.75970459, -189.681152344, 30.9903640747, -65.5931243896, -99.0843200684, 40.4082794189, -42.3213157654], [118.409111023, -201.272567749, 52.798866272, 63.3535995483, -29.6549625397, 108.292640686, -31.2522621155, 21.2753696442, -15.9178218842, 5.44673299789, -26.4470767975, 9.52926063538, 4.57985258102], [-680.219787598, 200.636703491, 60.4902610779, 16.531375885, 173.75970459, -31.2522621155, 130.405380249, -49.7757911682, 12.239192009, -8.47461795807, -16.7994632721, -10.1405010223, 1.35222005844], [582.206420898, -233.097595215, -24.4366111755, 34.8073272705, -189.681152344, 21.2753696442, -49.7757911682, 134.400161743, 3.31321620941, 21.4610996246, 7.68289756775, 5.57365369797, 11.4404201508], [-135.232330322, 93.8507003784, -4.9708404541, -23.6579303741, 30.9903640747, -15.9178218842, 12.239192009, 3.31321620941, 58.7489852905, -12.7087888718, -5.15450572968, 2.0757162571, -3.81915020943], [252.290512085, -66.7440032959, -18.6645641327, -14.3137845993, -65.5931243896, 5.44673299789, -8.47461795807, 21.4610996246, -12.7087888718, 62.6844367981, 6.50091505051, -8.32429504395, 6.64561653137], [330.856719971, 60.8376197815, -118.590522766, -27.1796207428, -99.0843200684, -26.4470767975, -16.7994632721, 7.68289756775, -5.15450572968, 6.50091505051, 91.1759643555, -26.5954093933, -11.9581918716], [-101.887084961, -94.5217895508, 47.5895614624, 42.4538764954, 40.4082794189, 9.52926063538, -10.1405010223, 5.57365369797, 2.0757162571, -8.32429504395, -26.5954093933, 58.2888717651, 5.77288627625], [12.7913236618, -34.8869094849, 24.4533519745, 13.5485858917, -42.3213157654, 4.57985258102, 1.35222005844, 11.4404201508, -3.81915020943, 6.64561653137, -11.9581918716, 5.77288627625, 45.7338294983]],
        "icov": [[0.00121850555297, -0.000675711082295, 0.00188175204676, -0.000562819826882, 0.00238693039864, -0.000802595110144, 0.00245946389623, -0.00150099955499, 0.00178383756429, -0.00187828741036, 0.00146328483243, -0.000888021895662, 0.0018128908705], [-0.000675711082295, 0.00725171808153, -0.00256806355901, 0.00558763835579, -0.00342842307873, 0.00505877565593, -0.00561721343547, 0.00571219529957, -0.00713573535904, 0.00475459219888, -0.00708841532469, 0.00667578214779, -0.00348635553382], [0.00188175204676, -0.00256806355901, 0.00623508030549, -0.000937103759497, 0.00445824116468, -0.00382852647454, 0.00259585143067, -0.00350412679836, 0.00521644949913, -0.00270065315999, 0.00670835934579, -0.00476415734738, 0.00295076658949], [-0.000562819826882, 0.00558763835579, -0.000937103759497, 0.00658651953563, -0.0030372350011, 0.00225928495638, -0.00573666580021, 0.00328595656902, -0.00420002592728, 0.00464165676385, -0.00496365921572, 0.00336007331498, -0.00346683035605], [0.00238693039864, -0.00342842307873, 0.00445824116468, -0.0030372350011, 0.00899163726717, -0.00295515381731, 0.00282085780054, -0.000862392771523, 0.00462804129347, -0.00375452055596, 0.00785330124199, -0.00587337790057, 0.00770895276219], [-0.000802595110144, 0.00505877565593, -0.00382852647454, 0.00225928495638, -0.00295515381731, 0.0167567245662, -0.000352497183485, 0.00364818470553, -0.00332444929518, 0.00282244919799, -0.00211878842674, 0.0069295745343, -0.00197013793513], [0.00245946389623, -0.00561721343547, 0.00259585143067, -0.00573666580021, 0.00282085780054, -0.000352497183485, 0.0224548298866, -0.00539773050696, 0.0053853308782, -0.00808918662369, 0.00534234661609, 0.00070540048182, 0.00160367682111], [-0.00150099955499, 0.00571219529957, -0.00350412679836, 0.00328595656902, -0.000862392771523, 0.00364818470553, -0.00539773050696, 0.01877046749, -0.0101843262091, 0.00260678399354, -0.00457051955163, 0.00330760865472, -0.00286373216659], [0.00178383756429, -0.00713573535904, 0.00521644949913, -0.00420002592728, 0.00462804129347, -0.00332444929518, 0.0053853308782, -0.0101843262091, 0.0285363122821, -0.00171386403963, 0.00998311676085, -0.00768067408353, 0.00572876306251], [-0.00187828741036, 0.00475459219888, -0.00270065315999, 0.00464165676385, -0.00375452055596, 0.00282244919799, -0.00808918662369, 0.00260678399354, -0.00171386403963, 0.0241198986769, -0.00429030880332, 0.0058241984807, -0.00545372907072], [0.00146328483243, -0.00708841532469, 0.00670835934579, -0.00496365921572, 0.00785330124199, -0.00211878842674, 0.00534234661609, -0.00457051955163, 0.00998311676085, -0.00429030880332, 0.0279983691871, -0.00369167351164, 0.00977589469403], [-0.000888021895662, 0.00667578214779, -0.00476415734738, 0.00336007331498, -0.00587337790057, 0.0069295745343, 0.00070540048182, 0.00330760865472, -0.00768067408353, 0.0058241984807, -0.00369167351164, 0.0306725054979, -0.00640929769725], [0.0018128908705, -0.00348635553382, 0.00295076658949, -0.00346683035605, 0.00770895276219, -0.00197013793513, 0.00160367682111, -0.00286373216659, 0.00572876306251, -0.00545372907072, 0.00977589469403, -0.00640929769725, 0.0307844635099]]
    },
    "melbands": {
        "dmean": [4.28353104098e-08, 5.52499329842e-07, 9.05813294594e-07, 6.09391008766e-06, 0.000143206169014, 0.000440789444838, 8.78912469489e-05, 0.000278077146504, 0.000234017163166, 8.44392634463e-05, 0.000137616982101, 9.2503738415e-05, 5.14804160048e-05, 5.7647273934e-05, 0.000169436898432, 0.000143860394019, 5.0463545449e-06, 1.02280046121e-06, 9.13895519261e-07, 6.05311470281e-07, 5.34535365659e-06, 2.46250692726e-05, 1.24769758258e-05, 4.55477538708e-06, 3.26310873788e-06, 1.55806901603e-05, 1.0791335626e-05, 5.1050114962e-06, 2.3561560738e-06, 5.51576249563e-06, 1.79441542514e-06, 3.49831253743e-07, 8.87521309778e-07, 1.45170486121e-06, 1.33582068429e-06, 1.0395639265e-06, 2.3306042749e-06, 6.96258837252e-07, 8.87498430302e-08, 3.25445945748e-08],
        "dmean2": [6.73470452739e-08, 9.12363532279e-07, 1.48604976857e-06, 1.08709982669e-05, 0.000247930263868, 0.000779467169195, 0.000155449088197, 0.000500179361552, 0.000419804564444, 0.00015293371689, 0.000240336477873, 0.000164001015946, 9.29308880586e-05, 9.66880543274e-05, 0.00025423115585, 0.000208834695513, 8.77664751897e-06, 1.91135723071e-06, 1.74705439804e-06, 1.10308053536e-06, 7.43262216929e-06, 3.28905261995e-05, 1.73632324731e-05, 7.38208564144e-06, 6.25493339612e-06, 2.34048620769e-05, 1.61730658874e-05, 8.88152953848e-06, 4.37531207353e-06, 1.0001955161e-05, 3.0762626011e-06, 6.34318666926e-07, 1.68028941516e-06, 2.6379116207e-06, 2.55116083281e-06, 1.93737537302e-06, 4.58271279058e-06, 1.33776302391e-06, 1.67429021758e-07, 6.05732353165e-08],
        "dvar": [3.05681451289e-14, 5.14269724895e-13, 1.5323481416e-12, 2.1774020087e-10, 1.42028966366e-07, 1.34976960453e-06, 6.31212486724e-08, 5.34634637006e-07, 3.97159936938e-07, 7.67202692487e-08, 1.38729092214e-07, 6.5170382868e-08, 1.22100516364e-08, 1.82133153004e-08, 3.44472027791e-07, 6.36102470253e-07, 4.37190617042e-10, 1.3863430369e-11, 1.11074838563e-11, 4.12240207248e-12, 3.60219021278e-10, 8.97883722928e-09, 2.94750712726e-09, 3.20569210066e-10, 1.02303159e-10, 3.32256333557e-09, 7.81236686453e-10, 2.89556045807e-10, 6.37708566509e-11, 4.96602148292e-10, 6.10907713305e-11, 1.25039421092e-12, 3.88098442272e-11, 3.92888742373e-11, 2.9960412623e-11, 1.07802256705e-11, 8.40289088311e-11, 7.14272564706e-12, 9.32693931311e-14, 2.13347914368e-14],
        "dvar2": [3.21916430145e-14, 1.2246255442e-12, 3.73272940335e-12, 6.08231465193e-10, 3.84900346262e-07, 3.7011304812e-06, 1.76830013743e-07, 1.4896944549e-06, 1.10298833533e-06, 2.17019078264e-07, 3.84867547609e-07, 1.81493703622e-07, 3.37576153697e-08, 4.59603519687e-08, 7.86684665854e-07, 1.42552926263e-06, 1.26245358611e-09, 4.12714515341e-11, 3.29963348311e-11, 1.17586452728e-11, 6.19588658157e-10, 1.56105421922e-08, 6.32219743224e-09, 5.81173553726e-10, 2.94243490684e-10, 5.61389557063e-09, 1.49832612983e-09, 7.37267524809e-10, 1.84400120173e-10, 1.40588640729e-09, 1.58693683194e-10, 3.55946435521e-12, 1.13319728601e-10, 1.12091148863e-10, 8.69430361039e-11, 3.01532375457e-11, 2.46192427555e-10, 2.06380693785e-11, 2.50806591207e-13, 5.94650129376e-14],
        "max": [2.54818542089e-06, 5.96678592046e-06, 8.18281569082e-06, 0.000102705947938, 0.0022463244386, 0.00724694645032, 0.00148429034743, 0.0046484391205, 0.00400477508083, 0.00184160145, 0.00236256048083, 0.00183100160211, 0.000653392693494, 0.00121901358943, 0.00786060653627, 0.0111697902903, 0.000218867236981, 3.47294480889e-05, 2.38132270169e-05, 1.59785467986e-05, 0.000277581915725, 0.00146860885434, 0.000702854536939, 0.000291880394798, 5.83561741223e-05, 0.000700309581589, 0.000331068382366, 0.000157166461577, 5.08391094627e-05, 0.00019049923867, 8.48507115734e-05, 7.48320189814e-06, 6.67757631163e-05, 6.07442489127e-05, 4.98173139931e-05, 2.73523746728e-05, 6.49844150757e-05, 1.87142522918e-05, 2.12557915802e-06, 1.49926563608e-06],
        "mean": [5.3037393144e-08, 6.7368711143e-07, 1.17659840271e-06, 5.32377180207e-06, 0.000105812207039, 0.000327390036546, 6.62508173264e-05, 0.000191888742847, 0.000165275065228, 5.83944020036e-05, 0.000113275033073, 7.10035892553e-05, 4.07777297369e-05, 4.85653945361e-05, 0.000209411155083, 0.000161889925948, 4.99456382386e-06, 7.8469241771e-07, 6.19057004769e-07, 6.14531870724e-07, 6.84547876517e-06, 2.82694818452e-05, 1.72813179233e-05, 7.5969169302e-06, 2.13326757148e-06, 1.85240642168e-05, 1.1744810763e-05, 5.55546648684e-06, 1.70017437995e-06, 3.58507713827e-06, 1.35472964757e-06, 3.02791249851e-07, 5.3449986126e-07, 9.47905903104e-07, 7.62415595545e-07, 6.21936862899e-07, 1.24062842133e-06, 3.88699334053e-07, 5.61163666646e-08, 1.95334024511e-08],
        "median": [3.34206120556e-08, 4.05397571512e-07, 6.80670893871e-07, 2.04186244446e-06, 1.03771399154e-05, 2.79106207017e-05, 7.10487347533e-06, 1.45069006976e-05, 1.51165095303e-05, 5.29137105332e-06, 1.07948771984e-05, 8.29185592011e-06, 6.31593775324e-06, 1.06883953777e-05, 5.54601283511e-05, 9.50552475842e-06, 2.39112438294e-07, 5.99563065862e-08, 4.60314630857e-08, 4.39993108614e-08, 9.8606847132e-07, 5.78523486183e-06, 1.35508435051e-06, 6.70942128522e-08, 6.16787971808e-08, 3.63970826811e-07, 1.14215674785e-06, 1.53539247094e-07, 3.06722469645e-08, 7.26138793539e-08, 5.937797809e-08, 1.45974770049e-08, 1.42008369508e-08, 2.6457028568e-08, 8.05652167202e-09, 5.51266099436e-09, 2.57442978047e-09, 9.11413167159e-10, 2.9961247372e-10, 1.39258299336e-10],
        "min": [3.45385253731e-09, 1.50461882953e-08, 1.81965198465e-08, 4.38177139017e-08, 5.24463104057e-08, 4.14864871345e-08, 1.60788804493e-08, 9.05527564043e-09, 8.64039417792e-09, 7.54667262015e-09, 6.91011248222e-09, 2.60876298341e-08, 3.3969914881e-08, 5.27120107563e-08, 3.37572920728e-08, 4.18886170195e-09, 2.38567188227e-09, 1.37983968695e-09, 7.20803527976e-10, 6.70870303754e-10, 6.18606321723e-09, 6.16200468428e-09, 7.16711523463e-10, 5.65847257938e-10, 9.05491071013e-10, 2.18148055176e-09, 9.17861286975e-10, 4.91598761698e-10, 5.05094244208e-10, 4.86932882904e-10, 1.17410081657e-10, 1.040096273e-10, 2.70628970622e-11, 3.33760241666e-11, 3.41544986737e-11, 2.81707938227e-11, 2.11659318544e-11, 1.69420154988e-11, 1.52168035117e-11, 1.66419066028e-11],
        "var": [3.07228607789e-14, 7.1279343105e-13, 1.82275895766e-12, 1.47507950299e-10, 1.02578347594e-07, 9.65857111623e-07, 4.25717416874e-08, 3.48626599589e-07, 2.5878509291e-07, 4.84936073519e-08, 1.06054990567e-07, 4.57774618212e-08, 9.12911701789e-09, 1.53111479051e-08, 4.22943827516e-07, 7.82410154443e-07, 3.81731229959e-10, 9.14630524096e-12, 6.39598096708e-12, 3.59894210787e-12, 5.85355208749e-10, 1.50359156237e-08, 4.49283721338e-09, 1.20061116604e-09, 5.97372776245e-11, 5.98899996263e-09, 1.26261412436e-09, 3.38790467902e-10, 4.38860857377e-11, 3.09884368166e-10, 4.64147505153e-11, 1.00286510867e-12, 2.14167069496e-11, 2.34238583391e-11, 1.65672042057e-11, 6.53702092457e-12, 4.43073008838e-11, 3.93870526472e-12, 6.11139895743e-14, 1.31170937759e-14]
    },
    "mfcc": {
        "mean": [-809.244873047, 121.48046875, -45.212677002, -11.8234167099, -49.8452758789, -26.1770572662, -5.27169275284, 1.61868941784, -30.8519706726, -27.7592697144, -13.7033920288, 20.0745697021, 6.45643663406],
        "cov": [[8486.453125, -1580.8314209, -628.709960938, -282.076812744, -1359.53125, -646.784545898, -674.276855469, -99.6657180786, -748.989807129, 634.536071777, -325.579376221, 147.017181396, -359.286224365], [-1580.8314209, 1569.09423828, 25.7299385071, -404.432342529, 121.672470093, -121.32901001, 55.1395721436, -116.394538879, 9.24156475067, -55.2575645447, 149.964523315, -62.1037330627, -122.34879303], [-628.709960938, 25.7299385071, 464.109405518, -102.941543579, 29.8281955719, -16.4933261871, 37.1541061401, 14.6711444855, 66.2251358032, -3.84977626801, -54.4734649658, -22.6023693085, 35.1258087158], [-282.076812744, -404.432342529, -102.941543579, 410.892303467, 100.109237671, 180.173400879, 69.2445068359, 72.7091217041, 72.0379486084, -71.17993927, 13.5488395691, 15.6694812775, 143.791625977], [-1359.53125, 121.672470093, 29.8281955719, 100.109237671, 382.588104248, 162.743347168, 122.775970459, 29.1638317108, 151.153198242, -132.307983398, 64.240562439, -11.6430606842, 48.5578422546], [-646.784545898, -121.32901001, -16.4933261871, 180.173400879, 162.743347168, 198.255279541, 77.8047332764, 34.2908325195, 95.4498672485, -88.1116790771, 26.390745163, 2.65093588829, 68.2686309814], [-674.276855469, 55.1395721436, 37.1541061401, 69.2445068359, 122.775970459, 77.8047332764, 116.850486755, 10.901930809, 74.839553833, -49.015499115, 12.9119386673, -3.15780854225, 62.1655654907], [-99.6657180786, -116.394538879, 14.6711444855, 72.7091217041, 29.1638317108, 34.2908325195, 10.901930809, 85.2441253662, 12.7688112259, -22.2363319397, 4.41404151917, 16.7296867371, 48.1111946106], [-748.989807129, 9.24156475067, 66.2251358032, 72.0379486084, 151.153198242, 95.4498672485, 74.839553833, 12.7688112259, 170.612915039, -62.0575485229, 28.345123291, -8.20820903778, 34.493812561], [634.536071777, -55.2575645447, -3.84977626801, -71.17993927, -132.307983398, -88.1116790771, -49.015499115, -22.2363319397, -62.0575485229, 135.90737915, -24.6185207367, -11.4023017883, -50.1128196716], [-325.579376221, 149.964523315, -54.4734649658, 13.5488395691, 64.240562439, 26.390745163, 12.9119386673, 4.41404151917, 28.345123291, -24.6185207367, 94.6285934448, -11.4152822495, -18.0943832397], [147.017181396, -62.1037330627, -22.6023693085, 15.6694812775, -11.6430606842, 2.65093588829, -3.15780854225, 16.7296867371, -8.20820903778, -11.4023017883, -11.4152822495, 70.7653427124, 18.8864707947], [-359.286224365, -122.34879303, 35.1258087158, 143.791625977, 48.5578422546, 68.2686309814, 62.1655654907, 48.1111946106, 34.493812561, -50.1128196716, -18.0943832397, 18.8864707947, 182.293075562]],
