{
"lowlevel": {
    "average_loudness": 0.99068403244,
    "barkbands_crest": {
        "dmean": 3.62232327461,
        "dmean2": 5.27991056442,
        "dvar": 10.5795688629,
        "dvar2": 25.1098403931,
        "max": 26.5841312408,
        "mean": 18.0758094788,
        "median": 18.7434959412,
        "min": 6.94977235794,
        "var": 29.8277988434
    },
    "barkbands_flatness_db": {
        "dmean": 0.0502623170614,
        "dmean2": 0.057780276984,
        "dvar": 0.00199808133766,
        "dvar2": 0.00258507905528,
        "max": 0.51269775629,
        "mean": 0.264812201262,
        "median": 0.268962651491,
        "min": 0.0996007695794,
        "var": 0.0119138602167
    },
    "barkbands_kurtosis": {
        "dmean": 27.4504013062,
        "dmean2": 42.2420845032,
        "dvar": 1708.24902344,
        "dvar2": 4021.54858398,
        "max": 260.281616211,
        "mean": 42.3202133179,
        "median": 27.7551746368,
        "min": -1.74616277218,
        "var": 2670.05078125
    },
    "barkbands_skewness": {
        "dmean": 1.90627288818,
        "dmean2": 2.56917524338,
        "dvar": 4.43030691147,
        "dvar2": 9.46499538422,
        "max": 6.11942958832,
        "mean": -2.36989808083,
        "median": -2.40250563622,
        "min": -12.3873710632,
        "var": 14.3975734711
    },
    "barkbands_spread": {
        "dmean": 3.98017263412,
        "dmean2": 6.69369029999,
        "dvar": 39.7336044312,
        "dvar2": 105.958465576,
        "max": 35.4929847717,
        "mean": 6.87552785873,
        "median": 4.43197774887,
        "min": 0.450087308884,
        "var": 49.2908287048
    },
    "dissonance": {
        "dmean": 0.0131509350613,
        "dmean2": 0.0218164995313,
        "dvar": 0.00042348873103,
        "dvar2": 0.000887470145244,
        "max": 0.499811708927,
        "mean": 0.480074703693,
        "median": 0.496665924788,
        "min": 0.366394907236,
        "var": 0.000939003191888
    },
    "dynamic_complexity": 10.9854841232,
    "erbbands_crest": {
        "dmean": 3.32699942589,
        "dmean2": 4.98545074463,
        "dvar": 5.93049478531,
        "dvar2": 12.9006214142,
        "max": 30.0659313202,
        "mean": 18.2919616699,
        "median": 18.1353282928,
        "min": 8.41909217834,
        "var": 28.6530818939
    },
    "erbbands_flatness_db": {
        "dmean": 0.0451337322593,
        "dmean2": 0.0515715777874,
        "dvar": 0.00155927066226,
        "dvar2": 0.00165689887945,
        "max": 0.550569355488,
        "mean": 0.342268705368,
        "median": 0.376616030931,
        "min": 0.158159330487,
        "var": 0.0122162131593
    },
    "erbbands_kurtosis": {
        "dmean": 17.8229751587,
        "dmean2": 24.2249603271,
        "dvar": 381.469055176,
        "dvar2": 785.271606445,
        "max": 139.855377197,
        "mean": 32.1921081543,
        "median": 20.2168312073,
        "min": 0.819925785065,
        "var": 1146.45739746
    },
    "erbbands_skewness": {
        "dmean": 1.70827519894,
        "dmean2": 2.50440764427,
        "dvar": 3.31308197975,
        "dvar2": 6.74918079376,
        "max": 4.47189664841,
        "mean": -0.931059896946,
        "median": -0.729842543602,
        "min": -6.89141511917,
        "var": 7.97552728653
    },
    "erbbands_spread": {
        "dmean": 2.98026251793,
        "dmean2": 4.4215722084,
        "dvar": 27.4400081635,
        "dvar2": 62.6426124573,
        "max": 33.1067123413,
        "mean": 6.64087629318,
        "median": 3.20410656929,
        "min": 0.600011408329,
        "var": 57.2360496521
    },
    "hfc": {
        "dmean": 5.16730356216,
        "dmean2": 6.28257274628,
        "dvar": 113.803947449,
        "dvar2": 210.619537354,
        "max": 69.4154434204,
        "mean": 6.19107913971,
        "median": 0.342229753733,
        "min": 0.00714612333104,
        "var": 201.526687622
    },
    "melbands_crest": {
        "dmean": 4.78069210052,
        "dmean2": 6.96316719055,
        "dvar": 13.524055481,
        "dvar2": 35.5727233887,
        "max": 36.9559631348,
        "mean": 19.551153183,
        "median": 17.9801483154,
        "min": 6.68723726273,
        "var": 49.6051673889
    },
    "melbands_flatness_db": {
        "dmean": 0.0452800877392,
        "dmean2": 0.0562556795776,
        "dvar": 0.00144319445826,
        "dvar2": 0.00201339344494,
        "max": 0.447920918465,
        "mean": 0.265203356743,
        "median": 0.268322527409,
        "min": 0.132247626781,
        "var": 0.00596210220829
    },
    "melbands_kurtosis": {
        "dmean": 15.0921792984,
        "dmean2": 19.5094432831,
        "dvar": 439.921173096,
        "dvar2": 769.867736816,
        "max": 134.94078064,
        "mean": 24.3585319519,
        "median": 7.40689373016,
        "min": -1.44014585018,
        "var": 1022.15167236
    },
    "melbands_skewness": {
        "dmean": 1.33280324936,
        "dmean2": 1.76427161694,
        "dvar": 1.96831691265,
        "dvar2": 5.34925985336,
        "max": 4.60719680786,
        "mean": -1.82255148888,
        "median": -1.71418988705,
        "min": -8.34098148346,
        "var": 8.88396263123
    },
    "melbands_spread": {
        "dmean": 10.4593324661,
        "dmean2": 16.9359359741,
        "dvar": 198.493286133,
        "dvar2": 383.258605957,
        "max": 89.0763931274,
        "mean": 23.3655185699,
        "median": 17.8569641113,
        "min": 1.70263147354,
        "var": 453.313262939
    },
    "pitch_salience": {
        "dmean": 0.106597654521,
        "dmean2": 0.179923772812,
        "dvar": 0.00816521421075,
        "dvar2": 0.0185460429639,
        "max": 0.712292253971,
        "mean": 0.483977675438,
        "median": 0.481697261333,
        "min": 0.198356702924,
        "var": 0.0206219963729
    },
    "silence_rate_20dB": {
        "dmean": 0,
        "dmean2": 0,
        "dvar": 0,
        "dvar2": 0,
        "max": 1,
        "mean": 1,
        "median": 1,
        "min": 1,
        "var": 0
    },
    "silence_rate_30dB": {
        "dmean": 0,
        "dmean2": 0,
        "dvar": 0,
        "dvar2": 0,
        "max": 1,
        "mean": 1,
        "median": 1,
        "min": 1,
        "var": 0
    },
    "silence_rate_60dB": {
        "dmean": 0.0799999982119,
        "dmean2": 0.163265302777,
        "dvar": 0.0736000090837,
        "dvar2": 0.136609762907,
        "max": 1,
        "mean": 0.843137264252,
        "median": 1,
        "min": 0,
        "var": 0.132256820798
    },
    "spectral_centroid": {
        "dmean": 202.302261353,
        "dmean2": 281.875976562,
        "dvar": 94026.5234375,
        "dvar2": 98586.140625,
        "max": 3474.65722656,
        "mean": 2466.1027832,
        "median": 2832.68774414,
        "min": 374.387237549,
        "var": 993261.5625
    },
    "spectral_complexity": {
        "dmean": 0.600000023842,
        "dmean2": 0.91836732626,
        "dvar": 0.72000002861,
        "dvar2": 1.29945874214,
        "max": 6,
        "mean": 1.27450978756,
        "median": 1,
        "min": 0,
        "var": 2.43444824219
    },
    "spectral_decrease": {
        "dmean": 2.71557720755e-10,
        "dmean2": 3.29608590421e-10,
        "dvar": 2.95132846831e-19,
        "dvar2": 5.37782944951e-19,
        "max": -1.42502220961e-12,
        "mean": -3.35174360488e-10,
        "median": -2.45780652774e-11,
        "min": -3.50283224648e-09,
        "var": 5.41756410421e-19
    },
    "spectral_energy": {
        "dmean": 0.00149312568828,
        "dmean2": 0.00181349168997,
        "dvar": 9.10478138394e-06,
        "dvar2": 1.66708832694e-05,
        "max": 0.0195166617632,
        "mean": 0.00182657130063,
        "median": 0.0001172357006,
        "min": 6.07805668551e-06,
        "var": 1.65223791555e-05
    },
    "spectral_energyband_high": {
        "dmean": 2.74973517662e-05,
        "dmean2": 3.84910090361e-05,
        "dvar": 4.6557189215e-09,
        "dvar2": 9.70142544077e-09,
        "max": 0.000449740677141,
        "mean": 3.28300557157e-05,
        "median": 9.0073336878e-07,
        "min": 2.58985277668e-08,
        "var": 6.42703446019e-09
    },
    "spectral_energyband_low": {
        "dmean": 3.32976753725e-07,
        "dmean2": 5.20461071574e-07,
        "dvar": 1.57048582038e-13,
        "dvar2": 3.81265657066e-13,
        "max": 2.42238934334e-06,
        "mean": 4.69493471655e-07,
        "median": 3.28128521687e-07,
        "min": 4.2408679235e-08,
        "var": 2.06986120951e-13
    },
    "spectral_energyband_middle_high": {
        "dmean": 0.001464720699,
        "dmean2": 0.00178140110802,
        "dvar": 8.74977376952e-06,
        "dvar2": 1.59672017617e-05,
        "max": 0.0190612636507,
        "mean": 0.00178230344318,
        "median": 0.000114353242679,
        "min": 9.34219372084e-07,
        "var": 1.59022984008e-05
    },
    "spectral_energyband_middle_low": {
        "dmean": 4.02481055062e-06,
        "dmean2": 5.94410448684e-06,
        "dvar": 3.51311306435e-11,
        "dvar2": 7.36391156386e-11,
        "max": 6.3081177359e-05,
        "mean": 1.11951949293e-05,
        "median": 3.90082595914e-06,
        "min": 3.52943573034e-07,
        "var": 2.32304009362e-10
    },
    "spectral_entropy": {
        "dmean": 0.442731946707,
        "dmean2": 0.53006362915,
        "dvar": 0.114646025002,
        "dvar2": 0.145192265511,
        "max": 7.80995035172,
        "mean": 6.29999637604,
        "median": 6.37839889526,
        "min": 4.50001335144,
        "var": 0.676120936871
    },
    "spectral_flux": {
        "dmean": 0.00994374696165,
        "dmean2": 0.0128027051687,
        "dvar": 0.000157015543664,
        "dvar2": 0.00033960948349,
        "max": 0.101571597159,
        "mean": 0.0196590423584,
        "median": 0.00991818960756,
        "min": 0.00104135007132,
        "var": 0.000577170809265
    },
    "spectral_kurtosis": {
        "dmean": 7.05564832687,
        "dmean2": 10.9063243866,
        "dvar": 48.8440666199,
        "dvar2": 91.742980957,
        "max": 52.7764396667,
        "mean": 20.5589790344,
        "median": 18.2545604706,
        "min": 3.53840637207,
        "var": 143.952758789
    },
    "spectral_rms": {
        "dmean": 0.000378195312805,
        "dmean2": 0.000384055369068,
        "dvar": 2.9653006095e-07,
        "dvar2": 4.03002076155e-07,
        "max": 0.0043635587208,
        "mean": 0.000827234063763,
        "median": 0.00033819564851,
        "min": 7.70052647567e-05,
        "var": 1.09770451218e-06
    },
    "spectral_rolloff": {
        "dmean": 165.375,
        "dmean2": 275.9765625,
        "dvar": 159736.296875,
        "dvar2": 250456,
        "max": 3596.04492188,
        "mean": 2627.89501953,
        "median": 3014.6484375,
        "min": 366.064453125,
        "var": 1081753.125
    },
    "spectral_skewness": {
        "dmean": 0.576735317707,
        "dmean2": 0.84914547205,
        "dvar": 0.195365518332,
        "dvar2": 0.402595639229,
        "max": 4.87066793442,
        "mean": 3.0173304081,
        "median": 2.8681538105,
        "min": 1.57173788548,
        "var": 0.681475162506
    },
    "spectral_spread": {
        "dmean": 756798.0625,
        "dmean2": 917543.1875,
        "dvar": 930887237632,
        "dvar2": 1.23195450982e+12,
        "max": 8068118.5,
        "mean": 2846394,
        "median": 2213585.75,
        "min": 1151180.125,
        "var": 2.30639586509e+12
    },
    "spectral_strongpeak": {
        "dmean": 1.62694883347,
        "dmean2": 2.02505302429,
        "dvar": 7.43886041641,
        "dvar2": 14.3472442627,
        "max": 18.8694591522,
        "mean": 2.2932741642,
        "median": 0.530401468277,
        "min": 0.0177781693637,
        "var": 15.6314239502
    },
    "zerocrossingrate": {
        "dmean": 0.00949218776077,
        "dmean2": 0.0101044327021,
        "dvar": 0.000190583785297,
        "dvar2": 0.000179993410711,
        "max": 0.15771484375,
        "mean": 0.111749388278,
        "median": 0.11865234375,
        "min": 0.0107421875,
        "var": 0.0016578133218
    },
    "barkbands": {
        "dmean": [9.91671669226e-08, 2.34330066462e-08, 1.08977772584e-07, 6.66963615004e-07, 1.64349921761e-06, 3.24888833347e-06, 5.52199935555e-07, 1.90470302641e-07, 1.05544025075e-07, 9.53424574845e-08, 3.90991807819e-08, 8.40268441493e-08, 8.38470157305e-07, 7.96210883891e-07, 1.16177454856e-06, 2.6627023999e-06, 1.43256947922e-05, 0.000296990940114, 0.00126711756457, 4.82924360767e-06, 5.62083357636e-08, 4.41910333393e-06, 2.12169979932e-05, 5.40533960702e-07, 2.90110415335e-06, 2.66392436998e-08, 3.28404325955e-09],
        "dmean2": [1.70068275906e-07, 3.40686021616e-08, 1.73312116658e-07, 1.04220828234e-06, 2.21149639401e-06, 4.6379232117e-06, 9.70558858171e-07, 3.1337128803e-07, 1.55783567379e-07, 1.47339278556e-07, 7.1619787434e-08, 1.23674837482e-07, 1.34496895043e-06, 7.11347865945e-07, 1.56510748184e-06, 4.61323770651e-06, 2.48896722042e-05, 0.000384333339753, 0.00158761651255, 5.03273304275e-06, 8.35084392747e-08, 4.91228456667e-06, 3.00928222714e-05, 8.56732413013e-07, 4.19340267399e-06, 3.54710820716e-08, 5.17143616818e-09],
        "dvar": [8.54145991132e-15, 1.37221370334e-15, 1.40232343763e-14, 1.11488596133e-12, 7.19274119432e-12, 2.41430816311e-11, 6.10737101083e-13, 1.16677229944e-13, 2.06229839114e-14, 2.60464240643e-14, 2.37458105818e-15, 1.52944317774e-14, 2.52401203236e-12, 3.65624544529e-12, 8.99808439564e-12, 7.94704857476e-11, 2.80697665112e-09, 4.28352734616e-07, 8.83684879227e-06, 9.99458016349e-11, 4.26170354906e-15, 1.10437180234e-10, 3.32626393096e-09, 2.825939786e-12, 6.16067058479e-11, 3.70964643755e-15, 5.19746612907e-18],
        "dvar2": [2.28151136492e-14, 1.83464604694e-15, 3.42747443654e-14, 2.54618440047e-12, 1.44249135206e-11, 4.64389533772e-11, 1.61968366236e-12, 3.28330651512e-13, 5.27228339654e-14, 5.10179768711e-14, 7.27342194313e-15, 3.1155183007e-14, 6.3532516921e-12, 3.76291619392e-12, 1.16561474015e-11, 1.91915691672e-10, 7.6088753076e-09, 8.66576499448e-07, 1.66880181496e-05, 1.32839475531e-10, 7.96517681049e-15, 2.25085561301e-10, 7.50729434174e-09, 4.51251969819e-12, 1.26462215699e-10, 4.82583807984e-15, 1.6933573316e-17],
        "max": [4.12014856011e-07, 2.72925205991e-07, 6.95112134963e-07, 5.11733651365e-06, 2.54373953794e-05, 4.33124514529e-05, 5.59343425266e-06, 2.24194286602e-06, 9.39295318858e-07, 8.42076303798e-07, 2.51530849482e-07, 1.02997114482e-06, 1.08442354758e-05, 1.84938799066e-05, 2.28957105719e-05, 5.9308433265e-05, 0.000314010947477, 0.00395815260708, 0.019002456218, 7.64696160331e-05, 4.46390458819e-07, 8.93303586054e-05, 0.000387335574487, 1.18466741696e-05, 5.1349572459e-05, 4.51449835737e-07, 3.4907237989e-08],
        "mean": [9.52177572344e-08, 2.74128026945e-08, 1.50617964323e-07, 8.05792751635e-07, 3.36730454364e-06, 5.55803944735e-06, 9.49091884195e-07, 2.64729237642e-07, 1.85255444762e-07, 1.29853304998e-07, 6.24001970095e-08, 1.56812390628e-07, 1.40792349157e-06, 1.39399503496e-06, 1.39297446822e-06, 3.05204412143e-06, 1.11513727461e-05, 0.000359051220585, 0.00139952241443, 6.7033056439e-06, 1.08589425452e-07, 6.2329299908e-06, 2.06667209568e-05, 7.89992895989e-07, 3.28118017023e-06, 3.93581665037e-08, 1.98697360787e-08],
        "median": [6.31631138504e-08, 1.52482257931e-08, 1.08760112028e-07, 3.6192409425e-07, 7.15878456958e-07, 1.70936812083e-06, 2.61597477902e-07, 9.00711540908e-08, 1.02634871268e-07, 6.06575554229e-08, 3.85744804987e-08, 8.49517647339e-08, 1.91374184055e-07, 7.3259734279e-08, 1.20279224802e-07, 2.59372427536e-07, 7.35872617952e-07, 1.59603714565e-05, 8.80091738509e-06, 5.55381980405e-08, 5.41456621761e-08, 1.49171299313e-07, 3.88457159772e-08, 7.23685857906e-08, 3.19008890415e-08, 9.35263777535e-09, 1.88947186786e-08],
        "min": [1.13244677524e-10, 4.11176509507e-10, 6.71342315073e-10, 3.04180822752e-08, 3.69001149636e-08, 2.39131452417e-08, 6.07765171523e-09, 2.84479839685e-09, 5.71085223555e-09, 2.94128543743e-09, 2.99388669411e-09, 2.24547180849e-09, 6.98866609028e-09, 1.22087282506e-08, 5.60996671339e-09, 5.17041431891e-09, 1.94735605419e-08, 1.10257607489e-08, 3.27057247951e-09, 1.49748113909e-09, 2.47364417838e-09, 2.1048569554e-09, 1.10682218946e-09, 2.53544008011e-09, 1.72421055211e-09, 1.38468125854e-09, 1.3512177155e-08],
        "var": [1.09302385122e-14, 1.68010541511e-15, 2.06936484821e-14, 1.23606908129e-12, 3.01549410442e-11, 7.97404503539e-11, 1.7622136389e-12, 1.50358485428e-13, 4.18813001315e-14, 3.25353012218e-14, 3.64757967483e-15, 4.10599356707e-14, 6.52528638762e-12, 1.35853177666e-11, 1.79098298692e-11, 1.00201694164e-10, 2.00505478887e-09, 7.57368638915e-07, 1.40905058288e-05, 2.63996824401e-10, 1.42670299403e-14, 2.58591897895e-10, 3.81301346053e-09, 5.65469893132e-12, 8.31891361353e-11, 7.75579958329e-15, 2.00098447792e-17]
    },
    "erbbands": {
        "dmean": [9.81397988653e-07, 5.7344122979e-06, 8.28050542623e-05, 0.00109224056359, 0.00470207910985, 0.00531334150583, 0.0129791386425, 0.0358263850212, 0.0143111888319, 0.00579742062837, 0.00342389638536, 0.00195543887094, 0.00419260188937, 0.00159784045536, 0.00177967536729, 0.00775665650144, 0.0277769844979, 0.0481623746455, 0.0736220106483, 0.137771263719, 0.527801096439, 0.529609084129, 9.75445270538, 26.4805927277, 63.9294471741, 2.27933692932, 0.100066572428, 0.0111220823601, 0.140485957265, 0.355049818754, 0.742045223713, 0.0281693357974, 0.0159059762955, 0.0402472130954, 0.0118115078658, 0.000413258705521, 3.83562291972e-05, 4.59889042759e-06, 2.35086781686e-06, 2.65534913524e-06],
        "dmean2": [1.56951580266e-06, 8.00703946879e-06, 0.000129461870529, 0.00166045338847, 0.00746455788612, 0.00754256825894, 0.0186874680221, 0.0561427623034, 0.0203891228884, 0.00912035629153, 0.00590751320124, 0.00314928218722, 0.00694037415087, 0.00261502945796, 0.00305708544329, 0.0113659212366, 0.0438437946141, 0.0525077544153, 0.110383167863, 0.228517651558, 0.870100677013, 0.83560359478, 12.2285060883, 30.5825920105, 80.3001403809, 2.88154387474, 0.127432852983, 0.0129438629374, 0.166488841176, 0.554418861866, 1.08357989788, 0.039522908628, 0.0261980481446, 0.0602319389582, 0.0172247476876, 0.00055424310267, 5.25914110767e-05, 6.02282489126e-06, 2.90004072667e-06, 3.23154768012e-06],
        "dvar": [2.21529392053e-12, 6.02567232222e-11, 7.67062058316e-09, 2.65371431851e-06, 5.25844479853e-05, 7.24651690689e-05, 0.000366587628378, 0.00383070390671, 0.000440342264483, 6.40807265881e-05, 5.74798432353e-05, 5.96740937908e-06, 3.52127281076e-05, 9.35216576181e-06, 4.77660660181e-06, 0.000275284692179, 0.00259744795039, 0.00989306066185, 0.0472486689687, 0.270013332367, 4.08693647385, 1.74355554581, 425.027496338, 2252.82739258, 23389.6445312, 28.8545150757, 0.0517809018493, 0.000445945537649, 0.126915305853, 0.574555039406, 4.41509962082, 0.00532395858318, 0.00197972101159, 0.011304798536, 0.00136883219238, 8.11231416264e-07, 6.3280598539e-09, 7.72024597029e-11, 1.92422449502e-11, 2.91511433048e-11],
        "dvar2": [4.38921468615e-12, 7.34293875704e-11, 1.71621632461e-08, 6.4653577283e-06, 0.000114230104373, 0.0001440908527, 0.000589284987655, 0.00859398767352, 0.000846638286021, 0.000153939021402, 0.000164153287187, 1.48275585161e-05, 8.87315836735e-05, 1.4876755813e-05, 1.46952852447e-05, 0.000427304737968, 0.00617864076048, 0.0131175452843, 0.0690856724977, 0.739710748196, 10.7825489044, 4.98587226868, 849.766357422, 3685.265625, 46277.3359375, 55.168712616, 0.0935411080718, 0.000770757440478, 0.267635703087, 1.27743721008, 10.0222787857, 0.0119837829843, 0.0032844254747, 0.0197660773993, 0.0032223102171, 1.5997858327e-06, 9.14597997337e-09, 1.14348759628e-10, 3.50331638699e-11, 5.39905863073e-11],
        "max": [8.1121625044e-06, 6.38328419882e-05, 0.000496580847539, 0.00868304632604, 0.0422818176448, 0.0774248689413, 0.20234054327, 0.407506167889, 0.167696252465, 0.0656018704176, 0.0470368862152, 0.0144710484892, 0.0300912056118, 0.0194033049047, 0.0153384022415, 0.140974342823, 0.373099148273, 0.958456337452, 1.5407705307, 3.27576231956, 12.3991136551, 8.26345062256, 136.696273804, 295.758972168, 997.266906738, 35.8048667908, 1.48437070847, 0.147659808397, 2.8561425209, 4.31937360764, 14.2339878082, 0.49677798152, 0.32799705863, 0.683332979679, 0.244408786297, 0.0056138583459, 0.00049689935986, 6.56762276776e-05, 3.25232431351e-05, 3.56358432327e-05],
        "mean": [1.16972523756e-06, 8.02386693977e-06, 0.000130270505906, 0.00146480766125, 0.00799709465355, 0.0105001423508, 0.0248210057616, 0.0510481856763, 0.0204101633281, 0.0110587486997, 0.00518759153783, 0.00379340793006, 0.00512457173318, 0.00288216536865, 0.00310124247335, 0.0164812356234, 0.048801407218, 0.0802823454142, 0.0955871418118, 0.114311158657, 0.455952376127, 0.605151295662, 12.252204895, 35.0436592102, 66.6606445312, 2.4542491436, 0.114079393446, 0.0165565218776, 0.169851765037, 0.426712870598, 0.695533812046, 0.0289617683738, 0.0245999209583, 0.052361279726, 0.0116436202079, 0.000522590707988, 5.71850323468e-05, 1.07317910079e-05, 4.72448027722e-06, 3.53638438355e-06],
        "median": [8.0726260876e-07, 4.87777469971e-06, 8.61911757966e-05, 0.000840613269247, 0.00219701393507, 0.00178432604298, 0.00737559422851, 0.0142119005322, 0.00480100372806, 0.00326216942631, 0.00249897292815, 0.00241822958924, 0.00284339045174, 0.00155831116717, 0.00230009690858, 0.0043350351043, 0.00973732862622, 0.0118677150458, 0.00807509198785, 0.0100016454235, 0.038025315851, 0.0963224992156, 1.15325391293, 2.26153492928, 0.14764739573, 0.00896937400103, 0.00580053823069, 0.00313617824577, 0.00499925250188, 0.0124327186495, 0.00147994747385, 0.000969162792899, 0.00139757385477, 0.000450566789368, 0.000218469984247, 7.17219081707e-05, 1.06909665192e-05, 5.3725343605e-06, 2.34520780396e-06, 5.43756982552e-07],
        "min": [9.17637166253e-08, 1.06662253074e-06, 9.62277681538e-06, 8.60994987306e-05, 0.000136998132803, 0.000149555082317, 0.000189718717593, 0.000183685435331, 0.000117885705549, 8.33643935039e-05, 6.3963678258e-05, 0.000108357606223, 0.000138635194162, 0.000105213315692, 0.000173168693436, 0.000275528320344, 0.000618099991698, 0.000938142824452, 0.000681473291479, 0.000372953451006, 0.000660743564367, 0.000960203353316, 0.000700482632965, 0.000779433234129, 0.000137105467729, 6.81096789776e-05, 0.00010372712859, 7.47252779547e-05, 7.07285653334e-05, 5.54813850613e-05, 5.62199602427e-05, 4.04033416999e-05, 4.26484803029e-05, 2.19726607611e-05, 1.23311074276e-05, 3.4834311009e-06, 2.48315541285e-06, 3.08658513859e-06, 1.42922010582e-06, 3.0543017715e-07],
        "var": [2.30728782434e-12, 9.50575937408e-11, 1.2252213466e-08, 3.10728592012e-06, 0.000126432612888, 0.000309883151203, 0.00210611824878, 0.00748109538108, 0.000975919538178, 0.000257988489466, 6.35389369563e-05, 1.51992680912e-05, 4.29985375376e-05, 1.52873817569e-05, 6.93941819918e-06, 0.000930010515731, 0.00719153136015, 0.0315321348608, 0.0860018655658, 0.216989383101, 3.33360862732, 1.70622980595, 803.441040039, 5047.84521484, 34439.546875, 44.3964653015, 0.0845735222101, 0.00099931738805, 0.220575213432, 0.951229691505, 4.88904190063, 0.00636682892218, 0.00459663663059, 0.0182361323386, 0.00145693926606, 1.30657406316e-06, 1.29020234496e-08, 1.90631399555e-10, 3.81738946009e-11, 5.21432792777e-11]
    },
    "gfcc": {
        "mean": [-344.884460449, 14.6469316483, -140.427352905, 43.8609390259, -49.1438484192, -33.6841316223, -60.2344512939, -2.36868143082, -31.3233757019, -21.5272140503, 6.30665254593, -1.91372561455, -23.3846092224],
        "cov": [[5113.88183594, -2812.95166016, -373.480895996, 2590.63696289, -1793.29394531, -1506.8359375, -88.219039917, 1536.62011719, -566.911865234, -972.074584961, 412.573059082, -169.069061279, -272.510375977], [-2812.95166016, 2353.22436523, 580.819335938, -1947.48657227, 664.254394531, 764.646179199, -57.5041999817, -1006.27484131, 239.920532227, 657.625915527, -310.619689941, 63.3922271729, 276.361022949], [-373.480895996, 580.819335938, 815.416015625, -614.475402832, -395.373504639, 400.291900635, 114.814376831, -244.725112915, -298.351654053, 198.773696899, 60.9043273926, -56.8464355469, 89.0005950928], [2590.63696289, -1947.48657227, -614.475402832, 1895.37463379, -610.097290039, -940.400695801, -20.8607673645, 980.737426758, -65.3862915039, -680.846069336, 184.054107666, 44.0750923157, -210.432006836], [-1793.29394531, 664.254394531, -395.373504639, -610.097290039, 1131.29174805, 452.503814697, -31.7370071411, -493.704223633, 415.298675537, 328.045166016, -176.020019531, 83.0532989502, 57.5931892395], [-1506.8359375, 764.646179199, 400.291900635, -940.400695801, 452.503814697, 840.028747559, 123.482269287, -530.969543457, -27.0390357971, 438.939086914, -21.0631351471, -74.0776062012, 85.3402938843], [-88.219039917, -57.5041999817, 114.814376831, -20.8607673645, -31.7370071411, 123.482269287, 119.383506775, -6.41022348404, -114.123817444, -0.889717400074, 86.920753479, -10.3815078735, -55.3791542053], [1536.62011719, -1006.27484131, -244.725112915, 980.737426758, -493.704223633, -530.969543457, -6.41022348404, 652.864807129, -67.7717208862, -399.859405518, 103.994171143, 38.5632209778, -106.798049927], [-566.911865234, 239.920532227, -298.351654053, -65.3862915039, 415.298675537, -27.0390357971, -114.123817444, -67.7717208862, 389.101593018, 69.8227233887, -199.639373779, 112.646125793, 92.5323257446], [-972.074584961, 657.625915527, 198.773696899, -680.846069336, 328.045166016, 438.939086914, -0.889717400074, -399.859405518, 69.8227233887, 389.332580566, -41.8229255676, -67.0384750366, 92.6609191895], [412.573059082, -310.619689941, 60.9043273926, 184.054107666, -176.020019531, -21.0631351471, 86.920753479, 103.994171143, -199.639373779, -41.8229255676, 193.636672974, -40.6247406006, -105.49105835], [-169.069061279, 63.3922271729, -56.8464355469, 44.0750923157, 83.0532989502, -74.0776062012, -10.3815078735, 38.5632209778, 112.646125793, -67.0384750366, -40.6247406006, 149.804977417, 10.6641111374], [-272.510375977, 276.361022949, 89.0005950928, -210.432006836, 57.5931892395, 85.3402938843, -55.3791542053, -106.798049927, 92.5323257446, 92.6609191895, -105.49105835, 10.6641111374, 127.009124756]],
        "icov": [[0.00508767366409, 0.00068579998333, 0.00263355881907, -0.00366478785872, 0.00378329330124, 0.00118126696907, 0.00587897980586, -0.0031617206987, 0.00756551884115, -0.00466861436144, 0.00104666687548, -9.13991825655e-05, -0.00232679420151], [0.00068579998333, 0.00795768853277, -0.00443951366469, 0.00786500237882, -0.00220244936645, 0.00634923856705, -0.000611236842815, -0.000448057253379, -0.0021070104558, -0.00108839385211, 0.00226619909517, -0.000492096005473, 0.000640021753497], [0.00263355881907, -0.00443951366469, 0.0200199540704, -0.00715746963397, 0.0140391718596, -0.00829991791397, -0.00274862768129, 0.00206159148365, 0.0157316159457, -0.0116356313229, 0.00705721089616, -0.0126883070916, -0.00687656411901], [-0.00366478785872, 0.00786500237882, -0.00715746963397, 0.0159057788551, -0.00626931712031, 0.00666452478617, -0.00618833815679, -0.00105195969809, -0.0127240121365, 0.0079854791984, -0.00428851880133, 0.00367845431902, 0.000747265352402], [0.00378329330124, -0.00220244936645, 0.0140391718596, -0.00626931712031, 0.0154112204909, -0.00740490108728, 0.00150169059634, 0.00419719843194, 0.00563634838909, -0.0069020348601, 0.00186492421199, -0.0074845906347, -0.00203747441992], [0.00118126696907, 0.00634923856705, -0.00829991791397, 0.00666452478617, -0.00740490108728, 0.0144596863538, -0.00595948332921, -0.00387912383303, 0.00113677291665, -0.00490768766031, 0.00383822852746, 0.00343746365979, -0.000989532913081], [0.00587897980586, -0.000611236842815, -0.00274862768129, -0.00618833815679, 0.00150169059634, -0.00595948332921, 0.0355111956596, -0.00453190552071, 0.00638500507921, 0.00405375799164, -0.0086075970903, 0.00179193739314, 0.00570439454168], [-0.0031617206987, -0.000448057253379, 0.00206159148365, -0.00105195969809, 0.00419719843194, -0.00387912383303, -0.00453190552071, 0.0145470025018, -0.00965982861817, 0.00656195124611, -0.00463650561869, -0.00168381107505, 0.000503627583385], [0.00756551884115, -0.0021070104558, 0.0157316159457, -0.0127240121365, 0.00563634838909, 0.00113677291665, 0.00638500507921, -0.00965982861817, 0.0481825508177, -0.0319525711238, 0.031127570197, -0.0222932193428, -0.00401261169463], [-0.00466861436144, -0.00108839385211, -0.0116356313229, 0.0079854791984, -0.0069020348601, -0.00490768766031, 0.00405375799164, 0.00656195124611, -0.0319525711238, 0.0378256514668, -0.0301982052624, 0.0214500166476, -0.00375206605531], [0.00104666687548, 0.00226619909517, 0.00705721089616, -0.00428851880133, 0.00186492421199, 0.00383822852746, -0.0086075970903, -0.00463650561869, 0.031127570197, -0.0301982052624, 0.0452552773058, -0.0199360512197, 0.0128030302003], [-9.13991825655e-05, -0.000492096005473, -0.0126883070916, 0.00367845431902, -0.0074845906347, 0.00343746365979, 0.00179193739314, -0.00168381107505, -0.0222932193428, 0.0214500166476, -0.0199360512197, 0.0283915735781, -0.00203957757913], [-0.00232679420151, 0.000640021753497, -0.00687656411901, 0.000747265352402, -0.00203747441992, -0.000989532913081, 0.00570439454168, 0.000503627583385, -0.00401261169463, -0.00375206605531, 0.0128030302003, -0.00203957757913, 0.0285106953233]]
    },
    "melbands": {
        "dmean": [1.0628549596e-08, 2.9948349578e-08, 2.70369611144e-07, 4.0864017592e-07, 3.88840732057e-07, 7.34570051009e-07, 1.95760378574e-07, 5.82827368589e-08, 2.56606682569e-08, 1.28119674869e-08, 2.11244213233e-08, 6.80802658692e-09, 5.34074517944e-09, 6.84508716375e-09, 5.38139843798e-08, 7.83058453635e-08, 9.92443247583e-08, 1.28227426899e-07, 9.99895846121e-08, 2.13940552385e-07, 9.36837238896e-07, 6.12850101334e-07, 4.43964921715e-07, 1.97996687348e-05, 1.33550147439e-05, 8.5235631559e-05, 2.14584724745e-06, 1.22191806895e-07, 4.832351852e-09, 1.52029644429e-09, 1.27081645207e-09, 3.39841257357e-08, 1.76202405555e-07, 2.17535728098e-07, 6.5198929633e-07, 1.78996639733e-08, 1.4127491399e-09, 7.9430115818e-09, 2.22834213304e-08, 4.58322126917e-08],
        "dmean2": [1.58244244375e-08, 4.57268960474e-08, 4.42007262791e-07, 5.84865574638e-07, 5.58829128749e-07, 1.10282428523e-06, 2.82505880023e-07, 8.99314187564e-08, 4.46149499567e-08, 2.03019236977e-08, 3.47477637774e-08, 1.11060600716e-08, 9.45341138703e-09, 1.18518634906e-08, 7.72814132688e-08, 1.28387114273e-07, 1.01842992706e-07, 2.0863814143e-07, 1.5014572341e-07, 3.42730317016e-07, 1.60889578638e-06, 1.07614073386e-06, 6.82401378072e-07, 2.52966601693e-05, 1.4906191609e-05, 0.000108742875454, 2.94993333227e-06, 1.82280189165e-07, 6.3793783589e-09, 2.36808084253e-09, 2.1533190786e-09, 4.33234887964e-08, 2.06191984375e-07, 3.42366064388e-07, 9.62816102401e-07, 2.47829561317e-08, 2.22528795391e-09, 1.05917168369e-08, 3.68414951879e-08, 6.78838247836e-08],
        "dvar": [1.66296350643e-16, 9.8032978101e-16, 1.56066877629e-13, 4.82924084836e-13, 3.18177802898e-13, 1.52326599685e-12, 7.7145578879e-14, 6.47015434123e-15, 2.97880565836e-15, 2.96374287145e-16, 9.16192763881e-16, 1.80416495753e-16, 4.81559902646e-17, 6.9156918186e-17, 1.73219288034e-14, 2.53373185741e-14, 5.60087593708e-14, 1.84519242876e-13, 1.00367447914e-13, 6.43230748613e-13, 1.31214969445e-11, 4.95811161225e-12, 5.35857057511e-13, 1.89185289656e-09, 4.63799054717e-10, 4.16914787138e-08, 3.01655783685e-11, 1.23375756226e-13, 7.88879966435e-17, 3.26864451556e-18, 4.19827082659e-18, 9.54183462115e-15, 1.89684653076e-13, 2.58413218124e-13, 3.54988087536e-12, 1.7632593807e-15, 6.25354167918e-18, 5.8570004256e-16, 4.05411483193e-15, 1.92120133685e-14],
        "dvar2": [3.13439804041e-16, 2.21059018563e-15, 3.54906533849e-13, 9.23234795905e-13, 5.62212873912e-13, 3.27317426635e-12, 1.53141402012e-13, 1.47918481663e-14, 8.25610044062e-15, 8.07576882022e-16, 2.32067079922e-15, 2.74303837853e-16, 1.56646474852e-16, 1.74919344569e-16, 2.73744666935e-14, 7.76108574651e-14, 7.96859391081e-14, 3.00484761856e-13, 2.50588910516e-13, 1.6201214632e-12, 3.48879779233e-11, 1.34105677951e-11, 1.06951882246e-12, 3.83266396398e-09, 6.74818978474e-10, 8.01398556405e-08, 6.71762437343e-11, 2.69264048992e-13, 1.60473766754e-16, 7.24994938299e-18, 1.19221152912e-17, 2.01359619896e-14, 3.97053023056e-13, 5.74734866903e-13, 8.0372548894e-12, 3.88463200951e-15, 1.41870243167e-17, 7.88368504119e-16, 1.02186986493e-14, 3.42831503203e-14],
        "max": [7.62763221474e-08, 1.86494418131e-07, 2.08163714888e-06, 4.98801955473e-06, 6.24610947852e-06, 8.8387141659e-06, 2.28917133427e-06, 6.15522537828e-07, 3.42872567671e-07, 1.10400954156e-07, 1.48746309492e-07, 8.81208279679e-08, 4.50175292599e-08, 4.8608022496e-08, 1.08262634058e-06, 1.00650754575e-06, 2.14580154534e-06, 2.78060088021e-06, 2.15069621845e-06, 5.06072137796e-06, 2.16620337596e-05, 1.32269806272e-05, 4.19376510763e-06, 0.000274351390544, 0.000149957326357, 0.00132038339507, 3.7528519897e-05, 2.26502288569e-06, 6.87480863348e-08, 1.22952679149e-08, 1.42464706698e-08, 7.31253123831e-07, 3.58087527275e-06, 2.79910773315e-06, 1.2807310668e-05, 2.50193807005e-07, 1.40266287474e-08, 1.75691582172e-07, 3.96962860805e-07, 9.2724485512e-07],
        "mean": [1.31022330763e-08, 4.34264784133e-08, 4.07263229363e-07, 7.5800983268e-07, 7.41869143894e-07, 1.09333109322e-06, 2.92465529128e-07, 1.02802431456e-07, 3.84296896527e-08, 2.37951685023e-08, 2.53484113699e-08, 1.14966374198e-08, 8.61665583329e-09, 1.16221077207e-08, 1.08178205949e-07, 1.09078705179e-07, 1.52165895884e-07, 1.60265713589e-07, 9.68980771177e-08, 1.73332452391e-07, 7.16213151009e-07, 4.785542842e-07, 6.91928448759e-07, 2.36736395891e-05, 1.83709580597e-05, 9.07014327822e-05, 2.17010119741e-06, 1.39009657119e-07, 6.89226453687e-09, 2.63852473203e-09, 1.7367650651e-09, 3.65228949306e-08, 2.3901893087e-07, 2.38609658254e-07, 6.07512617989e-07, 1.82391826087e-08, 1.87492554815e-09, 1.1186248372e-08, 2.67194248948e-08, 5.71399603189e-08],
        "median": [1.00166470673e-08, 3.23723199358e-08, 1.87947875929e-07, 1.49778060177e-07, 2.26101008138e-07, 3.07628681639e-07, 6.6046261793e-08, 3.33056675572e-08, 1.86106294819e-08, 1.45262077922e-08, 1.42666332081e-08, 6.00923533156e-09, 5.62833646356e-09, 8.58760884626e-09, 1.07160476048e-08, 2.1336722611e-08, 1.44889966691e-08, 1.0506707504e-08, 6.82680667552e-09, 1.19062519843e-08, 3.35554020126e-08, 4.16833536576e-08, 9.65977733358e-08, 9.83195718618e-07, 1.37874189932e-06, 4.74661776551e-09, 1.86079707198e-09, 1.80468573419e-09, 1.48638379383e-09, 1.51724399711e-09, 8.65264526695e-10, 1.46228429365e-09, 5.26394616784e-09, 1.57403723389e-09, 5.03124542028e-10, 4.53665716105e-10, 5.98122995576e-10, 8.17423628785e-10, 4.89244478263e-10, 2.54239490571e-10],
        "min": [4.84141893242e-10, 6.97697732921e-10, 1.68380509535e-08, 8.57334825355e-09, 6.62225829728e-09, 4.75700012714e-09, 1.73803060832e-09, 5.36731936673e-10, 4.79042250312e-10, 7.96613164322e-10, 6.55335341548e-10, 2.75947042994e-10, 4.06911088158e-10, 3.34175687122e-10, 6.77677636229e-10, 7.2919187355e-10, 1.48517742549e-09, 6.52155718317e-10, 4.57303195311e-10, 1.84485760002e-10, 9.22282139548e-10, 1.03087083314e-09, 5.3031623537e-10, 4.91027607463e-10, 5.33847077655e-10, 7.28637289393e-11, 7.30420238182e-11, 3.66638282234e-11, 6.55457840781e-11, 6.10058878414e-11, 3.44545780795e-11, 3.29918765918e-11, 4.72135629204e-11, 2.53782377058e-11, 1.8523292275e-11, 1.88865104112e-11, 1.84788261082e-11, 2.99552778416e-11, 2.4391913836e-11, 1.38609158873e-11],
        "var": [2.02096648145e-16, 1.62547380171e-15, 2.31398911534e-13, 1.47918125231e-12, 1.79153057406e-12, 3.29978058766e-12, 1.91985926397e-13, 2.25658775926e-14, 3.44573278229e-15, 6.10013540976e-16, 1.08719145764e-15, 2.82637000928e-16, 7.04441104808e-17, 1.04926576918e-16, 5.5721852371e-14, 4.07430335401e-14, 1.49500258093e-13, 2.85079712658e-13, 1.08065107156e-13, 5.46055930507e-13, 9.83282986283e-12, 3.54544280219e-12, 1.14512360098e-12, 3.37704486597e-09, 1.22726706575e-09, 6.33867145439e-08, 3.73933523035e-11, 1.44944887798e-13, 1.43012129607e-16, 7.98485138077e-18, 5.39158639368e-18, 1.30231806919e-14, 4.0384004734e-13, 3.4884866263e-13, 3.91260765106e-12, 2.23274475589e-15, 1.01792829637e-17, 1.22649110801e-15, 6.85433799291e-15, 2.85895032691e-14]
    },
    "mfcc": {
        "mean": [-981.618041992, 44.3495025635, -16.2719020844, 36.3118209839, 20.8479251862, -28.3782749176, -14.4204912186, 4.20541667938, -40.163608551, -15.9626140594, 12.3533754349, -18.9589500427, -3.9752664566],
        "cov": [[3350.31665039, -1837.45068359, -91.6628723145, 1726.99755859, -384.623901367, -1856.8873291, 103.391876221, 1005.73077393, -922.174072266, 331.788665771, 216.557815552, -1200.54284668, 736.6015625], [-1837.45068359, 1924.38684082, 355.614959717, -1262.10534668, -99.2545394897, 917.7578125, -198.459747314, -855.39654541, 499.232574463, -217.364959717, -383.081573486, 744.872741699, -484.127044678], [-91.6628723145, 355.614959717, 766.177734375, -271.594482422, -507.037719727, 98.3286819458, 309.240325928, -197.555953979, -218.967559814, -20.2373199463, -112.243652344, 54.0657424927, 106.845680237], [1726.99755859, -1262.10534668, -271.594482422, 1234.94580078, -33.4043273926, -1119.2479248, -94.7853317261, 799.512023926, -365.043548584, 37.781375885, 250.344421387, -663.811889648, 365.944213867], [-384.623901367, -99.2545394897, -507.037719727, -33.4043273926, 537.467712402, 262.173095703, -275.991729736, -23.2714691162, 381.31161499, -38.0588874817, 55.2690811157, 148.687362671, -179.621505737], [-1856.8873291, 917.7578125, 98.3286819458, -1119.2479248, 262.173095703, 1328.94604492, 160.794418335, -732.566467285, 447.701965332, -9.35957717896, -145.939910889, 670.407348633, -355.546325684], [103.391876221, -198.459747314, 309.240325928, -94.7853317261, -275.991729736, 160.794418335, 553.214660645, -52.1152458191, -395.658813477, 223.292282104, 23.6369800568, -80.6162948608, 172.417114258], [1005.73077393, -855.39654541, -197.555953979, 799.512023926, -23.2714691162, -732.566467285, -52.1152458191, 665.414550781, -185.998733521, -98.7776565552, 236.181991577, -349.239135742, 204.243530273], [-922.174072266, 499.232574463, -218.967559814, -365.043548584, 381.31161499, 447.701965332, -395.658813477, -185.998733521, 656.067993164, -220.416107178, -84.4434585571, 411.197509766, -277.242218018], [331.788665771, -217.364959717, -20.2373199463, 37.781375885, -38.0588874817, -9.35957717896, 223.292282104, -98.7776565552, -220.416107178, 394.89831543, -68.6371154785, -219.049514771, 169.348556519], [216.557815552, -383.081573486, -112.243652344, 250.344421387, 55.2690811157, -145.939910889, 23.6369800568, 236.181991577, -84.4434585571, -68.6371154785, 199.764358521, -75.3887023926, 25.0138206482], [-1200.54284668, 744.872741699, 54.0657424927, -663.811889648, 148.687362671, 670.407348633, -80.6162948608, -349.239135742, 411.197509766, -219.049514771, -75.3887023926, 572.679504395, -276.832580566], [736.6015625, -484.127044678, 106.845680237, 365.944213867, -179.621505737, -355.546325684, 172.417114258, 204.243530273, -277.242218018, 169.348556519, 25.0138206482, -276.832580566, 295.061737061]],
