{
"lowlevel": {
    "average_loudness": 0.787618160248,
    "barkbands_crest": {
        "dmean": 3.39110040665,
        "dmean2": 5.82475233078,
        "dvar": 8.13676834106,
        "dvar2": 22.7241001129,
        "max": 23.467420578,
        "mean": 11.238401413,
        "median": 10.441447258,
        "min": 2.49615168571,
        "var": 14.8881626129
    },
    "barkbands_flatness_db": {
        "dmean": 0.0436572097242,
        "dmean2": 0.0733212307096,
        "dvar": 0.00119339709636,
        "dvar2": 0.00312167429365,
        "max": 0.345668882132,
        "mean": 0.15778529644,
        "median": 0.155515238643,
        "min": 0.0231595225632,
        "var": 0.00389460334554
    },
    "barkbands_kurtosis": {
        "dmean": 15.0949172974,
        "dmean2": 25.2232398987,
        "dvar": 240.075378418,
        "dvar2": 630.937805176,
        "max": 153.812576294,
        "mean": 24.2117557526,
        "median": 20.2427806854,
        "min": -1.7550573349,
        "var": 456.165039062
    },
    "barkbands_skewness": {
        "dmean": 1.2215038538,
        "dmean2": 2.04813241959,
        "dvar": 1.04415071011,
        "dvar2": 2.7732436657,
        "max": 10.0535612106,
        "mean": 3.45817184448,
        "median": 3.54274725914,
        "min": -1.86917078495,
        "var": 2.30303215981
    },
    "barkbands_spread": {
        "dmean": 9.80514621735,
        "dmean2": 16.8053646088,
        "dvar": 153.743759155,
        "dvar2": 406.265655518,
        "max": 83.3233718872,
        "mean": 14.6077241898,
        "median": 8.71596050262,
        "min": 0.966575622559,
        "var": 223.883224487
    },
    "dissonance": {
        "dmean": 0.0257097892463,
        "dmean2": 0.0434953533113,
        "dvar": 0.000541930901818,
        "dvar2": 0.00149024347775,
        "max": 0.499991118908,
        "mean": 0.458948791027,
        "median": 0.466573655605,
        "min": 0.289497703314,
        "var": 0.000982603640296
    },
    "dynamic_complexity": 3.49359607697,
    "erbbands_crest": {
        "dmean": 4.09764146805,
        "dmean2": 6.89317417145,
        "dvar": 10.7831506729,
        "dvar2": 30.1258239746,
        "max": 27.2765579224,
        "mean": 11.3911809921,
        "median": 10.822766304,
        "min": 2.48177719116,
        "var": 23.507818222
    },
    "erbbands_flatness_db": {
        "dmean": 0.0349276326597,
        "dmean2": 0.0595522336662,
        "dvar": 0.000846759299748,
        "dvar2": 0.00234241294675,
        "max": 0.319211781025,
        "mean": 0.140661209822,
        "median": 0.132184699178,
        "min": 0.0618486478925,
        "var": 0.00219468236901
    },
    "erbbands_kurtosis": {
        "dmean": 6.64829730988,
        "dmean2": 11.3503360748,
        "dvar": 74.3504638672,
        "dvar2": 192.896240234,
        "max": 97.2022476196,
        "mean": 6.7514333725,
        "median": 2.48485088348,
        "min": -1.81164872646,
        "var": 125.956893921
    },
    "erbbands_skewness": {
        "dmean": 1.08462429047,
        "dmean2": 1.78652501106,
        "dvar": 0.806160330772,
        "dvar2": 2.13344597816,
        "max": 7.67803859711,
        "mean": 1.81582129002,
        "median": 1.76275265217,
        "min": -2.17950868607,
        "var": 2.35400223732
    },
    "erbbands_spread": {
        "dmean": 20.7464179993,
        "dmean2": 35.2199249268,
        "dvar": 358.807525635,
        "dvar2": 948.16796875,
        "max": 138.577560425,
        "mean": 41.5568275452,
        "median": 38.0636978149,
        "min": 1.68680405617,
        "var": 678.59954834
    },
    "hfc": {
        "dmean": 9.3529920578,
        "dmean2": 16.5284137726,
        "dvar": 1333.42285156,
        "dvar2": 3788.65991211,
        "max": 660.679931641,
        "mean": 10.9983167648,
        "median": 5.02766609192,
        "min": 0.0233244877309,
        "var": 910.285888672
    },
    "melbands_crest": {
        "dmean": 3.75480937958,
        "dmean2": 6.4061870575,
        "dvar": 8.31177806854,
        "dvar2": 23.6285228729,
        "max": 29.8092651367,
        "mean": 14.1782808304,
        "median": 13.6917209625,
        "min": 3.51453495026,
        "var": 15.0558395386
    },
    "melbands_flatness_db": {
        "dmean": 0.0566565953195,
        "dmean2": 0.0942273885012,
        "dvar": 0.00205288082361,
        "dvar2": 0.00529633415863,
        "max": 0.471518933773,
        "mean": 0.257164508104,
        "median": 0.258735775948,
        "min": 0.0316085368395,
        "var": 0.00661256164312
    },
    "melbands_kurtosis": {
        "dmean": 19.5407924652,
        "dmean2": 34.0270843506,
        "dvar": 444.616699219,
        "dvar2": 1276.46008301,
        "max": 196.846298218,
        "mean": 35.1542129517,
        "median": 31.7381401062,
        "min": -1.49447882175,
        "var": 556.791809082
    },
    "melbands_skewness": {
        "dmean": 1.45778667927,
        "dmean2": 2.49766373634,
        "dvar": 1.54223418236,
        "dvar2": 4.38833999634,
        "max": 10.9579782486,
        "mean": 3.81440281868,
        "median": 3.85359692574,
        "min": -0.769124269485,
        "var": 2.75251603127
    },
    "melbands_spread": {
        "dmean": 8.91564846039,
        "dmean2": 15.3274040222,
        "dvar": 320.264068604,
        "dvar2": 826.771240234,
        "max": 214.807617188,
        "mean": 11.5199832916,
        "median": 5.34333324432,
        "min": 0.910289466381,
        "var": 373.579620361
    },
    "pitch_salience": {
        "dmean": 0.0971099510789,
        "dmean2": 0.162444666028,
        "dvar": 0.00566163053736,
        "dvar2": 0.0158510934561,
        "max": 0.883179605007,
        "mean": 0.618406057358,
        "median": 0.624208211899,
        "min": 0.241009414196,
        "var": 0.0102328946814
    },
    "silence_rate_20dB": {
        "dmean": 0,
        "dmean2": 0,
        "dvar": 0,
        "dvar2": 0,
        "max": 1,
        "mean": 1,
        "median": 1,
        "min": 1,
        "var": 0
    },
    "silence_rate_30dB": {
        "dmean": 0.0151745071635,
        "dmean2": 0.0303720571101,
        "dvar": 0.0149444248527,
        "dvar2": 0.0324873328209,
        "max": 1,
        "mean": 0.981046259403,
        "median": 1,
        "min": 0,
        "var": 0.0185940265656
    },
    "silence_rate_60dB": {
        "dmean": 0.0477996952832,
        "dmean2": 0.0956719815731,
        "dvar": 0.0455150231719,
        "dvar2": 0.112335532904,
        "max": 1,
        "mean": 0.0924943163991,
        "median": 0,
        "min": 0,
        "var": 0.0839390531182
    },
    "spectral_centroid": {
        "dmean": 370.1456604,
        "dmean2": 621.903076172,
        "dvar": 246663.15625,
        "dvar2": 614772.9375,
        "max": 3894.22509766,
        "mean": 761.296691895,
        "median": 500.889343262,
        "min": 201.555618286,
        "var": 414420.21875
    },
    "spectral_complexity": {
        "dmean": 3.00986337662,
        "dmean2": 4.85573291779,
        "dvar": 18.1218852997,
        "dvar2": 40.5912818909,
        "max": 54,
        "mean": 7.66868829727,
        "median": 6,
        "min": 0,
        "var": 37.1919898987
    },
    "spectral_decrease": {
        "dmean": 2.466234994e-09,
        "dmean2": 3.98358901421e-09,
        "dvar": 2.85201585081e-17,
        "dvar2": 6.96602079579e-17,
        "max": -1.1815057396e-12,
        "mean": -4.81862993951e-09,
        "median": -2.74249689625e-09,
        "min": -8.596466472e-08,
        "var": 4.88421001868e-17
    },
    "spectral_energy": {
        "dmean": 0.00994169618934,
        "dmean2": 0.0160974990577,
        "dvar": 0.000456454989035,
        "dvar2": 0.00112590333447,
        "max": 0.330560266972,
        "mean": 0.0191842094064,
        "median": 0.0109267933294,
        "min": 6.57486771161e-06,
        "var": 0.000767561956309
    },
    "spectral_energyband_high": {
        "dmean": 0.0008598123095,
        "dmean2": 0.00156760611571,
        "dvar": 1.36465605465e-05,
        "dvar2": 3.87217551179e-05,
        "max": 0.0491121597588,
        "mean": 0.000628660200164,
        "median": 9.95925656753e-05,
        "min": 1.29132104121e-06,
        "var": 8.74202487466e-06
    },
    "spectral_energyband_low": {
        "dmean": 0.00407843384892,
        "dmean2": 0.0068575181067,
        "dvar": 0.000147216502228,
        "dvar2": 0.000399626820581,
        "max": 0.1893658638,
        "mean": 0.0058679683134,
        "median": 0.00253091403283,
        "min": 8.14182158138e-07,
        "var": 0.00015296334459
    },
    "spectral_energyband_middle_high": {
        "dmean": 0.000849327188917,
        "dmean2": 0.00149906845763,
        "dvar": 1.95428820007e-05,
        "dvar2": 5.519939441e-05,
        "max": 0.0914006903768,
        "mean": 0.000777353940066,
        "median": 0.000231141108088,
        "min": 1.75289676463e-06,
        "var": 1.28482943182e-05
    },
    "spectral_energyband_middle_low": {
        "dmean": 0.00778593728319,
        "dmean2": 0.0125760603696,
        "dvar": 0.000244254042627,
        "dvar2": 0.000573631550651,
        "max": 0.242173358798,
        "mean": 0.0140202781186,
        "median": 0.00767591223121,
        "min": 2.79407663584e-06,
        "var": 0.000432326720329
    },
    "spectral_entropy": {
        "dmean": 0.473252147436,
        "dmean2": 0.800472617149,
        "dvar": 0.153294369578,
        "dvar2": 0.412123054266,
        "max": 8.63602542877,
        "mean": 7.2594537735,
        "median": 7.33497953415,
        "min": 5.22244024277,
        "var": 0.424334764481
    },
    "spectral_flux": {
        "dmean": 0.0226383507252,
        "dmean2": 0.0366458185017,
        "dvar": 0.00087788811652,
        "dvar2": 0.00203828630038,
        "max": 0.403550773859,
        "mean": 0.075778529048,
        "median": 0.063638240099,
        "min": 0.015555890277,
        "var": 0.00230140239
    },
    "spectral_kurtosis": {
        "dmean": 3.49380636215,
        "dmean2": 5.86794090271,
        "dvar": 13.9409923553,
        "dvar2": 39.5611953735,
        "max": 33.0444259644,
        "mean": 6.52537298203,
        "median": 5.01574516296,
        "min": -0.17600440979,
        "var": 24.6423206329
    },
    "spectral_rms": {
        "dmean": 0.000916764722206,
        "dmean2": 0.00146674842108,
        "dvar": 1.24159180359e-06,
        "dvar2": 2.92811591862e-06,
        "max": 0.0179582238197,
        "mean": 0.00376762310043,
        "median": 0.0032650094945,
        "min": 8.00906054792e-05,
        "var": 4.52130279882e-06
    },
    "spectral_rolloff": {
        "dmean": 658.267211914,
        "dmean2": 1192.79846191,
        "dvar": 2404309.75,
        "dvar2": 6481351,
        "max": 10357.4707031,
        "mean": 830.686035156,
        "median": 366.064453125,
        "min": 150.732421875,
        "var": 2091125
    },
    "spectral_skewness": {
        "dmean": 0.533897221088,
        "dmean2": 0.882863581181,
        "dvar": 0.239351049066,
        "dvar2": 0.66435444355,
        "max": 4.87268209457,
        "mean": 1.96833443642,
        "median": 1.83017599583,
        "min": 0.412835329771,
        "var": 0.570740818977
    },
    "spectral_spread": {
        "dmean": 1066175,
        "dmean2": 1856426.875,
        "dvar": 937515614208,
        "dvar2": 2.67558138675e+12,
        "max": 10333299,
        "mean": 5521190,
        "median": 5495725.5,
        "min": 2348793.5,
        "var": 1.50419105382e+12
    },
    "spectral_strongpeak": {
        "dmean": 0.327888816595,
        "dmean2": 0.553117930889,
        "dvar": 0.144331097603,
        "dvar2": 0.38438013196,
        "max": 4.45147132874,
        "mean": 0.518509089947,
        "median": 0.364762663841,
        "min": 0,
        "var": 0.224000319839
    },
    "zerocrossingrate": {
        "dmean": 0.0123381782323,
        "dmean2": 0.0168911200017,
        "dvar": 0.000121546647279,
        "dvar2": 0.000198255700525,
        "max": 0.20849609375,
        "mean": 0.05568812415,
        "median": 0.05029296875,
        "min": 0.00732421875,
        "var": 0.000853777921293
    },
    "barkbands": {
        "dmean": [0.000194619991817, 0.000509511854034, 0.00233684713021, 0.0027852661442, 0.00187260343228, 0.00495498161763, 0.000395428389311, 0.000128732528538, 0.000102810314274, 5.00409696542e-05, 3.18286474794e-05, 4.51827982033e-05, 6.28273191978e-05, 8.5736195615e-05, 4.12286863138e-05, 7.18838564353e-05, 8.58389030327e-05, 0.000155631831149, 0.00017949505127, 0.00023804907687, 0.000177220368641, 9.97842726065e-05, 0.000139423864312, 0.000194512336748, 0.000118244162877, 2.059716644e-05, 4.21515551352e-06],
        "dmean2": [0.000346278538927, 0.000821507710498, 0.00387263903394, 0.00463037611917, 0.0030757333152, 0.00825427938253, 0.000674002745654, 0.000220039117266, 0.000170410436112, 8.27192052384e-05, 5.46666342416e-05, 7.75174048613e-05, 0.000111244735308, 0.00015362839622, 7.04932390363e-05, 0.000124946498545, 0.000153857807163, 0.000290024239803, 0.000324418331729, 0.000429909385275, 0.000316925783409, 0.000178333211807, 0.000259702414041, 0.000367636763258, 0.000222517337534, 3.90926506952e-05, 7.59136446504e-06],
        "dvar": [7.23081896581e-08, 9.85343831417e-07, 4.22171870014e-05, 6.90705273882e-05, 1.33229241328e-05, 8.51190634421e-05, 9.99163944471e-07, 9.14262656693e-08, 4.01347577395e-08, 1.36541000728e-08, 6.17117690282e-09, 4.53909443365e-08, 1.13320709261e-07, 2.5822660632e-07, 1.49317802567e-08, 1.61935446386e-07, 3.16932300848e-07, 1.48816286583e-06, 8.77948707512e-07, 2.21667050937e-06, 9.19493459151e-07, 2.19682320335e-07, 3.02484750137e-07, 7.96043366336e-07, 4.0694595782e-07, 1.91333917599e-08, 1.29842539498e-10],
        "dvar2": [2.2080352835e-07, 2.733045676e-06, 0.00011837654165, 0.000184210017323, 3.21402076224e-05, 0.00021518052381, 2.54769429375e-06, 2.27884584092e-07, 1.00463530828e-07, 3.34800311919e-08, 1.57942920964e-08, 1.11225617161e-07, 3.1482278473e-07, 7.45108252431e-07, 3.80646447695e-08, 4.55401362842e-07, 9.13458507057e-07, 4.39516679762e-06, 2.49420304499e-06, 6.14044665781e-06, 2.58961040345e-06, 6.25241455054e-07, 8.7411712002e-07, 2.30485329666e-06, 1.19277171962e-06, 5.67717677313e-08, 3.80716597137e-10],
        "max": [0.00230731442571, 0.0170235484838, 0.0856491923332, 0.12894153595, 0.0729589611292, 0.119726888835, 0.0157938450575, 0.0045791505836, 0.00352459494025, 0.00182981044054, 0.00182222388685, 0.00582314142957, 0.00649154093117, 0.0121287973598, 0.00190471368842, 0.0103106880561, 0.0115827610716, 0.027569917962, 0.0145086543635, 0.0272308029234, 0.0161627195776, 0.00733656389639, 0.00735776359215, 0.0135078122839, 0.0118262022734, 0.00287063792348, 0.000213065359276],
        "mean": [0.000186961173313, 0.000692268018611, 0.00288008386269, 0.00343400868587, 0.0028664318379, 0.00687098409981, 0.000505722651724, 0.0001698496053, 0.000139209310873, 5.95456149313e-05, 3.68596301996e-05, 5.03421288158e-05, 5.94113153056e-05, 7.05736601958e-05, 4.27572449553e-05, 6.54895266052e-05, 7.28712111595e-05, 0.000112022651592, 0.000136477159685, 0.000179930648301, 0.000139369323733, 7.63415227993e-05, 9.20316088013e-05, 0.000121955599752, 7.48121601646e-05, 1.44944560816e-05, 2.1440879209e-05],
        "median": [8.81506930455e-05, 0.000297003018204, 0.00104215857573, 0.0013287907932, 0.00151525961701, 0.00311456853524, 0.000212217826629, 7.36054571462e-05, 6.64183316985e-05, 2.52582358371e-05, 1.62669712154e-05, 2.0059354938e-05, 1.80542592716e-05, 1.58644397743e-05, 1.44183049997e-05, 1.65877499967e-05, 1.47763639688e-05, 1.54352019308e-05, 2.09881691262e-05, 2.0957826564e-05, 1.63810545928e-05, 1.14129798021e-05, 1.03968650365e-05, 1.23028476082e-05, 8.2129281509e-06, 3.0895009786e-06, 2.04479692911e-05],
        "min": [1.29293615814e-08, 1.25829188846e-07, 4.39163045485e-07, 4.28461987667e-07, 3.89083453456e-07, 1.19321953207e-06, 3.37471050216e-07, 6.73997675449e-08, 1.97516612843e-07, 4.36403325921e-07, 2.25276380661e-07, 3.11771714223e-07, 1.04173778936e-07, 7.27246884935e-08, 5.51665770843e-08, 8.16429164274e-08, 1.04087042985e-07, 7.75814470444e-08, 2.95686788832e-07, 1.97732560991e-07, 1.59149607271e-07, 1.59514442544e-07, 1.66222349662e-07, 1.17978544267e-07, 8.79581278923e-08, 5.24806189617e-08, 5.02304999372e-07],
        "var": [7.24936128904e-08, 1.23031952626e-06, 4.20857759309e-05, 6.54637260595e-05, 2.12325849134e-05, 0.000129951833514, 1.07758819468e-06, 1.16149358576e-07, 5.95687055238e-08, 1.53181005658e-08, 7.08379310765e-09, 4.13228455898e-08, 7.67588943518e-08, 1.58900292035e-07, 1.44787071221e-08, 1.08087597539e-07, 1.96410780973e-07, 8.14956877093e-07, 5.55730991891e-07, 1.53960297666e-06, 6.23861183158e-07, 1.39378315112e-07, 1.77862176542e-07, 4.49742003639e-07, 2.27188522217e-07, 1.02300994342e-08, 7.70975644437e-11]
    },
    "erbbands": {
        "dmean": [0.00540355127305, 0.155616551638, 1.70803582668, 7.44011974335, 6.70868062973, 6.10973739624, 31.7389240265, 36.5150566101, 10.8897533417, 3.95403146744, 2.17915964127, 2.22166919708, 2.3554956913, 1.02430415154, 1.46536505222, 1.79983317852, 2.6750702858, 4.62188005447, 2.8218626976, 2.80519986153, 3.70912408829, 5.10646724701, 6.54354906082, 12.7090244293, 7.90428495407, 11.5855455399, 8.52871799469, 5.7220916748, 3.90493035316, 2.52176880836, 4.29431772232, 3.72249650955, 3.58631420135, 1.67614841461, 0.670595049858, 0.174482524395, 0.0202910397202, 0.00377985159867, 0.000636594835669, 6.92996618454e-05],
        "dmean2": [0.00899660773575, 0.252692997456, 2.86397480965, 12.4364919662, 11.325138092, 10.1120595932, 53.5468215942, 62.1224441528, 18.3406867981, 6.8056936264, 3.66584396362, 3.77140283585, 3.86705732346, 1.74291920662, 2.46565008163, 3.11027860641, 4.75767183304, 8.29326629639, 4.80690145493, 4.98002910614, 6.43759727478, 9.09836006165, 11.9902448654, 23.5976390839, 14.2386045456, 21.0206737518, 15.0398273468, 10.1794261932, 6.98939180374, 4.5022983551, 8.03589725494, 6.99522447586, 6.82531547546, 3.17106151581, 1.26134455204, 0.331208795309, 0.0382436737418, 0.00706767942756, 0.00114206306171, 0.000120744130982],
        "dvar": [0.000102204190625, 0.085656799376, 20.9692382812, 543.610351562, 207.421829224, 220.003845215, 3778.99389648, 4610.58642578, 660.915100098, 86.9068756104, 19.8626422882, 19.5752010345, 30.3726730347, 4.34298849106, 22.1492767334, 74.9999160767, 212.161560059, 859.927001953, 88.1788253784, 243.65397644, 343.865386963, 1047.35266113, 1878.17456055, 8208.29980469, 1286.26013184, 5825.86962891, 2634.01196289, 770.543273926, 376.69241333, 76.7932739258, 281.225097656, 238.890975952, 368.705108643, 87.3405761719, 13.2076063156, 0.966845691204, 0.033625356853, 0.000361738610081, 3.42284511134e-06, 1.18053886666e-08],
        "dvar2": [0.000297958176816, 0.236715555191, 58.7984771729, 1450.93920898, 514.800109863, 551.60760498, 9468.09667969, 12133.0224609, 1773.22290039, 228.968719482, 50.0907821655, 50.6068077087, 74.4379425049, 11.0485839844, 52.8945465088, 194.182861328, 591.784729004, 2471.62426758, 231.465576172, 686.359924316, 956.534667969, 2978.91870117, 5499.59667969, 24112.8183594, 3514.65136719, 16338.9707031, 7333.92724609, 2159.45263672, 1075.51049805, 213.02583313, 814.378601074, 689.112792969, 1078.5390625, 256.405578613, 38.771446228, 2.85685229301, 0.0998557135463, 0.00106816308107, 1.01127361631e-05, 3.33134018149e-08],
        "max": [0.173008337617, 4.67158317566, 61.5382156372, 372.279968262, 207.538879395, 303.07699585, 805.610473633, 833.055786133, 370.994720459, 153.446777344, 61.9182662964, 74.4808044434, 76.8519821167, 28.7074642181, 142.625213623, 217.216323853, 289.018096924, 678.031433105, 170.854904175, 401.972839355, 465.634124756, 609.884216309, 898.740539551, 1874.98730469, 487.947784424, 1532.83178711, 968.715026855, 465.223999023, 305.353271484, 100.333503723, 203.961212158, 203.455108643, 317.287963867, 155.33114624, 74.1482772827, 16.6239833832, 4.63391113281, 0.357784748077, 0.0375057905912, 0.00242260168307],
        "mean": [0.00823748949915, 0.226808056235, 2.27964615822, 9.57053661346, 9.48558330536, 8.81572055817, 39.2148208618, 50.5012245178, 14.1339731216, 5.45763444901, 3.37816739082, 3.02835655212, 2.86086916924, 1.34584987164, 1.76214885712, 1.99642467499, 2.58215355873, 3.82225346565, 2.8188188076, 2.58453059196, 3.4716656208, 4.39207077026, 5.11736631393, 8.66210079193, 6.44202280045, 8.57615089417, 6.77641010284, 4.4943857193, 2.9859161377, 1.9109262228, 2.79149603844, 2.38586378098, 2.19189739227, 1.05110263824, 0.424463450909, 0.112044245005, 0.0160759463906, 0.00584240024909, 0.00242843735032, 0.000426974700531],
        "median": [0.0050979712978, 0.103063933551, 0.900223612785, 3.51525306702, 4.47208070755, 4.33305311203, 17.1922645569, 22.5546131134, 5.93468999863, 2.4747633934, 1.60364055634, 1.44646346569, 1.22061216831, 0.641854941845, 0.771848618984, 0.793878436089, 0.804258644581, 0.882737994194, 0.882380187511, 0.720213532448, 0.906843900681, 0.849024713039, 0.840394854546, 1.07809889317, 1.01163899899, 0.962837338448, 0.767775535583, 0.603528439999, 0.432192921638, 0.29722571373, 0.313169330359, 0.262110561132, 0.195362508297, 0.102484889328, 0.0506304875016, 0.0161068253219, 0.0049427933991, 0.00406002812088, 0.0022574882023, 0.000416450842749],
        "min": [1.3628493889e-06, 4.20276555815e-05, 0.000391369569115, 0.00114184815902, 0.00135830463842, 0.00120959035121, 0.00459207687527, 0.0110209528357, 0.00588107295334, 0.00319522572681, 0.0025433015544, 0.0039848126471, 0.0136633450165, 0.00690739415586, 0.0150169478729, 0.0098841805011, 0.00472904089838, 0.00451128603891, 0.00255919923075, 0.00292501109652, 0.00623490288854, 0.00531359901652, 0.00473468983546, 0.0102736297995, 0.0127482386306, 0.00973423104733, 0.0101586692035, 0.00398593023419, 0.00381215289235, 0.00739016663283, 0.00411893753335, 0.00226915231906, 0.00223787827417, 0.00115259608719, 0.000612333940808, 0.000283138972009, 8.22872607387e-05, 7.77208842919e-05, 5.56915983907e-05, 9.53523158387e-06],
        "var": [0.000111016066512, 0.12352322787, 22.1221294403, 525.768127441, 276.54309082, 262.994720459, 4973.69287109, 6866.8671875, 737.654968262, 100.557487488, 34.2293243408, 28.1930561066, 35.8544616699, 5.30358600616, 26.4777450562, 61.4115982056, 142.825393677, 526.405944824, 79.5622253418, 159.96194458, 242.533599854, 681.34753418, 1097.63305664, 4531.45654297, 928.830078125, 3964.0793457, 1819.6776123, 524.780822754, 237.329208374, 53.6371955872, 163.427383423, 138.278594971, 201.267669678, 47.9215049744, 7.38422727585, 0.524920284748, 0.0178027525544, 0.000196491950192, 1.97220288101e-06, 9.94021398526e-09]
    },
    "gfcc": {
        "mean": [-45.3885536194, 76.6204223633, -58.2279434204, 27.0410289764, -53.6131134033, -16.7614593506, -42.2548332214, -13.8769426346, -23.8206157684, -6.95447778702, -6.90675926208, -7.01526021957, -6.29021835327],
        "cov": [[2779.25415039, -582.51171875, -752.197814941, 549.186218262, -330.059936523, 313.151977539, -260.375854492, 173.415084839, -163.401763916, 48.2148284912, -40.7839012146, -41.4189300537, -9.09077262878], [-582.51171875, 885.8125, 473.821838379, -283.252410889, 59.0015716553, -241.022186279, 112.504318237, -118.347793579, 56.3052864075, -34.502532959, -13.2411727905, -7.53206348419, -29.8253364563], [-752.197814941, 473.821838379, 545.466003418, -165.884597778, 41.215007782, -150.350418091, 52.5223426819, -54.6888580322, 47.9945449829, -12.2938947678, 6.08834791183, 8.40642261505, -18.3504962921], [549.186218262, -283.252410889, -165.884597778, 270.265563965, -30.2023487091, 90.2688293457, -55.3054771423, 37.9544219971, -39.876121521, 9.75975894928, -4.64856290817, -10.2827768326, -3.48808240891], [-330.059936523, 59.0015716553, 41.215007782, -30.2023487091, 169.149856567, 14.9464235306, 49.3792953491, -26.9701137543, 6.27006626129, -12.1120605469, -12.8863687515, -2.41971230507, -11.8444061279], [313.151977539, -241.022186279, -150.350418091, 90.2688293457, 14.9464235306, 168.726104736, -19.705619812, 44.4875679016, -27.4651260376, 1.59457945824, -9.49734401703, -11.6378183365, -4.78784132004], [-260.375854492, 112.504318237, 52.5223426819, -55.3054771423, 49.3792953491, -19.705619812, 105.281181335, -12.722278595, 16.6666564941, -10.1664552689, -6.75452136993, 0.559619188309, -3.90670537949], [173.415084839, -118.347793579, -54.6888580322, 37.9544219971, -26.9701137543, 44.4875679016, -12.722278595, 86.0185623169, 6.34690284729, 8.44359016418, 4.25436830521, 0.977453947067, 10.3165073395], [-163.401763916, 56.3052864075, 47.9945449829, -39.876121521, 6.27006626129, -27.4651260376, 16.6666564941, 6.34690284729, 61.5106773376, 14.9162378311, 8.61257743835, 9.55735588074, 7.02810192108], [48.2148284912, -34.502532959, -12.2938947678, 9.75975894928, -12.1120605469, 1.59457945824, -10.1664552689, 8.44359016418, 14.9162378311, 53.1118583679, 21.2106227875, 10.8057422638, 10.8655128479], [-40.7839012146, -13.2411727905, 6.08834791183, -4.64856290817, -12.8863687515, -9.49734401703, -6.75452136993, 4.25436830521, 8.61257743835, 21.2106227875, 49.4478263855, 20.8399143219, 10.8425626755], [-41.4189300537, -7.53206348419, 8.40642261505, -10.2827768326, -2.41971230507, -11.6378183365, 0.559619188309, 0.977453947067, 9.55735588074, 10.8057422638, 20.8399143219, 47.5260772705, 20.6025695801], [-9.09077262878, -29.8253364563, -18.3504962921, -3.48808240891, -11.8444061279, -4.78784132004, -3.90670537949, 10.3165073395, 7.02810192108, 10.8655128479, 10.8425626755, 20.6025695801, 41.5344848633]],
        "icov": [[0.00759486714378, -0.0103340577334, 0.00995578151196, -0.0107623906806, 0.010490254499, -0.00983007065952, 0.00973461661488, -0.00933329854161, 0.00920443702489, -0.00874026305974, 0.00802280660719, -0.00626788055524, 0.0045722881332], [-0.0103340577334, 0.0177284888923, -0.0152843138203, 0.0160969030112, -0.0141902593896, 0.0157464817166, -0.0147645995021, 0.0143833691254, -0.0127764111385, 0.0124060474336, -0.0102697042748, 0.00953132007271, -0.00525559391826], [0.00995578151196, -0.0152843138203, 0.016714848578, -0.0139401033521, 0.0132084460929, -0.0120783457533, 0.0133511591703, -0.0129349725321, 0.0112744411454, -0.0113165806979, 0.00994252506644, -0.00907939206809, 0.00722161727026], [-0.0107623906806, 0.0160969030112, -0.0139401033521, 0.0213856436312, -0.0146394008771, 0.013528784737, -0.0127600505948, 0.0127969514579, -0.0110320877284, 0.0113479215652, -0.0106172561646, 0.0092012565583, -0.00504795927554], [0.010490254499, -0.0141902593896, 0.0132084460929, -0.0146394008771, 0.0223527159542, -0.0160170998424, 0.0102774873376, -0.0101007437333, 0.0116228088737, -0.0115395206958, 0.0122178802267, -0.0095502641052, 0.00731583824381], [-0.00983007065952, 0.0157464817166, -0.0120783457533, 0.013528784737, -0.0160170998424, 0.0247070807964, -0.0130896307528, 0.00850021559745, -0.00934902112931, 0.010754108429, -0.00916518270969, 0.00917574577034, -0.00349673721939], [0.00973461661488, -0.0147645995021, 0.0133511591703, -0.0127600505948, 0.0102774873376, -0.0130896307528, 0.0256319046021, -0.0129288844764, 0.00972223747522, -0.00979890022427, 0.0109271286055, -0.00872704852372, 0.00579441292211], [-0.00933329854161, 0.0143833691254, -0.0129349725321, 0.0127969514579, -0.0101007437333, 0.00850021559745, -0.0129288844764, 0.0283904541284, -0.0159386396408, 0.0114446254447, -0.0103905275464, 0.00927125010639, -0.00870622787625], [0.00920443702489, -0.0127764111385, 0.0112744411454, -0.0110320877284, 0.0116228088737, -0.00934902112931, 0.00972223747522, -0.0159386396408, 0.033778630197, -0.0172920133919, 0.0100448345765, -0.00919397827238, 0.0047511565499], [-0.00874026305974, 0.0124060474336, -0.0113165806979, 0.0113479215652, -0.0115395206958, 0.010754108429, -0.00979890022427, 0.0114446254447, -0.0172920133919, 0.0358369760215, -0.0185064915568, 0.00779669778422, -0.00835196767002], [0.00802280660719, -0.0102697042748, 0.00994252506644, -0.0106172561646, 0.0122178802267, -0.00916518270969, 0.0109271286055, -0.0103905275464, 0.0100448345765, -0.0185064915568, 0.0378248170018, -0.017079949379, 0.00565859721974], [-0.00626788055524, 0.00953132007271, -0.00907939206809, 0.0092012565583, -0.0095502641052, 0.00917574577034, -0.00872704852372, 0.00927125010639, -0.00919397827238, 0.00779669778422, -0.017079949379, 0.0373379476368, -0.0171017870307], [0.0045722881332, -0.00525559391826, 0.00722161727026, -0.00504795927554, 0.00731583824381, -0.00349673721939, 0.00579441292211, -0.00870622787625, 0.0047511565499, -0.00835196767002, 0.00565859721974, -0.0171017870307, 0.0368473827839]]
    },
    "melbands": {
        "dmean": [9.58493474172e-05, 0.000669180706609, 0.00117431161925, 0.000412572146161, 0.000866751302965, 0.000829842465464, 0.000149967294419, 3.89283086406e-05, 1.67493526533e-05, 1.40667261803e-05, 1.15307020678e-05, 3.99394457418e-06, 4.48095943284e-06, 5.31864134246e-06, 4.54784139947e-06, 7.66666926211e-06, 8.49472144182e-06, 4.78460515296e-06, 3.00019360111e-06, 4.86322687721e-06, 4.22276571044e-06, 5.03201090396e-06, 5.50829372514e-06, 7.27063888917e-06, 1.12224079203e-05, 5.04991385242e-06, 7.36601123208e-06, 7.68470272305e-06, 5.33205593456e-06, 4.41324482381e-06, 3.02840521726e-06, 2.45124647336e-06, 1.46655054323e-06, 1.36154210395e-06, 2.37343283516e-06, 2.85591613647e-06, 2.00937870432e-06, 2.68513235824e-06, 1.83634074347e-06, 1.3817719946e-06],
        "dmean2": [0.000156770620379, 0.00111955590546, 0.00195485493168, 0.000684305327013, 0.00145888153929, 0.00140501512215, 0.000254643033259, 6.73463800922e-05, 2.81492630165e-05, 2.36995329033e-05, 1.89761867659e-05, 6.86147768647e-06, 7.59719341659e-06, 9.17733268579e-06, 8.08803542895e-06, 1.35964692163e-05, 1.52986449393e-05, 8.24609560368e-06, 5.18184697285e-06, 8.58673865878e-06, 7.42396332498e-06, 8.96112942428e-06, 9.99478834274e-06, 1.35732843773e-05, 2.09386362258e-05, 9.14068459679e-06, 1.34927595354e-05, 1.39674175443e-05, 9.48918568611e-06, 8.01307942311e-06, 5.37670348422e-06, 4.44912438979e-06, 2.60268666352e-06, 2.45086198447e-06, 4.41747351942e-06, 5.42856241736e-06, 3.74094133804e-06, 5.10738482262e-06, 3.4811664591e-06, 2.61510058408e-06],
        "dvar": [3.40890302652e-08, 2.89159743261e-06, 1.19968790386e-05, 7.93825108758e-07, 2.798426749e-06, 2.37854442275e-06, 1.27425124674e-07, 8.75472672135e-09, 1.06500308572e-09, 7.9555029231e-10, 7.37417515939e-10, 6.71219191339e-11, 1.7474569014e-10, 4.43246439552e-10, 5.804137726e-10, 1.91007298866e-09, 3.10330672271e-09, 2.61933891244e-10, 9.22854709318e-11, 9.62553814432e-10, 4.39102809668e-10, 9.72707470126e-10, 1.40186606767e-09, 2.83587131555e-09, 6.6330367865e-09, 4.52038878551e-10, 1.67552882679e-09, 3.25051341399e-09, 1.1816476686e-09, 6.32956798086e-10, 1.92512769615e-10, 1.78628084546e-10, 4.37692035393e-11, 2.13664190507e-11, 7.94326202036e-11, 1.89465027001e-10, 6.29222646209e-11, 2.38502828598e-10, 6.80359033001e-11, 8.97833613012e-11],
        "dvar2": [9.68841433746e-08, 8.11823247204e-06, 3.16351397487e-05, 1.86701061011e-06, 6.99556403561e-06, 6.1290679696e-06, 3.44033537658e-07, 2.301624491e-08, 2.70966138416e-09, 1.99934779843e-09, 1.81478043704e-09, 1.74431302735e-10, 4.3401313099e-10, 9.96517646179e-10, 1.66956626302e-09, 5.3053601512e-09, 8.96317065013e-09, 6.99944491256e-10, 2.40388042805e-10, 2.74559908142e-09, 1.2377107117e-09, 2.74845080028e-09, 4.10929779093e-09, 8.35281177558e-09, 1.95023517335e-08, 1.22732668473e-09, 4.70441463563e-09, 9.14222830772e-09, 3.22409632325e-09, 1.80266479521e-09, 5.37938527057e-10, 5.14152054265e-10, 1.23590401802e-10, 5.88626716813e-11, 2.2875031036e-10, 5.55180901252e-10, 1.79567513636e-10, 6.99030777707e-10, 1.98397284712e-10, 2.6418484067e-10],
        "max": [0.00322304945439, 0.0224003512412, 0.0543601065874, 0.0181750766933, 0.0218447912484, 0.0201150327921, 0.0053005903028, 0.00150181306526, 0.000511707738042, 0.000507410382852, 0.000371589208953, 0.000114067275717, 0.000374235969502, 0.000553832156584, 0.000524155446328, 0.000793693645392, 0.00134149426594, 0.000274398684269, 0.000188916601473, 0.000803735340014, 0.000523067545146, 0.000567012408283, 0.000763792952057, 0.00117581349332, 0.0016724022571, 0.000305292283883, 0.000675014569424, 0.00130568770692, 0.000679441611283, 0.000420225638663, 0.000223529466894, 0.000218613189645, 9.43487175391e-05, 6.80686935084e-05, 0.000101469660876, 0.000224632618483, 0.000129297070089, 0.00022962395451, 0.000130322470795, 0.000168428756297],
        "mean": [0.000138752438943, 0.00092457595747, 0.00162763160188, 0.000597586564254, 0.00113507802598, 0.00116718385834, 0.000189483849681, 5.1976821851e-05, 2.59252865362e-05, 1.88309077203e-05, 1.37129400173e-05, 5.05994921696e-06, 5.28948885403e-06, 6.11387349636e-06, 4.60352430309e-06, 6.85478471496e-06, 6.90267506798e-06, 4.63418609797e-06, 2.98100007967e-06, 4.28997782365e-06, 3.87114687328e-06, 4.35996662418e-06, 4.51352980235e-06, 5.18901060786e-06, 7.49171886127e-06, 4.17376713813e-06, 5.64450010643e-06, 5.60901617064e-06, 4.37921744378e-06, 3.35936601914e-06, 2.37715289586e-06, 1.84585542229e-06, 1.13976534521e-06, 1.01913940398e-06, 1.55629561505e-06, 1.77361698661e-06, 1.30986484237e-06, 1.63103140949e-06, 1.13513101496e-06, 8.58787018387e-07],
        "median": [7.56010267651e-05, 0.000382197613362, 0.000667465676088, 0.00029431207804, 0.000522724410985, 0.000537672196515, 7.82935458119e-05, 2.35122461163e-05, 1.22886121972e-05, 8.88697104529e-06, 5.74194382352e-06, 2.36376490648e-06, 2.32928482546e-06, 2.5309798275e-06, 1.70212035755e-06, 1.79716619186e-06, 1.51123401793e-06, 1.43174679579e-06, 9.74456725089e-07, 1.05089702629e-06, 9.91399019767e-07, 8.90559931577e-07, 7.10407618953e-07, 7.36552919989e-07, 8.72670057106e-07, 7.40459256576e-07, 6.56927227283e-07, 6.02161662755e-07, 4.91979051276e-07, 4.00424454483e-07, 3.15732137324e-07, 2.49466324931e-07, 1.72964902845e-07, 1.53552861093e-07, 1.79434252345e-07, 1.69860072674e-07, 1.47170368336e-07, 1.36308116794e-07, 1.04601369344e-07, 7.58305560566e-08],
        "min": [2.34970372048e-08, 1.56238627369e-07, 2.05769438821e-07, 8.9564402117e-08, 1.3640715224e-07, 2.38862838842e-07, 8.71919709766e-08, 2.73709606091e-08, 2.42899176328e-08, 2.54771368446e-08, 7.06945471052e-08, 2.926264564e-08, 4.12504803649e-08, 4.19723491518e-08, 1.5327664471e-08, 8.82497896981e-09, 8.19804935048e-09, 3.69355013241e-09, 4.44525749543e-09, 3.73660657971e-09, 8.92865603674e-09, 6.07493122473e-09, 5.09180608788e-09, 2.58596632996e-09, 8.63979021659e-09, 1.26687078605e-08, 5.31328625542e-09, 6.93675872299e-09, 7.8891497779e-09, 2.43968356628e-09, 2.30926233691e-09, 1.62300584083e-09, 4.03257383041e-09, 4.11197165207e-09, 2.33288166562e-09, 1.8730013096e-09, 1.07641573432e-09, 1.59813640099e-09, 1.01074471015e-09, 1.03659492101e-09],
        "var": [3.88861280953e-08, 3.25040900861e-06, 1.24037960632e-05, 1.10180280899e-06, 3.89597335015e-06, 3.65586447515e-06, 1.38166370789e-07, 9.76956560095e-09, 1.93169769069e-09, 1.13203801888e-09, 8.52471648827e-10, 7.71004163291e-11, 1.99874047868e-10, 4.84825846137e-10, 3.63931523806e-10, 1.27765309443e-09, 1.87497573023e-09, 2.28386101697e-10, 8.12855546761e-11, 6.07555450394e-10, 2.97020297246e-10, 6.40974551214e-10, 8.48317471824e-10, 1.55876822561e-09, 3.64008867493e-09, 3.37001065942e-10, 1.09091635725e-09, 2.21082707696e-09, 8.49099568434e-10, 4.09199563123e-10, 1.31754274157e-10, 1.08620425154e-10, 2.8202509772e-11, 1.5252396568e-11, 4.71918303047e-11, 1.04031117054e-10, 3.77070007163e-11, 1.29246613412e-10, 3.80248332821e-11, 4.85927964533e-11]
    },
    "mfcc": {
        "mean": [-710.254577637, 122.852233887, 39.8943939209, 38.565776825, 8.39679050446, -2.02209997177, -6.16492033005, -11.9934988022, -13.1499595642, -6.70727491379, -8.71559047699, -2.88560557365, -4.92024040222],
        "cov": [[3750.4375, -1318.39758301, -428.591094971, 7.67257452011, 10.8365659714, 19.5490016937, 34.2185173035, 9.08734130859, -40.9486732483, 46.3143310547, -35.3742027283, -19.290687561, -66.9692153931], [-1318.39758301, 1251.78381348, 332.178375244, 23.5414409637, -89.3423233032, -50.1881942749, -61.9633102417, -38.8006324768, 0.761699974537, -35.9883842468, 5.7511920929, -10.3031158447, 26.4245872498], [-428.591094971, 332.178375244, 343.412536621, 41.7348060608, -25.3050346375, -53.8402938843, -44.4143066406, -20.8018779755, -20.3112678528, -1.03877079487, -5.19331645966, 3.78991603851, 21.9939556122], [7.67257452011, 23.5414409637, 41.7348060608, 140.921844482, 4.11569786072, 4.36020374298, -5.33044052124, -10.5022287369, -6.2993555069, -10.1860761642, -2.69672679901, -0.708580851555, 1.30267965794], [10.8365659714, -89.3423233032, -25.3050346375, 4.11569786072, 113.707473755, 31.5902881622, 17.414276123, 12.1618928909, 2.76650428772, 4.39362239838, -0.426746368408, 0.162927359343, -1.44151329994], [19.5490016937, -50.1881942749, -53.8402938843, 4.36020374298, 31.5902881622, 103.450042725, 32.6871528625, 12.0353746414, 5.64997053146, -1.16020894051, 1.5601708889, -4.15771389008, -8.43648815155], [34.2185173035, -61.9633102417, -44.4143066406, -5.33044052124, 17.414276123, 32.6871528625, 77.8574295044, 24.5881671906, 8.11292171478, 3.43590950966, 0.0396542884409, 1.11704659462, -9.2698059082], [9.08734130859, -38.8006324768, -20.8018779755, -10.5022287369, 12.1618928909, 12.0353746414, 24.5881671906, 65.3185043335, 20.1077518463, 2.23960876465, -1.1853158474, 2.37664294243, -3.62696909904], [-40.9486732483, 0.761699974537, -20.3112678528, -6.2993555069, 2.76650428772, 5.64997053146, 8.11292171478, 20.1077518463, 56.178062439, 13.3085832596, 0.706325113773, 1.46226227283, -0.214687347412], [46.3143310547, -35.9883842468, -1.03877079487, -10.1860761642, 4.39362239838, -1.16020894051, 3.43590950966, 2.23960876465, 13.3085832596, 49.9911460876, 5.21997117996, 2.97859477997, 1.13840770721], [-35.3742027283, 5.7511920929, -5.19331645966, -2.69672679901, -0.426746368408, 1.5601708889, 0.0396542884409, -1.1853158474, 0.706325113773, 5.21997117996, 41.0716743469, 6.49850463867, 0.909740030766], [-19.290687561, -10.3031158447, 3.78991603851, -0.708580851555, 0.162927359343, -4.15771389008, 1.11704659462, 2.37664294243, 1.46226227283, 2.97859477997, 6.49850463867, 41.3018112183, 13.6393651962], [-66.9692153931, 26.4245872498, 21.9939556122, 1.30267965794, -1.44151329994, -8.43648815155, -9.2698059082, -3.62696909904, -0.214687347412, 1.13840770721, 0.909740030766, 13.6393651962, 45.9772796631]],
