{
"lowlevel": {
    "average_loudness": 0.937751710415,
    "barkbands_crest": {
        "dmean": 2.83778572083,
        "dmean2": 4.88735675812,
        "dvar": 5.10802412033,
        "dvar2": 13.4704751968,
        "max": 25.3754901886,
        "mean": 13.7854099274,
        "median": 13.6855640411,
        "min": 3.83879971504,
        "var": 17.4506549835
    },
    "barkbands_flatness_db": {
        "dmean": 0.0301414467394,
        "dmean2": 0.046994458884,
        "dvar": 0.000780938775279,
        "dvar2": 0.00164892990142,
        "max": 0.560605347157,
        "mean": 0.301955610514,
        "median": 0.302317559719,
        "min": 0.0682839304209,
        "var": 0.0104230493307
    },
    "barkbands_kurtosis": {
        "dmean": 11.4314813614,
        "dmean2": 18.4264431,
        "dvar": 273.000244141,
        "dvar2": 677.881225586,
        "max": 149.182739258,
        "mean": 22.4580383301,
        "median": 12.8238658905,
        "min": -1.50088596344,
        "var": 692.201538086
    },
    "barkbands_skewness": {
        "dmean": 0.945056498051,
        "dmean2": 1.51716458797,
        "dvar": 0.917802214622,
        "dvar2": 2.37405943871,
        "max": 8.26505374908,
        "mean": 2.70297908783,
        "median": 2.2024064064,
        "min": -0.9588996768,
        "var": 3.65359115601
    },
    "barkbands_spread": {
        "dmean": 1.65803945065,
        "dmean2": 2.71957015991,
        "dvar": 13.396944046,
        "dvar2": 30.776807785,
        "max": 46.3814125061,
        "mean": 4.56930923462,
        "median": 2.72767591476,
        "min": 0.236541837454,
        "var": 40.462726593
    },
    "dissonance": {
        "dmean": 0.0441728457808,
        "dmean2": 0.0759652331471,
        "dvar": 0.00186709046829,
        "dvar2": 0.00487332418561,
        "max": 0.495411098003,
        "mean": 0.39547008276,
        "median": 0.418230116367,
        "min": 0.104747079313,
        "var": 0.00608707591891
    },
    "dynamic_complexity": 15.1925430298,
    "erbbands_crest": {
        "dmean": 2.95084619522,
        "dmean2": 5.15909528732,
        "dvar": 6.64403676987,
        "dvar2": 17.1701164246,
        "max": 28.602596283,
        "mean": 13.1230888367,
        "median": 12.4416751862,
        "min": 4.42703437805,
        "var": 21.9571285248
    },
    "erbbands_flatness_db": {
        "dmean": 0.0248613487929,
        "dmean2": 0.0382928103209,
        "dvar": 0.000508091645315,
        "dvar2": 0.00114813237451,
        "max": 0.508781313896,
        "mean": 0.297747820616,
        "median": 0.285386264324,
        "min": 0.124555535614,
        "var": 0.00823998171836
    },
    "erbbands_kurtosis": {
        "dmean": 4.18916702271,
        "dmean2": 6.69858932495,
        "dvar": 37.666267395,
        "dvar2": 86.0930175781,
        "max": 62.518447876,
        "mean": 8.70520401001,
        "median": 3.4034307003,
        "min": -1.43699622154,
        "var": 131.768951416
    },
    "erbbands_skewness": {
        "dmean": 0.56444478035,
        "dmean2": 0.93815600872,
        "dvar": 0.372964292765,
        "dvar2": 0.820259988308,
        "max": 5.83223724365,
        "mean": 1.61420023441,
        "median": 1.25049960613,
        "min": -1.21160566807,
        "var": 2.12800455093
    },
    "erbbands_spread": {
        "dmean": 3.09087443352,
        "dmean2": 4.85751914978,
        "dvar": 23.2255764008,
        "dvar2": 55.1657829285,
        "max": 57.6788215637,
        "mean": 11.2321777344,
        "median": 7.28926420212,
        "min": 1.18646085262,
        "var": 107.887832642
    },
    "hfc": {
        "dmean": 2.0053358078,
        "dmean2": 3.20789837837,
        "dvar": 63.6850318909,
        "dvar2": 147.864318848,
        "max": 96.1782836914,
        "mean": 3.12321543694,
        "median": 0.206986740232,
        "min": 0.000772542320192,
        "var": 88.4494018555
    },
    "melbands_crest": {
        "dmean": 3.63963007927,
        "dmean2": 6.42590332031,
        "dvar": 9.49995517731,
        "dvar2": 25.8387069702,
        "max": 30.1518497467,
        "mean": 17.2567615509,
        "median": 17.408405304,
        "min": 7.7726187706,
        "var": 19.7087097168
    },
    "melbands_flatness_db": {
        "dmean": 0.0334428213537,
        "dmean2": 0.0511337257922,
        "dvar": 0.00114678358659,
        "dvar2": 0.00255561899394,
        "max": 0.685539841652,
        "mean": 0.405347079039,
        "median": 0.403970181942,
        "min": 0.0423806793988,
        "var": 0.0142663633451
    },
    "melbands_kurtosis": {
        "dmean": 6.91855859756,
        "dmean2": 11.5147199631,
        "dvar": 124.848976135,
        "dvar2": 341.916900635,
        "max": 120.162216187,
        "mean": 12.7378902435,
        "median": 7.70238161087,
        "min": -1.22742569447,
        "var": 209.112823486
    },
    "melbands_skewness": {
        "dmean": 0.663156747818,
        "dmean2": 1.0920484066,
        "dvar": 0.48296558857,
        "dvar2": 1.1733725071,
        "max": 6.51821613312,
        "mean": 1.79485583305,
        "median": 1.58750557899,
        "min": -0.623884797096,
        "var": 1.43504905701
    },
    "melbands_spread": {
        "dmean": 2.34352779388,
        "dmean2": 3.90562415123,
        "dvar": 77.1651611328,
        "dvar2": 200.342681885,
        "max": 125.187904358,
        "mean": 5.27581787109,
        "median": 3.16385555267,
        "min": 0.55661290884,
        "var": 93.9044647217
    },
    "pitch_salience": {
        "dmean": 0.0911709368229,
        "dmean2": 0.159482955933,
        "dvar": 0.00529491109774,
        "dvar2": 0.0136753413826,
        "max": 0.847601830959,
        "mean": 0.553138613701,
        "median": 0.557275772095,
        "min": 0.228788241744,
        "var": 0.0126575408503
    },
    "silence_rate_20dB": {
        "dmean": 0,
        "dmean2": 0,
        "dvar": 0,
        "dvar2": 0,
        "max": 1,
        "mean": 1,
        "median": 1,
        "min": 1,
        "var": 0
    },
    "silence_rate_30dB": {
        "dmean": 0.0223048329353,
        "dmean2": 0.0447761192918,
        "dvar": 0.0218073073775,
        "dvar2": 0.0502339117229,
        "max": 1,
        "mean": 0.981481492519,
        "median": 1,
        "min": 0,
        "var": 0.0181755851954
    },
    "silence_rate_60dB": {
        "dmean": 0.0594795532525,
        "dmean2": 0.119402982295,
        "dvar": 0.0559417419136,
        "dvar2": 0.112608745694,
        "max": 1,
        "mean": 0.655555546284,
        "median": 1,
        "min": 0,
        "var": 0.22580191493
    },
    "spectral_centroid": {
        "dmean": 82.4440917969,
        "dmean2": 135.476516724,
        "dvar": 60241.1171875,
        "dvar2": 155449.96875,
        "max": 3531.50170898,
        "mean": 450.546295166,
        "median": 382.289245605,
        "min": 198.982376099,
        "var": 135722.125
    },
    "spectral_complexity": {
        "dmean": 1.00371742249,
        "dmean2": 1.58955228329,
        "dvar": 5.29737615585,
        "dvar2": 11.3389797211,
        "max": 31,
        "mean": 3.81481480598,
        "median": 2,
        "min": 0,
        "var": 23.0915985107
    },
    "spectral_decrease": {
        "dmean": 1.54451840206e-09,
        "dmean2": 2.39414554848e-09,
        "dvar": 3.2313612106e-17,
        "dvar2": 6.75067060988e-17,
        "max": -2.92189720769e-13,
        "mean": -2.46426834494e-09,
        "median": -1.51648749114e-10,
        "min": -6.29467677982e-08,
        "var": 5.15492042513e-17
    },
    "spectral_energy": {
        "dmean": 0.00600366108119,
        "dmean2": 0.00932272896171,
        "dvar": 0.000491141632665,
        "dvar2": 0.00102924474049,
        "max": 0.246298924088,
        "mean": 0.00958398170769,
        "median": 0.000591572548728,
        "min": 1.17286583645e-06,
        "var": 0.000780651229434
    },
    "spectral_energyband_high": {
        "dmean": 5.16962336405e-06,
        "dmean2": 8.948474715e-06,
        "dvar": 4.94718155331e-10,
        "dvar2": 1.35135380663e-09,
        "max": 0.000238839522353,
        "mean": 3.90965988117e-06,
        "median": 4.3766576141e-08,
        "min": 8.3285076613e-09,
        "var": 3.5450156699e-10
    },
    "spectral_energyband_low": {
        "dmean": 0.00145326054189,
        "dmean2": 0.00195302604698,
        "dvar": 3.75663948944e-05,
        "dvar2": 7.76398665039e-05,
        "max": 0.0717087686062,
        "mean": 0.00206193537451,
        "median": 1.16781684483e-05,
        "min": 5.1209934071e-09,
        "var": 6.73681424814e-05
    },
    "spectral_energyband_middle_high": {
        "dmean": 0.000253710983088,
        "dmean2": 0.000416374357883,
        "dvar": 2.11767564906e-06,
        "dvar2": 5.72533281229e-06,
        "max": 0.0192043967545,
        "mean": 0.000336391036399,
        "median": 3.78255322175e-06,
        "min": 2.00625493996e-09,
        "var": 2.14407555177e-06
    },
    "spectral_energyband_middle_low": {
        "dmean": 0.00557178305462,
        "dmean2": 0.00876686815172,
        "dvar": 0.000409223721363,
        "dvar2": 0.000864103552885,
        "max": 0.220472350717,
        "mean": 0.00875200424343,
        "median": 0.00057296018349,
        "min": 1.0046561556e-06,
        "var": 0.000635301868897
    },
    "spectral_entropy": {
        "dmean": 0.265681445599,
        "dmean2": 0.414340943098,
        "dvar": 0.0707954764366,
        "dvar2": 0.161194086075,
        "max": 8.40596961975,
        "mean": 5.99267292023,
        "median": 5.9947385788,
        "min": 4.01136541367,
        "var": 0.735089063644
    },
    "spectral_flux": {
        "dmean": 0.0173796862364,
        "dmean2": 0.0305840969086,
        "dvar": 0.00187321286649,
        "dvar2": 0.00499035883695,
        "max": 0.448621988297,
        "mean": 0.0322921797633,
        "median": 0.0103607056662,
        "min": 0.000239464294282,
        "var": 0.00292083341628
    },
    "spectral_kurtosis": {
        "dmean": 15.2327957153,
        "dmean2": 24.1662845612,
        "dvar": 375.419525146,
        "dvar2": 870.726989746,
        "max": 235.95930481,
        "mean": 55.9003410339,
        "median": 27.3553924561,
        "min": 2.08589029312,
        "var": 3236.62011719
    },
    "spectral_rms": {
        "dmean": 0.000559209729545,
        "dmean2": 0.000847306509968,
        "dvar": 1.93117966774e-06,
        "dvar2": 3.60403487321e-06,
        "max": 0.0155013427138,
        "mean": 0.00175996439066,
        "median": 0.000759646412916,
        "min": 3.38269019267e-05,
        "var": 6.2527483351e-06
    },
    "spectral_rolloff": {
        "dmean": 147.050094604,
        "dmean2": 256.389587402,
        "dvar": 411067.84375,
        "dvar2": 1121051.5,
        "max": 8785.546875,
        "mean": 563.691223145,
        "median": 452.197265625,
        "min": 193.798828125,
        "var": 472456.9375
    },
    "spectral_skewness": {
        "dmean": 0.867053627968,
        "dmean2": 1.37321257591,
        "dvar": 0.764682590961,
        "dvar2": 1.73431563377,
        "max": 13.4979124069,
        "mean": 5.38960409164,
        "median": 4.06519317627,
        "min": 1.03387010098,
        "var": 9.53639698029
    },
    "spectral_spread": {
        "dmean": 628288.75,
        "dmean2": 1032254.1875,
        "dvar": 1.5941164073e+12,
        "dvar2": 3.11486683546e+12,
        "max": 14649142,
        "mean": 2648830.5,
        "median": 2021201,
        "min": 449054.875,
        "var": 3.71412487373e+12
    },
    "spectral_strongpeak": {
        "dmean": 0.153282493353,
        "dmean2": 0.240027040243,
        "dvar": 0.101787477732,
        "dvar2": 0.24024912715,
        "max": 3.77106976509,
        "mean": 0.354023963213,
        "median": 0.146933376789,
        "min": 0,
        "var": 0.283421486616
    },
    "zerocrossingrate": {
        "dmean": 0.00548181915656,
        "dmean2": 0.00711287325248,
        "dvar": 9.3225396995e-05,
        "dvar2": 0.000134473302751,
        "max": 0.181640625,
        "mean": 0.0297037754208,
        "median": 0.0205078125,
        "min": 0.00927734375,
        "var": 0.000553492456675
    },
    "barkbands": {
        "dmean": [3.58881010243e-07, 9.95798700387e-07, 0.000379479490221, 0.00180568499491, 0.00122272840235, 0.00336891785264, 0.000345205364283, 0.000212154685869, 0.00017448431754, 0.000138491828693, 4.27654376836e-05, 5.77709761274e-05, 2.76242953987e-05, 1.53385590238e-05, 1.5824321963e-05, 1.85552235052e-05, 1.16809342217e-05, 7.77607692726e-06, 5.45768671145e-06, 3.09015103994e-06, 1.34407025598e-06, 6.49582091228e-07, 6.77488799283e-07, 9.32457851377e-07, 6.02703892127e-07, 1.55980586669e-07, 2.59432830774e-08],
        "dmean2": [6.70165775318e-07, 1.72250111063e-06, 0.00054151029326, 0.00242235371843, 0.00180280662607, 0.00571727752686, 0.000572067685425, 0.000386857631383, 0.000286828086246, 0.000242854453973, 7.63413627283e-05, 9.57110751187e-05, 4.73724903713e-05, 2.45945811912e-05, 2.53195139521e-05, 3.29042595695e-05, 2.10996786336e-05, 1.30984899442e-05, 9.52240134211e-06, 5.58858255317e-06, 2.31711760534e-06, 1.10815039989e-06, 1.2172931747e-06, 1.73801220171e-06, 1.12984491807e-06, 2.8172539146e-07, 4.54575470599e-08],
        "dvar": [5.13654060692e-13, 1.35117125821e-11, 2.66085248768e-06, 4.56164561911e-05, 1.20525955936e-05, 0.000177511261427, 8.83895495463e-07, 1.10806229259e-06, 2.31720022725e-07, 4.81514405237e-07, 4.15076470972e-08, 7.29514368913e-08, 2.21433111847e-08, 4.69504657374e-09, 5.39974243097e-09, 1.42643239442e-08, 6.78119294051e-09, 1.57231161424e-09, 1.00296815297e-09, 4.47932385628e-10, 3.94125843073e-11, 9.35418149189e-12, 1.43433685068e-11, 1.63791202823e-11, 7.00976993465e-12, 4.9774794746e-13, 1.2596391283e-14],
        "dvar2": [1.58082878385e-12, 3.74119624169e-11, 5.79247307542e-06, 9.45600113482e-05, 2.42190944846e-05, 0.000438810238848, 2.0388044959e-06, 3.21081165566e-06, 5.47109436866e-07, 1.40212182487e-06, 1.17657542376e-07, 1.83023757927e-07, 5.04283761416e-08, 1.11397131519e-08, 1.18376446423e-08, 4.01671798045e-08, 1.96241369821e-08, 4.13995016046e-09, 2.87680168576e-09, 1.27939714378e-09, 1.07475292555e-10, 2.54072318739e-11, 4.09177969285e-11, 4.65933923388e-11, 2.00831174607e-11, 1.39026886791e-12, 3.29712250341e-14],
        "max": [5.89699357079e-06, 3.36204357154e-05, 0.0205468926579, 0.0770068019629, 0.0447650291026, 0.131286010146, 0.0102321710438, 0.0126681122929, 0.00554722361267, 0.00834403466433, 0.00259964377619, 0.00309550971724, 0.00188596989028, 0.000895168981515, 0.000693872978445, 0.00134097144473, 0.000987310311757, 0.000393542606616, 0.000372088921722, 0.000261800276348, 7.14163252269e-05, 3.29189715558e-05, 4.47476813861e-05, 3.10440991598e-05, 2.59110056504e-05, 6.4229502641e-06, 1.26929910493e-06],
        "mean": [3.31314225832e-07, 9.44971816352e-07, 0.000524333503563, 0.00238730013371, 0.00154113408644, 0.00359000195749, 0.000595763500314, 0.000294886849588, 0.000256824132521, 0.000163104617968, 5.13887753186e-05, 7.20635507605e-05, 3.28883870679e-05, 1.76542034751e-05, 1.64009143191e-05, 1.44541272675e-05, 8.4975745267e-06, 6.35567175777e-06, 4.17887622461e-06, 2.31526973948e-06, 1.07285507056e-06, 5.08392531628e-07, 4.62485132857e-07, 6.08579114214e-07, 3.82660800824e-07, 1.05014798635e-07, 3.2737364819e-08],
        "median": [1.41404370879e-07, 1.92572819913e-08, 2.69471547654e-06, 2.22168491746e-05, 0.000230915960856, 8.15917446744e-05, 5.77303217142e-05, 1.79608377948e-05, 6.87362944518e-06, 2.6984721444e-06, 4.4517474862e-07, 3.01836251992e-07, 1.7818618403e-07, 8.14227618662e-08, 6.49650928608e-08, 5.07059638721e-08, 2.26635794576e-08, 2.6168706313e-08, 1.60618576217e-08, 1.03045305622e-08, 6.42666808659e-09, 3.54973517247e-09, 2.77611866828e-09, 4.24890611583e-09, 4.40454961392e-09, 2.24637819457e-09, 1.69588858512e-08],
        "min": [1.60410584815e-09, 8.04140309896e-10, 9.16171860599e-11, 1.79948465018e-08, 1.87520910799e-07, 1.45721983813e-07, 1.83988131397e-08, 4.2319139304e-09, 5.90848314719e-10, 1.00831419603e-10, 7.61737964372e-11, 7.00854374536e-11, 1.20882442944e-10, 1.45649686756e-10, 8.84461323625e-11, 1.10434425493e-10, 8.71152039394e-11, 5.12435337219e-11, 1.63278529586e-10, 1.38164937824e-10, 9.36152613762e-11, 1.55632368104e-10, 2.05509720352e-10, 4.12886280721e-10, 3.75933062458e-10, 6.11956485486e-10, 7.64510588169e-09],
        "var": [4.54852139026e-13, 1.43929096072e-11, 4.28685643783e-06, 7.8096985817e-05, 1.71094870893e-05, 0.000194545064005, 2.18998184209e-06, 1.08549500055e-06, 4.64593767902e-07, 4.0288261971e-07, 4.60334206309e-08, 9.30755561512e-08, 2.73682854157e-08, 5.54346257786e-09, 6.14534423349e-09, 9.45766309712e-09, 4.01697652919e-09, 1.21187726521e-09, 6.50401010827e-10, 2.74211986451e-10, 2.92357908716e-11, 6.93074157093e-12, 8.79662662157e-12, 9.92884420514e-12, 4.12332798114e-12, 3.23884744979e-13, 9.19685419536e-15]
    },
    "erbbands": {
        "dmean": [0.000108220614493, 0.00379879330285, 0.269817262888, 3.93698859215, 5.08097934723, 3.31250524521, 15.2572317123, 28.2921352386, 7.22254228592, 7.71002244949, 2.99035906792, 4.00873422623, 6.08850574493, 2.61483836174, 1.81009185314, 1.71421778202, 1.22029840946, 0.9722687006, 0.821758985519, 0.699310362339, 1.07954120636, 0.722823798656, 0.483450353146, 0.286273986101, 0.260166376829, 0.122148789465, 0.0643372386694, 0.0443872436881, 0.0231325794011, 0.0146350618452, 0.0218773242086, 0.0170655306429, 0.0172134414315, 0.00922537408769, 0.00285725062713, 0.00117925787345, 0.00015210059064, 3.04142740788e-05, 6.72558553561e-06, 6.77463094689e-06],
        "dmean2": [0.000148806968355, 0.00519300205633, 0.378220826387, 5.24535894394, 7.45949363708, 5.24921989441, 27.8577671051, 45.1725616455, 11.6390800476, 13.439866066, 4.88607883453, 6.87437057495, 10.5367040634, 4.83058977127, 2.79949498177, 2.80502223969, 1.9481729269, 1.69134390354, 1.27322125435, 1.11136424541, 1.96638691425, 1.30822575092, 0.828486979008, 0.464971214533, 0.471339941025, 0.216010287404, 0.115181162953, 0.0729447901249, 0.0387609452009, 0.0251672975719, 0.0393712744117, 0.0317451506853, 0.0325346402824, 0.0174371916801, 0.00530242035165, 0.00213537015952, 0.000270303222351, 5.33915299457e-05, 1.08670319605e-05, 1.06094203147e-05],
        "dvar": [1.80798579663e-07, 0.000230855017435, 1.31580209732, 242.553634644, 322.481445312, 85.0436096191, 4467.93408203, 13857.125, 711.639282227, 990.891479492, 118.273048401, 132.539398193, 591.875061035, 214.719802856, 61.6787071228, 67.9267120361, 39.9331474304, 20.3044891357, 14.9162693024, 11.5866775513, 57.1171722412, 25.6821269989, 6.17466163635, 1.97527718544, 3.18411898613, 0.519429147243, 0.112138144672, 0.0360920280218, 0.011171865277, 0.00515533564612, 0.0145284943283, 0.00643185293302, 0.00578522915021, 0.00188729178626, 0.000114485977974, 2.55013965216e-05, 5.38406936812e-07, 1.77229058096e-08, 5.95522908764e-10, 6.13272377326e-10],
        "dvar2": [3.73240567342e-07, 0.00048425514251, 2.81234240532, 497.860015869, 671.524108887, 189.041152954, 11985.1767578, 31600.8359375, 1480.49108887, 2711.04882812, 284.080718994, 293.362823486, 1736.08398438, 591.036560059, 153.228210449, 178.208206177, 96.5043258667, 45.2518615723, 35.2787780762, 26.3734474182, 163.015075684, 74.1940917969, 16.7614917755, 5.24248933792, 9.25476741791, 1.46257257462, 0.31575345993, 0.0926735401154, 0.0296357106417, 0.0143978428096, 0.0412974655628, 0.0185058377683, 0.0163738504052, 0.00543415686116, 0.000322975596646, 7.12871260475e-05, 1.48735841776e-06, 4.68362166828e-08, 1.50238832486e-09, 1.28878874239e-09],
        "max": [0.00525434268638, 0.192410111427, 14.2070560455, 180.72819519, 236.563964844, 71.2196426392, 795.83026123, 1350.73486328, 374.560211182, 380.910339355, 121.917793274, 143.037719727, 255.627990723, 197.270339966, 94.8881454468, 104.178276062, 84.519241333, 56.1428451538, 43.6682357788, 34.5306510925, 88.7165374756, 60.5893707275, 22.7322444916, 16.0168704987, 21.39727211, 8.91610431671, 3.94608163834, 2.06266880035, 1.1689016819, 0.803813397884, 1.41711366177, 0.685634076595, 0.600903272629, 0.436549752951, 0.0807308778167, 0.04115158692, 0.00811945833266, 0.00145762739703, 0.000252959580394, 0.000277402461506],
        "mean": [0.000158738374012, 0.0055393227376, 0.382862240076, 5.45991563797, 5.85033369064, 4.85281848907, 15.9951229095, 30.8106231689, 10.2718296051, 12.2898855209, 5.5788230896, 5.89738082886, 6.60270452499, 3.40729999542, 2.61036276817, 2.15770149231, 1.51044607162, 1.1214069128, 0.896827757359, 0.705957531929, 0.797512412071, 0.514643907547, 0.373740822077, 0.24321128428, 0.18874412775, 0.096995331347, 0.0511614903808, 0.036486569792, 0.0187750607729, 0.011240308173, 0.0147437024862, 0.0112553788349, 0.0111128361896, 0.00577283324674, 0.00187711731996, 0.000792992883362, 0.00010580689559, 2.35696043092e-05, 9.0402263595e-06, 1.10647197289e-05],
        "median": [5.03857381773e-06, 6.18933554506e-05, 0.00314744608477, 0.0631864070892, 0.68720895052, 0.423832625151, 0.140878766775, 0.773875236511, 1.31760597229, 0.67283976078, 0.339522480965, 0.191113770008, 0.127229869366, 0.0446130409837, 0.017479352653, 0.011787536554, 0.00777015835047, 0.00535827223212, 0.00462375208735, 0.00290858792141, 0.00202777190134, 0.0012317430228, 0.00144828227349, 0.00107796513475, 0.000729249906726, 0.00053309375653, 0.000329623784637, 0.000192917796085, 0.000128916944959, 8.13577062218e-05, 8.32630466903e-05, 7.22375552868e-05, 7.93655781308e-05, 5.55102451472e-05, 2.75120510196e-05, 1.12104589789e-05, 4.41189149569e-06, 3.39411462846e-06, 2.26485553867e-06, 1.01867703961e-06],
        "min": [5.78270480389e-08, 2.02408642735e-07, 8.56229235069e-07, 4.82922951051e-05, 0.000633808842395, 0.000380751182092, 0.000314811448334, 0.0015324826818, 0.00111680047121, 0.000448846869403, 0.000143151220982, 1.83041647688e-05, 8.48866693559e-06, 5.73230590817e-06, 4.78170431961e-06, 3.11711733048e-06, 4.8324409363e-06, 7.3452029028e-06, 6.29605574431e-06, 7.82762253948e-06, 8.38162850414e-06, 7.04842250343e-06, 4.32584192822e-06, 5.02302646055e-06, 6.49864750812e-06, 6.99339034327e-06, 4.57067517345e-06, 5.36571042176e-06, 5.09655274072e-06, 4.81524421048e-06, 6.04066190135e-06, 5.65014079257e-06, 7.28902978153e-06, 4.71349176223e-06, 2.55686450146e-06, 1.10870212211e-06, 1.39642736485e-06, 1.47638934322e-06, 9.03341344838e-07, 1.39598910209e-07],
        "var": [3.18559187917e-07, 0.0003958910238, 2.19587016106, 433.471191406, 402.844512939, 134.600738525, 4713.2890625, 15937.9384766, 1076.5279541, 1614.96166992, 261.953308105, 272.180145264, 492.295074463, 233.125747681, 96.993927002, 77.8091964722, 50.3232765198, 25.025932312, 16.2184715271, 12.5945262909, 35.3186988831, 15.2515697479, 4.44595956802, 1.60016191006, 1.89012038708, 0.343941777945, 0.0755504146218, 0.0302666481584, 0.00887587759644, 0.00357196945697, 0.00893002655357, 0.00381901487708, 0.00349594117142, 0.00108860398177, 7.12146356818e-05, 1.65946712514e-05, 3.56111428346e-07, 1.27019621488e-08, 5.63218749416e-10, 9.70200475514e-10]
    },
    "gfcc": {
        "mean": [-338.687316895, 147.52520752, -71.5773773193, -28.6298751831, -73.1206207275, -38.0212593079, -47.8908004761, -17.3486995697, -25.6722869873, -14.0512151718, -10.2965936661, -15.7157821655, -9.71337032318],
        "cov": [[25171.9042969, 4506.35302734, -4757.2734375, 600.148803711, -96.0351486206, 1380.43005371, 183.891998291, 34.2095794678, -934.647216797, -1099.87255859, -481.13104248, -708.468566895, 243.65814209], [4506.35302734, 3277.68530273, 55.789226532, -720.756286621, -107.649536133, 52.1460647583, 314.768798828, -105.883270264, -140.812255859, -521.956481934, -242.151367188, -442.87387085, -20.32330513], [-4757.2734375, 55.789226532, 2102.82299805, -192.950714111, -71.2280960083, -342.553253174, -80.3421478271, -11.6335744858, 134.275741577, 56.9299926758, -20.3454437256, -24.7872238159, -68.1853179932], [600.148803711, -720.756286621, -192.950714111, 605.966125488, 184.333862305, 130.47076416, -121.736587524, 13.6738147736, -18.0284919739, 62.9265136719, 34.7051048279, 34.8862953186, 18.2168159485], [-96.0351486206, -107.649536133, -71.2280960083, 184.333862305, 230.749847412, 60.4238739014, 11.0442256927, -32.777885437, 31.8910865784, 8.76096248627, 16.3404979706, -9.09745407104, -16.5773887634], [1380.43005371, 52.1460647583, -342.553253174, 130.47076416, 60.4238739014, 201.428695679, 16.319858551, 14.8943586349, -68.5251617432, -47.4130401611, -43.1400489807, -36.5090484619, 2.88410210609], [183.891998291, 314.768798828, -80.3421478271, -121.736587524, 11.0442256927, 16.319858551, 132.538314819, 0.415493756533, 13.6976957321, -46.8380737305, -20.6872596741, -43.2810897827, -15.8726568222], [34.2095794678, -105.883270264, -11.6335744858, 13.6738147736, -32.777885437, 14.8943586349, 0.415493756533, 55.4552612305, 1.24951410294, 16.4710273743, -4.38299465179, 11.7480564117, -2.41408205032], [-934.647216797, -140.812255859, 134.275741577, -18.0284919739, 31.8910865784, -68.5251617432, 13.6976957321, 1.24951410294, 89.8842849731, 56.3329849243, 35.320766449, 22.2569980621, -16.4465522766], [-1099.87255859, -521.956481934, 56.9299926758, 62.9265136719, 8.76096248627, -47.4130401611, -46.8380737305, 16.4710273743, 56.3329849243, 127.466995239, 68.7778320312, 82.7123260498, 0.886808633804], [-481.13104248, -242.151367188, -20.3454437256, 34.7051048279, 16.3404979706, -43.1400489807, -20.6872596741, -4.38299465179, 35.320766449, 68.7778320312, 78.763710022, 59.7936782837, 18.6448764801], [-708.468566895, -442.87387085, -24.7872238159, 34.8862953186, -9.09745407104, -36.5090484619, -43.2810897827, 11.7480564117, 22.2569980621, 82.7123260498, 59.7936782837, 109.99886322, 22.9613380432], [243.65814209, -20.32330513, -68.1853179932, 18.2168159485, -16.5773887634, 2.88410210609, -15.8726568222, -2.41408205032, -16.4465522766, 0.886808633804, 18.6448764801, 22.9613380432, 51.1138153076]],
        "icov": [[0.000574017816689, -0.0012189836707, 0.00104359479155, -0.00151708559133, 0.00106223765761, -0.000927194196265, 0.00128532876261, -0.00131851853803, 0.00078538415255, 0.000617288053036, -0.000231867103139, -0.000570766685996, 2.84930738417e-05], [-0.0012189836707, 0.00504465168342, -0.00232764426619, 0.00543833430856, -0.00260277907364, 0.0016221862752, -0.0027039158158, 0.00297125987709, -0.00219647865742, 0.00599386822432, -0.00345689663664, 0.00732381083071, -0.00170136569068], [0.00104359479155, -0.00232764426619, 0.00271169957705, -0.00277415080927, 0.00167672464158, -0.000156568858074, 0.00305646006018, -0.00271725724451, 0.00107186450623, 0.00036627316149, 0.000996151822619, -0.000689384294674, 0.000364088482456], [-0.00151708559133, 0.00543833430856, -0.00277415080927, 0.0100675337017, -0.00650490215048, 0.000560200365726, 0.000478661153466, 0.00100378913339, -0.00175544049125, 0.00363432453014, -0.00395885994658, 0.00839317403734, -0.00279393442906], [0.00106223765761, -0.00260277907364, 0.00167672464158, -0.00650490215048, 0.0124973533675, -0.0059522530064, 1.54182125698e-05, 0.00524326460436, -0.00535910110921, 0.00300161354244, -0.00228531169705, -0.00339097389951, 0.00367844849825], [-0.000927194196265, 0.0016221862752, -0.000156568858074, 0.000560200365726, -0.0059522530064, 0.01618126221, -0.00468397373334, -0.00279421848245, 0.00846007373184, -0.00579103361815, 0.00726772332564, 0.00252613471821, -0.000736838148441], [0.00128532876261, -0.0027039158158, 0.00305646006018, 0.000478661153466, 1.54182125698e-05, -0.00468397373334, 0.0183332134038, -0.00702936993912, -0.00501566799358, 0.00775832636282, -0.00391472456977, 0.00135554512963, 0.00140546169132], [-0.00131851853803, 0.00297125987709, -0.00271725724451, 0.00100378913339, 0.00524326460436, -0.00279421848245, -0.00702936993912, 0.0303914248943, -0.00627558492124, -0.00554993655533, 0.00611629057676, -0.00213990476914, 0.00140215223655], [0.00078538415255, -0.00219647865742, 0.00107186450623, -0.00175544049125, -0.00535910110921, 0.00846007373184, -0.00501566799358, -0.00627558492124, 0.0330154374242, -0.014849784784, -0.00151813670527, 0.00262971641496, 0.00362211908214], [0.000617288053036, 0.00599386822432, 0.00036627316149, 0.00363432453014, 0.00300161354244, -0.00579103361815, 0.00775832636282, -0.00554993655533, -0.014849784784, 0.0556184388697, -0.0275613944978, 0.00423770118505, 0.00448820972815], [-0.000231867103139, -0.00345689663664, 0.000996151822619, -0.00395885994658, -0.00228531169705, 0.00726772332564, -0.00391472456977, 0.00611629057676, -0.00151813670527, -0.0275613944978, 0.045065395534, -0.015465577133, -0.00910889729857], [-0.000570766685996, 0.00732381083071, -0.000689384294674, 0.00839317403734, -0.00339097389951, 0.00252613471821, 0.00135554512963, -0.00213990476914, 0.00262971641496, 0.00423770118505, -0.015465577133, 0.0403726920485, -0.0109227076173], [2.84930738417e-05, -0.00170136569068, 0.000364088482456, -0.00279393442906, 0.00367844849825, -0.000736838148441, 0.00140546169132, 0.00140215223655, 0.00362211908214, 0.00448820972815, -0.00910889729857, -0.0109227076173, 0.0312875322998]]
    },
    "melbands": {
        "dmean": [1.74245428752e-07, 8.5764353571e-05, 0.000709060812369, 0.000278644089121, 0.000434122775914, 0.000621501822025, 0.000105485734821, 7.52334381104e-05, 2.24833402171e-05, 2.61603436229e-05, 3.0017872632e-05, 1.08728809209e-05, 5.22716982232e-06, 7.4648064583e-06, 2.27112832363e-06, 2.77658705272e-06, 1.69368342995e-06, 1.2805892311e-06, 1.23588540646e-06, 1.07945891159e-06, 1.20975255413e-06, 8.08183074241e-07, 4.93986703987e-07, 3.46458932654e-07, 2.16868116354e-07, 2.18596881041e-07, 1.60891204359e-07, 5.82461225918e-08, 3.8224357013e-08, 3.56627474218e-08, 2.33659509519e-08, 1.49826018259e-08, 7.95847210355e-09, 7.84523557229e-09, 1.35837749937e-08, 1.12355333926e-08, 9.82271153305e-09, 1.2241948788e-08, 1.12280771347e-08, 6.73833877585e-09],
        "dmean2": [3.05912379872e-07, 0.000122322395328, 0.000967187690549, 0.000410005624872, 0.000779954658356, 0.00101349025499, 0.000166870217072, 0.000129484571517, 3.71777896362e-05, 4.47536840511e-05, 5.19547211297e-05, 2.05341020774e-05, 8.4114526544e-06, 1.2407505892e-05, 3.92759602619e-06, 4.98837835039e-06, 2.90276170745e-06, 2.00856584343e-06, 1.97987378669e-06, 1.79309097348e-06, 2.20520564653e-06, 1.48822243773e-06, 8.559288176e-07, 5.8874655906e-07, 3.47412935753e-07, 3.965265023e-07, 2.95839612363e-07, 1.00581900142e-07, 6.92864148277e-08, 6.15106259261e-08, 3.79395537209e-08, 2.55415013584e-08, 1.38693421192e-08, 1.36880453638e-08, 2.44129587657e-08, 2.08218757791e-08, 1.82416250993e-08, 2.30120118516e-08, 2.13415738415e-08, 1.27184316412e-08],
        "dvar": [3.61020539635e-13, 1.34120085704e-07, 6.46679745842e-06, 6.55680935324e-07, 3.46433557752e-06, 6.37212178844e-06, 1.42576737971e-07, 1.08465350479e-07, 5.33534860736e-09, 5.68656099986e-09, 1.51249963665e-08, 3.72771147283e-09, 5.63139701537e-10, 1.24077614849e-09, 1.45798303985e-10, 2.14372131158e-10, 5.64540532377e-11, 3.86420062615e-11, 3.34993977003e-11, 3.7827681959e-11, 7.87917925349e-11, 3.92146384809e-11, 6.49548774143e-12, 2.94967804522e-12, 1.09608437777e-12, 2.1138791672e-12, 1.46387459446e-12, 7.79578563704e-14, 4.53245161671e-14, 2.41108063961e-14, 1.01706574816e-14, 4.81248333488e-15, 1.64417681859e-15, 1.4463013459e-15, 5.99699114898e-15, 3.80099936443e-15, 1.87414615789e-15, 2.79944092606e-15, 2.82397692944e-15, 1.01206027049e-15],
        "dvar2": [1.01825069643e-12, 2.91853126555e-07, 1.34858737511e-05, 1.25346946334e-06, 9.27547353058e-06, 1.4915047359e-05, 2.89450838409e-07, 3.02728295765e-07, 1.27046630993e-08, 1.28653461218e-08, 4.47129231418e-08, 1.02985531214e-08, 1.47787848626e-09, 3.16417736457e-09, 3.83640202939e-10, 4.9156462234e-10, 1.24267693358e-10, 9.56367138261e-11, 7.32704383277e-11, 1.0125532357e-10, 2.26566487793e-10, 1.14620098135e-10, 1.77108501476e-11, 7.796945381e-12, 2.90406067249e-12, 6.13085667303e-12, 4.26957167537e-12, 2.08681501441e-13, 1.29335276755e-13, 6.44689786581e-14, 2.57658799759e-14, 1.28769557002e-14, 4.57591592656e-15, 4.03930657843e-15, 1.69459681476e-14, 1.107039536e-14, 5.36362903893e-15, 7.87381244867e-15, 8.1146476325e-15, 2.91222209244e-15],
        "max": [5.68561290493e-06, 0.00463664066046, 0.0284237116575, 0.0106955682859, 0.0220666434616, 0.0269481912255, 0.00538536114618, 0.00408672168851, 0.000733941211365, 0.00091517844703, 0.00129723793361, 0.000814469531178, 0.000308976741508, 0.000417923671193, 0.000160524316016, 0.00016823252372, 9.36540891416e-05, 7.51102852519e-05, 5.21543988725e-05, 5.97703910898e-05, 0.000106379302451, 7.53303611418e-05, 2.55865215877e-05, 1.66447534866e-05, 1.20119675557e-05, 1.72112013388e-05, 1.47288665175e-05, 3.37951814799e-06, 2.53852385868e-06, 1.65377912253e-06, 1.07465223209e-06, 7.32751118449e-07, 4.65052920617e-07, 4.20752513719e-07, 9.18698390251e-07, 6.50133813451e-07, 3.36056444894e-07, 3.95275463916e-07, 5.06425351432e-07, 3.25152029745e-07],
        "mean": [1.69323499222e-07, 0.000118729723908, 0.000926175736822, 0.000360323494533, 0.000468631420517, 0.000676874187775, 0.000157419533934, 0.000119843884022, 3.97425319534e-05, 3.7703452108e-05, 3.18586098729e-05, 1.36441231007e-05, 7.92945775174e-06, 8.87525584403e-06, 3.28260966853e-06, 3.17308126796e-06, 1.92242123376e-06, 1.36386688609e-06, 1.25281064811e-06, 9.31756233058e-07, 8.62549029534e-07, 5.66131859614e-07, 3.77436094823e-07, 2.835090811e-07, 1.8668943369e-07, 1.56766162718e-07, 1.14294863351e-07, 5.04260739831e-08, 3.0909372839e-08, 2.79132308378e-08, 1.94297538059e-08, 1.18267307059e-08, 6.59510090983e-09, 5.84339332477e-09, 9.21477294469e-09, 7.26257809447e-09, 6.51173381883e-09, 7.96031685013e-09, 7.00896007899e-09, 4.21250678784e-09],
        "median": [2.08844781469e-08, 6.06444245932e-07, 2.56974017248e-05, 4.68495891255e-05, 4.99738507642e-06, 1.82135609066e-05, 2.13735474972e-05, 6.36525737718e-06, 2.18915965888e-06, 1.10370353923e-06, 5.55367478228e-07, 1.85315769841e-07, 5.91362159241e-08, 3.56209781671e-08, 2.4479357208e-08, 1.51517021152e-08, 8.15079825855e-09, 6.77354794476e-09, 4.35405578258e-09, 4.23189394638e-09, 1.96883220838e-09, 1.3671255239e-09, 1.01292418897e-09, 1.34927091722e-09, 7.67293006909e-10, 5.675157011e-10, 3.93583804437e-10, 3.677822491e-10, 2.13110779024e-10, 1.50474688265e-10, 9.15633471821e-11, 8.02623800755e-11, 4.67834868068e-11, 3.939945592e-11, 4.64506974551e-11, 4.31705504678e-11, 4.0807170143e-11, 5.41217348715e-11, 4.99359859019e-11, 4.41772694815e-11],
        "min": [3.63697766348e-10, 7.32476995724e-11, 2.85061219074e-08, 5.69816656082e-08, 3.27759686058e-09, 3.28764784285e-08, 1.76109935524e-08, 5.3270619027e-09, 5.07094255475e-10, 6.42091449454e-11, 2.75758287732e-11, 1.86263175023e-11, 1.61405385585e-11, 9.05138550916e-12, 7.60255400301e-12, 7.86057937491e-12, 1.21624082333e-11, 1.04578637417e-11, 6.59235686873e-12, 6.51642975691e-12, 8.60944735642e-12, 5.99083369718e-12, 5.3443334827e-12, 2.75674665387e-12, 3.85846693138e-12, 4.59142619758e-12, 3.97236280328e-12, 4.44405970357e-12, 2.94452071233e-12, 1.89616638363e-12, 3.00917906045e-12, 2.75796052662e-12, 3.21192746879e-12, 2.38117208243e-12, 3.11471833568e-12, 3.3284570846e-12, 2.95724859531e-12, 4.39658812829e-12, 4.62197034118e-12, 3.3777247492e-12],
        "var": [3.27621176716e-13, 2.15605908238e-07, 1.07388641482e-05, 9.62996637099e-07, 3.62880359717e-06, 7.23445418771e-06, 2.3259066495e-07, 1.62250472613e-07, 1.24290560066e-08, 1.09688444994e-08, 1.20900116585e-08, 3.90061849487e-09, 8.74726679978e-10, 1.47524403804e-09, 1.74180100898e-10, 2.52095094799e-10, 7.10766653866e-11, 3.8603384378e-11, 3.76882067221e-11, 2.96342325679e-11, 4.71836077154e-11, 2.23648512904e-11, 4.59890979465e-12, 2.28787236552e-12, 9.08013573185e-13, 1.26113973865e-12, 8.44711561983e-13, 6.06614368112e-14, 2.93258527271e-14, 1.85699319013e-14, 8.70128317001e-15, 3.69656613127e-15, 1.18863625268e-15, 9.85496787867e-16, 3.73603701957e-15, 2.16629078601e-15, 1.13467326592e-15, 1.72452996385e-15, 1.62920339366e-15, 5.85010981257e-16]
    },
    "mfcc": {
        "mean": [-947.144897461, 151.565826416, 36.6239700317, 2.42914414406, -17.4803829193, -26.3877182007, -22.4100265503, -21.7819976807, -19.4042396545, -14.4277534485, -12.7895908356, -10.4394178391, -9.80826282501],
        "cov": [[14913.0039062, 5698.37451172, -2553.75830078, -868.757568359, -282.91192627, -211.11907959, 339.258148193, 51.3642807007, -223.260757446, -308.550994873, -672.076477051, -648.287841797, -836.688049316], [5698.37451172, 3951.42895508, -270.808013916, -635.128234863, -480.360839844, -303.32019043, 29.0292015076, 8.98850345612, -66.1902542114, -161.176193237, -342.559783936, -383.603302002, -446.18637085], [-2553.75830078, -270.808013916, 1320.58691406, 213.204284668, -150.426116943, -145.86416626, -172.092132568, -13.2380475998, 65.0929031372, 15.0152950287, 38.2261505127, 12.2988920212, 44.6720657349], [-868.757568359, -635.128234863, 213.204284668, 327.921142578, 178.524368286, 56.1075019836, -26.1924495697, -20.3782234192, -1.15148901939, 7.07149410248, 25.7299365997, 34.8992271423, 41.9205818176], [-282.91192627, -480.360839844, -150.426116943, 178.524368286, 273.310150146, 153.856811523, 53.0581016541, 0.43696680665, -8.46639347076, 11.8141241074, 29.5624237061, 37.9775810242, 39.7700386047], [-211.11907959, -303.32019043, -145.86416626, 56.1075019836, 153.856811523, 148.169662476, 67.9318695068, 15.459862709, 2.62499642372, 10.2746744156, 24.2833538055, 29.938287735, 24.6557540894], [339.258148193, 29.0292015076, -172.092132568, -26.1924495697, 53.0581016541, 67.9318695068, 85.1373291016, 31.4880237579, 6.75754642487, 6.61213874817, -3.85617303848, -1.76517450809, -14.7640762329], [51.3642807007, 8.98850345612, -13.2380475998, -20.3782234192, 0.43696680665, 15.459862709, 31.4880237579, 43.5122833252, 26.5273208618, 9.57449913025, 2.63018536568, -3.08774113655, -4.12812662125], [-223.260757446, -66.1902542114, 65.0929031372, -1.15148901939, -8.46639347076, 2.62499642372, 6.75754642487, 26.5273208618, 41.9711799622, 25.746301651, 16.8624649048, 8.11615467072, 4.98713541031], [-308.550994873, -161.176193237, 15.0152950287, 7.07149410248, 11.8141241074, 10.2746744156, 6.61213874817, 9.57449913025, 25.746301651, 42.6073226929, 39.3586654663, 27.2481231689, 22.6571617126], [-672.076477051, -342.559783936, 38.2261505127, 25.7299365997, 29.5624237061, 24.2833538055, -3.85617303848, 2.63018536568, 16.8624649048, 39.3586654663, 70.631072998, 60.4444847107, 58.1449508667], [-648.287841797, -383.603302002, 12.2988920212, 34.8992271423, 37.9775810242, 29.938287735, -1.76517450809, -3.08774113655, 8.11615467072, 27.2481231689, 60.4444847107, 79.7478027344, 76.1549835205], [-836.688049316, -446.18637085, 44.6720657349, 41.9205818176, 39.7700386047, 24.6557540894, -14.7640762329, -4.12812662125, 4.98713541031, 22.6571617126, 58.1449508667, 76.1549835205, 99.4023361206]],
