{
"lowlevel": {
    "average_loudness": 0.882923722267,
    "barkbands_crest": {
        "dmean": 2.84847283363,
        "dmean2": 4.7065782547,
        "dvar": 6.71920061111,
        "dvar2": 15.5848617554,
        "max": 22.766450882,
        "mean": 10.2292690277,
        "median": 9.60210227966,
        "min": 2.62505555153,
        "var": 19.1779060364
    },
    "barkbands_flatness_db": {
        "dmean": 0.029052304104,
        "dmean2": 0.048531666398,
        "dvar": 0.000669792527333,
        "dvar2": 0.00186737568583,
        "max": 0.315656840801,
        "mean": 0.138699695468,
        "median": 0.134475901723,
        "min": 0.0273003745824,
        "var": 0.00361696211621
    },
    "barkbands_kurtosis": {
        "dmean": 8.80023765564,
        "dmean2": 13.7012233734,
        "dvar": 133.487548828,
        "dvar2": 299.268981934,
        "max": 116.867843628,
        "mean": 18.4795570374,
        "median": 12.2263441086,
        "min": -1.56421351433,
        "var": 482.726837158
    },
    "barkbands_skewness": {
        "dmean": 0.806632936001,
        "dmean2": 1.27896928787,
        "dvar": 0.528726696968,
        "dvar2": 1.28959441185,
        "max": 8.65092563629,
        "mean": 2.91608047485,
        "median": 2.99770402908,
        "min": -1.68433666229,
        "var": 4.06705951691
    },
    "barkbands_spread": {
        "dmean": 4.97119379044,
        "dmean2": 8.07664871216,
        "dvar": 28.718416214,
        "dvar2": 66.8976211548,
        "max": 105.848205566,
        "mean": 18.3873786926,
        "median": 14.0357837677,
        "min": 1.12261712551,
        "var": 291.897766113
    },
    "dissonance": {
        "dmean": 0.0244212504476,
        "dmean2": 0.0406676605344,
        "dvar": 0.000614011078142,
        "dvar2": 0.00152994855307,
        "max": 0.499969244003,
        "mean": 0.461049646139,
        "median": 0.471836179495,
        "min": 0.310986250639,
        "var": 0.0011241834145
    },
    "dynamic_complexity": 6.75706958771,
    "erbbands_crest": {
        "dmean": 2.82052087784,
        "dmean2": 4.71080732346,
        "dvar": 7.3170800209,
        "dvar2": 17.6488437653,
        "max": 24.6188831329,
        "mean": 9.44949436188,
        "median": 8.33585262299,
        "min": 3.13316512108,
        "var": 20.7950115204
    },
    "erbbands_flatness_db": {
        "dmean": 0.024862382561,
        "dmean2": 0.0422854609787,
        "dvar": 0.000574073637836,
        "dvar2": 0.00154821865726,
        "max": 0.309293776751,
        "mean": 0.159166917205,
        "median": 0.153389155865,
        "min": 0.0399011857808,
        "var": 0.00206460966729
    },
    "erbbands_kurtosis": {
        "dmean": 3.78464126587,
        "dmean2": 6.11026382446,
        "dvar": 32.3604125977,
        "dvar2": 71.3947601318,
        "max": 82.4853820801,
        "mean": 5.65121030807,
        "median": 2.97415876389,
        "min": -1.35550200939,
        "var": 73.3780517578
    },
    "erbbands_skewness": {
        "dmean": 0.579771757126,
        "dmean2": 0.946693778038,
        "dvar": 0.298812508583,
        "dvar2": 0.696698248386,
        "max": 7.3930273056,
        "mean": 1.38872158527,
        "median": 1.48178780079,
        "min": -0.919755995274,
        "var": 1.66195356846
    },
    "erbbands_spread": {
        "dmean": 8.60536956787,
        "dmean2": 14.7158260345,
        "dvar": 73.0370788574,
        "dvar2": 201.183746338,
        "max": 76.6731643677,
        "mean": 25.080039978,
        "median": 23.0859031677,
        "min": 2.12547826767,
        "var": 202.308517456
    },
    "hfc": {
        "dmean": 4.40433549881,
        "dmean2": 6.04687929153,
        "dvar": 251.552368164,
        "dvar2": 385.136627197,
        "max": 312.092651367,
        "mean": 10.8888425827,
        "median": 1.89881503582,
        "min": 0.0978644639254,
        "var": 741.008850098
    },
    "melbands_crest": {
        "dmean": 3.09847331047,
        "dmean2": 5.04824495316,
        "dvar": 7.61444330215,
        "dvar2": 16.8120536804,
        "max": 28.1969451904,
        "mean": 12.8719949722,
        "median": 12.2101068497,
        "min": 3.31799244881,
        "var": 22.7629909515
    },
    "melbands_flatness_db": {
        "dmean": 0.0368621461093,
        "dmean2": 0.0617252215743,
        "dvar": 0.00107255287003,
        "dvar2": 0.0029652628582,
        "max": 0.433708369732,
        "mean": 0.228547021747,
        "median": 0.234917238355,
        "min": 0.0353547818959,
        "var": 0.00760875456035
    },
    "melbands_kurtosis": {
        "dmean": 9.10340118408,
        "dmean2": 15.5255908966,
        "dvar": 120.236030579,
        "dvar2": 332.668151855,
        "max": 99.9387435913,
        "mean": 15.2719163895,
        "median": 12.6825523376,
        "min": -1.1443849802,
        "var": 207.647323608
    },
    "melbands_skewness": {
        "dmean": 0.845554530621,
        "dmean2": 1.43250966072,
        "dvar": 0.520926058292,
        "dvar2": 1.57747137547,
        "max": 6.21291446686,
        "mean": 2.33495259285,
        "median": 2.2993543148,
        "min": -2.67803859711,
        "var": 1.33674013615
    },
    "melbands_spread": {
        "dmean": 5.09593343735,
        "dmean2": 8.7429523468,
        "dvar": 40.6101455688,
        "dvar2": 117.419189453,
        "max": 75.4646911621,
        "mean": 15.1587905884,
        "median": 7.65469503403,
        "min": 0.979856014252,
        "var": 253.037078857
    },
    "pitch_salience": {
        "dmean": 0.0751375854015,
        "dmean2": 0.12864394486,
        "dvar": 0.00395880592987,
        "dvar2": 0.0100145358592,
        "max": 0.904114246368,
        "mean": 0.666943192482,
        "median": 0.68695473671,
        "min": 0.365451157093,
        "var": 0.00841936748475
    },
    "silence_rate_20dB": {
        "dmean": 0,
        "dmean2": 0,
        "dvar": 0,
        "dvar2": 0,
        "max": 1,
        "mean": 1,
        "median": 1,
        "min": 1,
        "var": 0
    },
    "silence_rate_30dB": {
        "dmean": 0,
        "dmean2": 0,
        "dvar": 0,
        "dvar2": 0,
        "max": 1,
        "mean": 1,
        "median": 1,
        "min": 1,
        "var": 0
    },
    "silence_rate_60dB": {
        "dmean": 0.0606060624123,
        "dmean2": 0.118541032076,
        "dvar": 0.0569331310689,
        "dvar2": 0.116647146642,
        "max": 1,
        "mean": 0.522658586502,
        "median": 1,
        "min": 0,
        "var": 0.249485880136
    },
    "spectral_centroid": {
        "dmean": 200.837173462,
        "dmean2": 340.202453613,
        "dvar": 64104.1015625,
        "dvar2": 172169.609375,
        "max": 3250.80566406,
        "mean": 889.483581543,
        "median": 564.484558105,
        "min": 241.534729004,
        "var": 467594.4375
    },
    "spectral_complexity": {
        "dmean": 2.20000004768,
        "dmean2": 3.33434653282,
        "dvar": 9.12968635559,
        "dvar2": 14.7575292587,
        "max": 64,
        "mean": 12.6918430328,
        "median": 6,
        "min": 0,
        "var": 232.823471069
    },
    "spectral_decrease": {
        "dmean": 7.85579157281e-10,
        "dmean2": 1.20077614518e-09,
        "dvar": 2.22018957363e-18,
        "dvar2": 5.07842656711e-18,
        "max": -5.25681581598e-12,
        "mean": -2.23880558536e-09,
        "median": -7.68109909011e-10,
        "min": -1.91401188232e-08,
        "var": 9.73906736788e-18
    },
    "spectral_energy": {
        "dmean": 0.00331542128697,
        "dmean2": 0.00493402732536,
        "dvar": 4.38277565991e-05,
        "dvar2": 9.14162010304e-05,
        "max": 0.100546956062,
        "mean": 0.00943741947412,
        "median": 0.00303272297606,
        "min": 5.77861537749e-05,
        "var": 0.0001881079952
    },
    "spectral_energyband_high": {
        "dmean": 0.000236799271079,
        "dmean2": 0.000342453509802,
        "dvar": 1.38150392104e-06,
        "dvar2": 2.00378599402e-06,
        "max": 0.0224605891854,
        "mean": 0.000436683389125,
        "median": 2.73984987871e-05,
        "min": 1.62998537689e-06,
        "var": 3.26706981468e-06
    },
    "spectral_energyband_low": {
        "dmean": 0.000490437494591,
        "dmean2": 0.00090626894962,
        "dvar": 1.81290965884e-06,
        "dvar2": 6.43316161586e-06,
        "max": 0.0153182856739,
        "mean": 0.000582986453082,
        "median": 0.00013957862393,
        "min": 3.43937813341e-06,
        "var": 2.15139766624e-06
    },
    "spectral_energyband_middle_high": {
        "dmean": 0.00125258578919,
        "dmean2": 0.00171024678275,
        "dvar": 1.55690049723e-05,
        "dvar2": 2.59047792497e-05,
        "max": 0.0699108988047,
        "mean": 0.00294646038674,
        "median": 0.000141225958942,
        "min": 3.15067336487e-06,
        "var": 5.64719011891e-05
    },
    "spectral_energyband_middle_low": {
        "dmean": 0.00233136140741,
        "dmean2": 0.00386159284972,
        "dvar": 1.95662996703e-05,
        "dvar2": 5.40886321687e-05,
        "max": 0.0624788366258,
        "mean": 0.00581953395158,
        "median": 0.00240438361652,
        "min": 2.72502584266e-05,
        "var": 6.59772122162e-05
    },
    "spectral_entropy": {
        "dmean": 0.294172108173,
        "dmean2": 0.495956659317,
        "dvar": 0.0899963751435,
        "dvar2": 0.24555310607,
        "max": 8.50267314911,
        "mean": 7.24419212341,
        "median": 7.32658243179,
        "min": 5.59874916077,
        "var": 0.388280034065
    },
    "spectral_flux": {
        "dmean": 0.0098916888237,
        "dmean2": 0.0155827095732,
        "dvar": 0.000126487226225,
        "dvar2": 0.000255391496466,
        "max": 0.209761247039,
        "mean": 0.0459931083024,
        "median": 0.0308662094176,
        "min": 0.00509629910812,
        "var": 0.0014148975024
    },
    "spectral_kurtosis": {
        "dmean": 4.1635799408,
        "dmean2": 7.32089710236,
        "dvar": 26.8528614044,
        "dvar2": 87.4517745972,
        "max": 37.848865509,
        "mean": 11.069644928,
        "median": 9.79899406433,
        "min": 1.90170049667,
        "var": 41.0885620117
    },
    "spectral_rms": {
        "dmean": 0.000430930143921,
        "dmean2": 0.000653705152217,
        "dvar": 3.06392053062e-07,
        "dvar2": 5.62143156912e-07,
        "max": 0.00990427099168,
        "mean": 0.00243522250094,
        "median": 0.00172010296956,
        "min": 0.000237437852775,
        "var": 3.27693192048e-06
    },
    "spectral_rolloff": {
        "dmean": 441.104125977,
        "dmean2": 748.948791504,
        "dvar": 1207192.5,
        "dvar2": 2713241.25,
        "max": 20305.8105469,
        "mean": 2127.23510742,
        "median": 645.99609375,
        "min": 258.3984375,
        "var": 16944610
    },
    "spectral_skewness": {
        "dmean": 0.494561672211,
        "dmean2": 0.857345819473,
        "dvar": 0.293361932039,
        "dvar2": 0.907620072365,
        "max": 5.0386838913,
        "mean": 2.61320638657,
        "median": 2.57366061211,
        "min": 1.20414817333,
        "var": 0.7667953372
    },
    "spectral_spread": {
        "dmean": 817548.1875,
        "dmean2": 1343770.75,
        "dvar": 1.68404136755e+12,
        "dvar2": 2.14268693709e+12,
        "max": 29897376,
        "mean": 5001955,
        "median": 4589129,
        "min": 1839465.625,
        "var": 4.26574662861e+12
    },
    "spectral_strongpeak": {
        "dmean": 0.320334643126,
        "dmean2": 0.495856761932,
        "dvar": 0.413532108068,
        "dvar2": 0.754998147488,
        "max": 8.56715297699,
        "mean": 0.58091789484,
        "median": 0.249833956361,
        "min": 0,
        "var": 1.26741659641
    },
    "zerocrossingrate": {
        "dmean": 0.0132945664227,
        "dmean2": 0.0177131816745,
        "dvar": 0.000312956690323,
        "dvar2": 0.000473794876598,
        "max": 0.3642578125,
        "mean": 0.0895693674684,
        "median": 0.07958984375,
        "min": 0.00732421875,
        "var": 0.00316330720671
    },
    "barkbands": {
        "dmean": [4.59381080873e-05, 7.31159116185e-06, 0.00017290651158, 0.000501858361531, 0.000729958293959, 0.00169412710238, 0.000398194330046, 0.000160887517268, 0.000179392707651, 0.000137194496347, 8.13715087133e-05, 0.000182927469723, 0.000268022820819, 0.00019310611242, 0.000223913943046, 0.000190806953469, 0.000180478207767, 0.000153968459927, 0.000168735889019, 0.000139390758704, 7.43260970921e-05, 2.82551391138e-05, 1.80624010682e-05, 2.8499882319e-05, 3.32693234668e-05, 5.49274682271e-06, 2.31474064094e-06],
        "dmean2": [8.06040334282e-05, 1.30721600726e-05, 0.000312066433253, 0.000842282199301, 0.00116990052629, 0.00282436073758, 0.000705917249434, 0.000278090126812, 0.000294979981845, 0.000235534025705, 0.000136457296321, 0.00030914178933, 0.000387238047551, 0.000283703935565, 0.000353410170646, 0.000334811891662, 0.000290758995106, 0.000245684263064, 0.000261830515228, 0.000199256333872, 0.000102534992038, 3.75793060812e-05, 2.55542654486e-05, 4.28950261266e-05, 4.98330955452e-05, 7.64698233979e-06, 3.91892899643e-06],
        "dvar": [2.19413776037e-09, 9.45445874367e-11, 2.95245342841e-07, 1.25449162169e-06, 2.26664792535e-06, 1.2811337001e-05, 5.92192975546e-07, 6.53545342288e-08, 1.06790842835e-07, 8.99636418694e-08, 3.68344075241e-08, 2.69076025461e-07, 1.98874863599e-06, 4.52271933682e-07, 6.89140847498e-07, 4.83909104787e-07, 5.97956557158e-07, 2.75045664466e-07, 4.53220138752e-07, 4.3153127649e-07, 1.24381983824e-07, 1.93386053837e-08, 6.95697099928e-09, 1.85076309833e-08, 3.82064158089e-08, 6.90667412151e-10, 5.64778128778e-12],
        "dvar2": [6.38786623597e-09, 2.74098910236e-10, 1.02417595826e-06, 3.62424702871e-06, 5.33812180947e-06, 3.41969935107e-05, 1.78495758973e-06, 1.85829478028e-07, 2.85919469434e-07, 2.4494059403e-07, 9.54134549147e-08, 7.00667726505e-07, 3.49469178218e-06, 9.46786087752e-07, 1.74710714873e-06, 1.30866453674e-06, 1.43293186738e-06, 6.42820680241e-07, 9.58248278948e-07, 8.10671167528e-07, 2.2102283026e-07, 2.90726234198e-08, 1.07194431109e-08, 3.33523217932e-08, 6.5950011674e-08, 7.5205536243e-10, 1.06448808102e-11],
        "max": [0.000281910120975, 8.25179522508e-05, 0.00592284323648, 0.0134628787637, 0.0239732526243, 0.0426305122674, 0.00684018991888, 0.0020103820134, 0.00300366804004, 0.00300479331054, 0.00198916369118, 0.00544030917808, 0.0244758576155, 0.0102591197938, 0.00991988182068, 0.00937663484365, 0.0127012263983, 0.00865456275642, 0.0118774184957, 0.0123498365283, 0.00675854459405, 0.00282748718746, 0.00170739740133, 0.00251355650835, 0.0035076730419, 0.000506333890371, 4.66861456516e-05],
        "mean": [4.13972920796e-05, 8.50324067869e-06, 0.000210749960388, 0.000629665562883, 0.00158094312064, 0.0023355265148, 0.000646847707685, 0.00023671836243, 0.000286682858132, 0.000208835816011, 0.000126719678519, 0.000318903563311, 0.000467645848403, 0.000370879424736, 0.000333045463776, 0.000313295080559, 0.000250836921623, 0.000244690221734, 0.000272194185527, 0.000214705403778, 0.000135292531922, 5.01630311192e-05, 3.0453369618e-05, 4.11421133322e-05, 4.36685295426e-05, 9.59727003647e-06, 1.7893518816e-05],
        "median": [2.48980049946e-05, 5.68854829908e-06, 3.65947016689e-05, 0.000164740311448, 0.000551489472855, 0.000816508778371, 0.000201237737201, 9.95804075501e-05, 9.19808153412e-05, 5.11069301865e-05, 2.41599591391e-05, 2.52218251262e-05, 1.21127295643e-05, 8.5797319116e-06, 7.22248523743e-06, 5.62130117032e-06, 3.32589547725e-06, 3.58097804565e-06, 3.73863758796e-06, 2.28644125855e-06, 2.06600702768e-06, 1.15993407235e-06, 1.39691383083e-06, 1.93505684365e-06, 1.82020437478e-06, 1.86194881735e-06, 1.77425063157e-05],
        "min": [4.25607908028e-07, 3.44209752257e-07, 9.35803754487e-08, 3.12091970045e-07, 3.98959446102e-06, 5.26199073647e-06, 6.45920124498e-07, 5.05309969867e-07, 1.01248042483e-06, 4.07584167306e-07, 3.68177381915e-07, 1.15462086114e-07, 2.5156174388e-07, 8.9971216255e-08, 5.66528335355e-08, 1.47643561377e-07, 7.50636672819e-08, 7.45509183275e-08, 1.12781016526e-07, 1.29976598373e-07, 9.37048483252e-08, 1.40697665074e-07, 9.96141977794e-08, 1.21199349223e-07, 1.66261941104e-07, 1.46950114299e-07, 6.34994705706e-07],
        "var": [2.15881290622e-09, 7.8558562433e-11, 4.33013923384e-07, 1.71986732767e-06, 8.62518209033e-06, 1.89769725694e-05, 1.04813966573e-06, 1.22670172686e-07, 2.21474550699e-07, 1.68817720692e-07, 7.36025853598e-08, 5.91444404563e-07, 5.25007590113e-06, 1.61879142979e-06, 1.09383199742e-06, 8.41435905841e-07, 8.55407279232e-07, 5.78317440159e-07, 9.79046149041e-07, 7.76734964347e-07, 2.78673468301e-07, 4.75453667548e-08, 1.72138214793e-08, 3.52051223729e-08, 6.38726618263e-08, 1.89180271448e-09, 9.64328703695e-12]
    },
    "erbbands": {
        "dmean": [0.000365063315257, 0.00255823205225, 0.11042984575, 1.1640651226, 1.55630123615, 3.07622504234, 9.11219787598, 14.0957937241, 6.40862989426, 6.06286048889, 2.99613714218, 3.52217054367, 5.96494865417, 3.27575874329, 4.3972287178, 7.17269325256, 11.0651674271, 9.62096691132, 10.8200130463, 9.30865192413, 9.91219425201, 10.3117046356, 8.4094991684, 7.83036756516, 7.72204828262, 6.62626075745, 3.55910420418, 2.37023663521, 0.955701887608, 0.764895379543, 0.567032694817, 0.62876033783, 0.461678802967, 0.396198630333, 0.201382979751, 0.0512693114579, 0.0055119744502, 0.00100707635283, 0.000315332057653, 5.14816892974e-05],
        "dmean2": [0.000637877034023, 0.00458139041439, 0.197827488184, 2.09766554832, 2.55842280388, 4.60371780396, 15.8864431381, 23.0007400513, 10.7699270248, 10.8695087433, 5.23752784729, 5.86663818359, 10.365655899, 5.68796443939, 7.02299165726, 11.9807243347, 16.7630138397, 13.304479599, 17.7367725372, 14.0477848053, 16.5715389252, 16.4627437592, 13.7947883606, 12.1018276215, 12.3100862503, 9.25135326385, 4.77743816376, 3.44045448303, 1.32090604305, 1.02003240585, 0.880779147148, 1.01559567451, 0.678554296494, 0.58271753788, 0.311842560768, 0.072088830173, 0.00760962627828, 0.00164689391386, 0.00050763838226, 8.92691678018e-05],
        "dvar": [1.24200241203e-07, 2.53024791164e-05, 0.104732140899, 8.60855960846, 5.99494552612, 53.49036026, 502.769561768, 893.508972168, 140.891601562, 171.289718628, 27.532365799, 51.3687782288, 153.432189941, 70.4709777832, 116.047904968, 440.802978516, 3131.93530273, 1295.36474609, 2026.34545898, 944.997131348, 1454.59228516, 2273.58447266, 699.623413086, 993.488098145, 1078.8815918, 989.085876465, 281.880950928, 126.244308472, 19.3653240204, 18.0166778564, 7.67036056519, 9.42380142212, 5.63957357407, 5.80497026443, 1.03010165691, 0.0656237378716, 0.000684272090439, 8.1080434029e-06, 1.75530800561e-07, 1.92379601138e-09],
        "dvar2": [3.61521813375e-07, 7.51540210331e-05, 0.355576992035, 28.752161026, 16.3733348846, 110.825157166, 1583.64538574, 1954.44287109, 379.532196045, 533.114501953, 77.2320327759, 146.588165283, 404.767059326, 192.15852356, 278.982574463, 1079.07275391, 6671.37548828, 1422.21643066, 4613.43261719, 2387.74487305, 3905.17895508, 5365.45898438, 1726.17456055, 1700.10461426, 2351.92358398, 1666.21386719, 450.813842773, 240.980621338, 24.9481830597, 34.7798728943, 12.0738372803, 19.0892028809, 9.25116539001, 9.93919086456, 1.63432693481, 0.0772654935718, 0.000955254014116, 1.37566339617e-05, 2.98395946174e-07, 4.43161507491e-09],
        "max": [0.00271556829102, 0.066863976419, 3.83527350426, 35.0187110901, 30.0217723846, 127.739700317, 272.008422852, 437.245635986, 171.812973022, 125.301963806, 42.8774986267, 77.6310043335, 117.309371948, 94.4029693604, 123.29750061, 220.765609741, 982.168029785, 644.027587891, 613.604431152, 377.713165283, 566.911804199, 796.360168457, 395.412231445, 572.478393555, 533.593688965, 597.754882812, 337.855133057, 206.01902771, 89.4671630859, 84.9784393311, 51.466091156, 54.1137504578, 44.000579834, 43.3468284607, 18.4126548767, 4.92661809921, 0.511122643948, 0.0496674329042, 0.00860521569848, 0.000732273154426],
        "mean": [0.000493705563713, 0.00398745248094, 0.149816900492, 1.43168401718, 3.00180506706, 6.42600345612, 11.5091648102, 19.945350647, 11.1533966064, 8.90341281891, 5.13460874557, 5.72708320618, 8.5138874054, 5.17053937912, 7.35680007935, 13.3741207123, 18.9534015656, 19.0252513885, 22.2861557007, 16.0349617004, 16.2637767792, 14.7742738724, 13.1357316971, 14.0663928986, 13.0426015854, 10.572136879, 6.87571239471, 4.07199621201, 1.88674879074, 1.1860820055, 0.910136640072, 0.851377010345, 0.700528681278, 0.541192531586, 0.260761380196, 0.0761138349771, 0.0108129996806, 0.00404977332801, 0.00200168718584, 0.000359736644896],
        "median": [0.000354845979018, 0.00192925787997, 0.0349399261177, 0.353601098061, 1.51924371719, 1.66930353642, 4.13596439362, 6.55431270599, 3.59142804146, 3.46474456787, 1.72589564323, 1.74525952339, 2.38334035873, 1.09446656704, 1.19872272015, 0.905745148659, 0.595532476902, 0.449902623892, 0.413807600737, 0.338605761528, 0.281381607056, 0.189490839839, 0.200516194105, 0.232220709324, 0.154941678047, 0.11237373203, 0.0882825031877, 0.0656217038631, 0.0436683297157, 0.036551989615, 0.0402653366327, 0.0369192622602, 0.0288235545158, 0.0214273631573, 0.0134392846376, 0.00585222709924, 0.0034563485533, 0.0033984251786, 0.00194708176423, 0.000355672556907],
        "min": [1.57671147463e-05, 0.000121972894704, 0.000283391971607, 0.000540743232705, 0.00354837463237, 0.00611334294081, 0.040347404778, 0.0259213987738, 0.0150894643739, 0.012363079004, 0.0252700019628, 0.0301592964679, 0.0206270907074, 0.0127552328631, 0.0111961904913, 0.00680263293907, 0.0108782695606, 0.00611712178215, 0.00515693705529, 0.00521123362705, 0.00782585237175, 0.00493499822915, 0.00593685405329, 0.00736382417381, 0.00602064328268, 0.00722547620535, 0.00473258830607, 0.00313162780367, 0.0049701128155, 0.00329232681543, 0.00310211628675, 0.00274122622795, 0.00209402386099, 0.00190055172425, 0.00112512917258, 0.00055493216496, 0.000297803577268, 0.000189279598999, 9.77628515102e-05, 1.0141077837e-05],
        "var": [1.74411596277e-07, 6.30570430076e-05, 0.184108138084, 10.5154323578, 18.0505580902, 237.132675171, 456.964752197, 1638.96020508, 357.354431152, 217.407714844, 60.6984939575, 92.353553772, 268.343505859, 122.889289856, 265.149719238, 1096.47802734, 6966.55517578, 4420.72412109, 6471.1328125, 2250.58789062, 2339.91625977, 3134.6262207, 1541.29101562, 2495.49658203, 2245.71264648, 1966.57104492, 705.239013672, 261.215148926, 56.9236793518, 34.1217041016, 16.7238903046, 15.3279342651, 11.3293275833, 9.81578826904, 1.95428442955, 0.164505973458, 0.00165272376034, 1.51007907334e-05, 3.20966307754e-07, 3.45904527244e-09]
    },
    "gfcc": {
        "mean": [-95.4334640503, 70.907043457, -82.0395202637, -20.2035770416, -59.4332084656, -25.6977081299, -42.2228469849, -14.8333444595, -26.5744991302, -10.2747087479, -9.39272499084, -7.74908781052, -6.97342348099],
        "cov": [[7940.05908203, -642.526855469, -3400.69726562, 1122.19213867, -334.646118164, 354.68270874, -778.31829834, -36.8241081238, -556.210632324, 78.0870666504, -236.99559021, -234.195968628, -22.4485816956], [-642.526855469, 827.379150391, 667.694763184, -280.076629639, -5.42649459839, -123.413444519, 48.9601249695, -144.130599976, 8.06350135803, -113.919815063, -41.5034675598, -18.9279880524, -33.6916236877], [-3400.69726562, 667.694763184, 1903.42126465, -519.835693359, 42.4836921692, -200.522155762, 295.083129883, -29.4511451721, 214.658828735, -94.7831192017, 45.1069412231, 70.8506698608, -17.5207824707], [1122.19213867, -280.076629639, -519.835693359, 326.487426758, -2.81789445877, 71.7317886353, -110.807884216, 30.3875980377, -72.5517196655, 22.9026050568, -31.2895412445, -48.2375106812, -9.67505073547], [-334.646118164, -5.42649459839, 42.4836921692, -2.81789445877, 138.934448242, 25.0145397186, 56.5991363525, -5.74119949341, 13.9813318253, -5.68729114532, 8.24552631378, -6.37660694122, -14.3539094925], [354.68270874, -123.413444519, -200.522155762, 71.7317886353, 25.0145397186, 94.9650192261, -4.99327898026, 21.4140739441, -24.4006919861, 8.15406513214, -9.87036418915, -18.7536010742, -9.23102474213], [-778.31829834, 48.9601249695, 295.083129883, -110.807884216, 56.5991363525, -4.99327898026, 139.885162354, 26.9099674225, 54.4171981812, -9.49175739288, 16.4501094818, 25.3456993103, 1.29835033417], [-36.8241081238, -144.130599976, -29.4511451721, 30.3875980377, -5.74119949341, 21.4140739441, 26.9099674225, 82.040473938, 26.0785484314, 14.6448726654, 3.60398840904, 14.8520240784, 7.84299612045], [-556.210632324, 8.06350135803, 214.658828735, -72.5517196655, 13.9813318253, -24.4006919861, 54.4171981812, 26.0785484314, 82.1114883423, 12.802822113, 26.3451385498, 23.8868179321, 8.86203956604], [78.0870666504, -113.919815063, -94.7831192017, 22.9026050568, -5.68729114532, 8.15406513214, -9.49175739288, 14.6448726654, 12.802822113, 59.1483726501, 23.6294345856, 8.8641872406, 14.3647594452], [-236.99559021, -41.5034675598, 45.1069412231, -31.2895412445, 8.24552631378, -9.87036418915, 16.4501094818, 3.60398840904, 26.3451385498, 23.6294345856, 53.6080436707, 24.1372070312, 7.05853891373], [-234.195968628, -18.9279880524, 70.8506698608, -48.2375106812, -6.37660694122, -18.7536010742, 25.3456993103, 14.8520240784, 23.8868179321, 8.8641872406, 24.1372070312, 54.603225708, 25.6227359772], [-22.4485816956, -33.6916236877, -17.5207824707, -9.67505073547, -14.3539094925, -9.23102474213, 1.29835033417, 7.84299612045, 8.86203956604, 14.3647594452, 7.05853891373, 25.6227359772, 42.7655105591]],
        "icov": [[0.00677167251706, -0.00821097847074, 0.00903888326138, -0.00815596897155, 0.00967551488429, -0.00859904196113, 0.00837165862322, -0.00624152831733, 0.00772022735327, -0.00633979775012, 0.00597642920911, -0.00291908020154, 0.00251794606447], [-0.00821097847074, 0.0140704400837, -0.0115499608219, 0.0118923932314, -0.0113718491048, 0.0121034327894, -0.0100475568324, 0.0124069610611, -0.00942375790328, 0.0111040491611, -0.00459475023672, 0.00468597980216, -0.00226744147949], [0.00903888326138, -0.0115499608219, 0.0137687688693, -0.0103397062048, 0.0133799938485, -0.00998350698501, 0.00910148303956, -0.00816825497895, 0.00783405452967, -0.00722910510376, 0.00773841328919, -0.00380167271942, 0.00431014457718], [-0.00815596897155, 0.0118923932314, -0.0103397062048, 0.0185356531292, -0.0137408208102, 0.0105914184824, -0.00551445269957, 0.00456157000735, -0.0068305246532, 0.00829014368355, -0.00523098232225, 0.00767063582316, -0.00305145210586], [0.00967551488429, -0.0113718491048, 0.0133799938485, -0.0137408208102, 0.0251897256821, -0.0146399596706, 0.00473711919039, -0.00318768247962, 0.00807895604521, -0.00740353716537, 0.00701686460525, -0.00364180048928, 0.00606489181519], [-0.00859904196113, 0.0121034327894, -0.00998350698501, 0.0105914184824, -0.0146399596706, 0.029685869813, -0.0143125206232, 0.00525341322646, -0.00633890694007, 0.00842289999127, -0.0063809491694, 0.00800506025553, -0.000966117018834], [0.00837165862322, -0.0100475568324, 0.00910148303956, -0.00551445269957, 0.00473711919039, -0.0143125206232, 0.0304112322628, -0.0155158378184, 0.00876501854509, -0.00721749430522, 0.00782834645361, -0.00560446130112, 0.00205669412389], [-0.00624152831733, 0.0124069610611, -0.00816825497895, 0.00456157000735, -0.00318768247962, 0.00525341322646, -0.0155158378184, 0.0346249565482, -0.0177271291614, 0.00858781114221, 0.00182476371992, -0.00352485151961, 0.000968292937614], [0.00772022735327, -0.00942375790328, 0.00783405452967, -0.0068305246532, 0.00807895604521, -0.00633890694007, 0.00876501854509, -0.0177271291614, 0.0378559082747, -0.0139420414343, 0.000524455972482, -0.00148667232133, 0.000263472174993], [-0.00633979775012, 0.0111040491611, -0.00722910510376, 0.00829014368355, -0.00740353716537, 0.00842289999127, -0.00721749430522, 0.00858781114221, -0.0139420414343, 0.0372648574412, -0.0161214228719, 0.00801937002689, -0.00946064665914], [0.00597642920911, -0.00459475023672, 0.00773841328919, -0.00523098232225, 0.00701686460525, -0.0063809491694, 0.00782834645361, 0.00182476371992, 0.000524455972482, -0.0161214228719, 0.0399865433574, -0.0162779409438, 0.0103691825643], [-0.00291908020154, 0.00468597980216, -0.00380167271942, 0.00767063582316, -0.00364180048928, 0.00800506025553, -0.00560446130112, -0.00352485151961, -0.00148667232133, 0.00801937002689, -0.0162779409438, 0.0413124449551, -0.020791599527], [0.00251794606447, -0.00226744147949, 0.00431014457718, -0.00305145210586, 0.00606489181519, -0.000966117018834, 0.00205669412389, 0.000968292937614, 0.000263472174993, -0.00946064665914, 0.0103691825643, -0.020791599527, 0.0394502058625]]
    },
    "melbands": {
        "dmean": [4.13215457229e-06, 3.97152689402e-05, 0.000192602179595, 0.000166892321431, 0.000252191239269, 0.000308677408611, 9.76638475549e-05, 5.92514988966e-05, 2.47500465775e-05, 2.4183147616e-05, 2.90132629743e-05, 1.32437116918e-05, 1.16045748655e-05, 2.07750545087e-05, 1.70090170286e-05, 3.13099153573e-05, 1.75551067514e-05, 1.7515012587e-05, 1.61947300512e-05, 1.35888567456e-05, 1.08979120341e-05, 1.2163838619e-05, 7.33286697141e-06, 8.01825080998e-06, 6.42402255835e-06, 6.54246287013e-06, 5.16988438903e-06, 4.36624259237e-06, 2.3060924832e-06, 2.00570912057e-06, 1.25347548874e-06, 5.64826393656e-07, 4.94260234518e-07, 3.67424291881e-07, 3.23752544773e-07, 3.53575046574e-07, 4.00570257852e-07, 3.06868770394e-07, 3.77759960202e-07, 3.17378038517e-07],
        "dmean2": [7.302897302e-06, 7.08998413756e-05, 0.000329987175064, 0.000269236043096, 0.000437517475802, 0.000509050500114, 0.000165396180819, 0.000105730927316, 4.37126473116e-05, 3.99066702812e-05, 5.03485425725e-05, 2.26257070608e-05, 1.86452598427e-05, 3.33237221639e-05, 2.76961545751e-05, 4.55969420727e-05, 2.45447681664e-05, 2.97057231364e-05, 2.58517229668e-05, 2.34395392908e-05, 1.85586523003e-05, 1.95936008822e-05, 1.21711900647e-05, 1.32214909172e-05, 1.00002835097e-05, 1.14527683763e-05, 7.59982413001e-06, 6.21361277808e-06, 3.19478749589e-06, 3.10965742756e-06, 1.933473186e-06, 8.46627358442e-07, 6.39653876533e-07, 5.58653084681e-07, 5.03251953887e-07, 5.73144177451e-07, 6.50882213904e-07, 4.74123595495e-07, 5.12550059284e-07, 4.79907100726e-07],
        "dvar": [1.70262259153e-11, 1.5095817929e-08, 1.73323812191e-07, 1.26817312207e-07, 3.95729642833e-07, 4.2513940457e-07, 3.32104725942e-08, 1.50260532905e-08, 1.96639926564e-09, 2.29549645958e-09, 3.63766261557e-09, 1.05871889033e-09, 7.55125129093e-10, 3.40440564628e-09, 2.46388687231e-09, 3.56405074342e-08, 3.3469991223e-09, 6.870730207e-09, 2.87319146253e-09, 2.43205100503e-09, 1.8434352933e-09, 3.3135139077e-09, 5.86531767599e-10, 8.16720913122e-10, 7.50555062545e-10, 6.95571600318e-10, 5.37047406546e-10, 4.30575936017e-10, 1.34575378619e-10, 8.23577803177e-11, 4.12565433205e-11, 6.76291271248e-12, 6.32205269038e-12, 4.38636887229e-12, 2.60847311633e-12, 2.37531652333e-12, 3.97323710391e-12, 2.12283055717e-12, 5.86386278076e-12, 3.58271051715e-12],
        "dvar2": [4.98184028752e-11, 5.09684703331e-08, 5.39662551091e-07, 2.93934618867e-07, 1.21522577956e-06, 9.85280621535e-07, 9.04206700625e-08, 4.5705856877e-08, 5.59081403395e-09, 6.5062693011e-09, 9.40300282082e-09, 2.81486856046e-09, 1.83032855539e-09, 8.76972983122e-09, 5.60265744909e-09, 6.56053344983e-08, 4.80567541317e-09, 1.56431205767e-08, 6.85110146392e-09, 6.67080479744e-09, 5.05801667217e-09, 7.94370347279e-09, 1.46993794914e-09, 1.98160710063e-09, 1.28513055753e-09, 1.76975489818e-09, 9.46095091159e-10, 7.01577962392e-10, 2.48866011132e-10, 1.26144400481e-10, 9.85783885077e-11, 9.57673523816e-12, 1.06470613576e-11, 9.50645291653e-12, 4.26446768523e-12, 4.06183637072e-12, 8.33626483815e-12, 3.1986112977e-12, 1.15359137173e-11, 5.87934215202e-12],
        "max": [3.09963979817e-05, 0.0014299248578, 0.00515721272677, 0.00490212580189, 0.00852366629988, 0.00922829750925, 0.00253668054938, 0.00120175769553, 0.000401740253437, 0.000482159026433, 0.000590181967709, 0.00037392298691, 0.000293789285934, 0.000581529864576, 0.000562898057979, 0.00334031670354, 0.000959450029768, 0.00124502275139, 0.000593026110437, 0.000586012436543, 0.000638437864836, 0.000934141629841, 0.0003053896653, 0.00046580095659, 0.000485010474222, 0.000376549491193, 0.000422684184741, 0.000394274684368, 0.000231128855376, 0.000164683864568, 0.000112495472422, 5.01015820191e-05, 5.18966953678e-05, 4.06203726016e-05, 3.01139061776e-05, 2.80308504443e-05, 3.39460202667e-05, 2.58211020991e-05, 4.379668826e-05, 3.3712341974e-05],
        "mean": [5.06957121615e-06, 5.17846419825e-05, 0.000269264739472, 0.000354152463842, 0.000362611375749, 0.000439250521595, 0.000171851017512, 8.6470558017e-05, 3.98342126573e-05, 3.85894891224e-05, 4.17579212808e-05, 2.0050429157e-05, 1.9158138457e-05, 3.55349548045e-05, 2.95694644592e-05, 5.45765542483e-05, 3.01792697428e-05, 3.72562353732e-05, 2.40560220846e-05, 2.25339153985e-05, 1.71989267983e-05, 1.60743129527e-05, 1.17940144264e-05, 1.18578891488e-05, 1.13234136734e-05, 1.01078967418e-05, 8.15399289422e-06, 6.80999755787e-06, 4.50738616564e-06, 3.28963778884e-06, 2.03047670766e-06, 1.11497604394e-06, 7.76530725943e-07, 5.69474593703e-07, 5.08750247263e-07, 5.18534307048e-07, 5.20321975728e-07, 4.84540635171e-07, 5.09839594542e-07, 4.32261913375e-07],
        "median": [3.67547227142e-06, 1.00312709037e-05, 0.000106773950392, 0.000114986796689, 0.000130011481815, 0.000158676659339, 5.38862150279e-05, 3.36736666213e-05, 1.1392221495e-05, 1.18714715427e-05, 1.16883193186e-05, 3.9009005377e-06, 3.64899074157e-06, 3.28954456563e-06, 1.52968982547e-06, 1.07745381683e-06, 8.11589984551e-07, 6.27802080544e-07, 5.25561404174e-07, 3.81600671062e-07, 3.35708364219e-07, 1.88107804888e-07, 1.65090000337e-07, 1.82790472536e-07, 1.8434943172e-07, 1.22029931049e-07, 8.83788686679e-08, 7.40895629292e-08, 5.50352226014e-08, 5.06599207029e-08, 3.09698116041e-08, 2.40439685939e-08, 2.13869721932e-08, 1.92058031701e-08, 2.13739443922e-08, 2.45915803276e-08, 2.11752873014e-08, 1.98518748107e-08, 1.7074265557e-08, 1.80296204633e-08],
        "min": [1.93283881345e-07, 1.7533308494e-07, 1.32743664949e-07, 4.4216702122e-07, 1.20478352983e-06, 6.29724979717e-07, 2.14723087311e-07, 1.72450143054e-07, 2.94717040106e-07, 1.57726830707e-07, 7.85954554772e-08, 3.95232113704e-08, 4.1153683128e-08, 1.25139765217e-08, 2.882025818e-08, 1.74648100426e-08, 1.05876036827e-08, 8.14730416465e-09, 4.64487115437e-09, 9.10764175188e-09, 7.81776776648e-09, 4.50132642271e-09, 4.72149963571e-09, 2.75087042034e-09, 5.95711568963e-09, 4.02451050263e-09, 2.79378542523e-09, 4.32938840333e-09, 3.62884633454e-09, 1.79921999521e-09, 1.69654079674e-09, 1.92177673775e-09, 2.69917377338e-09, 1.46173240179e-09, 1.84408932569e-09, 1.32657740348e-09, 1.56338775259e-09, 1.33568067717e-09, 1.55632129406e-09, 1.58748258983e-09],
        "var": [1.9500255577e-11, 2.50193963325e-08, 2.58883659399e-07, 5.06019659952e-07, 4.47198999609e-07, 7.51091761231e-07, 8.44343333029e-08, 1.99379819321e-08, 3.90661991645e-09, 4.21602264211e-09, 6.52171872062e-09, 1.92118521092e-09, 1.70107350428e-09, 7.32127691805e-09, 6.31608676471e-09, 8.98803023119e-08, 9.80451542176e-09, 2.35688109029e-08, 5.46395062528e-09, 4.59981563949e-09, 2.67222466377e-09, 4.21879819967e-09, 1.19921139685e-09, 1.45562584208e-09, 1.76523251572e-09, 1.22858068163e-09, 1.03088848569e-09, 8.80484463117e-10, 3.00484109816e-10, 1.84475490439e-10, 6.54929582788e-11, 1.89628104885e-11, 1.37297855377e-11, 7.63284400962e-12, 5.35769735868e-12, 5.07356483215e-12, 5.93352277034e-12, 4.75655148949e-12, 8.82344891595e-12, 6.24451011733e-12]
    },
    "mfcc": {
        "mean": [-761.156799316, 138.364212036, 12.4063014984, 4.94293880463, -6.89140701294, -16.4560661316, -10.2861700058, -15.2219552994, -14.8814554214, -8.94738101959, -10.8768024445, -6.74047708511, -6.01230621338],
        "cov": [[11249.8544922, -2316.41455078, -3007.39404297, 141.042129517, 24.4896526337, 89.5322341919, -100.009963989, -449.814575195, -203.28944397, -244.048965454, -274.835784912, -45.6961288452, -212.464508057], [-2316.41455078, 1280.31030273, 876.249328613, -90.6335754395, -52.8076629639, -24.3223514557, -33.5153312683, 49.9840316772, -2.49085760117, -46.7557983398, -29.2367458344, -35.7789802551, -8.55791473389], [-3007.39404297, 876.249328613, 1169.20776367, -24.6665592194, -36.1788482666, -65.4765090942, -28.6014022827, 100.324111938, 35.7710418701, 38.9241714478, 23.4197940826, -10.3486347198, 33.1083526611], [141.042129517, -90.6335754395, -24.6665592194, 105.323638916, 33.9921684265, 5.39297628403, 2.21544718742, -7.87367486954, 2.19436335564, 1.49055755138, -12.8886108398, 3.45878124237, -0.903487205505], [24.4896526337, -52.8076629639, -36.1788482666, 33.9921684265, 80.1673431396, 28.4740562439, 11.7140636444, 4.71210289001, -6.48011636734, 16.7145347595, -1.46429646015, -0.28431263566, -5.86410617828], [89.5322341919, -24.3223514557, -65.4765090942, 5.39297628403, 28.4740562439, 65.0067214966, 32.0491065979, -1.52211844921, 1.29832208157, 4.897564888, -5.15211677551, -0.910696685314, -5.70467758179], [-100.009963989, -33.5153312683, -28.6014022827, 2.21544718742, 11.7140636444, 32.0491065979, 65.9171829224, 28.7038536072, 12.0144748688, 14.7765283585, 5.87083625793, 4.67546749115, 4.118247509], [-449.814575195, 49.9840316772, 100.324111938, -7.87367486954, 4.71210289001, -1.52211844921, 28.7038536072, 87.0199966431, 34.181476593, 15.923535347, 10.4909992218, 10.6157846451, 17.2358760834], [-203.28944397, -2.49085760117, 35.7710418701, 2.19436335564, -6.48011636734, 1.29832208157, 12.0144748688, 34.181476593, 60.4657478333, 17.9125537872, 1.4261828661, 4.40342187881, 19.1360225677], [-244.048965454, -46.7557983398, 38.9241714478, 1.49055755138, 16.7145347595, 4.897564888, 14.7765283585, 15.923535347, 17.9125537872, 63.7780609131, 24.5653209686, 3.38623714447, 3.31792593002], [-274.835784912, -29.2367458344, 23.4197940826, -12.8886108398, -1.46429646015, -5.15211677551, 5.87083625793, 10.4909992218, 1.4261828661, 24.5653209686, 61.4937362671, 16.62758255, 5.86351585388], [-45.6961288452, -35.7789802551, -10.3486347198, 3.45878124237, -0.28431263566, -0.910696685314, 4.67546749115, 10.6157846451, 4.40342187881, 3.38623714447, 16.62758255, 36.7750778198, 17.5647315979], [-212.464508057, -8.55791473389, 33.1083526611, -0.903487205505, -5.86410617828, -5.70467758179, 4.118247509, 17.2358760834, 19.1360225677, 3.31792593002, 5.86351585388, 17.5647315979, 47.187210083]],
