{
"lowlevel": {
    "average_loudness": 0.778313338757,
    "barkbands_crest": {
        "dmean": 1.8486109972,
        "dmean2": 3.06273341179,
        "dvar": 3.16250896454,
        "dvar2": 7.41371297836,
        "max": 19.8738269806,
        "mean": 9.52433395386,
        "median": 9.40744686127,
        "min": 2.60737490654,
        "var": 21.9933624268
    },
    "barkbands_flatness_db": {
        "dmean": 0.0135495383292,
        "dmean2": 0.0211864542216,
        "dvar": 0.000150458479766,
        "dvar2": 0.000390166445868,
        "max": 0.169607162476,
        "mean": 0.0933048725128,
        "median": 0.0946807935834,
        "min": 0.0321849025786,
        "var": 0.00113751168828
    },
    "barkbands_kurtosis": {
        "dmean": 2.18232607841,
        "dmean2": 3.59458708763,
        "dvar": 8.92546081543,
        "dvar2": 23.2691135406,
        "max": 26.7331829071,
        "mean": 5.43349218369,
        "median": 2.9370174408,
        "min": -1.40164244175,
        "var": 46.0170249939
    },
    "barkbands_skewness": {
        "dmean": 0.430862009525,
        "dmean2": 0.65744882822,
        "dvar": 0.166888087988,
        "dvar2": 0.331548631191,
        "max": 4.64598846436,
        "mean": 1.82197582722,
        "median": 1.83412396908,
        "min": -0.85339397192,
        "var": 2.13879442215
    },
    "barkbands_spread": {
        "dmean": 5.01882171631,
        "dmean2": 8.36344146729,
        "dvar": 29.3967838287,
        "dvar2": 64.9193572998,
        "max": 63.339630127,
        "mean": 26.64336586,
        "median": 24.6017875671,
        "min": 8.9549074173,
        "var": 143.620391846
    },
    "dissonance": {
        "dmean": 0.0100821070373,
        "dmean2": 0.0159878470004,
        "dvar": 8.96218189155e-05,
        "dvar2": 0.000219056353671,
        "max": 0.499747037888,
        "mean": 0.474643617868,
        "median": 0.477784693241,
        "min": 0.427745521069,
        "var": 0.000254518148722
    },
    "dynamic_complexity": 7.7362575531,
    "erbbands_crest": {
        "dmean": 1.46371650696,
        "dmean2": 2.26224374771,
        "dvar": 2.19691634178,
        "dvar2": 5.56818199158,
        "max": 17.7134284973,
        "mean": 6.62210130692,
        "median": 6.10839366913,
        "min": 2.85159182549,
        "var": 7.91467475891
    },
    "erbbands_flatness_db": {
        "dmean": 0.010294592008,
        "dmean2": 0.0165751315653,
        "dvar": 0.000125585997012,
        "dvar2": 0.00029277135036,
        "max": 0.183043494821,
        "mean": 0.121796414256,
        "median": 0.122071161866,
        "min": 0.0586285330355,
        "var": 0.000642535393126
    },
    "erbbands_kurtosis": {
        "dmean": 0.744446337223,
        "dmean2": 1.24844312668,
        "dvar": 1.32782757282,
        "dvar2": 3.64305019379,
        "max": 8.31934928894,
        "mean": 0.386908054352,
        "median": 0.0679614543915,
        "min": -1.26644146442,
        "var": 2.24716448784
    },
    "erbbands_skewness": {
        "dmean": 0.321954578161,
        "dmean2": 0.500078499317,
        "dvar": 0.119523018599,
        "dvar2": 0.252723872662,
        "max": 2.83543157578,
        "mean": 0.490971177816,
        "median": 0.494231373072,
        "min": -1.49916243553,
        "var": 0.741714775562
    },
    "erbbands_spread": {
        "dmean": 5.47113847733,
        "dmean2": 8.69040966034,
        "dvar": 44.0428504944,
        "dvar2": 120.758300781,
        "max": 76.8231582642,
        "mean": 39.9471893311,
        "median": 40.3972816467,
        "min": 18.1428108215,
        "var": 126.056030273
    },
    "hfc": {
        "dmean": 16.0175266266,
        "dmean2": 14.3840389252,
        "dvar": 7357.0703125,
        "dvar2": 7610.03955078,
        "max": 1111.6081543,
        "mean": 30.1240158081,
        "median": 1.08820784092,
        "min": 0.389364928007,
        "var": 19192.7832031
    },
    "melbands_crest": {
        "dmean": 2.0883398056,
        "dmean2": 3.32953429222,
        "dvar": 4.02996015549,
        "dvar2": 10.3695039749,
        "max": 22.8493251801,
        "mean": 12.362446785,
        "median": 13.1621694565,
        "min": 3.0894677639,
        "var": 28.4297389984
    },
    "melbands_flatness_db": {
        "dmean": 0.0184277947992,
        "dmean2": 0.0262132938951,
        "dvar": 0.00041096485802,
        "dvar2": 0.000720465613995,
        "max": 0.28556150198,
        "mean": 0.163664937019,
        "median": 0.177079975605,
        "min": 0.0373694486916,
        "var": 0.00470171263441
    },
    "melbands_kurtosis": {
        "dmean": 5.32412385941,
        "dmean2": 8.37330341339,
        "dvar": 43.696269989,
        "dvar2": 108.084274292,
        "max": 69.6192245483,
        "mean": 16.3051071167,
        "median": 10.9380998611,
        "min": -0.988520622253,
        "var": 280.893280029
    },
    "melbands_skewness": {
        "dmean": 0.498477458954,
        "dmean2": 0.791883707047,
        "dvar": 0.299099326134,
        "dvar2": 0.653044998646,
        "max": 6.53442955017,
        "mean": 2.78491902351,
        "median": 3.02966070175,
        "min": -0.130172431469,
        "var": 2.62563037872
    },
    "melbands_spread": {
        "dmean": 5.99950361252,
        "dmean2": 8.44576931,
        "dvar": 73.1246643066,
        "dvar2": 141.075546265,
        "max": 88.1838302612,
        "mean": 25.3189582825,
        "median": 14.3471689224,
        "min": 3.43093967438,
        "var": 452.749633789
    },
    "pitch_salience": {
        "dmean": 0.0469814613461,
        "dmean2": 0.0758460983634,
        "dvar": 0.00168551842216,
        "dvar2": 0.00471767783165,
        "max": 0.82399725914,
        "mean": 0.680813133717,
        "median": 0.699417769909,
        "min": 0.412200212479,
        "var": 0.00643944041803
    },
    "silence_rate_20dB": {
        "dmean": 0.0142857143655,
        "dmean2": 0.0215827338398,
        "dvar": 0.0140816364437,
        "dvar2": 0.0211169738322,
        "max": 1,
        "mean": 0.98581558466,
        "median": 1,
        "min": 0,
        "var": 0.0139832273126
    },
    "silence_rate_30dB": {
        "dmean": 0.00714285718277,
        "dmean2": 0.0143884895369,
        "dvar": 0.00709183793515,
        "dvar2": 0.0141814965755,
        "max": 1,
        "mean": 0.971631228924,
        "median": 1,
        "min": 0,
        "var": 0.0275641158223
    },
    "silence_rate_60dB": {
        "dmean": 0.0500000007451,
        "dmean2": 0.100719422102,
        "dvar": 0.0475000366569,
        "dvar2": 0.0905749201775,
        "max": 1,
        "mean": 0.680851042271,
        "median": 1,
        "min": 0,
        "var": 0.217293009162
    },
    "spectral_centroid": {
        "dmean": 206.132843018,
        "dmean2": 269.350982666,
        "dvar": 73019.8671875,
        "dvar2": 125392.226562,
        "max": 3243.70751953,
        "mean": 1344.92871094,
        "median": 995.010375977,
        "min": 347.331573486,
        "var": 747544.625
    },
    "spectral_complexity": {
        "dmean": 3.14285707474,
        "dmean2": 4.21582746506,
        "dvar": 29.193857193,
        "dvar2": 45.708820343,
        "max": 61,
        "mean": 11.8794326782,
        "median": 2,
        "min": 0,
        "var": 275.212249756
    },
    "spectral_decrease": {
        "dmean": 1.44757139608e-09,
        "dmean2": 1.50322110315e-09,
        "dvar": 4.59910567695e-17,
        "dvar2": 8.63822331409e-17,
        "max": -2.0165421416e-11,
        "mean": -3.19051340902e-09,
        "median": -2.96350777251e-10,
        "min": -1.21843967804e-07,
        "var": 1.80608626648e-16
    },
    "spectral_energy": {
        "dmean": 0.00690472079441,
        "dmean2": 0.00643647229299,
        "dvar": 0.0010061202338,
        "dvar2": 0.00174516881816,
        "max": 0.560694336891,
        "mean": 0.0147740859538,
        "median": 0.00121629890054,
        "min": 0.000120603101095,
        "var": 0.00387661810964
    },
    "spectral_energyband_high": {
        "dmean": 0.00132984819356,
        "dmean2": 0.00122568232473,
        "dvar": 5.58833053219e-05,
        "dvar2": 5.01872273162e-05,
        "max": 0.0903932750225,
        "mean": 0.00227009411901,
        "median": 2.66121842287e-05,
        "min": 1.15781886052e-05,
        "var": 0.00013231045159
    },
    "spectral_energyband_low": {
        "dmean": 0.00158925552387,
        "dmean2": 0.00255504110828,
        "dvar": 0.000145611586049,
        "dvar2": 0.000360919279046,
        "max": 0.141171738505,
        "mean": 0.0018236155156,
        "median": 2.56057319348e-05,
        "min": 2.1292510155e-06,
        "var": 0.000184185380931
    },
    "spectral_energyband_middle_high": {
        "dmean": 0.00320324744098,
        "dmean2": 0.00284126517363,
        "dvar": 0.000258758984273,
        "dvar2": 0.000331251008902,
        "max": 0.217938110232,
        "mean": 0.00593719445169,
        "median": 0.000151711297804,
        "min": 4.08525829698e-06,
        "var": 0.000651999027468
    },
    "spectral_energyband_middle_low": {
        "dmean": 0.00230476213619,
        "dmean2": 0.00351585214958,
        "dvar": 0.00020057913207,
        "dvar2": 0.000340698199579,
        "max": 0.224582210183,
        "mean": 0.00602056179196,
        "median": 0.000915667507797,
        "min": 6.40161233605e-05,
        "var": 0.000710565538611
    },
    "spectral_entropy": {
        "dmean": 0.0936349183321,
        "dmean2": 0.145156532526,
        "dvar": 0.0101036764681,
        "dvar2": 0.0211771950126,
        "max": 8.27238464355,
        "mean": 7.76933479309,
        "median": 7.79917383194,
        "min": 7.11238908768,
        "var": 0.0707140862942
    },
    "spectral_flux": {
        "dmean": 0.0095287412405,
        "dmean2": 0.0114926584065,
        "dvar": 0.000479587441077,
        "dvar2": 0.000712239532731,
        "max": 0.560651540756,
        "mean": 0.0428513772786,
        "median": 0.015093463473,
        "min": 0.00546661857516,
        "var": 0.00676774932072
    },
    "spectral_kurtosis": {
        "dmean": 0.812412798405,
        "dmean2": 1.29434633255,
        "dvar": 0.849302649498,
        "dvar2": 1.96265268326,
        "max": 10.5578594208,
        "mean": 6.81798458099,
        "median": 6.71727466583,
        "min": 2.67784118652,
        "var": 4.44324970245
    },
    "spectral_rms": {
        "dmean": 0.000414090522099,
        "dmean2": 0.000393425987568,
        "dvar": 8.9165433792e-07,
        "dvar2": 1.21459095226e-06,
        "max": 0.0233884342015,
        "mean": 0.00209783576429,
        "median": 0.00108932692092,
        "min": 0.00034301832784,
        "var": 1.00128254417e-05
    },
    "spectral_rolloff": {
        "dmean": 796.11328125,
        "dmean2": 1273.40234375,
        "dvar": 5756730.5,
        "dvar2": 19240520,
        "max": 18023.2910156,
        "mean": 2078.94580078,
        "median": 1485.79101562,
        "min": 366.064453125,
        "var": 5495007
    },
    "spectral_skewness": {
        "dmean": 0.122521333396,
        "dmean2": 0.179270282388,
        "dvar": 0.0177542977035,
        "dvar2": 0.0347340404987,
        "max": 2.79319000244,
        "mean": 1.92252409458,
        "median": 1.99903059006,
        "min": 1.16381418705,
        "var": 0.156290262938
    },
    "spectral_spread": {
        "dmean": 416747.84375,
        "dmean2": 616192.6875,
        "dvar": 689071980544,
        "dvar2": 1.0096993239e+12,
        "max": 13861851,
        "mean": 5387736,
        "median": 4769661,
        "min": 3359807.5,
        "var": 3.16577257882e+12
    },
    "spectral_strongpeak": {
        "dmean": 0.155753910542,
        "dmean2": 0.278583943844,
        "dvar": 0.142483487725,
        "dvar2": 0.448357075453,
        "max": 3.13991212845,
        "mean": 0.297107845545,
        "median": 0.202798515558,
        "min": 0,
        "var": 0.12997841835
    },
    "zerocrossingrate": {
        "dmean": 0.0161830354482,
        "dmean2": 0.0205148383975,
        "dvar": 0.000291209726129,
        "dvar2": 0.000485632801428,
        "max": 0.2626953125,
        "mean": 0.1164637357,
        "median": 0.10888671875,
        "min": 0.044921875,
        "var": 0.00219265767373
    },
    "barkbands": {
        "dmean": [3.17308986268e-05, 1.53316887008e-05, 0.000367801665561, 0.0014418438077, 0.000654935371131, 0.000584064866416, 0.000520479108673, 0.000143053664942, 0.000527242838871, 0.000212720871787, 0.000169442544575, 0.000214231768041, 0.000348708708771, 0.000490966660436, 0.000324091175571, 0.00050078460481, 0.000355413649231, 0.000407478713896, 0.000616317149252, 0.000661099446006, 0.000381850026315, 0.000151001571794, 0.000122455006931, 0.000202690949664, 0.000173990425537, 5.15875835845e-05, 5.08099765284e-06],
        "dmean2": [5.50594522792e-05, 1.85821609193e-05, 0.000616378500126, 0.00237807119265, 0.000621523708105, 0.000745445431676, 0.000838293635752, 0.000234786522924, 0.000803999253549, 0.000280903303064, 0.000201937044039, 0.000290611409582, 0.000488511752337, 0.000634406518657, 0.000501150789205, 0.000744611723348, 0.000448822916951, 0.000460378301796, 0.000625968561508, 0.000659051467665, 0.000359381985618, 0.00015669320419, 0.000107196094177, 0.000183819254744, 0.000148325605551, 4.67153877253e-05, 6.59120860291e-06],
        "dvar": [1.26849641902e-09, 1.56901620585e-08, 7.93394792709e-06, 0.000128080064314, 1.20836848509e-05, 3.82021198675e-06, 4.87283296025e-06, 2.89976469503e-07, 8.44576243253e-06, 6.42033342046e-07, 6.73354008995e-07, 5.974085866e-07, 2.52501558862e-06, 6.73854538036e-06, 2.37913468482e-06, 8.00500311016e-06, 2.49104118666e-06, 4.61559102405e-06, 7.88835768617e-06, 1.21926923384e-05, 4.46633748652e-06, 6.92864489338e-07, 4.71079317776e-07, 1.42825513194e-06, 9.84735265774e-07, 9.65058362112e-08, 5.30550825495e-10],
        "dvar2": [3.00163427447e-09, 1.58715049992e-08, 1.68296137417e-05, 0.000308737187879, 5.25633095094e-06, 3.96216137233e-06, 1.38609648275e-05, 7.01553688032e-07, 2.07337925531e-05, 1.07722917164e-06, 1.14547685826e-06, 1.20196148146e-06, 3.59313958143e-06, 1.45081685332e-05, 4.94276946483e-06, 1.73954595084e-05, 4.60420551462e-06, 6.82525069351e-06, 8.46420880407e-06, 1.93386185856e-05, 3.95973938794e-06, 6.22244840542e-07, 5.55476049158e-07, 1.61384491548e-06, 1.18128241411e-06, 1.40144280181e-07, 1.0483385271e-09],
        "max": [0.00027293828316, 0.00150221725926, 0.0370453707874, 0.136810287833, 0.0601086318493, 0.0379656329751, 0.0223791785538, 0.00658618658781, 0.0286447517574, 0.00983958132565, 0.00931591354311, 0.0123436227441, 0.0208953879774, 0.0311073474586, 0.0205583274364, 0.0320334620774, 0.0200333800167, 0.0275790579617, 0.0386038608849, 0.0442761480808, 0.0259873848408, 0.0100134806708, 0.00777290482074, 0.0138661339879, 0.0125929415226, 0.00357594713569, 0.000282308377791],
        "mean": [2.68776311714e-05, 1.79136404768e-05, 0.0005740969209, 0.00187312567141, 0.00138806016184, 0.00121071760077, 0.000647701672278, 0.00024716212647, 0.000560425338335, 0.000312611955451, 0.000200170703465, 0.000364929845091, 0.000588160939515, 0.000591152871493, 0.000573506520595, 0.000724187528249, 0.000565752037801, 0.00068356085103, 0.0009880712023, 0.000841938832309, 0.000657323165797, 0.000274479883956, 0.000187255049241, 0.00031438973383, 0.000272988952929, 6.39116187813e-05, 1.62450087373e-05],
        "median": [1.71491810761e-05, 5.70016345591e-06, 3.72264253201e-06, 3.53191935574e-05, 0.0003540176549, 0.000201060000109, 3.88942207792e-05, 3.73427319573e-05, 2.38721604546e-05, 1.35113868964e-05, 8.41819382913e-06, 1.67588696058e-05, 1.47145537994e-05, 1.64930424944e-05, 1.36624821607e-05, 1.76866924448e-05, 1.39540507007e-05, 9.61628575169e-06, 1.33727189677e-05, 8.2293718151e-06, 4.68770576845e-06, 1.83909685347e-06, 1.10626444894e-06, 1.71783517544e-06, 1.72127965925e-06, 1.33658431878e-06, 1.21373659567e-05],
        "min": [1.85191467494e-07, 7.87037208738e-07, 1.27059536226e-07, 1.1891778513e-06, 8.18789339974e-06, 7.6835276559e-06, 1.21264793052e-06, 1.01580712908e-06, 6.78680351029e-07, 2.43671706812e-07, 1.76492406467e-07, 9.72183755721e-08, 2.98695596257e-07, 2.70327888074e-07, 2.20932122375e-07, 1.9426759934e-07, 2.37222465671e-07, 2.52605303785e-07, 2.70058649221e-07, 2.30322072525e-07, 1.94478445792e-07, 1.99243771704e-07, 2.07510950645e-07, 3.71770852325e-07, 4.72503899118e-07, 7.72629732637e-07, 7.35763433113e-06],
        "var": [1.16626641677e-09, 1.57712793936e-08, 1.62093092513e-05, 0.000189590922673, 3.01118325297e-05, 1.66920217453e-05, 5.92934929955e-06, 5.54129314878e-07, 6.64973504172e-06, 1.26318468574e-06, 8.52480980029e-07, 1.83034626389e-06, 6.43287239654e-06, 8.4638268163e-06, 6.08824393566e-06, 1.13795013021e-05, 5.27452402821e-06, 9.5103005151e-06, 2.08598448808e-05, 2.02306418942e-05, 1.09091015474e-05, 1.81907523711e-06, 8.78908110735e-07, 2.82145833808e-06, 2.15312479668e-06, 1.40001915838e-07, 6.91328105873e-10]
    },
    "erbbands": {
        "dmean": [0.000498343433719, 0.00701540987939, 0.247121080756, 3.82467770576, 2.57925796509, 1.84277153015, 4.09044408798, 4.88963794708, 7.90767288208, 5.47030067444, 4.17422008514, 13.6486978531, 7.4492726326, 5.65592956543, 8.01233577728, 10.9969329834, 13.648317337, 25.050989151, 17.4160079956, 21.3445911407, 24.1317806244, 20.1489334106, 22.8007183075, 26.8449249268, 34.6981391907, 31.4611263275, 21.0454959869, 9.11826324463, 5.70047664642, 3.43530154228, 4.11120605469, 3.08431339264, 4.22005462646, 2.25273299217, 1.14393246174, 0.399910181761, 0.058650828898, 0.00658220751211, 0.000861684791744, 7.68761019572e-05],
        "dmean2": [0.000595443008933, 0.00560215162113, 0.42286247015, 6.17616939545, 2.21793746948, 1.74164068699, 6.18277072906, 6.25600242615, 12.1302042007, 9.46764564514, 6.26829576492, 20.1974201202, 11.0467157364, 7.64770317078, 10.7250328064, 13.9958715439, 16.8148670197, 32.7820053101, 20.6081371307, 31.7064933777, 33.4926223755, 24.0898246765, 23.490978241, 32.9842834473, 32.0146980286, 31.718132019, 20.7701568604, 10.1918668747, 5.40459346771, 3.16343927383, 3.40257740021, 2.66419696808, 3.90423679352, 1.90467429161, 1.05218482018, 0.349078834057, 0.0514878891408, 0.0062090465799, 0.000954612100031, 0.000101945806819],
        "dvar": [4.21586673838e-06, 0.00200369465165, 3.87703990936, 864.995239258, 245.202285767, 97.8035964966, 212.957305908, 311.424072266, 1660.24108887, 301.641326904, 372.217803955, 5972.53076172, 1241.92260742, 608.343994141, 1148.26574707, 2220.44360352, 3893.13305664, 16174.1376953, 7162.68652344, 13873.640625, 16365.4853516, 9634.99121094, 13648.6826172, 16954.7148438, 30852.4746094, 26789.5410156, 12813.7509766, 2684.15258789, 907.42376709, 285.312805176, 556.630187988, 273.372650146, 643.639648438, 167.658279419, 43.4114761353, 5.64013004303, 0.121644429862, 0.00149884552229, 1.87014338735e-05, 6.96594355531e-08],
        "dvar2": [1.96778182726e-06, 0.000646101951133, 7.84487485886, 2147.55541992, 90.1115493774, 63.4444961548, 453.233001709, 328.047180176, 3677.40185547, 933.288146973, 964.895568848, 14269.0253906, 2883.77368164, 747.430236816, 2063.44067383, 4510.37548828, 5876.06738281, 33890.1796875, 11358.0419922, 32008.9863281, 31892.1621094, 16483.2128906, 22823.546875, 23181.2734375, 47133.2304688, 35851.3945312, 12428.8876953, 2713.87670898, 715.315307617, 198.9972229, 762.567687988, 224.548721313, 817.87121582, 219.59185791, 47.1003379822, 8.20962524414, 0.179175779223, 0.00243320129812, 3.28778332914e-05, 1.25265302131e-07],
        "max": [0.0329382605851, 0.785493612289, 25.9796638489, 343.684204102, 271.798858643, 176.227157593, 191.57963562, 356.260467529, 488.432403564, 184.049926758, 204.899703979, 760.821350098, 405.995025635, 288.429016113, 403.636291504, 666.11151123, 945.486938477, 1596.62109375, 1077.2956543, 1427.8380127, 1550.3815918, 1270.45935059, 1501.16870117, 1655.39282227, 2310.30566406, 2128.37548828, 1429.33044434, 594.480895996, 385.412841797, 219.131591797, 265.121368408, 209.738647461, 288.283935547, 159.668167114, 83.1242980957, 28.1517086029, 4.1459980011, 0.457456827164, 0.0535495877266, 0.00368412281387],
        "mean": [0.000714315567166, 0.0101768029854, 0.413288712502, 4.4660243988, 5.01820850372, 3.61538624763, 6.99572706223, 10.4264974594, 10.3126926422, 8.68017959595, 5.53508281708, 14.3671674728, 10.7084302902, 9.05601596832, 9.9864320755, 17.0331726074, 24.8958034515, 32.3589668274, 28.1337375641, 31.0052146912, 39.7195472717, 33.9021224976, 37.2605438232, 48.4651947021, 45.8977432251, 42.9153823853, 34.4784431458, 17.2670669556, 10.0934066772, 6.20463609695, 5.85583543777, 5.44421195984, 5.72317409515, 3.38192844391, 1.81524956226, 0.512915551662, 0.0756476819515, 0.0098774805665, 0.00215728930198, 0.00030012964271],
        "median": [0.000324377266224, 0.00110282434616, 0.00473382230848, 0.0859873890877, 1.18053877354, 0.717905580997, 0.275203049183, 1.95063352585, 1.32899355888, 0.839421391487, 0.618857622147, 0.615836322308, 0.440808385611, 0.45103058219, 0.519954383373, 0.658353984356, 0.689147293568, 1.04973578453, 0.744196534157, 0.758481264114, 0.910472273827, 0.812279462814, 0.585124135017, 0.647141575813, 0.642269194126, 0.365796118975, 0.242553710938, 0.148486301303, 0.0728676840663, 0.0380343236029, 0.0322599373758, 0.0325310267508, 0.0316556468606, 0.0208121463656, 0.0113301165402, 0.00434512458742, 0.00250528007746, 0.00232556695119, 0.00133612111676, 0.000241586036282],
        "min": [3.09196548187e-05, 0.000137248702231, 0.000572640274186, 0.00485144695267, 0.0246011428535, 0.015282265842, 0.0297488700598, 0.0441632829607, 0.048818256706, 0.0361917242408, 0.0358242802322, 0.0176021307707, 0.00830322038382, 0.0096715381369, 0.00809600763023, 0.00403913063928, 0.0115443654358, 0.0151029685512, 0.0163671821356, 0.019727839157, 0.013783914037, 0.0150869628415, 0.0161933898926, 0.0147178471088, 0.0127242589369, 0.0103203942999, 0.00961017049849, 0.00758066959679, 0.00677657546476, 0.00582343013957, 0.00720255216584, 0.00666437111795, 0.00636934209615, 0.00504497019574, 0.00341377803124, 0.00183074059896, 0.0014761055354, 0.00148574844934, 0.000723057892174, 0.000135649461299],
        "var": [8.17490308691e-06, 0.00513850152493, 8.46024799347, 1099.51074219, 616.621582031, 292.373809814, 523.735168457, 1494.62780762, 2181.50830078, 479.237823486, 401.470336914, 4623.10546875, 1708.74035645, 1303.11572266, 1620.82287598, 4734.16357422, 11325.7802734, 23426.9082031, 15593.8320312, 20422.5351562, 30890.1835938, 19826.7167969, 26704.4726562, 46959.3359375, 55159.9414062, 51192.7382812, 30161.2128906, 6843.81689453, 2469.44750977, 868.588256836, 923.582458496, 737.514099121, 1049.15917969, 327.550567627, 98.6679840088, 8.86567115784, 0.188452228904, 0.00213746842928, 2.70425334747e-05, 1.21467422787e-07]
    },
    "gfcc": {
        "mean": [-99.9729614258, 45.0497436523, -102.684661865, -2.38831377029, -50.0521850586, -24.0094661713, -44.2112197876, -13.1679458618, -25.378446579, -6.68394374847, -9.75511264801, -8.82891845703, -7.82120609283],
        "cov": [[11452.171875, -798.028991699, -3766.23876953, 871.833862305, -1244.39306641, 562.506713867, -625.282653809, 389.047027588, -739.988830566, 61.2738342285, -381.091949463, -164.28163147, -93.5152893066], [-798.028991699, 468.964996338, 366.348754883, -150.573486328, 115.082336426, -125.109321594, 27.5576992035, -102.988647461, 26.0703887939, -46.2715759277, 10.2417469025, -36.2851257324, -17.677438736], [-3766.23876953, 366.348754883, 1762.93237305, -254.484939575, 398.652099609, -163.501708984, 127.07989502, -137.88911438, 199.309570312, -17.0547790527, 70.6070632935, 27.5117702484, -25.9873352051], [871.833862305, -150.573486328, -254.484939575, 150.053924561, -84.0418624878, 69.0206985474, -56.0075492859, 41.1275634766, -51.2668838501, 14.7360715866, -25.3697891235, -6.87848091125, -1.94326102734], [-1244.39306641, 115.082336426, 398.652099609, -84.0418624878, 215.304763794, -44.7141304016, 89.1964187622, -37.2381439209, 88.2110671997, 2.01662564278, 50.0294570923, 14.0699539185, 10.0074625015], [562.506713867, -125.109321594, -163.501708984, 69.0206985474, -44.7141304016, 93.2877502441, -11.0609369278, 51.2957038879, -34.4829521179, 16.3380069733, -13.5371398926, 3.59327459335, -0.642162084579], [-625.282653809, 27.5576992035, 127.07989502, -56.0075492859, 89.1964187622, -11.0609369278, 90.0989837646, 1.8648352623, 59.2755088806, 3.13723301888, 31.5737552643, 13.8099412918, 13.001994133], [389.047027588, -102.988647461, -137.88911438, 41.1275634766, -37.2381439209, 51.2957038879, 1.8648352623, 65.6562194824, -4.44722366333, 20.9835777283, -10.0123720169, 2.00977706909, -1.91133987904], [-739.988830566, 26.0703887939, 199.309570312, -51.2668838501, 88.2110671997, -34.4829521179, 59.2755088806, -4.44722366333, 81.2821273804, 14.7065887451, 32.5547637939, 13.9233417511, 6.29775667191], [61.2738342285, -46.2715759277, -17.0547790527, 14.7360715866, 2.01662564278, 16.3380069733, 3.13723301888, 20.9835777283, 14.7065887451, 37.6582298279, 14.0348939896, 9.1458864212, -1.17023169994], [-381.091949463, 10.2417469025, 70.6070632935, -25.3697891235, 50.0294570923, -13.5371398926, 31.5737552643, -10.0123720169, 32.5547637939, 14.0348939896, 41.1588134766, 21.2976512909, 12.885424614], [-164.28163147, -36.2851257324, 27.5117702484, -6.87848091125, 14.0699539185, 3.59327459335, 13.8099412918, 2.00977706909, 13.9233417511, 9.1458864212, 21.2976512909, 29.2773475647, 14.9504623413], [-93.5152893066, -17.677438736, -25.9873352051, -1.94326102734, 10.0074625015, -0.642162084579, 13.001994133, -1.91133987904, 6.29775667191, -1.17023169994, 12.885424614, 14.9504623413, 27.9354724884]],
        "icov": [[0.00351336970925, -0.00391557021067, 0.00464171078056, -0.0052525526844, 0.00296549266204, -0.00364859355614, 0.00273947417736, -0.00374325481243, 0.00918228831142, -0.00945613905787, 0.0114644803107, -0.0054101110436, 0.00569981848821], [-0.00391557021067, 0.0102072861046, -0.00551660079509, 0.009172918275, -0.00482829567045, 0.00763686094433, -0.00361845991574, 0.00635309377685, -0.00584485847503, 0.0110006807372, -0.0157600715756, 0.0144410179928, -0.00579879246652], [0.00464171078056, -0.00551660079509, 0.00763364275917, -0.00616398174316, 0.00179546780419, -0.0056532160379, 0.00515176309273, -0.00312808854505, 0.00922667235136, -0.0121604362503, 0.0178223084658, -0.0105429962277, 0.0101672792807], [-0.0052525526844, 0.009172918275, -0.00616398174316, 0.0250889882445, -0.00610954128206, -0.00195834506303, 0.00548523198813, 0.00609846785665, -0.0145145179704, 0.0126755973324, -0.0182094685733, 0.0161800980568, -0.0122164217755], [0.00296549266204, -0.00482829567045, 0.00179546780419, -0.00610954128206, 0.0186374895275, -0.0074763931334, -0.00488952966407, 0.00131876638625, 0.000982534722425, -0.00670026428998, 0.000747412792407, 0.00188354949933, 0.0017795979511], [-0.00364859355614, 0.00763686094433, -0.0056532160379, -0.00195834506303, -0.0074763931334, 0.0413102470338, -0.0157370138913, -0.0140143828467, 0.0167627092451, 0.00188149779569, -0.00898507423699, -0.000106319508632, -0.00228177546524], [0.00273947417736, -0.00361845991574, 0.00515176309273, 0.00548523198813, -0.00488952966407, -0.0157370138913, 0.0415728352964, -0.0101235182956, -0.0154947042465, 0.00741595169529, -0.00287961633876, 0.000820737157483, -0.00190441694576], [-0.00374325481243, 0.00635309377685, -0.00312808854505, 0.00609846785665, 0.00131876638625, -0.0140143828467, -0.0101235182956, 0.0495201162994, -0.0238407868892, -0.00459036044776, 0.00596258230507, 0.00382692948915, -0.00330688129179], [0.00918228831142, -0.00584485847503, 0.00922667235136, -0.0145145179704, 0.000982534722425, 0.0167627092451, -0.0154947042465, -0.0238407868892, 0.0810022354126, -0.0420661643147, 0.0236770175397, -0.0120121985674, 0.0157111808658], [-0.00945613905787, 0.0110006807372, -0.0121604362503, 0.0126755973324, -0.00670026428998, 0.00188149779569, 0.00741595169529, -0.00459036044776, -0.0420661643147, 0.0818070322275, -0.0612349919975, 0.0156524330378, -0.0036679788027], [0.0114644803107, -0.0157600715756, 0.0178223084658, -0.0182094685733, 0.000747412792407, -0.00898507423699, -0.00287961633876, 0.00596258230507, 0.0236770175397, -0.0612349919975, 0.122792176902, -0.0633099675179, 0.0143321538344], [-0.0054101110436, 0.0144410179928, -0.0105429962277, 0.0161800980568, 0.00188354949933, -0.000106319508632, 0.000820737157483, 0.00382692948915, -0.0120121985674, 0.0156524330378, -0.0633099675179, 0.101186260581, -0.0400388166308], [0.00569981848821, -0.00579879246652, 0.0101672792807, -0.0122164217755, 0.0017795979511, -0.00228177546524, -0.00190441694576, -0.00330688129179, 0.0157111808658, -0.0036679788027, 0.0143321538344, -0.0400388166308, 0.0709078609943]]
    },
    "melbands": {
        "dmean": [5.07687900608e-06, 7.59132090025e-05, 0.000505527772475, 0.000160510797286, 0.000131738561322, 0.000117481846246, 0.000118973548524, 4.61619019916e-05, 3.58364923159e-05, 8.76412959769e-05, 3.73698567273e-05, 2.45267619903e-05, 2.44395705522e-05, 1.72793479578e-05, 5.65859481867e-05, 2.29790621233e-05, 5.07061486132e-05, 2.65538110398e-05, 2.89508443529e-05, 3.58171710104e-05, 2.25841595238e-05, 2.25493186008e-05, 1.83331721928e-05, 2.27359323617e-05, 2.47501102422e-05, 2.45541996264e-05, 2.41092893702e-05, 2.14126594074e-05, 1.45279882418e-05, 8.74221768754e-06, 5.0689195632e-06, 3.39671237271e-06, 2.38748248194e-06, 1.81459290616e-06, 2.69721067525e-06, 1.81055952453e-06, 1.80205745437e-06, 3.14005887958e-06, 2.40596227741e-06, 1.76860612555e-06],
        "dmean2": [7.14191901352e-06, 0.000131739361677, 0.000851922028232, 0.000166050434927, 0.000203010204132, 0.000147187660332, 0.000185801211046, 7.85594966146e-05, 5.25019422639e-05, 0.000132098663016, 5.62095992791e-05, 3.39212674589e-05, 3.11575495289e-05, 2.502393545e-05, 7.14688867447e-05, 2.51511555689e-05, 6.99532829458e-05, 2.9309425372e-05, 4.73389263789e-05, 5.29520439159e-05, 2.75164165942e-05, 2.83610806946e-05, 2.04711559491e-05, 2.62445573753e-05, 3.16783662129e-05, 2.66849347099e-05, 2.6086685466e-05, 2.10472389881e-05, 1.56106343638e-05, 8.72797863849e-06, 6.0205002228e-06, 3.45064950125e-06, 2.15472823584e-06, 1.41546547638e-06, 2.48963306149e-06, 1.70808368694e-06, 1.65921176176e-06, 3.00471901937e-06, 2.23941015065e-06, 1.55769623689e-06],
        "dvar": [7.18617776396e-10, 3.81210753631e-07, 1.5945177438e-05, 1.00172837847e-06, 2.9280590752e-07, 1.90263378386e-07, 3.49297039293e-07, 1.97769853827e-08, 2.77303175977e-08, 2.55960145523e-07, 2.97862463583e-08, 1.03308943622e-08, 1.27801316196e-08, 2.63545651968e-09, 8.65382787651e-08, 6.56116183606e-09, 7.27391693545e-08, 1.70693343904e-08, 1.75230603361e-08, 4.68861500735e-08, 1.21651320129e-08, 1.01045731782e-08, 9.07617447865e-09, 1.50317269743e-08, 1.43614409254e-08, 1.37200979466e-08, 1.84484285626e-08, 1.17336753647e-08, 6.33859231769e-09, 2.03022310075e-09, 7.59262985817e-10, 3.79624442992e-10, 1.33675986946e-10, 6.7325117703e-11, 2.48384091073e-10, 1.10573265821e-10, 8.79923425789e-11, 3.62792434982e-10, 2.03796632348e-10, 1.00201902331e-10],
        "dvar2": [7.39204641942e-10, 7.01657427271e-07, 3.68554865418e-05, 4.65273302552e-07, 6.64219044211e-07, 2.14030649204e-07, 8.5119893356e-07, 5.3116643528e-08, 6.82575276301e-08, 6.23829691904e-07, 6.93240806982e-08, 1.30524906439e-08, 2.22497824609e-08, 4.17245660245e-09, 1.699867056e-07, 9.56527834717e-09, 1.59471639449e-07, 2.52705500969e-08, 4.42264322942e-08, 1.05949027329e-07, 1.83028543432e-08, 1.80894197399e-08, 1.33663640156e-08, 2.87702555113e-08, 2.3589898035e-08, 2.30419434644e-08, 2.92121118406e-08, 1.57042343574e-08, 7.38241823228e-09, 1.58284962914e-09, 1.03121056139e-09, 3.42849526547e-10, 9.4920238336e-11, 4.00339726647e-11, 3.82967435542e-10, 1.10411811638e-10, 7.18892168017e-11, 4.47361342415e-10, 3.18126969212e-10, 1.26097174369e-10],
        "max": [0.000323353830026, 0.0082979677245, 0.0496746562421, 0.0160309821367, 0.00715904682875, 0.00838439166546, 0.00668003875762, 0.00176263635512, 0.00177446892485, 0.0049224360846, 0.00198708660901, 0.00117971724831, 0.00130252749659, 0.00082591548562, 0.00357710756361, 0.00144177535549, 0.00319764134474, 0.0015897579724, 0.00165113399271, 0.0024065549951, 0.00145608442836, 0.00128478521947, 0.00115682545584, 0.00154398346785, 0.00151456915773, 0.0016072698636, 0.00161412847228, 0.00144106720109, 0.000971623929217, 0.000584552355576, 0.00031952073914, 0.000231247700867, 0.000156162175699, 0.000114376714919, 0.000174959030119, 0.000116089373478, 0.000125070058857, 0.000213754508877, 0.000165359160746, 0.000126496830489],
        "mean": [6.20807168161e-06, 0.000138706935104, 0.000762277690228, 0.000300448009511, 0.000220231639105, 0.000236335850786, 0.000157465532538, 8.64327666932e-05, 4.7316414566e-05, 8.92879979801e-05, 5.26140574948e-05, 3.76135576516e-05, 2.96051694022e-05, 3.53445575456e-05, 6.72612295602e-05, 4.94375162816e-05, 5.98601836828e-05, 4.06833678426e-05, 4.51230152976e-05, 4.80602066091e-05, 4.30898217019e-05, 3.62203936675e-05, 3.04467539536e-05, 3.38490681315e-05, 4.02024597861e-05, 3.42409439327e-05, 2.92159566015e-05, 2.90420630336e-05, 2.19415778702e-05, 1.57360318553e-05, 8.35141418065e-06, 6.17263594904e-06, 4.07961397286e-06, 3.14206909025e-06, 3.60124317922e-06, 2.9811285458e-06, 3.28582200382e-06, 4.2326332732e-06, 3.19297055285e-06, 2.76227524409e-06],
        "median": [3.24271945829e-06, 1.81334826266e-06, 4.48175269412e-05, 8.23894515634e-05, 8.4607536337e-06, 4.41155971203e-05, 1.98145953618e-05, 9.71389363258e-06, 4.58116801383e-06, 3.6606240883e-06, 2.33723312704e-06, 1.77288575287e-06, 1.44596515383e-06, 1.90472542272e-06, 1.66071879448e-06, 1.67867437995e-06, 1.85770932148e-06, 9.667944596e-07, 1.01737543901e-06, 1.17133004096e-06, 9.9364046946e-07, 9.77974877969e-07, 5.3796929933e-07, 5.23681705999e-07, 5.04068907503e-07, 5.30088641426e-07, 3.19378131053e-07, 2.51109952387e-07, 1.72021245248e-07, 1.14564123521e-07, 6.89358756745e-08, 4.20789483258e-08, 2.75923408566e-08, 1.8610938568e-08, 1.73554806082e-08, 2.04036840756e-08, 2.02943457595e-08, 2.34400783228e-08, 1.92429965296e-08, 1.57308264193e-08],
        "min": [3.44072901726e-07, 1.75344936792e-07, 1.29782188196e-06, 1.37548011026e-06, 5.92862647864e-07, 1.18176114938e-06, 8.57408792854e-07, 3.8689648818e-07, 2.51265817042e-07, 9.16154121455e-08, 3.64789940477e-08, 3.38825394408e-08, 2.99803311066e-08, 1.00883896792e-08, 1.50783261432e-08, 2.66031019436e-08, 2.52383500765e-08, 2.51317224809e-08, 2.52890011154e-08, 1.66174114469e-08, 1.30596156112e-08, 1.13347402575e-08, 1.60299862273e-08, 7.96828558691e-09, 1.01218606829e-08, 9.23429510635e-09, 8.8242426699e-09, 5.77354697384e-09, 5.72148373124e-09, 4.10928135963e-09, 4.31727409378e-09, 3.3241260855e-09, 3.2157250196e-09, 2.77451528419e-09, 3.73935726827e-09, 3.16564086056e-09, 4.24842827584e-09, 4.13642942121e-09, 4.16886702936e-09, 4.18978807204e-09],
        "var": [7.28579474529e-10, 9.31460533593e-07, 2.68821149803e-05, 1.97395820578e-06, 6.50141998904e-07, 7.68370853166e-07, 4.40015185177e-07, 4.52480328761e-08, 2.96073583428e-08, 1.90665247146e-07, 4.0952595981e-08, 2.16544187026e-08, 1.64115263601e-08, 1.38163471775e-08, 1.15941148238e-07, 3.53152280752e-08, 8.79813129018e-08, 3.34365601873e-08, 3.8352023779e-08, 5.51988001973e-08, 3.26033990916e-08, 2.17471836095e-08, 1.71988912001e-08, 2.49635565552e-08, 3.35511316507e-08, 2.69010236309e-08, 2.66417750083e-08, 2.34126726895e-08, 1.27073525036e-08, 5.91238658032e-09, 1.59346480455e-09, 9.47634970494e-10, 3.92971266638e-10, 2.17962259352e-10, 3.66644992145e-10, 2.25073085169e-10, 2.63671168232e-10, 5.88525894685e-10, 3.0994481981e-10, 2.13930387294e-10]
    },
    "mfcc": {
        "mean": [-756.357849121, 106.070793152, -8.34525108337, 15.9592876434, 1.01873493195, -11.9323320389, -9.38593673706, -16.1994285583, -12.4095878601, -7.48576021194, -7.6653137207, -3.15132451057, -5.16529083252],
        "cov": [[15180.3837891, -2467.9465332, -2739.22827148, -453.755371094, -894.120117188, -309.259277344, -79.1379394531, -201.845825195, -193.196121216, -175.532684326, -290.445373535, -264.045318604, -352.271697998], [-2467.9465332, 842.661987305, 487.495819092, 72.0584564209, 141.140609741, 25.7620029449, 1.56751406193, -16.1561336517, 2.92260622978, -1.97818470001, 23.347864151, 30.6485939026, 38.2186965942], [-2739.22827148, 487.495819092, 857.104736328, 108.072845459, 213.083557129, 52.9730834961, -2.26559972763, 7.75821685791, 22.8917274475, 10.1743240356, 36.3115119934, 28.5469150543, 38.7691574097], [-453.755371094, 72.0584564209, 108.072845459, 67.2018280029, 50.519329071, 17.5632762909, -4.27519226074, -3.14017701149, 1.47401440144, 8.07446670532, 8.13066101074, 9.49084186554, 6.36803197861], [-894.120117188, 141.140609741, 213.083557129, 50.519329071, 114.17590332, 36.8771400452, 15.2934656143, 6.34034633636, 13.5131101608, 12.0775232315, 20.2095451355, 17.752407074, 21.7270812988], [-309.259277344, 25.7620029449, 52.9730834961, 17.5632762909, 36.8771400452, 40.4986190796, 19.7259883881, 10.4098062515, 5.45665884018, 6.23427724838, 7.92082977295, 10.2506656647, 14.9269447327], [-79.1379394531, 1.56751406193, -2.26559972763, -4.27519226074, 15.2934656143, 19.7259883881, 39.6160240173, 17.5056610107, 8.97252464294, 7.06281614304, 6.22393274307, 3.79663133621, 5.60760974884], [-201.845825195, -16.1561336517, 7.75821685791, -3.14017701149, 6.34034633636, 10.4098062515, 17.5056610107, 39.577331543, 18.2154846191, 13.2134771347, 12.2950658798, 5.34869194031, 9.1935634613], [-193.196121216, 2.92260622978, 22.8917274475, 1.47401440144, 13.5131101608, 5.45665884018, 8.97252464294, 18.2154846191, 31.2965927124, 19.4902248383, 13.3131017685, 6.65419340134, 8.64814758301], [-175.532684326, -1.97818470001, 10.1743240356, 8.07446670532, 12.0775232315, 6.23427724838, 7.06281614304, 13.2134771347, 19.4902248383, 36.9504241943, 23.0693130493, 10.7904310226, 9.96335029602], [-290.445373535, 23.347864151, 36.3115119934, 8.13066101074, 20.2095451355, 7.92082977295, 6.22393274307, 12.2950658798, 13.3131017685, 23.0693130493, 36.3722610474, 21.2249221802, 17.9282989502], [-264.045318604, 30.6485939026, 28.5469150543, 9.49084186554, 17.752407074, 10.2506656647, 3.79663133621, 5.34869194031, 6.65419340134, 10.7904310226, 21.2249221802, 31.9596290588, 24.5410366058], [-352.271697998, 38.2186965942, 38.7691574097, 6.36803197861, 21.7270812988, 14.9269447327, 5.60760974884, 9.1935634613, 8.64814758301, 9.96335029602, 17.9282989502, 24.5410366058, 35.0632972717]],
