{
"lowlevel": {
    "average_loudness": 0.974776864052,
    "barkbands_crest": {
        "dmean": 2.72970366478,
        "dmean2": 4.82279968262,
        "dvar": 5.00313234329,
        "dvar2": 16.4668235779,
        "max": 14.5317773819,
        "mean": 6.63366127014,
        "median": 6.13675880432,
        "min": 2.77081418037,
        "var": 7.23035526276
    },
    "barkbands_flatness_db": {
        "dmean": 0.0212475210428,
        "dmean2": 0.038438372314,
        "dvar": 0.000590991403442,
        "dvar2": 0.00169110996649,
        "max": 0.206453189254,
        "mean": 0.0659098625183,
        "median": 0.0596598275006,
        "min": 0.027600120753,
        "var": 0.000727794016711
    },
    "barkbands_kurtosis": {
        "dmean": 1.49982655048,
        "dmean2": 2.65197134018,
        "dvar": 6.50905990601,
        "dvar2": 19.2078876495,
        "max": 15.5671100616,
        "mean": 0.40263491869,
        "median": -0.384925127029,
        "min": -1.62754499912,
        "var": 7.43671369553
    },
    "barkbands_skewness": {
        "dmean": 0.548142075539,
        "dmean2": 0.919800102711,
        "dvar": 0.378558546305,
        "dvar2": 0.877607405186,
        "max": 2.20450854301,
        "mean": 0.28110909462,
        "median": 0.589649200439,
        "min": -3.29918241501,
        "var": 1.09101200104
    },
    "barkbands_spread": {
        "dmean": 8.60527610779,
        "dmean2": 14.2873382568,
        "dvar": 69.0656661987,
        "dvar2": 185.058654785,
        "max": 80.1174316406,
        "mean": 35.9142608643,
        "median": 36.5997390747,
        "min": 5.403195858,
        "var": 143.435913086
    },
    "dissonance": {
        "dmean": 0.00897945463657,
        "dmean2": 0.0150354467332,
        "dvar": 7.9610159446e-05,
        "dvar2": 0.000154918510816,
        "max": 0.499999970198,
        "mean": 0.489186167717,
        "median": 0.491382300854,
        "min": 0.426560282707,
        "var": 9.75318034762e-05
    },
    "dynamic_complexity": 7.03300189972,
    "erbbands_crest": {
        "dmean": 1.25809538364,
        "dmean2": 2.163002491,
        "dvar": 1.51538383961,
        "dvar2": 4.18488025665,
        "max": 11.8048229218,
        "mean": 5.03313970566,
        "median": 4.55552053452,
        "min": 2.63453316689,
        "var": 2.35743379593
    },
    "erbbands_flatness_db": {
        "dmean": 0.0150466710329,
        "dmean2": 0.0254372898489,
        "dvar": 0.000441299722297,
        "dvar2": 0.00116866000462,
        "max": 0.264589160681,
        "mean": 0.133877679706,
        "median": 0.130850419402,
        "min": 0.100401774049,
        "var": 0.000634420954157
    },
    "erbbands_kurtosis": {
        "dmean": 0.559757292271,
        "dmean2": 0.860754728317,
        "dvar": 0.446368932724,
        "dvar2": 0.646268725395,
        "max": 4.12359523773,
        "mean": -0.153131470084,
        "median": -0.780711293221,
        "min": -1.35649251938,
        "var": 1.73786151409
    },
    "erbbands_skewness": {
        "dmean": 0.277590841055,
        "dmean2": 0.429353415966,
        "dvar": 0.0614668391645,
        "dvar2": 0.139672964811,
        "max": 0.635278046131,
        "mean": -0.394256234169,
        "median": -0.329698979855,
        "min": -1.83654046059,
        "var": 0.269230693579
    },
    "erbbands_spread": {
        "dmean": 6.41895103455,
        "dmean2": 10.4734115601,
        "dvar": 42.0818405151,
        "dvar2": 82.924621582,
        "max": 62.5486831665,
        "mean": 38.3985900879,
        "median": 40.1150474548,
        "min": 11.1033887863,
        "var": 95.097618103
    },
    "hfc": {
        "dmean": 32.0491905212,
        "dmean2": 61.7422561646,
        "dvar": 9434.48828125,
        "dvar2": 29393.7636719,
        "max": 506.454467773,
        "mean": 24.3948020935,
        "median": 1.29080843925,
        "min": 0.321056455374,
        "var": 6359.08251953
    },
    "melbands_crest": {
        "dmean": 2.74785614014,
        "dmean2": 4.48104190826,
        "dvar": 4.46571159363,
        "dvar2": 12.5240898132,
        "max": 14.9102478027,
        "mean": 8.44899749756,
        "median": 7.99895381927,
        "min": 3.25297641754,
        "var": 9.1092300415
    },
    "melbands_flatness_db": {
        "dmean": 0.020817713812,
        "dmean2": 0.0343512818217,
        "dvar": 0.000291110016406,
        "dvar2": 0.000713534594979,
        "max": 0.186946973205,
        "mean": 0.0916193202138,
        "median": 0.0986218750477,
        "min": 0.0233814977109,
        "var": 0.00131038296968
    },
    "melbands_kurtosis": {
        "dmean": 2.01875019073,
        "dmean2": 3.47084140778,
        "dvar": 3.75002670288,
        "dvar2": 9.86507797241,
        "max": 12.6326828003,
        "mean": 2.28678870201,
        "median": 1.98560762405,
        "min": -1.58607065678,
        "var": 7.78837108612
    },
    "melbands_skewness": {
        "dmean": 0.564668476582,
        "dmean2": 0.935810387135,
        "dvar": 0.328887850046,
        "dvar2": 0.75078099966,
        "max": 3.28750038147,
        "mean": 1.34278166294,
        "median": 1.54060721397,
        "min": -1.36555814743,
        "var": 0.839348077774
    },
    "melbands_spread": {
        "dmean": 15.8760404587,
        "dmean2": 24.9271316528,
        "dvar": 342.368041992,
        "dvar2": 777.208068848,
        "max": 155.551269531,
        "mean": 55.6948623657,
        "median": 42.7828216553,
        "min": 13.3948812485,
        "var": 1126.50878906
    },
    "pitch_salience": {
        "dmean": 0.0699107646942,
        "dmean2": 0.12154212594,
        "dvar": 0.00248438632116,
        "dvar2": 0.00734770856798,
        "max": 0.874131083488,
        "mean": 0.708108007908,
        "median": 0.721850931644,
        "min": 0.472622126341,
        "var": 0.00527403131127
    },
    "silence_rate_20dB": {
        "dmean": 0,
        "dmean2": 0,
        "dvar": 0,
        "dvar2": 0,
        "max": 1,
        "mean": 1,
        "median": 1,
        "min": 1,
        "var": 0
    },
    "silence_rate_30dB": {
        "dmean": 0,
        "dmean2": 0,
        "dvar": 0,
        "dvar2": 0,
        "max": 1,
        "mean": 1,
        "median": 1,
        "min": 1,
        "var": 0
    },
    "silence_rate_60dB": {
        "dmean": 0.0606060624123,
        "dmean2": 0.122448980808,
        "dvar": 0.0569329559803,
        "dvar2": 0.107455186546,
        "max": 1,
        "mean": 0.730000019073,
        "median": 1,
        "min": 0,
        "var": 0.197099864483
    },
    "spectral_centroid": {
        "dmean": 372.053253174,
        "dmean2": 630.681091309,
        "dvar": 210812.734375,
        "dvar2": 458857.3125,
        "max": 4642.68896484,
        "mean": 2436.50244141,
        "median": 2166.97607422,
        "min": 981.137145996,
        "var": 736164.5
    },
    "spectral_complexity": {
        "dmean": 3.55555558205,
        "dmean2": 5.10204076767,
        "dvar": 35.7620697021,
        "dvar2": 78.05078125,
        "max": 54,
        "mean": 8.93000030518,
        "median": 3,
        "min": 0,
        "var": 180.665161133
    },
    "spectral_decrease": {
        "dmean": 5.8758925503e-10,
        "dmean2": 1.06669695299e-09,
        "dvar": 2.58013514923e-18,
        "dvar2": 7.27040969545e-18,
        "max": -3.78971680426e-11,
        "mean": -8.58209447951e-10,
        "median": -1.97198882224e-10,
        "min": -1.03459214529e-08,
        "var": 2.92582840288e-18
    },
    "spectral_energy": {
        "dmean": 0.00509675173089,
        "dmean2": 0.00958127714694,
        "dvar": 0.000193373198272,
        "dvar2": 0.000585131696425,
        "max": 0.0758060291409,
        "mean": 0.0054517602548,
        "median": 0.000876070756931,
        "min": 0.000181252646144,
        "var": 0.000161401607329
    },
    "spectral_energyband_high": {
        "dmean": 0.00374685204588,
        "dmean2": 0.00717535195872,
        "dvar": 0.000136027505505,
        "dvar2": 0.000421900913352,
        "max": 0.0607317537069,
        "mean": 0.00264349277131,
        "median": 5.57461753488e-05,
        "min": 8.33169815451e-06,
        "var": 8.8906585006e-05
    },
    "spectral_energyband_low": {
        "dmean": 9.26349312067e-05,
        "dmean2": 0.000149997489643,
        "dvar": 1.89236743608e-07,
        "dvar2": 4.92877177294e-07,
        "max": 0.00396917294711,
        "mean": 0.000106900137325,
        "median": 3.63658327842e-05,
        "min": 4.11802648159e-06,
        "var": 1.82421970862e-07
    },
    "spectral_energyband_middle_high": {
        "dmean": 0.000907512148842,
        "dmean2": 0.0016479913611,
        "dvar": 6.29842361377e-06,
        "dvar2": 1.6181025785e-05,
        "max": 0.0165348853916,
        "mean": 0.00150865304749,
        "median": 0.000253219215665,
        "min": 2.98382365145e-05,
        "var": 1.0273002772e-05
    },
    "spectral_energyband_middle_low": {
        "dmean": 0.000757504953071,
        "dmean2": 0.001238449011,
        "dvar": 8.08886306913e-06,
        "dvar2": 2.05041542358e-05,
        "max": 0.02247819677,
        "mean": 0.00121653801762,
        "median": 0.000295837206068,
        "min": 5.49813084945e-05,
        "var": 7.60193370297e-06
    },
    "spectral_entropy": {
        "dmean": 0.0900956839323,
        "dmean2": 0.154572933912,
        "dvar": 0.0099086528644,
        "dvar2": 0.0248766727746,
        "max": 8.60861682892,
        "mean": 8.07280063629,
        "median": 8.02248001099,
        "min": 7.60285234451,
        "var": 0.0365205034614
    },
    "spectral_flux": {
        "dmean": 0.0171457510442,
        "dmean2": 0.0287506170571,
        "dvar": 0.00150836945977,
        "dvar2": 0.00323871849105,
        "max": 0.258107542992,
        "mean": 0.0417875498533,
        "median": 0.0196072869003,
        "min": 0.0086903301999,
        "var": 0.00271214661188
    },
    "spectral_kurtosis": {
        "dmean": 0.712668061256,
        "dmean2": 1.15440106392,
        "dvar": 1.07835459709,
        "dvar2": 1.96209013462,
        "max": 10.9049301147,
        "mean": 4.62824726105,
        "median": 4.66449165344,
        "min": -0.0704152584076,
        "var": 5.23517084122
    },
    "spectral_rms": {
        "dmean": 0.000638722092845,
        "dmean2": 0.00112351973075,
        "dvar": 1.82455676168e-06,
        "dvar2": 5.31927616976e-06,
        "max": 0.00859983172268,
        "mean": 0.00160908221733,
        "median": 0.000924501568079,
        "min": 0.000420513795689,
        "var": 2.7296459848e-06
    },
    "spectral_rolloff": {
        "dmean": 851.975158691,
        "dmean2": 1399.87768555,
        "dvar": 1785783.625,
        "dvar2": 3550451,
        "max": 11046.5332031,
        "mean": 3861.33398438,
        "median": 2896.21582031,
        "min": 775.1953125,
        "var": 6222215.5
    },
    "spectral_skewness": {
        "dmean": 0.126390069723,
        "dmean2": 0.208186581731,
        "dvar": 0.0303428806365,
        "dvar2": 0.054096903652,
        "max": 2.69558048248,
        "mean": 1.40266299248,
        "median": 1.4377425909,
        "min": 0.740218758583,
        "var": 0.13421356678
    },
    "spectral_spread": {
        "dmean": 396784.5625,
        "dmean2": 641265.125,
        "dvar": 420806819840,
        "dvar2": 963956375552,
        "max": 8265090.5,
        "mean": 4685351.5,
        "median": 4294857.5,
        "min": 3658143,
        "var": 849702223872
    },
    "spectral_strongpeak": {
        "dmean": 0.312697529793,
        "dmean2": 0.54730373621,
        "dvar": 0.565508782864,
        "dvar2": 1.72147071362,
        "max": 4.41350221634,
        "mean": 0.296197474003,
        "median": 0.0998720228672,
        "min": 0,
        "var": 0.429722428322
    },
    "zerocrossingrate": {
        "dmean": 0.0153635973111,
        "dmean2": 0.0164122283459,
        "dvar": 0.000315903627779,
        "dvar2": 0.00027656860766,
        "max": 0.2822265625,
        "mean": 0.129384770989,
        "median": 0.109130859375,
        "min": 0.06298828125,
        "var": 0.00294315814972
    },
    "barkbands": {
        "dmean": [7.45525539969e-05, 2.98425629808e-06, 5.59829204576e-05, 3.62699538528e-05, 0.000117565352411, 0.000534350168891, 0.000116102746688, 6.65750849294e-05, 0.000130094151245, 6.59790384816e-05, 1.69645772985e-05, 6.2542159867e-05, 3.84195154766e-05, 5.31913974555e-05, 4.36079244537e-05, 0.000139317286084, 0.000106200408482, 0.000172135434696, 0.000227168435231, 0.000520306581166, 0.000399359734729, 0.000471052306239, 0.000810371595435, 0.000708310981281, 0.00087992841145, 0.000193578365725, 1.59021583386e-05],
        "dmean2": [0.00013280355779, 4.51749792774e-06, 8.75007244758e-05, 5.83873879805e-05, 0.000188599762623, 0.000865976093337, 0.000207402888918, 0.000125979975564, 0.000204852229217, 0.000111853572889, 3.18090314977e-05, 0.000108156658825, 5.66865928704e-05, 6.62468592054e-05, 7.15855785529e-05, 0.000220510410145, 0.000188818681636, 0.000274445075775, 0.00039867660962, 0.000989514053799, 0.00066838960629, 0.000893543707207, 0.00158134987578, 0.00138064764906, 0.00174137833528, 0.000381109130103, 3.11614967359e-05],
        "dvar": [5.15014741964e-09, 1.17797091526e-10, 1.1206548578e-07, 1.70456928572e-08, 6.60529551055e-08, 4.04201273341e-06, 5.68967131187e-08, 2.26095338007e-08, 1.90034413095e-07, 2.78421268263e-08, 3.30600014031e-09, 6.11561574715e-08, 1.23912773375e-08, 2.90432389249e-08, 1.37859954563e-08, 1.73176402996e-07, 7.10551830707e-08, 2.57065522646e-07, 4.51344220664e-07, 2.73558680419e-06, 1.05429319319e-06, 3.40437668456e-06, 1.05848812382e-05, 5.45645389138e-06, 9.2194231911e-06, 5.49909543679e-07, 5.28589527704e-09],
        "dvar2": [1.66056466355e-08, 1.33792643631e-10, 2.90807321335e-07, 4.04612663374e-08, 1.62572220574e-07, 1.02940921352e-05, 1.5206657622e-07, 8.34848421505e-08, 4.8952489351e-07, 7.58702398684e-08, 7.36966976334e-09, 1.60286063533e-07, 2.63655319799e-08, 2.54593039983e-08, 2.61916337507e-08, 4.71220630516e-07, 2.05025742162e-07, 5.85516886531e-07, 1.24775056065e-06, 7.90722242527e-06, 3.02272701447e-06, 1.03138108898e-05, 3.13967211696e-05, 1.66746776813e-05, 2.8513100915e-05, 1.68869394201e-06, 1.60198752042e-08],
        "max": [0.000470105092973, 0.000131201115437, 0.00288396351971, 0.00126194767654, 0.00217808410525, 0.0144133130088, 0.00177673401777, 0.00110636418685, 0.00313198007643, 0.00131480919663, 0.000571436889004, 0.0023064664565, 0.00105905602686, 0.00245571322739, 0.00112072646152, 0.00310042919591, 0.00174261815846, 0.00374905439094, 0.00407003145665, 0.0108700953424, 0.00568047724664, 0.0124036716297, 0.0213799625635, 0.0110815409571, 0.01995703578, 0.0051338635385, 0.000530723016709],
        "mean": [7.14587513357e-05, 4.45705245511e-06, 4.94375162816e-05, 5.13612576469e-05, 0.000165769684827, 0.000563836598303, 0.000173950320459, 8.93371252459e-05, 0.000135399357532, 8.1425976532e-05, 2.8390371881e-05, 8.68648130563e-05, 8.23233931442e-05, 9.65097933658e-05, 8.23192749522e-05, 0.000174691944267, 0.000157459508046, 0.00020706714713, 0.000286223454168, 0.000463896139991, 0.000405191356549, 0.000335327087669, 0.000494509702548, 0.000439843686763, 0.000589775736444, 0.000121054741612, 1.20253498608e-05],
        "median": [3.85217135772e-05, 2.15658019442e-06, 2.66435790763e-06, 1.30112384795e-05, 7.11163447704e-05, 8.62753222464e-05, 4.96032080264e-05, 3.08159069391e-05, 3.02960997942e-05, 1.50402402141e-05, 7.90101603343e-06, 1.98316702154e-05, 1.92948828044e-05, 1.61310199474e-05, 2.02506525966e-05, 2.61968707491e-05, 3.06440852e-05, 1.99193236767e-05, 3.38734535035e-05, 3.22965206578e-05, 1.86425604625e-05, 5.89634782955e-06, 5.21493802808e-06, 4.4160701691e-06, 2.74301282843e-06, 8.60762838784e-07, 2.98298527923e-06],
        "min": [3.48461583144e-07, 3.3728690596e-07, 2.20033928855e-08, 1.34865288715e-07, 3.08710218633e-06, 5.58863575861e-06, 5.19576860825e-06, 1.7412841089e-06, 4.88639216201e-06, 1.2906681377e-06, 1.11655890578e-06, 3.08657740788e-06, 1.40090651257e-06, 1.27040698317e-06, 2.05263745556e-06, 9.08880906536e-07, 1.21986511203e-06, 2.64140476247e-06, 4.99821453559e-06, 3.23362496601e-06, 1.93532491721e-06, 6.09205642377e-07, 3.45353981857e-07, 4.86366673158e-07, 3.83046653951e-07, 2.61095408405e-07, 2.33675041272e-06],
        "var": [6.47900089135e-09, 1.81210588202e-10, 9.07760764335e-08, 2.65226667295e-08, 8.38278140236e-08, 2.94175697491e-06, 8.89310101115e-08, 2.75293192686e-08, 1.3304611457e-07, 3.33619603055e-08, 6.09727868195e-09, 6.80164902178e-08, 3.44492896431e-08, 8.75581704918e-08, 3.37887833268e-08, 1.7583819556e-07, 1.18153117512e-07, 3.05730509353e-07, 4.63572263243e-07, 1.97272083824e-06, 1.03883940028e-06, 2.14714077629e-06, 5.8611140048e-06, 3.18710499414e-06, 6.26142764304e-06, 3.35815826702e-07, 2.98590241421e-09]
    },
    "erbbands": {
        "dmean": [0.000212164712138, 0.00080060568871, 0.0380223207176, 0.13063852489, 0.229627475142, 0.406394571066, 2.70908641815, 4.42329645157, 1.58904206753, 2.04066634178, 1.22562468052, 2.30148768425, 3.15985226631, 1.08503949642, 1.14083969593, 2.29299259186, 1.78919291496, 2.46479153633, 2.76400232315, 2.44554543495, 8.30459594727, 6.97928953171, 9.73662757874, 8.1777009964, 12.7725715637, 30.8080635071, 16.5662307739, 17.5995903015, 17.973783493, 13.8789024353, 24.4700450897, 15.8439378738, 12.7766456604, 11.7903728485, 5.05129671097, 1.57304227352, 0.175272449851, 0.0225092284381, 0.00288248341531, 0.000144641104271],
        "dmean2": [0.000338295125403, 0.00138134520967, 0.0600214526057, 0.205827906728, 0.364663302898, 0.649337530136, 4.54762792587, 6.71267366409, 2.6279437542, 3.76006388664, 2.15962409973, 3.53025531769, 4.92490386963, 1.97952318192, 2.02040529251, 4.05481100082, 2.76681947708, 3.32129096985, 4.37076663971, 4.03266763687, 13.4711875916, 11.7245121002, 15.9151935577, 13.8537893295, 22.5308971405, 58.9880752563, 28.3979721069, 31.1238937378, 33.9591941833, 26.5848255157, 48.0144844055, 31.0429229736, 24.9030342102, 23.3843479156, 9.93761539459, 3.10054588318, 0.344385147095, 0.0435362383723, 0.00566500751302, 0.000283766741632],
        "dvar": [4.47455583696e-08, 1.65022556757e-05, 0.051873434335, 0.368817716837, 0.185080230236, 0.651677787304, 67.4751815796, 342.556335449, 17.6287479401, 16.9710559845, 9.09207725525, 48.4099884033, 106.782608032, 10.4232263565, 20.104259491, 72.3356628418, 28.3777389526, 76.7127075195, 50.2840423584, 56.7658996582, 583.349975586, 298.220428467, 784.489196777, 427.80645752, 1647.66552734, 9524.05957031, 1864.34411621, 2718.30834961, 4752.53271484, 2702.33544922, 9856.90527344, 3405.36547852, 1771.3092041, 1613.69824219, 322.860137939, 31.4631690979, 0.38859796524, 0.00771103706211, 0.000194026171812, 3.21247824786e-07],
        "dvar2": [8.99291876522e-08, 2.79274609056e-05, 0.134174108505, 0.958191871643, 0.450833678246, 1.50760257244, 177.973449707, 858.335876465, 46.3982620239, 52.3597297668, 28.8300361633, 124.269294739, 277.046630859, 21.1699314117, 51.619808197, 186.312255859, 58.4898490906, 94.0818405151, 85.0694580078, 148.24041748, 1579.57116699, 844.221069336, 1913.11022949, 1045.15979004, 4632.37841797, 27870.4824219, 5415.79296875, 8097.92773438, 14459.0029297, 8022.23144531, 29316.8574219, 10214.9960938, 5506.07080078, 5055.23535156, 978.382507324, 98.0255889893, 1.19646692276, 0.0234103836119, 0.000584001769312, 9.87860516943e-07],
        "max": [0.00302387052216, 0.0476294234395, 2.01569533348, 5.52633333206, 4.10823917389, 7.1411652565, 51.3926544189, 135.167724609, 29.6927490234, 25.1823558807, 25.6652107239, 48.9684181213, 73.8283996582, 32.9489059448, 43.2148895264, 82.1768112183, 51.4054222107, 118.141479492, 79.7703933716, 69.2933578491, 164.366500854, 118.437675476, 189.793823242, 135.0962677, 270.557922363, 616.685424805, 247.820632935, 317.196624756, 470.00088501, 303.088165283, 650.062011719, 324.854797363, 244.847106934, 258.701873779, 127.408218384, 37.6920089722, 4.02369451523, 0.601834535599, 0.101833075285, 0.00409357529134],
        "mean": [0.000363598228432, 0.00152137468103, 0.0363481864333, 0.149985909462, 0.360543608665, 0.54406273365, 2.66982483864, 4.67773628235, 2.13350248337, 2.98293447495, 2.03675794601, 2.70927429199, 3.36678409576, 1.7241756916, 1.75778734684, 3.56186747551, 3.77376532555, 5.15520811081, 4.6805768013, 4.6248884201, 10.6904220581, 9.85720539093, 11.4248733521, 11.9033193588, 15.7170763016, 25.8127994537, 17.7583370209, 15.2221298218, 12.9849882126, 9.21110248566, 14.7762145996, 9.57849216461, 8.00126552582, 7.70950460434, 3.56031155586, 0.992180168629, 0.113740436733, 0.0148352803662, 0.00197818269953, 0.000141981145134],
        "median": [0.000240338820731, 0.000336917582899, 0.00242355489172, 0.0303720720112, 0.108711495996, 0.227293848991, 0.513419508934, 0.67676794529, 0.578943908215, 0.975841760635, 0.647325098515, 0.605108857155, 0.712935805321, 0.352857291698, 0.451262652874, 0.868049442768, 0.862652301788, 0.806419968605, 1.20304393768, 0.910878419876, 1.48783707619, 1.72124814987, 1.18721604347, 1.54503631592, 1.54425930977, 1.50457906723, 0.997990608215, 0.510753393173, 0.238790363073, 0.155234858394, 0.157476752996, 0.0969942063093, 0.0704738199711, 0.0401635542512, 0.0174133479595, 0.0056989188306, 0.00111881620251, 0.000610282237176, 0.000349414302036, 5.92298601987e-05],
        "min": [3.17327212542e-05, 5.87929644098e-05, 9.33239571168e-05, 0.000340942671755, 0.0054273637943, 0.0109002748504, 0.0406535305083, 0.0497859828174, 0.0776259377599, 0.110559418797, 0.0793232172728, 0.0973741039634, 0.0879011154175, 0.0623371824622, 0.0631541088223, 0.14442139864, 0.0741336345673, 0.0745673328638, 0.103041879833, 0.063852109015, 0.0745445266366, 0.0794275552034, 0.124355018139, 0.222753152251, 0.244278401136, 0.178110003471, 0.0775903388858, 0.059594463557, 0.0240358151495, 0.010921575129, 0.00991819612682, 0.00975021533668, 0.00772895058617, 0.00481891073287, 0.00243578571826, 0.000849974050652, 0.00041823257925, 0.000399700220441, 0.000216157335672, 4.61567105958e-05],
        "var": [1.59135282729e-07, 4.35251713498e-05, 0.0456658788025, 0.378729701042, 0.404480069876, 0.865742564201, 55.7942123413, 233.806091309, 18.029094696, 25.1446361542, 13.701467514, 40.3597717285, 74.4094848633, 22.2375926971, 26.4279174805, 96.1304702759, 74.7381896973, 232.678833008, 127.701896667, 95.557723999, 653.091552734, 480.308959961, 899.183532715, 715.348815918, 1463.75830078, 6565.80859375, 1821.36364746, 2203.03881836, 3056.76196289, 1593.51489258, 5381.96044922, 1899.55114746, 1057.12756348, 1070.61035156, 230.329055786, 19.8124485016, 0.247768357396, 0.00481838174164, 0.000107359344838, 1.87496041804e-07]
    },
    "gfcc": {
        "mean": [-94.8819656372, 21.600194931, -130.152053833, 12.3551368713, -67.0153503418, -18.2815189362, -44.0544548035, -3.71795129776, -24.5793552399, 0.0354221910238, -8.44935894012, -6.1175031662, -3.45353364944],
        "cov": [[6446.21728516, -2044.7434082, -533.783203125, 771.134399414, -1090.67504883, 517.546264648, -720.602172852, 373.079193115, -611.551574707, 190.077667236, -431.880889893, 112.817657471, -105.268348694], [-2044.7434082, 1812.72668457, 31.4706287384, -497.492156982, 621.247497559, -359.458282471, 209.003509521, -188.510040283, 152.031188965, -129.852737427, 144.750717163, -103.506141663, -21.4457397461], [-533.783203125, 31.4706287384, 144.830932617, -25.1900157928, 81.3366012573, -10.4653244019, 68.0834274292, -15.3982896805, 49.6699447632, -4.78900432587, 26.8945217133, -2.36985445023, 5.79173278809], [771.134399414, -497.492156982, -25.1900157928, 221.282196045, -190.269012451, 144.280151367, -77.4460525513, 61.7533874512, -71.1292266846, 34.8525238037, -55.3426551819, 13.2894678116, -13.0556774139], [-1090.67504883, 621.247497559, 81.3366012573, -190.269012451, 419.369995117, -112.698417664, 130.451705933, -66.671043396, 67.5209655762, -61.1597328186, 51.3564147949, -29.7494678497, -6.24850749969], [517.546264648, -359.458282471, -10.4653244019, 144.280151367, -112.698417664, 130.942398071, -38.4562416077, 48.1268463135, -49.0218772888, 28.2349910736, -38.5416107178, 12.0054302216, -5.44995689392], [-720.602172852, 209.003509521, 68.0834274292, -77.4460525513, 130.451705933, -38.4562416077, 114.501747131, -27.3225154877, 79.1366348267, -17.2840480804, 50.3241691589, -10.549202919, 7.79193687439], [373.079193115, -188.510040283, -15.3982896805, 61.7533874512, -66.671043396, 48.1268463135, -27.3225154877, 53.4400787354, -23.3347530365, 22.591917038, -20.7906284332, 13.615357399, -0.606002569199], [-611.551574707, 152.031188965, 49.6699447632, -71.1292266846, 67.5209655762, -49.0218772888, 79.1366348267, -23.3347530365, 93.0447921753, 0.987348794937, 54.3800048828, -3.8093547821, 15.5908546448], [190.077667236, -129.852737427, -4.78900432587, 34.8525238037, -61.1597328186, 28.2349910736, -17.2840480804, 22.591917038, 0.987348794937, 46.0811424255, 4.53821897507, 14.6407089233, 8.01362609863], [-431.880889893, 144.750717163, 26.8945217133, -55.3426551819, 51.3564147949, -38.5416107178, 50.3241691589, -20.7906284332, 54.3800048828, 4.53821897507, 58.1389389038, 1.77556049824, 16.9390544891], [112.817657471, -103.506141663, -2.36985445023, 13.2894678116, -29.7494678497, 12.0054302216, -10.549202919, 13.615357399, -3.8093547821, 14.6407089233, 1.77556049824, 29.5316543579, 19.4324436188], [-105.268348694, -21.4457397461, 5.79173278809, -13.0556774139, -6.24850749969, -5.44995689392, 7.79193687439, -0.606002569199, 15.5908546448, 8.01362609863, 16.9390544891, 19.4324436188, 38.5500679016]],
        "icov": [[0.00279988511465, -0.000815565988887, 0.0026994375512, -0.000101574973087, 0.00242821732536, -0.00178066734225, 0.00480897305533, -0.00666970619932, 0.00543319247663, -0.00355285732076, 0.00545381614938, -0.00671254750341, 0.00534539343789], [-0.000815565988887, 0.00348266866058, 0.000904825283214, 0.00257875816897, -0.00297281192616, 0.00321470969357, -0.00191019289196, 0.00293639022857, 0.000570156553295, 0.00131078402046, -0.00569135695696, 0.00865894183517, -0.00151443458162], [0.0026994375512, 0.000904825283214, 0.0138497631997, -0.0013585240813, -0.000108815293061, 7.36341462471e-05, -0.00102509208955, -0.003768425202, 0.0037676228676, -0.00473194941878, 0.00527709024027, -0.00507738813758, 0.00517512205988], [-0.000101574973087, 0.00257875816897, -0.0013585240813, 0.0256137251854, 0.00193769112229, -0.0189265403897, 0.00636447407305, -0.00226651132107, 0.000412546447478, 0.00347999646328, -0.0048503712751, 0.00655195768923, 0.00429047411308], [0.00242821732536, -0.00297281192616, -0.000108815293061, 0.00193769112229, 0.00970859173685, -0.00328922807239, -0.0016485605156, -0.006102967076, 0.00792113784701, -0.00135994527955, 0.00709221605211, -0.00986870843917, 0.00593285541981], [-0.00178066734225, 0.00321470969357, 7.36341462471e-05, -0.0189265403897, -0.00328922807239, 0.0399181321263, -0.0198140703142, 0.00095920736203, 0.0108687616885, -0.00812128745019, 0.000190367281903, 0.0105113703758, -0.00845444202423], [0.00480897305533, -0.00191019289196, -0.00102509208955, 0.00636447407305, -0.0016485605156, -0.0198140703142, 0.052444871515, -0.0151015743613, -0.0193261746317, 0.00872898008674, -0.0014096837258, -0.010960817337, 0.0126185538247], [-0.00666970619932, 0.00293639022857, -0.003768425202, -0.00226651132107, -0.006102967076, 0.00095920736203, -0.0151015743613, 0.0532599464059, -0.0128325987607, -0.00298953033052, -0.00444599287584, 0.00603099912405, -0.00901994854212], [0.00543319247663, 0.000570156553295, 0.0037676228676, 0.000412546447478, 0.00792113784701, 0.0108687616885, -0.0193261746317, -0.0128325987607, 0.0597968958318, -0.0188180506229, -0.00571080902591, -0.00146258354653, 0.00422698026523], [-0.00355285732076, 0.00131078402046, -0.00473194941878, 0.00347999646328, -0.00135994527955, -0.00812128745019, 0.00872898008674, -0.00298953033052, -0.0188180506229, 0.0480742305517, -0.0223626829684, -0.000616163888481, -0.00250898580998], [0.00545381614938, -0.00569135695696, 0.00527709024027, -0.0048503712751, 0.00709221605211, 0.000190367281903, -0.0014096837258, -0.00444599287584, -0.00571080902591, -0.0223626829684, 0.0659758523107, -0.0235100258142, 0.000501811795402], [-0.00671254750341, 0.00865894183517, -0.00507738813758, 0.00655195768923, -0.00986870843917, 0.0105113703758, -0.010960817337, 0.00603099912405, -0.00146258354653, -0.000616163888481, -0.0235100258142, 0.097757011652, -0.0465620718896], [0.00534539343789, -0.00151443458162, 0.00517512205988, 0.00429047411308, 0.00593285541981, -0.00845444202423, 0.0126185538247, -0.00901994854212, 0.00422698026523, -0.00250898580998, 0.000501811795402, -0.0465620718896, 0.0595067478716]]
    },
    "melbands": {
        "dmean": [3.55166275767e-06, 1.42446779137e-05, 2.17185770452e-05, 2.46601048275e-05, 7.62000345276e-05, 9.67224768829e-05, 2.55987561104e-05, 2.06309614441e-05, 1.21635430332e-05, 1.61066145665e-05, 1.57967169798e-05, 4.5865285756e-06, 3.08311155095e-06, 5.83157998335e-06, 5.83270639254e-06, 4.7774142331e-06, 4.95490758112e-06, 4.81351889903e-06, 3.09290021505e-06, 6.8094936978e-06, 9.84754115052e-06, 7.09836012902e-06, 9.59527642408e-06, 7.10693302608e-06, 6.63060154693e-06, 9.03239379113e-06, 1.34586362037e-05, 2.21507289098e-05, 9.41877351579e-06, 9.21213813854e-06, 1.09317688839e-05, 1.19030655696e-05, 6.60490104565e-06, 9.02418469195e-06, 1.45394560604e-05, 1.33767471198e-05, 8.11441350379e-06, 7.66027005739e-06, 1.02702642835e-05, 9.94144374999e-06],
        "dmean2": [6.17891009824e-06, 2.24479863391e-05, 3.39583857567e-05, 3.88359076169e-05, 0.000127453531604, 0.000148616643855, 4.27039776696e-05, 3.82045909646e-05, 1.97734079848e-05, 2.48426185863e-05, 2.47567440965e-05, 8.20989134809e-06, 5.50796903553e-06, 1.01277601061e-05, 1.00825100162e-05, 7.06334049028e-06, 5.73517127123e-06, 7.01483622834e-06, 5.27891643287e-06, 1.10158352982e-05, 1.63623662957e-05, 1.2298502952e-05, 1.60698255058e-05, 1.10733317342e-05, 1.10385863081e-05, 1.6433034034e-05, 2.26142201427e-05, 4.26082551712e-05, 1.62241703947e-05, 1.5580058971e-05, 1.9499575501e-05, 2.25703224714e-05, 1.25860606204e-05, 1.73855933099e-05, 2.85865171463e-05, 2.61420445895e-05, 1.59221817739e-05, 1.49224615598e-05, 2.0180546926e-05, 1.97784866032e-05],
        "dvar": [1.31482194923e-11, 7.35240401895e-09, 8.88580586889e-09, 1.62190838537e-09, 5.44334142205e-08, 1.55937030399e-07, 3.78299258585e-09, 1.80338399769e-09, 8.68387195485e-10, 2.60349408698e-09, 2.63224819719e-09, 1.64342553455e-10, 1.43348305448e-10, 5.97727256579e-10, 3.03151337366e-10, 2.24835025597e-10, 3.1900468378e-10, 1.38649522419e-10, 6.83898146447e-11, 6.11035166909e-10, 8.4458801064e-10, 3.09385100872e-10, 7.64513619078e-10, 4.03966721185e-10, 2.6522320451e-10, 8.20410683833e-10, 1.62206859056e-09, 4.9996096152e-09, 5.9682947473e-10, 6.95048907318e-10, 1.10024733768e-09, 2.10119677213e-09, 7.22300330658e-10, 1.17715204251e-09, 3.83167053641e-09, 2.71550137931e-09, 8.58077664478e-10, 7.39275307637e-10, 1.03552821873e-09, 1.22747145781e-09],
        "dvar2": [3.36381200672e-11, 1.89830497987e-08, 2.31133050477e-08, 3.87622556275e-09, 1.43165337363e-07, 3.92330463228e-07, 1.00081960497e-08, 5.8331934838e-09, 2.48629516975e-09, 6.68705846252e-09, 6.83303191806e-09, 3.26530052996e-10, 3.64336200098e-10, 1.57664226119e-09, 6.73620159652e-10, 5.68598779171e-10, 2.52440540693e-10, 2.05222339122e-10, 1.42399023129e-10, 1.64335645092e-09, 2.29035657107e-09, 9.04762320619e-10, 1.76288761367e-09, 9.89422543896e-10, 6.32484897789e-10, 2.32795271948e-09, 4.50165371646e-09, 1.47862202482e-08, 1.77827574888e-09, 1.99728589223e-09, 3.26849103338e-09, 6.42248521032e-09, 2.15403583859e-09, 3.48303608178e-09, 1.13907470123e-08, 8.07219269205e-09, 2.59399790536e-09, 2.26528173997e-09, 3.39278538597e-09, 3.70359143353e-09],
        "max": [3.18410020554e-05, 0.000760628376156, 0.000876881182194, 0.000347100547515, 0.00151491619181, 0.00287452363409, 0.000410345528508, 0.000250810844591, 0.000222015281906, 0.000357858429197, 0.000368859735318, 0.000135579102789, 0.000114989234135, 0.000227096155868, 0.000170480197994, 0.000134799382067, 0.000260719825746, 0.000142262957525, 7.44442004361e-05, 0.000201410701266, 0.000216922082473, 0.000111157511128, 0.000198964975425, 0.000143315075547, 0.000107444313471, 0.000169359409483, 0.000229886820307, 0.000455614819657, 0.000140765871038, 0.00017084517458, 0.000201045811991, 0.000317327067023, 0.000171062274603, 0.000216430635192, 0.000413896283135, 0.000330620707246, 0.000165348610608, 0.000174563043402, 0.000163703909493, 0.000216287007788],
        "mean": [5.36899096915e-06, 1.36035287142e-05, 2.97587066598e-05, 3.32283707394e-05, 7.77915629442e-05, 0.000103694022982, 3.49300571543e-05, 3.02160806314e-05, 1.74929627974e-05, 1.78628324647e-05, 1.66110257851e-05, 6.99533893567e-06, 4.68573762191e-06, 8.58353723743e-06, 9.67474807112e-06, 8.22778292786e-06, 9.74838621914e-06, 7.28944314687e-06, 5.918628176e-06, 9.08769925445e-06, 1.25818114611e-05, 9.92070908978e-06, 1.13352962217e-05, 8.71964402904e-06, 9.65242998063e-06, 1.06550987766e-05, 1.37230781547e-05, 1.75368859345e-05, 1.03228594526e-05, 9.4285387604e-06, 9.04186526896e-06, 8.58055773278e-06, 4.47627689937e-06, 5.84775216339e-06, 8.7514763436e-06, 7.99356439529e-06, 4.94483811053e-06, 4.83063786305e-06, 6.45730233373e-06, 6.57556302031e-06],
        "median": [3.6883723169e-06, 8.34624984236e-07, 6.18371177552e-06, 1.27852908918e-05, 1.66769423231e-05, 1.58968323376e-05, 8.97266636457e-06, 9.56774420047e-06, 5.14265275342e-06, 4.12360986957e-06, 3.42239627571e-06, 1.38766336022e-06, 1.30806915877e-06, 2.05629703487e-06, 2.31145941143e-06, 1.78777384008e-06, 1.35936647894e-06, 1.83581903457e-06, 1.44751811604e-06, 1.54164013111e-06, 1.64824734838e-06, 1.81262555543e-06, 1.08146764433e-06, 1.02345347841e-06, 1.16117962534e-06, 1.08296194412e-06, 1.07764981294e-06, 1.04489777186e-06, 6.40889254555e-07, 4.7050542662e-07, 2.54766405305e-07, 1.29595775888e-07, 9.49926004523e-08, 8.37505922391e-08, 9.45664027086e-08, 7.2302917431e-08, 5.86825947835e-08, 4.69434553452e-08, 3.85157150617e-08, 3.00207823045e-08],
        "min": [4.26156759659e-07, 5.27661541128e-08, 1.46151705849e-07, 1.00960096461e-06, 1.35884840802e-06, 1.14592398859e-06, 1.0922032061e-06, 8.65624883772e-07, 6.52271296531e-07, 5.52402127596e-07, 3.28582331122e-07, 1.9249188199e-07, 1.42099239042e-07, 3.52189374553e-07, 1.81574549174e-07, 1.52727579916e-07, 1.34174300115e-07, 1.49212837641e-07, 1.34149857445e-07, 3.33057030844e-08, 9.58935402195e-08, 7.10468199827e-08, 1.14016771136e-07, 1.114664272e-07, 1.74010594378e-07, 1.73490988686e-07, 1.36632280601e-07, 9.82675558703e-08, 3.94740382603e-08, 4.34679634509e-08, 2.1534489747e-08, 1.30628139416e-08, 6.75752032109e-09, 5.47058132128e-09, 5.62847812802e-09, 5.68623237385e-09, 5.61072255323e-09, 5.30584287617e-09, 4.50241044447e-09, 4.12182377119e-09],
        "var": [2.707561432e-11, 6.50502007815e-09, 9.83419568001e-09, 2.87856005698e-09, 4.47507595425e-08, 1.08530848308e-07, 4.2872492223e-09, 2.54978038683e-09, 1.19581278213e-09, 1.95580107665e-09, 1.83282655719e-09, 3.67039093563e-10, 1.88974919046e-10, 6.53799236972e-10, 5.88456172679e-10, 3.74162201222e-10, 9.76049019386e-10, 3.39645894742e-10, 1.6205953246e-10, 5.38304290032e-10, 9.24506360356e-10, 4.83843021204e-10, 9.1342727826e-10, 5.04553399061e-10, 4.73322381289e-10, 7.36533334322e-10, 1.3549213973e-09, 3.32793015367e-09, 5.92161431001e-10, 6.10093142672e-10, 8.806606e-10, 1.36935085493e-09, 4.23027307628e-10, 6.83515244404e-10, 2.06742489794e-09, 1.5021396349e-09, 4.80354866994e-10, 4.31862656747e-10, 6.6555927436e-10, 8.00215727015e-10]
    },
    "mfcc": {
        "mean": [-735.273681641, 71.3519821167, -17.5823001862, 18.5404777527, -8.83022499084, -13.7854337692, -9.34721946716, -14.6196632385, -8.34136867523, -2.71862101555, -6.220038414, 1.95110595226, -1.68563568592],
        "cov": [[7393.95751953, -2738.25952148, 328.671112061, -162.766067505, -235.234085083, -173.653167725, -106.158172607, -149.299041748, -34.1510620117, -193.489440918, -168.122802734, -176.214553833, -162.408874512], [-2738.25952148, 2239.24926758, -480.071075439, 78.0085983276, 205.571472168, -36.8569030762, 55.0944519043, -10.8588876724, -32.303478241, -28.0194454193, 110.403770447, -9.07328033447, -10.8627681732], [328.671112061, -480.071075439, 209.016983032, -13.5767145157, -79.535987854, 17.0945224762, -22.2213916779, 6.16550779343, 4.79831886292, 31.7705001831, -18.5857849121, 22.0691184998, 17.3812103271], [-162.766067505, 78.0085983276, -13.5767145157, 37.3771095276, 32.3401908875, 11.915517807, 16.2423782349, 11.1202259064, 5.02819776535, 0.965375006199, 11.2032556534, 1.18959009647, 1.28343319893], [-235.234085083, 205.571472168, -79.535987854, 32.3401908875, 103.704429626, 22.2854366302, 42.8550453186, 14.0011358261, 12.4059562683, -15.1624364853, 14.5262460709, -11.239654541, -7.29549264908], [-173.653167725, -36.8569030762, 17.0945224762, 11.915517807, 22.2854366302, 58.203338623, 26.4010982513, 18.977935791, 11.4679870605, 15.9712839127, 1.65774011612, 10.920633316, 4.59589195251], [-106.158172607, 55.0944519043, -22.2213916779, 16.2423782349, 42.8550453186, 26.4010982513, 49.7683753967, 20.5562229156, 12.9300107956, -1.6724973917, 10.4448633194, -1.85274410248, -3.20658111572], [-149.299041748, -10.8588876724, 6.16550779343, 11.1202259064, 14.0011358261, 18.977935791, 20.5562229156, 43.1138076782, 15.6872110367, 11.0751066208, 5.54782629013, 2.18425416946, 4.01061344147], [-34.1510620117, -32.303478241, 4.79831886292, 5.02819776535, 12.4059562683, 11.4679870605, 12.9300107956, 15.6872110367, 30.7103404999, 9.72297477722, 6.80691289902, 1.00354206562, 9.8206205368], [-193.489440918, -28.0194454193, 31.7705001831, 0.965375006199, -15.1624364853, 15.9712839127, -1.6724973917, 11.0751066208, 9.72297477722, 40.1706314087, 10.6564149857, 19.6238613129, 11.3688249588], [-168.122802734, 110.403770447, -18.5857849121, 11.2032556534, 14.5262460709, 1.65774011612, 10.4448633194, 5.54782629013, 6.80691289902, 10.6564149857, 34.9975547791, 10.1245946884, 3.05859518051], [-176.214553833, -9.07328033447, 22.0691184998, 1.18959009647, -11.239654541, 10.920633316, -1.85274410248, 2.18425416946, 1.00354206562, 19.6238613129, 10.1245946884, 36.9163970947, 18.9629249573], [-162.408874512, -10.8627681732, 17.3812103271, 1.28343319893, -7.29549264908, 4.59589195251, -3.20658111572, 4.01061344147, 9.8206205368, 11.3688249588, 3.05859518051, 18.9629249573, 38.9752197266]],
