{
"lowlevel": {
    "average_loudness": 0.975810229778,
    "barkbands_crest": {
        "dmean": 3.34653663635,
        "dmean2": 5.63095426559,
        "dvar": 9.50400257111,
        "dvar2": 21.1048774719,
        "max": 25.8543586731,
        "mean": 11.8191976547,
        "median": 10.2345294952,
        "min": 2.436658144,
        "var": 40.5934486389
    },
    "barkbands_flatness_db": {
        "dmean": 0.0307580679655,
        "dmean2": 0.0474442616105,
        "dvar": 0.00107889890205,
        "dvar2": 0.00224398798309,
        "max": 0.336500823498,
        "mean": 0.152891114354,
        "median": 0.163337856531,
        "min": 0.0484666004777,
        "var": 0.00564638571814
    },
    "barkbands_kurtosis": {
        "dmean": 11.232925415,
        "dmean2": 18.6737480164,
        "dvar": 546.796203613,
        "dvar2": 1201.12072754,
        "max": 171.579772949,
        "mean": 14.8837776184,
        "median": 6.28998184204,
        "min": -1.57169950008,
        "var": 793.101928711
    },
    "barkbands_skewness": {
        "dmean": 0.966034471989,
        "dmean2": 1.65169763565,
        "dvar": 1.7476722002,
        "dvar2": 3.27450656891,
        "max": 1.31808054447,
        "mean": -2.29605460167,
        "median": -2.12053632736,
        "min": -11.0109157562,
        "var": 6.11004066467
    },
    "barkbands_spread": {
        "dmean": 5.72917413712,
        "dmean2": 9.34208679199,
        "dvar": 44.8578224182,
        "dvar2": 116.208488464,
        "max": 50.1276664734,
        "mean": 21.0161247253,
        "median": 13.990609169,
        "min": 0.737400591373,
        "var": 257.328826904
    },
    "dissonance": {
        "dmean": 0.00599411036819,
        "dmean2": 0.010838910006,
        "dvar": 4.86698590976e-05,
        "dvar2": 0.000138661780511,
        "max": 0.49985229969,
        "mean": 0.492660373449,
        "median": 0.495371311903,
        "min": 0.457996636629,
        "var": 5.82685461268e-05
    },
    "dynamic_complexity": 6.08193683624,
    "erbbands_crest": {
        "dmean": 3.64521098137,
        "dmean2": 6.0161948204,
        "dvar": 14.294924736,
        "dvar2": 34.7520599365,
        "max": 32.7566642761,
        "mean": 11.6401033401,
        "median": 9.94263076782,
        "min": 3.18884396553,
        "var": 56.3653869629
    },
    "erbbands_flatness_db": {
        "dmean": 0.0242493674159,
        "dmean2": 0.0398885346949,
        "dvar": 0.00077734014485,
        "dvar2": 0.00151552655734,
        "max": 0.335361480713,
        "mean": 0.187422409654,
        "median": 0.185213014483,
        "min": 0.100436344743,
        "var": 0.00320385373197
    },
    "erbbands_kurtosis": {
        "dmean": 3.39550924301,
        "dmean2": 5.64027547836,
        "dvar": 58.0497016907,
        "dvar2": 112.391799927,
        "max": 63.1213912964,
        "mean": 4.05870056152,
        "median": 1.25791478157,
        "min": -1.48406171799,
        "var": 94.2786560059
    },
    "erbbands_skewness": {
        "dmean": 0.583727657795,
        "dmean2": 0.975191712379,
        "dvar": 0.613034248352,
        "dvar2": 1.23893880844,
        "max": 0.0960406586528,
        "mean": -1.34489810467,
        "median": -0.987632274628,
        "min": -7.15315723419,
        "var": 1.5725851059
    },
    "erbbands_spread": {
        "dmean": 8.87336063385,
        "dmean2": 15.3382148743,
        "dvar": 109.536865234,
        "dvar2": 280.201141357,
        "max": 77.9690933228,
        "mean": 30.6688518524,
        "median": 25.8671092987,
        "min": 3.71583914757,
        "var": 334.900909424
    },
    "hfc": {
        "dmean": 203.323074341,
        "dmean2": 342.102844238,
        "dvar": 398921.625,
        "dvar2": 1090556.375,
        "max": 5027.84326172,
        "mean": 253.530410767,
        "median": 82.8513412476,
        "min": 1.76819145679,
        "var": 337520.4375
    },
    "melbands_crest": {
        "dmean": 3.27677035332,
        "dmean2": 5.55968809128,
        "dvar": 9.90849781036,
        "dvar2": 19.1846256256,
        "max": 34.6301574707,
        "mean": 10.7290477753,
        "median": 9.6473865509,
        "min": 2.98020982742,
        "var": 33.6333465576
    },
    "melbands_flatness_db": {
        "dmean": 0.0220552366227,
        "dmean2": 0.0350554920733,
        "dvar": 0.000536498904694,
        "dvar2": 0.00111448357347,
        "max": 0.200957253575,
        "mean": 0.0889819636941,
        "median": 0.0850713253021,
        "min": 0.0206495895982,
        "var": 0.00129971140996
    },
    "melbands_kurtosis": {
        "dmean": 2.63242983818,
        "dmean2": 4.49667930603,
        "dvar": 14.8306369781,
        "dvar2": 34.647026062,
        "max": 22.896402359,
        "mean": 2.44090080261,
        "median": 1.21579289436,
        "min": -1.73900151253,
        "var": 19.9432868958
    },
    "melbands_skewness": {
        "dmean": 0.666545808315,
        "dmean2": 1.15326988697,
        "dvar": 0.655876874924,
        "dvar2": 1.39325094223,
        "max": 3.07201004028,
        "mean": -0.403490453959,
        "median": -0.620826363564,
        "min": -4.59478664398,
        "var": 2.91955971718
    },
    "melbands_spread": {
        "dmean": 27.4496364594,
        "dmean2": 44.8778152466,
        "dvar": 654.447387695,
        "dvar2": 1138.34851074,
        "max": 206.917678833,
        "mean": 90.1081924438,
        "median": 77.7673950195,
        "min": 22.2080440521,
        "var": 2107.19384766
    },
    "pitch_salience": {
        "dmean": 0.0986993685365,
        "dmean2": 0.168839141726,
        "dvar": 0.0122441668063,
        "dvar2": 0.0362952053547,
        "max": 0.803061842918,
        "mean": 0.528771519661,
        "median": 0.500094175339,
        "min": 0.110179722309,
        "var": 0.0298303253949
    },
    "silence_rate_20dB": {
        "dmean": 0,
        "dmean2": 0,
        "dvar": 0,
        "dvar2": 0,
        "max": 1,
        "mean": 1,
        "median": 1,
        "min": 1,
        "var": 0
    },
    "silence_rate_30dB": {
        "dmean": 0.101010099053,
        "dmean2": 0.193877547979,
        "dvar": 0.0908069834113,
        "dvar2": 0.217513337731,
        "max": 1,
        "mean": 0.930000007153,
        "median": 1,
        "min": 0,
        "var": 0.0650999844074
    },
    "silence_rate_60dB": {
        "dmean": 0.0909090936184,
        "dmean2": 0.183673471212,
        "dvar": 0.0826446712017,
        "dvar2": 0.149937435985,
        "max": 1,
        "mean": 0.280000001192,
        "median": 0,
        "min": 0,
        "var": 0.201599851251
    },
    "spectral_centroid": {
        "dmean": 584.219726562,
        "dmean2": 998.15826416,
        "dvar": 420063.5625,
        "dvar2": 876747.9375,
        "max": 8413.70507812,
        "mean": 4352.32324219,
        "median": 4379.34375,
        "min": 1780.95483398,
        "var": 2271985.5
    },
    "spectral_complexity": {
        "dmean": 3.41414141655,
        "dmean2": 5.09183692932,
        "dvar": 20.6466712952,
        "dvar2": 37.0834159851,
        "max": 57,
        "mean": 9.64000034332,
        "median": 4,
        "min": 0,
        "var": 163.330413818
    },
    "spectral_decrease": {
        "dmean": 1.02565245186e-09,
        "dmean2": 1.46684409064e-09,
        "dvar": 4.05686264651e-18,
        "dvar2": 6.96958892208e-18,
        "max": -4.83665087148e-11,
        "mean": -1.9578134669e-09,
        "median": -7.9031564626e-10,
        "min": -2.53036773756e-08,
        "var": 1.66965529832e-17
    },
    "spectral_energy": {
        "dmean": 0.0214801244438,
        "dmean2": 0.0347174294293,
        "dvar": 0.00358311482705,
        "dvar2": 0.00976843293756,
        "max": 0.480467200279,
        "mean": 0.0303852036595,
        "median": 0.0122973416001,
        "min": 0.000589777773712,
        "var": 0.00325340032578
    },
    "spectral_energyband_high": {
        "dmean": 0.0197463426739,
        "dmean2": 0.0331009402871,
        "dvar": 0.00355809507892,
        "dvar2": 0.00976651255041,
        "max": 0.47664180398,
        "mean": 0.0245887897909,
        "median": 0.0068224221468,
        "min": 0.000113524612971,
        "var": 0.00304267089814
    },
    "spectral_energyband_low": {
        "dmean": 0.000532653357368,
        "dmean2": 0.00077581347432,
        "dvar": 4.67066183774e-06,
        "dvar2": 9.04469925445e-06,
        "max": 0.0228285100311,
        "mean": 0.00082083651796,
        "median": 1.24793450595e-05,
        "min": 1.52845558432e-07,
        "var": 1.25108390421e-05
    },
    "spectral_energyband_middle_high": {
        "dmean": 0.00135865411721,
        "dmean2": 0.0020905204583,
        "dvar": 1.2763613995e-05,
        "dvar2": 3.17468256981e-05,
        "max": 0.0271584186703,
        "mean": 0.0025343503803,
        "median": 0.000893515069038,
        "min": 8.01790883997e-05,
        "var": 2.51934579865e-05
    },
    "spectral_energyband_middle_low": {
        "dmean": 0.00145678722765,
        "dmean2": 0.00174438161775,
        "dvar": 1.91640574485e-05,
        "dvar2": 3.18475576933e-05,
        "max": 0.0636928603053,
        "mean": 0.00278606591746,
        "median": 0.000203876523301,
        "min": 3.55108968506e-05,
        "var": 8.54283280205e-05
    },
    "spectral_entropy": {
        "dmean": 0.154422149062,
        "dmean2": 0.258795559406,
        "dvar": 0.018164364621,
        "dvar2": 0.0523328483105,
        "max": 8.71993637085,
        "mean": 8.13511562347,
        "median": 8.14636802673,
        "min": 7.45851373672,
        "var": 0.0397008173168
    },
    "spectral_flux": {
        "dmean": 0.0371875055134,
        "dmean2": 0.0551192648709,
        "dvar": 0.00384813570417,
        "dvar2": 0.00686307158321,
        "max": 0.5596960783,
        "mean": 0.103478640318,
        "median": 0.0800184160471,
        "min": 0.0138206025586,
        "var": 0.00900339893997
    },
    "spectral_kurtosis": {
        "dmean": 0.555253684521,
        "dmean2": 0.859018981457,
        "dvar": 0.541091561317,
        "dvar2": 0.714491724968,
        "max": 9.20784091949,
        "mean": 1.00836408138,
        "median": 0.620050668716,
        "min": -1.34224569798,
        "var": 2.26875400543
    },
    "spectral_rms": {
        "dmean": 0.00138031772804,
        "dmean2": 0.00200396310538,
        "dvar": 4.8201059144e-06,
        "dvar2": 1.17300169222e-05,
        "max": 0.0216505993158,
        "mean": 0.00424073589966,
        "median": 0.00346372555941,
        "min": 0.000758546637371,
        "var": 1.16602568596e-05
    },
    "spectral_rolloff": {
        "dmean": 682.102294922,
        "dmean2": 1243.65209961,
        "dvar": 1144554.625,
        "dvar2": 2617779,
        "max": 14491.8457031,
        "mean": 9271.76953125,
        "median": 10551.2695312,
        "min": 2476.31835938,
        "var": 11587969
    },
    "spectral_skewness": {
        "dmean": 0.176670059562,
        "dmean2": 0.289923220873,
        "dvar": 0.0369536355138,
        "dvar2": 0.0740392878652,
        "max": 2.42158269882,
        "mean": 0.933987438679,
        "median": 0.948088109493,
        "min": -0.0400623902678,
        "var": 0.115986540914
    },
    "spectral_spread": {
        "dmean": 791892.1875,
        "dmean2": 1188693.5,
        "dvar": 457143877632,
        "dvar2": 861390176256,
        "max": 11962492,
        "mean": 8096866.5,
        "median": 8399700,
        "min": 4582760.5,
        "var": 3.97797254758e+12
    },
    "spectral_strongpeak": {
        "dmean": 11.5911779404,
        "dmean2": 20.1289787292,
        "dvar": 255.691192627,
        "dvar2": 699.977416992,
        "max": 95.6468353271,
        "mean": 17.3216915131,
        "median": 10.5484685898,
        "min": 0.0168097615242,
        "var": 439.014770508
    },
    "zerocrossingrate": {
        "dmean": 0.0221847388893,
        "dmean2": 0.0263671875,
        "dvar": 0.000437477283413,
        "dvar2": 0.000446747755632,
        "max": 0.48828125,
        "mean": 0.334321290255,
        "median": 0.39306640625,
        "min": 0.03759765625,
        "var": 0.0169271361083
    },
    "barkbands": {
        "dmean": [3.81786276193e-06, 1.84406089829e-05, 0.000342972401995, 0.000280412874417, 0.000280159903923, 0.000816537591163, 0.000232846781728, 0.000127813735162, 0.000368342094589, 0.000181506402441, 0.000158784139785, 0.00017462472897, 0.000113137357403, 0.000121620105347, 0.000159704650287, 0.000135608657729, 0.000113827438327, 0.000156504902407, 0.000267025898211, 0.000302880478557, 0.00061362242559, 0.000710077292752, 0.00198266492225, 0.00298334285617, 0.0149316368625, 0.00137326493859, 0.000386063416954],
        "dmean2": [5.09427854922e-06, 1.85758235602e-05, 0.000465566292405, 0.000357968150638, 0.000276376667898, 0.00136374041904, 0.00034387409687, 0.000183895914233, 0.000606403860729, 0.00027323665563, 0.000299211125821, 0.000307633948978, 0.000192420688109, 0.000170599538251, 0.000219002729864, 0.000211504040635, 0.000202759372769, 0.000241271831328, 0.00039454511716, 0.000445858633611, 0.00100931804627, 0.00106518296525, 0.00302852899767, 0.00527017144486, 0.0263648647815, 0.00246907444671, 0.000620497798081],
        "dvar": [5.57037693749e-10, 1.94696578859e-08, 1.84554210136e-06, 1.01773298411e-06, 8.4213337459e-07, 1.68411679624e-05, 9.60420834417e-07, 1.1634346464e-07, 2.09742438528e-06, 4.63744839863e-07, 3.68236470649e-07, 3.77017926212e-07, 9.71435696329e-08, 1.08703240187e-07, 2.0952549562e-07, 2.01972412128e-07, 6.09394632534e-08, 1.45365163462e-07, 2.44046447051e-07, 2.65516433728e-07, 1.53045459683e-06, 1.48033518599e-06, 2.00357444555e-05, 9.23337647691e-05, 0.00324626918882, 1.91631861526e-05, 1.36925757488e-06],
        "dvar2": [5.89971516085e-10, 1.53857975249e-08, 3.697603006e-06, 2.21320328819e-06, 1.22608071251e-06, 4.37871203758e-05, 2.17353408516e-06, 2.65145871481e-07, 5.57057228434e-06, 1.18752052458e-06, 1.09490804334e-06, 1.04418529645e-06, 2.78411164345e-07, 2.21431406544e-07, 3.83067515486e-07, 3.40217326311e-07, 1.79962995617e-07, 3.64834704669e-07, 5.38280573892e-07, 6.5091523993e-07, 4.23118535764e-06, 3.1070364912e-06, 4.28481944255e-05, 0.000248605036177, 0.00887402612716, 5.56641425646e-05, 3.60734134119e-06],
        "max": [0.00023567531025, 0.0015661129728, 0.0131987081841, 0.0123864524066, 0.0120504228398, 0.0410763993859, 0.00793663226068, 0.00230783014558, 0.0120658865198, 0.00520482566208, 0.00406265072525, 0.00424727005884, 0.00234632985666, 0.00309042562731, 0.00530821317807, 0.00398648716509, 0.00230735866353, 0.00294577027671, 0.00439704675227, 0.00473309587687, 0.0103898802772, 0.0122121339664, 0.0439082533121, 0.0732520073652, 0.457467645407, 0.035088352859, 0.0104962969199],
        "mean": [3.43639771927e-06, 2.00468621188e-05, 0.000482244970044, 0.000426124490332, 0.000485859578475, 0.00100750522688, 0.000258955726167, 0.000142485645483, 0.000408571446314, 0.000233047932852, 0.000138335308293, 0.000179702677997, 0.000132288216264, 0.000150186184328, 0.000219432433369, 0.000218986053369, 0.000199465954211, 0.000242157664616, 0.000437900715042, 0.000556754297577, 0.000978686730377, 0.0013436031295, 0.00235799932852, 0.00262325187214, 0.0149014703929, 0.00167843792588, 0.000554330588784],
        "median": [4.42030682279e-07, 1.08286748457e-07, 3.9667756937e-06, 1.36025955726e-05, 3.98638294428e-05, 2.9420158171e-05, 2.44659349846e-05, 1.93653777387e-05, 4.0728606109e-05, 2.56216917478e-05, 1.76570101758e-05, 2.74772355624e-05, 3.02833796013e-05, 3.32797135343e-05, 4.46640806331e-05, 6.18830817984e-05, 7.1889742685e-05, 7.75491207605e-05, 0.000174437853275, 0.000133842884679, 0.000312753749313, 0.000431277323514, 0.000155502406415, 0.000436816306319, 0.00105992332101, 0.000271700730082, 1.35226109705e-05],
        "min": [3.41186440211e-10, 3.82175269209e-09, 4.35643769947e-08, 3.03234457988e-07, 1.17569823033e-06, 1.7385469846e-06, 1.36265964557e-06, 5.84788097058e-07, 3.31755518346e-06, 1.47585626564e-06, 8.47880414767e-07, 2.31995909417e-06, 2.67932864517e-06, 3.49788342646e-06, 7.33521028451e-06, 3.74643195755e-06, 3.24534130414e-06, 7.05624461261e-06, 9.45115516515e-06, 7.05391676092e-06, 3.16561017826e-05, 5.07124241267e-06, 4.34634739577e-06, 1.21333314382e-05, 1.29150166686e-05, 2.80999665847e-06, 9.4887433022e-08],
        "var": [5.50045897718e-10, 2.45700775281e-08, 4.33960985902e-06, 3.24228244608e-06, 2.68077678811e-06, 2.16572097997e-05, 1.19020387501e-06, 1.53887285137e-07, 1.98726797862e-06, 5.90147919866e-07, 2.40038644961e-07, 3.08747246436e-07, 9.4005834228e-08, 1.86044232464e-07, 4.95210827012e-07, 3.92780123093e-07, 1.54151422294e-07, 2.44311223696e-07, 5.70045358472e-07, 9.91703473119e-07, 2.42447822529e-06, 4.54716246168e-06, 3.30915645463e-05, 6.90820888849e-05, 0.00249519851059, 1.53386736201e-05, 2.23300662583e-06]
    },
    "erbbands": {
        "dmean": [0.000337640813086, 0.00827491562814, 0.246068641543, 0.848822593689, 0.417797923088, 1.21510612965, 2.25046777725, 9.18506145477, 3.08252072334, 3.21266102791, 4.17406606674, 7.74558591843, 5.50197553635, 6.56814050674, 6.53077602386, 6.5980386734, 5.47450685501, 5.42829370499, 6.87872314453, 7.60053396225, 7.70921325684, 6.43689584732, 8.51380443573, 15.4986314774, 13.6317968369, 12.0441904068, 18.3901691437, 20.976266861, 18.9160251617, 27.1677360535, 76.0676116943, 19.2802028656, 80.8668899536, 177.181381226, 105.271759033, 16.0084171295, 2.94013500214, 0.473868519068, 0.122594468296, 0.00225249421783],
        "dmean2": [0.000376955285901, 0.00970128923655, 0.320856302977, 1.2603096962, 0.570046901703, 1.44697201252, 3.61380839348, 15.2419404984, 4.21691417694, 4.84892225266, 6.80683517456, 13.0194177628, 9.39812088013, 11.5879325867, 12.4401292801, 11.6282758713, 9.03261375427, 7.54022836685, 9.96858978271, 10.0222396851, 12.0162286758, 11.4727544785, 12.457233429, 24.5142917633, 19.7339763641, 19.1100692749, 30.0353050232, 35.6898460388, 29.8265380859, 37.7251358032, 115.512626648, 33.7935905457, 144.478012085, 290.995849609, 188.082427979, 27.7766189575, 5.34062099457, 0.836322724819, 0.201524853706, 0.0037848057691],
        "dvar": [7.02706347511e-06, 0.00266767037101, 0.984485030174, 11.3393554688, 1.23542451859, 21.7495307922, 46.9998626709, 2510.04882812, 233.300354004, 127.315361023, 196.368179321, 1022.16400146, 331.502532959, 692.394348145, 717.950195312, 516.744873047, 245.966033936, 222.16545105, 367.790771484, 524.416320801, 648.271179199, 205.9349823, 459.784881592, 944.378295898, 671.172058105, 402.095916748, 1225.8137207, 1377.2845459, 1560.29309082, 2167.34228516, 30622.6152344, 1015.3704834, 72703.40625, 362924.9375, 149474.46875, 1307.45373535, 146.214080811, 3.09091687202, 0.17434489727, 4.09683379985e-05],
        "dvar2": [7.07336175765e-06, 0.00298752775416, 1.83856034279, 24.3213214874, 1.77132368088, 40.1549186707, 112.559532166, 6618.26416016, 297.610534668, 333.270477295, 370.30947876, 2793.69506836, 931.647583008, 1928.19580078, 2140.58422852, 1418.48181152, 695.954589844, 375.302825928, 781.803894043, 968.047668457, 1273.74267578, 593.991455078, 1203.98474121, 2405.07763672, 1194.20458984, 1094.37561035, 3088.2487793, 3669.89648438, 4070.07983398, 3822.04443359, 66599.7421875, 2931.0690918, 200465.3125, 988378.4375, 417709.15625, 3564.06591797, 415.595794678, 9.27708053589, 0.476891309023, 0.000110080625745],
        "max": [0.0285051912069, 0.586878120899, 9.79224967957, 36.3734169006, 16.8449382782, 59.4804000854, 78.9097290039, 472.879821777, 139.598876953, 96.1384277344, 105.216766357, 260.193206787, 128.690368652, 186.455429077, 193.997924805, 155.992172241, 117.023498535, 143.613235474, 189.146911621, 253.213287354, 224.490158081, 149.588104248, 183.318206787, 246.755004883, 250.279586792, 161.318786621, 268.918243408, 315.06149292, 297.616790771, 456.988769531, 1698.296875, 163.559310913, 2002.94213867, 4891.68310547, 2757.94335938, 241.912384033, 96.8835372925, 15.043627739, 3.52491998672, 0.0537667088211],
        "mean": [0.000395781622501, 0.0109300091863, 0.325397521257, 1.40467774868, 1.05928659439, 2.00714230537, 3.68200755119, 9.96572875977, 4.41839981079, 3.39024209976, 5.27109670639, 8.81984710693, 7.01410150528, 7.64494085312, 5.84208011627, 7.25337505341, 6.52025699615, 7.02733564377, 9.9465303421, 10.1264371872, 12.7648267746, 11.967218399, 13.6927633286, 23.2205142975, 26.2450199127, 21.299036026, 29.66664505, 40.4373207092, 31.7437801361, 45.0234031677, 88.9477233887, 23.0900344849, 72.4402923584, 167.214508057, 90.8544464111, 18.1541366577, 3.15304040909, 0.574393570423, 0.155087321997, 0.00293388729915],
        "median": [5.71227110413e-06, 7.64262949815e-05, 0.00319069018587, 0.0302353613079, 0.0906604677439, 0.121905580163, 0.159008413553, 0.223352909088, 0.284041464329, 0.390955448151, 0.591527462006, 0.901444375515, 0.891245782375, 0.608727931976, 0.886433124542, 1.22618484497, 1.42159605026, 1.85606873035, 1.91660320759, 2.52471995354, 4.0267791748, 4.39722919464, 4.45110416412, 9.77042961121, 7.86308813095, 6.22368240356, 8.2947769165, 17.0157566071, 6.45208072662, 11.2509937286, 5.70016002655, 7.10032081604, 11.6037969589, 20.5599517822, 5.6091337204, 2.79651045799, 0.323883831501, 0.081200286746, 0.00367998355068, 0.000224362825975],
        "min": [3.11261800334e-07, 1.26997178995e-06, 4.31221633335e-05, 0.000709548010491, 0.00361956306733, 0.00468826573342, 0.0161960218102, 0.0162930171937, 0.0227761063725, 0.017792860046, 0.059399060905, 0.0590474866331, 0.0574949160218, 0.0453325361013, 0.0619769766927, 0.105369627476, 0.115271702409, 0.18009750545, 0.24873906374, 0.257050484419, 0.241819247603, 0.263949751854, 0.386495500803, 0.375550895929, 0.412154078484, 0.31789958477, 1.39479005337, 0.887521266937, 0.194325968623, 0.133857175708, 0.199038878083, 0.281468212605, 0.229790955782, 0.16244097054, 0.0869907587767, 0.0236492082477, 0.00306313950568, 0.000239019107539, 3.18479105772e-05, 2.90791217594e-06],
        "var": [8.16704050521e-06, 0.00380838988349, 2.04156184196, 34.942035675, 9.91552352905, 57.9912261963, 158.4815979, 2642.03442383, 385.570037842, 169.747192383, 263.383422852, 940.634155273, 391.192657471, 680.203308105, 457.547851562, 452.772827148, 248.07371521, 362.651763916, 875.159790039, 960.344299316, 1298.32263184, 581.000610352, 805.27154541, 1425.8182373, 2296.00683594, 1163.11401367, 2176.37353516, 2691.71679688, 2645.94946289, 6901.17041016, 48155.4296875, 1269.80566406, 51184.828125, 305023.125, 104095.859375, 1446.40966797, 109.265449524, 2.61471104622, 0.223480150104, 5.80873929721e-05]
    },
    "gfcc": {
        "mean": [-25.8288135529, -68.6631469727, -115.951622009, 8.70881938934, -84.7040328979, 0.699986517429, -59.2362174988, 3.76737093925, -44.5303840637, -1.88397562504, -28.6435317993, -9.00344467163, -14.6062431335],
        "cov": [[4731.0703125, -269.762145996, 324.747955322, -78.2884674072, 86.4898223877, -58.4931297302, 294.282440186, -7.27593421936, 45.4001998901, -50.203666687, -5.91688299179, 282.474914551, -161.802993774], [-269.762145996, 4081.49584961, -836.578491211, 523.567810059, 227.511062622, -151.227416992, -258.912841797, -38.3931121826, -176.359329224, 1.0611436367, 151.898620605, -215.318832397, 141.271270752], [324.747955322, -836.578491211, 395.741210938, -20.6344261169, 29.4073925018, 42.9615058899, 54.9832763672, 31.1845436096, 36.1686058044, -35.6053199768, -17.4622802734, 32.9564628601, -12.8097581863], [-78.2884674072, 523.567810059, -20.6344261169, 380.112915039, 154.808410645, -111.755592346, -125.453933716, -72.0422286987, 20.4173946381, -60.3661727905, 29.8486938477, -11.826259613, 34.9730682373], [86.4898223877, 227.511062622, 29.4073925018, 154.808410645, 157.405563354, -58.7157516479, -47.4844245911, -31.7825145721, 9.37227535248, -47.2617530823, 21.9676609039, -5.72744417191, 19.7443656921], [-58.4931297302, -151.227416992, 42.9615058899, -111.755592346, -58.7157516479, 117.63142395, 52.597568512, 60.9341850281, -5.36988735199, 20.4454402924, -2.53050971031, -31.2442836761, 9.89042854309], [294.282440186, -258.912841797, 54.9832763672, -125.453933716, -47.4844245911, 52.597568512, 124.579376221, 34.5969047546, -3.0967772007, 37.437286377, -37.7004852295, 46.3073348999, -38.3564414978], [-7.27593421936, -38.3931121826, 31.1845436096, -72.0422286987, -31.7825145721, 60.9341850281, 34.5969047546, 76.420791626, -4.00880002975, 15.9217853546, 4.84805345535, -19.6845436096, 7.66257619858], [45.4001998901, -176.359329224, 36.1686058044, 20.4173946381, 9.37227535248, -5.36988735199, -3.0967772007, -4.00880002975, 58.489238739, -11.7522983551, -9.79958057404, 17.8741569519, -13.9150514603], [-50.203666687, 1.0611436367, -35.6053199768, -60.3661727905, -47.2617530823, 20.4454402924, 37.437286377, 15.9217853546, -11.7522983551, 71.1273345947, -19.7065582275, 13.5652017593, -8.94821929932], [-5.91688299179, 151.898620605, -17.4622802734, 29.8486938477, 21.9676609039, -2.53050971031, -37.7004852295, 4.84805345535, -9.79958057404, -19.7065582275, 76.3600387573, -46.897769928, 51.8560600281], [282.474914551, -215.318832397, 32.9564628601, -11.826259613, -5.72744417191, -31.2442836761, 46.3073348999, -19.6845436096, 17.8741569519, 13.5652017593, -46.897769928, 139.046463013, -67.237953186], [-161.802993774, 141.271270752, -12.8097581863, 34.9730682373, 19.7443656921, 9.89042854309, -38.3564414978, 7.66257619858, -13.9150514603, -8.94821929932, 51.8560600281, -67.237953186, 110.358680725]],
        "icov": [[0.000367260479834, -0.000193433908862, -0.000506893207785, 0.000196945606149, 8.91815288924e-05, 0.000463898555608, -0.00126890197862, 0.000344995321939, -0.000472950719995, 0.000509513483848, -0.000808369950391, -0.000492383493111, 0.000203849383979], [-0.000193433908862, 0.00104093749542, 0.00217659864575, -0.00139278650749, -0.00105124665424, -0.000412867811974, 0.000504344177898, -0.00166494830046, 0.00222997600213, -0.000443403696408, 3.96805880882e-05, 0.000728634069674, 0.000264392292593], [-0.000506893207785, 0.00217659864575, 0.00805613677949, -0.00293600955047, -0.00311446818523, -0.00223360816017, -0.000195934146177, -0.00442202948034, 0.00316670560278, 0.00144551496487, 0.000971101748291, 0.000759740069043, -0.000144532401464], [0.000196945606149, -0.00139278650749, -0.00293600955047, 0.00827839039266, -0.00287477788515, 0.00198528240435, 0.00362316262908, 0.00334945693612, -0.00403849221766, 0.000269208394457, 0.00092992890859, -0.0013816569699, -0.00129560066853], [8.91815288924e-05, -0.00105124665424, -0.00311446818523, -0.00287477788515, 0.013862144202, 0.00386346690357, -0.00265679974109, 0.00106050062459, -0.00176405115053, 0.00463436590508, -0.000929692294449, 5.10285281052e-05, -0.00117610523012], [0.000463898555608, -0.000412867811974, -0.00223360816017, 0.00198528240435, 0.00386346690357, 0.0214075520635, -0.00654137553647, -0.00901993270963, -0.00188440969214, 0.00154448917601, 0.000469103135401, 0.00449791690335, -0.00152912957128], [-0.00126890197862, 0.000504344177898, -0.000195934146177, 0.00362316262908, -0.00265679974109, -0.00654137553647, 0.0237991251051, -0.00283019454218, 0.00314962514676, -0.00678365631029, 0.00584038626403, -0.00359599408694, 0.000764639000408], [0.000344995321939, -0.00166494830046, -0.00442202948034, 0.00334945693612, 0.00106050062459, -0.00901993270963, -0.00283019454218, 0.0266682971269, -0.00413545267656, -0.00200941576622, -0.00353855127469, 0.000337054952979, 2.9406413887e-05], [-0.000472950719995, 0.00222997600213, 0.00316670560278, -0.00403849221766, -0.00176405115053, -0.00188440969214, 0.00314962514676, -0.00413545267656, 0.0248852912337, 0.00144240818918, 0.00200616684742, -0.000527556054294, 0.0019562987145], [0.000509513483848, -0.000443403696408, 0.00144551496487, 0.000269208394457, 0.00463436590508, 0.00154448917601, -0.00678365631029, -0.00200941576622, 0.00144240818918, 0.0232575573027, 0.00325699453242, -0.00211201515049, -0.00253820372745], [-0.000808369950391, 3.96805880882e-05, 0.000971101748291, 0.00092992890859, -0.000929692294449, 0.000469103135401, 0.00584038626403, -0.00353855127469, 0.00200616684742, 0.00325699453242, 0.0247706137598, 0.00290507008322, -0.00837046187371], [-0.000492383493111, 0.000728634069674, 0.000759740069043, -0.0013816569699, 5.10285281052e-05, 0.00449791690335, -0.00359599408694, 0.000337054952979, -0.000527556054294, -0.00211201515049, 0.00290507008322, 0.0147421304137, 0.00456500565633], [0.000203849383979, 0.000264392292593, -0.000144532401464, -0.00129560066853, -0.00117610523012, -0.00152912957128, 0.000764639000408, 2.9406413887e-05, 0.0019562987145, -0.00253820372745, -0.00837046187371, 0.00456500565633, 0.0167821068317]]
    },
    "melbands": {
        "dmean": [3.8511184357e-06, 9.28882291191e-05, 0.000127484279801, 5.86593050684e-05, 6.84661863488e-05, 0.000187452373211, 4.70584564027e-05, 3.11138210236e-05, 4.16322873207e-05, 5.06171454617e-05, 2.68495714408e-05, 2.65904564003e-05, 2.12297563849e-05, 1.91144590644e-05, 1.66440167959e-05, 1.00420566014e-05, 1.01035020634e-05, 9.64825812844e-06, 1.4431127056e-05, 8.96068740985e-06, 8.96537221706e-06, 6.14425562162e-06, 1.01186660686e-05, 6.91181685397e-06, 1.41960263136e-05, 9.28593181015e-06, 1.38813384183e-05, 6.73017257213e-06, 5.19229570273e-06, 2.76552291325e-05, 9.73128135229e-06, 1.3435841538e-05, 1.42138569572e-05, 1.28112624225e-05, 5.41834924661e-05, 2.26837873925e-05, 1.02570884337e-05, 4.20933720306e-05, 5.89853116253e-05, 0.00021243764786],
        "dmean2": [3.97293661081e-06, 0.000121648728964, 0.000182372954441, 7.86979799159e-05, 0.00010698337428, 0.000305808440316, 5.21425135958e-05, 4.69707592856e-05, 6.77253628965e-05, 8.57096238178e-05, 4.57058340544e-05, 4.63930846308e-05, 4.11058936152e-05, 3.20960898534e-05, 2.92096156045e-05, 1.63177555805e-05, 1.4510181245e-05, 1.52669636009e-05, 1.93531668629e-05, 1.17900808618e-05, 1.42495891851e-05, 1.10390201371e-05, 1.62294509209e-05, 1.13203304863e-05, 2.22942089749e-05, 1.30533953779e-05, 2.06283548323e-05, 1.06839806904e-05, 7.68230256654e-06, 4.71071070933e-05, 1.5793775674e-05, 2.16503867705e-05, 2.03473700822e-05, 1.89451202459e-05, 7.98424953246e-05, 4.07573133998e-05, 1.91634462681e-05, 7.57488814997e-05, 0.000103642720205, 0.000345985870808],
        "dvar": [9.19645359865e-10, 1.41226010442e-07, 2.32435937164e-07, 4.59178437495e-08, 5.07491257906e-08, 9.77933950708e-07, 4.91541456427e-08, 1.08552029587e-08, 2.19341576013e-08, 4.15833731893e-08, 7.7737869475e-09, 1.14918101701e-08, 6.98903512841e-09, 5.02489561072e-09, 3.32426974836e-09, 5.59555568547e-10, 8.02662436516e-10, 8.72890482118e-10, 2.15060547148e-09, 6.92562396321e-10, 8.89095741474e-10, 1.93919158509e-10, 4.13832385027e-10, 4.0355177533e-10, 7.51350093253e-10, 3.29968080637e-10, 7.04611202718e-10, 1.30668129095e-10, 1.20941923143e-10, 4.42840653037e-09, 1.38717440312e-10, 1.08159170509e-09, 9.76558833798e-10, 6.25368257179e-10, 2.09018349295e-08, 2.95698909802e-09, 5.35518407396e-10, 2.26421636995e-08, 2.85535950439e-08, 6.61780973132e-07],
        "dvar2": [7.77104047778e-10, 2.66535096216e-07, 4.94241533033e-07, 9.25536127738e-08, 1.09223712741e-07, 2.55531267612e-06, 6.11367738657e-08, 2.96122255605e-08, 4.22143351386e-08, 1.15370710319e-07, 2.17131841396e-08, 3.12443972916e-08, 2.0930162492e-08, 1.40672158366e-08, 9.61580415293e-09, 1.54578283507e-09, 1.30789512554e-09, 2.14552153821e-09, 4.13889855722e-09, 9.76246083972e-10, 1.95983340667e-09, 5.62392354908e-10, 1.0230167824e-09, 1.11113529488e-09, 1.9388342043e-09, 6.71163680188e-10, 1.74058578661e-09, 3.15153153574e-10, 2.04276970339e-10, 1.24480230568e-08, 3.74006992043e-10, 2.91137025599e-09, 1.53323453933e-09, 1.093951707e-09, 4.40008207647e-08, 9.0273646336e-09, 1.56422252928e-09, 6.21168112502e-08, 7.91696947999e-08, 1.8008825009e-06],
        "max": [0.000331430986989, 0.0037087185774, 0.00554635142908, 0.00278166728094, 0.00290835066698, 0.00954893883318, 0.002104483312, 0.000888578826562, 0.00114538567141, 0.00162922381423, 0.00061492761597, 0.000752212188672, 0.000591113755945, 0.000507172022481, 0.000422286510002, 0.000154684385052, 0.000273999787169, 0.000218598346692, 0.00052216660697, 0.000263273366727, 0.000287078117253, 0.000136765986099, 0.000209654390346, 0.000143265875522, 0.000220568501391, 0.000199535061256, 0.000265642360318, 0.000117779098218, 0.000112695401185, 0.000537381682079, 8.22159126983e-05, 0.000249224249274, 0.000375924282707, 0.000226287767873, 0.00142371980473, 0.000331808725605, 0.000144684381667, 0.0011224579066, 0.00122130103409, 0.0067223822698],
        "mean": [4.11277960666e-06, 0.000125266888062, 0.000220795962377, 0.000105548817373, 0.000124779806356, 0.000211511665839, 6.61403828417e-05, 3.2652853406e-05, 5.12200203957e-05, 5.51284647372e-05, 3.43888168572e-05, 3.1526775274e-05, 1.86535398825e-05, 1.94476306206e-05, 1.81961986527e-05, 1.23891441035e-05, 1.29479340103e-05, 1.43074048538e-05, 1.80896404345e-05, 1.22190303955e-05, 1.5091932255e-05, 1.10796736408e-05, 1.55517409439e-05, 1.00242232293e-05, 2.02558167075e-05, 1.55090874614e-05, 2.47271618719e-05, 1.10061164378e-05, 7.9079381976e-06, 4.14501264459e-05, 1.73676180566e-05, 1.98026646103e-05, 2.43791982939e-05, 1.91799863387e-05, 6.021324225e-05, 2.72360739473e-05, 8.6272812041e-06, 3.63733197446e-05, 5.6277072872e-05, 0.000195254702703],
        "median": [7.43839905226e-08, 1.03185016087e-06, 6.88779800839e-06, 7.6220308074e-06, 5.92181186221e-06, 5.05752359459e-06, 4.60802539237e-06, 4.00136650569e-06, 5.59627460461e-06, 5.6087133089e-06, 4.47180445917e-06, 2.43677027356e-06, 2.64646314463e-06, 2.99383646052e-06, 3.15890088132e-06, 3.21117272506e-06, 3.35138656737e-06, 2.819669362e-06, 3.1778643006e-06, 3.52982078766e-06, 4.25646157964e-06, 3.33658749696e-06, 3.66716312783e-06, 2.80569429378e-06, 8.10029541753e-06, 5.51613220523e-06, 4.55941244581e-06, 3.05656658384e-06, 2.2787121452e-06, 9.95532172965e-06, 7.70362203184e-06, 2.77744902633e-06, 3.12473230224e-06, 3.72126146431e-06, 2.86829617835e-06, 1.89951538232e-06, 1.43980992107e-06, 2.88656588054e-06, 1.33274215841e-05, 7.71983195591e-06],
        "min": [4.12838518926e-09, 1.0624392921e-08, 2.4653922992e-07, 1.74252051011e-07, 5.50978427327e-07, 3.73348484572e-07, 4.64185177407e-07, 1.42092332567e-07, 4.6804655085e-07, 3.47113740418e-07, 2.42616977175e-07, 1.35017103275e-07, 1.785481345e-07, 2.5443361551e-07, 2.35535111415e-07, 2.54021074397e-07, 2.67737163995e-07, 2.9226089282e-07, 4.2437292791e-07, 3.18632203289e-07, 1.81955130074e-07, 1.80627097279e-07, 3.58025772584e-07, 3.64188394997e-07, 2.44300764507e-07, 3.4326825471e-07, 2.5335390319e-07, 1.8347289199e-07, 1.84449305607e-07, 8.95995015071e-07, 3.73536181542e-07, 4.51644410759e-08, 7.838800542e-08, 6.4866817695e-08, 7.60148211043e-08, 4.20907682042e-08, 4.37872529346e-08, 1.43645038975e-07, 1.75412921521e-07, 1.22263656976e-07],
        "var": [1.09336772969e-09, 3.02198429836e-07, 7.9629631955e-07, 1.28055233972e-07, 1.92426398371e-07, 1.10503333417e-06, 8.38476879039e-08, 1.44104816968e-08, 2.83003647183e-08, 3.67727785999e-08, 9.4915648674e-09, 1.19789271835e-08, 4.5070889243e-09, 3.93529475673e-09, 2.68366573408e-09, 6.71714794898e-10, 1.33391353518e-09, 1.67882385771e-09, 3.97150889953e-09, 1.3182248626e-09, 1.69416536355e-09, 5.6936683146e-10, 8.42004521662e-10, 5.30583743608e-10, 1.08171638313e-09, 7.85016496252e-10, 2.53511434067e-09, 3.93688220912e-10, 2.85391515975e-10, 6.07202599312e-09, 4.14310336039e-10, 1.61930169273e-09, 3.68626662528e-09, 1.30560129374e-09, 2.96458058102e-08, 3.41267702986e-09, 3.90649068649e-10, 1.60929136683e-08, 2.07499333271e-08, 5.42089424016e-07]
    },
    "mfcc": {
        "mean": [-678.477355957, -2.39165782928, -2.25296449661, -4.15560340881, -9.55400657654, -16.4387016296, -6.66315555573, -16.0971508026, -5.125395298, -14.3033351898, -4.47046852112, -13.130115509, -9.35249614716],
        "cov": [[4452.36181641, 373.503143311, -24.9381217957, 198.740707397, -198.720504761, 148.649581909, -117.966926575, 331.833953857, -250.417495728, 59.7322540283, -12.1390028, -188.032775879, 178.548965454], [373.503143311, 2089.06298828, -343.235473633, 266.105438232, 147.819000244, -112.481307983, 141.659332275, -229.42539978, -91.9424209595, 79.5574035645, -258.445556641, 86.8159103394, -172.8331604], [-24.9381217957, -343.235473633, 204.973251343, -30.4451446533, 20.6068439484, 6.88415527344, 27.8178863525, 48.2598304749, 55.4548568726, -17.4178791046, 72.7771148682, -29.62657547, 23.008682251], [198.740707397, 266.105438232, -30.4451446533, 430.078704834, 175.68460083, 48.8603286743, -116.775428772, 3.1593375206, -115.434303284, 17.8027687073, -163.227508545, 17.9484577179, 47.653011322], [-198.720504761, 147.819000244, 20.6068439484, 175.68460083, 219.500488281, -29.4995136261, 6.46059465408, -57.1841430664, -12.3792734146, 8.72956752777, -102.205955505, 30.5082321167, -12.3653345108], [148.649581909, -112.481307983, 6.88415527344, 48.8603286743, -29.4995136261, 87.7368927002, -58.9346504211, 65.6563339233, -26.2044200897, 3.89697241783, 12.5614995956, -19.0542564392, 36.7798919678], [-117.966926575, 141.659332275, 27.8178863525, -116.775428772, 6.46059465408, -58.9346504211, 162.546112061, -59.3786201477, 74.3953170776, 5.94247913361, 27.7992687225, -2.01979470253, -54.9005432129], [331.833953857, -229.42539978, 48.2598304749, 3.1593375206, -57.1841430664, 65.6563339233, -59.3786201477, 161.8384552, -28.2082443237, -3.69952630997, 66.1245040894, -33.703918457, 53.2296829224], [-250.417495728, -91.9424209595, 55.4548568726, -115.434303284, -12.3792734146, -26.2044200897, 74.3953170776, -28.2082443237, 131.441207886, -12.3179178238, 66.6130752563, 3.48160982132, -24.7230129242], [59.7322540283, 79.5574035645, -17.4178791046, 17.8027687073, 8.72956752777, 3.89697241783, 5.94247913361, -3.69952630997, -12.3179178238, 66.1665878296, -30.6171131134, 25.4726142883, -13.3659448624], [-12.1390028, -258.445556641, 72.7771148682, -163.227508545, -102.205955505, 12.5614995956, 27.7992687225, 66.1245040894, 66.6130752563, -30.6171131134, 157.103515625, -42.3310317993, 23.153470993], [-188.032775879, 86.8159103394, -29.62657547, 17.9484577179, 30.5082321167, -19.0542564392, -2.01979470253, -33.703918457, 3.48160982132, 25.4726142883, -42.3310317993, 82.5598831177, -30.932800293], [178.548965454, -172.8331604, 23.008682251, 47.653011322, -12.3653345108, 36.7798919678, -54.9005432129, 53.2296829224, -24.7230129242, -13.3659448624, 23.153470993, -30.932800293, 104.461753845]],
