{
"lowlevel": {
    "average_loudness": 0.933764815331,
    "barkbands_crest": {
        "dmean": 2.06987643242,
        "dmean2": 3.29051136971,
        "dvar": 3.10529398918,
        "dvar2": 6.96467256546,
        "max": 21.1843986511,
        "mean": 7.51115226746,
        "median": 6.34092521667,
        "min": 2.51944971085,
        "var": 12.4535446167
    },
    "barkbands_flatness_db": {
        "dmean": 0.016650352627,
        "dmean2": 0.0264073982835,
        "dvar": 0.000313719996484,
        "dvar2": 0.0006810912746,
        "max": 0.301963150501,
        "mean": 0.146901473403,
        "median": 0.141490757465,
        "min": 0.0804256275296,
        "var": 0.00141240574885
    },
    "barkbands_kurtosis": {
        "dmean": 1.89501607418,
        "dmean2": 3.08493638039,
        "dvar": 15.0751829147,
        "dvar2": 33.8307495117,
        "max": 44.6699142456,
        "mean": 3.38535261154,
        "median": 0.0383946895599,
        "min": -1.49996864796,
        "var": 69.3876495361
    },
    "barkbands_skewness": {
        "dmean": 0.501221895218,
        "dmean2": 0.801371335983,
        "dvar": 0.384631931782,
        "dvar2": 0.976040840149,
        "max": 6.05400562286,
        "mean": 0.93527173996,
        "median": 0.724688351154,
        "min": -1.79565143585,
        "var": 1.80847084522
    },
    "barkbands_spread": {
        "dmean": 3.95542907715,
        "dmean2": 6.47610855103,
        "dvar": 23.6996803284,
        "dvar2": 59.8164901733,
        "max": 49.139289856,
        "mean": 17.5221195221,
        "median": 18.069814682,
        "min": 1.75425863266,
        "var": 57.1384315491
    },
    "dissonance": {
        "dmean": 0.0178977418691,
        "dmean2": 0.0296994186938,
        "dvar": 0.000418638432166,
        "dvar2": 0.000975439732429,
        "max": 0.500000059605,
        "mean": 0.472385644913,
        "median": 0.483965188265,
        "min": 0.270621567965,
        "var": 0.0010773158865
    },
    "dynamic_complexity": 8.93018531799,
    "erbbands_crest": {
        "dmean": 2.24666452408,
        "dmean2": 3.67527747154,
        "dvar": 4.44322729111,
        "dvar2": 10.2819166183,
        "max": 25.2367229462,
        "mean": 8.11400222778,
        "median": 7.12431001663,
        "min": 3.16396975517,
        "var": 14.2786741257
    },
    "erbbands_flatness_db": {
        "dmean": 0.0165402907878,
        "dmean2": 0.0256217308342,
        "dvar": 0.00030769611476,
        "dvar2": 0.00067368557211,
        "max": 0.361763447523,
        "mean": 0.219074293971,
        "median": 0.218890964985,
        "min": 0.122067056596,
        "var": 0.00107782962732
    },
    "erbbands_kurtosis": {
        "dmean": 0.914753258228,
        "dmean2": 1.47151887417,
        "dvar": 2.75458788872,
        "dvar2": 6.46453762054,
        "max": 24.750169754,
        "mean": 0.760134339333,
        "median": -0.135215759277,
        "min": -1.47637403011,
        "var": 7.73651981354
    },
    "erbbands_skewness": {
        "dmean": 0.363449692726,
        "dmean2": 0.579619765282,
        "dvar": 0.174386903644,
        "dvar2": 0.425096869469,
        "max": 4.12915086746,
        "mean": 0.365070313215,
        "median": 0.283830881119,
        "min": -1.44746506214,
        "var": 0.726168572903
    },
    "erbbands_spread": {
        "dmean": 5.16975593567,
        "dmean2": 8.58279895782,
        "dvar": 35.9571647644,
        "dvar2": 91.7281112671,
        "max": 65.8541793823,
        "mean": 25.5907115936,
        "median": 25.8713188171,
        "min": 3.98098134995,
        "var": 73.695526123
    },
    "hfc": {
        "dmean": 22.1153507233,
        "dmean2": 40.473400116,
        "dvar": 2307.81298828,
        "dvar2": 6218.12011719,
        "max": 211.599639893,
        "mean": 19.0930747986,
        "median": 3.83294224739,
        "min": 0.000344893574947,
        "var": 1750.51342773
    },
    "melbands_crest": {
        "dmean": 3.08519768715,
        "dmean2": 5.21730184555,
        "dvar": 7.50784301758,
        "dvar2": 17.2869262695,
        "max": 28.5147418976,
        "mean": 9.96037769318,
        "median": 9.08307266235,
        "min": 2.89229679108,
        "var": 21.8839130402
    },
    "melbands_flatness_db": {
        "dmean": 0.0234472490847,
        "dmean2": 0.0369935184717,
        "dvar": 0.000894459953997,
        "dvar2": 0.0018129440723,
        "max": 0.352670818567,
        "mean": 0.153807342052,
        "median": 0.13092058897,
        "min": 0.0462085790932,
        "var": 0.00567620852962
    },
    "melbands_kurtosis": {
        "dmean": 2.48679327965,
        "dmean2": 3.91956329346,
        "dvar": 14.5567445755,
        "dvar2": 38.2151870728,
        "max": 38.6103744507,
        "mean": 4.2215385437,
        "median": 2.22325277328,
        "min": -1.52232801914,
        "var": 44.1676559448
    },
    "melbands_skewness": {
        "dmean": 0.504965722561,
        "dmean2": 0.833680570126,
        "dvar": 0.273000717163,
        "dvar2": 0.70819234848,
        "max": 4.64253950119,
        "mean": 1.38154602051,
        "median": 1.30753707886,
        "min": -0.775893986225,
        "var": 0.898788034916
    },
    "melbands_spread": {
        "dmean": 9.38891410828,
        "dmean2": 15.924993515,
        "dvar": 206.49949646,
        "dvar2": 546.378967285,
        "max": 116.672859192,
        "mean": 30.8016681671,
        "median": 28.8673324585,
        "min": 2.11546850204,
        "var": 348.342071533
    },
    "pitch_salience": {
        "dmean": 0.063373953104,
        "dmean2": 0.10351549834,
        "dvar": 0.00276938034222,
        "dvar2": 0.00745213590562,
        "max": 0.904078662395,
        "mean": 0.707889854908,
        "median": 0.71509718895,
        "min": 0.36146491766,
        "var": 0.0058532631956
    },
    "silence_rate_20dB": {
        "dmean": 0,
        "dmean2": 0,
        "dvar": 0,
        "dvar2": 0,
        "max": 1,
        "mean": 1,
        "median": 1,
        "min": 1,
        "var": 0
    },
    "silence_rate_30dB": {
        "dmean": 0,
        "dmean2": 0,
        "dvar": 0,
        "dvar2": 0,
        "max": 1,
        "mean": 1,
        "median": 1,
        "min": 1,
        "var": 0
    },
    "silence_rate_60dB": {
        "dmean": 0.0814814791083,
        "dmean2": 0.163568779826,
        "dvar": 0.0748423784971,
        "dvar2": 0.136814326048,
        "max": 1,
        "mean": 0.520295202732,
        "median": 1,
        "min": 0,
        "var": 0.249587878585
    },
    "spectral_centroid": {
        "dmean": 353.071624756,
        "dmean2": 581.116882324,
        "dvar": 268292.15625,
        "dvar2": 672010.4375,
        "max": 4081.02197266,
        "mean": 1759.49890137,
        "median": 1724.33398438,
        "min": 327.903289795,
        "var": 682105.125
    },
    "spectral_complexity": {
        "dmean": 5.35555553436,
        "dmean2": 8.13382911682,
        "dvar": 65.6957473755,
        "dvar2": 138.680908203,
        "max": 52,
        "mean": 13.8708486557,
        "median": 10,
        "min": 0,
        "var": 183.020523071
    },
    "spectral_decrease": {
        "dmean": 1.47231282721e-09,
        "dmean2": 2.47508702422e-09,
        "dvar": 8.70839867028e-18,
        "dvar2": 2.34952778236e-17,
        "max": -2.39198797488e-13,
        "mean": -1.73820080551e-09,
        "median": -5.63531943332e-10,
        "min": -1.68992393412e-08,
        "var": 8.93417844566e-18
    },
    "spectral_energy": {
        "dmean": 0.00753083778545,
        "dmean2": 0.0128762116656,
        "dvar": 0.000231447556871,
        "dvar2": 0.00062600284582,
        "max": 0.0804420784116,
        "mean": 0.00829217396677,
        "median": 0.00247152755037,
        "min": 9.34074876113e-07,
        "var": 0.000219721609028
    },
    "spectral_energyband_high": {
        "dmean": 0.00213681650348,
        "dmean2": 0.00395773630589,
        "dvar": 2.40797508013e-05,
        "dvar2": 6.58519275021e-05,
        "max": 0.0244972165674,
        "mean": 0.00151935080066,
        "median": 0.000123936522868,
        "min": 1.42024370042e-09,
        "var": 1.64025968843e-05
    },
    "spectral_energyband_low": {
        "dmean": 1.29921400003e-05,
        "dmean2": 2.00070535357e-05,
        "dvar": 9.98722438084e-10,
        "dvar2": 2.42465958422e-09,
        "max": 0.00036500924034,
        "mean": 1.58882576216e-05,
        "median": 2.54958945334e-06,
        "min": 7.0484752257e-08,
        "var": 1.47917567084e-09
    },
    "spectral_energyband_middle_high": {
        "dmean": 0.00430765049532,
        "dmean2": 0.00749608036131,
        "dvar": 8.01783317002e-05,
        "dvar2": 0.000216159533011,
        "max": 0.0457726828754,
        "mean": 0.00442011188716,
        "median": 0.00122168147936,
        "min": 1.52236268036e-08,
        "var": 7.07903163857e-05
    },
    "spectral_energyband_middle_low": {
        "dmean": 0.00147474417463,
        "dmean2": 0.00235659163445,
        "dvar": 1.01967380033e-05,
        "dvar2": 2.57420251728e-05,
        "max": 0.0236350446939,
        "mean": 0.00241344422102,
        "median": 0.000846827053465,
        "min": 8.1664938989e-07,
        "var": 1.59260216606e-05
    },
    "spectral_entropy": {
        "dmean": 0.143226489425,
        "dmean2": 0.222413793206,
        "dvar": 0.0386411845684,
        "dvar2": 0.0786382183433,
        "max": 8.39248561859,
        "mean": 7.69378805161,
        "median": 7.8148765564,
        "min": 6.37988424301,
        "var": 0.193117067218
    },
    "spectral_flux": {
        "dmean": 0.0239895340055,
        "dmean2": 0.0382782816887,
        "dvar": 0.00182334473357,
        "dvar2": 0.00366624677554,
        "max": 0.24573007226,
        "mean": 0.0531993284822,
        "median": 0.0316946320236,
        "min": 0.00105718907434,
        "var": 0.00333916745149
    },
    "spectral_kurtosis": {
        "dmean": 2.07851839066,
        "dmean2": 3.40442705154,
        "dvar": 5.51216936111,
        "dvar2": 11.9570617676,
        "max": 25.9154090881,
        "mean": 5.83786964417,
        "median": 3.51197433472,
        "min": 1.09711074829,
        "var": 30.1764812469
    },
    "spectral_rms": {
        "dmean": 0.000875178782735,
        "dmean2": 0.00141943572089,
        "dvar": 2.29644092542e-06,
        "dvar2": 5.92643345954e-06,
        "max": 0.00885889865458,
        "mean": 0.00208661775105,
        "median": 0.00155281892512,
        "min": 3.01876225421e-05,
        "var": 3.73595162273e-06
    },
    "spectral_rolloff": {
        "dmean": 764.269042969,
        "dmean2": 1313.6854248,
        "dvar": 1641191.125,
        "dvar2": 4062995,
        "max": 8074.95117188,
        "mean": 2422.92285156,
        "median": 2260.98632812,
        "min": 301.46484375,
        "var": 2250772.25
    },
    "spectral_skewness": {
        "dmean": 0.264914095402,
        "dmean2": 0.431352972984,
        "dvar": 0.0863546729088,
        "dvar2": 0.203997224569,
        "max": 4.14024686813,
        "mean": 1.51879775524,
        "median": 1.24250268936,
        "min": 0.731146037579,
        "var": 0.471063643694
    },
    "spectral_spread": {
        "dmean": 463450.03125,
        "dmean2": 678912.625,
        "dvar": 1.02734082867e+12,
        "dvar2": 999081443328,
        "max": 21566672,
        "mean": 3534068.25,
        "median": 3303924.25,
        "min": 2135375.25,
        "var": 2.09496716083e+12
    },
    "spectral_strongpeak": {
        "dmean": 0.427982062101,
        "dmean2": 0.723778545856,
        "dvar": 0.562590837479,
        "dvar2": 1.41190612316,
        "max": 6.618268013,
        "mean": 0.588168799877,
        "median": 0.330788969994,
        "min": 0.000689065549523,
        "var": 0.64613288641
    },
    "zerocrossingrate": {
        "dmean": 0.0115324798971,
        "dmean2": 0.0148226935416,
        "dvar": 0.00013247570314,
        "dvar2": 0.000205548552913,
        "max": 0.154296875,
        "mean": 0.0817826017737,
        "median": 0.08154296875,
        "min": 0.00439453125,
        "var": 0.000921009865124
    },
    "barkbands": {
        "dmean": [9.52272660726e-09, 2.00824871399e-07, 6.04248543823e-06, 1.07315672722e-05, 6.03634944127e-05, 0.000553936290089, 0.000209578924114, 0.000631545204669, 0.000418299023295, 0.00037133434671, 0.000221928290557, 0.000717684393749, 0.000250264070928, 0.000257420062553, 0.000309227936668, 0.000965108163655, 0.000650736386888, 0.000450309831649, 0.000486729200929, 0.000355964177288, 0.00073200755287, 0.000632934214082, 0.000371088128304, 0.00015971159155, 7.15372079867e-05, 3.49612237187e-05, 7.48743332224e-06],
        "dmean2": [1.66662079693e-08, 3.66486119674e-07, 8.63973036758e-06, 1.81054165296e-05, 0.000106970495835, 0.000896687677596, 0.000351277267328, 0.00112863967661, 0.000690888206009, 0.000624521286227, 0.000376007781597, 0.00126434676349, 0.000404359627282, 0.000459781556856, 0.000564721121918, 0.00174462574068, 0.00119011977222, 0.000835090060718, 0.000903924752492, 0.000658407749142, 0.00134416925721, 0.00117541395593, 0.000677609292325, 0.000290512136417, 0.00013379365555, 6.32883893559e-05, 1.30261514641e-05],
        "dvar": [4.79128951175e-16, 1.07843286168e-13, 2.07997313817e-10, 8.36190450215e-10, 2.37184991647e-08, 1.13396743018e-06, 1.52447128698e-07, 2.0089098598e-06, 9.09096058876e-07, 6.28579243767e-07, 1.85036910239e-07, 3.44716090694e-06, 3.69696749658e-07, 8.89672605808e-07, 8.06975549494e-07, 5.03042429045e-06, 3.74814476345e-06, 1.33784419631e-06, 1.44569924032e-06, 8.7437416596e-07, 2.92078698294e-06, 2.60468846136e-06, 7.58251189836e-07, 1.4252799474e-07, 2.98360163242e-08, 7.12965197991e-09, 6.73550548669e-10],
        "dvar2": [1.21681746236e-15, 3.26999305455e-13, 3.34359206988e-10, 2.34691821532e-09, 6.76404354749e-08, 2.87383159048e-06, 4.3346543066e-07, 6.20298578724e-06, 2.18929790208e-06, 1.59025557878e-06, 4.71396788271e-07, 9.37478034757e-06, 9.97667939373e-07, 2.54353903983e-06, 2.40263716478e-06, 1.40156280395e-05, 1.0744040992e-05, 3.76778575628e-06, 4.06340586778e-06, 2.47095022132e-06, 8.10744677437e-06, 7.35095954951e-06, 2.10915527532e-06, 3.87232148569e-07, 8.01558996955e-08, 1.74197332115e-08, 1.62548940974e-09],
        "max": [1.43677397091e-07, 2.16803209696e-06, 0.000179659007699, 0.000301789899822, 0.00141932675615, 0.00901097618043, 0.00354242604226, 0.0090322708711, 0.00724025350064, 0.0057519315742, 0.00380426552147, 0.0166559685022, 0.00598336197436, 0.0104382075369, 0.00840529240668, 0.0120794195682, 0.018328230828, 0.00848221220076, 0.00881174951792, 0.0068062255159, 0.00827773287892, 0.0100558986887, 0.00492903636768, 0.0027921476867, 0.000931079790462, 0.00056099210633, 0.000333386211423],
        "mean": [8.07350275522e-09, 2.26632650424e-07, 8.57377744978e-06, 1.25563537949e-05, 6.76153649692e-05, 0.000729025981855, 0.000251345860306, 0.000620687787887, 0.000600408064201, 0.000439901312348, 0.000280363747152, 0.000676873838529, 0.000297013873933, 0.000260078930296, 0.000274830235867, 0.00078126398148, 0.000647397828288, 0.000347174674971, 0.000357879733201, 0.000251904537436, 0.000509038334712, 0.000425501901191, 0.000258027925156, 0.000113598602184, 5.10699755978e-05, 2.47698244493e-05, 4.98219560541e-06],
        "median": [1.70175040726e-09, 1.0126737493e-07, 9.86706140793e-07, 2.43538897848e-06, 2.41784800892e-05, 0.000258625543211, 8.53936944623e-05, 0.00012107162911, 0.000135070105898, 0.000103497615783, 0.00010196720541, 0.000142109245644, 7.57043671911e-05, 5.9645055444e-05, 6.43700259388e-05, 0.000158513910719, 8.44144451548e-05, 6.11509676673e-05, 5.88003276789e-05, 3.76899370167e-05, 4.33738096035e-05, 3.20825311064e-05, 1.68390251929e-05, 4.40490839537e-06, 6.23107609954e-07, 1.44286985915e-07, 5.98447513767e-08],
        "min": [5.51663124904e-11, 1.04391972844e-09, 5.13908915423e-09, 3.05080760654e-08, 1.78876774726e-07, 2.81463599094e-07, 9.49858147692e-08, 5.8760090127e-08, 4.69997152308e-09, 3.34383121192e-09, 1.65576330424e-09, 5.68031222059e-09, 2.86870971422e-09, 2.92746382691e-10, 6.0725535711e-10, 4.89937534986e-10, 6.036596778e-10, 2.63509741805e-10, 1.93245183744e-10, 1.68393396449e-10, 1.05717150312e-10, 8.21962081732e-11, 1.88584581978e-11, 2.84813821833e-11, 1.80268421718e-11, 3.76290144877e-11, 1.37788325194e-09],
        "var": [3.90574409396e-16, 1.09411300007e-13, 4.42230890796e-10, 1.24296783977e-09, 2.26239684764e-08, 1.599981033e-06, 1.8791098455e-07, 1.89726233657e-06, 1.26815712065e-06, 7.15901080639e-07, 2.36049388036e-07, 2.76365835816e-06, 3.44804647057e-07, 5.97608675434e-07, 5.45360990145e-07, 3.5399900753e-06, 2.62069215751e-06, 8.65759204771e-07, 9.53963308348e-07, 5.38703943676e-07, 1.93903019863e-06, 1.64773530287e-06, 5.07839217789e-07, 9.88385409073e-08, 2.2728022131e-08, 5.99968164039e-09, 5.78020298292e-10]
    },
    "erbbands": {
        "dmean": [3.01631030197e-06, 0.000110337197839, 0.00403314828873, 0.0279764942825, 0.0391701161861, 0.193668082356, 1.58222723007, 5.40745639801, 4.20735263824, 4.25159883499, 14.2496891022, 9.15850353241, 13.4864692688, 11.2156143188, 11.9631662369, 29.8638515472, 13.2126016617, 9.29623889923, 15.8846731186, 24.5558261871, 53.6609306335, 41.8929786682, 30.3658447266, 18.0082416534, 25.716386795, 15.0653047562, 33.8843536377, 21.7272453308, 23.3274841309, 16.3786067963, 9.83637714386, 4.10967683792, 2.25240254402, 0.940775752068, 0.454840868711, 0.160465285182, 0.0776991322637, 0.012370929122, 0.00133037555497, 5.90806557739e-05],
        "dmean2": [4.84214660901e-06, 0.000169366030605, 0.00589933758602, 0.0462945252657, 0.0615147873759, 0.329033583403, 2.7211561203, 8.86859798431, 7.19983482361, 7.20623016357, 25.5936851501, 14.2262563705, 22.5209217072, 18.4272289276, 21.0891590118, 52.6434860229, 21.4181289673, 16.0424537659, 28.4239234924, 45.9517707825, 96.9076309204, 75.5025177002, 56.9186515808, 33.185344696, 48.1131248474, 27.645565033, 63.323638916, 40.1100158691, 43.0293998718, 29.8856086731, 17.9224224091, 7.40120458603, 4.08201026917, 1.75287735462, 0.841331481934, 0.292404562235, 0.139733061194, 0.0218602512032, 0.00231627933681, 0.000101104538771],
        "dvar": [3.004844637e-11, 4.28523065921e-08, 8.95567281987e-05, 0.00508249923587, 0.00685776211321, 0.177417844534, 18.9356002808, 108.830841064, 63.3036308289, 80.0830535889, 1100.17980957, 358.926818848, 1079.50463867, 462.133911133, 876.987792969, 6267.32177734, 889.659118652, 1155.33752441, 2243.73510742, 3698.03149414, 16784.828125, 14023.2617188, 6076.64501953, 1988.33886719, 3625.19726562, 1328.99890137, 8183.15820312, 2222.8203125, 3666.27954102, 1664.4407959, 529.618164062, 87.8181152344, 28.1587657928, 5.67582559586, 1.14902698994, 0.159712478518, 0.034526117146, 0.00123630219605, 2.76554419543e-05, 2.47117988295e-08],
        "dvar2": [6.9315955753e-11, 7.88391361084e-08, 0.000146642458276, 0.0138698825613, 0.0144973760471, 0.475691974163, 48.4460105896, 283.091217041, 163.037124634, 210.427246094, 3485.06567383, 782.895812988, 2860.20678711, 1101.40637207, 2412.62646484, 17150.984375, 2321.25732422, 3314.28173828, 6360.77001953, 10968.2578125, 46403.1484375, 39945, 17080.2949219, 5568.53955078, 10038.8935547, 3721.49438477, 23037.6191406, 6117.37988281, 10439.3369141, 4609.56347656, 1481.04309082, 235.953369141, 78.5743713379, 15.3295879364, 3.15704274178, 0.404783636332, 0.0877065658569, 0.00299631035887, 6.83039033902e-05, 5.60507658065e-08],
        "max": [5.63702051295e-05, 0.00282434467226, 0.113922156394, 0.703562676907, 1.46042966843, 4.39233970642, 44.2285499573, 97.8103256226, 75.0758590698, 55.0165557861, 230.378616333, 199.602264404, 232.194564819, 168.481964111, 210.192764282, 742.903564453, 242.34753418, 405.669036865, 410.479949951, 457.196960449, 788.057495117, 1062.0604248, 556.489624023, 312.849609375, 334.829772949, 226.055908203, 559.802429199, 207.64730835, 459.566223145, 283.431060791, 130.520874023, 63.8643302917, 33.0549545288, 14.3936595917, 5.43790769577, 2.05349779129, 1.3368036747, 0.388973474503, 0.0701399594545, 0.00184049876407],
        "mean": [5.15846249982e-06, 0.000168770624441, 0.00589959556237, 0.0327169112861, 0.0623811520636, 0.245650351048, 1.61560070515, 7.26595449448, 5.55273866653, 5.49355220795, 14.087433815, 14.7294111252, 14.2166433334, 14.699678421, 13.8690576553, 28.2597160339, 15.5480060577, 11.2467632294, 14.7585992813, 21.4975204468, 44.7108001709, 40.0194854736, 23.5587024689, 14.6493339539, 18.5838737488, 10.9170789719, 22.7760620117, 15.7869348526, 15.8444910049, 11.3318500519, 6.78935623169, 2.98352813721, 1.50741243362, 0.671476483345, 0.317137598991, 0.11476650089, 0.0528829246759, 0.00843211822212, 0.000871664728038, 4.6248009312e-05],
        "median": [1.90943706002e-06, 4.96385655424e-05, 0.000833573576529, 0.00633758306503, 0.0264789909124, 0.0799893587828, 0.474495351315, 2.55045890808, 2.07604694366, 1.45745265484, 2.94472026825, 3.90205383301, 3.44324278831, 3.83005833626, 4.10144758224, 6.54589796066, 4.12408208847, 2.80031466484, 3.58771920204, 5.4193353653, 9.06868362427, 5.81902742386, 3.67117881775, 2.9395160675, 2.76423978806, 1.85186338425, 1.97430503368, 1.47994959354, 1.14943122864, 0.793258666992, 0.391910880804, 0.151342868805, 0.0417001955211, 0.0102017950267, 0.00378145440482, 0.0010593328625, 0.000221621739911, 2.59108455793e-05, 3.86427018384e-06, 4.74197031508e-06],
        "min": [1.32891955218e-07, 1.50545963606e-06, 3.29516660713e-05, 7.4431511166e-05, 0.00025500083575, 0.000673893839121, 0.00169726950116, 0.00198010727763, 0.00102266704198, 0.00106658868026, 0.000874082557857, 0.000134486937895, 0.000118833922897, 8.10376150184e-05, 8.45698741614e-05, 0.000245749019086, 0.000151024825755, 2.93113098451e-05, 2.17801753024e-05, 4.29610117862e-05, 1.9607030481e-05, 3.7570058339e-05, 1.29686568471e-05, 1.51330823428e-05, 7.509403531e-06, 9.74170870904e-06, 5.05863317812e-06, 3.40362089446e-06, 2.54095084529e-06, 1.81051109394e-06, 5.16969407727e-07, 6.04843705787e-07, 4.61506004967e-07, 1.881484053e-07, 1.45627481629e-07, 1.28027508595e-07, 8.49168415584e-08, 3.07002530064e-08, 4.1025543851e-08, 3.47980453341e-08],
        "var": [6.55076826117e-11, 9.80236478654e-08, 0.000191989849554, 0.00675907591358, 0.01582467556, 0.231912240386, 18.3311061859, 157.24331665, 85.010017395, 108.771575928, 966.65637207, 675.212768555, 1013.9508667, 629.991699219, 820.849853516, 4904.23046875, 899.246337891, 838.528503418, 1560.07312012, 2548.61523438, 11937.359375, 9926.53808594, 3925.87231445, 1349.13293457, 2440.25878906, 860.851501465, 5020.50439453, 1555.84631348, 2301.32104492, 1109.87780762, 350.872833252, 63.1007194519, 18.6719379425, 4.26427602768, 0.843645513058, 0.125439852476, 0.0275081302971, 0.00106234767009, 2.25676212722e-05, 2.48886102838e-08]
    },
    "gfcc": {
        "mean": [-146.227340698, 58.5648040771, -187.767318726, -6.50525093079, -92.360786438, -22.5580329895, -45.0786018372, -16.4284744263, -17.0914936066, -11.6913776398, -16.3337459564, 0.0645804032683, -8.72442054749],
        "cov": [[25200.9238281, -7126.26513672, -3841.90551758, 933.749450684, -2779.89160156, 2160.17456055, -1417.39587402, 1272.96435547, -818.221984863, 864.070373535, -397.445831299, 723.360107422, -311.83996582], [-7126.26513672, 2942.28417969, 744.025695801, -248.614532471, 671.318603516, -568.017822266, 492.817199707, -460.404846191, 348.628265381, -330.168273926, 157.114944458, -313.822418213, 125.46686554], [-3841.90551758, 744.025695801, 1530.12109375, -333.852416992, 579.408935547, -331.665863037, 171.31602478, -114.244606018, 18.4480400085, -39.0089530945, -72.9758148193, -76.3062896729, -72.8558349609], [933.749450684, -248.614532471, -333.852416992, 215.156311035, -81.833190918, 115.71320343, -65.885269165, 40.6564903259, -26.0105648041, 1.19197773933, 8.72840690613, 35.2932395935, 9.6944065094], [-2779.89160156, 671.318603516, 579.408935547, -81.833190918, 557.861572266, -247.84487915, 159.433242798, -139.662094116, 61.9217605591, -58.9889831543, 4.05112552643, -4.83686065674, 25.5762195587], [2160.17456055, -568.017822266, -331.665863037, 115.71320343, -247.84487915, 285.853424072, -128.793746948, 115.034988403, -85.7110519409, 65.1725921631, -33.6159324646, 49.2341117859, -33.0283889771], [-1417.39587402, 492.817199707, 171.31602478, -65.885269165, 159.433242798, -128.793746948, 137.025695801, -82.3671112061, 70.0999298096, -59.290561676, 25.3843536377, -56.6452865601, 22.0891227722], [1272.96435547, -460.404846191, -114.244606018, 40.6564903259, -139.662094116, 115.034988403, -82.3671112061, 141.758132935, -51.3473739624, 63.3841362, -34.6598434448, 44.6140556335, -32.386264801], [-818.221984863, 348.628265381, 18.4480400085, -26.0105648041, 61.9217605591, -85.7110519409, 70.0999298096, -51.3473739624, 86.4428787231, -33.9702072144, 26.6494464874, -42.2833786011, 22.8444423676], [864.070373535, -330.168273926, -39.0089530945, 1.19197773933, -58.9889831543, 65.1725921631, -59.290561676, 63.3841362, -33.9702072144, 86.435218811, -17.9987487793, 49.5874710083, -23.0634937286], [-397.445831299, 157.114944458, -72.9758148193, 8.72840690613, 4.05112552643, -33.6159324646, 25.3843536377, -34.6598434448, 26.6494464874, -17.9987487793, 64.5388412476, -7.98091554642, 27.3820552826], [723.360107422, -313.822418213, -76.3062896729, 35.2932395935, -4.83686065674, 49.2341117859, -56.6452865601, 44.6140556335, -42.2833786011, 49.5874710083, -7.98091554642, 96.2241592407, -0.908213615417], [-311.83996582, 125.46686554, -72.8558349609, 9.6944065094, 25.5762195587, -33.0283889771, 22.0891227722, -32.386264801, 22.8444423676, -23.0634937286, 27.3820552826, -0.908213615417, 50.3958206177]],
        "icov": [[0.000544883951079, 0.000363519939128, 0.000653597991914, 0.000117919058539, 0.000947362976149, -0.00112333579455, 5.97206744715e-05, 0.000135824084282, 0.000143939614645, -0.00112548074685, 0.00182381260674, -0.00104035425466, 0.000642901461106], [0.000363519939128, 0.0021713047754, 0.000124688216601, 0.000610118964687, -0.000250637007412, -0.00151621783152, -0.00108371069655, 0.00165941007435, -0.00320587446913, 0.00163813785184, -0.000551704724785, 0.00128195341676, 0.000107228894194], [0.000653597991914, 0.000124688216601, 0.00330500304699, 0.00256260763854, -0.00124087987933, -0.000296367215924, 0.00114301452413, -0.000750550359953, 0.00265246629715, -0.00142650131602, 0.00307016307488, 0.000477028836031, 0.0039563588798], [0.000117919058539, 0.000610118964687, 0.00256260763854, 0.0106767527759, -0.00384915457107, -0.00341551937163, 0.0047975028865, -0.00171802204568, -0.00148396776058, 0.00578260235488, -0.00214353390038, 0.000602105108555, 0.00186427589506], [0.000947362976149, -0.000250637007412, -0.00124087987933, -0.00384915457107, 0.0093152616173, 0.000441048876382, -0.00534881092608, 0.00290230847895, 0.00138684629928, -0.00425138836727, 0.00652005011216, -0.00843218434602, -0.00106513954233], [-0.00112333579455, -0.00151621783152, -0.000296367215924, -0.00341551937163, 0.000441048876382, 0.013188845478, 0.000380577461328, -0.00188581563998, 0.0063988501206, -0.00136202131398, -0.000532077916432, 0.00236784201115, 0.000901404593606], [5.97206744715e-05, -0.00108371069655, 0.00114301452413, 0.0047975028865, -0.00534881092608, 0.000380577461328, 0.0267004724592, -0.00144555815496, -0.00719044404104, 0.00524938851595, -0.0025864879135, 0.00502090714872, 0.00128660909832], [0.000135824084282, 0.00165941007435, -0.000750550359953, -0.00171802204568, 0.00290230847895, -0.00188581563998, -0.00144555815496, 0.0178268030286, -0.00245544989593, -0.00435057142749, 0.00367164495401, -0.0020892645698, 0.00242492486723], [0.000143939614645, -0.00320587446913, 0.00265246629715, -0.00148396776058, 0.00138684629928, 0.0063988501206, -0.00719044404104, -0.00245544989593, 0.0329692326486, -0.00898029282689, 0.00184945168439, 0.00406192056835, -0.0019307397306], [-0.00112548074685, 0.00163813785184, -0.00142650131602, 0.00578260235488, -0.00425138836727, -0.00136202131398, 0.00524938851595, -0.00435057142749, -0.00898029282689, 0.0323452018201, -0.00828049797565, -0.00511046033353, 0.00523148477077], [0.00182381260674, -0.000551704724785, 0.00307016307488, -0.00214353390038, 0.00652005011216, -0.000532077916432, -0.0025864879135, 0.00367164495401, 0.00184945168439, -0.00828049797565, 0.0322672091424, -0.00720433192328, -0.00494450423867], [-0.00104035425466, 0.00128195341676, 0.000477028836031, 0.000602105108555, -0.00843218434602, 0.00236784201115, 0.00502090714872, -0.0020892645698, 0.00406192056835, -0.00511046033353, -0.00720433192328, 0.02860003151, -0.00651768315583], [0.000642901461106, 0.000107228894194, 0.0039563588798, 0.00186427589506, -0.00106513954233, 0.000901404593606, 0.00128660909832, 0.00242492486723, -0.0019307397306, 0.00523148477077, -0.00494450423867, -0.00651768315583, 0.0368792898953]]
    },
    "melbands": {
        "dmean": [3.71730983773e-08, 1.50032485635e-06, 4.4545390665e-06, 5.5196219364e-06, 4.55289628007e-05, 0.000118062162073, 5.95865276409e-05, 6.46990447422e-05, 0.000105840401375, 6.10667120782e-05, 6.96473580319e-05, 4.64538061351e-05, 3.09148308588e-05, 7.81843264122e-05, 5.2035866247e-05, 2.31969988818e-05, 1.74517208507e-05, 2.74497524515e-05, 2.50732609857e-05, 4.40473631897e-05, 6.79763106746e-05, 4.16733018938e-05, 3.3536394767e-05, 2.32200236496e-05, 1.26535232994e-05, 2.31903431995e-05, 1.29401532831e-05, 8.70217536431e-06, 2.18753102672e-05, 1.88171525224e-05, 1.13178612082e-05, 1.27155381051e-05, 1.32260529426e-05, 8.0646132119e-06, 6.46023954687e-06, 2.87945590571e-06, 2.37466906583e-06, 1.80214306056e-06, 9.4018935215e-07, 7.71033512592e-07],
        "dmean2": [6.65485373474e-08, 2.15727663999e-06, 7.21642936696e-06, 8.91183753993e-06, 7.81459530117e-05, 0.000192761464859, 0.000101736906799, 0.00011182801245, 0.000190212929738, 9.68112799455e-05, 0.000116957853606, 7.65898657846e-05, 5.47849449504e-05, 0.000136712755193, 9.05767738004e-05, 3.75910276489e-05, 3.07833252009e-05, 4.90243874083e-05, 4.62887692265e-05, 8.07389078545e-05, 0.000123302379507, 7.33860870241e-05, 6.24736494501e-05, 4.34622597822e-05, 2.31873873417e-05, 4.30469699495e-05, 2.37898293562e-05, 1.62492051459e-05, 4.13666530221e-05, 3.47971435986e-05, 2.08665915125e-05, 2.35560437432e-05, 2.4552893592e-05, 1.47911387103e-05, 1.17073486763e-05, 5.2887298807e-06, 4.30258478445e-06, 3.26746157953e-06, 1.72150453182e-06, 1.43512227169e-06],
        "dvar": [3.72321336427e-15, 1.25373218751e-11, 1.20035370532e-10, 1.09927851544e-10, 1.61335602655e-08, 5.0430529086e-08, 1.21158736377e-08, 1.92906597363e-08, 6.23761380325e-08, 1.76985466283e-08, 2.90567250261e-08, 7.95854049329e-09, 4.67068828058e-09, 4.95883512031e-08, 1.63179798562e-08, 3.16794435129e-09, 4.22331813965e-09, 7.75366792993e-09, 5.35688782222e-09, 1.03879500557e-08, 2.93097137671e-08, 1.26709043258e-08, 9.33090227306e-09, 3.52874685028e-09, 1.18792187198e-09, 3.15470849443e-09, 9.99989202555e-10, 5.13808162683e-10, 4.4644421493e-09, 2.14943041144e-09, 6.35172636709e-10, 1.2306603514e-09, 1.34392763584e-09, 4.39909941807e-10, 2.29847099686e-10, 4.30393810869e-11, 3.63258208236e-11, 1.83259189074e-11, 6.16633003339e-12, 4.16422972493e-12],
        "dvar2": [1.10431530863e-14, 1.93090786416e-11, 3.20597326464e-10, 2.42012188068e-10, 4.11785379129e-08, 1.29311473529e-07, 3.14444896787e-08, 5.34912061312e-08, 1.93864295284e-07, 3.97931891882e-08, 7.7669660925e-08, 1.90822984081e-08, 1.2850348341e-08, 1.33970743832e-07, 4.51460522299e-08, 8.32341484625e-09, 1.21987389079e-08, 2.1996809707e-08, 1.6064452879e-08, 2.99373752455e-08, 8.08604951885e-08, 3.61970506901e-08, 2.67724082903e-08, 9.8898240708e-09, 3.3592102433e-09, 8.83772433014e-09, 2.74917488774e-09, 1.4644624402e-09, 1.27378489978e-08, 6.06230754485e-09, 1.79381320908e-09, 3.53960616373e-09, 3.80220388507e-09, 1.21589305291e-09, 6.43267272782e-10, 1.19687315614e-10, 9.73580591146e-11, 5.13288300752e-11, 1.72432138013e-11, 1.1192172189e-11],
        "max": [3.83811027405e-07, 4.37257695012e-05, 0.00011380756041, 0.000145229772897, 0.00130445114337, 0.00203233258799, 0.00105670234188, 0.000887589878403, 0.00186082476284, 0.00125756824855, 0.00118086580187, 0.000664255290758, 0.000592034950387, 0.00208370527253, 0.00093518034555, 0.000512938480824, 0.00076735089533, 0.000841639877763, 0.000672750349622, 0.000792398874182, 0.00113343435805, 0.000987105420791, 0.000788018689491, 0.000439501891378, 0.000275055121165, 0.000347242952557, 0.000177256210009, 0.000160337556736, 0.000487022451125, 0.000294098746963, 0.000120455464639, 0.000318794569466, 0.000229436496738, 0.000137367576826, 8.64768953761e-05, 3.28946443915e-05, 4.91028986289e-05, 2.45735591307e-05, 1.71447481989e-05, 1.11826093416e-05],
        "mean": [4.50225989823e-08, 2.19363096221e-06, 5.88755938224e-06, 9.1197389338e-06, 4.62616626464e-05, 0.000158580878633, 8.03808143246e-05, 7.56252629799e-05, 0.000110835397209, 9.34267882258e-05, 6.94529662724e-05, 5.95171477471e-05, 3.91686553485e-05, 7.4792340456e-05, 5.3664061852e-05, 2.67917112069e-05, 1.99542155315e-05, 2.49688000622e-05, 2.13879120565e-05, 3.78456898034e-05, 5.51163720957e-05, 4.1913925088e-05, 2.65363596554e-05, 1.74935757968e-05, 1.05037561298e-05, 1.62053293025e-05, 9.68050972006e-06, 6.09375410932e-06, 1.42875587699e-05, 1.30231637741e-05, 7.99820008979e-06, 8.65567653818e-06, 8.70912390383e-06, 5.70977590542e-06, 4.48619857707e-06, 2.00135832529e-06, 1.74580395651e-06, 1.17972922453e-06, 6.32368539755e-07, 5.55876340513e-07],
        "median": [1.87495921011e-08, 2.93930440876e-07, 1.39834298807e-06, 3.75051922674e-06, 1.34510937642e-05, 5.6618853705e-05, 3.06563379127e-05, 1.74150445673e-05, 2.36162304645e-05, 2.28167627938e-05, 1.59897499543e-05, 1.49478819367e-05, 1.46946886161e-05, 1.43507904795e-05, 1.27142329802e-05, 6.85711665938e-06, 4.87309125674e-06, 5.17361149832e-06, 4.72178680866e-06, 9.18760542845e-06, 9.34767831495e-06, 5.81928134125e-06, 3.95058714275e-06, 2.80807626041e-06, 2.09904874282e-06, 2.21925915866e-06, 1.38348673318e-06, 1.13395196877e-06, 1.22580490824e-06, 1.03052116174e-06, 5.81036601943e-07, 6.42244401661e-07, 5.40060682397e-07, 3.94217636313e-07, 2.6846814194e-07, 1.23410259789e-07, 7.41712185004e-08, 3.22006847853e-08, 1.20917702517e-08, 7.56333662366e-09],
        "min": [5.20463283582e-10, 3.63296037698e-09, 1.37724747162e-08, 3.17966453167e-08, 5.46018696923e-08, 4.38390053148e-08, 1.77297838633e-08, 1.14490887881e-08, 5.54421175636e-09, 5.72800806786e-10, 5.7020393962e-10, 3.19686055406e-10, 2.2914496689e-10, 5.78879333357e-10, 5.65475166692e-10, 2.11221304336e-10, 3.30883133393e-11, 3.02685966569e-11, 4.72557791509e-11, 5.37609505524e-11, 1.50114417424e-11, 4.53169342329e-11, 1.15404092532e-11, 1.39632342147e-11, 1.22583210943e-11, 6.97246340525e-12, 4.67617351091e-12, 6.71087274293e-12, 2.22026845693e-12, 3.63954135926e-12, 1.59323801981e-12, 1.44588030784e-12, 1.44652725128e-12, 7.29572869132e-13, 2.34284542721e-13, 3.30196563451e-13, 3.98749934981e-13, 3.82059808053e-13, 2.05024650144e-13, 1.30154052683e-13],
        "var": [4.32054311626e-15, 2.7592341606e-11, 1.97127855706e-10, 2.61268895407e-10, 1.56459023515e-08, 7.34485325893e-08, 1.69197669209e-08, 2.36989592395e-08, 5.66027225091e-08, 2.9340537111e-08, 2.61937493917e-08, 1.06007229661e-08, 5.01105645867e-09, 3.91927379439e-08, 1.32763258165e-08, 3.03759661868e-09, 2.97947266859e-09, 5.18883203071e-09, 3.51326967518e-09, 7.29154248091e-09, 2.05742161086e-08, 9.61592849791e-09, 5.85756421145e-09, 2.25349605643e-09, 8.00186750194e-10, 2.10252371069e-09, 6.79525047342e-10, 3.11362907679e-10, 2.58477794723e-09, 1.39357492213e-09, 4.28125340735e-10, 7.55873308389e-10, 8.23032086927e-10, 2.94328506012e-10, 1.53204560149e-10, 2.87225330325e-11, 2.5525062966e-11, 1.18985004141e-11, 4.07685604026e-12, 3.20933102142e-12]
    },
    "mfcc": {
        "mean": [-754.592285156, 80.578453064, -45.4826164246, -10.356385231, -36.029258728, -17.8908538818, -33.146484375, -10.9427814484, -14.4163103104, -14.7252817154, -13.3528308868, -3.49584555626, -3.93881845474],
        "cov": [[22245.9375, -3824.52929688, -3648.33569336, -731.309082031, -1488.23913574, 244.175079346, -668.325805664, 349.778442383, -179.984786987, -169.409011841, -182.337905884, 361.406982422, 237.388687134], [-3824.52929688, 1519.81311035, 354.791046143, 44.8135147095, 103.489051819, -26.2653617859, 53.9603042603, -79.4383163452, 45.6949653625, 37.6331291199, 53.0209159851, -82.5232543945, -86.3997192383], [-3648.33569336, 354.791046143, 1249.2791748, 50.2375144958, 336.96685791, -59.9364356995, 158.805587769, -84.5355072021, 39.8944358826, 68.9030609131, 65.4722900391, -89.2748794556, -109.388168335], [-731.309082031, 44.8135147095, 50.2375144958, 147.601013184, 85.1657791138, 16.9651699066, 24.1972064972, 17.3033752441, 3.3692510128, -7.48399877548, -13.4224739075, -8.97908973694, 24.8414363861], [-1488.23913574, 103.489051819, 336.96685791, 85.1657791138, 282.453216553, 20.1861763, 86.6846237183, -8.46396827698, 36.2285041809, -19.9964427948, 11.5684709549, 2.8678855896, 20.4433040619], [244.175079346, -26.2653617859, -59.9364356995, 16.9651699066, 20.1861763, 99.8013381958, 10.8105049133, 18.6717643738, -5.79486560822, -14.8417224884, -8.39581298828, 4.78083610535, 8.66035652161], [-668.325805664, 53.9603042603, 158.805587769, 24.1972064972, 86.6846237183, 10.8105049133, 77.7298660278, -1.66534662247, 10.2515821457, 1.87727463245, 3.86833667755, -5.68809366226, -2.45249390602], [349.778442383, -79.4383163452, -84.5355072021, 17.3033752441, -8.46396827698, 18.6717643738, -1.66534662247, 59.1728019714, 3.42981505394, -5.7834353447, -10.6060810089, 9.64503288269, 15.6276712418], [-179.984786987, 45.6949653625, 39.8944358826, 3.3692510128, 36.2285041809, -5.79486560822, 10.2515821457, 3.42981505394, 54.5466995239, 8.00225639343, 7.63489961624, 10.5587501526, 0.191965475678], [-169.409011841, 37.6331291199, 68.9030609131, -7.48399877548, -19.9964427948, -14.8417224884, 1.87727463245, -5.7834353447, 8.00225639343, 53.3519439697, 10.098238945, -16.2796020508, -19.8189678192], [-182.337905884, 53.0209159851, 65.4722900391, -13.4224739075, 11.5684709549, -8.39581298828, 3.86833667755, -10.6060810089, 7.63489961624, 10.098238945, 48.4163894653, -0.621767044067, -13.2642431259], [361.406982422, -82.5232543945, -89.2748794556, -8.97908973694, 2.8678855896, 4.78083610535, -5.68809366226, 9.64503288269, 10.5587501526, -16.2796020508, -0.621767044067, 68.4993209839, 36.1399383545], [237.388687134, -86.3997192383, -109.388168335, 24.8414363861, 20.4433040619, 8.66035652161, -2.45249390602, 15.6276712418, 0.191965475678, -19.8189678192, -13.2642431259, 36.1399383545, 68.5397186279]],
