{
"lowlevel": {
    "average_loudness": 0.787982404232,
    "barkbands_crest": {
        "dmean": 3.47826743126,
        "dmean2": 5.6700220108,
        "dvar": 9.28724479675,
        "dvar2": 22.003200531,
        "max": 26.5753536224,
        "mean": 13.417014122,
        "median": 12.0977230072,
        "min": 3.03995418549,
        "var": 27.5970306396
    },
    "barkbands_flatness_db": {
        "dmean": 0.0391532741487,
        "dmean2": 0.0620568878949,
        "dvar": 0.00109469168819,
        "dvar2": 0.00233029108495,
        "max": 0.47669121623,
        "mean": 0.195660769939,
        "median": 0.188568621874,
        "min": 0.0268798228353,
        "var": 0.00558996247128
    },
    "barkbands_kurtosis": {
        "dmean": 12.383389473,
        "dmean2": 18.6185569763,
        "dvar": 984.506347656,
        "dvar2": 2178.61914062,
        "max": 519.968078613,
        "mean": 19.9713363647,
        "median": 10.0729808807,
        "min": -1.86225426197,
        "var": 1862.31494141
    },
    "barkbands_skewness": {
        "dmean": 1.12076759338,
        "dmean2": 1.60388720036,
        "dvar": 1.39036631584,
        "dvar2": 2.73863387108,
        "max": 6.57870721817,
        "mean": 0.826080143452,
        "median": 1.56773018837,
        "min": -14.1235895157,
        "var": 11.8165864944
    },
    "barkbands_spread": {
        "dmean": 5.43419313431,
        "dmean2": 8.72561168671,
        "dvar": 46.8852844238,
        "dvar2": 109.890281677,
        "max": 53.1145935059,
        "mean": 12.7502012253,
        "median": 8.69504261017,
        "min": 0.216969326138,
        "var": 121.042266846
    },
    "dissonance": {
        "dmean": 0.0205662306398,
        "dmean2": 0.0341853313148,
        "dvar": 0.000469468446681,
        "dvar2": 0.00125732948072,
        "max": 0.499999940395,
        "mean": 0.465731412172,
        "median": 0.473109900951,
        "min": 0.321226894855,
        "var": 0.000878166756593
    },
    "dynamic_complexity": 6.51765155792,
    "erbbands_crest": {
        "dmean": 3.65190315247,
        "dmean2": 5.37735271454,
        "dvar": 11.0524301529,
        "dvar2": 20.6492652893,
        "max": 34.9312286377,
        "mean": 15.7848653793,
        "median": 12.9940605164,
        "min": 3.53693032265,
        "var": 69.7304000854
    },
    "erbbands_flatness_db": {
        "dmean": 0.0357844159007,
        "dmean2": 0.0547035261989,
        "dvar": 0.00119242013898,
        "dvar2": 0.00196572998539,
        "max": 0.547335803509,
        "mean": 0.233136996627,
        "median": 0.207381516695,
        "min": 0.102908320725,
        "var": 0.00869909022003
    },
    "erbbands_kurtosis": {
        "dmean": 9.62392807007,
        "dmean2": 14.6123552322,
        "dvar": 468.958709717,
        "dvar2": 1019.69848633,
        "max": 290.70211792,
        "mean": 15.6948843002,
        "median": 4.00293064117,
        "min": -1.69203925133,
        "var": 1072.01782227
    },
    "erbbands_skewness": {
        "dmean": 1.02258133888,
        "dmean2": 1.54042601585,
        "dvar": 1.94143176079,
        "dvar2": 4.60320520401,
        "max": 3.45929455757,
        "mean": -0.236247330904,
        "median": 0.413088083267,
        "min": -9.31499004364,
        "var": 5.95538568497
    },
    "erbbands_spread": {
        "dmean": 8.01281070709,
        "dmean2": 12.5672016144,
        "dvar": 87.8909759521,
        "dvar2": 218.145889282,
        "max": 102.78440094,
        "mean": 21.2927417755,
        "median": 18.8683280945,
        "min": 0.26267310977,
        "var": 263.75390625
    },
    "hfc": {
        "dmean": 9.56652355194,
        "dmean2": 11.2233858109,
        "dvar": 2313.00463867,
        "dvar2": 4258.26757812,
        "max": 1127.67199707,
        "mean": 21.1495666504,
        "median": 0.571127176285,
        "min": 0.0482793338597,
        "var": 11791.5566406
    },
    "melbands_crest": {
        "dmean": 4.39194011688,
        "dmean2": 7.08290529251,
        "dvar": 13.6495838165,
        "dvar2": 32.1230773926,
        "max": 35.9478797913,
        "mean": 15.7893476486,
        "median": 14.6357402802,
        "min": 4.19410800934,
        "var": 35.6906089783
    },
    "melbands_flatness_db": {
        "dmean": 0.0443055257201,
        "dmean2": 0.0725102424622,
        "dvar": 0.00133524462581,
        "dvar2": 0.00338421529159,
        "max": 0.453152090311,
        "mean": 0.262114882469,
        "median": 0.268444240093,
        "min": 0.0282471906394,
        "var": 0.0045626917854
    },
    "melbands_kurtosis": {
        "dmean": 9.58196640015,
        "dmean2": 15.075419426,
        "dvar": 227.707672119,
        "dvar2": 594.348144531,
        "max": 186.183578491,
        "mean": 14.8545980453,
        "median": 10.6994533539,
        "min": -1.89449393749,
        "var": 416.306945801
    },
    "melbands_skewness": {
        "dmean": 1.03244769573,
        "dmean2": 1.47179734707,
        "dvar": 0.983568608761,
        "dvar2": 2.37981700897,
        "max": 9.38775062561,
        "mean": 1.42148458958,
        "median": 2.20637392998,
        "min": -10.4219074249,
        "var": 7.44594717026
    },
    "melbands_spread": {
        "dmean": 8.8612651825,
        "dmean2": 13.8858451843,
        "dvar": 127.325431824,
        "dvar2": 318.375793457,
        "max": 115.975448608,
        "mean": 21.7962360382,
        "median": 13.3232707977,
        "min": 1.47236943245,
        "var": 471.968536377
    },
    "pitch_salience": {
        "dmean": 0.096869289875,
        "dmean2": 0.150479674339,
        "dvar": 0.00638158805668,
        "dvar2": 0.0152714941651,
        "max": 0.786762654781,
        "mean": 0.543659508228,
        "median": 0.57499319315,
        "min": 0.0732021331787,
        "var": 0.0245556384325
    },
    "silence_rate_20dB": {
        "dmean": 0,
        "dmean2": 0,
        "dvar": 0,
        "dvar2": 0,
        "max": 1,
        "mean": 1,
        "median": 1,
        "min": 1,
        "var": 0
    },
    "silence_rate_30dB": {
        "dmean": 0.00668896315619,
        "dmean2": 0.0100671136752,
        "dvar": 0.00664422195405,
        "dvar2": 0.00996576715261,
        "max": 1,
        "mean": 0.983333349228,
        "median": 1,
        "min": 0,
        "var": 0.0163888875395
    },
    "silence_rate_60dB": {
        "dmean": 0.063545152545,
        "dmean2": 0.127516776323,
        "dvar": 0.0595070905983,
        "dvar2": 0.117967762053,
        "max": 1,
        "mean": 0.80666667223,
        "median": 1,
        "min": 0,
        "var": 0.155955314636
    },
    "spectral_centroid": {
        "dmean": 217.942626953,
        "dmean2": 322.250061035,
        "dvar": 89334.8515625,
        "dvar2": 174560.8125,
        "max": 5138.00830078,
        "mean": 1167.22058105,
        "median": 806.01184082,
        "min": 229.782409668,
        "var": 900534.0625
    },
    "spectral_complexity": {
        "dmean": 1.1003344059,
        "dmean2": 1.84899330139,
        "dvar": 1.2006367445,
        "dvar2": 2.63155794144,
        "max": 12,
        "mean": 3.54666662216,
        "median": 3,
        "min": 0,
        "var": 4.92782402039
    },
    "spectral_decrease": {
        "dmean": 4.23976798114e-10,
        "dmean2": 5.84965631489e-10,
        "dvar": 1.41344528529e-18,
        "dvar2": 2.42895837971e-18,
        "max": -1.08537432514e-11,
        "mean": -9.3556073999e-10,
        "median": -2.47778964013e-10,
        "min": -1.92434761459e-08,
        "var": 6.16974786954e-18
    },
    "spectral_energy": {
        "dmean": 0.00246366043575,
        "dmean2": 0.00317655759864,
        "dvar": 7.3033341323e-05,
        "dvar2": 0.000130959175294,
        "max": 0.174912542105,
        "mean": 0.00544934207574,
        "median": 0.00102305505425,
        "min": 4.90881539008e-05,
        "var": 0.000351371098077
    },
    "spectral_energyband_high": {
        "dmean": 0.00119448755868,
        "dmean2": 0.00138402089942,
        "dvar": 6.08158079558e-05,
        "dvar2": 0.00011539170373,
        "max": 0.171850532293,
        "mean": 0.0026250272058,
        "median": 3.71729652215e-06,
        "min": 5.43649889551e-07,
        "var": 0.000302722706692
    },
    "spectral_energyband_low": {
        "dmean": 9.8590455309e-05,
        "dmean2": 0.000165127785294,
        "dvar": 5.5295835466e-08,
        "dvar2": 1.2207650002e-07,
        "max": 0.00223015202209,
        "mean": 0.000131119930302,
        "median": 1.58539205586e-05,
        "min": 3.79101578574e-07,
        "var": 9.20009384231e-08
    },
    "spectral_energyband_middle_high": {
        "dmean": 0.000966056541074,
        "dmean2": 0.00133426580578,
        "dvar": 1.37905453812e-05,
        "dvar2": 1.87619571079e-05,
        "max": 0.0666796937585,
        "mean": 0.00201516086236,
        "median": 8.0680809333e-05,
        "min": 4.38010374637e-06,
        "var": 5.13490122103e-05
    },
    "spectral_energyband_middle_low": {
        "dmean": 0.000388466753066,
        "dmean2": 0.000622163410299,
        "dvar": 3.05161876213e-07,
        "dvar2": 9.031697914e-07,
        "max": 0.00578306941316,
        "mean": 0.000757437257562,
        "median": 0.000501385657117,
        "min": 1.54684421432e-05,
        "var": 6.66115568038e-07
    },
    "spectral_entropy": {
        "dmean": 0.401218533516,
        "dmean2": 0.65583306551,
        "dvar": 0.135900080204,
        "dvar2": 0.323634177446,
        "max": 8.46458721161,
        "mean": 6.82511138916,
        "median": 6.84421110153,
        "min": 4.36032247543,
        "var": 0.503115713596
    },
    "spectral_flux": {
        "dmean": 0.0092301601544,
        "dmean2": 0.0138572668657,
        "dvar": 0.000213874329347,
        "dvar2": 0.000434742978541,
        "max": 0.254777222872,
        "mean": 0.0277636274695,
        "median": 0.0186458751559,
        "min": 0.00424886029214,
        "var": 0.00108278205153
    },
    "spectral_kurtosis": {
        "dmean": 4.90811252594,
        "dmean2": 8.27174949646,
        "dvar": 27.4316539764,
        "dvar2": 72.3881835938,
        "max": 51.3395729065,
        "mean": 10.9742202759,
        "median": 9.49626541138,
        "min": 0.0355839729309,
        "var": 65.3839492798
    },
    "spectral_rms": {
        "dmean": 0.000388232059777,
        "dmean2": 0.000517186650541,
        "dvar": 3.37853151677e-07,
        "dvar2": 4.62284845071e-07,
        "max": 0.0130631690845,
        "mean": 0.00150339968968,
        "median": 0.000999034848064,
        "min": 0.000218839850277,
        "var": 3.0562214306e-06
    },
    "spectral_rolloff": {
        "dmean": 372.041717529,
        "dmean2": 650.837158203,
        "dvar": 808910.4375,
        "dvar2": 1823679.625,
        "max": 10228.2714844,
        "mean": 1563.09484863,
        "median": 1442.72460938,
        "min": 193.798828125,
        "var": 2532806.75
    },
    "spectral_skewness": {
        "dmean": 0.524873971939,
        "dmean2": 0.88118994236,
        "dvar": 0.235122710466,
        "dvar2": 0.621054172516,
        "max": 5.08525800705,
        "mean": 2.47824239731,
        "median": 2.46768522263,
        "min": 0.540796339512,
        "var": 0.609204828739
    },
    "spectral_spread": {
        "dmean": 882808.75,
        "dmean2": 1475035.375,
        "dvar": 787672137728,
        "dvar2": 1.86968021402e+12,
        "max": 11067196,
        "mean": 4121042,
        "median": 3968893.5,
        "min": 1193636.5,
        "var": 2.22782868685e+12
    },
    "spectral_strongpeak": {
        "dmean": 1.12228155136,
        "dmean2": 1.41689038277,
        "dvar": 11.7837076187,
        "dvar2": 22.3907222748,
        "max": 46.3296394348,
        "mean": 2.19070243835,
        "median": 0.19097173214,
        "min": 0.0158646162599,
        "var": 33.1598892212
    },
    "zerocrossingrate": {
        "dmean": 0.0088200904429,
        "dmean2": 0.0100867766887,
        "dvar": 0.000148919731146,
        "dvar2": 0.00017981811834,
        "max": 0.31201171875,
        "mean": 0.062736004591,
        "median": 0.0556640625,
        "min": 0.0087890625,
        "var": 0.00183992902748
    },
    "barkbands": {
        "dmean": [3.78362528863e-06, 3.04233549286e-06, 3.94432354369e-05, 0.000140219708555, 0.000173941050889, 0.000170569532202, 4.18086565332e-05, 1.98877296498e-05, 9.73660735326e-06, 5.84156350669e-06, 1.8844096985e-06, 2.63918218479e-06, 3.63355720765e-05, 1.27644552776e-05, 0.000112213296234, 0.000158396505867, 0.000322938925819, 0.000477673806017, 2.75692013929e-06, 5.73752222408e-05, 0.000676102819853, 0.000282851629891, 4.04893035011e-06, 4.24379177275e-05, 0.000251490564551, 6.829811241e-07, 1.16142643947e-07],
        "dmean2": [6.51269920127e-06, 4.92129538543e-06, 6.44924220978e-05, 0.000244000038947, 0.000288312439807, 0.000278394727502, 6.92844332661e-05, 3.51077542291e-05, 1.61704301718e-05, 9.4890492619e-06, 3.23588324136e-06, 4.53355323771e-06, 4.88042096549e-05, 1.90006594494e-05, 0.000148406310473, 0.000223848168389, 0.000402327947086, 0.000701312790625, 4.76310060549e-06, 9.69570246525e-05, 0.000912976218387, 0.000328962574713, 7.07521712684e-06, 7.85423908383e-05, 0.000256912928307, 1.21556251997e-06, 1.36111268034e-07],
        "dvar": [2.48539487602e-11, 5.71248187642e-11, 1.03835171572e-08, 1.04026675274e-07, 9.5823750712e-08, 8.00037511794e-08, 3.47044348814e-09, 1.23825949494e-09, 1.8124234058e-10, 1.04942755874e-10, 6.01987079976e-12, 1.24818549593e-11, 7.83094051826e-08, 1.958595508e-09, 1.09553141669e-07, 3.25465833839e-07, 1.89209708878e-06, 1.31944534587e-05, 2.65318583076e-11, 3.23422426618e-07, 2.35697098105e-05, 6.8482640927e-06, 2.98253838293e-10, 8.17288992039e-08, 3.99705368181e-06, 9.7386387149e-12, 1.91306849919e-13],
        "dvar2": [6.17892473298e-11, 1.53850765461e-10, 2.2898056784e-08, 3.00256857599e-07, 2.79207341691e-07, 1.99379940113e-07, 9.31040666785e-09, 3.63051744223e-09, 4.74849104481e-10, 2.48310455531e-10, 1.63662486341e-11, 3.31469574011e-11, 1.04221754782e-07, 3.35207728241e-09, 1.90119180843e-07, 7.03545765646e-07, 2.66053757514e-06, 1.80752867891e-05, 7.04550376374e-11, 5.97558312165e-07, 4.77593202959e-05, 1.10257042252e-05, 8.13751621642e-10, 2.22803038241e-07, 7.76878277975e-06, 2.50816069303e-11, 1.29710613994e-13],
        "max": [3.22192790918e-05, 9.3426067906e-05, 0.00108773517422, 0.00266945571639, 0.00286169862375, 0.00401801755652, 0.00065046333475, 0.0003789755865, 0.000118501302495, 0.000108100110083, 2.17900524149e-05, 2.71937660727e-05, 0.00491898553446, 0.000490523001645, 0.00489017507061, 0.00765592278913, 0.016511566937, 0.0659740567207, 4.15063186665e-05, 0.00820724666119, 0.105952702463, 0.042018648237, 0.000203580697416, 0.00374378589913, 0.0512632541358, 6.16613324382e-05, 1.42179078466e-05],
        "mean": [3.47872992279e-06, 4.12780264014e-06, 4.88114383188e-05, 0.000162682845257, 0.000242894966505, 0.00024126326025, 6.40121943434e-05, 2.56418043136e-05, 1.61513198691e-05, 7.9307701526e-06, 2.95030758934e-06, 3.95830056732e-06, 5.47198687855e-05, 1.87075729627e-05, 0.000212220445974, 0.000234005405218, 0.000566657457966, 0.000904969056137, 2.93806033369e-06, 7.21826145309e-05, 0.00164407433476, 0.000310286675813, 4.33800460087e-06, 5.60832158953e-05, 0.000542335328646, 1.21278617371e-06, 5.3824413726e-07],
        "median": [1.61502146057e-06, 1.0189777413e-06, 3.65662003787e-06, 4.49839499197e-05, 0.000111833607662, 0.000136073766043, 3.79650955438e-05, 1.26169416035e-05, 1.03087786556e-05, 4.38656479673e-06, 1.90626485619e-06, 2.9266857382e-06, 1.95126153812e-06, 2.07977836908e-06, 4.81024380861e-06, 2.91520450446e-06, 1.05647166038e-06, 7.82285098921e-07, 8.04582896308e-07, 7.7701815826e-07, 5.79573111281e-07, 3.31993646796e-07, 4.37916838791e-07, 5.36589482181e-07, 4.72972942589e-07, 1.52625432293e-07, 3.29609832761e-07],
        "min": [1.5583405677e-09, 1.41034934842e-08, 1.58020938557e-08, 1.03279575114e-07, 2.15653176383e-06, 2.75698539554e-06, 9.27272822082e-07, 4.80923915802e-07, 2.60193218082e-07, 9.9704855927e-08, 1.22376590639e-07, 1.71322255937e-07, 1.30413710053e-07, 9.14657576345e-08, 1.28231235408e-07, 1.38542631589e-07, 3.98459185647e-08, 4.14154222028e-08, 5.72500162832e-08, 3.39727250775e-08, 5.3789946719e-08, 2.75103566594e-08, 4.03961344375e-08, 3.81197544641e-08, 2.54150034351e-08, 2.15531272829e-08, 1.5983511048e-07],
        "var": [2.63209419538e-11, 9.77997127727e-11, 1.74832219813e-08, 1.1453584392e-07, 1.239072418e-07, 1.16941919259e-07, 6.43030562131e-09, 1.29918464875e-09, 3.0475308388e-10, 1.37174840931e-10, 1.055650619e-11, 1.57890246016e-11, 1.79727251748e-07, 3.72968100848e-09, 4.30462137047e-07, 7.81607354838e-07, 5.28908094566e-06, 4.35989240941e-05, 2.94197687045e-11, 4.3719822429e-07, 0.000118302494229, 8.60778345668e-06, 3.30460103726e-10, 1.38646640835e-07, 1.71904084709e-05, 3.95610107173e-11, 2.06510242934e-12]
    },
    "erbbands": {
        "dmean": [5.6247386965e-05, 0.00116277905181, 0.0279332678765, 0.259760171175, 0.607095718384, 0.617250978947, 0.884724259377, 1.57290112972, 0.762379586697, 0.590430557728, 0.294887155294, 0.228572010994, 0.260759085417, 0.0859948769212, 0.0753213241696, 0.133836403489, 1.39491200447, 1.09447658062, 4.21201944351, 10.2356739044, 7.00667858124, 18.9006996155, 34.8239135742, 2.55160140991, 0.426690429449, 4.8688158989, 25.8285751343, 33.5535850525, 7.14211940765, 0.417029649019, 0.13075491786, 0.142902582884, 1.0235530138, 4.69185018539, 0.284458041191, 0.0101879993454, 0.00141062028706, 0.000419194344431, 2.59109510807e-05, 7.35568073651e-06],
        "dmean2": [8.01039568614e-05, 0.00190266850404, 0.0462539494038, 0.456609129906, 1.0663305521, 1.01016080379, 1.44699060917, 2.58416247368, 1.25363028049, 0.996005177498, 0.517429947853, 0.383317142725, 0.426116764545, 0.153052091599, 0.128175958991, 0.215042963624, 1.7934705019, 1.49097764492, 5.74471282959, 13.4025621414, 8.94630718231, 23.8063964844, 49.9256401062, 4.14440393448, 0.72242051363, 7.44902038574, 44.053440094, 42.3782348633, 9.18911266327, 0.622308194637, 0.226047977805, 0.250806838274, 1.49216902256, 5.35661888123, 0.424285024405, 0.0156537368894, 0.00188731949311, 0.000672152265906, 3.45338339685e-05, 9.00447685126e-06],
        "dvar": [8.1905211502e-09, 7.50293156671e-06, 0.00465997774154, 0.371420919895, 1.59010457993, 1.49076831341, 3.77540254593, 5.23317241669, 0.975339353085, 0.702648937702, 0.336748123169, 0.101856164634, 0.187249734998, 0.0175864100456, 0.00970168597996, 0.0743967443705, 103.627372742, 22.7003479004, 191.234603882, 1077.95043945, 747.242553711, 7636.796875, 67390.609375, 397.727050781, 6.38559865952, 2041.35534668, 38902.1640625, 53818, 2998.70703125, 7.99084043503, 0.34321475029, 0.223631516099, 58.0984840393, 1463.57299805, 6.43855953217, 0.00411474565044, 7.31090040063e-05, 8.75480873219e-06, 1.5609186832e-08, 1.25554078245e-09],
        "dvar2": [1.53644101886e-08, 1.9837561922e-05, 0.0107297804207, 0.94238948822, 4.77777814865, 4.13708686829, 9.02433681488, 13.1739997864, 2.57235002518, 1.80944931507, 0.954346835613, 0.264645725489, 0.442994236946, 0.0493817329407, 0.0229309275746, 0.122654356062, 138.095657349, 32.5680007935, 360.517791748, 2142.6496582, 1203.39746094, 11607.4023438, 91463.796875, 609.268432617, 12.1274299622, 3720.62426758, 107761.257812, 103267.5, 5558.15576172, 15.9091587067, 0.976957082748, 0.57079821825, 107.443870544, 2942.9777832, 12.5255498886, 0.00736936135218, 0.000136256872793, 1.95448319573e-05, 2.84809278384e-08, 2.30411756341e-09],
        "max": [0.00187383312732, 0.026312995702, 0.693070054054, 4.89000654221, 11.1197605133, 9.8405008316, 27.6462020874, 26.8844051361, 11.6281232834, 7.30586576462, 7.21930360794, 3.07530593872, 4.03460216522, 1.20328474045, 0.885655045509, 4.45109367371, 187.402740479, 83.1264343262, 187.31149292, 374.45791626, 442.309326172, 1141.66308594, 4744.84570312, 341.27633667, 35.8991012573, 719.894836426, 2998.40551758, 4712.68066406, 1011.25085449, 53.4928855896, 7.27064847946, 6.73102855682, 182.343215942, 946.687927246, 73.138168335, 1.91328263283, 0.247126191854, 0.0665954723954, 0.0039253924042, 0.000990815344267],
        "mean": [0.00010101965745, 0.00166140170768, 0.0374202616513, 0.339823305607, 0.779460012913, 0.795009553432, 1.12652075291, 2.14590859413, 1.15656530857, 0.879009008408, 0.457694560289, 0.37124106288, 0.352291822433, 0.138636782765, 0.137684255838, 0.203612282872, 2.01313281059, 1.67950189114, 7.39033508301, 14.8413667679, 15.5242738724, 33.6246185303, 66.8279724121, 5.05578184128, 0.58978664875, 6.14257717133, 43.5503082275, 64.6609115601, 10.3638734818, 0.674759805202, 0.15781468153, 0.212377130985, 2.91763901711, 10.0845193863, 0.879249036312, 0.0263330359012, 0.00337633374147, 0.00097440026002, 9.48198503465e-05, 2.28603839787e-05],
        "median": [4.2224455683e-05, 0.000395860115532, 0.00485368911177, 0.0764993205667, 0.394723534584, 0.33644080162, 0.533949613571, 1.22906446457, 0.690329670906, 0.431183218956, 0.253613561392, 0.238234296441, 0.200155362487, 0.0861252397299, 0.100502461195, 0.108682051301, 0.108779497445, 0.182817876339, 0.371753394604, 0.341954469681, 0.154151380062, 0.0777744799852, 0.0517768710852, 0.0508783310652, 0.0465253703296, 0.0420775786042, 0.0272906906903, 0.0197302848101, 0.0127351181582, 0.0115269590169, 0.0138793848455, 0.0129132336006, 0.00770396832377, 0.00531095638871, 0.00319413514808, 0.00102703331504, 0.000210158337723, 9.8581534985e-05, 3.97018666263e-05, 7.56021654524e-06],
        "min": [2.57557326222e-06, 1.12100869956e-05, 8.51993172546e-05, 0.000430797459558, 0.00428694952279, 0.00795062817633, 0.0120061729103, 0.0239006932825, 0.0191331226379, 0.00805910862982, 0.0191682726145, 0.00958759803325, 0.00398225197569, 0.00549255823717, 0.00681146048009, 0.00947975646704, 0.00672287819907, 0.00853919237852, 0.00615691160783, 0.00554456328973, 0.00775322085246, 0.0031263702549, 0.00232544308528, 0.00256831943989, 0.00267388112843, 0.00148976338096, 0.00195612339303, 0.00160737126134, 0.00103081809357, 0.00110968202353, 0.000888315436896, 0.000800030946266, 0.000543991744053, 0.000330162380124, 0.000113924099423, 5.11754151375e-05, 4.47117054136e-05, 4.41517331637e-05, 1.39737539939e-05, 3.70738257516e-06],
        "var": [4.68808600829e-08, 1.3172609215e-05, 0.00823977962136, 0.513027727604, 1.54550778866, 1.7684545517, 4.40234804153, 8.40975379944, 2.13752770424, 1.36447441578, 0.388555884361, 0.168993249536, 0.248746618629, 0.0266442522407, 0.0179624930024, 0.153901413083, 235.894271851, 51.0840301514, 558.358520508, 2099.03027344, 3505.76416016, 19022.8574219, 224958.140625, 1269.20788574, 9.08263874054, 2904.28320312, 88647.8359375, 206659.015625, 6273.45898438, 21.611541748, 0.468251556158, 0.710634112358, 363.506713867, 5816.58203125, 44.1077041626, 0.0319597832859, 0.000472839281429, 3.68683467968e-05, 1.3517612274e-07, 8.1648350303e-09]
    },
    "gfcc": {
        "mean": [-193.902832031, 76.5374832153, -101.917129517, 4.95493507385, -58.7001953125, -17.4127197266, -65.0116958618, -15.4215774536, -20.1258850098, -5.22686004639, -18.2169914246, -13.2917032242, -4.11618471146],
        "cov": [[2656.73095703, -952.135131836, -224.478500366, 1068.04650879, -220.944396973, 54.1049118042, -90.6819076538, 199.303726196, 2.80065226555, 88.9108886719, -210.622283936, -48.8267211914, 257.300598145], [-952.135131836, 1495.27526855, 355.755004883, -817.940246582, 133.328384399, -15.4455003738, 23.5636138916, -280.483795166, -61.8376045227, -44.8334350586, 7.94039869308, -170.180557251, -157.924224854], [-224.478500366, 355.755004883, 803.491455078, -347.7059021, -455.877563477, 109.083534241, 232.566650391, -99.4356384277, -325.333740234, 73.9521408081, 30.2166919708, -99.7047042847, -103.36466217], [1068.04650879, -817.940246582, -347.7059021, 1093.21228027, 257.243743896, -148.211532593, -32.8064651489, 285.854797363, 213.45223999, -138.61100769, -154.314193726, 129.012207031, 185.617828369], [-220.944396973, 133.328384399, -455.877563477, 257.243743896, 659.075866699, -100.01714325, -167.03314209, 29.8336048126, 328.916778564, -90.0631256104, -111.768798828, 19.6921100616, 74.4562835693], [54.1049118042, -15.4455003738, 109.083534241, -148.211532593, -100.01714325, 208.857452393, 24.9433307648, -93.5420684814, -85.8619537354, 118.601104736, 35.8521194458, -103.087684631, -48.7595176697], [-90.6819076538, 23.5636138916, 232.566650391, -32.8064651489, -167.03314209, 24.9433307648, 189.532363892, 8.16360282898, -131.691757202, -0.0858815684915, 53.9323959351, -5.78185892105, -59.5363044739], [199.303726196, -280.483795166, -99.4356384277, 285.854797363, 29.8336048126, -93.5420684814, 8.16360282898, 203.414535522, 74.528175354, -104.251472473, -6.45431375504, 116.065925598, 36.7249908447], [2.80065226555, -61.8376045227, -325.333740234, 213.45223999, 328.916778564, -85.8619537354, -131.691757202, 74.528175354, 264.687744141, -54.311252594, -93.8253707886, 49.1574134827, 90.209777832], [88.9108886719, -44.8334350586, 73.9521408081, -138.61100769, -90.0631256104, 118.601104736, -0.0858815684915, -104.251472473, -54.311252594, 209.307495117, 11.7589540482, -109.542236328, 36.9197273254], [-210.622283936, 7.94039869308, 30.2166919708, -154.314193726, -111.768798828, 35.8521194458, 53.9323959351, -6.45431375504, -93.8253707886, 11.7589540482, 171.414260864, 27.1237850189, -92.7760009766], [-48.8267211914, -170.180557251, -99.7047042847, 129.012207031, 19.6921100616, -103.087684631, -5.78185892105, 116.065925598, 49.1574134827, -109.542236328, 27.1237850189, 183.437866211, 18.5720901489], [257.300598145, -157.924224854, -103.36466217, 185.617828369, 74.4562835693, -48.7595176697, -59.5363044739, 36.7249908447, 90.209777832, 36.9197273254, -92.7760009766, 18.5720901489, 167.018310547]],
        "icov": [[0.00248166290112, -0.00230680196546, 0.00263798423111, -0.00441888067871, 0.00369434338063, -0.00240400945768, 0.00263380026445, -0.002500702627, 0.00318841892295, -0.00320807867683, 0.00285691861063, -0.000241153858951, 0.000280033593299], [-0.00230680196546, 0.00549931405112, -0.00440298439935, 0.00645320815966, -0.00535372365266, 0.00420340616256, -0.00284660374746, 0.00464338250458, -0.00414633518085, 0.00662699760869, -0.00367637444288, 0.00319778174162, -0.00118820939679], [0.00263798423111, -0.00440298439935, 0.00789211969823, -0.00510868569836, 0.00571343488991, -0.00375820393674, 0.000284026988083, -0.00477703707293, 0.00708546629176, -0.00565127050504, 0.00691568059847, -0.00162014027592, 0.00128607149236], [-0.00441888067871, 0.00645320815966, -0.00510868569836, 0.0117973033339, -0.00858058687299, 0.0051171570085, -0.00609459448606, 0.00304754334502, -0.00511470343918, 0.00863959547132, -0.00409806147218, 0.0028147562407, -0.00262356735766], [0.00369434338063, -0.00535372365266, 0.00571343488991, -0.00858058687299, 0.0120117552578, -0.00437913602218, 0.00351402279921, -0.00185495475307, -0.0013600907987, -0.00486818840727, 0.00414141733199, -0.000618735852186, 0.00152581254952], [-0.00240400945768, 0.00420340616256, -0.00375820393674, 0.0051171570085, -0.00437913602218, 0.0131383603439, -0.00215126550756, 0.00435654772446, -0.00324346800335, 0.000313614524202, -0.00337389507331, 0.00388840399683, 0.00310418126173], [0.00263380026445, -0.00284660374746, 0.000284026988083, -0.00609459448606, 0.00351402279921, -0.00215126550756, 0.014003450051, -0.00460510933772, 0.00666430871934, -0.00439814012498, 0.00115155451931, -0.000523328199051, 0.00208028941415], [-0.002500702627, 0.00464338250458, -0.00477703707293, 0.00304754334502, -0.00185495475307, 0.00435654772446, -0.00460510933772, 0.0190557967871, -0.0109714772552, 0.00946989934891, -0.00722967460752, -0.000793059007265, -0.00192842562683], [0.00318841892295, -0.00414633518085, 0.00708546629176, -0.00511470343918, -0.0013600907987, -0.00324346800335, 0.00666430871934, -0.0109714772552, 0.0253151766956, -0.00799053907394, 0.0103866998106, -0.00315543403849, -0.000102007637906], [-0.00320807867683, 0.00662699760869, -0.00565127050504, 0.00863959547132, -0.00486818840727, 0.000313614524202, -0.00439814012498, 0.00946989934891, -0.00799053907394, 0.0228297486901, -0.0100993709639, 0.0090582408011, -0.0106271328405], [0.00285691861063, -0.00367637444288, 0.00691568059847, -0.00409806147218, 0.00414141733199, -0.00337389507331, 0.00115155451931, -0.00722967460752, 0.0103866998106, -0.0100993709639, 0.0190859362483, -0.00618944270536, 0.00803858973086], [-0.000241153858951, 0.00319778174162, -0.00162014027592, 0.0028147562407, -0.000618735852186, 0.00388840399683, -0.000523328199051, -0.000793059007265, -0.00315543403849, 0.0090582408011, -0.00618944270536, 0.0158906541765, -0.00484004197642], [0.000280033593299, -0.00118820939679, 0.00128607149236, -0.00262356735766, 0.00152581254952, 0.00310418126173, 0.00208028941415, -0.00192842562683, -0.000102007637906, -0.0106271328405, 0.00803858973086, -0.00484004197642, 0.0169434864074]]
    },
    "melbands": {
        "dmean": [7.04229933035e-07, 1.01020295915e-05, 5.5319040257e-05, 4.63253199996e-05, 2.68441144726e-05, 3.31753253704e-05, 1.09052052721e-05, 6.13042220721e-06, 2.14123770093e-06, 1.38862594667e-06, 1.29221666612e-06, 3.56974254601e-07, 2.33707652342e-07, 3.11469307235e-07, 3.5505206597e-07, 4.8732013056e-06, 1.24709879401e-06, 5.98276483288e-06, 1.07028154162e-05, 1.37150782393e-05, 9.52910886554e-06, 2.13608291233e-05, 2.29987344937e-05, 2.30284931604e-05, 1.83563315659e-07, 1.10610081094e-07, 6.47763101824e-07, 3.03430965687e-06, 1.40164984259e-05, 2.80359872704e-05, 1.82330932148e-05, 5.47403305973e-06, 2.74705598713e-07, 1.08606002414e-07, 7.63653389413e-08, 7.19722166309e-08, 9.56778336558e-08, 3.90496950331e-07, 3.39961161444e-06, 3.73824786948e-06],
        "dmean2": [1.07715788999e-06, 1.64151570061e-05, 9.52853370109e-05, 7.82853530836e-05, 4.29213396274e-05, 5.40998335055e-05, 1.77835991053e-05, 1.06287252493e-05, 3.68471887668e-06, 2.34506546803e-06, 2.12272971112e-06, 6.35778462765e-07, 3.98478647412e-07, 5.33792785973e-07, 5.34089053872e-07, 6.4586120061e-06, 1.73050318608e-06, 8.35800165078e-06, 1.45150761455e-05, 1.75179811777e-05, 1.13703281386e-05, 2.68774783763e-05, 2.90870393655e-05, 3.57725657523e-05, 2.8384991424e-07, 1.88970005865e-07, 1.06798029265e-06, 5.22437176187e-06, 2.58749969362e-05, 3.50693517248e-05, 2.49746080954e-05, 6.73622480463e-06, 3.76628690901e-07, 1.8892851017e-07, 1.30504844265e-07, 1.26154503732e-07, 1.60006493388e-07, 7.22116908491e-07, 2.9153268315e-06, 4.77276080346e-06],
        "dvar": [1.7997320214e-12, 6.5217226064e-10, 1.43346206016e-08, 7.28460980426e-09, 2.97761881818e-09, 2.4023842915e-09, 2.00403749151e-10, 7.5907231889e-11, 1.5551721369e-11, 3.90059252259e-12, 4.62316079516e-12, 2.92876454425e-13, 8.62987863137e-14, 1.8316506081e-13, 5.67694329046e-13, 1.42649958512e-09, 2.8734110577e-11, 6.0804566937e-10, 1.12946185737e-09, 2.68228306233e-09, 1.94269578202e-09, 8.88070861293e-09, 1.93428846273e-08, 3.409825311e-08, 4.95060372904e-13, 4.89090037459e-14, 3.41352709987e-11, 9.42450339991e-10, 2.17706048744e-08, 4.17761683025e-08, 1.85918231921e-08, 2.21342988382e-09, 2.60467905924e-12, 4.83916671925e-13, 1.13991349454e-13, 8.4975178749e-14, 1.04250328259e-13, 7.77811669239e-12, 7.10566383511e-10, 9.71215108336e-10],
        "dvar2": [4.60484731943e-12, 1.50551449085e-09, 4.10370226689e-08, 2.12793445087e-08, 7.06833880315e-09, 6.08006089919e-09, 5.31263977255e-10, 1.95892815857e-10, 4.25979147789e-11, 1.00525508057e-11, 1.09130265588e-11, 8.1529059762e-13, 2.12848889989e-13, 4.8546648472e-13, 1.00287605911e-12, 1.89816340423e-09, 4.90037802003e-11, 1.12326647983e-09, 1.96115546025e-09, 5.1819304403e-09, 2.17531104241e-09, 1.37873046313e-08, 2.36125412556e-08, 4.97655996412e-08, 8.87754821911e-13, 1.35784856666e-13, 6.79107811652e-11, 1.75449843542e-09, 6.20209092972e-08, 8.29565607319e-08, 3.71954200773e-08, 3.73429598355e-09, 6.11151190419e-12, 1.36691124999e-12, 3.20261639474e-13, 2.42368381224e-13, 2.42896956888e-13, 2.21190028099e-11, 1.09047104679e-09, 2.05333527958e-09],
        "max": [2.15626641875e-05, 0.000267731229542, 0.00102828408126, 0.00078233203385, 0.000785359647125, 0.000621142331511, 0.000163492513821, 7.07355939085e-05, 5.175658589e-05, 1.95725406229e-05, 1.99918140424e-05, 4.75861452287e-06, 2.58046020463e-06, 3.59593445864e-06, 9.64485570876e-06, 0.000675499904901, 7.51254483475e-05, 0.000334860000294, 0.000545790651813, 0.000698895310052, 0.00078105943976, 0.00120202510152, 0.00262508867308, 0.00325459847227, 1.21634493553e-05, 1.83388897312e-06, 8.55938560562e-05, 0.000439714000095, 0.00212004012428, 0.00410856865346, 0.00283620576374, 0.000783413241152, 3.15369397867e-05, 1.2488370885e-05, 4.03826288675e-06, 3.55149745701e-06, 3.20688036481e-06, 4.05444807257e-05, 0.000630640657619, 0.000809336372185],
        "mean": [1.10411008336e-06, 1.30501548483e-05, 7.15993664926e-05, 6.00523053436e-05, 3.62538812624e-05, 4.69311526103e-05, 1.68710939761e-05, 8.66235313879e-06, 3.39671782967e-06, 2.24433892981e-06, 1.68988594851e-06, 5.36826917141e-07, 4.12769452396e-07, 4.74914656934e-07, 4.83328278733e-07, 7.15866235623e-06, 1.69561997154e-06, 9.56610711e-06, 1.9441371478e-05, 1.85397930181e-05, 1.88134035852e-05, 3.48144822055e-05, 4.40876210632e-05, 4.48669779871e-05, 1.96626515958e-07, 1.21968625422e-07, 6.97811799455e-07, 3.67029338122e-06, 1.46006232171e-05, 5.40160581295e-05, 3.37077908625e-05, 6.51368191029e-06, 4.01327667987e-07, 1.39923727716e-07, 7.35376133321e-08, 7.180851469e-08, 1.02684424519e-07, 4.64551419554e-07, 7.32513399271e-06, 8.74363649928e-06],
        "median": [4.35464016846e-07, 1.25453527744e-06, 2.50499288086e-05, 2.74168014585e-05, 1.88463891391e-05, 2.74345038633e-05, 1.01558925962e-05, 4.40779149358e-06, 1.88186868399e-06, 1.45853221056e-06, 8.92665298124e-07, 3.09713072966e-07, 2.88389287562e-07, 3.44960426446e-07, 2.07677373965e-07, 1.91550981299e-07, 2.06347095855e-07, 3.0727039757e-07, 3.42425380495e-07, 2.30444939575e-07, 9.7329987625e-08, 6.26429894623e-08, 4.60275160208e-08, 3.65637617961e-08, 3.43977362149e-08, 2.91020469945e-08, 2.33473151923e-08, 2.16753619497e-08, 1.53535566483e-08, 1.40057210274e-08, 1.03113917405e-08, 7.26600379863e-09, 5.93354965162e-09, 5.79169334713e-09, 6.92052370965e-09, 7.96722954277e-09, 7.41499128765e-09, 5.42839417861e-09, 4.95211915919e-09, 3.91473964356e-09],
        "min": [2.48167015826e-08, 7.72833352869e-09, 1.08275642674e-07, 5.49742537714e-07, 4.21083456104e-07, 5.85401721764e-07, 2.44164738206e-07, 9.49911225234e-08, 1.06382067599e-07, 4.47400161363e-08, 1.62520237268e-08, 1.70095777463e-08, 1.80474177824e-08, 1.26621237939e-08, 1.40930209724e-08, 1.41194043124e-08, 9.75439373718e-09, 7.09246261721e-09, 8.30613799963e-09, 6.07136207975e-09, 4.8453823176e-09, 3.28956328843e-09, 1.78359915726e-09, 1.79389636479e-09, 1.7836984112e-09, 1.92137861177e-09, 1.50137446919e-09, 8.81045902901e-10, 1.11968567751e-09, 1.09992526198e-09, 7.37626904002e-10, 4.30866065049e-10, 4.62485660879e-10, 4.73108774379e-10, 5.13183884276e-10, 4.75338490791e-10, 4.83322770695e-10, 3.92947313577e-10, 3.09242437213e-10, 1.90652146848e-10],
        "var": [5.11941053785e-12, 1.13643550126e-09, 1.70300449298e-08, 8.39095903871e-09, 3.81603637578e-09, 3.90725274357e-09, 4.41945563479e-10, 1.35575259352e-10, 2.10569894854e-11, 6.09566867468e-12, 6.00919401045e-12, 4.29536587505e-13, 1.71118300736e-13, 2.32768014932e-13, 9.97783019402e-13, 3.25718274574e-09, 5.06725494898e-11, 1.69304337216e-09, 4.35406244392e-09, 5.14247799899e-09, 8.25107893121e-09, 2.16399609343e-08, 6.99276796468e-08, 1.09639259449e-07, 7.83931350824e-13, 5.98064688593e-14, 3.9896509707e-11, 1.23279719766e-09, 1.77864247775e-08, 1.44727479778e-07, 6.03529386467e-08, 3.17717385734e-09, 7.01883950266e-12, 8.06951727661e-13, 1.02377884002e-13, 8.08305652229e-14, 1.48486596825e-13, 9.72613916489e-12, 2.86704104902e-09, 4.41084635483e-09]
    },
    "mfcc": {
        "mean": [-852.916809082, 126.289352417, 8.81373882294, 11.7932596207, 9.00580692291, -10.5310668945, -25.4845676422, -23.026424408, -8.83345222473, -6.5056271553, -15.6702423096, -6.92158508301, -8.32190799713],
        "cov": [[3007.73486328, -1484.96020508, 66.7680130005, 614.807739258, 66.3146209717, 32.8769187927, -44.8302764893, -96.6088027954, 475.035949707, -158.841171265, -153.297622681, 141.397155762, 29.0454158783], [-1484.96020508, 1885.32006836, 95.8896484375, -578.98449707, -121.018829346, 24.3938789368, 42.4349937439, -137.389297485, -416.487609863, 301.929870605, -71.2327957153, -301.28024292, 51.2900276184], [66.7680130005, 95.8896484375, 721.408325195, -187.454986572, -445.245178223, 11.6779022217, 310.119567871, -187.263244629, -140.059082031, -9.70036792755, 102.935798645, -132.603591919, -9.14269256592], [614.807739258, -578.98449707, -187.454986572, 629.168273926, 284.262664795, -46.0494537354, -147.125061035, 200.682907104, 395.993469238, -234.821716309, -108.075706482, 267.61138916, -10.8779087067], [66.3146209717, -121.018829346, -445.245178223, 284.262664795, 479.010803223, 41.3352661133, -257.820678711, 145.691741943, 224.285980225, 3.73261857033, -113.183868408, 99.6935653687, 9.24282741547], [32.8769187927, 24.3938789368, 11.6779022217, -46.0494537354, 41.3352661133, 167.637802124, 34.0339851379, -123.677085876, 20.829000473, 98.9541397095, -4.74478435516, -81.5144195557, 3.27050542831], [-44.8302764893, 42.4349937439, 310.119567871, -147.125061035, -257.820678711, 34.0339851379, 283.006561279, -107.360076904, -164.12159729, 33.0595359802, 134.952545166, -84.4838790894, -42.8639717102], [-96.6088027954, -137.389297485, -187.263244629, 200.682907104, 145.691741943, -123.677085876, -107.360076904, 360.252044678, 51.2710151672, -206.868469238, 48.707862854, 218.177429199, -93.7859802246], [475.035949707, -416.487609863, -140.059082031, 395.993469238, 224.285980225, 20.829000473, -164.12159729, 51.2710151672, 428.6355896, -98.5566177368, -168.746902466, 143.341842651, 68.9489593506], [-158.841171265, 301.929870605, -9.70036792755, -234.821716309, 3.73261857033, 98.9541397095, 33.0595359802, -206.868469238, -98.5566177368, 345.045715332, -58.039100647, -246.508773804, 91.3427429199], [-153.297622681, -71.2327957153, 102.935798645, -108.075706482, -113.183868408, -4.74478435516, 134.952545166, 48.707862854, -168.746902466, -58.039100647, 262.960998535, 8.77236938477, -157.248504639], [141.397155762, -301.28024292, -132.603591919, 267.61138916, 99.6935653687, -81.5144195557, -84.4838790894, 218.177429199, 143.341842651, -246.508773804, 8.77236938477, 302.312530518, -38.0471420288], [29.0454158783, 51.2900276184, -9.14269256592, -10.8779087067, 9.24282741547, 3.27050542831, -42.8639717102, -93.7859802246, 68.9489593506, 91.3427429199, -157.248504639, -38.0471420288, 191.139038086]],
