{
"lowlevel": {
    "average_loudness": 0.108332701027,
    "barkbands_crest": {
        "dmean": 2.85999822617,
        "dmean2": 4.76110124588,
        "dvar": 7.20342206955,
        "dvar2": 20.5385284424,
        "max": 20.5840511322,
        "mean": 7.97675943375,
        "median": 7.39238786697,
        "min": 2.29249715805,
        "var": 13.9605760574
    },
    "barkbands_flatness_db": {
        "dmean": 0.0193497873843,
        "dmean2": 0.0322042405605,
        "dvar": 0.000297345191939,
        "dvar2": 0.00078791170381,
        "max": 0.204265460372,
        "mean": 0.0895476490259,
        "median": 0.0835922658443,
        "min": 0.0283086095005,
        "var": 0.00125403434504
    },
    "barkbands_kurtosis": {
        "dmean": 1.98588013649,
        "dmean2": 3.35926008224,
        "dvar": 6.01287794113,
        "dvar2": 16.2860126495,
        "max": 23.9555339813,
        "mean": 2.42123007774,
        "median": 0.810478687286,
        "min": -1.79370999336,
        "var": 17.3998146057
    },
    "barkbands_skewness": {
        "dmean": 0.545620441437,
        "dmean2": 0.906387090683,
        "dvar": 0.290603071451,
        "dvar2": 0.735394477844,
        "max": 4.18837499619,
        "mean": 1.15833842754,
        "median": 1.11797273159,
        "min": -1.84775543213,
        "var": 0.931520104408
    },
    "barkbands_spread": {
        "dmean": 8.30692768097,
        "dmean2": 13.8708353043,
        "dvar": 126.988349915,
        "dvar2": 319.272338867,
        "max": 123.322654724,
        "mean": 30.4156723022,
        "median": 25.1086292267,
        "min": 5.23993587494,
        "var": 441.626678467
    },
    "dissonance": {
        "dmean": 0.014507105574,
        "dmean2": 0.0256857108325,
        "dvar": 0.000286304421024,
        "dvar2": 0.000745782046579,
        "max": 0.499999076128,
        "mean": 0.479945391417,
        "median": 0.485264271498,
        "min": 0.34106656909,
        "var": 0.000431662250776
    },
    "dynamic_complexity": 25.7041492462,
    "erbbands_crest": {
        "dmean": 2.53963088989,
        "dmean2": 4.26096343994,
        "dvar": 6.24827337265,
        "dvar2": 15.7643413544,
        "max": 27.0418605804,
        "mean": 8.12563896179,
        "median": 6.2391576767,
        "min": 2.29190540314,
        "var": 25.3557090759
    },
    "erbbands_flatness_db": {
        "dmean": 0.0171127580106,
        "dmean2": 0.0268961507827,
        "dvar": 0.000296808604617,
        "dvar2": 0.00072886509588,
        "max": 0.282504618168,
        "mean": 0.147565558553,
        "median": 0.145083636045,
        "min": 0.03438513726,
        "var": 0.00206833193079
    },
    "erbbands_kurtosis": {
        "dmean": 1.14625144005,
        "dmean2": 1.85297501087,
        "dvar": 2.06819438934,
        "dvar2": 5.64822769165,
        "max": 9.43144607544,
        "mean": 0.964017570019,
        "median": -0.0171949863434,
        "min": -1.43783509731,
        "var": 5.38627624512
    },
    "erbbands_skewness": {
        "dmean": 0.378367394209,
        "dmean2": 0.620294868946,
        "dvar": 0.134600803256,
        "dvar2": 0.326665729284,
        "max": 2.92226004601,
        "mean": 0.53686529398,
        "median": 0.459553062916,
        "min": -2.28411197662,
        "var": 0.74314892292
    },
    "erbbands_spread": {
        "dmean": 6.06609964371,
        "dmean2": 9.51937389374,
        "dvar": 32.2051315308,
        "dvar2": 81.6021881104,
        "max": 83.3628158569,
        "mean": 31.503194809,
        "median": 30.2197189331,
        "min": 5.76116657257,
        "var": 184.018692017
    },
    "hfc": {
        "dmean": 8.66686058044,
        "dmean2": 9.56171989441,
        "dvar": 3210.55493164,
        "dvar2": 3660.23632812,
        "max": 1329.00915527,
        "mean": 21.3279247284,
        "median": 0.0492373295128,
        "min": 0.0085388943553,
        "var": 14982.15625
    },
    "melbands_crest": {
        "dmean": 3.2891933918,
        "dmean2": 5.45869350433,
        "dvar": 8.91516208649,
        "dvar2": 22.4687786102,
        "max": 27.2670879364,
        "mean": 10.4556674957,
        "median": 9.80296993256,
        "min": 3.32437849045,
        "var": 20.6957702637
    },
    "melbands_flatness_db": {
        "dmean": 0.025380063802,
        "dmean2": 0.040666449815,
        "dvar": 0.000551956822164,
        "dvar2": 0.00141939881723,
        "max": 0.284264266491,
        "mean": 0.139148280025,
        "median": 0.135258197784,
        "min": 0.0424826554954,
        "var": 0.00264418753795
    },
    "melbands_kurtosis": {
        "dmean": 3.78793597221,
        "dmean2": 6.48698186874,
        "dvar": 24.7219676971,
        "dvar2": 72.433303833,
        "max": 41.9132347107,
        "mean": 6.03840065002,
        "median": 4.08767938614,
        "min": -1.62028121948,
        "var": 48.9679222107
    },
    "melbands_skewness": {
        "dmean": 0.596431970596,
        "dmean2": 0.982721686363,
        "dvar": 0.319305449724,
        "dvar2": 0.865772902966,
        "max": 5.37989425659,
        "mean": 1.70822000504,
        "median": 1.62122130394,
        "min": -0.567833542824,
        "var": 0.979940474033
    },
    "melbands_spread": {
        "dmean": 8.62512588501,
        "dmean2": 13.6105070114,
        "dvar": 105.927093506,
        "dvar2": 262.304046631,
        "max": 100.158157349,
        "mean": 28.7769374847,
        "median": 23.9734725952,
        "min": 4.51538085938,
        "var": 332.031433105
    },
    "pitch_salience": {
        "dmean": 0.0791973695159,
        "dmean2": 0.13584472239,
        "dvar": 0.00544978072867,
        "dvar2": 0.0143656600267,
        "max": 0.874804079533,
        "mean": 0.678990602493,
        "median": 0.701794505119,
        "min": 0.278452575207,
        "var": 0.0112704439089
    },
    "silence_rate_20dB": {
        "dmean": 0.00555555569008,
        "dmean2": 0.011142061092,
        "dvar": 0.00552469911054,
        "dvar2": 0.0110179623589,
        "max": 1,
        "mean": 0.983379483223,
        "median": 1,
        "min": 0,
        "var": 0.0163441542536
    },
    "silence_rate_30dB": {
        "dmean": 0.00555555569008,
        "dmean2": 0.011142061092,
        "dvar": 0.00552469911054,
        "dvar2": 0.0110179614276,
        "max": 1,
        "mean": 0.969529092312,
        "median": 1,
        "min": 0,
        "var": 0.0295427031815
    },
    "silence_rate_60dB": {
        "dmean": 0.0222222227603,
        "dmean2": 0.0445682443678,
        "dvar": 0.0217284187675,
        "dvar2": 0.0537238530815,
        "max": 1,
        "mean": 0.839335203171,
        "median": 1,
        "min": 0,
        "var": 0.134852051735
    },
    "spectral_centroid": {
        "dmean": 314.519042969,
        "dmean2": 506.171966553,
        "dvar": 123307.96875,
        "dvar2": 295662.46875,
        "max": 3780.89013672,
        "mean": 1612.87841797,
        "median": 1524.69226074,
        "min": 454.019012451,
        "var": 487119.03125
    },
    "spectral_complexity": {
        "dmean": 1.57777774334,
        "dmean2": 2.31476330757,
        "dvar": 19.2883605957,
        "dvar2": 36.3717536926,
        "max": 64,
        "mean": 5.78116321564,
        "median": 0,
        "min": 0,
        "var": 197.622421265
    },
    "spectral_decrease": {
        "dmean": 1.93042803964e-09,
        "dmean2": 3.13159698173e-09,
        "dvar": 2.18020166104e-16,
        "dvar2": 4.2721877523e-16,
        "max": -2.84426345323e-14,
        "mean": -3.73744413196e-09,
        "median": -1.15173079407e-11,
        "min": -2.53440219922e-07,
        "var": 5.03181616382e-16
    },
    "spectral_energy": {
        "dmean": 0.00762522267178,
        "dmean2": 0.0120894638821,
        "dvar": 0.00338006252423,
        "dvar2": 0.00625343294814,
        "max": 1.02122497559,
        "mean": 0.0160405002534,
        "median": 4.90763013659e-05,
        "min": 1.03217951164e-06,
        "var": 0.00896277371794
    },
    "spectral_energyband_high": {
        "dmean": 0.000557314546313,
        "dmean2": 0.000665091094561,
        "dvar": 1.43831384776e-05,
        "dvar2": 1.80512488441e-05,
        "max": 0.0855244919658,
        "mean": 0.00134105072357,
        "median": 1.14265026241e-06,
        "min": 2.15868993791e-07,
        "var": 6.41007427475e-05
    },
    "spectral_energyband_low": {
        "dmean": 0.00175600138027,
        "dmean2": 0.0027128229849,
        "dvar": 0.000372884591343,
        "dvar2": 0.000823810347356,
        "max": 0.307113051414,
        "mean": 0.00148672959767,
        "median": 6.67844005875e-07,
        "min": 2.5765460876e-08,
        "var": 0.000351235677954
    },
    "spectral_energyband_middle_high": {
        "dmean": 0.00207306072116,
        "dmean2": 0.00252194749191,
        "dvar": 0.000166712008649,
        "dvar2": 0.000215553998714,
        "max": 0.292001664639,
        "mean": 0.00445390772074,
        "median": 1.30207281472e-05,
        "min": 6.85645744625e-08,
        "var": 0.000629531568848
    },
    "spectral_energyband_middle_low": {
        "dmean": 0.00675278296694,
        "dmean2": 0.0111510669813,
        "dvar": 0.00239455327392,
        "dvar2": 0.00533707439899,
        "max": 0.805611014366,
        "mean": 0.0099945422262,
        "median": 2.57751871686e-05,
        "min": 2.26385083124e-07,
        "var": 0.00396028207615
    },
    "spectral_entropy": {
        "dmean": 0.128370448947,
        "dmean2": 0.205614417791,
        "dvar": 0.0155671518296,
        "dvar2": 0.0400063544512,
        "max": 8.5384979248,
        "mean": 7.84250974655,
        "median": 7.90576982498,
        "min": 6.67302846909,
        "var": 0.100458785892
    },
    "spectral_flux": {
        "dmean": 0.010908735916,
        "dmean2": 0.0179829113185,
        "dvar": 0.0017726845108,
        "dvar2": 0.00401892699301,
        "max": 0.838752865791,
        "mean": 0.0305043198168,
        "median": 0.00437974371016,
        "min": 0.000597674283199,
        "var": 0.00740197487175
    },
    "spectral_kurtosis": {
        "dmean": 0.982557952404,
        "dmean2": 1.45592224598,
        "dvar": 0.997287213802,
        "dvar2": 1.97967612743,
        "max": 21.4272880554,
        "mean": 7.14289712906,
        "median": 6.77050971985,
        "min": 0.262624979019,
        "var": 14.1919593811
    },
    "spectral_rms": {
        "dmean": 0.000391263019992,
        "dmean2": 0.000551935634576,
        "dvar": 2.3856300686e-06,
        "dvar2": 3.6762878608e-06,
        "max": 0.031564489007,
        "mean": 0.00133866549004,
        "median": 0.000218813438551,
        "min": 3.17333324347e-05,
        "var": 1.38572358992e-05
    },
    "spectral_rolloff": {
        "dmean": 1794.49462891,
        "dmean2": 3210.30664062,
        "dvar": 14455297,
        "dvar2": 36228908,
        "max": 20844.140625,
        "mean": 3964.43554688,
        "median": 2304.05273438,
        "min": 322.998046875,
        "var": 25864266
    },
    "spectral_skewness": {
        "dmean": 0.15034852922,
        "dmean2": 0.224912568927,
        "dvar": 0.0216893125325,
        "dvar2": 0.0419434159994,
        "max": 3.81359410286,
        "mean": 1.96865689754,
        "median": 1.88963925838,
        "min": 0.925987303257,
        "var": 0.321463525295
    },
    "spectral_spread": {
        "dmean": 512590.96875,
        "dmean2": 740886.75,
        "dvar": 638067081216,
        "dvar2": 1.1309472809e+12,
        "max": 16526815,
        "mean": 5152067,
        "median": 4656155,
        "min": 2823286,
        "var": 3.08565377024e+12
    },
    "spectral_strongpeak": {
        "dmean": 0.171973317862,
        "dmean2": 0.282455146313,
        "dvar": 0.161385402083,
        "dvar2": 0.440490633249,
        "max": 5.77335071564,
        "mean": 0.29322680831,
        "median": 0.0404701419175,
        "min": 0,
        "var": 0.544677376747
    },
    "zerocrossingrate": {
        "dmean": 0.0213704425842,
        "dmean2": 0.0270608458668,
        "dvar": 0.000696400878951,
        "dvar2": 0.00117457984015,
        "max": 0.40478515625,
        "mean": 0.135544717312,
        "median": 0.11376953125,
        "min": 0.017578125,
        "var": 0.00457566510886
    },
    "barkbands": {
        "dmean": [1.06304503333e-06, 1.9691219677e-06, 0.000472571002319, 0.00219975481741, 0.00258171698079, 0.00207673572004, 0.00059973844327, 0.000174969682121, 0.000887178641278, 0.000537899322808, 0.000294292025501, 0.000411735323723, 0.000222477334319, 0.000122757366626, 0.000258618732914, 0.000315201672493, 0.000256358936895, 0.000317489582812, 0.000245878152782, 0.000254826096352, 0.000171709267306, 8.31106081023e-05, 6.54570540064e-05, 8.93663527677e-05, 0.00011306435772, 2.88673345494e-05, 4.25036478191e-06],
        "dmean2": [1.79289156677e-06, 3.21509651258e-06, 0.00071512546856, 0.00356882065535, 0.00433078315109, 0.00329975737259, 0.00094912131317, 0.000274276651908, 0.00120842712931, 0.00086004845798, 0.000389352062484, 0.000615372788161, 0.000347208639141, 0.000156177236931, 0.000371858594008, 0.000391080277041, 0.000364934880054, 0.000490898557473, 0.000301297870465, 0.000311867072014, 0.000194382635527, 0.000136580798426, 0.000106479288661, 0.000137088849442, 0.00015876814723, 4.01229335694e-05, 5.8076930145e-06],
        "dvar": [1.94060340714e-11, 1.45661788187e-10, 2.73440000456e-05, 0.000474797561765, 0.000201148723136, 0.000276305654552, 1.48480721691e-05, 1.13022440473e-06, 1.8893442757e-05, 1.018288458e-05, 2.51550750363e-06, 6.93981291988e-06, 2.22439712161e-06, 4.01162964181e-07, 3.0105843507e-06, 5.60176704312e-06, 2.72752754427e-06, 4.91614446219e-06, 2.30496380027e-06, 2.62325943368e-06, 1.32689979182e-06, 3.81554656315e-07, 1.95920961232e-07, 3.37705273523e-07, 5.73848865315e-07, 5.31046815411e-08, 1.48642220754e-09],
        "dvar2": [3.35250785466e-11, 2.56836080181e-10, 6.1746170104e-05, 0.00105390732642, 0.000547010975424, 0.00069945276482, 3.52346869477e-05, 2.41074735641e-06, 4.76777386211e-05, 2.47406187555e-05, 3.96627865484e-06, 1.70877938217e-05, 3.99046257371e-06, 5.68342954921e-07, 5.6534399846e-06, 9.3336793725e-06, 5.66392645851e-06, 1.12682309918e-05, 2.1372898118e-06, 4.26078531746e-06, 1.65313497291e-06, 8.72901352977e-07, 4.99904217577e-07, 5.98947451635e-07, 1.12811687814e-06, 1.04509076948e-07, 3.38775163478e-09],
        "max": [7.47978629079e-05, 0.000208348443266, 0.0834637731314, 0.345115303993, 0.209592819214, 0.268101841211, 0.0585752874613, 0.0186647996306, 0.0774456858635, 0.0521674193442, 0.031527094543, 0.0482030697167, 0.0281288065016, 0.0137720871717, 0.0310642383993, 0.0489307306707, 0.0291747506708, 0.0414072163403, 0.0354025773704, 0.037178311497, 0.0277795810252, 0.0110695827752, 0.00969803147018, 0.0110039422289, 0.0137300835922, 0.00457790726796, 0.000719142379239],
        "mean": [1.02250794498e-06, 2.27463488045e-06, 0.000390866014641, 0.00196514395066, 0.00302897952497, 0.00235015549697, 0.000644752464723, 0.000375114410417, 0.00117191183381, 0.000791889382526, 0.000388643617043, 0.000568520801608, 0.000399513781304, 0.00025960241328, 0.000362895865692, 0.000448500970379, 0.000358296761988, 0.000414892740082, 0.000560886866879, 0.000458857888589, 0.000372323469492, 0.000162938857102, 0.000122440353152, 0.000181102455826, 0.000200345180929, 5.26508956682e-05, 5.30690840606e-06],
        "median": [3.53651699925e-07, 8.98617074085e-08, 1.03114928152e-07, 3.48950010221e-07, 2.11877386391e-06, 5.81344329476e-06, 3.31231444761e-06, 1.36452320021e-06, 4.11818109569e-06, 2.27926375373e-06, 1.01717398593e-06, 1.62946003002e-06, 1.15911348075e-06, 8.37971981582e-07, 7.04159560883e-07, 1.11809174541e-06, 8.47503656587e-07, 6.16802537934e-07, 6.97483415024e-07, 5.08420271217e-07, 2.60949690301e-07, 8.9501170919e-08, 7.21493265132e-08, 7.97698689325e-08, 6.45519477871e-08, 3.32746097342e-08, 2.80490581872e-07],
        "min": [3.32541594261e-09, 3.43475936582e-09, 3.9945371455e-09, 8.40310598882e-10, 2.01651566556e-08, 2.66970872076e-08, 1.14908820237e-08, 1.56311159571e-08, 1.42431755279e-08, 8.77023786927e-09, 2.38773711914e-09, 3.58296303737e-09, 2.19993645523e-09, 4.76656314419e-09, 2.65839950053e-09, 3.86007137365e-09, 2.31419394758e-09, 2.91102852934e-09, 1.63041569134e-09, 2.42801978523e-09, 2.66788968695e-09, 2.46258990977e-09, 3.52852058683e-09, 6.62773125271e-09, 7.65020224947e-09, 1.04488586672e-08, 4.96482854828e-08],
        "var": [2.68161656075e-11, 2.63809307732e-10, 2.49191125477e-05, 0.000467425445095, 0.000308303366182, 0.000310126459226, 1.74978504219e-05, 3.57008480023e-06, 3.72305621568e-05, 1.42265225804e-05, 5.75557305638e-06, 1.24918324218e-05, 6.89897888151e-06, 1.92016318579e-06, 5.39981283509e-06, 1.0426811059e-05, 4.7950870794e-06, 7.78879621066e-06, 1.14284630399e-05, 8.12136204331e-06, 5.27639895154e-06, 1.06380684883e-06, 5.56074553515e-07, 1.11116776225e-06, 1.52837867518e-06, 1.20442976481e-07, 1.92485316575e-09]
    },
    "erbbands": {
        "dmean": [0.000175716224476, 0.00529001001269, 0.341508954763, 4.78620958328, 8.25990009308, 8.30411148071, 13.5421247482, 15.5653047562, 7.40499401093, 7.84615421295, 4.49954557419, 13.287279129, 30.1890792847, 11.7722587585, 14.2224311829, 14.9900283813, 9.93866825104, 6.86843061447, 11.2187213898, 10.1305475235, 18.8745651245, 13.3601417542, 14.3307209015, 14.6046524048, 12.5009756088, 11.8941287994, 7.92096710205, 6.2980556488, 2.53263711929, 2.31261110306, 1.72634553909, 1.55413889885, 1.91326951981, 1.4615688324, 0.701530218124, 0.22314748168, 0.0343828164041, 0.00439943559468, 0.000814916798845, 5.33030870429e-05],
        "dmean2": [0.00026325637009, 0.00768985459581, 0.515956640244, 7.6641087532, 14.7805500031, 12.715051651, 24.4961948395, 27.5382118225, 11.7490224838, 11.5421476364, 6.59757518768, 18.1097373962, 50.3172111511, 16.216545105, 19.1308326721, 22.502822876, 17.3259124756, 9.94060611725, 15.6229352951, 13.5345125198, 25.4039840698, 18.6090736389, 20.13621521, 21.5560379028, 16.6588993073, 13.7722215652, 8.58896541595, 9.03186130524, 3.89953541756, 3.93822908401, 2.58109235764, 1.83643043041, 3.03194308281, 2.09623265266, 1.05318284035, 0.324514687061, 0.0483471378684, 0.00552548794076, 0.00117732072249, 6.90725501045e-05],
        "dvar": [2.57699184658e-06, 0.00269789993763, 13.776553154, 2488.09033203, 3430.47924805, 1424.6072998, 10470.6416016, 17956.859375, 2120.87597656, 2997.23046875, 408.607971191, 4013.67626953, 39045.53125, 4462.046875, 5042.12060547, 13718.9960938, 5305.68212891, 1308.88232422, 5680.84667969, 4968.0234375, 21738.5332031, 7432.7265625, 8745.02539062, 10020.8691406, 7433.33740234, 5069.73388672, 2305.74194336, 2130.80761719, 415.922576904, 251.982772827, 122.696052551, 84.9494400024, 165.839172363, 92.3739471436, 24.3803958893, 3.10119843483, 0.071726962924, 0.00139148172457, 5.66098315176e-05, 2.03964759748e-07],
        "dvar2": [5.73146417082e-06, 0.00586445769295, 30.9358997345, 5491.73291016, 8708.61523438, 3698.14355469, 23365.4882812, 51954.4570312, 4853.28173828, 6614.38183594, 638.398986816, 9296.43066406, 106148.5, 8153.61328125, 9045.43652344, 31986.546875, 10959.0810547, 2541.70166016, 11402.0761719, 8332.37988281, 44165.484375, 13350.7949219, 18156.9589844, 18476.9765625, 8775.54101562, 6765.19433594, 2452.57910156, 3494.18408203, 786.110351562, 710.64855957, 261.861541748, 97.8400802612, 381.02947998, 198.814788818, 44.0763549805, 6.45745944977, 0.129176169634, 0.00281727756374, 0.000134753805469, 4.33378005482e-07],
        "max": [0.0271886959672, 0.875410437584, 59.5439796448, 792.914855957, 792.17779541, 493.389862061, 1284.30688477, 2049.17749023, 609.699645996, 989.216125488, 422.473754883, 1338.26367188, 3004.81201172, 1322.94934082, 1341.42504883, 2199.48999023, 1270.2052002, 694.591796875, 1463.35266113, 1490.71643066, 2932.05004883, 1618.4765625, 1854.07495117, 2111.7097168, 1844.3939209, 1641.76379395, 1219.06274414, 965.059387207, 393.975097656, 287.940551758, 262.722015381, 222.223922729, 215.463882446, 163.752670288, 90.502532959, 34.8304977417, 5.33772087097, 0.729442059994, 0.137664541602, 0.00892711710185],
        "mean": [0.000162657524925, 0.00470204465091, 0.288636058569, 4.25289678574, 9.31356716156, 9.60844612122, 14.398396492, 17.280960083, 10.874379158, 9.37447452545, 9.40303516388, 21.0545921326, 38.4071922302, 16.7322063446, 19.5574531555, 23.4105682373, 19.148147583, 12.8510026932, 17.2808856964, 18.57538414, 25.9248714447, 21.0005207062, 21.0143356323, 28.1860771179, 25.6589603424, 22.0237293243, 17.7558403015, 12.0761680603, 6.23930644989, 3.81354308128, 3.49533319473, 3.6214826107, 3.15262818336, 2.48793673515, 1.2996878624, 0.415168017149, 0.0598917081952, 0.00679557584226, 0.000974650203716, 7.664662553e-05],
        "median": [5.42426096217e-06, 1.57252270583e-05, 9.40683967201e-05, 0.000824285321869, 0.0023478702642, 0.00780278723687, 0.0280450452119, 0.0431496091187, 0.0488091148436, 0.0453778542578, 0.0343426950276, 0.0874205008149, 0.0881990864873, 0.0567682348192, 0.0489847399294, 0.0613598823547, 0.0625741705298, 0.05022874102, 0.0413043312728, 0.0473848022521, 0.0721459388733, 0.0493184104562, 0.0364967063069, 0.0363005287945, 0.0336881019175, 0.024103032425, 0.0154224131256, 0.00739246094599, 0.00355212623253, 0.00234401994385, 0.0020665731281, 0.00163868942764, 0.00137023802381, 0.000884376640897, 0.000420882046456, 0.000129567953991, 5.61657907383e-05, 5.37498781341e-05, 3.1055566069e-05, 5.68953646507e-06],
        "min": [2.55617607081e-07, 1.13619819331e-06, 5.99612985752e-06, 1.07146570372e-05, 1.79556773219e-05, 8.41695364215e-05, 0.000133305977215, 0.000239000451984, 0.000167016274645, 0.000220797228394, 0.000401437922847, 0.000287149654469, 0.000240160894464, 0.000247088522883, 0.000179080641828, 0.000137435621582, 0.000117399285955, 0.000227213444305, 0.000166163794347, 0.000124889833387, 0.000243974980549, 0.000149234634591, 0.000155076602823, 0.000101303718111, 9.83139543678e-05, 0.000108333631943, 8.73244134709e-05, 0.0001079488502, 9.87422390608e-05, 9.3838054454e-05, 0.000104107581137, 0.000115775284939, 9.04451590031e-05, 8.32007062854e-05, 5.32692320121e-05, 2.93246357614e-05, 2.27860491577e-05, 2.30264413403e-05, 6.61412468617e-06, 8.599650414e-07],
        "var": [2.67883547167e-06, 0.00276023242623, 12.8050107956, 2416.49487305, 4626.83984375, 2299.82421875, 11481.4921875, 17092.8925781, 4018.06616211, 4000.04956055, 2180.87597656, 12227.375, 43689.4375, 7886.46240234, 11373.8125, 26147.4042969, 15550.0898438, 4547.93847656, 11358.3916016, 13146.1748047, 34572.6132812, 16049.3007812, 18130.5175781, 30446.53125, 25590.9824219, 18168.6015625, 11205.4599609, 6041.86865234, 1489.64770508, 538.624572754, 447.965545654, 440.395782471, 365.147064209, 235.352355957, 65.5804748535, 7.07538080215, 0.167116299272, 0.00251298537478, 6.7635999585e-05, 3.14931668299e-07]
    },
    "gfcc": {
        "mean": [-259.43762207, 34.2630233765, -125.63079834, -18.5991535187, -63.4763565063, -17.7277050018, -38.3717536926, -3.63894677162, -24.7319488525, -5.96315526962, -9.03741455078, -4.26003694534, -1.73244929314],
        "cov": [[26571.4082031, -1512.05480957, -4725.12939453, 1395.97692871, -2895.17944336, 636.207946777, -2174.37304688, 256.845153809, -2167.73095703, -230.697128296, -1243.00170898, -309.147064209, -264.556121826], [-1512.05480957, 782.482543945, 504.911407471, -218.368408203, 218.554428101, -171.095565796, 109.532096863, -97.793258667, 101.691894531, -45.7098999023, 70.8955001831, -5.58452367783, 19.0729370117], [-4725.12939453, 504.911407471, 1607.65490723, -215.003952026, 587.360656738, -137.599212646, 348.161010742, -86.0822906494, 381.158813477, 30.3784255981, 187.007202148, 49.983631134, -12.3623819351], [1395.97692871, -218.368408203, -215.003952026, 395.498565674, -59.815826416, 43.5612106323, -160.322250366, -25.4207420349, -96.4712982178, 29.1008243561, -42.0810165405, -26.7161369324, -36.5881843567], [-2895.17944336, 218.554428101, 587.360656738, -59.815826416, 473.356262207, -71.6693649292, 235.430679321, -69.4701309204, 251.677017212, 34.3030433655, 142.29989624, 24.4117565155, -1.07646071911], [636.207946777, -171.095565796, -137.599212646, 43.5612106323, -71.6693649292, 103.815353394, -29.2700004578, 45.4397850037, -52.9569702148, -7.49711561203, -43.7262649536, -7.05376529694, -3.98367571831], [-2174.37304688, 109.532096863, 348.161010742, -160.322250366, 235.430679321, -29.2700004578, 298.010559082, 21.7243824005, 183.334136963, 21.3775253296, 95.1555099487, 17.6885471344, 10.9500999451], [256.845153809, -97.793258667, -86.0822906494, -25.4207420349, -69.4701309204, 45.4397850037, 21.7243824005, 86.0322265625, 2.41023945808, -4.35784482956, -32.3965415955, -4.38334369659, 15.3067178726], [-2167.73095703, 101.691894531, 381.158813477, -96.4712982178, 251.677017212, -52.9569702148, 183.334136963, 2.41023945808, 232.750961304, 38.3316459656, 101.931488037, 23.728433609, 22.59075737], [-230.697128296, -45.7098999023, 30.3784255981, 29.1008243561, 34.3030433655, -7.49711561203, 21.3775253296, -4.35784482956, 38.3316459656, 54.2887573242, 34.339176178, 2.20347261429, -20.2409820557], [-1243.00170898, 70.8955001831, 187.007202148, -42.0810165405, 142.29989624, -43.7262649536, 95.1555099487, -32.3965415955, 101.931488037, 34.339176178, 107.075126648, 33.5860328674, 14.5707015991], [-309.147064209, -5.58452367783, 49.983631134, -26.7161369324, 24.4117565155, -7.05376529694, 17.6885471344, -4.38334369659, 23.728433609, 2.20347261429, 33.5860328674, 44.1060295105, 26.7834663391], [-264.556121826, 19.0729370117, -12.3623819351, -36.5881843567, -1.07646071911, -3.98367571831, 10.9500999451, 15.3067178726, 22.59075737, -20.2409820557, 14.5707015991, 26.7834663391, 68.1256942749]],
        "icov": [[0.000580021180212, -0.000600326631684, 0.000549933814909, -0.000724079262, 0.000686720944941, -0.000353854498826, 0.00105670059565, -0.00114499847405, 0.00204917392693, -0.00136050151195, 0.00237740622833, -0.00166297180112, 0.001270564273], [-0.000600326631684, 0.00393107160926, -0.00122820504475, 0.00205209245905, -0.00164653290994, 0.00431907130405, -0.000800879555754, 0.00188780506141, -0.000448014499852, 0.00371737335809, -0.00347227905877, 0.00540564302355, -0.0027510242071], [0.000549933814909, -0.00122820504475, 0.00203012488782, -0.000726396916434, -2.8980024581e-05, -0.000734503089916, 0.00082330434816, -0.000711620785296, 0.000139290641528, -0.000598366954364, 0.0029601440765, -0.00368523015641, 0.00303361611441], [-0.000724079262, 0.00205209245905, -0.000726396916434, 0.00578454183415, -0.00323225115426, 0.0005704172072, 0.00137719919439, 0.00188374472782, -0.000300223473459, -0.00165035121609, -0.00274372007698, 0.00511396676302, -0.00288832117803], [0.000686720944941, -0.00164653290994, -2.8980024581e-05, -0.00323225115426, 0.0117290094495, -0.00445014983416, -0.00255019287579, 0.00737923709676, -0.00687084812671, 0.00275238393806, 0.000728384591639, -0.00208520912565, 0.00382374785841], [-0.000353854498826, 0.00431907130405, -0.000734503089916, 0.0005704172072, -0.00445014983416, 0.0220054108649, -0.000715072907042, -0.00942226592451, 0.00614889059216, 0.00288211973384, 6.88134605298e-05, 0.00153632287402, -0.000763253890909], [0.00105670059565, -0.000800879555754, 0.00082330434816, 0.00137719919439, -0.00255019287579, -0.000715072907042, 0.0126742823049, -0.00948414672166, 0.00268965912983, -0.000365863059415, -0.00216527841985, -0.000197706016479, 0.00476868031546], [-0.00114499847405, 0.00188780506141, -0.000711620785296, 0.00188374472782, 0.00737923709676, -0.00942226592451, -0.00948414672166, 0.0357086472213, -0.0154054136947, -0.00127070967574, 0.00818717759103, 0.00384222669527, -0.0095561593771], [0.00204917392693, -0.000448014499852, 0.000139290641528, -0.000300223473459, -0.00687084812671, 0.00614889059216, 0.00268965912983, -0.0154054136947, 0.0312095340341, -0.0148814031854, 0.00409326096997, -0.000442977674538, -0.00424482114613], [-0.00136050151195, 0.00371737335809, -0.000598366954364, -0.00165035121609, 0.00275238393806, 0.00288211973384, -0.000365863059415, -0.00127070967574, -0.0148814031854, 0.0479294173419, -0.0252568442374, 0.00472565274686, 0.0159565545619], [0.00237740622833, -0.00347227905877, 0.0029601440765, -0.00274372007698, 0.000728384591639, 6.88134605298e-05, -0.00216527841985, 0.00818717759103, 0.00409326096997, -0.0252568442374, 0.0485104322433, -0.0242138057947, -0.00192518450785], [-0.00166297180112, 0.00540564302355, -0.00368523015641, 0.00511396676302, -0.00208520912565, 0.00153632287402, -0.000197706016479, 0.00384222669527, -0.000442977674538, 0.00472565274686, -0.0242138057947, 0.0515449903905, -0.0202031265944], [0.001270564273, -0.0027510242071, 0.00303361611441, -0.00288832117803, 0.00382374785841, -0.000763253890909, 0.00476868031546, -0.0095561593771, -0.00424482114613, 0.0159565545619, -0.00192518450785, -0.0202031265944, 0.0352817326784]]
    },
    "melbands": {
        "dmean": [4.87671172777e-07, 0.000107566855149, 0.000881745654624, 0.000676580588333, 0.000387589563616, 0.000352720700903, 0.00011320993508, 7.28153900127e-05, 4.1714636609e-05, 0.000108287771582, 0.000147792801727, 4.8213685659e-05, 4.4564523705e-05, 4.1828778194e-05, 3.4043827327e-05, 1.72131403815e-05, 1.27819785121e-05, 1.61759362527e-05, 2.05895848922e-05, 1.50385440065e-05, 2.41412908508e-05, 1.57350714289e-05, 1.14271970233e-05, 1.49082970893e-05, 1.27520434035e-05, 8.51131244417e-06, 9.21021273825e-06, 7.87629414845e-06, 4.98370900459e-06, 4.91527134727e-06, 3.40129395227e-06, 1.65407948316e-06, 1.34571678245e-06, 1.23925985918e-06, 8.83265613538e-07, 1.19269134302e-06, 1.012966095e-06, 1.41329610415e-06, 1.18987077258e-06, 1.29068462229e-06],
        "dmean2": [7.24329822788e-07, 0.000161284915521, 0.0014565930469, 0.00111134641338, 0.00070104864426, 0.000595869380049, 0.000179484617547, 0.000100281533378, 5.79724764975e-05, 0.000148599254317, 0.00024753739126, 7.15966307325e-05, 6.36297700112e-05, 5.70378433622e-05, 5.24671704625e-05, 3.05600005959e-05, 1.86347715498e-05, 2.28279332077e-05, 3.12364281854e-05, 1.84224463737e-05, 3.44820437022e-05, 2.23936513066e-05, 1.80466249731e-05, 2.532983126e-05, 1.87585355889e-05, 1.07690302684e-05, 1.19649566841e-05, 1.02519670691e-05, 4.77872481497e-06, 7.05978982296e-06, 5.30491433892e-06, 2.52598329098e-06, 2.37647964241e-06, 2.09273207474e-06, 1.23193819945e-06, 1.58698935593e-06, 1.3804470882e-06, 2.3254806365e-06, 1.89996580957e-06, 1.83989936886e-06],
        "dvar": [6.98305302471e-12, 1.39932365073e-06, 6.60221849103e-05, 1.469694962e-05, 7.74193995312e-06, 9.23708466871e-06, 4.92547314934e-07, 2.36199852566e-07, 3.64226764304e-08, 2.6556301691e-07, 9.23975790101e-07, 7.66135102026e-08, 5.28803774102e-08, 6.35802734905e-08, 7.19003452332e-08, 1.47289318519e-08, 4.18535250901e-09, 1.14577458632e-08, 1.84741093534e-08, 1.02359454246e-08, 3.73757025329e-08, 1.01864587876e-08, 6.03985661485e-09, 1.11953770698e-08, 7.20071469118e-09, 2.54519094689e-09, 4.51632731213e-09, 2.14120987607e-09, 7.90010168394e-10, 1.28355681639e-09, 6.29680141362e-10, 1.73983868978e-10, 9.32155672095e-11, 6.05947722554e-11, 2.54697547775e-11, 5.97183899553e-11, 3.61292107343e-11, 8.90495871486e-11, 6.13848000208e-11, 7.43379038881e-11],
        "dvar2": [1.21149834956e-11, 3.16147702506e-06, 0.000146012142068, 4.05791215599e-05, 1.70075563801e-05, 2.60679862549e-05, 1.09934262582e-06, 4.71820158054e-07, 7.29761140406e-08, 6.42911402338e-07, 2.5383267257e-06, 1.63292682487e-07, 1.04903833176e-07, 1.30413269517e-07, 1.24957253433e-07, 3.55429889964e-08, 8.32180457877e-09, 2.29989343126e-08, 3.50238984481e-08, 1.4207513388e-08, 8.33387190369e-08, 2.0130526579e-08, 1.05849098375e-08, 2.7994682128e-08, 1.33637634292e-08, 2.65408317546e-09, 5.31173860452e-09, 3.47283268809e-09, 8.0306039596e-10, 2.04723504815e-09, 1.11685072302e-09, 3.34579031147e-10, 2.53499526925e-10, 1.73288730587e-10, 4.75533397382e-11, 1.15056672523e-10, 5.72042621605e-11, 2.22402332661e-10, 1.32893376859e-10, 1.6193632546e-10],
        "max": [5.14478815603e-05, 0.0189743898809, 0.127246901393, 0.0513597093523, 0.0347278192639, 0.0474711768329, 0.00948602985591, 0.00929801352322, 0.00426881760359, 0.0100847547874, 0.0144230686128, 0.00507431756705, 0.00440667290241, 0.00491147907451, 0.00531960884109, 0.00186488195322, 0.0013323869789, 0.00214191293344, 0.0021828468889, 0.00214981846511, 0.00368274049833, 0.00183904636651, 0.00134811853059, 0.0019568244461, 0.00174233573489, 0.00116675125901, 0.00137249927502, 0.0010411067633, 0.000743345764931, 0.000792029721197, 0.000485563476104, 0.00025383834145, 0.000162754367921, 0.000143005861901, 0.000122528610518, 0.000189335245523, 0.000131671709823, 0.000156623267685, 0.000125839796965, 0.000149349478306],
        "mean": [5.32815647603e-07, 8.92447787919e-05, 0.000839524378534, 0.000753092870582, 0.000443407800049, 0.000401231402066, 0.000161975083756, 9.7552598163e-05, 7.89496698417e-05, 0.000156529276865, 0.00018764512788, 6.35087344563e-05, 5.64533547731e-05, 6.26888650004e-05, 6.23408632237e-05, 3.07416230498e-05, 2.28928347497e-05, 2.61729019257e-05, 2.87158072751e-05, 2.58950549323e-05, 3.10283649014e-05, 2.23269671551e-05, 1.92666138901e-05, 1.89170623344e-05, 2.36222440435e-05, 1.95011343749e-05, 1.66205554706e-05, 1.42603503264e-05, 1.09918000817e-05, 1.0004179785e-05, 6.0918591771e-06, 3.93539130528e-06, 2.2252661438e-06, 1.9832414182e-06, 1.8493681182e-06, 2.34692743106e-06, 2.05898868444e-06, 2.1822686449e-06, 2.05690116672e-06, 2.16636408368e-06],
        "median": [5.90580455651e-08, 3.79742104428e-08, 1.8100769239e-07, 2.83340455098e-07, 8.9786828994e-07, 1.05205185719e-06, 7.35948503916e-07, 4.88187993142e-07, 2.77868764442e-07, 6.18800982011e-07, 4.2330285055e-07, 2.35836452589e-07, 1.61169865009e-07, 1.84262574976e-07, 1.62091126299e-07, 1.06551674151e-07, 8.64226450403e-08, 6.09316970213e-08, 5.06203114981e-08, 6.59347918486e-08, 8.38336049469e-08, 5.15649993815e-08, 3.14754551312e-08, 2.938736543e-08, 2.76978902036e-08, 2.49641747274e-08, 1.85962143462e-08, 1.55927448731e-08, 1.07098836466e-08, 5.90103388376e-09, 3.51356588268e-09, 2.00053018595e-09, 1.43880252157e-09, 1.22551968573e-09, 1.20481780108e-09, 1.05323616495e-09, 9.17624309871e-10, 9.60017287888e-10, 8.05687017102e-10, 6.61876664587e-10],
        "min": [3.03587044392e-09, 2.3882202882e-09, 1.8595083251e-09, 3.57997276268e-09, 5.04597963413e-09, 5.49810552641e-09, 2.84922108129e-09, 1.95323845986e-09, 2.82433343379e-09, 1.70234315533e-09, 1.15295617498e-09, 1.01851438394e-09, 4.36204988796e-10, 4.79078998694e-10, 2.70413386128e-10, 1.83337234283e-10, 3.58180346494e-10, 2.26739307885e-10, 1.84008294712e-10, 2.02546590611e-10, 2.52615511842e-10, 1.52731910452e-10, 1.54652082807e-10, 1.13120811329e-10, 6.15848066987e-11, 7.88567197652e-11, 7.91604837236e-11, 6.43727016136e-11, 5.52424425648e-11, 5.24056076312e-11, 5.35284004621e-11, 4.6426803374e-11, 4.6229024081e-11, 4.86846535308e-11, 5.40106986913e-11, 5.16295964315e-11, 7.52694087613e-11, 5.90494250718e-11, 5.77798919821e-11, 6.26953211569e-11],
        "var": [1.28561718563e-11, 1.28036583646e-06, 6.95011403877e-05, 2.05615069717e-05, 8.92901152838e-06, 9.04163789528e-06, 9.08662855181e-07, 3.93213554162e-07, 1.66948495917e-07, 6.57431826312e-07, 1.01591592738e-06, 1.11783137413e-07, 1.03718484468e-07, 1.35611188057e-07, 2.09317676081e-07, 3.33413368026e-08, 1.4339192056e-08, 2.55606753541e-08, 3.25035998117e-08, 2.89003310172e-08, 5.20137568571e-08, 1.8845458527e-08, 1.38582842979e-08, 1.68125122713e-08, 2.1853447052e-08, 1.23760512949e-08, 1.27968382557e-08, 7.27333260286e-09, 4.07179623352e-09, 4.07701739036e-09, 1.58549784413e-09, 6.09976513744e-10, 1.91807139616e-10, 1.37032746261e-10, 1.1654033294e-10, 2.19515933209e-10, 1.36036751308e-10, 1.74017050769e-10, 1.5237522355e-10, 1.85987378276e-10]
    },
    "mfcc": {
        "mean": [-896.895690918, 83.952331543, -15.123041153, -6.36957406998, -14.3729085922, -18.2460613251, -8.35737323761, -10.6242818832, -7.77882957458, -6.00532388687, -9.63365650177, -2.95066833496, -2.69098186493],
        "cov": [[27457.6445312, -1679.58129883, -3069.37744141, -578.694458008, -1042.12756348, -960.913452148, -297.944122314, -845.779541016, -720.637695312, -703.275878906, -1095.51000977, -919.778137207, -990.182617188], [-1679.58129883, 895.450866699, 210.301559448, -25.1668453217, 51.8985900879, -7.20200443268, -19.5980224609, 13.8020277023, 6.29727363586, -3.061845541, 14.0698156357, -6.57541704178, 54.7222175598], [-3069.37744141, 210.301559448, 946.485473633, 129.411071777, 156.370513916, 130.597808838, -0.939956009388, 99.5286331177, 70.3629302979, 51.4928283691, 123.323570251, 69.9453277588, 96.0274963379], [-578.694458008, -25.1668453217, 129.411071777, 275.006896973, 148.704559326, 78.0710296631, 2.98194956779, -33.0820999146, -22.4991664886, 14.5887937546, 62.818813324, 28.4451313019, -1.03770315647], [-1042.12756348, 51.8985900879, 156.370513916, 148.704559326, 207.006469727, 93.7949142456, -1.84715640545, -3.03694319725, 3.94542813301, 11.8543701172, 40.6862068176, 60.6137809753, 34.460018158], [-960.913452148, -7.20200443268, 130.597808838, 78.0710296631, 93.7949142456, 107.087936401, 33.2714805603, 23.3517875671, 10.545627594, 23.6305618286, 65.8437957764, 36.9479141235, 30.456035614], [-297.944122314, -19.5980224609, -0.939956009388, 2.98194956779, -1.84715640545, 33.2714805603, 64.6586837769, 38.9667930603, 14.4793338776, 22.7233009338, 27.9789066315, -6.36234045029, -0.766106307507], [-845.779541016, 13.8020277023, 99.5286331177, -33.0820999146, -3.03694319725, 23.3517875671, 38.9667930603, 91.8442840576, 68.9162139893, 37.4150428772, 27.5727043152, 19.4563522339, 28.9870986938], [-720.637695312, 6.29727363586, 70.3629302979, -22.4991664886, 3.94542813301, 10.545627594, 14.4793338776, 68.9162139893, 91.034072876, 51.5745544434, 17.5635604858, 27.2989292145, 26.1915988922], [-703.275878906, -3.061845541, 51.4928283691, 14.5887937546, 11.8543701172, 23.6305618286, 22.7233009338, 37.4150428772, 51.5745544434, 69.2909545898, 56.870010376, 22.3267097473, 18.7587623596], [-1095.51000977, 14.0698156357, 123.323570251, 62.818813324, 40.6862068176, 65.8437957764, 27.9789066315, 27.5727043152, 17.5635604858, 56.870010376, 129.281692505, 42.5035095215, 30.4662761688], [-919.778137207, -6.57541704178, 69.9453277588, 28.4451313019, 60.6137809753, 36.9479141235, -6.36234045029, 19.4563522339, 27.2989292145, 22.3267097473, 42.5035095215, 96.2212905884, 59.9639968872], [-990.182617188, 54.7222175598, 96.0274963379, -1.03770315647, 34.460018158, 30.456035614, -0.766106307507, 28.9870986938, 26.1915988922, 18.7587623596, 30.4662761688, 59.9639968872, 75.7159957886]],
