{
"lowlevel": {
    "average_loudness": 0.64692401886,
    "barkbands_crest": {
        "dmean": 2.63651514053,
        "dmean2": 3.99623727798,
        "dvar": 5.00045824051,
        "dvar2": 10.3737573624,
        "max": 21.0687580109,
        "mean": 9.83477783203,
        "median": 9.16361618042,
        "min": 2.60667657852,
        "var": 15.8076229095
    },
    "barkbands_flatness_db": {
        "dmean": 0.0172744337469,
        "dmean2": 0.0263660736382,
        "dvar": 0.00023567257449,
        "dvar2": 0.000512558559421,
        "max": 0.291188895702,
        "mean": 0.107915230095,
        "median": 0.0960714221001,
        "min": 0.0323661416769,
        "var": 0.00186780362856
    },
    "barkbands_kurtosis": {
        "dmean": 3.56439781189,
        "dmean2": 5.60651254654,
        "dvar": 43.2239303589,
        "dvar2": 103.23916626,
        "max": 108.898338318,
        "mean": 7.48030042648,
        "median": 3.41873836517,
        "min": -1.46122431755,
        "var": 159.302902222
    },
    "barkbands_skewness": {
        "dmean": 0.52609038353,
        "dmean2": 0.762395501137,
        "dvar": 0.234462499619,
        "dvar2": 0.519693017006,
        "max": 7.73494291306,
        "mean": 2.09498381615,
        "median": 1.85420441628,
        "min": -0.359213620424,
        "var": 1.47962391376
    },
    "barkbands_spread": {
        "dmean": 5.00020170212,
        "dmean2": 6.96832323074,
        "dvar": 26.2907238007,
        "dvar2": 48.235584259,
        "max": 84.0885772705,
        "mean": 22.3379955292,
        "median": 21.6862258911,
        "min": 1.62895262241,
        "var": 149.045150757
    },
    "dissonance": {
        "dmean": 0.0146865444258,
        "dmean2": 0.0243666432798,
        "dvar": 0.00028274251963,
        "dvar2": 0.000789910322055,
        "max": 0.495879024267,
        "mean": 0.465088218451,
        "median": 0.472345650196,
        "min": 0.323196023703,
        "var": 0.000659672543406
    },
    "dynamic_complexity": 7.32813453674,
    "erbbands_crest": {
        "dmean": 2.58568000793,
        "dmean2": 3.84926939011,
        "dvar": 5.87001466751,
        "dvar2": 12.9546375275,
        "max": 24.5408496857,
        "mean": 7.95557260513,
        "median": 6.99222278595,
        "min": 2.74856615067,
        "var": 16.8864917755
    },
    "erbbands_flatness_db": {
        "dmean": 0.0128635736182,
        "dmean2": 0.0195500180125,
        "dvar": 0.000138141520438,
        "dvar2": 0.000325729808537,
        "max": 0.286940455437,
        "mean": 0.142159819603,
        "median": 0.138740047812,
        "min": 0.0552859678864,
        "var": 0.00102439848706
    },
    "erbbands_kurtosis": {
        "dmean": 0.973020136356,
        "dmean2": 1.48864400387,
        "dvar": 2.02922439575,
        "dvar2": 4.68938922882,
        "max": 18.5571956635,
        "mean": 0.76543533802,
        "median": -0.521045207977,
        "min": -1.33199226856,
        "var": 7.79401636124
    },
    "erbbands_skewness": {
        "dmean": 0.368842929602,
        "dmean2": 0.524661540985,
        "dvar": 0.0967630892992,
        "dvar2": 0.205544114113,
        "max": 3.11973595619,
        "mean": 0.745030522346,
        "median": 0.596851587296,
        "min": -0.925898253918,
        "var": 0.631353735924
    },
    "erbbands_spread": {
        "dmean": 4.97705125809,
        "dmean2": 7.75066137314,
        "dvar": 17.8753795624,
        "dvar2": 37.2095108032,
        "max": 61.7354164124,
        "mean": 38.183139801,
        "median": 42.2703552246,
        "min": 4.11748170853,
        "var": 150.936019897
    },
    "hfc": {
        "dmean": 6.11997890472,
        "dmean2": 7.29084014893,
        "dvar": 406.152374268,
        "dvar2": 736.011352539,
        "max": 385.741119385,
        "mean": 15.530424118,
        "median": 1.9356752634,
        "min": 0.145629689097,
        "var": 2196.44677734
    },
    "melbands_crest": {
        "dmean": 3.36875605583,
        "dmean2": 5.08121585846,
        "dvar": 7.94502830505,
        "dvar2": 18.9425621033,
        "max": 24.8346805573,
        "mean": 12.9256753922,
        "median": 12.0674324036,
        "min": 4.55277299881,
        "var": 19.443107605
    },
    "melbands_flatness_db": {
        "dmean": 0.0228250529617,
        "dmean2": 0.0322101190686,
        "dvar": 0.000353797979187,
        "dvar2": 0.000696530914865,
        "max": 0.427417129278,
        "mean": 0.178173884749,
        "median": 0.168468818069,
        "min": 0.0480646081269,
        "var": 0.00451138429344
    },
    "melbands_kurtosis": {
        "dmean": 5.35539960861,
        "dmean2": 8.16015052795,
        "dvar": 38.0316238403,
        "dvar2": 89.5915374756,
        "max": 59.519493103,
        "mean": 12.9762763977,
        "median": 9.49717903137,
        "min": -0.82523226738,
        "var": 118.846260071
    },
    "melbands_skewness": {
        "dmean": 0.558877646923,
        "dmean2": 0.830576956272,
        "dvar": 0.241955265403,
        "dvar2": 0.546587884426,
        "max": 5.56785440445,
        "mean": 2.75771570206,
        "median": 2.6223692894,
        "min": 0.198148280382,
        "var": 0.976311326027
    },
    "melbands_spread": {
        "dmean": 5.83526945114,
        "dmean2": 8.05329322815,
        "dvar": 43.6384773254,
        "dvar2": 79.5647354126,
        "max": 80.485786438,
        "mean": 19.1613941193,
        "median": 16.0082569122,
        "min": 1.4772002697,
        "var": 190.75440979
    },
    "pitch_salience": {
        "dmean": 0.0637815073133,
        "dmean2": 0.101557865739,
        "dvar": 0.0028903868515,
        "dvar2": 0.00687198061496,
        "max": 0.823914349079,
        "mean": 0.675286650658,
        "median": 0.685012459755,
        "min": 0.414022982121,
        "var": 0.00570962158963
    },
    "silence_rate_20dB": {
        "dmean": 0,
        "dmean2": 0,
        "dvar": 0,
        "dvar2": 0,
        "max": 1,
        "mean": 1,
        "median": 1,
        "min": 1,
        "var": 0
    },
    "silence_rate_30dB": {
        "dmean": 0.00557103054598,
        "dmean2": 0.0111731840298,
        "dvar": 0.00553998816758,
        "dvar2": 0.0110483579338,
        "max": 1,
        "mean": 0.972222208977,
        "median": 1,
        "min": 0,
        "var": 0.0270061623305
    },
    "silence_rate_60dB": {
        "dmean": 0.0835654586554,
        "dmean2": 0.164804473519,
        "dvar": 0.0765819996595,
        "dvar2": 0.154403850436,
        "max": 1,
        "mean": 0.516666650772,
        "median": 1,
        "min": 0,
        "var": 0.249722748995
    },
    "spectral_centroid": {
        "dmean": 216.624435425,
        "dmean2": 295.274871826,
        "dvar": 49358.328125,
        "dvar2": 90595.34375,
        "max": 2963.20410156,
        "mean": 1188.9921875,
        "median": 1082.44433594,
        "min": 300.315948486,
        "var": 367799.1875
    },
    "spectral_complexity": {
        "dmean": 3.57103061676,
        "dmean2": 4.75139665604,
        "dvar": 34.8354568481,
        "dvar2": 44.3432731628,
        "max": 63,
        "mean": 13.4138889313,
        "median": 6,
        "min": 0,
        "var": 262.081604004
    },
    "spectral_decrease": {
        "dmean": 9.79581304961e-10,
        "dmean2": 1.54191426294e-09,
        "dvar": 1.05740664916e-17,
        "dvar2": 2.23801407506e-17,
        "max": -3.08696384427e-12,
        "mean": -2.6385837959e-09,
        "median": -6.82663370277e-10,
        "min": -5.35978266214e-08,
        "var": 4.61293613679e-17
    },
    "spectral_energy": {
        "dmean": 0.00410355720669,
        "dmean2": 0.00615100841969,
        "dvar": 0.000178108952241,
        "dvar2": 0.000355387746822,
        "max": 0.226386904716,
        "mean": 0.0113672856241,
        "median": 0.00281848013401,
        "min": 2.48599790211e-05,
        "var": 0.000883195374627
    },
    "spectral_energyband_high": {
        "dmean": 0.000393519410864,
        "dmean2": 0.00050527381245,
        "dvar": 1.88742524188e-06,
        "dvar2": 2.98429404211e-06,
        "max": 0.0245427843183,
        "mean": 0.000931507209316,
        "median": 4.46170233772e-05,
        "min": 4.84133624923e-06,
        "var": 1.00337238109e-05
    },
    "spectral_energyband_low": {
        "dmean": 0.000744194549043,
        "dmean2": 0.00127803359646,
        "dvar": 1.33726744025e-05,
        "dvar2": 3.27701236529e-05,
        "max": 0.0491402819753,
        "mean": 0.000625110173132,
        "median": 3.00536794384e-05,
        "min": 1.15757143249e-06,
        "var": 1.17769377539e-05
    },
    "spectral_energyband_middle_high": {
        "dmean": 0.00130781345069,
        "dmean2": 0.0016168623697,
        "dvar": 1.67518137459e-05,
        "dvar2": 3.01852815028e-05,
        "max": 0.0793809741735,
        "mean": 0.00314632034861,
        "median": 0.000370512425434,
        "min": 2.47042567025e-06,
        "var": 8.58228377183e-05
    },
    "spectral_energyband_middle_low": {
        "dmean": 0.00310068833642,
        "dmean2": 0.00525756040588,
        "dvar": 0.000105608887679,
        "dvar2": 0.000258751097135,
        "max": 0.155264228582,
        "mean": 0.00712751038373,
        "median": 0.00224260659888,
        "min": 3.60124204235e-06,
        "var": 0.000309811264742
    },
    "spectral_entropy": {
        "dmean": 0.125841990113,
        "dmean2": 0.184973716736,
        "dvar": 0.0154910497367,
        "dvar2": 0.0324220247567,
        "max": 8.28160572052,
        "mean": 7.64584159851,
        "median": 7.76690673828,
        "min": 5.60341310501,
        "var": 0.21266143024
    },
    "spectral_flux": {
        "dmean": 0.0121233062819,
        "dmean2": 0.0196852888912,
        "dvar": 0.000708782637957,
        "dvar2": 0.00163354550023,
        "max": 0.387472003698,
        "mean": 0.0427257455885,
        "median": 0.0262308344245,
        "min": 0.00382388243452,
        "var": 0.00253637228161
    },
    "spectral_kurtosis": {
        "dmean": 1.16983103752,
        "dmean2": 1.80424594879,
        "dvar": 2.78314566612,
        "dvar2": 7.08110666275,
        "max": 43.1624145508,
        "mean": 7.56359386444,
        "median": 5.8442440033,
        "min": 2.5393652916,
        "var": 36.0690574646
    },
    "spectral_rms": {
        "dmean": 0.000463281263364,
        "dmean2": 0.000637513876427,
        "dvar": 7.89677869761e-07,
        "dvar2": 1.4096904124e-06,
        "max": 0.0148615371436,
        "mean": 0.00234437524341,
        "median": 0.00165822217241,
        "min": 0.000155735790031,
        "var": 5.59393674848e-06
    },
    "spectral_rolloff": {
        "dmean": 889.338684082,
        "dmean2": 1438.87390137,
        "dvar": 6080465.5,
        "dvar2": 15624372,
        "max": 18906.1523438,
        "mean": 1849.40332031,
        "median": 1162.79296875,
        "min": 301.46484375,
        "var": 6857819
    },
    "spectral_skewness": {
        "dmean": 0.148030370474,
        "dmean2": 0.21493704617,
        "dvar": 0.0259768087417,
        "dvar2": 0.0537873581052,
        "max": 5.62994194031,
        "mean": 1.98103928566,
        "median": 1.77176439762,
        "min": 1.13246452808,
        "var": 0.634200572968
    },
    "spectral_spread": {
        "dmean": 389791.875,
        "dmean2": 608779.8125,
        "dvar": 571066875904,
        "dvar2": 880045195264,
        "max": 14509503,
        "mean": 4858707,
        "median": 4475836.5,
        "min": 2407809,
        "var": 1.79682174566e+12
    },
    "spectral_strongpeak": {
        "dmean": 0.186593905091,
        "dmean2": 0.301123410463,
        "dvar": 0.0629631653428,
        "dvar2": 0.139569014311,
        "max": 3.09028768539,
        "mean": 0.465331703424,
        "median": 0.32336139679,
        "min": 0,
        "var": 0.201871678233
    },
    "zerocrossingrate": {
        "dmean": 0.014308408834,
        "dmean2": 0.0176558680832,
        "dvar": 0.000213838124182,
        "dvar2": 0.000355717784259,
        "max": 0.31689453125,
        "mean": 0.0897908508778,
        "median": 0.07763671875,
        "min": 0.021484375,
        "var": 0.00191608967725
    },
    "barkbands": {
        "dmean": [2.9298442314e-05, 3.36305197379e-06, 0.000227815660764, 0.000882216147147, 0.000764582073316, 0.00123921863269, 0.00073178630555, 0.000289981660899, 0.000299435574561, 0.000218479937757, 7.62968775234e-05, 0.000171630366822, 0.000138322779094, 0.000163218472153, 0.00016393144324, 0.00024379901879, 0.000221398615395, 0.000200797221623, 0.0003105092037, 0.000206233497011, 0.000138776726089, 4.26203914685e-05, 3.59281802957e-05, 5.37632658961e-05, 4.53928587376e-05, 1.12408679342e-05, 1.20384811453e-06],
        "dmean2": [4.62078824057e-05, 5.89000592299e-06, 0.000384405517252, 0.00150655815378, 0.00124307139777, 0.00187420193106, 0.00120198691729, 0.000458926864667, 0.000487698678626, 0.000369759742171, 0.000123219957459, 0.00029998057289, 0.000226994990953, 0.00025368083152, 0.000262515270151, 0.000363990635378, 0.000356385862688, 0.000293724617222, 0.000480960414279, 0.000274296384305, 0.000182723408216, 5.78444705752e-05, 4.94241248816e-05, 7.4613482866e-05, 5.74081168452e-05, 1.52928096213e-05, 1.90435696368e-06],
        "dvar": [1.40953848593e-09, 3.6504601425e-11, 1.11031772576e-06, 2.11632650462e-05, 7.14445423e-06, 1.12437364805e-05, 5.76980164624e-06, 7.79554909514e-07, 9.0984713097e-07, 6.95045059729e-07, 5.11494384625e-08, 3.43223575783e-07, 1.48682957501e-07, 2.51720308597e-07, 2.9225873277e-07, 8.61636181071e-07, 6.13685585904e-07, 5.80882954182e-07, 1.65457743151e-06, 5.48407342649e-07, 1.98365015081e-07, 2.20513811655e-08, 1.51240886481e-08, 4.33821263357e-08, 3.16769970254e-08, 1.85797544017e-09, 2.27147077189e-12],
        "dvar2": [3.09634606843e-09, 1.06879054218e-10, 2.81510142486e-06, 5.38755630259e-05, 1.64873890753e-05, 2.45448754868e-05, 1.70117200469e-05, 2.11038582165e-06, 2.02046339837e-06, 2.02214869205e-06, 1.0260281158e-07, 9.16591829991e-07, 3.88445783983e-07, 6.3630426439e-07, 6.49838966638e-07, 2.06377490031e-06, 1.82022802164e-06, 1.36376104365e-06, 4.38059032604e-06, 1.00567751815e-06, 3.6942194015e-07, 3.95607067105e-08, 2.80808922781e-08, 9.98396743057e-08, 5.12558706589e-08, 3.36325034489e-09, 3.50919315308e-12],
        "max": [0.000433082866948, 5.8238132624e-05, 0.013954795897, 0.065240457654, 0.0389506742358, 0.0590736493468, 0.047493506223, 0.0145100224763, 0.0170521046966, 0.0149367386475, 0.00440629897639, 0.0092312823981, 0.00600069388747, 0.00649609882385, 0.00750730885193, 0.0133693842217, 0.00918225105852, 0.0118132485077, 0.0186108518392, 0.0112394252792, 0.00940506067127, 0.00267270859331, 0.00240071117878, 0.00340228690766, 0.00339160324074, 0.000727225036826, 3.9108483179e-05],
        "mean": [3.31939991156e-05, 3.71293162971e-06, 0.000190348349861, 0.000735361361876, 0.00157591886818, 0.002195259789, 0.00132492615376, 0.00055657926714, 0.000520425091963, 0.0003827198816, 0.000177409689059, 0.00027477616095, 0.000240155786742, 0.000244778697379, 0.000255153543549, 0.000362889550161, 0.000323955784552, 0.000369235349353, 0.00050098542124, 0.000377356191166, 0.000296017591609, 0.000100942153949, 8.17554973764e-05, 0.000107778141683, 9.98086834443e-05, 2.30452569667e-05, 8.41594828671e-06],
        "median": [1.33448202178e-05, 2.1530390768e-06, 5.04326089867e-06, 4.21322110924e-05, 0.000581191503443, 0.0007525467081, 0.000217969238292, 0.000102161080576, 9.75500734057e-05, 7.05285347067e-05, 3.06368492602e-05, 3.05281428155e-05, 3.10647374135e-05, 2.72826837318e-05, 2.34481776715e-05, 3.39848193107e-05, 2.6789282856e-05, 2.23114639084e-05, 2.77017661574e-05, 1.83834781637e-05, 1.10285918709e-05, 4.09910762755e-06, 2.95057725452e-06, 3.44923228113e-06, 2.81596248897e-06, 1.0492930187e-06, 7.61206138122e-06],
        "min": [4.97642034247e-08, 1.19501834206e-07, 1.04900472309e-07, 8.00762563813e-07, 5.47439526599e-07, 1.07925728798e-07, 2.65747644335e-07, 2.66525773895e-07, 2.47950993071e-07, 2.00364723923e-07, 1.87016567565e-07, 1.74172271272e-07, 1.88350838926e-07, 1.50886080519e-07, 1.53801948954e-07, 1.56434040832e-07, 9.53824113026e-08, 1.03685749764e-07, 1.33615586151e-07, 8.64199591888e-08, 1.01443951905e-07, 7.03795777213e-08, 1.03042246735e-07, 1.74466649128e-07, 2.0280775459e-07, 2.94476649287e-07, 4.27900477007e-06],
        "var": [3.04041480881e-09, 2.88526286196e-11, 9.45083684201e-07, 1.85072931345e-05, 1.46803677126e-05, 2.69182746706e-05, 1.69185786945e-05, 2.41569136961e-06, 2.19047115024e-06, 1.37187078053e-06, 2.75782838344e-07, 7.3807376566e-07, 3.97580237177e-07, 5.91344530676e-07, 7.08682648565e-07, 1.41651855756e-06, 1.07932510218e-06, 1.55622956299e-06, 2.92301956506e-06, 1.61391881193e-06, 1.04551691038e-06, 1.11256184709e-07, 8.19184933221e-08, 1.53220497623e-07, 1.36832866815e-07, 7.79278508389e-09, 1.61446550573e-11]
    },
    "erbbands": {
        "dmean": [0.000212252911297, 0.003085604636, 0.163441434503, 1.92200708389, 2.12984514236, 1.94195997715, 9.68198776245, 9.56146526337, 7.12547922134, 15.2002468109, 6.21849679947, 6.80869865417, 11.0816631317, 3.03795099258, 4.75180864334, 6.11923980713, 6.12023830414, 7.85561990738, 7.67525482178, 7.86873102188, 12.9020671844, 12.7995967865, 11.9877090454, 15.0190706253, 13.9532403946, 9.70774841309, 7.64458417892, 4.68032836914, 1.75192594528, 1.42471981049, 0.997209191322, 0.989529430866, 1.01440954208, 0.531399428844, 0.338663071394, 0.0927553027868, 0.0120693817735, 0.00114393862896, 0.000205193529837, 2.49406602961e-05],
        "dmean2": [0.000355937052518, 0.0053115831688, 0.276959985495, 3.30074214935, 3.43447375298, 3.24750852585, 15.4310054779, 13.7863807678, 12.2012453079, 24.8336238861, 9.68229293823, 11.1947946548, 19.5325088501, 4.01485109329, 8.43330955505, 10.1719837189, 9.37614536285, 11.7821178436, 12.1448125839, 10.8822450638, 18.5807819366, 20.5340633392, 18.0190925598, 22.4042510986, 21.7392368317, 13.3368005753, 11.4459981918, 6.81717395782, 2.52437210083, 2.01115202904, 1.36445498466, 1.30441129208, 1.47007846832, 0.65473139286, 0.448042005301, 0.127284839749, 0.0168964937329, 0.00149924680591, 0.000308941176627, 3.96242903662e-05],
        "dvar": [1.24621521991e-07, 0.000153811401105, 0.583395898342, 97.0375137329, 134.178710938, 55.4578094482, 819.942749023, 845.150939941, 354.544708252, 2278.94970703, 450.604064941, 588.828063965, 1778.71936035, 44.6087036133, 338.18548584, 347.057220459, 273.016998291, 468.118682861, 719.02722168, 608.393676758, 1926.56933594, 2180.07641602, 1849.58288574, 3304.43798828, 3726.52954102, 1152.82067871, 677.266113281, 262.263397217, 41.8763046265, 26.9020175934, 11.0359392166, 14.578751564, 15.2603082657, 3.15779161453, 2.31062173843, 0.138491377234, 0.00207643164322, 1.32154409584e-05, 1.03290261677e-07, 8.97364016428e-10],
        "dvar2": [3.3141927247e-07, 0.000405770551879, 1.4824501276, 239.795318604, 318.936767578, 134.914993286, 2106.93652344, 1371.68249512, 943.762512207, 6625.03515625, 1167.43200684, 1575.47033691, 4579.51123047, 66.0371704102, 1143.95129395, 841.561828613, 636.822509766, 1088.44165039, 1406.3203125, 1049.96630859, 4109.83349609, 6306.42089844, 4935.06933594, 8321.7109375, 9643.69433594, 2124.77172852, 1391.35668945, 640.085144043, 74.4577789307, 61.5807151794, 19.4229030609, 27.8692188263, 38.4358673096, 4.50729370117, 4.68125009537, 0.236877128482, 0.00359887187369, 2.18479344767e-05, 1.52917124296e-07, 1.47725787158e-09],
        "max": [0.00477137044072, 0.169114664197, 10.2473487854, 137.026565552, 192.768600464, 107.114707947, 340.845336914, 480.534240723, 263.7315979, 913.30065918, 379.537658691, 400.774139404, 751.273254395, 177.114028931, 272.085540771, 286.24697876, 290.332489014, 307.190490723, 412.845001221, 426.946624756, 612.411499023, 626.719726562, 691.79510498, 796.210876465, 946.32019043, 528.414855957, 504.445678711, 283.054016113, 100.069610596, 97.4356613159, 66.0915527344, 62.67578125, 60.7092933655, 31.6157264709, 27.8571605682, 6.5427570343, 0.747725725174, 0.0670978054404, 0.00727740535513, 0.000707634841092],
        "mean": [0.000277230632491, 0.00274930894375, 0.136858552694, 1.68357682228, 4.41404151917, 3.23194384575, 13.7056694031, 16.4254417419, 12.2541246414, 28.0412254333, 12.2446737289, 10.851108551, 17.2192077637, 8.18452262878, 8.33465766907, 10.4399929047, 10.9950590134, 12.7060461044, 13.5046672821, 14.4820232391, 20.2692909241, 19.2304992676, 20.2631587982, 24.0303077698, 22.6265449524, 18.0143184662, 15.0973682404, 8.74638652802, 3.97989535332, 2.59701895714, 2.36606097221, 2.17625403404, 1.85753297806, 1.18226194382, 0.66236281395, 0.193139210343, 0.025463623926, 0.00349728995934, 0.00101707770955, 0.000170212297235],
        "median": [0.000172213083715, 0.000562648696359, 0.00479137897491, 0.109135910869, 1.37068247795, 1.14410865307, 3.87999486923, 4.90670490265, 3.68591928482, 4.17808246613, 1.93428587914, 1.95618128777, 2.68605232239, 1.47157597542, 1.21005928516, 1.31683325768, 1.52642774582, 1.63130116463, 1.31969261169, 1.3982872963, 1.64283013344, 1.46959269047, 1.31046724319, 1.51623463631, 1.19005203247, 0.872747838497, 0.600130915642, 0.326855123043, 0.163301169872, 0.102262757719, 0.0772636458278, 0.069820702076, 0.0585140511394, 0.0397098362446, 0.0167899094522, 0.00511536328122, 0.00161406921688, 0.00145462527871, 0.000827801530249, 0.000154459790792],
        "min": [9.88582996797e-06, 4.01125398639e-05, 0.000173251362867, 0.0021443774458, 0.00302446074784, 0.0013394721318, 0.00071084103547, 0.000985603081062, 0.00313744973391, 0.00430849147961, 0.00686013419181, 0.00680154934525, 0.00813046842813, 0.00653980160132, 0.0110502317548, 0.0064736274071, 0.00889717228711, 0.0103308279067, 0.00623190170154, 0.0093685016036, 0.00537317898124, 0.00549494056031, 0.00621292227879, 0.00655365362763, 0.00589830614626, 0.00476918928325, 0.00475466344506, 0.0031942857895, 0.00293126702309, 0.0030324710533, 0.00297449552454, 0.00335219013505, 0.00319873751141, 0.00232402631082, 0.0014175879769, 0.000580932712182, 0.000620721955784, 0.000608192407526, 0.000396239483962, 7.64907817938e-05],
        "var": [1.60132330507e-07, 0.000128227475216, 0.497217684984, 87.4765853882, 203.822402954, 78.3413009644, 1142.58972168, 2141.19165039, 855.631347656, 7865.99169922, 1238.40637207, 950.323791504, 3348.57080078, 494.559814453, 656.519592285, 907.322021484, 830.005554199, 1386.12365723, 1908.39111328, 2102.94970703, 4137.68359375, 3940.41918945, 4589.92871094, 6626.86669922, 6204.68408203, 3630.32788086, 2800.85400391, 894.083312988, 177.278411865, 82.3721542358, 69.3597640991, 60.7313575745, 46.6861343384, 17.7406158447, 6.7882399559, 0.578604400158, 0.00870387163013, 6.64391773171e-05, 7.05857473804e-07, 6.23386764431e-09]
    },
    "gfcc": {
        "mean": [-87.3577880859, 56.5109863281, -111.001335144, -9.64005565643, -65.6054000854, -28.9151439667, -48.170085907, -12.9027709961, -28.9428272247, -8.20339393616, -10.3505773544, -8.18352127075, -5.55650377274],
        "cov": [[11423.59375, -868.81072998, -3147.32836914, 1333.16821289, -1504.51147461, 384.439941406, -859.183349609, 550.627075195, -683.880065918, 101.681655884, -622.166931152, -331.354553223, -320.034698486], [-868.81072998, 542.270996094, 414.810791016, -245.296569824, 100.274604797, -73.9779205322, 118.928123474, -67.4389877319, 51.5239868164, -84.2277374268, 10.3227500916, -6.8679599762, 2.10564804077], [-3147.32836914, 414.810791016, 1232.04174805, -407.320129395, 432.598144531, -17.5625171661, 243.354629517, -126.723876953, 161.994781494, -56.0597686768, 110.583656311, 64.3069000244, 31.3075275421], [1333.16821289, -245.296569824, -407.320129395, 286.14465332, -117.613746643, 57.0692443848, -117.50038147, 62.4874343872, -83.0704193115, 36.141078949, -68.032333374, -39.3267250061, -33.3388519287], [-1504.51147461, 100.274604797, 432.598144531, -117.613746643, 289.366394043, -20.3256092072, 120.184036255, -72.6436309814, 78.5875244141, -12.8756637573, 71.4048690796, 34.6784629822, 31.2481040955], [384.439941406, -73.9779205322, -17.5625171661, 57.0692443848, -20.3256092072, 130.756881714, -7.1670923233, 56.9163742065, -31.6919288635, -5.64221000671, -43.7222976685, -32.5335273743, -37.6345062256], [-859.183349609, 118.928123474, 243.354629517, -117.50038147, 120.184036255, -7.1670923233, 112.099220276, -21.1162147522, 61.2842788696, -26.2619495392, 37.0091743469, 11.3086853027, 15.2169971466], [550.627075195, -67.4389877319, -126.723876953, 62.4874343872, -72.6436309814, 56.9163742065, -21.1162147522, 71.4644393921, -21.2935256958, 3.57138347626, -36.9472846985, -24.3308906555, -23.0336875916], [-683.880065918, 51.5239868164, 161.994781494, -83.0704193115, 78.5875244141, -31.6919288635, 61.2842788696, -21.2935256958, 71.6387786865, 7.35432338715, 46.3129081726, 21.3795337677, 22.7836055756], [101.681655884, -84.2277374268, -56.0597686768, 36.141078949, -12.8756637573, -5.64221000671, -26.2619495392, 3.57138347626, 7.35432338715, 50.1229171753, 22.4258174896, 16.0751075745, 6.37190246582], [-622.166931152, 10.3227500916, 110.583656311, -68.032333374, 71.4048690796, -43.7222976685, 37.0091743469, -36.9472846985, 46.3129081726, 22.4258174896, 79.1399536133, 46.699005127, 38.8728523254], [-331.354553223, -6.8679599762, 64.3069000244, -39.3267250061, 34.6784629822, -32.5335273743, 11.3086853027, -24.3308906555, 21.3795337677, 16.0751075745, 46.699005127, 50.3950538635, 34.3666687012], [-320.034698486, 2.10564804077, 31.3075275421, -33.3388519287, 31.2481040955, -37.6345062256, 15.2169971466, -23.0336875916, 22.7836055756, 6.37190246582, 38.8728523254, 34.3666687012, 49.0085258484]],
        "icov": [[0.00565553922206, -0.00713191414252, 0.00709371035919, -0.00723716057837, 0.00736092310399, -0.00565686589107, 0.00663658650592, -0.00936142262071, 0.010275753215, -0.00914120674133, 0.0107243042439, -0.00905147753656, 0.00653781555593], [-0.00713191414252, 0.0137458490208, -0.0100536895916, 0.0111117269844, -0.00789949670434, 0.0102298846468, -0.0110802361742, 0.0127939702943, -0.0110664404929, 0.0144139872864, -0.0125190168619, 0.0139308581129, -0.00740427803248], [0.00709371035919, -0.0100536895916, 0.0125924991444, -0.00594783155248, 0.00515860319138, -0.00973694771528, 0.00981986802071, -0.0105668427423, 0.0100869163871, -0.0119098955765, 0.0159697998315, -0.0151578346267, 0.0107044642791], [-0.00723716057837, 0.0111117269844, -0.00594783155248, 0.023589272052, -0.0158444624394, 0.00718910433352, -0.0025614828337, 0.00794944167137, -0.00841359980404, 0.00553905917332, -0.00756870396435, 0.0147674838081, -0.00889706984162], [0.00736092310399, -0.00789949670434, 0.00515860319138, -0.0158444624394, 0.024473881349, -0.00859233364463, -0.00284830504097, -0.00208977656439, 0.0126448990777, -0.0109641542658, 0.00991032458842, -0.0100458106026, 0.00676385080442], [-0.00565686589107, 0.0102298846468, -0.00973694771528, 0.00718910433352, -0.00859233364463, 0.0253521949053, -0.0120886806399, -0.00434457371011, 0.00130582402926, 0.00764922657982, -0.0101854484528, 0.0132059147581, -0.00239390297793], [0.00663658650592, -0.0110802361742, 0.00981986802071, -0.0025614828337, -0.00284830504097, -0.0120886806399, 0.0523747988045, -0.0217067245394, -0.0104675674811, 0.009277199395, 0.00243835104629, -0.00710771186277, 0.00857757031918], [-0.00936142262071, 0.0127939702943, -0.0105668427423, 0.00794944167137, -0.00208977656439, -0.00434457371011, -0.0217067245394, 0.0557452775538, -0.0263482406735, 0.0114473886788, -0.00809772964567, 0.0120434621349, -0.00984914414585], [0.010275753215, -0.0110664404929, 0.0100869163871, -0.00841359980404, 0.0126448990777, 0.00130582402926, -0.0104675674811, -0.0263482406735, 0.0712196901441, -0.037401791662, 0.0119012175128, -0.00377086363733, 0.00417566578835], [-0.00914120674133, 0.0144139872864, -0.0119098955765, 0.00553905917332, -0.0109641542658, 0.00764922657982, 0.009277199395, 0.0114473886788, -0.037401791662, 0.068193167448, -0.0394993014634, 0.00717294355854, 0.00124952499755], [0.0107243042439, -0.0125190168619, 0.0159697998315, -0.00756870396435, 0.00991032458842, -0.0101854484528, 0.00243835104629, -0.00809772964567, 0.0119012175128, -0.0394993014634, 0.0773830860853, -0.0426595658064, 0.00465376209468], [-0.00905147753656, 0.0139308581129, -0.0151578346267, 0.0147674838081, -0.0100458106026, 0.0132059147581, -0.00710771186277, 0.0120434621349, -0.00377086363733, 0.00717294355854, -0.0426595658064, 0.0800372436643, -0.0370316579938], [0.00653781555593, -0.00740427803248, 0.0107044642791, -0.00889706984162, 0.00676385080442, -0.00239390297793, 0.00857757031918, -0.00984914414585, 0.00417566578835, 0.00124952499755, 0.00465376209468, -0.0370316579938, 0.0572550073266]]
    },
    "melbands": {
        "dmean": [2.19793423639e-06, 5.38080421393e-05, 0.000339058839018, 0.000147211088915, 0.00026878278004, 0.000208794139326, 0.000125650331029, 0.000144394260133, 4.57718888356e-05, 4.72511565022e-05, 5.36541738256e-05, 1.36995513458e-05, 1.30197768158e-05, 2.0374518499e-05, 1.66195004567e-05, 1.23734780573e-05, 1.53967848746e-05, 1.20114409583e-05, 1.32231989483e-05, 1.58536622621e-05, 1.36383387144e-05, 1.5223938135e-05, 1.09933562271e-05, 9.74974591372e-06, 1.31246852106e-05, 1.28833999042e-05, 8.24404560262e-06, 6.55175063002e-06, 5.83563269174e-06, 3.24265465679e-06, 2.60509341388e-06, 1.09822678951e-06, 7.69624705299e-07, 8.37501488604e-07, 6.04258161729e-07, 5.78696472076e-07, 6.55338226352e-07, 7.47521255562e-07, 5.96431675604e-07, 4.13343173022e-07],
        "dmean2": [3.66326412404e-06, 9.09786467673e-05, 0.000572658434976, 0.000248727214057, 0.000429594685556, 0.000314987293677, 0.000216398737393, 0.000235096682445, 7.14531051926e-05, 7.50508188503e-05, 9.53248090809e-05, 1.87496771105e-05, 2.21725731535e-05, 3.54514559149e-05, 2.66534480033e-05, 1.98909692699e-05, 2.32171460084e-05, 2.01408165594e-05, 2.04900934477e-05, 2.34048911807e-05, 2.04518637474e-05, 2.51740493695e-05, 1.81674331543e-05, 1.30056141643e-05, 1.97797944566e-05, 2.123831473e-05, 1.21928451335e-05, 9.00871418708e-06, 8.68819006428e-06, 4.31923035649e-06, 4.12314329878e-06, 1.61779792052e-06, 1.0032318869e-06, 1.21462130664e-06, 8.45926990678e-07, 7.91074228346e-07, 8.89889463451e-07, 1.14193426271e-06, 7.87551414305e-07, 5.67577274069e-07],
        "dvar": [6.02049139709e-12, 6.00062293188e-08, 3.0565522593e-06, 4.80623668864e-07, 6.28415079973e-07, 3.94360682776e-07, 1.26239811493e-07, 1.96294536181e-07, 2.59587782381e-08, 2.59456669482e-08, 4.32766924519e-08, 9.7519770037e-10, 1.90431648228e-09, 4.89439155871e-09, 2.46451947739e-09, 1.06911668407e-09, 1.90150295509e-09, 1.86152659953e-09, 1.82815529381e-09, 4.07492439791e-09, 1.88973547921e-09, 3.26028892772e-09, 1.63717506219e-09, 1.07243158798e-09, 2.31748686907e-09, 3.48543482964e-09, 1.07797837323e-09, 4.5650511149e-10, 4.27742646858e-10, 1.01113249718e-10, 1.03289654607e-10, 1.6802358116e-11, 6.5572499687e-12, 9.61635458763e-12, 3.86999286783e-12, 4.62797595385e-12, 6.07514039075e-12, 8.69488422234e-12, 4.25176864202e-12, 2.09801338628e-12],
        "dvar2": [1.5870475073e-11, 1.53454678298e-07, 7.67460551288e-06, 1.13803264412e-06, 1.59595583682e-06, 6.76775698594e-07, 3.66057520296e-07, 5.74232615236e-07, 6.91735735359e-08, 6.31424654784e-08, 1.14149173669e-07, 1.62858015962e-09, 5.5718509806e-09, 1.46990712935e-08, 6.17900797195e-09, 2.39196062957e-09, 4.51603998641e-09, 3.84276788168e-09, 3.99311250732e-09, 9.61596668958e-09, 3.98984445482e-09, 9.42160571782e-09, 5.17419396218e-09, 2.15384421409e-09, 5.9080167425e-09, 9.71189351162e-09, 2.50903098298e-09, 7.80204678641e-10, 9.5633445607e-10, 1.71737526977e-10, 2.81207973574e-10, 3.40106103003e-11, 1.16996716135e-11, 2.40417512287e-11, 7.76117625029e-12, 7.87085587678e-12, 1.21100447378e-11, 2.33773677499e-11, 8.19743058156e-12, 2.95190868277e-12],
        "max": [2.65656890406e-05, 0.00324591691606, 0.0255961231887, 0.0111274011433, 0.00956689193845, 0.0101544400677, 0.00586373591796, 0.00849911384284, 0.00274713081308, 0.00270272279158, 0.00366009888239, 0.000714502064511, 0.000731870590243, 0.000973748741671, 0.000820203276817, 0.000494565232657, 0.000596140453126, 0.000655768264551, 0.000657806987874, 0.000977851683274, 0.0006091959076, 0.000761425821111, 0.000560060259886, 0.000563191017136, 0.000653001654427, 0.00087836937746, 0.00046766421292, 0.000359281111741, 0.000364032108337, 0.00019390086527, 0.000162049240316, 6.11412979197e-05, 5.12253791385e-05, 5.5052634707e-05, 3.98426891479e-05, 3.6974401155e-05, 3.77532051061e-05, 4.26235492341e-05, 3.35599834216e-05, 2.47837506322e-05],
        "mean": [2.91544733955e-06, 4.48019236501e-05, 0.000354660762241, 0.000284333946183, 0.000376136507839, 0.000371939735487, 0.00023107562447, 0.000268667616183, 8.37642364786e-05, 7.32345870347e-05, 8.33202357171e-05, 3.14470344165e-05, 2.59985845332e-05, 2.89585932478e-05, 2.65373309958e-05, 2.37671356444e-05, 2.31255653489e-05, 2.07304128708e-05, 1.96409419004e-05, 2.37475869653e-05, 2.24405648623e-05, 2.09827358049e-05, 1.73413773155e-05, 1.73431071744e-05, 1.95430966414e-05, 1.91205836018e-05, 1.25886745082e-05, 1.17850195238e-05, 1.0077404113e-05, 7.24904157323e-06, 4.28780049333e-06, 2.30085447583e-06, 1.64108575973e-06, 1.34875801905e-06, 1.34070307922e-06, 1.38787333981e-06, 1.28768010654e-06, 1.29956617911e-06, 1.15630723485e-06, 9.58796931627e-07],
        "median": [1.70557018464e-06, 1.56896544468e-06, 5.43487913092e-05, 9.76862356765e-05, 0.000101502126199, 0.000115374103189, 6.29733476671e-05, 4.07761217502e-05, 1.30533408083e-05, 1.33282355819e-05, 1.27296907522e-05, 6.07750189374e-06, 4.25230336987e-06, 3.30621969624e-06, 3.3534256545e-06, 3.26722715727e-06, 2.73977093457e-06, 2.07353355108e-06, 1.8525017822e-06, 2.23380948228e-06, 1.75725585905e-06, 1.67002008311e-06, 1.19154151434e-06, 1.06257277821e-06, 1.24536961721e-06, 9.96107360152e-07, 6.98228404872e-07, 5.56580403099e-07, 4.40265182533e-07, 2.53035949527e-07, 1.67885232827e-07, 9.3895351938e-08, 5.85517980767e-08, 5.41839639823e-08, 4.55965931678e-08, 4.33753335471e-08, 4.17104146777e-08, 4.02905868668e-08, 3.72510662316e-08, 3.11283869792e-08],
        "min": [1.07189244147e-07, 8.34062561239e-08, 4.07373619282e-07, 1.58943208817e-07, 2.65368189645e-08, 2.21143370283e-08, 5.10297759604e-08, 4.9831353266e-08, 4.80045230233e-08, 3.66579797628e-08, 3.54201397101e-08, 2.45126638987e-08, 3.07114476072e-08, 2.36242794216e-08, 1.64153259874e-08, 2.09513277838e-08, 1.82235488921e-08, 6.8969758793e-09, 1.26674990497e-08, 1.00055972396e-08, 4.93179319605e-09, 5.56493207071e-09, 4.75179895432e-09, 4.56856197317e-09, 4.76755523948e-09, 3.6004743631e-09, 2.70833377947e-09, 2.17785722789e-09, 2.90645729706e-09, 1.90123183863e-09, 1.5415805299e-09, 1.75500713961e-09, 1.17422205292e-09, 1.41105405138e-09, 1.67518021676e-09, 1.37461020344e-09, 1.78242332005e-09, 2.22654517046e-09, 1.49493606383e-09, 1.83990755964e-09],
        "var": [1.17058264124e-11, 5.05482411484e-08, 2.97627639156e-06, 7.45298791571e-07, 8.79435049228e-07, 1.00054955965e-06, 3.29139567157e-07, 6.9359060717e-07, 5.66433158156e-08, 4.63973712783e-08, 7.86239553463e-08, 7.20330595172e-09, 5.68335911666e-09, 8.57681214939e-09, 5.44378497835e-09, 3.87736109886e-09, 4.88442397639e-09, 4.57884397065e-09, 4.37698188804e-09, 6.64958532681e-09, 4.61034233012e-09, 4.99881069871e-09, 3.31467986392e-09, 3.3474660821e-09, 4.4147161482e-09, 4.78182293762e-09, 1.93994575959e-09, 1.53025170313e-09, 1.30009381039e-09, 6.22332685385e-10, 2.24919957659e-10, 5.87087253812e-11, 3.22207850678e-11, 2.31964100705e-11, 2.22245919584e-11, 2.54871210942e-11, 2.10026804975e-11, 2.30783274435e-11, 1.7261659116e-11, 1.19140105767e-11]
    },
    "mfcc": {
        "mean": [-739.261962891, 115.556617737, -7.5969748497, 10.0421476364, -9.57576942444, -20.1794986725, -13.2846651077, -18.9697208405, -15.1880760193, -10.0964479446, -11.2443161011, -5.9757194519, -7.05296373367],
        "cov": [[14861.4667969, -2747.98095703, -1892.6463623, 92.7925415039, -771.879699707, -521.101013184, -365.637237549, -280.75302124, -80.10887146, -104.660011292, -229.505203247, -135.070983887, -257.93536377], [-2747.98095703, 1026.37536621, 488.335754395, -80.4094238281, 78.0592575073, 56.6314201355, 61.358505249, 83.3656539917, 20.5611171722, 3.79397153854, 20.809835434, -3.70113682747, 26.7204818726], [-1892.6463623, 488.335754395, 491.482055664, -69.8676223755, 116.245887756, 76.5607681274, 65.128112793, 65.5836334229, 28.0395736694, 18.1163349152, 32.6557388306, 6.12293863297, 7.37445306778], [92.7925415039, -80.4094238281, -69.8676223755, 110.713920593, 28.4295654297, 9.24644851685, -13.0213470459, -29.4789218903, -8.6846446991, -7.46918201447, -3.85062980652, 1.19958031178, 4.48598003387], [-771.879699707, 78.0592575073, 116.245887756, 28.4295654297, 120.457061768, 69.233039856, 46.0105819702, 16.9587306976, 10.4837961197, 10.0586585999, 16.6538200378, 8.30439949036, 8.81751918793], [-521.101013184, 56.6314201355, 76.5607681274, 9.24644851685, 69.233039856, 71.2096939087, 38.3412132263, 18.0884075165, 8.33025169373, 10.6691465378, 15.4441251755, 6.98740005493, 4.7438788414], [-365.637237549, 61.358505249, 65.128112793, -13.0213470459, 46.0105819702, 38.3412132263, 57.9355697632, 36.2620048523, 15.1486387253, 12.3840703964, 10.7468299866, 2.04402947426, -1.29219686985], [-280.75302124, 83.3656539917, 65.5836334229, -29.4789218903, 16.9587306976, 18.0884075165, 36.2620048523, 59.0044174194, 25.9208965302, 16.20495224, 8.63021659851, -1.49050247669, -6.7183098793], [-80.10887146, 20.5611171722, 28.0395736694, -8.6846446991, 10.4837961197, 8.33025169373, 15.1486387253, 25.9208965302, 34.5367164612, 17.6266040802, 7.99938249588, -2.35340929031, -5.14696502686], [-104.660011292, 3.79397153854, 18.1163349152, -7.46918201447, 10.0586585999, 10.6691465378, 12.3840703964, 16.20495224, 17.6266040802, 36.3289299011, 18.4607486725, 1.64087951183, -3.11002755165], [-229.505203247, 20.809835434, 32.6557388306, -3.85062980652, 16.6538200378, 15.4441251755, 10.7468299866, 8.63021659851, 7.99938249588, 18.4607486725, 31.4690608978, 13.9767055511, 7.29480171204], [-135.070983887, -3.70113682747, 6.12293863297, 1.19958031178, 8.30439949036, 6.98740005493, 2.04402947426, -1.49050247669, -2.35340929031, 1.64087951183, 13.9767055511, 32.1236953735, 22.5197410583], [-257.93536377, 26.7204818726, 7.37445306778, 4.48598003387, 8.81751918793, 4.7438788414, -1.29219686985, -6.7183098793, -5.14696502686, -3.11002755165, 7.29480171204, 22.5197410583, 42.4972915649]],
