{
"lowlevel": {
    "average_loudness": 0.789148032665,
    "barkbands_crest": {
        "dmean": 3.5766055584,
        "dmean2": 6.39905881882,
        "dvar": 8.89830875397,
        "dvar2": 23.8811283112,
        "max": 26.7103157043,
        "mean": 12.6333942413,
        "median": 10.5236110687,
        "min": 3.71696472168,
        "var": 40.1905555725
    },
    "barkbands_flatness_db": {
        "dmean": 0.0358085371554,
        "dmean2": 0.0582006424665,
        "dvar": 0.00161041610409,
        "dvar2": 0.00423338962719,
        "max": 0.533556759357,
        "mean": 0.200746193528,
        "median": 0.171856850386,
        "min": 0.0859584510326,
        "var": 0.0100280623883
    },
    "barkbands_kurtosis": {
        "dmean": 73.027923584,
        "dmean2": 127.551139832,
        "dvar": 49071.0507812,
        "dvar2": 165335.421875,
        "max": 1464.76098633,
        "mean": 72.52368927,
        "median": 8.93136692047,
        "min": -1.65823626518,
        "var": 52149.15625
    },
    "barkbands_skewness": {
        "dmean": 2.12075209618,
        "dmean2": 3.59189486504,
        "dvar": 21.2338027954,
        "dvar2": 68.526008606,
        "max": 36.2345237732,
        "mean": 3.75067210197,
        "median": 1.44745981693,
        "min": -0.45167735219,
        "var": 47.3056602478
    },
    "barkbands_spread": {
        "dmean": 4.62872982025,
        "dmean2": 6.40066003799,
        "dvar": 80.9063873291,
        "dvar2": 69.1503448486,
        "max": 124.154319763,
        "mean": 12.3770341873,
        "median": 8.93931484222,
        "min": 0.38418969512,
        "var": 205.807678223
    },
    "dissonance": {
        "dmean": 0.0273607801646,
        "dmean2": 0.0463323257864,
        "dvar": 0.00126556155737,
        "dvar2": 0.00262208259664,
        "max": 0.499831140041,
        "mean": 0.464439243078,
        "median": 0.471675306559,
        "min": 0.24748429656,
        "var": 0.00136898190249
    },
    "dynamic_complexity": 17.0857639313,
    "erbbands_crest": {
        "dmean": 3.17049241066,
        "dmean2": 5.53390026093,
        "dvar": 9.73335075378,
        "dvar2": 24.3133125305,
        "max": 29.8913955688,
        "mean": 12.0510482788,
        "median": 10.2604732513,
        "min": 4.11548757553,
        "var": 38.3357543945
    },
    "erbbands_flatness_db": {
        "dmean": 0.023717476055,
        "dmean2": 0.0366729050875,
        "dvar": 0.000520576199051,
        "dvar2": 0.00112581741996,
        "max": 0.401561677456,
        "mean": 0.209729850292,
        "median": 0.203948929906,
        "min": 0.0276417117566,
        "var": 0.00561871007085
    },
    "erbbands_kurtosis": {
        "dmean": 3.40631914139,
        "dmean2": 5.63988208771,
        "dvar": 39.8092575073,
        "dvar2": 88.7333984375,
        "max": 40.9299697876,
        "mean": 5.37326717377,
        "median": 2.05197286606,
        "min": -1.66015577316,
        "var": 90.2763290405
    },
    "erbbands_skewness": {
        "dmean": 0.534441828728,
        "dmean2": 0.850982189178,
        "dvar": 0.329990237951,
        "dvar2": 0.673058271408,
        "max": 5.99409914017,
        "mean": 1.16049110889,
        "median": 0.880968928337,
        "min": -1.1915409565,
        "var": 1.32844591141
    },
    "erbbands_spread": {
        "dmean": 6.93021202087,
        "dmean2": 10.7882232666,
        "dvar": 94.2733840942,
        "dvar2": 236.411056519,
        "max": 102.543998718,
        "mean": 24.0063228607,
        "median": 14.4189577103,
        "min": 1.08240497112,
        "var": 524.877868652
    },
    "hfc": {
        "dmean": 4.72738933563,
        "dmean2": 8.22191905975,
        "dvar": 296.490081787,
        "dvar2": 813.701477051,
        "max": 153.911056519,
        "mean": 7.15847444534,
        "median": 0.0752647593617,
        "min": 0.000544848619029,
        "var": 345.640991211
    },
    "melbands_crest": {
        "dmean": 3.97561502457,
        "dmean2": 6.88470983505,
        "dvar": 15.5478048325,
        "dvar2": 36.8998641968,
        "max": 39.5676956177,
        "mean": 16.6994590759,
        "median": 13.4616861343,
        "min": 5.5009059906,
        "var": 85.9179077148
    },
    "melbands_flatness_db": {
        "dmean": 0.0338386781514,
        "dmean2": 0.0545239038765,
        "dvar": 0.00104406219907,
        "dvar2": 0.00232660095207,
        "max": 0.547621130943,
        "mean": 0.275601357222,
        "median": 0.258378893137,
        "min": 0.122273951769,
        "var": 0.00830396544188
    },
    "melbands_kurtosis": {
        "dmean": 48.1244735718,
        "dmean2": 88.5401306152,
        "dvar": 24227.5898438,
        "dvar2": 66200.703125,
        "max": 1315.09350586,
        "mean": 61.9530067444,
        "median": 5.42995071411,
        "min": -1.06923770905,
        "var": 41004.1875
    },
    "melbands_skewness": {
        "dmean": 1.39090204239,
        "dmean2": 2.38006639481,
        "dvar": 7.59791517258,
        "dvar2": 20.3706970215,
        "max": 28.3743515015,
        "mean": 2.84649562836,
        "median": 1.3526673317,
        "min": -1.49390208721,
        "var": 24.343624115
    },
    "melbands_spread": {
        "dmean": 3.96127772331,
        "dmean2": 6.10379648209,
        "dvar": 22.452287674,
        "dvar2": 48.7459182739,
        "max": 51.9624519348,
        "mean": 11.2645454407,
        "median": 9.58704662323,
        "min": 0.242139086127,
        "var": 94.8143234253
    },
    "pitch_salience": {
        "dmean": 0.099200040102,
        "dmean2": 0.177453815937,
        "dvar": 0.0088353343308,
        "dvar2": 0.0224745497108,
        "max": 0.874753773212,
        "mean": 0.541786074638,
        "median": 0.603494822979,
        "min": 0.0298141073436,
        "var": 0.0370502322912
    },
    "silence_rate_20dB": {
        "dmean": 0,
        "dmean2": 0,
        "dvar": 0,
        "dvar2": 0,
        "max": 1,
        "mean": 1,
        "median": 1,
        "min": 1,
        "var": 0
    },
    "silence_rate_30dB": {
        "dmean": 0,
        "dmean2": 0,
        "dvar": 0,
        "dvar2": 0,
        "max": 1,
        "mean": 1,
        "median": 1,
        "min": 1,
        "var": 0
    },
    "silence_rate_60dB": {
        "dmean": 0.0166666675359,
        "dmean2": 0.0336134470999,
        "dvar": 0.0163888726383,
        "dvar2": 0.0324835851789,
        "max": 1,
        "mean": 0.760330557823,
        "median": 1,
        "min": 0,
        "var": 0.18222810328
    },
    "spectral_centroid": {
        "dmean": 142.97467041,
        "dmean2": 224.528518677,
        "dvar": 34533.5703125,
        "dvar2": 74798.671875,
        "max": 2178.51928711,
        "mean": 823.403259277,
        "median": 719.820251465,
        "min": 273.161560059,
        "var": 140728.53125
    },
    "spectral_complexity": {
        "dmean": 1.10000002384,
        "dmean2": 1.96638655663,
        "dvar": 7.84001111984,
        "dvar2": 13.6459407806,
        "max": 33,
        "mean": 4.89256191254,
        "median": 0,
        "min": 0,
        "var": 58.3768119812
    },
    "spectral_decrease": {
        "dmean": 1.27752286527e-09,
        "dmean2": 2.26708429807e-09,
        "dvar": 1.73198302661e-17,
        "dvar2": 4.7249880078e-17,
        "max": -4.15865462184e-14,
        "mean": -2.0737731532e-09,
        "median": -4.65079051659e-11,
        "min": -3.62916168228e-08,
        "var": 2.4659544462e-17
    },
    "spectral_energy": {
        "dmean": 0.00523987598717,
        "dmean2": 0.00929785333574,
        "dvar": 0.000297818914987,
        "dvar2": 0.000812737620436,
        "max": 0.15093280375,
        "mean": 0.00847617443651,
        "median": 0.000190476494026,
        "min": 3.83857269526e-07,
        "var": 0.0004167498264
    },
    "spectral_energyband_high": {
        "dmean": 3.64277912013e-05,
        "dmean2": 5.65757800359e-05,
        "dvar": 2.64671875527e-08,
        "dvar2": 6.8175957324e-08,
        "max": 0.00154266715981,
        "mean": 3.95173483412e-05,
        "median": 6.28964642146e-07,
        "min": 1.25368542214e-08,
        "var": 2.30237073851e-08
    },
    "spectral_energyband_low": {
        "dmean": 6.18212798145e-05,
        "dmean2": 9.47144726524e-05,
        "dvar": 6.23211562356e-08,
        "dvar2": 9.71322506871e-08,
        "max": 0.00261131138541,
        "mean": 0.000104095968709,
        "median": 5.41297049494e-06,
        "min": 4.17262704389e-08,
        "var": 1.21424818644e-07
    },
    "spectral_energyband_middle_high": {
        "dmean": 0.0019688019529,
        "dmean2": 0.00326947052963,
        "dvar": 2.82486853393e-05,
        "dvar2": 5.80234227527e-05,
        "max": 0.0380004122853,
        "mean": 0.00392218120396,
        "median": 1.97368754016e-05,
        "min": 3.06797716121e-08,
        "var": 7.73315841798e-05
    },
    "spectral_energyband_middle_low": {
        "dmean": 0.0042517753318,
        "dmean2": 0.00773834111169,
        "dvar": 0.000191797764273,
        "dvar2": 0.000553507532459,
        "max": 0.110985398293,
        "mean": 0.00566925248131,
        "median": 8.19450724521e-05,
        "min": 1.70968476709e-07,
        "var": 0.000209518591873
    },
    "spectral_entropy": {
        "dmean": 0.224647834897,
        "dmean2": 0.329341411591,
        "dvar": 0.0378551259637,
        "dvar2": 0.0703206211329,
        "max": 8.373960495,
        "mean": 7.06487798691,
        "median": 7.02647542953,
        "min": 6.01102876663,
        "var": 0.236316978931
    },
    "spectral_flux": {
        "dmean": 0.0127545725554,
        "dmean2": 0.0195692852139,
        "dvar": 0.000906098575797,
        "dvar2": 0.00188870576676,
        "max": 0.327900320292,
        "mean": 0.0320856012404,
        "median": 0.00785003043711,
        "min": 0.000891175877769,
        "var": 0.00270555354655
    },
    "spectral_kurtosis": {
        "dmean": 3.01445531845,
        "dmean2": 4.76116991043,
        "dvar": 10.448849678,
        "dvar2": 29.0015583038,
        "max": 34.0191001892,
        "mean": 14.2086181641,
        "median": 13.5216121674,
        "min": 0.945941448212,
        "var": 72.268409729
    },
    "spectral_rms": {
        "dmean": 0.000496109074447,
        "dmean2": 0.000832925899886,
        "dvar": 1.33767730404e-06,
        "dvar2": 3.15910619975e-06,
        "max": 0.0121347233653,
        "mean": 0.0016313403612,
        "median": 0.000431080872659,
        "min": 1.93518717424e-05,
        "var": 5.6081639741e-06
    },
    "spectral_rolloff": {
        "dmean": 523.795227051,
        "dmean2": 747.690917969,
        "dvar": 3780852,
        "dvar2": 4300767,
        "max": 20628.8085938,
        "mean": 1279.71289062,
        "median": 904.39453125,
        "min": 21.533203125,
        "var": 4230258
    },
    "spectral_skewness": {
        "dmean": 0.3226595819,
        "dmean2": 0.49334564805,
        "dvar": 0.0879747644067,
        "dvar2": 0.239336013794,
        "max": 4.89849948883,
        "mean": 2.98224878311,
        "median": 2.97761702538,
        "min": 1.07790505886,
        "var": 0.944317877293
    },
    "spectral_spread": {
        "dmean": 677402.9375,
        "dmean2": 917465.0625,
        "dvar": 1.76434656051e+12,
        "dvar2": 1.83042926182e+12,
        "max": 20142566,
        "mean": 4930037.5,
        "median": 3614459,
        "min": 2021664.75,
        "var": 9.46971711898e+12
    },
    "spectral_strongpeak": {
        "dmean": 0.279222279787,
        "dmean2": 0.424136400223,
        "dvar": 0.268318235874,
        "dvar2": 0.542959988117,
        "max": 6.01299667358,
        "mean": 0.627692341805,
        "median": 0.072865255177,
        "min": 0,
        "var": 1.43037593365
    },
    "zerocrossingrate": {
        "dmean": 0.010473633185,
        "dmean2": 0.0130030531436,
        "dvar": 0.000257348554442,
        "dvar2": 0.000428656028816,
        "max": 0.2333984375,
        "mean": 0.0617615245283,
        "median": 0.05615234375,
        "min": 0,
        "var": 0.00132321193814
    },
    "barkbands": {
        "dmean": [6.13513984717e-05, 4.20921821842e-07, 1.11694407678e-05, 6.33569870843e-05, 0.000222196104005, 0.00162918842398, 0.000257417239482, 0.000101237455965, 0.00115132692736, 0.00176687899511, 0.000207840217627, 0.000287341128569, 0.000234367849771, 6.86719213263e-05, 1.12742482088e-05, 2.88650371658e-05, 2.70159252977e-05, 6.19337788521e-06, 0.000141393364174, 0.000281117652776, 3.13027680932e-06, 2.02233854907e-06, 8.22443325887e-06, 8.93544165592e-06, 5.28172540726e-06, 1.05884600998e-06, 1.29997019371e-07],
        "dmean2": [0.000110898981802, 6.37089783595e-07, 1.65595993167e-05, 8.45229151309e-05, 0.000419157324359, 0.00321149593219, 0.000435513444245, 0.000179074253538, 0.00220343819819, 0.00302625517361, 0.000336834229529, 0.000454377819551, 0.000315029144986, 0.000127827079268, 1.82983494597e-05, 4.36820773757e-05, 3.60038029612e-05, 8.73767112353e-06, 0.000261509849224, 0.00054131320212, 4.68034477308e-06, 2.98814097732e-06, 1.51133654072e-05, 1.19415462905e-05, 9.42388305702e-06, 1.81520636033e-06, 2.06256387969e-07],
        "dvar": [2.19940670121e-08, 6.77760690453e-13, 3.31752358917e-09, 7.42553396549e-08, 2.01637544706e-06, 9.30665846681e-05, 8.58833516304e-07, 7.60295435498e-08, 1.63037129823e-05, 2.70207165158e-05, 4.22842276748e-07, 8.10934864148e-07, 1.04499804365e-06, 3.2435785613e-08, 1.13637588228e-09, 5.35492805653e-09, 1.09600204468e-08, 3.48967910124e-10, 9.41118742048e-07, 4.0430959416e-06, 1.57933846556e-10, 4.91803646419e-11, 2.43183539972e-09, 7.74559583139e-10, 8.17722722868e-10, 1.7024884974e-11, 1.06998245442e-13],
        "dvar2": [7.52680691107e-08, 1.44008893352e-12, 5.25832444254e-09, 1.01580795331e-07, 5.87011300013e-06, 0.000284422218101, 1.67201676504e-06, 2.13964469253e-07, 5.11482721777e-05, 5.38849853911e-05, 9.28904967168e-07, 1.76434343757e-06, 1.59298531344e-06, 9.67448627875e-08, 2.76117839704e-09, 1.19457093106e-08, 2.26776784018e-08, 6.11447059651e-10, 2.70815598924e-06, 1.20275954032e-05, 2.93862711942e-10, 9.97945961978e-11, 7.11512093687e-09, 1.48094414509e-09, 2.32013896984e-09, 4.57780341412e-11, 2.62360229028e-13],
        "max": [0.00104573532008, 8.14001396066e-06, 0.000589538714848, 0.00309004355222, 0.0126053364947, 0.0822347775102, 0.0100586852059, 0.00213517365046, 0.0298289638013, 0.0373840667307, 0.0063611692749, 0.0100698303431, 0.0118474345654, 0.00133374589495, 0.000271779135801, 0.000762849638704, 0.001188869006, 0.000192940744455, 0.00821502879262, 0.0163821298629, 0.000123235935462, 6.62519960315e-05, 0.000408620748203, 0.000263774913037, 0.000248207594268, 3.47696841345e-05, 3.59504633707e-06],
        "mean": [5.91578354943e-05, 1.102251872e-06, 2.07673892874e-05, 9.34269555728e-05, 0.000179949303856, 0.00125820480753, 0.000820869463496, 0.000148955747136, 0.00121664698236, 0.00310393888503, 0.00030199799221, 0.000481647672132, 0.000310807256028, 8.92292664503e-05, 1.61042244144e-05, 4.10643369833e-05, 3.08026028506e-05, 1.06975958261e-05, 9.23879488255e-05, 0.000168355065398, 4.13524458054e-06, 2.55680720329e-06, 5.92562264501e-06, 1.11229992399e-05, 4.51194682682e-06, 1.07907146685e-06, 5.01840872857e-07],
        "median": [4.88037539981e-06, 2.42675383788e-07, 5.1158832548e-07, 1.53486689669e-06, 2.71858198175e-06, 4.37971357314e-05, 1.42840981425e-05, 6.53222559777e-06, 1.02806225186e-05, 6.10883853369e-06, 3.89288788938e-06, 3.62216701433e-06, 1.35618597596e-06, 9.67529558693e-07, 3.30639750246e-07, 1.7029076389e-06, 2.01452991178e-07, 7.58765423825e-08, 1.09343154975e-07, 9.94311761815e-08, 3.44845290101e-08, 1.95124485458e-08, 2.671333732e-08, 7.43942010217e-08, 3.16261434818e-08, 3.90709615772e-08, 4.30269466278e-07],
        "min": [6.07027228483e-09, 1.01037302969e-08, 1.07682662787e-08, 5.14047382438e-09, 2.24156266881e-08, 1.10123066221e-08, 4.43839187625e-09, 2.77632650203e-09, 3.84910814333e-09, 4.42961400893e-09, 1.73652725532e-09, 1.44151390824e-09, 2.76871547911e-09, 1.2079142131e-09, 1.20820387028e-09, 8.67081961786e-10, 5.79799597222e-10, 6.69839128609e-10, 8.27234669654e-10, 4.31022911807e-10, 2.46256903758e-10, 4.44211750716e-10, 3.62880225868e-10, 4.49931564228e-10, 4.42093583963e-10, 7.4781647541e-10, 1.06854667337e-08],
        "var": [2.33134969108e-08, 4.21781793519e-12, 6.53794085537e-09, 1.53007945869e-07, 1.38920574955e-06, 6.10666029388e-05, 4.46155536338e-06, 1.04167170889e-07, 1.53825913003e-05, 6.72342430335e-05, 8.26142979804e-07, 2.10534858525e-06, 2.03467789106e-06, 4.37916689577e-08, 1.84184734131e-09, 9.77051151096e-09, 1.5567874101e-08, 9.55467927e-10, 5.62983814234e-07, 2.21152504309e-06, 2.4507273988e-10, 6.6977243196e-11, 1.38401790029e-09, 1.17271481415e-09, 5.2410470408e-10, 1.34297937354e-11, 1.13075916902e-13]
    },
    "erbbands": {
        "dmean": [0.000134182628244, 0.000144877369166, 0.00845740176737, 0.138415530324, 0.216648846865, 1.07525622845, 11.0609006882, 9.03758716583, 2.00549435616, 6.06653118134, 1.60751128197, 14.8687372208, 85.8218154907, 12.8487911224, 8.68870067596, 11.8728971481, 8.96952819824, 3.49894428253, 0.894030213356, 0.884354174137, 1.44317805767, 1.72221767902, 0.349076151848, 1.57736742496, 21.296869278, 6.09307432175, 0.400368094444, 0.0991544872522, 0.0780092477798, 0.0865767449141, 0.235060289502, 0.220651298761, 0.158871635795, 0.0718233957887, 0.0176621247083, 0.00920993089676, 0.000604997738265, 0.000113999041787, 2.42409842031e-05, 7.79911533755e-06],
        "dmean2": [0.000234008446569, 0.000196156019229, 0.0123329609632, 0.198689743876, 0.358879476786, 1.90157711506, 21.988702774, 17.3468742371, 3.05679106712, 10.8986244202, 2.83824896812, 26.1039829254, 140.367416382, 20.7984428406, 13.6345319748, 14.6299276352, 12.779706955, 6.09280729294, 1.49918806553, 1.46874010563, 1.88651537895, 2.52029895782, 0.432133674622, 2.37504458427, 41.0303878784, 11.4291753769, 0.670459389687, 0.160680919886, 0.118300937116, 0.136269897223, 0.431259006262, 0.345340132713, 0.225901260972, 0.124290630221, 0.0301980823278, 0.0156013173983, 0.00100685434882, 0.000181813564268, 3.75410090783e-05, 1.35569398481e-05],
        "dvar": [8.73225900477e-08, 3.02038159816e-07, 0.00179846095853, 0.430384516716, 1.23006427288, 50.0686645508, 4369.09130859, 2761.63549805, 30.1758441925, 446.983337402, 18.2142944336, 2124.64868164, 62616.7734375, 1059.9987793, 741.685424805, 1836.78173828, 1494.09875488, 102.80128479, 5.75126123428, 5.05840492249, 13.1697263718, 55.4124755859, 1.36227345467, 63.4896240234, 23620.1640625, 1789.38647461, 3.94050693512, 0.200056761503, 0.078817859292, 0.113047130406, 2.05770301819, 0.830861210823, 0.300374865532, 0.142364546657, 0.00667495746166, 0.00133804068901, 3.98204156227e-06, 1.81463221338e-07, 5.08698017043e-09, 5.57372648036e-10],
        "dvar2": [2.77615100686e-07, 3.90446786014e-07, 0.00273569952697, 0.638751268387, 3.01279211044, 142.198730469, 13613.0830078, 8200.6875, 55.9546051025, 1023.84313965, 38.9185447693, 6079.35595703, 151331.6875, 1961.41442871, 1736.26855469, 3000.7734375, 2138.17553711, 284.902587891, 12.9323406219, 11.293885231, 22.5738124847, 129.554763794, 2.47944498062, 153.815307617, 70019.6953125, 5246.21582031, 11.0388708115, 0.334814667702, 0.164778187871, 0.302613288164, 6.00538301468, 2.20002198219, 0.571280539036, 0.397715777159, 0.0179132129997, 0.0036080183927, 1.00630822999e-05, 4.61129104679e-07, 1.29832997686e-08, 1.52578460977e-09],
        "max": [0.00296789873391, 0.00649214256555, 0.443512648344, 6.95598268509, 11.7983226776, 63.0904312134, 550.154968262, 462.750152588, 65.5659332275, 207.375274658, 38.6820487976, 417.018890381, 1929.03015137, 324.301818848, 214.433074951, 554.437011719, 437.209503174, 79.0866241455, 18.4588241577, 18.4556941986, 43.3550262451, 78.2021408081, 12.939002037, 78.9574279785, 1253.21228027, 351.944610596, 17.9816112518, 4.21600437164, 2.68020892143, 3.04901099205, 11.9275770187, 8.21108627319, 5.27085351944, 3.34127521515, 0.728597044945, 0.309948116541, 0.0174193195999, 0.00413136230782, 0.000714724999852, 0.000222664137254],
        "mean": [0.0002365950495, 0.000270206655841, 0.0151990046725, 0.221903145313, 0.249758273363, 0.829132199287, 7.64541435242, 8.00215625763, 6.04232692719, 15.042798996, 3.7374329567, 19.3493919373, 127.912216187, 28.4206695557, 14.0693359375, 20.0380115509, 13.0768375397, 5.09191036224, 1.83603036404, 1.26540732384, 2.18710160255, 1.79819095135, 0.614974498749, 1.62464869022, 12.4444007874, 3.90448665619, 0.394570887089, 0.144841685891, 0.0979681462049, 0.091584905982, 0.165373638272, 0.218298107386, 0.193414792418, 0.0639994442463, 0.0176534429193, 0.00909529440105, 0.00071192503674, 0.000182785719517, 6.67262938805e-05, 1.89928705367e-05],
        "median": [3.37366109306e-05, 3.69583467545e-05, 0.000367689033737, 0.00391839724034, 0.00464066071436, 0.0101532386616, 0.087674215436, 0.393578708172, 0.254874140024, 0.217539712787, 0.126381620765, 0.183610901237, 0.362765997648, 0.146683692932, 0.180393666029, 0.119645491242, 0.0657810792327, 0.0536582022905, 0.0261569004506, 0.0612552575767, 0.0648686587811, 0.0152365081012, 0.00573740014806, 0.00608734367415, 0.00460069533437, 0.00313713680953, 0.00207673059776, 0.00131202244665, 0.000701877230313, 0.00062081211945, 0.000893557909876, 0.00109860138036, 0.00168649130501, 0.00038839908666, 0.000201292088605, 0.000130077474751, 7.05978818587e-05, 8.01970891189e-05, 4.6344310249e-05, 8.94634013093e-06],
        "min": [3.1502545994e-07, 2.39712426264e-06, 1.5334575437e-05, 2.27892269322e-05, 5.82939719607e-05, 4.39142240793e-05, 0.000162776137586, 8.68581992108e-05, 0.000115076516522, 5.25554387423e-05, 0.00010186311556, 7.68662503106e-05, 0.000139261348522, 0.000121349316032, 5.76143393118e-05, 6.39702120679e-05, 0.000103013822809, 7.15723654139e-05, 0.000114509428386, 6.88541695126e-05, 4.50575498689e-05, 3.58094694093e-05, 4.00645258196e-05, 3.34228534484e-05, 4.18728523073e-05, 1.89466209122e-05, 1.52051279656e-05, 9.99934673018e-06, 1.27807625177e-05, 1.95253069251e-05, 6.88253385306e-06, 7.37035179554e-06, 8.14753457234e-06, 3.89398155676e-06, 3.54535268343e-06, 2.01684770218e-06, 1.54395956997e-06, 1.75365232735e-06, 1.2418975075e-06, 2.16655948293e-07],
        "var": [2.55012849948e-07, 7.35383025585e-07, 0.00360476528294, 0.843231797218, 1.55131900311, 34.5472946167, 2773.58447266, 1911.38696289, 139.791748047, 1789.95532227, 58.742855072, 3031.58056641, 118010.015625, 4281.19873047, 1377.58325195, 4859.61083984, 3154.70019531, 164.447784424, 14.7725811005, 8.29885196686, 32.5731163025, 61.4445228577, 3.6198694706, 61.6856231689, 12937.8867188, 1028.21398926, 3.01838803291, 0.309372276068, 0.10633701086, 0.0923623517156, 1.17828249931, 0.689432561398, 0.41345050931, 0.0960299670696, 0.00504360720515, 0.00103965145536, 3.82494727091e-06, 1.61019215739e-07, 5.00020957972e-09, 7.1285288783e-10]
    },
    "gfcc": {
        "mean": [-259.433319092, 75.2258987427, -100.215065002, -40.7172813416, -67.7355499268, -12.0378398895, -32.8151702881, -1.64938831329, -20.0446834564, -6.00817298889, -0.820982098579, -3.09076738358, 0.920966386795],
        "cov": [[22180.2597656, 968.30078125, -7085.66943359, -683.58404541, -3127.8059082, 479.117340088, -1430.04675293, 740.867004395, -687.594848633, -117.174362183, -540.550415039, -1122.18896484, -411.483459473], [968.30078125, 915.704956055, -462.491790771, -615.288391113, -150.699310303, -81.5545883179, 218.030685425, -66.1887588501, -229.850143433, -169.023544312, 51.393661499, -78.5472183228, -185.697036743], [-7085.66943359, -462.491790771, 2703.0546875, 603.565612793, 1113.41882324, -84.9810333252, 504.18069458, -261.689758301, 122.593963623, 31.6936016083, 199.80241394, 402.764190674, 149.164749146], [-683.58404541, -615.288391113, 603.565612793, 898.049987793, 358.957092285, 75.7350921631, -140.909042358, -7.7561674118, 129.792434692, 91.1210479736, -5.58005237579, 51.3751678467, 143.01234436], [-3127.8059082, -150.699310303, 1113.41882324, 358.957092285, 636.188110352, -51.9955101013, 166.270401001, -137.666107178, 113.096832275, 15.5513296127, 81.3218994141, 161.998596191, 81.9271011353], [479.117340088, -81.5545883179, -84.9810333252, 75.7350921631, -51.9955101013, 116.781303406, 41.3438339233, 52.604347229, -6.58221387863, 0.19988155365, -38.3852653503, -19.8790626526, -3.98947644234], [-1430.04675293, 218.030685425, 504.18069458, -140.909042358, 166.270401001, 41.3438339233, 415.589172363, -22.5738315582, -76.0828018188, -77.7546920776, 63.0449371338, 72.2559509277, -71.772315979], [740.867004395, -66.1887588501, -261.689758301, -7.7561674118, -137.666107178, 52.604347229, -22.5738315582, 90.8924179077, 31.3223896027, 17.2140712738, -35.8562965393, -35.6385726929, 4.52161550522], [-687.594848633, -229.850143433, 122.593963623, 129.792434692, 113.096832275, -6.58221387863, -76.0828018188, 31.3223896027, 193.415847778, 69.2175140381, -27.7467880249, 17.1716709137, 89.7551269531], [-117.174362183, -169.023544312, 31.6936016083, 91.1210479736, 15.5513296127, 0.19988155365, -77.7546920776, 17.2140712738, 69.2175140381, 66.1081695557, 3.50704288483, 13.3240938187, 46.7097358704], [-540.550415039, 51.393661499, 199.80241394, -5.58005237579, 81.3218994141, -38.3852653503, 63.0449371338, -35.8562965393, -27.7467880249, 3.50704288483, 76.8161697388, 48.4415130615, -3.33122873306], [-1122.18896484, -78.5472183228, 402.764190674, 51.3751678467, 161.998596191, -19.8790626526, 72.2559509277, -35.6385726929, 17.1716709137, 13.3240938187, 48.4415130615, 99.9987869263, 35.8871650696], [-411.483459473, -185.697036743, 149.164749146, 143.01234436, 81.9271011353, -3.98947644234, -71.772315979, 4.52161550522, 89.7551269531, 46.7097358704, -3.33122873306, 35.8871650696, 109.4298172]],
        "icov": [[0.00192607939243, -0.00289524137042, 0.00300901592709, -0.00371200195514, 0.00361146917567, -0.002808944555, 0.00220775045455, -0.00274328631349, 0.00422611134127, -0.00173630751669, 0.00104149221443, -0.000617001147475, -0.000656948192045], [-0.00289524137042, 0.01225741487, -0.00182195706293, 0.00912949070334, -0.0106407376006, 0.00677326321602, -0.00598281342536, 0.00557914189994, -0.00281776650809, 0.0105433799326, -0.00713400123641, 0.00731723289937, -0.000281515240204], [0.00300901592709, -0.00182195706293, 0.0092963911593, -0.00671805907041, 0.0029477996286, -0.000384163955459, -0.00270446692593, 0.00201965519227, 0.00776218157262, -0.00460115587339, 0.0041585364379, -0.00580707378685, -0.00211916468106], [-0.00371200195514, 0.00912949070334, -0.00671805907041, 0.0136031778529, -0.0136623382568, 0.00142878561746, 0.000550690456294, -0.00209556566551, -0.00317360530607, 0.00785752758384, -0.00830150116235, 0.0106869768351, -0.000866057816893], [0.00361146917567, -0.0106407376006, 0.0029477996286, -0.0136623382568, 0.0239573586732, -0.00665833475068, 0.00150315021165, 0.0102467220277, -0.00608918815851, -0.0026545333676, 0.00388615508564, -0.0113503038883, 0.00171176809818], [-0.002808944555, 0.00677326321602, -0.000384163955459, 0.00142878561746, -0.00665833475068, 0.0303110778332, -0.015752049163, 0.00111400685273, 0.00183557288256, -0.00795457325876, 0.0152846947312, -0.00296451058239, -0.00137216458097], [0.00220775045455, -0.00598281342536, -0.00270446692593, 0.000550690456294, 0.00150315021165, -0.015752049163, 0.0207674782723, -0.0196773931384, 0.00451954407617, 0.0106682833284, -0.0108145643026, 0.00482150213793, 0.00367915560491], [-0.00274328631349, 0.00557914189994, 0.00201965519227, -0.00209556566551, 0.0102467220277, 0.00111400685273, -0.0196773931384, 0.0584911108017, -0.0240117423236, -0.0030537606217, 0.00441559543833, -0.0129445716739, 0.00156180281192], [0.00422611134127, -0.00281776650809, 0.00776218157262, -0.00317360530607, -0.00608918815851, 0.00183557288256, 0.00451954407617, -0.0240117423236, 0.0357531942427, -0.0182599574327, 0.0115561177954, 0.00852667540312, -0.0107167260721], [-0.00173630751669, 0.0105433799326, -0.00460115587339, 0.00785752758384, -0.0026545333676, -0.00795457325876, 0.0106682833284, -0.0030537606217, -0.0182599574327, 0.0631061717868, -0.0320027507842, 0.00711411098018, 0.000919282494579], [0.00104149221443, -0.00713400123641, 0.0041585364379, -0.00830150116235, 0.00388615508564, 0.0152846947312, -0.0108145643026, 0.00441559543833, 0.0115561177954, -0.0320027507842, 0.0467173196375, -0.0205106139183, -0.000306482048472], [-0.000617001147475, 0.00731723289937, -0.00580707378685, 0.0106869768351, -0.0113503038883, -0.00296451058239, 0.00482150213793, -0.0129445716739, 0.00852667540312, 0.00711411098018, -0.0205106139183, 0.047580961138, -0.0101260086522], [-0.000656948192045, -0.000281515240204, -0.00211916468106, -0.000866057816893, 0.00171176809818, -0.00137216458097, 0.00367915560491, 0.00156180281192, -0.0107167260721, 0.000919282494579, -0.000306482048472, -0.0101260086522, 0.0229367241263]]
    },
    "melbands": {
        "dmean": [2.66149845629e-06, 2.49790195994e-06, 2.24724681175e-05, 3.35795339197e-05, 0.000305812078295, 0.000231770041864, 3.29877220793e-05, 5.72053650103e-05, 1.28973770188e-05, 0.0001373062114, 0.00042851906619, 5.25289833604e-05, 2.90695861622e-05, 3.57959870598e-05, 3.9212518459e-05, 9.09661957849e-06, 7.17266811989e-06, 1.91594767784e-06, 8.27745054721e-07, 2.1809730697e-06, 1.47802268202e-06, 2.25491999117e-06, 3.45719541883e-07, 3.53509250317e-07, 6.99830536632e-07, 8.6900736278e-06, 2.01691218535e-05, 6.77776313296e-07, 1.97568837734e-07, 5.85800243869e-08, 6.02123648719e-08, 4.98500085655e-08, 2.84655570226e-08, 5.48399690103e-08, 1.00562594696e-07, 1.96581851242e-07, 1.36552358754e-07, 1.41138386311e-07, 1.23704680277e-07, 3.78784328348e-08],
        "dmean2": [4.72921738037e-06, 3.67726943296e-06, 3.19751925417e-05, 5.57062849111e-05, 0.000607667840086, 0.000450604071375, 4.9897676945e-05, 0.000103165126347, 1.93696469069e-05, 0.000252661702689, 0.000695721071679, 8.49872376421e-05, 4.89024387207e-05, 5.48537173017e-05, 4.94098712807e-05, 1.23863865156e-05, 1.29617419589e-05, 3.4059319205e-06, 1.32480670345e-06, 3.58940428669e-06, 1.87050170553e-06, 3.38042491421e-06, 4.37452143842e-07, 5.06813762513e-07, 1.01909745354e-06, 1.67450034496e-05, 3.8850135752e-05, 1.10661096642e-06, 3.10481510724e-07, 8.46526546638e-08, 8.9980993323e-08, 7.29848181891e-08, 4.46774741647e-08, 8.91350211418e-08, 1.83863519965e-07, 3.64253850194e-07, 1.89481227153e-07, 1.92255470211e-07, 2.27855537105e-07, 6.41064232809e-08],
        "dvar": [3.83416597083e-11, 1.6154079463e-10, 1.16976730524e-08, 4.24513579844e-08, 3.43941678693e-06, 1.85054136637e-06, 9.23921383844e-09, 3.76758322318e-08, 9.5726360172e-10, 2.19064332896e-07, 1.53682583459e-06, 1.99706935433e-08, 8.17170686673e-09, 1.01067767488e-08, 2.9679570801e-08, 1.01624653137e-09, 3.94017124483e-10, 2.75367784131e-11, 8.10644606997e-12, 3.0301192111e-11, 1.34512392544e-11, 1.04888098207e-10, 1.18366633769e-12, 1.12144592657e-12, 6.92527589094e-12, 3.8903897881e-09, 2.11546851148e-08, 1.32080171453e-11, 4.52282878033e-13, 5.07538177881e-14, 6.21490773883e-14, 3.20098087576e-14, 8.79360722016e-15, 4.72426358287e-14, 3.61942301217e-13, 1.48274968692e-12, 1.76176645971e-13, 1.89289949275e-13, 5.67033995712e-13, 3.03959873764e-14],
        "dvar2": [1.26603116879e-10, 2.50478859876e-10, 1.74001932862e-08, 1.14082958191e-07, 1.06566430986e-05, 5.55643009648e-06, 1.53457531127e-08, 8.89996911724e-08, 2.01330685456e-09, 6.61982596739e-07, 3.66505310012e-06, 3.83395821757e-08, 1.76878440783e-08, 2.16420286137e-08, 3.91073058381e-08, 1.68990110794e-09, 1.17841869596e-09, 6.68130134551e-11, 2.07385029288e-11, 7.65454713503e-11, 2.07782142186e-11, 2.51366899517e-10, 1.87140190497e-12, 2.07813627418e-12, 1.14037269211e-11, 1.15268488088e-08, 6.26827585393e-08, 3.49923492959e-11, 1.14790826584e-12, 1.01311774454e-13, 1.06309411144e-13, 7.03166434042e-14, 1.74798885896e-14, 1.31332743075e-13, 1.05371288951e-12, 4.34018619655e-12, 4.00850197219e-13, 3.84223956904e-13, 1.63717748126e-12, 8.30112481575e-14],
        "max": [5.46359478903e-05, 0.000131701061036, 0.00112339248881, 0.0019487219397, 0.0155076868832, 0.0118315480649, 0.00116069277283, 0.00189291627612, 0.000301725027384, 0.003766852431, 0.00951898097992, 0.00122969213407, 0.00074108078843, 0.00103284721263, 0.00211649620906, 0.000383202568628, 0.000143724828376, 3.32405725203e-05, 2.58207492152e-05, 4.94248924952e-05, 4.53669526905e-05, 0.000105061073555, 1.13436062747e-05, 9.7535958048e-06, 2.88371793431e-05, 0.000510684971232, 0.00118590518832, 3.37230121659e-05, 6.18592184765e-06, 2.32385946219e-06, 2.60235128735e-06, 1.74018214238e-06, 7.37798529826e-07, 1.88762123798e-06, 5.03639284943e-06, 1.00455945358e-05, 3.71206579075e-06, 3.82922007702e-06, 6.38424307908e-06, 1.56944918217e-06],
        "mean": [3.79144034923e-06, 4.67580775876e-06, 3.65843661712e-05, 2.82861383312e-05, 0.000212010680116, 0.000195143860765, 0.000114431190013, 0.000135693058837, 2.33927057707e-05, 0.000156651818543, 0.000647327164188, 0.000120022952615, 4.34649591625e-05, 5.49116084585e-05, 5.56861814403e-05, 1.36838252729e-05, 9.21949504118e-06, 3.28510554937e-06, 1.14146735086e-06, 2.87792454401e-06, 2.25653957386e-06, 2.23407778321e-06, 6.25217126071e-07, 5.05996638367e-07, 1.00415559245e-06, 5.2068221521e-06, 1.17644294733e-05, 6.55762733004e-07, 2.43048702941e-07, 8.42917273758e-08, 7.8079452237e-08, 5.93353099987e-08, 3.79769176106e-08, 5.5128698051e-08, 7.22147674992e-08, 1.32870241032e-07, 1.56348434643e-07, 1.71706503238e-07, 9.10147335276e-08, 3.77687179309e-08],
        "median": [4.3034930286e-07, 1.27984733922e-07, 6.37895482214e-07, 5.17977298387e-07, 2.36404662246e-06, 7.89355726738e-06, 3.62813329957e-06, 2.15522095459e-06, 9.0345594117e-07, 1.41602697568e-06, 1.73527871539e-06, 5.82419318107e-07, 5.45057162071e-07, 5.25953112174e-07, 1.77038401716e-07, 1.17296465874e-07, 9.59746415674e-08, 4.12099296909e-08, 3.05106198084e-08, 1.37327518246e-07, 5.70442715286e-08, 1.33524649115e-08, 4.63005855877e-09, 3.49946671641e-09, 5.23888221693e-09, 3.43032091621e-09, 2.98251845443e-09, 1.9910766369e-09, 1.4010687055e-09, 8.87780682302e-10, 6.86613432777e-10, 3.98486826869e-10, 3.05353492491e-10, 3.49475282047e-10, 4.64612182061e-10, 5.98630145454e-10, 6.56396659249e-10, 1.40727751674e-09, 4.95871899098e-10, 2.7748647824e-10],
        "min": [3.07738523553e-09, 6.39234665201e-09, 4.48238424156e-09, 2.22380203141e-09, 6.8216339244e-09, 2.04983807706e-09, 1.33180522166e-09, 4.6538198295e-10, 8.55584159076e-10, 5.50844703184e-10, 6.14429007673e-10, 4.56950866035e-10, 2.17139861647e-10, 1.39928471588e-10, 1.63177582557e-10, 2.81102086053e-10, 1.0359207242e-10, 1.53044507623e-10, 8.52573914245e-11, 6.88574128271e-11, 4.50986643863e-11, 3.20573845247e-11, 4.43479142298e-11, 2.71389872381e-11, 2.61699186627e-11, 3.44853312573e-11, 2.11718143017e-11, 1.05392821206e-11, 1.20856770772e-11, 4.69255710678e-12, 6.35842767327e-12, 7.6585647546e-12, 8.9735302522e-12, 1.15274864307e-11, 3.68935134179e-12, 3.66632679077e-12, 4.43661773986e-12, 5.83394140288e-12, 5.77213927697e-12, 2.01527965323e-12],
        "var": [7.63412041915e-11, 3.26098037462e-10, 2.36955379762e-08, 3.40584165315e-08, 2.18160266741e-06, 1.25305564325e-06, 5.91138871187e-08, 1.40905129342e-07, 2.58836796441e-09, 2.37331960307e-07, 3.00590363622e-06, 8.01771165015e-08, 1.55536685753e-08, 2.38239241668e-08, 6.69975506185e-08, 2.24638463386e-09, 5.14680520425e-10, 5.16591665278e-11, 1.06760832813e-11, 4.41464607925e-11, 3.80929766897e-11, 1.06633347985e-10, 3.86893772228e-12, 2.33026467046e-12, 1.24375154273e-11, 2.15101914058e-09, 1.15877911711e-08, 1.07806402694e-11, 5.24011227205e-13, 8.39953987982e-14, 9.20542870988e-14, 3.98856667908e-14, 1.29041530811e-14, 3.48941389021e-14, 2.10940111407e-13, 8.3528296042e-13, 2.38846811253e-13, 2.81071308806e-13, 3.38936913475e-13, 2.25252098468e-14]
    },
    "mfcc": {
        "mean": [-899.357788086, 126.323875427, 8.8680973053, -20.8604335785, -17.8597164154, -16.5541400909, -4.99725103378, -6.35803318024, -5.9230222702, -3.0726621151, -10.1405181885, 1.93607091904, 5.601354599],
        "cov": [[21544.3789062, 1881.89233398, -4056.8581543, -2411.39575195, -1647.25244141, -1665.09802246, -329.984405518, -559.117797852, -403.521636963, 419.4737854, -464.765014648, -210.693374634, -194.717971802], [1881.89233398, 1329.72290039, -536.037414551, -755.895080566, -609.734985352, -300.244354248, 17.5798931122, -9.29769515991, -157.549758911, -120.70866394, 73.6703796387, -155.494354248, -31.9966831207], [-4056.8581543, -536.037414551, 1009.72943115, 593.851318359, 311.99597168, 363.846008301, 169.63923645, 147.339385986, 19.7096824646, -99.2830276489, 70.2158203125, 18.3202514648, 19.6246032715], [-2411.39575195, -755.895080566, 593.851318359, 845.916748047, 608.376708984, 368.716094971, 105.539131165, 60.2691993713, 52.6586265564, 10.110660553, 35.6797218323, 48.5386886597, 6.97409725189], [-1647.25244141, -609.734985352, 311.99597168, 608.376708984, 605.534057617, 261.009918213, -62.8937225342, -49.6630630493, 90.3080368042, 53.187538147, -20.6452541351, 87.924407959, 15.5859632492], [-1665.09802246, -300.244354248, 363.846008301, 368.716094971, 261.009918213, 246.783279419, 100.710769653, 86.4486846924, 31.2210922241, -13.2209043503, 75.5833892822, -19.2108440399, -18.5549411774], [-329.984405518, 17.5798931122, 169.63923645, 105.539131165, -62.8937225342, 100.710769653, 220.177017212, 138.198516846, -52.4946632385, -46.1414070129, 98.7132949829, -102.032142639, -41.1294708252], [-559.117797852, -9.29769515991, 147.339385986, 60.2691993713, -49.6630630493, 86.4486846924, 138.198516846, 147.749160767, 15.9597158432, -15.6949596405, 95.2709960938, -69.0269470215, -30.4777202606], [-403.521636963, -157.549758911, 19.7096824646, 52.6586265564, 90.3080368042, 31.2210922241, -52.4946632385, 15.9597158432, 139.554763794, 74.9513778687, -17.7126464844, 56.6733665466, 14.4063882828], [419.4737854, -120.70866394, -99.2830276489, 10.110660553, 53.187538147, -13.2209043503, -46.1414070129, -15.6949596405, 74.9513778687, 102.934570312, -21.8866901398, 37.6318321228, 8.44087219238], [-464.765014648, 73.6703796387, 70.2158203125, 35.6797218323, -20.6452541351, 75.5833892822, 98.7132949829, 95.2709960938, -17.7126464844, -21.8866901398, 133.67414856, -77.3339767456, -39.3740615845], [-210.693374634, -155.494354248, 18.3202514648, 48.5386886597, 87.924407959, -19.2108440399, -102.032142639, -69.0269470215, 56.6733665466, 37.6318321228, -77.3339767456, 129.230529785, 65.5609741211], [-194.717971802, -31.9966831207, 19.6246032715, 6.97409725189, 15.5859632492, -18.5549411774, -41.1294708252, -30.4777202606, 14.4063882828, 8.44087219238, -39.3740615845, 65.5609741211, 60.1869468689]],
