{
"lowlevel": {
    "average_loudness": 0.928111255169,
    "barkbands_crest": {
        "dmean": 4.1567492485,
        "dmean2": 6.94788551331,
        "dvar": 9.97612094879,
        "dvar2": 24.4211730957,
        "max": 24.1386108398,
        "mean": 11.6153898239,
        "median": 10.7823791504,
        "min": 3.14957356453,
        "var": 23.0892620087
    },
    "barkbands_flatness_db": {
        "dmean": 0.0357106886804,
        "dmean2": 0.056308016181,
        "dvar": 0.000917817465961,
        "dvar2": 0.00229616998695,
        "max": 0.283982336521,
        "mean": 0.158407926559,
        "median": 0.155914485455,
        "min": 0.0709901377559,
        "var": 0.00215570093133
    },
    "barkbands_kurtosis": {
        "dmean": 7.65064764023,
        "dmean2": 12.4065380096,
        "dvar": 82.5010147095,
        "dvar2": 217.035171509,
        "max": 51.1978378296,
        "mean": 5.65820360184,
        "median": 1.68649625778,
        "min": -1.82109677792,
        "var": 104.608940125
    },
    "barkbands_skewness": {
        "dmean": 1.5918854475,
        "dmean2": 2.51160049438,
        "dvar": 1.46168220043,
        "dvar2": 4.13163614273,
        "max": 6.58973789215,
        "mean": 1.09347617626,
        "median": 1.22316241264,
        "min": -4.92453479767,
        "var": 4.51989746094
    },
    "barkbands_spread": {
        "dmean": 16.6195335388,
        "dmean2": 28.358745575,
        "dvar": 201.243255615,
        "dvar2": 571.569763184,
        "max": 62.7329063416,
        "mean": 24.4516677856,
        "median": 21.2830543518,
        "min": 2.57332086563,
        "var": 228.292800903
    },
    "dissonance": {
        "dmean": 0.0272147823125,
        "dmean2": 0.0459893383086,
        "dvar": 0.00115318864118,
        "dvar2": 0.00247603771277,
        "max": 0.5,
        "mean": 0.465565860271,
        "median": 0.473660558462,
        "min": 0.123292557895,
        "var": 0.00138872268144
    },
    "dynamic_complexity": 4.81965732574,
    "erbbands_crest": {
        "dmean": 3.94727063179,
        "dmean2": 6.51350688934,
        "dvar": 11.7906398773,
        "dvar2": 30.6814956665,
        "max": 24.8424625397,
        "mean": 10.5477514267,
        "median": 9.54597568512,
        "min": 3.65897774696,
        "var": 21.7274074554
    },
    "erbbands_flatness_db": {
        "dmean": 0.0275989007205,
        "dmean2": 0.0435870848596,
        "dvar": 0.000609441951383,
        "dvar2": 0.00165760854725,
        "max": 0.297634691,
        "mean": 0.208152607083,
        "median": 0.205341175199,
        "min": 0.145181521773,
        "var": 0.00102790025994
    },
    "erbbands_kurtosis": {
        "dmean": 3.49171280861,
        "dmean2": 6.13958358765,
        "dvar": 19.5901203156,
        "dvar2": 52.8202590942,
        "max": 27.9540252686,
        "mean": 1.93587076664,
        "median": 0.214451313019,
        "min": -1.77446448803,
        "var": 19.4929084778
    },
    "erbbands_skewness": {
        "dmean": 1.13909745216,
        "dmean2": 1.85055911541,
        "dvar": 0.844156086445,
        "dvar2": 2.27423524857,
        "max": 3.66216802597,
        "mean": 0.225020006299,
        "median": 0.358560442924,
        "min": -3.82751441002,
        "var": 2.34339284897
    },
    "erbbands_spread": {
        "dmean": 18.1509475708,
        "dmean2": 30.9546470642,
        "dvar": 284.847503662,
        "dvar2": 807.520812988,
        "max": 104.292602539,
        "mean": 40.2203025818,
        "median": 40.0545578003,
        "min": 4.96072101593,
        "var": 332.563079834
    },
    "hfc": {
        "dmean": 32.7508735657,
        "dmean2": 61.3538627625,
        "dvar": 3379.8449707,
        "dvar2": 9302.95996094,
        "max": 308.356689453,
        "mean": 21.2285251617,
        "median": 2.48201441765,
        "min": 0.0588786825538,
        "var": 2271.13012695
    },
    "melbands_crest": {
        "dmean": 4.25948095322,
        "dmean2": 6.51835489273,
        "dvar": 11.9348211288,
        "dvar2": 32.1247825623,
        "max": 27.9280090332,
        "mean": 13.2343196869,
        "median": 11.9356327057,
        "min": 3.56016159058,
        "var": 34.1236419678
    },
    "melbands_flatness_db": {
        "dmean": 0.049653686583,
        "dmean2": 0.0766799002886,
        "dvar": 0.00160020962358,
        "dvar2": 0.00378282321617,
        "max": 0.33103081584,
        "mean": 0.156679570675,
        "median": 0.148421734571,
        "min": 0.0432568341494,
        "var": 0.00483269803226
    },
    "melbands_kurtosis": {
        "dmean": 13.906668663,
        "dmean2": 22.4456443787,
        "dvar": 354.622467041,
        "dvar2": 965.531921387,
        "max": 133.784225464,
        "mean": 15.4370603561,
        "median": 7.6706943512,
        "min": -1.76921474934,
        "var": 533.379516602
    },
    "melbands_skewness": {
        "dmean": 1.51851630211,
        "dmean2": 2.50659751892,
        "dvar": 1.50508522987,
        "dvar2": 4.06196975708,
        "max": 9.93028068542,
        "mean": 2.5721757412,
        "median": 2.53638911247,
        "min": -2.54924702644,
        "var": 4.67082595825
    },
    "melbands_spread": {
        "dmean": 35.3870315552,
        "dmean2": 63.1519622803,
        "dvar": 1215.21130371,
        "dvar2": 3117.41113281,
        "max": 155.2396698,
        "mean": 47.3399620056,
        "median": 26.4942436218,
        "min": 2.26160359383,
        "var": 1860.46081543
    },
    "pitch_salience": {
        "dmean": 0.133699044585,
        "dmean2": 0.215910956264,
        "dvar": 0.0109470961615,
        "dvar2": 0.029877949506,
        "max": 0.987709105015,
        "mean": 0.650722146034,
        "median": 0.656289100647,
        "min": 0.31698217988,
        "var": 0.0190173853189
    },
    "silence_rate_20dB": {
        "dmean": 0,
        "dmean2": 0,
        "dvar": 0,
        "dvar2": 0,
        "max": 1,
        "mean": 1,
        "median": 1,
        "min": 1,
        "var": 0
    },
    "silence_rate_30dB": {
        "dmean": 0,
        "dmean2": 0,
        "dvar": 0,
        "dvar2": 0,
        "max": 1,
        "mean": 1,
        "median": 1,
        "min": 1,
        "var": 0
    },
    "silence_rate_60dB": {
        "dmean": 0.270833343267,
        "dmean2": 0.543933033943,
        "dvar": 0.197482436895,
        "dvar2": 0.31501570344,
        "max": 1,
        "mean": 0.452282160521,
        "median": 0,
        "min": 0,
        "var": 0.247723221779
    },
    "spectral_centroid": {
        "dmean": 933.291870117,
        "dmean2": 1537.86096191,
        "dvar": 590842.1875,
        "dvar2": 1421446,
        "max": 5185.99560547,
        "mean": 2095.27441406,
        "median": 1742.12915039,
        "min": 463.982299805,
        "var": 1591716.375
    },
    "spectral_complexity": {
        "dmean": 5.4375,
        "dmean2": 8.95397472382,
        "dvar": 34.0877609253,
        "dvar2": 81.4329986572,
        "max": 35,
        "mean": 6.34439849854,
        "median": 4,
        "min": 0,
        "var": 48.1925849915
    },
    "spectral_decrease": {
        "dmean": 2.20898832559e-09,
        "dmean2": 3.89344201324e-09,
        "dvar": 1.35424454788e-17,
        "dvar2": 3.66858572134e-17,
        "max": -7.86107984263e-12,
        "mean": -1.66273428359e-09,
        "median": -4.89625839872e-10,
        "min": -1.99460199468e-08,
        "var": 1.04045134912e-17
    },
    "spectral_energy": {
        "dmean": 0.0111364256591,
        "dmean2": 0.0199700128287,
        "dvar": 0.000326744600898,
        "dvar2": 0.000875361904036,
        "max": 0.09493483603,
        "mean": 0.00820103287697,
        "median": 0.00217889784835,
        "min": 3.61969214282e-05,
        "var": 0.000247925840085
    },
    "spectral_energyband_high": {
        "dmean": 0.00415322510526,
        "dmean2": 0.00789799541235,
        "dvar": 5.72502540308e-05,
        "dvar2": 0.000158525828738,
        "max": 0.0347527489066,
        "mean": 0.00256515457295,
        "median": 0.000117558527563,
        "min": 2.50225912168e-06,
        "var": 3.79131197406e-05
    },
    "spectral_energyband_low": {
        "dmean": 4.33241029896e-06,
        "dmean2": 7.2159600677e-06,
        "dvar": 2.73657919242e-11,
        "dvar2": 6.81401532421e-11,
        "max": 3.72759168386e-05,
        "mean": 6.18414560449e-06,
        "median": 4.0987383727e-06,
        "min": 1.81277670208e-07,
        "var": 4.00601253558e-11
    },
    "spectral_energyband_middle_high": {
        "dmean": 0.00183409650344,
        "dmean2": 0.00336186075583,
        "dvar": 1.30382568386e-05,
        "dvar2": 3.62003083865e-05,
        "max": 0.021930212155,
        "mean": 0.00128311198205,
        "median": 0.000305436260533,
        "min": 1.04582650238e-05,
        "var": 8.75469959283e-06
    },
    "spectral_energyband_middle_low": {
        "dmean": 0.0057794963941,
        "dmean2": 0.0100870253518,
        "dvar": 0.000116042749141,
        "dvar2": 0.000318425736623,
        "max": 0.0603046268225,
        "mean": 0.00447981012985,
        "median": 0.00105187029112,
        "min": 1.28734873215e-05,
        "var": 8.80503866938e-05
    },
    "spectral_entropy": {
        "dmean": 0.385377019644,
        "dmean2": 0.602215886116,
        "dvar": 0.105510540307,
        "dvar2": 0.26400360465,
        "max": 8.88685512543,
        "mean": 7.72339868546,
        "median": 7.75677728653,
        "min": 6.43547439575,
        "var": 0.189651817083
    },
    "spectral_flux": {
        "dmean": 0.0423819981515,
        "dmean2": 0.06903244555,
        "dvar": 0.00240814709105,
        "dvar2": 0.00410546595231,
        "max": 0.286715626717,
        "mean": 0.0680889934301,
        "median": 0.0523157380521,
        "min": 0.00325297983363,
        "var": 0.0035709515214
    },
    "spectral_kurtosis": {
        "dmean": 2.07732701302,
        "dmean2": 3.6765961647,
        "dvar": 5.43884468079,
        "dvar2": 17.3020572662,
        "max": 13.832736969,
        "mean": 2.62751150131,
        "median": 2.04087734222,
        "min": -0.276338815689,
        "var": 5.4455537796
    },
    "spectral_rms": {
        "dmean": 0.00164281402249,
        "dmean2": 0.00269157299772,
        "dvar": 2.92920594802e-06,
        "dvar2": 7.98554447101e-06,
        "max": 0.00962389446795,
        "mean": 0.00209563528188,
        "median": 0.00145799655002,
        "min": 0.000187920377357,
        "var": 3.60932335752e-06
    },
    "spectral_rolloff": {
        "dmean": 2247.25854492,
        "dmean2": 4040.49365234,
        "dvar": 5835110,
        "dvar2": 14054018,
        "max": 10142.1386719,
        "mean": 3525.54907227,
        "median": 2734.71679688,
        "min": 387.59765625,
        "var": 7808149
    },
    "spectral_skewness": {
        "dmean": 0.436933636665,
        "dmean2": 0.736873865128,
        "dvar": 0.138141363859,
        "dvar2": 0.447320014238,
        "max": 2.77969670296,
        "mean": 1.07655215263,
        "median": 1.05607676506,
        "min": 0.0934156998992,
        "var": 0.271841943264
    },
    "spectral_spread": {
        "dmean": 866770.125,
        "dmean2": 1474246.375,
        "dvar": 744000454656,
        "dvar2": 1.64271017165e+12,
        "max": 11350551,
        "mean": 4859675.5,
        "median": 4630391.5,
        "min": 3095705.75,
        "var": 1.22300071936e+12
    },
    "spectral_strongpeak": {
        "dmean": 0.560736477375,
        "dmean2": 0.947961091995,
        "dvar": 0.882402062416,
        "dvar2": 2.30915594101,
        "max": 8.01945495605,
        "mean": 0.68022018671,
        "median": 0.304456681013,
        "min": 0.0104948785156,
        "var": 1.13008189201
    },
    "zerocrossingrate": {
        "dmean": 0.0194559730589,
        "dmean2": 0.0257869698107,
        "dvar": 0.000230174540775,
        "dvar2": 0.000321316823829,
        "max": 0.27734375,
        "mean": 0.0979095101357,
        "median": 0.08251953125,
        "min": 0.02490234375,
        "var": 0.00275831227191
    },
    "barkbands": {
        "dmean": [9.94056037484e-09, 1.32454417212e-07, 2.39786345446e-06, 3.99186637878e-06, 9.67687155935e-05, 0.00236135232262, 0.000214527812204, 0.00252267066389, 0.000368122156942, 0.000582793727517, 7.53761414671e-05, 3.14652024827e-05, 9.08348010853e-05, 2.03943527595e-05, 1.9746923499e-05, 3.5261742596e-05, 0.00019079510821, 0.00064827821916, 0.000231175494264, 0.0003006409097, 0.00123243720736, 0.00075074256165, 0.00133660563733, 0.000509241013788, 0.000242761045229, 1.84930122487e-05, 3.40173619406e-06],
        "dmean2": [1.76975039068e-08, 2.37120161728e-07, 3.80373694497e-06, 6.66207961331e-06, 0.000183818774531, 0.00414945278317, 0.000401387049351, 0.0045253247954, 0.000598243728746, 0.0010463608196, 0.000133159817779, 5.60886473977e-05, 0.000165057586855, 3.60701087629e-05, 3.63787112292e-05, 6.33088639006e-05, 0.000364820152754, 0.00123310333584, 0.000434559420682, 0.000582936860155, 0.00225618854165, 0.00145488232374, 0.00254738028161, 0.000975575705525, 0.000459672621218, 3.58810175385e-05, 6.58623775962e-06],
        "dvar": [5.85089543563e-16, 2.27149316744e-14, 7.5569056221e-12, 2.40017502401e-11, 2.54609009431e-08, 1.54830886459e-05, 2.08868442542e-07, 3.20900435327e-05, 8.40658003654e-07, 2.03990612135e-06, 9.59175672222e-09, 1.65394453688e-09, 3.26608322609e-08, 6.81309619832e-10, 1.49609269418e-09, 3.50812690009e-09, 2.05744285608e-07, 2.22517314796e-06, 2.23937618671e-07, 5.70722193061e-07, 5.62120885661e-06, 4.45309842689e-06, 8.53676647239e-06, 1.49823290485e-06, 2.39381364509e-07, 1.32684796483e-09, 4.44724326809e-11],
        "dvar2": [1.70057206046e-15, 7.02984220315e-14, 1.69336003553e-11, 6.37168651174e-11, 7.20351778227e-08, 4.33041059296e-05, 5.84880467613e-07, 8.8310756837e-05, 2.13322732634e-06, 5.50453933101e-06, 2.70705324823e-08, 4.23988355536e-09, 8.84772290988e-08, 1.73996306252e-09, 4.02665945032e-09, 9.09477737565e-09, 5.8686794091e-07, 6.30761405773e-06, 6.46347302791e-07, 1.64706034411e-06, 1.47535311044e-05, 1.30713997351e-05, 2.50248340308e-05, 4.27388886237e-06, 6.58603255488e-07, 3.69916697274e-09, 1.23595217394e-10],
        "max": [2.12765755236e-07, 1.13302542104e-06, 2.46927866101e-05, 3.66758504242e-05, 0.000896298501175, 0.0231989994645, 0.00268485024571, 0.0359540991485, 0.00705656595528, 0.00932093709707, 0.000732014421374, 0.000327061599819, 0.000987772829831, 0.000138251853059, 0.000238442400587, 0.000482882285723, 0.00244836811908, 0.00899778865278, 0.00347765977494, 0.00446908222511, 0.0176263228059, 0.0150265591219, 0.0167230032384, 0.0093154553324, 0.00322284246795, 0.000182922871318, 3.59510231647e-05],
        "mean": [9.20905929291e-09, 1.49055765064e-07, 3.43924625668e-06, 4.75443130199e-06, 7.06842693035e-05, 0.00198033615015, 0.000140440984978, 0.00170702370815, 0.000334219512297, 0.000452551088529, 6.60819350742e-05, 2.28756525757e-05, 6.09117996646e-05, 1.65840338013e-05, 1.37901088237e-05, 2.52703830483e-05, 0.000122673984151, 0.000380485755159, 0.000152199616423, 0.000183513475349, 0.000783547468018, 0.000440684088971, 0.000795096508227, 0.000287828064756, 0.000143152225064, 1.06011812022e-05, 2.10161397263e-06],
        "median": [4.07610167841e-09, 1.05141218398e-07, 1.91588651433e-06, 2.62202956947e-06, 2.68000330834e-05, 0.000562536995858, 2.70172204182e-05, 0.000156052556122, 5.48428324691e-05, 7.7205710113e-05, 2.19324119826e-05, 6.11814630247e-06, 8.58611383592e-06, 6.8602794272e-06, 3.03588171846e-06, 5.90404761169e-06, 2.31034246099e-05, 3.93572772737e-05, 2.32968995988e-05, 1.08437925519e-05, 2.46802210313e-05, 1.56352580234e-05, 2.42496225837e-05, 5.65751997783e-06, 2.70002237812e-06, 1.70566920588e-07, 2.02671060379e-07],
        "min": [2.8560898091e-10, 4.21990486998e-09, 5.54077921322e-08, 5.44977112327e-08, 9.37462232287e-07, 2.54769815911e-06, 5.35091146503e-07, 3.50720199549e-07, 6.05169702794e-07, 1.54187819135e-06, 2.9905311294e-07, 3.01016768844e-07, 3.06795527649e-07, 1.50855385073e-07, 2.33355564205e-07, 1.45588984424e-07, 5.4347913192e-07, 6.30107479083e-07, 1.25340193335e-07, 1.36749008561e-07, 9.24945823044e-07, 5.59730324312e-07, 8.50038972544e-08, 1.70103486852e-08, 7.3760135777e-09, 2.20427409658e-09, 1.00075290277e-07],
        "var": [3.54465341915e-16, 2.09496320031e-14, 1.468210796e-11, 3.53984758172e-11, 1.68505120968e-08, 1.26139657368e-05, 1.29556596562e-07, 2.1806163204e-05, 8.05137233328e-07, 1.50026562551e-06, 1.03812825003e-08, 1.35489364173e-09, 2.20350262481e-08, 6.15015871563e-10, 1.02123498547e-09, 2.87531154441e-09, 1.2288271023e-07, 1.28274052713e-06, 1.38146035056e-07, 3.33508694439e-07, 4.45266914539e-06, 2.54322822002e-06, 5.34831269761e-06, 8.47575165608e-07, 1.47219694213e-07, 7.76895658916e-10, 2.62101833293e-11]
    },
    "erbbands": {
        "dmean": [2.09686845665e-06, 5.49998330825e-05, 0.00164213427342, 0.00927225593477, 0.0265549831092, 0.367916226387, 5.43638944626, 24.9309024811, 7.4622168541, 18.0328350067, 50.1513442993, 11.0106420517, 22.1230831146, 7.59876489639, 2.03679633141, 1.49043679237, 4.58594274521, 1.64965450764, 0.791687130928, 1.63639080524, 2.87897562981, 13.2811288834, 31.6780910492, 20.2961387634, 10.8106203079, 14.6553440094, 44.4963493347, 44.7610931396, 23.4062194824, 33.4586143494, 38.952922821, 15.4691019058, 6.92898702621, 4.58699274063, 0.384695202112, 0.0989459455013, 0.0247773006558, 0.00770458113402, 0.000399667304009, 5.18023807672e-05],
        "dmean2": [3.58415422852e-06, 9.4631453976e-05, 0.00263167591766, 0.0152701260522, 0.044160425663, 0.66384768486, 9.57879161835, 44.5060005188, 12.9305582047, 32.5369682312, 89.0690612793, 17.9643058777, 39.3455162048, 13.2632694244, 3.66176509857, 2.68487501144, 8.35945129395, 2.92096662521, 1.4418258667, 2.9618036747, 5.36130666733, 25.4039840698, 60.4054107666, 38.1788444519, 20.8477535248, 28.150686264, 81.5892791748, 83.9219894409, 45.3170852661, 64.8544616699, 74.8795776367, 28.6225185394, 13.2857074738, 8.72281742096, 0.734542250633, 0.19110122323, 0.0479076988995, 0.014857863076, 0.000769116915762, 9.77043600869e-05],
        "dvar": [7.67041898747e-12, 3.12086112508e-09, 3.33565981236e-06, 0.000132352637593, 0.00111182942055, 0.34540066123, 77.4483642578, 1811.24621582, 167.45199585, 1584.90783691, 12453.7431641, 641.926330566, 3845.06103516, 150.345123291, 6.89135313034, 3.68512272835, 83.9962997437, 6.03157329559, 1.87545311451, 6.45640134811, 35.4930992126, 1057.76025391, 5423.15380859, 1528.58276367, 686.27911377, 1332.1829834, 9344.97363281, 8773.59472656, 4085.73193359, 4049.36938477, 8374.50390625, 1126.6171875, 323.475311279, 89.9406967163, 0.456833451986, 0.0423503108323, 0.00268367724493, 0.000235846368014, 4.84604527173e-07, 1.18823750839e-08],
        "dvar2": [2.2996802379e-11, 9.31913479718e-09, 8.04248156783e-06, 0.000351776252501, 0.00304428720847, 0.970814526081, 214.858947754, 5088.23828125, 462.410186768, 4397.11083984, 33955.5546875, 1645.39489746, 10667.5869141, 405.623138428, 18.336025238, 9.26423835754, 228.462677002, 15.8900880814, 5.04156589508, 16.1735401154, 100.21987915, 3021.1875, 15354.2509766, 4319.10546875, 1994.45361328, 3845.65966797, 24901.2734375, 23977.6933594, 12038.0068359, 11546.4736328, 25285.9570312, 3039.13696289, 926.947387695, 248.910354614, 1.28675270081, 0.118645593524, 0.00772274984047, 0.000658110307995, 1.33775722588e-06, 3.33510854489e-08],
        "max": [2.16039952647e-05, 0.000480685237562, 0.0170863941312, 0.0888181254268, 0.267566919327, 3.38646745682, 56.7906150818, 244.484527588, 76.0619430542, 241.924545288, 706.862304688, 187.354782104, 409.579437256, 73.2316741943, 14.0890159607, 14.2324151993, 49.2141036987, 14.1289873123, 8.17374229431, 15.150554657, 30.6613750458, 181.436050415, 449.93572998, 259.236846924, 167.369628906, 227.504837036, 562.07220459, 832.97253418, 422.884155273, 323.719329834, 601.464172363, 222.520019531, 149.51121521, 64.0502166748, 3.70495653152, 1.28271055222, 0.345243215561, 0.0813052207232, 0.00352049688809, 0.000824978225864],
        "mean": [3.0580783914e-06, 8.96427372936e-05, 0.00247389241122, 0.0125334523618, 0.0331439077854, 0.2954621315, 4.3227558136, 20.4399929047, 6.3887553215, 12.3114080429, 34.3534927368, 9.27662754059, 17.0390415192, 6.42721319199, 1.67839443684, 1.10153758526, 3.0309240818, 1.2737801075, 0.589286744595, 1.17451047897, 1.91227197647, 8.40303325653, 18.7007884979, 12.9044742584, 7.13653659821, 8.93114185333, 28.3465747833, 26.9194011688, 13.8468103409, 19.4777469635, 22.8652362823, 9.34221458435, 3.94660139084, 2.69444608688, 0.222506970167, 0.0559151731431, 0.0143705969676, 0.00451243249699, 0.000238928347244, 3.70409725292e-05],
        "median": [2.20112178795e-06, 7.21475298633e-05, 0.00157459534239, 0.00802302453667, 0.0204685516655, 0.12563200295, 1.0941426754, 5.47220087051, 1.8564760685, 1.60537588596, 2.94620895386, 1.56890141964, 2.37049031258, 1.81520879269, 0.515988111496, 0.308204859495, 0.393854796886, 0.407493621111, 0.192159280181, 0.250525206327, 0.42451351881, 1.38537657261, 2.17149305344, 2.13266897202, 0.727276325226, 0.515193283558, 0.823613107204, 0.981829106808, 0.536279857159, 0.941713213921, 0.612950563431, 0.173101857305, 0.0930553376675, 0.0658359378576, 0.00553384004161, 0.00118396664038, 0.000243772767135, 5.60251864954e-05, 8.71350493981e-06, 8.0260242612e-06],
        "min": [2.70105090294e-07, 4.27546501669e-06, 5.70615484321e-05, 0.000203134928597, 0.000662372156512, 0.00384629331529, 0.0123281469569, 0.0174026526511, 0.0182678867131, 0.0175915807486, 0.014373190701, 0.0158702805638, 0.0315022878349, 0.0481695756316, 0.0150908157229, 0.0160033553839, 0.0132754743099, 0.00821375101805, 0.0114582916722, 0.0152893476188, 0.0117131266743, 0.0321691334248, 0.0374466069043, 0.0252794157714, 0.00589868659154, 0.0075424737297, 0.0162850730121, 0.049524474889, 0.0300800725818, 0.00603980198503, 0.00237595336512, 0.000447608617833, 0.000310785020702, 0.00015008484479, 2.16885546251e-05, 8.37304287415e-06, 4.13848874814e-06, 2.53116559179e-06, 2.81081361209e-06, 2.88359046863e-06],
        "var": [8.17311843204e-12, 4.50075665626e-09, 6.28966108707e-06, 0.000179606344318, 0.00148381001782, 0.253552824259, 61.642780304, 1423.67492676, 136.303390503, 1064.21850586, 8695.56347656, 577.690429688, 2721.76489258, 138.862426758, 6.52631521225, 3.03933382034, 55.7746887207, 4.86120510101, 1.33313965797, 5.35890245438, 22.2451934814, 624.635681152, 3139.35253906, 932.359680176, 428.510986328, 764.773254395, 6748.62109375, 6004.59863281, 2323.85058594, 2471.26245117, 5062.31494141, 776.238830566, 180.406478882, 54.3659515381, 0.276366472244, 0.0244929585606, 0.00154964614194, 0.000138263989356, 3.00800792274e-07, 7.34608729402e-09]
    },
    "gfcc": {
        "mean": [-126.854537964, 28.1258277893, -153.673126221, 9.86126899719, -124.328620911, -26.5171432495, -49.5032653809, -4.22117471695, -19.1482925415, -16.9908485413, -8.49507331848, 1.76698815823, -8.54301929474],
        "cov": [[8466.64453125, -2848.11572266, -278.088775635, -432.295593262, -1354.99731445, 24.3218269348, -571.695617676, 509.187805176, -284.718444824, 443.098205566, -145.081542969, 138.562896729, -127.437133789], [-2848.11572266, 2467.51879883, -10.2420330048, -268.624359131, 311.69342041, -315.406188965, 52.9641532898, -74.5202255249, 325.426605225, -238.73336792, 137.748031616, -107.03276825, 103.589233398], [-278.088775635, -10.2420330048, 262.330780029, 65.8954315186, 2.85284876823, 0.272282660007, -25.7519874573, -38.7733001709, -3.67117547989, -6.7110953331, -12.94348526, 48.4580154419, -22.1875267029], [-432.295593262, -268.624359131, 65.8954315186, 293.307617188, 108.6404953, 91.5429840088, 122.043243408, -61.9271354675, -36.0787239075, -48.3999900818, -31.8689899445, -15.6696081161, -45.268661499], [-1354.99731445, 311.69342041, 2.85284876823, 108.6404953, 312.075805664, 45.1541099548, 124.326713562, -95.1886749268, 18.0751056671, -53.4734344482, -2.67547821999, -24.6545829773, 16.164768219], [24.3218269348, -315.406188965, 0.272282660007, 91.5429840088, 45.1541099548, 143.138977051, 40.9952774048, -9.15035629272, -63.9535942078, 18.6940803528, -32.2230262756, -11.7631397247, -11.6568908691], [-571.695617676, 52.9641532898, -25.7519874573, 122.043243408, 124.326713562, 40.9952774048, 152.208221436, -37.1181144714, -1.68768954277, -44.8919258118, -17.8133182526, -31.7162876129, -16.7199649811], [509.187805176, -74.5202255249, -38.7733001709, -61.9271354675, -95.1886749268, -9.15035629272, -37.1181144714, 122.712600708, 17.7658042908, 9.88547420502, 12.1252851486, -24.0380916595, -10.9602823257], [-284.718444824, 325.426605225, -3.67117547989, -36.0787239075, 18.0751056671, -63.9535942078, -1.68768954277, 17.7658042908, 94.1800003052, -34.8166313171, 32.9224052429, -24.1014328003, 10.0066194534], [443.098205566, -238.73336792, -6.7110953331, -48.3999900818, -53.4734344482, 18.6940803528, -44.8919258118, 9.88547420502, -34.8166313171, 87.7787094116, -14.4575681686, 18.9406356812, 16.3849754333], [-145.081542969, 137.748031616, -12.94348526, -31.8689899445, -2.67547821999, -32.2230262756, -17.8133182526, 12.1252851486, 32.9224052429, -14.4575681686, 64.9067306519, -4.53056001663, 11.5298137665], [138.562896729, -107.03276825, 48.4580154419, -15.6696081161, -24.6545829773, -11.7631397247, -31.7162876129, -24.0380916595, -24.1014328003, 18.9406356812, -4.53056001663, 70.4852523804, -8.63679409027], [-127.437133789, 103.589233398, -22.1875267029, -45.268661499, 16.164768219, -11.6568908691, -16.7199649811, -10.9602823257, 10.0066194534, 16.3849754333, 11.5298137665, -8.63679409027, 63.1982154846]],
        "icov": [[0.00120684842113, 0.000797694490757, 0.00136565905996, 0.000327823247062, 0.00324136367999, 0.000433622481069, 0.00125763926189, -0.00101642648224, -0.000266539311269, -0.000945178675465, 0.00203207880259, -0.000168465616298, 0.00114118750207], [0.000797694490757, 0.00278995046392, -0.000135316557135, 0.00353335822001, 0.000454668625025, 0.0022532956209, 0.000203734991373, 0.00120895146392, -0.00296549103223, 0.00376013969071, 0.0011086538434, 0.00259971152991, -0.000270511314739], [0.00136565905996, -0.000135316557135, 0.00752524379641, -0.0033124871552, 0.00424064695835, -0.000632026640233, 0.00439169723541, -0.00121672905516, -0.00112594605889, -0.00263855536468, 0.00369841093197, -0.00499302987009, 0.00249972753227], [0.000327823247062, 0.00353335822001, -0.0033124871552, 0.0132162133232, -0.00108166062273, -0.000392411311623, -0.00500320550054, 0.00513767870143, -0.00295056472532, 0.00841878447682, -8.72475866345e-05, 0.00596917886287, 0.00206105480902], [0.00324136367999, 0.000454668625025, 0.00424064695835, -0.00108166062273, 0.0169586855918, -0.00321525591426, -0.000332721276209, 0.000165093748365, -0.00156678445637, -0.0041392641142, 0.00499512022361, -0.00244304304942, 0.00159080175217], [0.000433622481069, 0.0022532956209, -0.000632026640233, -0.000392411311623, -0.00321525591426, 0.0169340446591, 0.000308046146529, -0.00187295384239, 0.00703829154372, 0.000130380882183, 0.0015210689744, 0.0065691228956, -0.00014742926578], [0.00125763926189, 0.000203734991373, 0.00439169723541, -0.00500320550054, -0.000332721276209, 0.000308046146529, 0.0175310894847, -0.00107554299757, 0.000641852035187, 0.000558646745048, 0.00520917866379, 0.00203634053469, 0.00383504899219], [-0.00101642648224, 0.00120895146392, -0.00121672905516, 0.00513767870143, 0.000165093748365, -0.00187295384239, -0.00107554299757, 0.0177140235901, -0.005566008389, 0.003948551137, -0.00337524712086, 0.00832992233336, 0.00323333125561], [-0.000266539311269, -0.00296549103223, -0.00112594605889, -0.00295056472532, -0.00156678445637, 0.00703829154372, 0.000641852035187, -0.005566008389, 0.0277181938291, -0.000804145412985, -0.00527363270521, 0.00452559674159, 0.000118279342132], [-0.000945178675465, 0.00376013969071, -0.00263855536468, 0.00841878447682, -0.0041392641142, 0.000130380882183, 0.000558646745048, 0.003948551137, -0.000804145412985, 0.029074927792, 0.00136504590046, 0.00239811628126, -0.00838189478964], [0.00203207880259, 0.0011086538434, 0.00369841093197, -8.72475866345e-05, 0.00499512022361, 0.0015210689744, 0.00520917866379, -0.00337524712086, -0.00527363270521, 0.00136504590046, 0.0242949128151, -0.0024063878227, -0.000968033506069], [-0.000168465616298, 0.00259971152991, -0.00499302987009, 0.00596917886287, -0.00244304304942, 0.0065691228956, 0.00203634053469, 0.00832992233336, 0.00452559674159, 0.00239811628126, -0.0024063878227, 0.028554558754, 0.00474477792159], [0.00114118750207, -0.000270511314739, 0.00249972753227, 0.00206105480902, 0.00159080175217, -0.00014742926578, 0.00383504899219, 0.00323333125561, 0.000118279342132, -0.00838189478964, -0.000968033506069, 0.00474477792159, 0.0250424277037]]
    },
    "melbands": {
        "dmean": [2.33255015303e-08, 6.17780585799e-07, 1.52996835823e-06, 7.48642150938e-06, 0.000158998795087, 0.00051647570217, 9.97345850919e-05, 0.000310305855237, 0.000340835191309, 5.83503497182e-05, 0.000110277658678, 3.38780300808e-05, 8.47875799082e-06, 3.78235517928e-06, 5.04024092152e-06, 1.01369187178e-05, 2.18837976718e-06, 1.11813335479e-06, 1.78325160505e-06, 2.52469430961e-06, 3.04368882098e-06, 1.37038032335e-05, 1.70028270077e-05, 3.65234045603e-05, 1.42043018059e-05, 8.72176497069e-06, 7.74717591412e-06, 9.12088034966e-06, 2.44900875259e-05, 3.30558905262e-05, 2.27059845201e-05, 1.18803636724e-05, 1.57995873451e-05, 2.09391801036e-05, 2.96877296933e-05, 1.01787254607e-05, 9.12767518457e-06, 4.31819989899e-06, 5.70362999497e-06, 3.00193141811e-06],
        "dmean2": [4.16909529122e-08, 9.80185973276e-07, 2.47689558819e-06, 1.30589951368e-05, 0.000280265376205, 0.000915553129744, 0.000171596824657, 0.00055890949443, 0.000603800814133, 9.54651550273e-05, 0.000197112516616, 6.15066746832e-05, 1.52770226123e-05, 6.70312692819e-06, 9.02095143829e-06, 1.86266479432e-05, 3.81011295758e-06, 2.05275387088e-06, 3.25479140884e-06, 4.54055680166e-06, 5.78255821893e-06, 2.61117074842e-05, 3.25592518493e-05, 6.94419723004e-05, 2.66836013907e-05, 1.66497247847e-05, 1.49223124026e-05, 1.75890309038e-05, 4.61653798993e-05, 5.93604745518e-05, 4.33828790847e-05, 2.30416899285e-05, 3.05647299683e-05, 4.05393984693e-05, 5.79756924708e-05, 1.89132315427e-05, 1.74314336618e-05, 8.38074811327e-06, 1.08641806946e-05, 5.70006113776e-06],
        "dvar": [8.39974092309e-16, 4.73035781552e-13, 3.00870829986e-12, 1.30669960963e-10, 6.53614264934e-08, 7.62655076869e-07, 3.00657916341e-08, 4.82770133203e-07, 5.66156472814e-07, 2.03877963401e-08, 9.41178512903e-08, 3.26770455139e-09, 1.16389356486e-10, 2.23408288397e-11, 6.49575879197e-11, 4.14002665483e-10, 8.3616212912e-12, 3.15332222139e-12, 1.13753763353e-11, 1.66056300654e-11, 5.10199209269e-11, 1.13029063886e-09, 1.8859103168e-09, 6.44876774203e-09, 6.95673685325e-10, 4.42571673753e-10, 3.81364606561e-10, 5.62901447676e-10, 3.41837247397e-09, 4.52836212972e-09, 2.67365973805e-09, 1.26041921344e-09, 1.84257487046e-09, 1.49370404934e-09, 4.95472507467e-09, 6.38145536414e-10, 4.89085771882e-10, 1.86260049051e-10, 1.70641237252e-10, 4.61443591671e-11],
        "dvar2": [2.69875539017e-15, 1.10819838549e-12, 7.8332453371e-12, 3.62284785504e-10, 1.81366516472e-07, 2.13897101276e-06, 8.30805575447e-08, 1.33585820095e-06, 1.53681605752e-06, 5.16894296254e-08, 2.61068919372e-07, 8.98038621244e-09, 3.22000537345e-10, 5.75005563996e-11, 1.69850966625e-10, 1.12910270023e-09, 2.12573691288e-11, 8.40151732906e-12, 3.02858814416e-11, 4.14354453526e-11, 1.46078871222e-10, 3.22904303296e-09, 5.3956581425e-09, 1.81708781355e-08, 1.96383909135e-09, 1.29081756395e-09, 1.12432496646e-09, 1.63594959801e-09, 9.43329858671e-09, 1.14386233818e-08, 7.5627220042e-09, 3.72204689292e-09, 5.41350075878e-09, 4.22250412413e-09, 1.5000169995e-08, 1.5286292232e-09, 1.38874056699e-09, 5.43976308442e-10, 4.70741556846e-10, 1.30849664437e-10],
        "max": [1.89762516811e-07, 6.53743063594e-06, 1.41913760672e-05, 7.32068292564e-05, 0.00166202068795, 0.00503634428605, 0.00102903542574, 0.00436854083091, 0.00474653253332, 0.00109261088073, 0.00202493392862, 0.000367606116924, 6.81636083755e-05, 3.45484113495e-05, 4.00183780584e-05, 0.000112196335976, 1.76947833097e-05, 9.81678113021e-06, 2.14136944123e-05, 3.45449952874e-05, 5.25071955053e-05, 0.000182534218766, 0.000286526512355, 0.000459409959149, 0.000178959657205, 0.000143437471706, 0.000126652623294, 0.00014879614173, 0.000322203733958, 0.000569943280425, 0.00036957472912, 0.00024315531482, 0.000299803010421, 0.000175580789801, 0.000416385271819, 0.000228623845032, 0.000158583570737, 0.00013116619084, 6.7929031502e-05, 4.81024253531e-05],
        "mean": [2.68562789785e-08, 9.16031638099e-07, 2.25552412303e-06, 7.12317341822e-06, 0.000125353937619, 0.000428267812822, 8.68763891049e-05, 0.000209829959203, 0.000234742939938, 5.19116438227e-05, 8.49035714054e-05, 2.75220027106e-05, 7.12181872586e-06, 2.75733668786e-06, 3.55944462171e-06, 6.68850407237e-06, 1.82688120276e-06, 8.22533877454e-07, 1.26735744743e-06, 1.80387803539e-06, 1.98849284061e-06, 8.66109348863e-06, 1.02868725662e-05, 2.14204283111e-05, 9.2167620096e-06, 5.53959125682e-06, 4.99711813973e-06, 5.31916248292e-06, 1.49485822476e-05, 2.16887128772e-05, 1.3303061678e-05, 7.00161990608e-06, 9.20202364796e-06, 1.20764434541e-05, 1.68205006048e-05, 6.98527037457e-06, 5.12625456395e-06, 2.41645102506e-06, 3.35101822202e-06, 1.74429112576e-06],
        "median": [1.96164151589e-08, 5.4750853451e-07, 1.53051178131e-06, 3.77987794309e-06, 3.21349798469e-05, 0.000118907657452, 2.68040348601e-05, 2.34732870013e-05, 2.18133300223e-05, 8.4977455117e-06, 1.21501852846e-05, 7.81226208346e-06, 2.35613993027e-06, 7.69896416841e-07, 7.39010204143e-07, 8.98106691238e-07, 7.0110058914e-07, 2.51039296018e-07, 2.79339076314e-07, 3.78566909376e-07, 3.93412960875e-07, 1.3450521692e-06, 1.42404383041e-06, 2.20943661589e-06, 1.38403834171e-06, 5.18847684816e-07, 2.82152626596e-07, 3.12932542101e-07, 4.24710151492e-07, 5.7224366401e-07, 5.56398958906e-07, 2.57759609212e-07, 3.1925870303e-07, 5.43996009128e-07, 4.06199859526e-07, 1.29897756551e-07, 7.46085291325e-08, 4.699042222e-08, 6.58811103449e-08, 2.99883780031e-08],
        "min": [1.01117725304e-09, 2.30317223071e-08, 3.98018507042e-08, 9.46915292843e-08, 3.85960134963e-07, 4.65378718673e-07, 2.61495074483e-07, 1.70847769709e-07, 1.09381083746e-07, 9.91013706653e-08, 1.59911110131e-07, 1.83125251851e-07, 4.37927560881e-08, 3.08551157957e-08, 5.45213580949e-08, 1.37473019635e-08, 1.56320307809e-08, 1.62233533274e-08, 1.92465652304e-08, 1.0166314901e-08, 1.25823023112e-08, 2.6912239548e-08, 2.67545132715e-08, 3.28625198165e-08, 1.15496963105e-08, 4.48877157666e-09, 3.57974272447e-09, 3.96995325502e-09, 7.06889213831e-09, 1.67606852841e-08, 2.24785914327e-08, 9.46403666546e-09, 2.27746976833e-09, 1.65456381929e-09, 1.68362790376e-09, 3.65782237832e-10, 2.16374695938e-10, 1.7647129591e-10, 2.20239160242e-10, 9.6418928397e-11],
        "var": [7.31297382896e-16, 9.24970603583e-13, 5.06237066156e-12, 1.13047397832e-10, 5.19713196923e-08, 6.09005780916e-07, 2.48779290501e-08, 3.24794115159e-07, 3.99782379645e-07, 1.91802786986e-08, 6.66570869612e-08, 2.70163180716e-09, 1.17075196759e-10, 1.85089495813e-11, 4.80156019111e-11, 2.73535777362e-10, 7.8038799381e-12, 2.27188840657e-12, 8.04632055429e-12, 1.41769842393e-11, 2.99912004953e-11, 6.71779853967e-10, 1.07969722052e-09, 3.7666265662e-09, 4.38928809965e-10, 2.57655397018e-10, 2.63029015235e-10, 3.11102865691e-10, 2.17322226881e-09, 3.91480359241e-09, 1.63425795119e-09, 7.00674629428e-10, 1.0697276398e-09, 9.00793106773e-10, 2.8475375391e-09, 6.12607298223e-10, 2.80918843742e-10, 9.91140294837e-11, 1.03466554768e-10, 2.66580264807e-11]
    },
    "mfcc": {
        "mean": [-753.388183594, 58.2859268188, -4.78447771072, 0.774292945862, -47.5699806213, -36.2108039856, -35.4180107117, -5.52051639557, -18.7946929932, -21.3936786652, -4.09233045578, -4.05919027328, -12.2402544022],
        "cov": [[8637.88476562, -2639.98901367, 164.743255615, -833.690429688, -703.282287598, -824.620727539, -272.832855225, -386.10848999, -227.628555298, 317.113769531, -310.97946167, 171.246154785, -181.479187012], [-2639.98901367, 2250.30297852, -140.030899048, 76.2001800537, 139.987869263, -154.884552002, -235.045639038, 81.3290252686, 17.9930000305, -112.659034729, 75.0135269165, 69.0389175415, 31.7660312653], [164.743255615, -140.030899048, 238.143463135, 25.655292511, -14.4418058395, -5.58693122864, -49.6550521851, 17.0071182251, -65.2349777222, 25.8230037689, -21.2302742004, -32.4113311768, 13.6997041702], [-833.690429688, 76.2001800537, 25.655292511, 245.405105591, 42.9210548401, 162.652923584, 37.3030853271, 101.262535095, -3.7387201786, 36.7814445496, 8.39941310883, -81.5584259033, 40.91040802], [-703.282287598, 139.987869263, -14.4418058395, 42.9210548401, 140.228607178, 75.7253799438, 46.2088356018, 14.5489416122, 38.9881362915, -41.8002204895, 32.9599838257, 22.3044719696, 3.57121872902], [-824.620727539, -154.884552002, -5.58693122864, 162.652923584, 75.7253799438, 315.585388184, 129.71131897, 51.0161590576, 46.6179542542, -53.4418296814, 30.1604118347, -81.325340271, 44.3466796875], [-272.832855225, -235.045639038, -49.6550521851, 37.3030853271, 46.2088356018, 129.71131897, 171.968917847, 17.4273910522, 67.1013946533, -13.2781848907, 35.0007286072, -32.2897491455, 9.31826305389], [-386.10848999, 81.3290252686, 17.0071182251, 101.262535095, 14.5489416122, 51.0161590576, 17.4273910522, 124.115829468, -22.940788269, 54.9828147888, 17.7783222198, -66.664680481, 13.4620275497], [-227.628555298, 17.9930000305, -65.2349777222, -3.7387201786, 38.9881362915, 46.6179542542, 67.1013946533, -22.940788269, 107.163909912, -29.8013401031, 20.4281654358, 26.860912323, -6.34668540955], [317.113769531, -112.659034729, 25.8230037689, 36.7814445496, -41.8002204895, -53.4418296814, -13.2781848907, 54.9828147888, -29.8013401031, 160.359146118, -43.0124588013, -19.6796169281, 6.86733055115], [-310.97946167, 75.0135269165, -21.2302742004, 8.39941310883, 32.9599838257, 30.1604118347, 35.0007286072, 17.7783222198, 20.4281654358, -43.0124588013, 88.4332351685, -26.7247371674, 5.19671630859], [171.246154785, 69.0389175415, -32.4113311768, -81.5584259033, 22.3044719696, -81.325340271, -32.2897491455, -66.664680481, 26.860912323, -19.6796169281, -26.7247371674, 128.37008667, -29.2803897858], [-181.479187012, 31.7660312653, 13.6997041702, 40.91040802, 3.57121872902, 44.3466796875, 9.31826305389, 13.4620275497, -6.34668540955, 6.86733055115, 5.19671630859, -29.2803897858, 49.5585365295]],
