{
"lowlevel": {
    "average_loudness": 0.885962307453,
    "barkbands_crest": {
        "dmean": 3.03883600235,
        "dmean2": 5.39594078064,
        "dvar": 9.53126716614,
        "dvar2": 24.4952030182,
        "max": 23.5247116089,
        "mean": 7.19571971893,
        "median": 6.54229879379,
        "min": 2.41326093674,
        "var": 16.0013942719
    },
    "barkbands_flatness_db": {
        "dmean": 0.0179704688489,
        "dmean2": 0.0302255880088,
        "dvar": 0.000366212334484,
        "dvar2": 0.000756981316954,
        "max": 0.227148249745,
        "mean": 0.0730755478144,
        "median": 0.0588680021465,
        "min": 0.0255800392479,
        "var": 0.00152915273793
    },
    "barkbands_kurtosis": {
        "dmean": 2.91190075874,
        "dmean2": 4.96735286713,
        "dvar": 82.7279129028,
        "dvar2": 207.777801514,
        "max": 78.1343078613,
        "mean": 1.78285038471,
        "median": -0.274882078171,
        "min": -1.73395013809,
        "var": 78.7031707764
    },
    "barkbands_skewness": {
        "dmean": 0.575459837914,
        "dmean2": 0.932480812073,
        "dvar": 0.563307583332,
        "dvar2": 1.27140176296,
        "max": 7.67470693588,
        "mean": 1.07299757004,
        "median": 1.08023250103,
        "min": -0.878820359707,
        "var": 1.36267900467
    },
    "barkbands_spread": {
        "dmean": 10.4270210266,
        "dmean2": 16.73777771,
        "dvar": 94.5228652954,
        "dvar2": 228.626693726,
        "max": 122.368492126,
        "mean": 55.3488731384,
        "median": 49.9612503052,
        "min": 2.97181749344,
        "var": 635.873168945
    },
    "dissonance": {
        "dmean": 0.0138456951827,
        "dmean2": 0.0214154459536,
        "dvar": 0.000469827238703,
        "dvar2": 0.000697728537489,
        "max": 0.499876856804,
        "mean": 0.481385618448,
        "median": 0.487939327955,
        "min": 0.308737903833,
        "var": 0.000557567866053
    },
    "dynamic_complexity": 5.95243120193,
    "erbbands_crest": {
        "dmean": 2.0784342289,
        "dmean2": 3.64908838272,
        "dvar": 6.05680465698,
        "dvar2": 13.5496921539,
        "max": 22.0731811523,
        "mean": 5.92414045334,
        "median": 5.32749414444,
        "min": 2.45577168465,
        "var": 7.20208692551
    },
    "erbbands_flatness_db": {
        "dmean": 0.0122773889452,
        "dmean2": 0.0195879582316,
        "dvar": 0.000195747721591,
        "dvar2": 0.00038133963244,
        "max": 0.190751835704,
        "mean": 0.088982321322,
        "median": 0.0921162366867,
        "min": 0.0215494148433,
        "var": 0.0014873057371
    },
    "erbbands_kurtosis": {
        "dmean": 0.750885784626,
        "dmean2": 1.26831412315,
        "dvar": 1.20072758198,
        "dvar2": 3.10240745544,
        "max": 7.71153450012,
        "mean": 0.188289791346,
        "median": 0.114204883575,
        "min": -1.3175495863,
        "var": 1.17491841316
    },
    "erbbands_skewness": {
        "dmean": 0.306110501289,
        "dmean2": 0.50074326992,
        "dvar": 0.101909980178,
        "dvar2": 0.229986920953,
        "max": 2.69997859001,
        "mean": 0.167551130056,
        "median": 0.250981390476,
        "min": -1.14999306202,
        "var": 0.563073575497
    },
    "erbbands_spread": {
        "dmean": 7.02199316025,
        "dmean2": 11.3544979095,
        "dvar": 48.095703125,
        "dvar2": 137.089309692,
        "max": 102.490875244,
        "mean": 46.965675354,
        "median": 36.4219703674,
        "min": 14.9727563858,
        "var": 557.092834473
    },
    "hfc": {
        "dmean": 4.27574682236,
        "dmean2": 6.02009153366,
        "dvar": 107.07913208,
        "dvar2": 185.048629761,
        "max": 84.9402999878,
        "mean": 15.0024251938,
        "median": 7.28329706192,
        "min": 0.145411729813,
        "var": 347.446899414
    },
    "melbands_crest": {
        "dmean": 3.63844633102,
        "dmean2": 6.33164310455,
        "dvar": 11.7161149979,
        "dvar2": 29.2533683777,
        "max": 25.4845752716,
        "mean": 11.5870132446,
        "median": 10.6434869766,
        "min": 5.26910734177,
        "var": 20.0070838928
    },
    "melbands_flatness_db": {
        "dmean": 0.0244819223881,
        "dmean2": 0.0400180667639,
        "dvar": 0.000585580593906,
        "dvar2": 0.00117954087909,
        "max": 0.335886865854,
        "mean": 0.142502874136,
        "median": 0.132039740682,
        "min": 0.0362760648131,
        "var": 0.00364220375195
    },
    "melbands_kurtosis": {
        "dmean": 7.35120248795,
        "dmean2": 12.2383584976,
        "dvar": 122.24508667,
        "dvar2": 323.753356934,
        "max": 70.9658584595,
        "mean": 13.8097782135,
        "median": 4.0923614502,
        "min": -1.1808078289,
        "var": 338.762268066
    },
    "melbands_skewness": {
        "dmean": 0.706949293613,
        "dmean2": 1.1685359478,
        "dvar": 0.573632895947,
        "dvar2": 1.43214130402,
        "max": 6.82118463516,
        "mean": 2.49817943573,
        "median": 1.94193816185,
        "min": -0.0925019532442,
        "var": 3.08919787407
    },
    "melbands_spread": {
        "dmean": 8.45346450806,
        "dmean2": 14.087015152,
        "dvar": 146.367111206,
        "dvar2": 315.455596924,
        "max": 115.989936829,
        "mean": 34.5617218018,
        "median": 27.7543048859,
        "min": 1.91353225708,
        "var": 576.887390137
    },
    "pitch_salience": {
        "dmean": 0.0868797674775,
        "dmean2": 0.145475640893,
        "dvar": 0.00594094116241,
        "dvar2": 0.0149841131642,
        "max": 0.843043267727,
        "mean": 0.666922926903,
        "median": 0.697049260139,
        "min": 0.369881927967,
        "var": 0.00915830209851
    },
    "silence_rate_20dB": {
        "dmean": 0,
        "dmean2": 0,
        "dvar": 0,
        "dvar2": 0,
        "max": 1,
        "mean": 1,
        "median": 1,
        "min": 1,
        "var": 0
    },
    "silence_rate_30dB": {
        "dmean": 0,
        "dmean2": 0,
        "dvar": 0,
        "dvar2": 0,
        "max": 1,
        "mean": 1,
        "median": 1,
        "min": 1,
        "var": 0
    },
    "silence_rate_60dB": {
        "dmean": 0.0555555559695,
        "dmean2": 0.112359553576,
        "dvar": 0.0524691790342,
        "dvar2": 0.0997349396348,
        "max": 1,
        "mean": 0.571428596973,
        "median": 1,
        "min": 0,
        "var": 0.244898110628
    },
    "spectral_centroid": {
        "dmean": 261.494476318,
        "dmean2": 422.022338867,
        "dvar": 83054.09375,
        "dvar2": 151769.625,
        "max": 3341.88476562,
        "mean": 1685.97802734,
        "median": 1707.22888184,
        "min": 309.692504883,
        "var": 597423.5
    },
    "spectral_complexity": {
        "dmean": 3.68888878822,
        "dmean2": 4.80898857117,
        "dvar": 35.9921264648,
        "dvar2": 55.3455505371,
        "max": 57,
        "mean": 14.8571424484,
        "median": 6,
        "min": 0,
        "var": 299.199249268
    },
    "spectral_decrease": {
        "dmean": 7.68825891839e-10,
        "dmean2": 1.0912496462e-09,
        "dvar": 3.49157610129e-18,
        "dvar2": 7.73243473531e-18,
        "max": -3.93887830338e-13,
        "mean": -1.61279489763e-09,
        "median": -5.63668944853e-10,
        "min": -1.65504587812e-08,
        "var": 6.56750180299e-18
    },
    "spectral_energy": {
        "dmean": 0.00323634641245,
        "dmean2": 0.00438761338592,
        "dvar": 5.62869536225e-05,
        "dvar2": 0.00012360693654,
        "max": 0.0644772872329,
        "mean": 0.00744783179834,
        "median": 0.00283402600326,
        "min": 1.46759002746e-05,
        "var": 0.000119901647849
    },
    "spectral_energyband_high": {
        "dmean": 0.000262882560492,
        "dmean2": 0.000388734828448,
        "dvar": 7.04852084255e-07,
        "dvar2": 1.22735343666e-06,
        "max": 0.0070829000324,
        "mean": 0.000691015215125,
        "median": 0.000197878543986,
        "min": 4.03215653932e-06,
        "var": 1.54071074121e-06
    },
    "spectral_energyband_low": {
        "dmean": 0.000314554403303,
        "dmean2": 0.000548447482288,
        "dvar": 1.05071485734e-07,
        "dvar2": 2.94915025734e-07,
        "max": 0.00247535388917,
        "mean": 0.000578313774895,
        "median": 0.000423175893957,
        "min": 2.70960003945e-06,
        "var": 2.03234066021e-07
    },
    "spectral_energyband_middle_high": {
        "dmean": 0.00102456682362,
        "dmean2": 0.00129450904205,
        "dvar": 5.59511363463e-06,
        "dvar2": 1.26848581203e-05,
        "max": 0.0231019500643,
        "mean": 0.0028457979206,
        "median": 0.000759143091273,
        "min": 1.84236299106e-07,
        "var": 2.43203667196e-05
    },
    "spectral_energyband_middle_low": {
        "dmean": 0.00207450171001,
        "dmean2": 0.00307717290707,
        "dvar": 4.66781602881e-05,
        "dvar2": 0.000107236279291,
        "max": 0.0617960579693,
        "mean": 0.00322325481102,
        "median": 0.000945387175307,
        "min": 3.84986924473e-06,
        "var": 5.51515549887e-05
    },
    "spectral_entropy": {
        "dmean": 0.116070844233,
        "dmean2": 0.184973195195,
        "dvar": 0.0195225924253,
        "dvar2": 0.0431686043739,
        "max": 8.46721363068,
        "mean": 8.0209941864,
        "median": 8.0573682785,
        "min": 6.5870051384,
        "var": 0.0567567944527
    },
    "spectral_flux": {
        "dmean": 0.0116711575538,
        "dmean2": 0.0180567763746,
        "dvar": 0.000398422271246,
        "dvar2": 0.00118721241597,
        "max": 0.194018557668,
        "mean": 0.0487024858594,
        "median": 0.0351295433939,
        "min": 0.0164049919695,
        "var": 0.00121221598238
    },
    "spectral_kurtosis": {
        "dmean": 0.922675311565,
        "dmean2": 1.34942579269,
        "dvar": 0.797004342079,
        "dvar2": 1.80223035812,
        "max": 13.6286754608,
        "mean": 6.97354078293,
        "median": 6.58678817749,
        "min": 2.91477394104,
        "var": 6.08619499207
    },
    "spectral_rms": {
        "dmean": 0.000455477682408,
        "dmean2": 0.000619515543804,
        "dvar": 4.78692754768e-07,
        "dvar2": 9.01240412077e-07,
        "max": 0.00793124642223,
        "mean": 0.00222270935774,
        "median": 0.00166279985569,
        "min": 0.000119657641335,
        "var": 2.32573574976e-06
    },
    "spectral_rolloff": {
        "dmean": 3521.39697266,
        "dmean2": 6529.40039062,
        "dvar": 29845532,
        "dvar2": 91306024,
        "max": 21274.8046875,
        "mean": 7902.44921875,
        "median": 3596.04492188,
        "min": 150.732421875,
        "var": 51658464
    },
    "spectral_skewness": {
        "dmean": 0.150291651487,
        "dmean2": 0.230453535914,
        "dvar": 0.0225119646639,
        "dvar2": 0.0509230047464,
        "max": 2.9074151516,
        "mean": 1.94187927246,
        "median": 1.87657511234,
        "min": 1.26748549938,
        "var": 0.124137289822
    },
    "spectral_spread": {
        "dmean": 367630.5625,
        "dmean2": 489636.125,
        "dvar": 137076039680,
        "dvar2": 220748005376,
        "max": 12572833,
        "mean": 6631480.5,
        "median": 5312343.5,
        "min": 3664674,
        "var": 7.6875956224e+12
    },
    "spectral_strongpeak": {
        "dmean": 0.183778613806,
        "dmean2": 0.314699530602,
        "dvar": 0.100609898567,
        "dvar2": 0.269065141678,
        "max": 2.32361245155,
        "mean": 0.232903346419,
        "median": 0.0900513753295,
        "min": 0,
        "var": 0.147091045976
    },
    "zerocrossingrate": {
        "dmean": 0.0278808586299,
        "dmean2": 0.0362041331828,
        "dvar": 0.000685400504153,
        "dvar2": 0.00128113583196,
        "max": 0.39013671875,
        "mean": 0.196890026331,
        "median": 0.205078125,
        "min": 0.0458984375,
        "var": 0.00462437234819
    },
    "barkbands": {
        "dmean": [0.00039553330862, 0.000141509299283, 9.18174773687e-05, 0.000297326274449, 0.00154083024245, 0.000229645651416, 0.000266210030532, 0.000129280233523, 0.000164416851476, 6.86748389853e-05, 5.8442918089e-05, 0.000182352159754, 0.000214639789192, 0.000180469141924, 0.000143571785884, 0.000141841199365, 0.000141079435707, 0.00011723874195, 0.000242558860919, 0.000147284532432, 6.03613552812e-05, 4.0003174945e-05, 3.04985969706e-05, 3.19068894896e-05, 4.065599569e-05, 6.89792386765e-06, 1.92443894775e-05],
        "dmean2": [0.000703021476511, 0.0002387464192, 0.000154493754962, 0.000477095047245, 0.00248172157444, 0.000409717293223, 0.000447621685453, 0.000199519054149, 0.000274432706647, 0.000115019072837, 8.84457695065e-05, 0.000298359722365, 0.000370240362827, 0.000294083467452, 0.000213604274904, 0.000211737380596, 0.000194272040972, 0.000161776566529, 0.000368130247807, 0.00021756287606, 8.00922134658e-05, 6.6676089773e-05, 4.87054276164e-05, 4.36748523498e-05, 6.33193849353e-05, 1.08569774966e-05, 3.16384393955e-05],
        "dvar": [1.62930831493e-07, 3.87803495983e-08, 8.98722163356e-09, 3.7301109046e-07, 4.58175200038e-05, 1.59272872224e-07, 3.06328303168e-07, 9.1104872979e-08, 9.26851200234e-08, 1.72659415654e-08, 1.04827497793e-08, 1.03398591023e-07, 2.99030489259e-07, 2.0187002292e-07, 8.69879670518e-08, 1.24682628666e-07, 1.26385586441e-07, 6.74564404335e-08, 4.97146174894e-07, 1.87816695529e-07, 3.18422799239e-08, 1.87245330352e-08, 8.71315908313e-09, 1.18220988554e-08, 2.85437629088e-08, 5.47550726981e-10, 3.42754991056e-10],
        "dvar2": [4.38235844058e-07, 1.0134502304e-07, 2.42457627309e-08, 8.82641927547e-07, 0.000111849498353, 4.25583237984e-07, 9.36351170822e-07, 2.01640759201e-07, 2.64605517941e-07, 5.14569045151e-08, 2.45693012602e-08, 2.66571277052e-07, 8.97583049664e-07, 5.5196142057e-07, 1.94618522187e-07, 2.74750249218e-07, 2.60808263874e-07, 1.08297420809e-07, 1.12005568553e-06, 4.36140226157e-07, 6.57298002693e-08, 3.51679076971e-08, 1.69730061117e-08, 2.54867060789e-08, 6.86341579126e-08, 1.02409747349e-09, 5.84401083081e-10],
        "max": [0.00193096278235, 0.0013508957345, 0.000568136747461, 0.00625535519794, 0.0561186261475, 0.00309703312814, 0.00360583490692, 0.00282831164077, 0.00241941446438, 0.00102035852615, 0.000736622954719, 0.00235860957764, 0.00381471496075, 0.00259823934175, 0.00339902890846, 0.00343852164224, 0.00435908837244, 0.00261320685968, 0.00581650156528, 0.00346858077683, 0.00152392650489, 0.00112295895815, 0.000712779408786, 0.000962414545938, 0.00142888980918, 0.000199700079975, 0.000174164466443],
        "mean": [0.000325353845255, 0.000163671094924, 0.000120656557556, 0.000606473593507, 0.00142647803295, 0.000350976333721, 0.000342758139595, 0.000214546424104, 0.000254337326623, 0.000110543085611, 9.15593045647e-05, 0.000340990634868, 0.000275570870144, 0.000308945338475, 0.000277511629974, 0.000293865363346, 0.000291662610834, 0.000305947382003, 0.000430188374594, 0.000287552567897, 0.000159647679538, 7.6743439422e-05, 4.81116185256e-05, 5.02201219206e-05, 5.34187856829e-05, 1.96242708626e-05, 0.000136140399263],
        "median": [0.000185103417607, 8.88842914719e-05, 6.50355359539e-05, 0.000172586602275, 0.000198564783204, 9.52429982135e-05, 0.000131904671434, 7.8183329606e-05, 6.37246994302e-05, 3.80508354283e-05, 2.84043035208e-05, 7.26259459043e-05, 5.0570750318e-05, 5.97268444835e-05, 4.92042709084e-05, 4.13486704929e-05, 4.53308493888e-05, 4.62869211333e-05, 5.6694378145e-05, 3.45766820828e-05, 2.1743160687e-05, 7.08673405825e-06, 5.49277592654e-06, 7.2524380812e-06, 7.97601660452e-06, 1.14710173875e-05, 0.00013936375035],
        "min": [5.79888478569e-07, 1.5553398498e-06, 4.53350168073e-07, 2.29102042226e-07, 1.02376498035e-06, 9.20155287076e-07, 6.92557364346e-07, 7.11646691798e-07, 2.63018989699e-07, 1.49536329985e-08, 2.24456631059e-08, 1.63258455643e-08, 2.58035246503e-08, 7.40263272903e-09, 2.47962184119e-08, 2.05780281703e-08, 1.24546417624e-08, 1.48647334441e-08, 1.77418826297e-08, 4.73833949854e-08, 2.34827499668e-08, 4.77583697034e-08, 7.0770759919e-08, 3.48159510111e-08, 8.59514557305e-08, 1.94712370671e-07, 4.05329410569e-06],
        "var": [1.47101914649e-07, 5.21295824285e-08, 1.75745373809e-08, 1.09567668005e-06, 3.98658630729e-05, 3.6549445781e-07, 3.44877634006e-07, 1.76348038394e-07, 1.85895643767e-07, 3.65351233711e-08, 1.95310718709e-08, 2.82862089307e-07, 3.51806107801e-07, 3.37036397013e-07, 3.29806823629e-07, 3.69099581121e-07, 4.04817569688e-07, 3.45671082869e-07, 8.25905374313e-07, 3.80707973591e-07, 1.05111602977e-07, 3.23058273466e-08, 1.29336958921e-08, 1.57103361431e-08, 2.71695768106e-08, 7.49793727106e-10, 4.88015905464e-10]
    },
    "erbbands": {
        "dmean": [0.00505115604028, 0.0307655856013, 0.0835028216243, 0.476332724094, 1.59610116482, 8.66978263855, 3.1337954998, 2.16558337212, 2.44241309166, 3.70973944664, 3.17116904259, 4.07373189926, 1.74499797821, 2.61755108833, 2.39602470398, 8.1800403595, 10.4261159897, 10.9127378464, 7.73826408386, 5.353099823, 8.14041042328, 7.79615116119, 6.69996356964, 12.0990571976, 8.51470088959, 7.50552034378, 3.47278046608, 2.42590427399, 1.47142314911, 1.14845585823, 0.780310571194, 0.592723548412, 0.662607848644, 0.619734883308, 0.190697535872, 0.0438994951546, 0.00880053639412, 0.00510201603174, 0.00233507715166, 0.000437074690126],
        "dmean2": [0.00864049326628, 0.0528258644044, 0.149943828583, 0.788593351841, 2.62362408638, 13.7056417465, 4.8859000206, 3.58491563797, 3.86809849739, 5.54096364975, 4.84204816818, 6.63147640228, 2.73060584068, 4.43401002884, 3.72929596901, 13.1527824402, 18.1877059937, 18.2921485901, 11.3595695496, 7.30543518066, 12.0253305435, 9.82242298126, 10.3074007034, 18.6689662933, 12.6774549484, 11.8700799942, 5.17341566086, 3.37336277962, 2.23679041862, 1.91588270664, 1.27134943008, 0.813299179077, 0.913228988647, 0.972982764244, 0.258921355009, 0.074449673295, 0.0123517448083, 0.00866140518337, 0.00362713355571, 0.000729546882212],
        "dvar": [3.8679325371e-05, 0.00233248411678, 0.0113774007186, 0.614981889725, 10.0451393127, 1641.98327637, 88.6743469238, 13.7239999771, 21.2291088104, 56.5798873901, 55.251750946, 64.2861175537, 6.9461145401, 39.5223045349, 16.9623031616, 215.644775391, 752.566589355, 760.705627441, 249.289932251, 122.431121826, 394.053070068, 318.189422607, 242.208816528, 1132.60375977, 630.932678223, 482.227294922, 96.3419342041, 44.4334373474, 23.1610164642, 18.7311611176, 5.83783960342, 3.23026704788, 5.70060634613, 6.66546344757, 0.490389883518, 0.0356205739081, 0.000657466356643, 1.64992816281e-05, 4.63008063889e-06, 1.44493114362e-07],
        "dvar2": [0.000110549233796, 0.00569739984348, 0.029274661094, 1.58053386211, 22.9786052704, 3996.45825195, 187.247940063, 37.5409965515, 60.6323242188, 154.81098938, 104.385986328, 195.58354187, 16.8539562225, 111.901847839, 35.6247024536, 557.243286133, 2198.92407227, 2155.23803711, 579.834777832, 226.187088013, 936.238525391, 557.016784668, 499.469848633, 2359.41308594, 1455.2220459, 1153.55773926, 182.562606812, 92.0763549805, 43.2740402222, 35.4374389648, 11.1182107925, 6.96728515625, 12.4133729935, 16.3443851471, 1.09426987171, 0.0673757120967, 0.00124805513769, 3.36627163051e-05, 1.0122545973e-05, 2.83333520201e-07],
        "max": [0.0484456717968, 0.363564997911, 0.824368596077, 8.38790798187, 26.3422718048, 331.946014404, 91.0389175415, 33.6236190796, 36.4621887207, 60.2237129211, 78.6546630859, 61.1132583618, 26.9654884338, 47.7079162598, 36.5941200256, 110.690849304, 172.602127075, 154.422775269, 187.522018433, 150.19493103, 187.87008667, 231.226150513, 160.717880249, 271.314300537, 211.153182983, 172.438476562, 80.240562439, 55.8925552368, 41.7132797241, 33.408203125, 18.3723468781, 15.1120109558, 21.140127182, 21.8542671204, 5.90919828415, 1.46356642246, 0.25748026371, 0.0405657477677, 0.022729491815, 0.00348456506617],
        "mean": [0.00565437506884, 0.0366483926773, 0.125798732042, 0.985721111298, 2.45998907089, 7.35280942917, 3.65618419647, 2.81820106506, 3.68325161934, 5.3480386734, 5.30559396744, 5.97043943405, 3.97020888329, 3.93395233154, 4.71102523804, 16.078294754, 13.8120212555, 17.5162830353, 15.1603631973, 12.6126060486, 16.7754230499, 16.6739654541, 15.7288265228, 21.5049915314, 18.6139621735, 14.4834423065, 8.3130273819, 5.46452045441, 2.85106253624, 1.96762776375, 1.29106533527, 0.988442480564, 0.927768051624, 0.731494188309, 0.284699201584, 0.0939839109778, 0.0305883456022, 0.0258351452649, 0.0149813760072, 0.00268907356076],
        "median": [0.00364762102254, 0.0156619548798, 0.0780731961131, 0.391398966312, 0.650802791119, 0.688304126263, 0.709946632385, 0.848800182343, 1.23567295074, 1.85584294796, 1.78894603252, 1.44685339928, 1.29973554611, 1.25394928455, 1.92777407169, 3.48231363297, 2.72777295113, 3.67538237572, 2.68595290184, 2.55744028091, 2.29458594322, 2.849578619, 2.43453454971, 3.25573277473, 2.42802906036, 1.52415335178, 1.15745985508, 0.682408154011, 0.291710346937, 0.209161996841, 0.15127800405, 0.145220026374, 0.131800055504, 0.0912919417024, 0.0525756590068, 0.0244346596301, 0.022707875818, 0.0261147152632, 0.0149409100413, 0.00274353404529],
        "min": [6.26309702056e-05, 0.000286966591375, 0.000560976273846, 0.000665982661303, 0.00158828089479, 0.00389191647992, 0.00602683192119, 0.00790557637811, 0.00967079214752, 0.0116436472163, 0.0156972352415, 0.00610923813656, 0.00126361974981, 0.000591805262957, 0.000763808318879, 0.000862344459165, 0.0011785501847, 0.00058686878765, 0.000730545143597, 0.00119381234981, 0.00113887607586, 0.000715608068276, 0.000774276617449, 0.000692856265232, 0.00115375500172, 0.00267786555924, 0.00104135775473, 0.000996202579699, 0.00149651744869, 0.00215735286474, 0.0019214838976, 0.00067049858626, 0.000685578968842, 0.000710098072886, 0.000781281676609, 0.000550834985916, 0.000350917660398, 0.0007024849765, 0.000381057121558, 8.74367251527e-05],
        "var": [4.27477025369e-05, 0.0032120232936, 0.0209811013192, 1.99577009678, 19.1995735168, 1410.6496582, 127.858879089, 23.0944747925, 35.7878990173, 77.5032806396, 118.776687622, 114.481559753, 36.4981384277, 50.6692733765, 46.4295959473, 659.320007324, 804.061584473, 1133.90234375, 968.695678711, 730.203308105, 1099.20788574, 1245.00830078, 918.677612305, 2012.92602539, 1414.38635254, 955.045166016, 305.575714111, 125.366325378, 43.3357048035, 25.9844398499, 8.90402126312, 5.00045013428, 6.81303501129, 6.05223751068, 0.555744707584, 0.0479715690017, 0.000933005940169, 2.59477965301e-05, 7.62143054089e-06, 2.0810792023e-07]
    },
    "gfcc": {
        "mean": [-49.1419143677, 31.4946022034, -81.4484329224, 2.01077699661, -33.6455917358, -14.3331661224, -24.6599769592, -7.48916101456, -17.5394897461, -4.64215230942, -7.52327775955, -8.81615161896, -10.5369548798],
        "cov": [[6914.35742188, 29.073841095, -3267.33129883, 345.992431641, -302.654327393, 64.4984588623, -519.196105957, -101.685241699, -625.995544434, -155.902755737, -132.059371948, -389.296966553, -228.446502686], [29.073841095, 352.87210083, 69.0337524414, -146.539916992, 41.9675941467, -67.1865310669, -5.11346626282, -42.918170929, 10.0209112167, -10.8110313416, 2.14035129547, 8.20740318298, 5.94281959534], [-3267.33129883, 69.0337524414, 1903.35864258, -92.5482177734, 88.5793533325, -9.56501579285, 252.271316528, 48.0349998474, 281.959777832, 68.9712142944, 62.1810722351, 224.291778564, 150.797454834], [345.992431641, -146.539916992, -92.5482177734, 190.471069336, -29.520160675, 44.8581314087, -20.9293289185, 0.936737716198, -73.0655975342, -10.0807952881, -9.325963974, -12.7181110382, 2.07864069939], [-302.654327393, 41.9675941467, 88.5793533325, -29.520160675, 131.570739746, -1.61610782146, 37.0927429199, -6.98468971252, 18.0163040161, -5.86314964294, 5.02315998077, 7.88788127899, 5.52342557907], [64.4984588623, -67.1865310669, -9.56501579285, 44.8581314087, -1.61610782146, 58.7546348572, 22.5205154419, 23.7190055847, 1.05812966824, 5.95645427704, 2.81851744652, -1.90337884426, -0.547980070114], [-519.196105957, -5.11346626282, 252.271316528, -20.9293289185, 37.0927429199, 22.5205154419, 89.8169555664, 32.768196106, 66.3045425415, 19.8879928589, 23.8325519562, 42.5240211487, 22.4879875183], [-101.685241699, -42.918170929, 48.0349998474, 0.936737716198, -6.98468971252, 23.7190055847, 32.768196106, 51.3909225464, 41.319934845, 16.1390285492, 2.26587533951, 7.09785509109, 3.94498634338], [-625.995544434, 10.0209112167, 281.959777832, -73.0655975342, 18.0163040161, 1.05812966824, 66.3045425415, 41.319934845, 113.354774475, 34.4776649475, 10.3114280701, 29.9587097168, 14.4638214111], [-155.902755737, -10.8110313416, 68.9712142944, -10.0807952881, -5.86314964294, 5.95645427704, 19.8879928589, 16.1390285492, 34.4776649475, 30.3935222626, 13.3555011749, 13.570069313, 6.73534202576], [-132.059371948, 2.14035129547, 62.1810722351, -9.325963974, 5.02315998077, 2.81851744652, 23.8325519562, 2.26587533951, 10.3114280701, 13.3555011749, 37.5170593262, 32.0270652771, 13.3950967789], [-389.296966553, 8.20740318298, 224.291778564, -12.7181110382, 7.88788127899, -1.90337884426, 42.5240211487, 7.09785509109, 29.9587097168, 13.570069313, 32.0270652771, 55.840473175, 31.8185214996], [-228.446502686, 5.94281959534, 150.797454834, 2.07864069939, 5.52342557907, -0.547980070114, 22.4879875183, 3.94498634338, 14.4638214111, 6.73534202576, 13.3950967789, 31.8185214996, 31.7044811249]],
        "icov": [[0.00247344607487, -0.0034813284874, 0.00359498313628, -0.00293182395399, 0.00247534108348, -0.00416715862229, 0.00339362211525, -0.00288754003122, 0.00175763596781, 0.00141863978934, 0.000344984553521, -0.000642012339085, -0.00158752838615], [-0.0034813284874, 0.010434624739, -0.00546991545707, 0.00914624612778, -0.00382151687518, 0.00862645730376, -0.00722315628082, 0.00578789738938, 0.00216479762457, -0.00360139529221, 0.0003814928059, 0.00353609654121, -0.000337898149155], [0.00359498313628, -0.00546991545707, 0.00752574531361, -0.00607449561357, 0.00352875865065, -0.00664923060685, 0.00416640983894, -0.000245868897764, -0.00382346869446, 0.00377828977071, 0.00541855068877, -0.00913525745273, -0.00430175568908], [-0.00293182395399, 0.00914624612778, -0.00607449561357, 0.0201266799122, -0.00216949149035, 0.00121182878502, -0.00801145005971, -0.000446526799351, 0.018075434491, -0.010951182805, 0.0048612812534, 0.00520825618878, -0.00233037513681], [0.00247534108348, -0.00382151687518, 0.00352875865065, -0.00216949149035, 0.0131129603833, -0.00344772497192, -0.00538477534428, 0.00172634818591, 0.00163965392858, 0.00552860787138, -0.0020750137046, 0.00658218981698, -0.00448054354638], [-0.00416715862229, 0.00862645730376, -0.00664923060685, 0.00121182878502, -0.00344772497192, 0.0411676950753, -0.0207470897585, -0.00606943992898, 0.00601647887379, -0.00621609250084, -0.0070343115367, 0.0164721310139, 0.00170287885703], [0.00339362211525, -0.00722315628082, 0.00416640983894, -0.00801145005971, -0.00538477534428, -0.0207470897585, 0.0509416982532, -0.0131030660123, -0.0177254062146, 0.0118878902867, -0.00794109050184, -0.0214913282543, 0.00307674403302], [-0.00288754003122, 0.00578789738938, -0.000245868897764, -0.000446526799351, 0.00172634818591, -0.00606943992898, -0.0131030660123, 0.0522920116782, -0.0263367444277, -0.000621737272013, 0.00901529565454, -0.00565731944516, -0.00429487787187], [0.00175763596781, 0.00216479762457, -0.00382346869446, 0.018075434491, 0.00163965392858, 0.00601647887379, -0.0177254062146, -0.0263367444277, 0.0653904750943, -0.0368760824203, 0.0120204035193, 0.0117769073695, 0.00603206967935], [0.00141863978934, -0.00360139529221, 0.00377828977071, -0.010951182805, 0.00552860787138, -0.00621609250084, 0.0118878902867, -0.000621737272013, -0.0368760824203, 0.075933791697, -0.0315635539591, 0.00751193379983, -0.00929285213351], [0.000344984553521, 0.0003814928059, 0.00541855068877, 0.0048612812534, -0.0020750137046, -0.0070343115367, -0.00794109050184, 0.00901529565454, 0.0120204035193, -0.0315635539591, 0.0904940888286, -0.0751165524125, 0.0194485485554], [-0.000642012339085, 0.00353609654121, -0.00913525745273, 0.00520825618878, 0.00658218981698, 0.0164721310139, -0.0214913282543, -0.00565731944516, 0.0117769073695, 0.00751193379983, -0.0751165524125, 0.135909944773, -0.0587248876691], [-0.00158752838615, -0.000337898149155, -0.00430175568908, -0.00233037513681, -0.00448054354638, 0.00170287885703, 0.00307674403302, -0.00429487787187, 0.00603206967935, -0.00929285213351, 0.0194485485554, -0.0587248876691, 0.0898826494813]]
    },
    "melbands": {
        "dmean": [5.01137437823e-05, 4.32141241618e-05, 0.000109926870209, 0.00034505451913, 0.00019176636124, 4.48301907454e-05, 4.25846301368e-05, 3.35512049787e-05, 2.63161564362e-05, 2.57602714555e-05, 8.55389316712e-06, 1.08988397187e-05, 7.61468800192e-06, 1.56473088282e-05, 2.3948312446e-05, 2.31479370996e-05, 2.07340654015e-05, 1.13561409307e-05, 8.80161769601e-06, 7.27627730157e-06, 1.04666705738e-05, 9.57804513746e-06, 6.35197102383e-06, 6.35189917375e-06, 1.06015459096e-05, 9.04531316337e-06, 4.47421734862e-06, 5.37184996574e-06, 2.52475706475e-06, 1.74782746853e-06, 1.27012276607e-06, 9.01312944279e-07, 7.82399069976e-07, 6.06587491347e-07, 4.1563973241e-07, 4.84913527998e-07, 3.24238072835e-07, 4.06988988289e-07, 5.70616464302e-07, 5.53945710635e-07],
        "dmean2": [8.7400105258e-05, 7.63921998441e-05, 0.000181877650903, 0.0005460709217, 0.000303826935124, 7.17454167898e-05, 6.85865379637e-05, 4.90112070111e-05, 3.91677313019e-05, 4.46827798442e-05, 1.34468591568e-05, 1.88657104445e-05, 1.09285711005e-05, 2.79244177364e-05, 3.72223985323e-05, 4.09642925661e-05, 3.47094282915e-05, 1.72512027348e-05, 1.37616989377e-05, 1.11330409709e-05, 1.6069629055e-05, 1.31864044306e-05, 7.76950309955e-06, 9.90210901364e-06, 1.65040564752e-05, 1.43652059705e-05, 7.12488008503e-06, 8.42364897835e-06, 3.94331573261e-06, 2.87526677312e-06, 1.96123460228e-06, 1.33986407036e-06, 1.32652212415e-06, 9.67137566477e-07, 7.06826199348e-07, 7.37201276024e-07, 4.54775118897e-07, 5.78278104513e-07, 8.88854515324e-07, 8.58197950038e-07],
        "dvar": [3.43721229257e-09, 3.27534377398e-09, 4.33120561638e-08, 2.17806609726e-06, 5.86137105074e-07, 4.79005457521e-09, 6.68212329913e-09, 5.04444708227e-09, 3.58820639867e-09, 2.8063373847e-09, 1.74463263281e-10, 6.56397436405e-10, 1.51427148598e-10, 8.67709792907e-10, 2.36761188432e-09, 3.33389360563e-09, 2.74730371785e-09, 5.11287567839e-10, 3.26000726414e-10, 2.56184545799e-10, 7.57599039058e-10, 5.07127395633e-10, 2.26015373084e-10, 2.2495025287e-10, 8.53950854474e-10, 6.8936450992e-10, 2.12428491464e-10, 2.17263956825e-10, 5.46362573239e-11, 1.97890315246e-11, 1.36056244396e-11, 7.13950513292e-12, 7.5595736268e-12, 4.73801380074e-12, 1.63386546046e-12, 2.00521673918e-12, 9.66505087768e-13, 1.81386253673e-12, 4.83148200267e-12, 5.40917787992e-12],
        "dvar2": [9.55853352025e-09, 8.14281353456e-09, 1.04333430784e-07, 5.19772220287e-06, 1.3890014543e-06, 1.26849473148e-08, 1.94686649024e-08, 1.17709291203e-08, 6.90784718316e-09, 8.8069240789e-09, 4.42325065464e-10, 1.87417281694e-09, 3.09112430097e-10, 2.37179298423e-09, 6.11529271666e-09, 1.00373478418e-08, 7.67645413902e-09, 1.1355446583e-09, 8.47870940124e-10, 4.39033254196e-10, 1.84566162353e-09, 1.05941511119e-09, 3.29236110597e-10, 4.52006737595e-10, 1.78608805523e-09, 1.57889001873e-09, 5.74704339673e-10, 4.88900198103e-10, 9.85496337313e-11, 4.72157556108e-11, 2.7372963271e-11, 1.37368207087e-11, 1.43657767973e-11, 9.17590396027e-12, 3.15712039844e-12, 3.98255473738e-12, 2.23408205997e-12, 3.6573582704e-12, 1.18296674539e-11, 1.32075288206e-11],
        "max": [0.000434395915363, 0.000465515709948, 0.00221219402738, 0.0123675446957, 0.00664954632521, 0.000625113083515, 0.000650202739052, 0.000640496320557, 0.000619611528236, 0.000356283388101, 0.000121215744002, 0.000191905797692, 8.32158766571e-05, 0.000233446349739, 0.000316454970744, 0.000361461716238, 0.000289303075988, 0.000280364998616, 0.000178915186552, 0.000188364749192, 0.000246109440923, 0.000265806127572, 0.000183423529961, 0.000119441298011, 0.000232532940572, 0.000210500162211, 0.000118639196444, 0.000111078123155, 5.45688199054e-05, 3.47619861714e-05, 2.83133340417e-05, 2.40765020862e-05, 2.06731747312e-05, 1.72300333361e-05, 9.30034457269e-06, 1.03317133835e-05, 8.30094086268e-06, 1.21220955407e-05, 1.85548051377e-05, 1.97050812858e-05],
        "mean": [6.36094628135e-05, 5.80904379603e-05, 0.000229901415878, 0.000334725948051, 0.000188192963833, 6.35318792774e-05, 6.17288242211e-05, 5.62821514904e-05, 4.15761496697e-05, 3.78053664463e-05, 1.8916100089e-05, 1.56936785061e-05, 1.31029446493e-05, 3.08186499751e-05, 4.18293784605e-05, 2.69372103503e-05, 3.32720956067e-05, 2.28402968787e-05, 1.90954960999e-05, 1.7636368284e-05, 2.01159182325e-05, 1.82046387636e-05, 1.32182494781e-05, 1.4953142454e-05, 1.75350123754e-05, 1.65236760949e-05, 9.73233727564e-06, 9.74457179836e-06, 5.62372179047e-06, 4.07643756262e-06, 2.71976091426e-06, 1.67288317243e-06, 1.25808332996e-06, 9.8764098766e-07, 7.2001131457e-07, 7.02612624082e-07, 5.54840994482e-07, 6.14028124346e-07, 6.71238126415e-07, 6.1758424863e-07],
        "median": [4.53450011264e-05, 3.31901319441e-05, 8.40186621645e-05, 4.77548710478e-05, 2.85897804133e-05, 1.90327718883e-05, 2.12303548324e-05, 2.24228369916e-05, 1.37993429234e-05, 8.47359933687e-06, 6.52120479572e-06, 4.28390740126e-06, 4.66715209768e-06, 7.63815660321e-06, 8.91550371307e-06, 5.05003117723e-06, 6.66408686811e-06, 3.92351330447e-06, 3.6556032228e-06, 2.61405261881e-06, 2.54990573012e-06, 2.88770183943e-06, 2.08460323847e-06, 2.02614091904e-06, 2.79384494206e-06, 1.82617736755e-06, 1.20580625662e-06, 9.80710183285e-07, 7.42492716199e-07, 5.07734000621e-07, 3.22761593452e-07, 1.55898263188e-07, 1.23663198792e-07, 1.0586980892e-07, 9.04076173924e-08, 8.37860341107e-08, 8.96661234151e-08, 9.34007289288e-08, 8.24610069117e-08, 7.63084244682e-08],
        "min": [5.52191920633e-07, 3.29594371351e-07, 1.36398895734e-07, 1.95412098947e-07, 2.10608945395e-07, 1.78569649734e-07, 1.46828313063e-07, 1.33163027272e-07, 1.22734263641e-07, 3.1161853542e-08, 5.08965891655e-09, 1.99418925817e-09, 2.83162937542e-09, 1.69101588288e-09, 2.6785966778e-09, 2.35345698485e-09, 9.30699350921e-10, 7.94967425222e-10, 2.21899587594e-09, 1.50162526857e-09, 1.13193820983e-09, 6.97637558833e-10, 7.14674985858e-10, 7.56027018767e-10, 4.92210550096e-10, 8.26817836419e-10, 8.52914072702e-10, 2.14027573442e-09, 6.32580654525e-10, 5.22957122051e-10, 5.97938532021e-10, 6.87100820684e-10, 1.15882181628e-09, 1.34875199898e-09, 1.48904311104e-09, 4.12300915631e-10, 4.30797564288e-10, 5.74036207457e-10, 3.66251251549e-10, 6.47914832896e-10],
        "var": [4.33705427128e-09, 5.49900880387e-09, 1.3684940825e-07, 1.95604025066e-06, 5.85257623698e-07, 1.06796056443e-08, 1.03017674391e-08, 8.54616821755e-09, 7.43568140393e-09, 4.51130244272e-09, 8.37951485977e-10, 8.41412939323e-10, 3.62558649769e-10, 2.35662778181e-09, 5.34232880156e-09, 3.41267747395e-09, 4.02788868925e-09, 2.25835949941e-09, 1.44772038801e-09, 1.47309386911e-09, 1.59820201517e-09, 1.54139645492e-09, 7.87721665674e-10, 8.29426582971e-10, 1.39734024351e-09, 1.23656140882e-09, 3.88122811668e-10, 4.4543790878e-10, 1.51252843583e-10, 6.49797299301e-11, 3.30707267127e-11, 1.42609743459e-11, 1.08365590806e-11, 6.42015433872e-12, 2.52911255307e-12, 2.89029390699e-12, 1.48606908029e-12, 2.52237271868e-12, 4.55905408911e-12, 4.83914037314e-12]
    },
    "mfcc": {
        "mean": [-714.919067383, 98.7221298218, 1.8663469553, 21.332567215, 5.40292644501, -1.42861354351, 2.27839922905, -5.57094717026, -4.3005027771, -1.16021549702, 0.533883929253, 1.42755901814, -1.57151341438],
        "cov": [[9720.27246094, -920.331665039, -3017.36157227, -250.207275391, -301.791503906, -198.170883179, 58.379776001, -367.749145508, -448.294128418, -183.082138062, -179.495849609, -219.249389648, -299.731628418], [-920.331665039, 581.661437988, 242.721633911, -51.400352478, 29.9596004486, -13.2095603943, -45.1668167114, 9.87184143066, 27.0148925781, 17.639509201, -18.9884853363, 18.2871437073, 39.0273323059], [-3017.36157227, 242.721633911, 1263.51220703, 133.582687378, 66.9475021362, 74.7808227539, -13.5732707977, 121.643890381, 145.126235962, 22.7132129669, 56.4178504944, 47.6537284851, 86.5074234009], [-250.207275391, -51.400352478, 133.582687378, 97.0598602295, 31.6247768402, 26.0161266327, 29.0515899658, 6.07223796844, 7.34568977356, -24.0324687958, -10.9299879074, -3.65731167793, 5.87810850143], [-301.791503906, 29.9596004486, 66.9475021362, 31.6247768402, 65.2256774902, 23.9382514954, 17.2999534607, 9.81331634521, 14.9271526337, 0.5887144804, -6.65156650543, -1.27234148979, 4.09908103943], [-198.170883179, -13.2095603943, 74.7808227539, 26.0161266327, 23.9382514954, 43.0319519043, 28.9329109192, 14.4309797287, 12.080704689, -2.29062914848, 3.41988182068, 5.35180139542, 8.21936321259], [58.379776001, -45.1668167114, -13.5732707977, 29.0515899658, 17.2999534607, 28.9329109192, 59.5681304932, 17.7814865112, -5.02987194061, -13.2980918884, 1.82414972782, -4.36193084717, -0.37372225523], [-367.749145508, 9.87184143066, 121.643890381, 6.07223796844, 9.81331634521, 14.4309797287, 17.7814865112, 50.9858436584, 34.5276947021, 19.5336799622, 20.0989170074, 12.8085432053, 18.899017334], [-448.294128418, 27.0148925781, 145.126235962, 7.34568977356, 14.9271526337, 12.080704689, -5.02987194061, 34.5276947021, 68.4367599487, 31.1945667267, 18.6678447723, 21.4221591949, 22.5552940369], [-183.082138062, 17.639509201, 22.7132129669, -24.0324687958, 0.5887144804, -2.29062914848, -13.2980918884, 19.5336799622, 31.1945667267, 48.4766044617, 19.5755748749, 12.3786611557, 15.1572742462], [-179.495849609, -18.9884853363, 56.4178504944, -10.9299879074, -6.65156650543, 3.41988182068, 1.82414972782, 20.0989170074, 18.6678447723, 19.5755748749, 33.8011817932, 13.5030765533, 10.3669815063], [-219.249389648, 18.2871437073, 47.6537284851, -3.65731167793, -1.27234148979, 5.35180139542, -4.36193084717, 12.8085432053, 21.4221591949, 12.3786611557, 13.5030765533, 32.9471893311, 20.5398960114], [-299.731628418, 39.0273323059, 86.5074234009, 5.87810850143, 4.09908103943, 8.21936321259, -0.37372225523, 18.899017334, 22.5552940369, 15.1572742462, 10.3669815063, 20.5398960114, 29.9023571014]],
