{
"lowlevel": {
    "average_loudness": 0.133560687304,
    "barkbands_crest": {
        "dmean": 2.4261329174,
        "dmean2": 3.87331104279,
        "dvar": 4.64164876938,
        "dvar2": 12.1859760284,
        "max": 22.5422935486,
        "mean": 12.0989694595,
        "median": 11.8956050873,
        "min": 2.58837914467,
        "var": 17.9767169952
    },
    "barkbands_flatness_db": {
        "dmean": 0.020180311054,
        "dmean2": 0.0301323793828,
        "dvar": 0.000306443747832,
        "dvar2": 0.000760528375395,
        "max": 0.299510329962,
        "mean": 0.123121798038,
        "median": 0.116830773652,
        "min": 0.0313227511942,
        "var": 0.00212921458296
    },
    "barkbands_kurtosis": {
        "dmean": 4.5222287178,
        "dmean2": 6.73342847824,
        "dvar": 39.5545043945,
        "dvar2": 73.0024719238,
        "max": 125.821670532,
        "mean": 9.84176826477,
        "median": 5.67033481598,
        "min": -1.70628643036,
        "var": 170.132675171
    },
    "barkbands_skewness": {
        "dmean": 0.58430492878,
        "dmean2": 0.868474602699,
        "dvar": 0.262785196304,
        "dvar2": 0.590598523617,
        "max": 9.37366867065,
        "mean": 2.58380746841,
        "median": 2.34211373329,
        "min": -0.380500584841,
        "var": 1.88566350937
    },
    "barkbands_spread": {
        "dmean": 5.09255361557,
        "dmean2": 7.59334611893,
        "dvar": 33.084072113,
        "dvar2": 74.0792999268,
        "max": 99.2833709717,
        "mean": 21.1668148041,
        "median": 18.6018238068,
        "min": 1.35706853867,
        "var": 198.199768066
    },
    "dissonance": {
        "dmean": 0.0128282187507,
        "dmean2": 0.0224430114031,
        "dvar": 0.000146534992382,
        "dvar2": 0.000411756715039,
        "max": 0.500000119209,
        "mean": 0.475571960211,
        "median": 0.47794303298,
        "min": 0.371551722288,
        "var": 0.000247232237598
    },
    "dynamic_complexity": 10.5819177628,
    "erbbands_crest": {
        "dmean": 2.47162914276,
        "dmean2": 3.93472075462,
        "dvar": 5.39072751999,
        "dvar2": 16.036605835,
        "max": 23.5740833282,
        "mean": 8.64349365234,
        "median": 7.07386207581,
        "min": 2.67191028595,
        "var": 21.5909328461
    },
    "erbbands_flatness_db": {
        "dmean": 0.0122355278581,
        "dmean2": 0.0192692000419,
        "dvar": 0.000137636845466,
        "dvar2": 0.000357017561328,
        "max": 0.224406927824,
        "mean": 0.128885954618,
        "median": 0.127765387297,
        "min": 0.0386200770736,
        "var": 0.000870798772667
    },
    "erbbands_kurtosis": {
        "dmean": 0.703901529312,
        "dmean2": 1.14099729061,
        "dvar": 0.868144989014,
        "dvar2": 2.26829075813,
        "max": 7.4589471817,
        "mean": -0.111823268235,
        "median": -0.487143516541,
        "min": -1.39087033272,
        "var": 1.65883874893
    },
    "erbbands_skewness": {
        "dmean": 0.334087520838,
        "dmean2": 0.538596272469,
        "dvar": 0.0965155214071,
        "dvar2": 0.252041876316,
        "max": 2.73228764534,
        "mean": 0.519447147846,
        "median": 0.43240582943,
        "min": -0.892128229141,
        "var": 0.48932081461
    },
    "erbbands_spread": {
        "dmean": 6.1344871521,
        "dmean2": 9.80627155304,
        "dvar": 36.1714324951,
        "dvar2": 92.2998962402,
        "max": 98.3827285767,
        "mean": 43.2692489624,
        "median": 42.8541259766,
        "min": 15.4323911667,
        "var": 114.917228699
    },
    "hfc": {
        "dmean": 5.00101518631,
        "dmean2": 4.71752643585,
        "dvar": 710.297912598,
        "dvar2": 543.386047363,
        "max": 1039.56420898,
        "mean": 15.454875946,
        "median": 0.756827056408,
        "min": 0.0045420830138,
        "var": 8263.62011719
    },
    "melbands_crest": {
        "dmean": 2.78949117661,
        "dmean2": 4.94084215164,
        "dvar": 8.20555973053,
        "dvar2": 25.3789329529,
        "max": 24.7888507843,
        "mean": 14.8990726471,
        "median": 15.120508194,
        "min": 3.88188481331,
        "var": 16.7491188049
    },
    "melbands_flatness_db": {
        "dmean": 0.0240852199495,
        "dmean2": 0.0359343104064,
        "dvar": 0.000485089753056,
        "dvar2": 0.00114348286297,
        "max": 0.407092750072,
        "mean": 0.213927313685,
        "median": 0.210878953338,
        "min": 0.0354096256196,
        "var": 0.00366609846242
    },
    "melbands_kurtosis": {
        "dmean": 8.61076259613,
        "dmean2": 13.0209569931,
        "dvar": 91.7667770386,
        "dvar2": 179.024627686,
        "max": 128.501022339,
        "mean": 23.7122173309,
        "median": 15.2645244598,
        "min": -0.360295534134,
        "var": 567.965209961
    },
    "melbands_skewness": {
        "dmean": 0.706809818745,
        "dmean2": 1.09523141384,
        "dvar": 0.3502189219,
        "dvar2": 0.756021738052,
        "max": 9.61451435089,
        "mean": 3.80723667145,
        "median": 3.52690577507,
        "min": 0.171399280429,
        "var": 2.90641880035
    },
    "melbands_spread": {
        "dmean": 4.40620565414,
        "dmean2": 6.8481760025,
        "dvar": 30.3877925873,
        "dvar2": 76.1837387085,
        "max": 68.4458618164,
        "mean": 14.5466356277,
        "median": 11.5369529724,
        "min": 1.16383051872,
        "var": 135.064620972
    },
    "pitch_salience": {
        "dmean": 0.0747568905354,
        "dmean2": 0.120590664446,
        "dvar": 0.00367423263378,
        "dvar2": 0.00928639248013,
        "max": 0.85710734129,
        "mean": 0.581561923027,
        "median": 0.618535935879,
        "min": 0.12490850687,
        "var": 0.0202178079635
    },
    "silence_rate_20dB": {
        "dmean": 0.00370370363817,
        "dmean2": 0.0074211503379,
        "dvar": 0.00368998153135,
        "dvar2": 0.00736607797444,
        "max": 1,
        "mean": 0.985212564468,
        "median": 1,
        "min": 0,
        "var": 0.0145688708872
    },
    "silence_rate_30dB": {
        "dmean": 0.00740740727633,
        "dmean2": 0.0148423006758,
        "dvar": 0.00735252024606,
        "dvar2": 0.0146220102906,
        "max": 1,
        "mean": 0.966728270054,
        "median": 1,
        "min": 0,
        "var": 0.0321644842625
    },
    "silence_rate_60dB": {
        "dmean": 0.0333333350718,
        "dmean2": 0.0667903497815,
        "dvar": 0.0322223119438,
        "dvar2": 0.0660399347544,
        "max": 1,
        "mean": 0.693160831928,
        "median": 1,
        "min": 0,
        "var": 0.212687388062
    },
    "spectral_centroid": {
        "dmean": 175.733963013,
        "dmean2": 273.930389404,
        "dvar": 38961.4375,
        "dvar2": 89219.140625,
        "max": 3049.30810547,
        "mean": 872.430175781,
        "median": 765.492126465,
        "min": 238.159591675,
        "var": 228054.453125
    },
    "spectral_complexity": {
        "dmean": 1.65185189247,
        "dmean2": 2.57884979248,
        "dvar": 11.5379924774,
        "dvar2": 20.4701900482,
        "max": 62,
        "mean": 6.67652511597,
        "median": 3,
        "min": 0,
        "var": 135.154556274
    },
    "spectral_decrease": {
        "dmean": 1.68820124546e-09,
        "dmean2": 2.81357115384e-09,
        "dvar": 1.82617550571e-16,
        "dvar2": 5.00373860981e-16,
        "max": -3.81008917992e-13,
        "mean": -3.88366139248e-09,
        "median": -2.59300442229e-10,
        "min": -2.74016571211e-07,
        "var": 3.33092953651e-16
    },
    "spectral_energy": {
        "dmean": 0.00658107828349,
        "dmean2": 0.0109361018986,
        "dvar": 0.00265239505097,
        "dvar2": 0.0071608396247,
        "max": 1.05532371998,
        "mean": 0.0160596277565,
        "median": 0.0010747682536,
        "min": 1.84999703379e-06,
        "var": 0.00570130255073
    },
    "spectral_energyband_high": {
        "dmean": 0.000248242169619,
        "dmean2": 0.000363030121662,
        "dvar": 2.92059553431e-06,
        "dvar2": 4.93248808198e-06,
        "max": 0.0510763339698,
        "mean": 0.000679861521348,
        "median": 1.32813693199e-05,
        "min": 1.45072689861e-07,
        "var": 2.11597489397e-05
    },
    "spectral_energyband_low": {
        "dmean": 0.00321080978028,
        "dmean2": 0.00587934628129,
        "dvar": 0.00142104481347,
        "dvar2": 0.00416354788467,
        "max": 0.684061050415,
        "mean": 0.00288688810542,
        "median": 5.63251523999e-05,
        "min": 4.16316822793e-07,
        "var": 0.00096412806306
    },
    "spectral_energyband_middle_high": {
        "dmean": 0.00140708941035,
        "dmean2": 0.00130193284713,
        "dvar": 7.40832401789e-05,
        "dvar2": 6.60568330204e-05,
        "max": 0.32184740901,
        "mean": 0.00406456412748,
        "median": 0.000145609563333,
        "min": 1.51400712411e-07,
        "var": 0.00070391659392
    },
    "spectral_energyband_middle_low": {
        "dmean": 0.00430011888966,
        "dmean2": 0.00743803847581,
        "dvar": 0.000969304004684,
        "dvar2": 0.00267853401601,
        "max": 0.60409283638,
        "mean": 0.00899681821465,
        "median": 0.000731860636733,
        "min": 9.41244763908e-07,
        "var": 0.00132663932163
    },
    "spectral_entropy": {
        "dmean": 0.147976770997,
        "dmean2": 0.232247382402,
        "dvar": 0.0224533546716,
        "dvar2": 0.0553316697478,
        "max": 8.54643440247,
        "mean": 7.54551124573,
        "median": 7.58714389801,
        "min": 6.18651723862,
        "var": 0.12348677218
    },
    "spectral_flux": {
        "dmean": 0.0110829761252,
        "dmean2": 0.0173873007298,
        "dvar": 0.0018976785941,
        "dvar2": 0.00397591339424,
        "max": 0.930480122566,
        "mean": 0.0362769067287,
        "median": 0.0150630492717,
        "min": 0.00351153616793,
        "var": 0.00551251182333
    },
    "spectral_kurtosis": {
        "dmean": 0.969197034836,
        "dmean2": 1.55743265152,
        "dvar": 1.13212227821,
        "dvar2": 2.95241498947,
        "max": 15.6037044525,
        "mean": 8.3310842514,
        "median": 8.67632770538,
        "min": -0.417117118835,
        "var": 7.0322432518
    },
    "spectral_rms": {
        "dmean": 0.000419606134528,
        "dmean2": 0.000617511395831,
        "dvar": 2.09045083466e-06,
        "dvar2": 4.70025497634e-06,
        "max": 0.0320871323347,
        "mean": 0.00207257596776,
        "median": 0.00102398940362,
        "min": 4.24838217441e-05,
        "var": 1.13723563118e-05
    },
    "spectral_rolloff": {
        "dmean": 682.48248291,
        "dmean2": 1150.60754395,
        "dvar": 3886844.25,
        "dvar2": 10167342,
        "max": 19099.9511719,
        "mean": 1405.74584961,
        "median": 861.328125,
        "min": 172.265625,
        "var": 6112232
    },
    "spectral_skewness": {
        "dmean": 0.140125960112,
        "dmean2": 0.229133918881,
        "dvar": 0.0231454148889,
        "dvar2": 0.0597325414419,
        "max": 3.05982756615,
        "mean": 2.13985753059,
        "median": 2.18498516083,
        "min": 0.724149942398,
        "var": 0.142167106271
    },
    "spectral_spread": {
        "dmean": 328955.46875,
        "dmean2": 492548.53125,
        "dvar": 269894205440,
        "dvar2": 629232435200,
        "max": 11559928,
        "mean": 4904531,
        "median": 4290763,
        "min": 3058806.5,
        "var": 2.33937148314e+12
    },
    "spectral_strongpeak": {
        "dmean": 0.130313828588,
        "dmean2": 0.217936009169,
        "dvar": 0.0790192857385,
        "dvar2": 0.213797539473,
        "max": 3.83424830437,
        "mean": 0.295574396849,
        "median": 0.135310217738,
        "min": 0,
        "var": 0.18866789341
    },
    "zerocrossingrate": {
        "dmean": 0.0135235823691,
        "dmean2": 0.0158940535039,
        "dvar": 0.000209054487641,
        "dvar2": 0.000245802657446,
        "max": 0.29248046875,
        "mean": 0.0860972553492,
        "median": 0.072265625,
        "min": 0.01123046875,
        "var": 0.00302376202308
    },
    "barkbands": {
        "dmean": [0.000189880025573, 3.81789832318e-05, 0.00208874745294, 0.00158122740686, 0.00163735519163, 0.00181797274854, 0.000247564486926, 0.000188155812793, 0.000230036472203, 0.000195421467652, 0.000150369203766, 0.000234245948377, 0.000227158801863, 0.000270295975497, 0.000215358944843, 0.000475182081573, 0.0001971853344, 0.000122996978462, 0.000249138072832, 0.000158136375831, 7.47500234866e-05, 2.88475639536e-05, 2.7762946047e-05, 3.19622085954e-05, 3.2891810406e-05, 7.96976837592e-06, 1.44975990679e-06],
        "dmean2": [0.000321757717757, 5.65054833714e-05, 0.00366476131603, 0.00291394814849, 0.00271598482504, 0.00306916539557, 0.000394390692236, 0.000313063996146, 0.000415585469455, 0.000301307271002, 0.000256140221609, 0.000380577577744, 0.000380416749977, 0.000411539280321, 0.00038510147715, 0.000782916264143, 0.000307543872623, 0.000168392929481, 0.000385386345442, 0.000256149214692, 9.06810819288e-05, 2.63916335825e-05, 4.58594840893e-05, 4.72251558676e-05, 5.68144714634e-05, 1.06535380837e-05, 2.25462099479e-06],
        "dvar": [1.64549840065e-06, 7.54848343831e-08, 0.000509837002028, 0.000416651018895, 3.12986849167e-05, 0.000115495407954, 1.36645383009e-06, 1.73392652414e-06, 1.90444984582e-06, 2.26381325774e-06, 1.04706032289e-06, 2.64041955234e-06, 2.91714263767e-06, 4.11944392908e-06, 2.04008256333e-06, 2.03288145713e-05, 2.52407312473e-06, 6.36387653685e-07, 3.24710254063e-06, 1.26293571157e-06, 3.04792365569e-07, 3.60924126142e-08, 3.42399673059e-08, 4.11822043134e-08, 5.64515225676e-08, 2.62987875921e-09, 2.00491845348e-11],
        "dvar2": [3.65032747141e-06, 1.53954530902e-07, 0.00144801347051, 0.00123748311307, 8.77694037626e-05, 0.000321087572956, 3.24438997268e-06, 5.09859728481e-06, 5.36472634849e-06, 5.84864119446e-06, 2.38979509959e-06, 5.20519688507e-06, 8.3387376435e-06, 1.17108602353e-05, 5.63167714063e-06, 5.63100256841e-05, 5.57883777219e-06, 9.17673446565e-07, 7.46276054997e-06, 3.21660627378e-06, 4.90128627462e-07, 2.84230523562e-08, 6.48176623486e-08, 6.72905784427e-08, 1.13783315214e-07, 4.05522104785e-09, 3.81876613664e-11],
        "max": [0.0217838641256, 0.00597682036459, 0.427118420601, 0.352572947741, 0.0973940715194, 0.169669032097, 0.0276473723352, 0.025762103498, 0.0255974270403, 0.0314931981266, 0.020979590714, 0.039448235184, 0.0406953692436, 0.0445428937674, 0.0323286503553, 0.0972601398826, 0.0360050946474, 0.0252863690257, 0.0496268793941, 0.0290648359805, 0.0164428818971, 0.00693052681163, 0.00498246634379, 0.00600825389847, 0.00573668815196, 0.00138231809251, 0.000111138360808],
        "mean": [0.00019086523389, 5.97785692662e-05, 0.00210870360024, 0.00169204885606, 0.00369294127449, 0.00253003370017, 0.000456661888165, 0.000243527581915, 0.000283005676465, 0.000285160931526, 0.000233519705944, 0.000459263275843, 0.00036325387191, 0.0004300493747, 0.000412685680203, 0.000560383428819, 0.000370065390598, 0.000333183415933, 0.000491870217957, 0.000351373892045, 0.000197971356101, 8.23366281111e-05, 5.74035548198e-05, 7.22726326785e-05, 7.39438619348e-05, 1.66992522281e-05, 7.06373248249e-06],
        "median": [1.00981360447e-05, 2.02818773687e-06, 2.14909377974e-05, 0.000114885326184, 0.000403653364629, 8.37660409161e-05, 2.46902163781e-05, 1.16617657113e-05, 7.77733021096e-06, 1.07216792458e-05, 1.03669681266e-05, 2.34054386965e-05, 1.4355080566e-05, 1.64411303558e-05, 1.29142536025e-05, 1.25629703689e-05, 1.12854322651e-05, 6.22229117653e-06, 6.58193994241e-06, 4.04852289648e-06, 2.01156672119e-06, 9.08596064164e-07, 5.67568065435e-07, 7.1544786806e-07, 8.16533315628e-07, 5.67342794966e-07, 5.91801290284e-06],
        "min": [3.99133348594e-08, 1.01624365811e-07, 1.64408877623e-08, 1.87467151136e-07, 5.6520968883e-07, 5.00448749108e-08, 9.39065927241e-08, 1.46724765671e-08, 2.16008295695e-08, 2.0070526574e-08, 3.29769456187e-08, 1.87380102545e-08, 7.3243286991e-09, 1.39151028478e-08, 8.43480840729e-09, 2.78305574142e-08, 1.45931924322e-08, 3.33209904113e-09, 6.29869134627e-09, 4.41293135367e-09, 2.38754260806e-09, 3.82025611145e-09, 2.73374456405e-09, 2.77684475414e-09, 7.63111973612e-09, 1.52623886862e-08, 1.25052622479e-07],
        "var": [2.04030834539e-06, 1.64422601756e-07, 0.00042148862849, 0.000238729073317, 0.000114227492304, 0.000150137391756, 3.7752706703e-06, 1.98331736101e-06, 2.6622221867e-06, 3.43834449268e-06, 2.52690551861e-06, 1.01256191556e-05, 6.49127514407e-06, 9.47216358327e-06, 6.86824114382e-06, 2.43313552346e-05, 6.1967352849e-06, 4.67290374218e-06, 1.19691203508e-05, 5.89552746533e-06, 2.02354954126e-06, 3.4088586176e-07, 1.56283988417e-07, 2.42167288889e-07, 2.72130876056e-07, 1.33645272626e-08, 6.50633158461e-11]
    },
    "erbbands": {
        "dmean": [0.00143641757313, 0.039402551949, 1.48950171471, 5.08574533463, 5.50523519516, 3.80577754974, 18.9312210083, 11.0911693573, 4.36767196655, 3.10024905205, 4.26599216461, 3.36273097992, 6.35512590408, 6.52014875412, 7.59948825836, 9.71666622162, 10.7783870697, 12.2776174545, 7.31006526947, 11.1643295288, 23.0180644989, 8.36653900146, 7.35199165344, 9.4974565506, 11.0939836502, 7.17791223526, 4.37001180649, 2.64297914505, 1.145206213, 0.739399790764, 0.856241464615, 0.685469031334, 0.533549427986, 0.461773723364, 0.232153788209, 0.0659677609801, 0.0080088628456, 0.0012728049187, 0.000219838897465, 2.71009539574e-05],
        "dmean2": [0.00231936038472, 0.0631679818034, 2.54133152962, 9.58320236206, 8.58036899567, 6.53497743607, 34.9952697754, 18.2729930878, 7.11544084549, 5.08012723923, 7.3258562088, 5.8248462677, 10.3194694519, 11.0732336044, 12.4878883362, 16.998041153, 17.6632843018, 18.708978653, 11.3380937576, 16.3460140228, 37.6637191772, 12.1011276245, 10.2982873917, 13.7193174362, 17.5687904358, 10.7521409988, 5.92380809784, 3.84846878052, 1.34938240051, 0.885208845139, 1.23910975456, 1.08270084858, 0.638841748238, 0.705397248268, 0.328160732985, 0.0831253826618, 0.0119202304631, 0.00197081523947, 0.00034452273394, 4.2902338464e-05],
        "dvar": [7.68900063122e-05, 0.146051540971, 248.217041016, 4187.91503906, 570.651855469, 197.387969971, 9701.359375, 4065.83569336, 348.708526611, 226.846343994, 928.446777344, 404.72845459, 1603.66210938, 1719.00561523, 2531.53686523, 5192.68896484, 5802.01855469, 7620.40136719, 2338.19165039, 6445.02246094, 43461.125, 4816.08496094, 2113.52441406, 3592.2878418, 6976.32324219, 2263.63500977, 1010.91992188, 406.653381348, 63.3874511719, 28.6323165894, 29.1665287018, 19.6216983795, 9.9493265152, 9.53992938995, 2.2813513279, 0.169477909803, 0.00277643394656, 4.70142840641e-05, 5.33329341579e-07, 5.05530906025e-09],
        "dvar2": [0.000174773624167, 0.374861806631, 690.740112305, 12461.890625, 1312.3104248, 554.400878906, 30057.7460938, 10273.9726562, 771.093444824, 492.162506104, 2837.18701172, 1049.37316895, 3104.50976562, 3721.89038086, 6131.76367188, 12919.9960938, 15751.4394531, 20876.0976562, 4198.24316406, 14814.9912109, 117297.328125, 8965.51660156, 3336.5847168, 6891.08056641, 14042.7314453, 4818.01708984, 2000.26989746, 891.089782715, 81.786277771, 31.0706272125, 48.5879440308, 36.1156082153, 12.2501516342, 22.8175983429, 3.4966917038, 0.209018409252, 0.00475547555834, 9.41354446695e-05, 9.88828560367e-07, 9.44299038963e-09],
        "max": [0.135717719793, 7.81272602081, 304.162445068, 1130.19616699, 450.541412354, 223.27381897, 1436.09716797, 1085.22888184, 346.816955566, 308.428375244, 590.572814941, 401.18939209, 860.531677246, 841.52532959, 1247.88208008, 1644.42565918, 1934.89819336, 1981.23620605, 1242.2467041, 2276.0769043, 4722.47021484, 1736.89819336, 1374.82897949, 1827.12695312, 2336.86914062, 1310.73522949, 819.389831543, 549.49230957, 277.368560791, 175.571548462, 150.680633545, 118.029083252, 101.69846344, 70.9376144409, 42.9790267944, 11.6545591354, 1.38207709789, 0.154026404023, 0.0185528583825, 0.0019345789915],
        "mean": [0.00170004728716, 0.0527995973825, 1.63747489452, 4.62197256088, 13.7287549973, 7.16946601868, 20.8345279694, 15.7443647385, 7.89816045761, 5.9929857254, 5.50907659531, 4.91029405594, 9.95340061188, 11.9272041321, 11.6941375732, 16.8562355042, 19.0182151794, 21.1499843597, 19.2528858185, 23.1122875214, 30.388841629, 20.4748954773, 19.1882476807, 23.2754936218, 22.1507568359, 17.8912620544, 10.4999389648, 6.02817773819, 3.21010231972, 1.97211766243, 1.65526342392, 1.50023758411, 1.22585725784, 0.826781630516, 0.502821922302, 0.142533019185, 0.0181590523571, 0.00293378368951, 0.000849428062793, 0.000147883765749],
        "median": [0.000131204156787, 0.000785873678979, 0.0192823205143, 0.232206255198, 1.07830059528, 0.916498720646, 0.868943750858, 0.565887570381, 0.398555248976, 0.256459474564, 0.286462903023, 0.173540472984, 0.254351228476, 0.498520672321, 0.611074864864, 0.891168773174, 0.76585572958, 0.78005695343, 0.676588892937, 0.754403829575, 0.695551633835, 0.612478852272, 0.422190517187, 0.319640249014, 0.321011394262, 0.192545041442, 0.113166093826, 0.063272729516, 0.0342777334154, 0.0189564619213, 0.0163195747882, 0.0142892850563, 0.0125208236277, 0.00986140593886, 0.00506457546726, 0.00174110452645, 0.00107866583858, 0.00111898453906, 0.000658049248159, 0.000121341647173],
        "min": [1.06010693344e-05, 2.27376567636e-05, 2.2785317924e-05, 0.000320145685691, 0.00150959927123, 0.00191284820903, 0.000905445253011, 0.000346582237398, 0.00128507614136, 0.000789165671449, 0.000438145973021, 0.000449478597147, 0.00073154643178, 0.000740778341424, 0.00130531855393, 0.000648640503641, 0.00035884504905, 0.000489815080073, 0.000566528353374, 0.000980898737907, 0.00145057891496, 0.000746074598283, 0.00026266448549, 0.000260534317931, 0.000227833923418, 0.000248485419434, 0.000120441807667, 9.54401766649e-05, 0.000110662156658, 0.000129616222694, 6.73433387419e-05, 5.74483310629e-05, 5.00843198097e-05, 4.87747201987e-05, 7.01696262695e-05, 4.00601347792e-05, 2.62142875727e-05, 2.27039963647e-05, 1.51724761963e-05, 2.46313311436e-06],
        "var": [9.90777625702e-05, 0.187676101923, 228.91859436, 2454.41308594, 2128.88818359, 454.710235596, 8931.76660156, 6159.26123047, 1034.27087402, 802.805664062, 1038.5604248, 721.326538086, 3773.69067383, 5460.12011719, 6534.15576172, 14109.0751953, 17103.7910156, 21614.6425781, 15114.9609375, 24033.0996094, 63178.78125, 17578.4707031, 15186.6494141, 23571.4375, 26043.6230469, 14749.6308594, 5553.07568359, 1924.36828613, 520.126342773, 214.704849243, 127.146385193, 98.8277511597, 72.1803207397, 33.7653923035, 12.9262428284, 1.01851832867, 0.014612630941, 0.000155350702698, 1.87478121916e-06, 2.72088716002e-08]
    },
    "gfcc": {
        "mean": [-136.552856445, 66.2955627441, -95.9507751465, -1.77503097057, -35.5148239136, -19.260848999, -44.7571563721, -21.3078250885, -35.3911399841, -16.3910980225, -13.8202209473, -10.478802681, -8.05579948425],
        "cov": [[9998.140625, 872.552978516, -1937.92590332, 920.154602051, -1103.98925781, 179.824645996, -689.76965332, 329.294158936, -427.955780029, 157.685028076, -173.58430481, -147.221893311, -100.748336792], [872.552978516, 598.028381348, -105.067237854, 80.8893737793, -43.0929145813, -141.514526367, -83.3915023804, -121.278503418, -79.8303146362, -27.7970428467, -31.1812610626, -50.5527572632, -0.198276147246], [-1937.92590332, -105.067237854, 636.702148438, -114.372558594, 186.24659729, -2.5755033493, 139.607940674, -49.3529472351, 96.7198410034, -18.0259304047, 29.8368644714, 36.4951210022, 26.2545928955], [920.154602051, 80.8893737793, -114.372558594, 188.942764282, -61.3295783997, 43.9525337219, -57.2838363647, 15.1072645187, -60.5037498474, 3.34410953522, -33.5744247437, -28.0894813538, -14.4719657898], [-1103.98925781, -43.0929145813, 186.24659729, -61.3295783997, 234.346237183, -12.7913360596, 91.5799179077, -84.4375915527, 3.89949464798, -45.0311965942, -7.95714139938, -5.84551143646, -5.31901931763], [179.824645996, -141.514526367, -2.5755033493, 43.9525337219, -12.7913360596, 112.547393799, 21.0173435211, 67.5791397095, 4.99875736237, 9.37213516235, -8.38901138306, 3.33186602592, -9.907081604], [-689.76965332, -83.3915023804, 139.607940674, -57.2838363647, 91.5799179077, 21.0173435211, 91.7496643066, 6.09760093689, 37.3250007629, -8.81136798859, 6.8151807785, 8.15802288055, 3.54406905174], [329.294158936, -121.278503418, -49.3529472351, 15.1072645187, -84.4375915527, 67.5791397095, 6.09760093689, 114.176399231, 42.4548416138, 39.1854438782, 14.1852474213, 16.4426593781, -0.272209703922], [-427.955780029, -79.8303146362, 96.7198410034, -60.5037498474, 3.89949464798, 4.99875736237, 37.3250007629, 42.4548416138, 87.7414169312, 37.8872451782, 36.7111701965, 27.1490535736, 15.0664615631], [157.685028076, -27.7970428467, -18.0259304047, 3.34410953522, -45.0311965942, 9.37213516235, -8.81136798859, 39.1854438782, 37.8872451782, 62.1462669373, 37.5278129578, 24.3235034943, 11.904718399], [-173.58430481, -31.1812610626, 29.8368644714, -33.5744247437, -7.95714139938, -8.38901138306, 6.8151807785, 14.1852474213, 36.7111701965, 37.5278129578, 53.9879493713, 32.8399085999, 15.0274848938], [-147.221893311, -50.5527572632, 36.4951210022, -28.0894813538, -5.84551143646, 3.33186602592, 8.15802288055, 16.4426593781, 27.1490535736, 24.3235034943, 32.8399085999, 47.1427268982, 26.6785621643], [-100.748336792, -0.198276147246, 26.2545928955, -14.4719657898, -5.31901931763, -9.907081604, 3.54406905174, -0.272209703922, 15.0664615631, 11.904718399, 15.0274848938, 26.6785621643, 35.2211799622]],
        "icov": [[0.00304557546042, -0.00392008712515, 0.00390537758358, -0.00378030445427, 0.00422317394987, -0.00415293080732, 0.00479723606259, -0.0056045781821, 0.00620867824182, -0.00653560645878, 0.00578595139086, -0.0042074713856, 0.00344031560235], [-0.00392008712515, 0.00875060819089, -0.00491739111021, 0.00269479560666, -0.00359010579996, 0.0093210618943, -0.00758363166824, 0.0102869318798, -0.00780388899148, 0.00796176213771, -0.00749254832044, 0.0079948483035, -0.0056806942448], [0.00390537758358, -0.00491739111021, 0.00839931983501, -0.0059637259692, 0.00602111965418, -0.00650969566777, 0.00235082744621, -0.00260077626444, 0.00262929941528, -0.00597799243405, 0.00733816437423, -0.00772190513089, 0.00486752251163], [-0.00378030445427, 0.00269479560666, -0.0059637259692, 0.0174934212118, -0.0074595012702, -0.00152278062887, 0.00106708065141, 0.0026898838114, 0.000690501590725, 0.000608261791058, -0.00364773790352, 0.0102786412463, -0.00753655796871], [0.00422317394987, -0.00359010579996, 0.00602111965418, -0.0074595012702, 0.0231098197401, -0.00819675251842, -0.00979103986174, 0.0111391600221, 0.00414510956034, -0.00664471462369, 0.00860032159835, -0.00959272589535, 0.0108317909762], [-0.00415293080732, 0.0093210618943, -0.00650969566777, -0.00152278062887, -0.00819675251842, 0.0323203131557, -0.0114266751334, -0.00729382922873, -0.000805395597126, 0.00701918220147, -0.00356678990647, 0.00215305597521, -0.000790310441516], [0.00479723606259, -0.00758363166824, 0.00235082744621, 0.00106708065141, -0.00979103986174, -0.0114266751334, 0.0466448590159, -0.0258854944259, 0.0084338709712, -0.00676134368405, 0.00684468168765, 0.00158724340145, -0.00266573694535], [-0.0056045781821, 0.0102869318798, -0.00260077626444, 0.0026898838114, 0.0111391600221, -0.00729382922873, -0.0258854944259, 0.057937130332, -0.0325847305357, 0.00974302459508, -0.00519581465051, -0.00141647190321, 0.00368857337162], [0.00620867824182, -0.00780388899148, 0.00262929941528, 0.000690501590725, 0.00414510956034, -0.000805395597126, 0.0084338709712, -0.0325847305357, 0.0548638142645, -0.0311744417995, 0.00712038856, -0.000420944881625, -0.000312732387101], [-0.00653560645878, 0.00796176213771, -0.00597799243405, 0.000608261791058, -0.00664471462369, 0.00701918220147, -0.00676134368405, 0.00974302459508, -0.0311744417995, 0.0627156123519, -0.0385455004871, 0.00712677650154, -0.00903214141726], [0.00578595139086, -0.00749254832044, 0.00733816437423, -0.00364773790352, 0.00860032159835, -0.00356678990647, 0.00684468168765, -0.00519581465051, 0.00712038856, -0.0385455004871, 0.0672831460834, -0.0376531891525, 0.0189021527767], [-0.0042074713856, 0.0079948483035, -0.00772190513089, 0.0102786412463, -0.00959272589535, 0.00215305597521, 0.00158724340145, -0.00141647190321, -0.000420944881625, 0.00712677650154, -0.0376531891525, 0.0775397345424, -0.0479212589562], [0.00344031560235, -0.0056806942448, 0.00486752251163, -0.00753655796871, 0.0108317909762, -0.000790310441516, -0.00266573694535, 0.00368857337162, -0.000312732387101, -0.00903214141726, 0.0189021527767, -0.0479212589562, 0.0646062344313]]
    },
    "melbands": {
        "dmean": [1.76908615686e-05, 0.000556629733182, 0.00084277917631, 0.000351242226316, 0.000528157805093, 0.000255197955994, 6.18587801e-05, 3.28361093125e-05, 3.24920692947e-05, 2.71033986792e-05, 3.14513199555e-05, 2.61894620053e-05, 2.0512368792e-05, 2.89545496344e-05, 2.47917123488e-05, 1.79875296453e-05, 2.63878137048e-05, 1.12252373583e-05, 1.75030527316e-05, 3.28753994836e-05, 2.30882560572e-05, 1.05373255792e-05, 9.41421603784e-06, 5.60199305255e-06, 8.01391070127e-06, 1.08700505734e-05, 5.70458132643e-06, 4.59444481749e-06, 3.19116293213e-06, 1.70054954651e-06, 1.41319685554e-06, 6.88081627231e-07, 5.33423531124e-07, 4.3866566557e-07, 5.17973148817e-07, 5.10967254286e-07, 4.13178128156e-07, 3.95882921111e-07, 3.98090946874e-07, 3.89687329516e-07],
        "dmean2": [2.81221018668e-05, 0.000953952781856, 0.00148854462896, 0.000557883467991, 0.000972524983808, 0.000420440395828, 9.94421861833e-05, 5.04309609823e-05, 5.55503538635e-05, 4.83214462292e-05, 5.06746291649e-05, 4.45155965281e-05, 2.82129458355e-05, 4.46852682217e-05, 4.31617081631e-05, 2.79560463241e-05, 4.12318804592e-05, 1.44677578646e-05, 2.98224895232e-05, 5.48467687622e-05, 3.78157637897e-05, 1.52952106873e-05, 1.45171989061e-05, 7.89445221017e-06, 1.21997636597e-05, 1.66248137248e-05, 9.45966257859e-06, 7.06824766894e-06, 4.71062912766e-06, 2.22817470785e-06, 2.24874270316e-06, 9.83640120467e-07, 6.02219927259e-07, 6.99531142345e-07, 7.34635989375e-07, 7.76664364821e-07, 6.1539287799e-07, 4.29565659488e-07, 6.25605650839e-07, 6.00891098657e-07],
        "dvar": [1.06757056528e-08, 3.44535183103e-05, 9.1727320978e-05, 1.81701898327e-06, 7.34201785235e-06, 2.21585264626e-06, 7.19473831623e-08, 2.29039329724e-08, 5.01715931023e-08, 2.75187090892e-08, 3.84109171137e-08, 2.77051572795e-08, 1.65560116727e-08, 3.69766546271e-08, 3.79701994291e-08, 1.20178151874e-08, 3.71327182336e-08, 4.24838564328e-09, 1.40040867791e-08, 9.56719645728e-08, 3.68147077268e-08, 7.78750131047e-09, 3.63603946951e-09, 1.49060919163e-09, 2.44263032023e-09, 7.51712114777e-09, 1.64131208624e-09, 9.75545755288e-10, 6.48392228797e-10, 1.62486329947e-10, 1.32705749167e-10, 2.35713202429e-11, 1.67976049736e-11, 1.16596315936e-11, 1.23617288281e-11, 7.88447519079e-12, 8.18371325567e-12, 5.12054374596e-12, 6.9881674232e-12, 7.14665869886e-12],
        "dvar2": [2.17421316506e-08, 9.61502373684e-05, 0.000267496652668, 5.19990680914e-06, 2.2733995138e-05, 5.61789920539e-06, 1.52560915012e-07, 4.54955362272e-08, 1.56569797127e-07, 7.30461877652e-08, 7.3445335147e-08, 6.09491479509e-08, 3.51758409067e-08, 6.95064557021e-08, 1.09904313206e-07, 2.84782935012e-08, 1.06730418281e-07, 5.30193045023e-09, 3.50941959937e-08, 2.72340230367e-07, 9.88434507576e-08, 1.6627218713e-08, 7.16504811038e-09, 2.31152008645e-09, 4.84546980317e-09, 1.69795839611e-08, 3.71823705159e-09, 2.15836015727e-09, 1.51763757117e-09, 2.04634864609e-10, 3.14365145027e-10, 3.83746125154e-11, 1.90406145711e-11, 2.46041225588e-11, 1.9790672573e-11, 1.78886939983e-11, 1.53721896323e-11, 5.14198579549e-12, 1.61351244865e-11, 1.7732502966e-11],
        "max": [0.0018217174802, 0.113009095192, 0.174233302474, 0.02450068295, 0.0393382795155, 0.0238940678537, 0.0055457833223, 0.00358393182978, 0.00414763763547, 0.00324424961582, 0.00421901373193, 0.00341152679175, 0.00324470014311, 0.00480366870761, 0.00456768181175, 0.00287068774924, 0.00418409658596, 0.00205610692501, 0.00257846922614, 0.00657036853954, 0.00440724892542, 0.00206633261405, 0.00138993631117, 0.00118816073518, 0.00141327339225, 0.00226122862659, 0.00110418233089, 0.000856628234033, 0.000629844143987, 0.000404179911129, 0.000287279923214, 0.000154011388076, 0.000133262190502, 8.60231593833e-05, 9.77576783043e-05, 6.62472157273e-05, 7.27663573343e-05, 7.48897509766e-05, 7.04623307684e-05, 5.49641081307e-05],
        "mean": [2.10654980037e-05, 0.000599760678597, 0.00112113379873, 0.000770268670749, 0.000599975755904, 0.00037572576548, 0.00011613289098, 6.08756236034e-05, 4.00585049647e-05, 3.61156708095e-05, 4.89794838359e-05, 4.67639547423e-05, 3.25398468703e-05, 5.31345358468e-05, 4.08871019317e-05, 3.56638302037e-05, 4.10252650909e-05, 2.81226930383e-05, 3.553469287e-05, 3.77004434995e-05, 3.22607593262e-05, 2.1076433768e-05, 1.87087880477e-05, 1.62717024068e-05, 1.90342707356e-05, 1.84407799679e-05, 1.27942976178e-05, 1.14474596558e-05, 7.15407168173e-06, 4.49690105597e-06, 2.99099201584e-06, 1.9012680923e-06, 1.37360450481e-06, 9.76498768068e-07, 9.68828430814e-07, 8.94105710358e-07, 8.99804035726e-07, 8.92167804523e-07, 7.35300432098e-07, 6.79884067267e-07],
        "median": [1.24677535496e-06, 5.39824759471e-06, 7.28592931409e-05, 8.01861606305e-05, 3.27212546836e-05, 1.36174903673e-05, 5.91777825321e-06, 2.82249129668e-06, 2.1090302198e-06, 1.03537934137e-06, 1.20389495351e-06, 1.9640760911e-06, 1.61393268172e-06, 2.69167685474e-06, 1.97292115445e-06, 1.50771427343e-06, 1.3731009858e-06, 1.02066849195e-06, 1.12076997993e-06, 7.95007679244e-07, 8.49488628774e-07, 6.65177992687e-07, 4.00232522679e-07, 2.93814821362e-07, 2.49995224522e-07, 2.36452407876e-07, 1.69682579099e-07, 1.1697102309e-07, 7.65471313002e-08, 4.77403645505e-08, 3.14355261821e-08, 2.05938448516e-08, 1.24072903063e-08, 9.05494701442e-09, 9.31950783212e-09, 9.20240150748e-09, 8.29519830603e-09, 8.51573656035e-09, 8.33054070171e-09, 7.7633535156e-09],
        "min": [6.32802041878e-08, 1.61563278311e-08, 8.87823929929e-08, 1.35863402306e-07, 4.13556193735e-08, 8.66698357527e-09, 1.97532141755e-08, 6.94020219072e-09, 3.58765639419e-09, 2.84165979636e-09, 3.65371644051e-09, 2.7746298592e-09, 4.67591698694e-09, 2.27064167468e-09, 1.27381938331e-09, 6.26835194861e-10, 1.01879216174e-09, 1.10005149434e-09, 7.58513196697e-10, 1.81637249685e-09, 1.66040925453e-09, 8.15076450777e-10, 4.50474657576e-10, 1.02163583149e-10, 2.17013740311e-10, 2.95565433239e-10, 8.50950351849e-11, 1.82450124453e-10, 7.45971062699e-11, 6.24775717273e-11, 4.96743549072e-11, 5.98025656773e-11, 7.89736193108e-11, 6.77228342849e-11, 3.38465123984e-11, 4.7676272652e-11, 2.84728993855e-11, 2.58791113539e-11, 5.48987938442e-11, 3.343296473e-11],
        "var": [1.5491730565e-08, 3.1327126635e-05, 6.35236865492e-05, 5.800226063e-06, 6.88637965141e-06, 3.42079943039e-06, 2.34517045783e-07, 8.54697930208e-08, 5.28834682711e-08, 4.35444675873e-08, 9.15961351211e-08, 8.43415648433e-08, 4.92457559176e-08, 1.37726971161e-07, 8.41714751232e-08, 5.45197593738e-08, 8.56163282492e-08, 3.29405906996e-08, 5.10558777478e-08, 1.12094092231e-07, 6.26905816148e-08, 1.93692741846e-08, 1.50904817531e-08, 1.11248237289e-08, 1.56038524324e-08, 1.94210887372e-08, 8.19226109172e-09, 5.90521986865e-09, 2.67916044905e-09, 1.02737818253e-09, 4.8877080161e-10, 1.77544243196e-10, 1.08006055488e-10, 5.37829780711e-11, 4.77635674068e-11, 3.02120030382e-11, 3.81283858653e-11, 3.88902104964e-11, 2.69245042928e-11, 2.28403719549e-11]
    },
    "mfcc": {
        "mean": [-796.825561523, 127.615959167, -8.99445724487, 17.811126709, 11.9079742432, -2.96969342232, -1.2660343647, -13.5814666748, -15.0719327927, -14.1016216278, -15.6617517471, -9.66327857971, -8.03051185608],
        "cov": [[12175.1132812, -350.65536499, -947.477233887, 127.687484741, -466.866943359, -421.879364014, -295.020477295, -326.175628662, -240.055648804, -116.085968018, -163.878128052, -131.547332764, -168.530303955], [-350.65536499, 478.385345459, 17.0580615997, 93.3284988403, 4.78210735321, 12.6234693527, -28.5547237396, -84.5740890503, -34.6812553406, -80.4235839844, -19.8623161316, -23.4836273193, -20.1192474365], [-947.477233887, 17.0580615997, 347.296478271, 11.0232858658, 34.4442749023, 30.8535633087, 10.8914356232, 48.4002914429, 37.7518501282, 50.5273475647, 32.9590148926, 15.6215333939, 26.4811077118], [127.687484741, 93.3284988403, 11.0232858658, 112.338111877, 28.7017059326, 34.2965126038, 8.2442073822, -33.5417709351, -11.1818141937, -35.9540176392, -11.2833003998, -24.1552696228, -14.738740921], [-466.866943359, 4.78210735321, 34.4442749023, 28.7017059326, 74.3694915771, 59.4151382446, 35.1140136719, 19.7804164886, 9.6095123291, 0.988621890545, 6.99136638641, -1.45445859432, 2.46724700928], [-421.879364014, 12.6234693527, 30.8535633087, 34.2965126038, 59.4151382446, 84.494178772, 49.391368866, 18.8023395538, 15.3832197189, -7.1251578331, 4.14389657974, -8.2143163681, -2.22918248177], [-295.020477295, -28.5547237396, 10.8914356232, 8.2442073822, 35.1140136719, 49.391368866, 65.3465499878, 35.3587150574, 15.6535358429, 5.46289873123, 5.38867616653, -2.86812210083, -1.973736763], [-326.175628662, -84.5740890503, 48.4002914429, -33.5417709351, 19.7804164886, 18.8023395538, 35.3587150574, 75.7352828979, 37.7099189758, 36.593120575, 16.2110786438, 13.7107992172, 7.88365602493], [-240.055648804, -34.6812553406, 37.7518501282, -11.1818141937, 9.6095123291, 15.3832197189, 15.6535358429, 37.7099189758, 49.6333618164, 30.4273262024, 15.1294555664, 12.7981157303, 9.1392621994], [-116.085968018, -80.4235839844, 50.5273475647, -35.9540176392, 0.988621890545, -7.1251578331, 5.46289873123, 36.593120575, 30.4273262024, 69.0091934204, 34.5429878235, 27.3244838715, 16.0632610321], [-163.878128052, -19.8623161316, 32.9590148926, -11.2833003998, 6.99136638641, 4.14389657974, 5.38867616653, 16.2110786438, 15.1294555664, 34.5429878235, 46.6969223022, 28.8132724762, 15.7020330429], [-131.547332764, -23.4836273193, 15.6215333939, -24.1552696228, -1.45445859432, -8.2143163681, -2.86812210083, 13.7107992172, 12.7981157303, 27.3244838715, 28.8132724762, 46.8032798767, 31.1488742828], [-168.530303955, -20.1192474365, 26.4811077118, -14.738740921, 2.46724700928, -2.22918248177, -1.973736763, 7.88365602493, 9.1392621994, 16.0632610321, 15.7020330429, 31.1488742828, 44.4683456421]],
