{
"lowlevel": {
    "average_loudness": 0.863083362579,
    "barkbands_crest": {
        "dmean": 2.88802170753,
        "dmean2": 4.65651893616,
        "dvar": 6.09477376938,
        "dvar2": 16.6526851654,
        "max": 25.2206039429,
        "mean": 13.3478527069,
        "median": 11.2720851898,
        "min": 4.71696949005,
        "var": 31.9979667664
    },
    "barkbands_flatness_db": {
        "dmean": 0.0228288061917,
        "dmean2": 0.0346811078489,
        "dvar": 0.000511616643053,
        "dvar2": 0.0013762016315,
        "max": 0.350634485483,
        "mean": 0.18913026154,
        "median": 0.169115871191,
        "min": 0.083474047482,
        "var": 0.00413922453299
    },
    "barkbands_kurtosis": {
        "dmean": 5.87079668045,
        "dmean2": 9.7677154541,
        "dvar": 55.2067108154,
        "dvar2": 154.526504517,
        "max": 58.0041313171,
        "mean": 13.1149158478,
        "median": 11.9132032394,
        "min": 2.3082151413,
        "var": 52.5828857422
    },
    "barkbands_skewness": {
        "dmean": 0.582010090351,
        "dmean2": 0.938788771629,
        "dvar": 0.227430105209,
        "dvar2": 0.621037125587,
        "max": 5.10496044159,
        "mean": 2.19351148605,
        "median": 2.73998618126,
        "min": -1.81703674793,
        "var": 2.84554386139
    },
    "barkbands_spread": {
        "dmean": 3.25982618332,
        "dmean2": 5.07467126846,
        "dvar": 11.1291809082,
        "dvar2": 35.4875869751,
        "max": 31.2325325012,
        "mean": 10.8400945663,
        "median": 9.87163925171,
        "min": 1.42942607403,
        "var": 38.1982536316
    },
    "dissonance": {
        "dmean": 0.0401771552861,
        "dmean2": 0.0698515698314,
        "dvar": 0.00258597056381,
        "dvar2": 0.00695939362049,
        "max": 0.497187912464,
        "mean": 0.4291010499,
        "median": 0.459621012211,
        "min": 0.238852053881,
        "var": 0.00423883507028
    },
    "dynamic_complexity": 7.49205827713,
    "erbbands_crest": {
        "dmean": 2.27911663055,
        "dmean2": 3.66910433769,
        "dvar": 5.51446390152,
        "dvar2": 12.7931985855,
        "max": 30.7605266571,
        "mean": 12.9343128204,
        "median": 10.9057941437,
        "min": 4.36042451859,
        "var": 42.7499198914
    },
    "erbbands_flatness_db": {
        "dmean": 0.0175699219108,
        "dmean2": 0.0263152066618,
        "dvar": 0.000582493317779,
        "dvar2": 0.00136735022534,
        "max": 0.394333928823,
        "mean": 0.209302455187,
        "median": 0.181937620044,
        "min": 0.107786171138,
        "var": 0.00700933206826
    },
    "erbbands_kurtosis": {
        "dmean": 3.35285687447,
        "dmean2": 5.57979822159,
        "dvar": 68.4535980225,
        "dvar2": 189.738037109,
        "max": 65.1433105469,
        "mean": 6.77254009247,
        "median": 1.88278627396,
        "min": -0.798048973083,
        "var": 121.105735779
    },
    "erbbands_skewness": {
        "dmean": 0.431147277355,
        "dmean2": 0.725945830345,
        "dvar": 0.207100436091,
        "dvar2": 0.457234382629,
        "max": 3.30900287628,
        "mean": 0.837756991386,
        "median": 0.928474605083,
        "min": -1.97675955296,
        "var": 0.558136582375
    },
    "erbbands_spread": {
        "dmean": 3.60819411278,
        "dmean2": 6.17398309708,
        "dvar": 24.0018386841,
        "dvar2": 48.2504730225,
        "max": 55.2908973694,
        "mean": 21.3419399261,
        "median": 20.5314388275,
        "min": 1.18011271954,
        "var": 214.629272461
    },
    "hfc": {
        "dmean": 2.29144740105,
        "dmean2": 3.30879855156,
        "dvar": 40.7164306641,
        "dvar2": 64.8836517334,
        "max": 103.743782043,
        "mean": 9.51745033264,
        "median": 1.59623360634,
        "min": 0.0357572808862,
        "var": 334.785766602
    },
    "melbands_crest": {
        "dmean": 3.0722219944,
        "dmean2": 5.19140386581,
        "dvar": 9.55420017242,
        "dvar2": 27.8460979462,
        "max": 29.4335689545,
        "mean": 14.5894231796,
        "median": 13.9445791245,
        "min": 7.13795852661,
        "var": 18.1629619598
    },
    "melbands_flatness_db": {
        "dmean": 0.0247074328363,
        "dmean2": 0.0384724959731,
        "dvar": 0.000482703821035,
        "dvar2": 0.00128945580218,
        "max": 0.403340786695,
        "mean": 0.277634829283,
        "median": 0.265922099352,
        "min": 0.164514303207,
        "var": 0.00286829960532
    },
    "melbands_kurtosis": {
        "dmean": 5.84415960312,
        "dmean2": 9.68516349792,
        "dvar": 39.8555183411,
        "dvar2": 121.763000488,
        "max": 47.4211654663,
        "mean": 11.1001424789,
        "median": 7.37108898163,
        "min": -1.26692557335,
        "var": 117.192901611
    },
    "melbands_skewness": {
        "dmean": 0.709004700184,
        "dmean2": 1.13645029068,
        "dvar": 0.435785472393,
        "dvar2": 1.04154467583,
        "max": 5.26851272583,
        "mean": 1.73785567284,
        "median": 2.04552507401,
        "min": -2.5294573307,
        "var": 4.0306892395
    },
    "melbands_spread": {
        "dmean": 2.45807147026,
        "dmean2": 3.74604582787,
        "dvar": 4.68926429749,
        "dvar2": 15.0885124207,
        "max": 17.540140152,
        "mean": 8.87219047546,
        "median": 8.65771579742,
        "min": 3.30968499184,
        "var": 8.86955356598
    },
    "pitch_salience": {
        "dmean": 0.083233512938,
        "dmean2": 0.135303094983,
        "dvar": 0.00571528356522,
        "dvar2": 0.0174369961023,
        "max": 0.833473324776,
        "mean": 0.547937989235,
        "median": 0.60176473856,
        "min": 0.173830732703,
        "var": 0.0312112942338
    },
    "silence_rate_20dB": {
        "dmean": 0,
        "dmean2": 0,
        "dvar": 0,
        "dvar2": 0,
        "max": 1,
        "mean": 1,
        "median": 1,
        "min": 1,
        "var": 0
    },
    "silence_rate_30dB": {
        "dmean": 0.0166666675359,
        "dmean2": 0.0252100843936,
        "dvar": 0.0163888689131,
        "dvar2": 0.0245746076107,
        "max": 1,
        "mean": 0.975206613541,
        "median": 1,
        "min": 0,
        "var": 0.024178609252
    },
    "silence_rate_60dB": {
        "dmean": 0.0416666679084,
        "dmean2": 0.0840336158872,
        "dvar": 0.0399305820465,
        "dvar2": 0.0769718959928,
        "max": 1,
        "mean": 0.537190079689,
        "median": 1,
        "min": 0,
        "var": 0.248617067933
    },
    "spectral_centroid": {
        "dmean": 84.5705718994,
        "dmean2": 135.869216919,
        "dvar": 7992.91064453,
        "dvar2": 23362.6582031,
        "max": 1092.14929199,
        "mean": 626.642211914,
        "median": 599.554077148,
        "min": 392.743286133,
        "var": 20329.7363281
    },
    "spectral_complexity": {
        "dmean": 1.35000002384,
        "dmean2": 2.37815117836,
        "dvar": 1.69416618347,
        "dvar2": 3.88221359253,
        "max": 18,
        "mean": 6.0743803978,
        "median": 6,
        "min": 0,
        "var": 7.88703203201
    },
    "spectral_decrease": {
        "dmean": 8.94557095066e-10,
        "dmean2": 1.29753174871e-09,
        "dvar": 4.12094184703e-18,
        "dvar2": 6.34416096965e-18,
        "max": -1.08592865602e-11,
        "mean": -3.22421933596e-09,
        "median": -5.79086500974e-10,
        "min": -3.19021076223e-08,
        "var": 3.2177507808e-17
    },
    "spectral_energy": {
        "dmean": 0.0035749275703,
        "dmean2": 0.00519018154591,
        "dvar": 6.77473653923e-05,
        "dvar2": 0.00010446064698,
        "max": 0.129815101624,
        "mean": 0.0130321830511,
        "median": 0.00231577642262,
        "min": 4.42288001068e-05,
        "var": 0.000531544792466
    },
    "spectral_energyband_high": {
        "dmean": 6.76817398926e-06,
        "dmean2": 1.04539512904e-05,
        "dvar": 1.9294170428e-10,
        "dvar2": 2.55965582063e-10,
        "max": 0.000207168108318,
        "mean": 3.23272688547e-05,
        "median": 2.97071928799e-05,
        "min": 6.0238238575e-07,
        "var": 3.26671051321e-10
    },
    "spectral_energyband_low": {
        "dmean": 0.0001386252261,
        "dmean2": 0.000215171661694,
        "dvar": 2.17347171372e-08,
        "dvar2": 5.26957890656e-08,
        "max": 0.0014334183652,
        "mean": 0.000276856473647,
        "median": 0.000194332824321,
        "min": 2.71515568784e-06,
        "var": 5.95136704362e-08
    },
    "spectral_energyband_middle_high": {
        "dmean": 0.00221049180254,
        "dmean2": 0.00317376316525,
        "dvar": 5.43891401321e-05,
        "dvar2": 7.96207750682e-05,
        "max": 0.11431787163,
        "mean": 0.00884233415127,
        "median": 0.000539217493497,
        "min": 1.17943172881e-05,
        "var": 0.000417277071392
    },
    "spectral_energyband_middle_low": {
        "dmean": 0.00203207018785,
        "dmean2": 0.0031165278051,
        "dvar": 1.30641847136e-05,
        "dvar2": 2.32594284171e-05,
        "max": 0.0324828289449,
        "mean": 0.00461865868419,
        "median": 0.00178487447556,
        "min": 3.27523048327e-05,
        "var": 4.03491212637e-05
    },
    "spectral_entropy": {
        "dmean": 0.180189862847,
        "dmean2": 0.285572826862,
        "dvar": 0.0340944007039,
        "dvar2": 0.0814495831728,
        "max": 7.81393718719,
        "mean": 6.97022390366,
        "median": 7.15401792526,
        "min": 5.78812551498,
        "var": 0.258377254009
    },
    "spectral_flux": {
        "dmean": 0.00995533727109,
        "dmean2": 0.0155244637281,
        "dvar": 0.000239681015955,
        "dvar2": 0.000451099302154,
        "max": 0.22543425858,
        "mean": 0.0371361710131,
        "median": 0.0262016840279,
        "min": 0.0132688321173,
        "var": 0.000853113189805
    },
    "spectral_kurtosis": {
        "dmean": 2.51164078712,
        "dmean2": 4.10242414474,
        "dvar": 8.44101428986,
        "dvar2": 23.6542396545,
        "max": 35.58335495,
        "mean": 14.3002691269,
        "median": 12.073469162,
        "min": 6.63863372803,
        "var": 33.0847892761
    },
    "spectral_rms": {
        "dmean": 0.000428164785262,
        "dmean2": 0.000633189803921,
        "dvar": 3.40204394433e-07,
        "dvar2": 6.45918191822e-07,
        "max": 0.0112538384274,
        "mean": 0.00270790793002,
        "median": 0.00150309479795,
        "min": 0.000207725897781,
        "var": 5.38156291441e-06
    },
    "spectral_rolloff": {
        "dmean": 104.256591797,
        "dmean2": 174.979888916,
        "dvar": 21877.8867188,
        "dvar2": 65612.9296875,
        "max": 1184.32617188,
        "mean": 718.782043457,
        "median": 818.26171875,
        "min": 322.998046875,
        "var": 33279.5390625
    },
    "spectral_skewness": {
        "dmean": 0.260068386793,
        "dmean2": 0.420432776213,
        "dvar": 0.0595206879079,
        "dvar2": 0.160561785102,
        "max": 4.42818975449,
        "mean": 2.69312930107,
        "median": 2.5081820488,
        "min": 1.71832847595,
        "var": 0.314520120621
    },
    "spectral_spread": {
        "dmean": 297358.46875,
        "dmean2": 466041.53125,
        "dvar": 177283792896,
        "dvar2": 239590981632,
        "max": 8395790,
        "mean": 3590495.25,
        "median": 3823219,
        "min": 1763736.5,
        "var": 790815899648
    },
    "spectral_strongpeak": {
        "dmean": 0.352962344885,
        "dmean2": 0.4970074296,
        "dvar": 0.74455422163,
        "dvar2": 1.04049932957,
        "max": 10.6609840393,
        "mean": 1.48967289925,
        "median": 0.251871347427,
        "min": 0.00358167267404,
        "var": 5.14221191406
    },
    "zerocrossingrate": {
        "dmean": 0.0108235673979,
        "dmean2": 0.0142832519487,
        "dvar": 0.000125945924083,
        "dvar2": 0.00023966167646,
        "max": 0.14892578125,
        "mean": 0.0668178573251,
        "median": 0.064453125,
        "min": 0.01904296875,
        "var": 0.000738033500966
    },
    "barkbands": {
        "dmean": [7.86534485542e-07, 1.08099866338e-05, 5.92667347519e-05, 0.000411353539675, 0.00043486294453, 0.00101078278385, 8.98153739399e-05, 0.000157030153787, 0.000117956857139, 0.00236895610578, 3.70216803276e-05, 1.49342331497e-05, 1.08395197458e-05, 2.49303593591e-05, 6.21850585958e-06, 1.09898846858e-05, 1.10147793748e-05, 2.56715702562e-06, 7.75966145738e-06, 1.85987641999e-06, 1.72230636508e-06, 1.09585482733e-06, 6.40706218746e-07, 2.55303945096e-07, 1.87643919958e-07, 1.86491348586e-07, 5.04142553837e-06],
        "dmean2": [8.61481623815e-07, 1.86954293895e-05, 0.000101710211311, 0.000531669065822, 0.000748504942749, 0.0014258652227, 0.000156924390467, 0.000251062971074, 0.000185247845366, 0.00337576353922, 5.51794037165e-05, 2.2175750928e-05, 1.48934241224e-05, 3.73813636543e-05, 9.46860836848e-06, 1.92123279703e-05, 1.8599044779e-05, 4.29092415288e-06, 9.45703868638e-06, 3.07651794174e-06, 2.74750868812e-06, 1.72364741502e-06, 9.45366309679e-07, 3.26473667656e-07, 2.1881351131e-07, 2.1954008389e-07, 8.78180526342e-06],
        "dvar": [5.6565679224e-11, 1.9215766478e-10, 2.9566176174e-09, 2.32444406834e-07, 1.82977188956e-07, 6.98075291439e-06, 1.28444233027e-08, 1.00614229837e-07, 4.69363392597e-08, 6.01643550908e-05, 2.2258001664e-08, 9.21177745195e-10, 2.35532904291e-09, 4.02016464562e-09, 1.12964242127e-10, 1.71414449301e-09, 7.05704050752e-10, 1.21053583824e-11, 1.01332942037e-09, 9.27787100619e-12, 8.32217367935e-12, 5.07796625929e-12, 5.01654577253e-12, 2.41206425493e-12, 2.46531571199e-12, 2.35731486414e-12, 1.62114401764e-11],
        "dvar2": [5.69785885141e-11, 3.46289136255e-10, 7.92671439598e-09, 4.41331934553e-07, 5.27046154275e-07, 1.06967163447e-05, 3.64427172883e-08, 2.22912959202e-07, 1.11163053873e-07, 9.17259530979e-05, 2.65670312416e-08, 7.93232868279e-10, 2.0627617392e-09, 1.06523527776e-08, 2.24524523973e-10, 4.86223061813e-09, 2.15124895675e-09, 2.99252740643e-11, 1.29282884398e-09, 2.02209568534e-11, 1.37819157128e-11, 5.27193523212e-12, 6.40431934915e-12, 2.44823128784e-12, 2.45531459747e-12, 2.36941846352e-12, 4.25949102378e-11],
        "max": [8.31914949231e-05, 0.000150771578774, 0.000296334561426, 0.00530184898525, 0.0033568914514, 0.0279004555196, 0.000822620349936, 0.00246262131259, 0.00176338793244, 0.118175961077, 0.00174901541322, 0.000500781403389, 0.000612384581473, 0.000880855484866, 9.73643618636e-05, 0.000347014341969, 0.00027967087226, 3.96977447963e-05, 0.000381673075026, 4.16525836044e-05, 4.45622499683e-05, 3.23891763401e-05, 2.81611701212e-05, 1.77169422386e-05, 1.75940604095e-05, 1.72728759935e-05, 3.367149111e-05],
        "mean": [1.0447384966e-06, 1.14803024189e-05, 7.47219019104e-05, 0.000762624724302, 0.000745394674595, 0.00176376895979, 0.000143080338603, 0.000201835107873, 0.000190379214473, 0.00888246949762, 5.33044221811e-05, 2.58967211266e-05, 1.9070754206e-05, 5.16732397955e-05, 1.09466991489e-05, 1.41891387102e-05, 1.99359983526e-05, 5.94820812694e-06, 1.30964335767e-05, 4.42596729044e-06, 5.31815976501e-06, 3.3120027183e-06, 1.4175063825e-06, 5.15047247518e-07, 3.44851400769e-07, 4.57648496877e-07, 2.25596668315e-05],
        "median": [3.52354192046e-07, 7.65461845731e-06, 5.79312618356e-05, 0.000367214059224, 0.000623076106422, 0.000376395328203, 0.000100380479125, 5.97984399064e-05, 4.54672299384e-05, 0.000464613753138, 1.87856803677e-05, 1.44921759784e-05, 8.57241593621e-06, 8.47524006531e-06, 7.43525652069e-06, 8.52282846608e-06, 7.55844530431e-06, 4.38514734924e-06, 3.22903906635e-06, 3.26708277498e-06, 4.24828658652e-06, 2.78791935671e-06, 9.50973344516e-07, 3.17500052915e-07, 1.90187790849e-07, 3.22177555745e-07, 2.25580188271e-05],
        "min": [9.81133894129e-08, 8.03689559348e-08, 3.347776385e-07, 3.75985337087e-06, 1.19225878734e-05, 5.02721013618e-06, 6.71492671245e-07, 2.4220139494e-06, 4.25620510214e-06, 1.01601808637e-05, 8.28088730032e-07, 8.25474444355e-08, 3.26993330191e-08, 3.42912471751e-08, 4.48207408965e-08, 8.58648832036e-08, 8.86327740091e-08, 6.93889816716e-08, 1.05984597099e-07, 9.55962917715e-08, 6.20156157538e-08, 1.07347332801e-07, 1.6889799781e-08, 4.71773864419e-09, 3.87667675739e-09, 1.28056685256e-08, 5.0998636425e-07],
        "var": [5.62422469708e-11, 2.50916287747e-10, 3.49156459301e-09, 9.58269197326e-07, 3.22455520063e-07, 1.97020908672e-05, 1.93600904197e-08, 1.52171566015e-07, 1.210473215e-07, 0.000428329774877, 2.66678288341e-08, 2.49977327726e-09, 3.20167692358e-09, 2.09510275795e-08, 1.67229355363e-10, 1.11960885008e-09, 1.74969960742e-09, 2.90971188116e-11, 2.16540430031e-09, 2.12917738995e-11, 2.15552072719e-11, 8.97603866234e-12, 6.94640265447e-12, 2.49323543582e-12, 2.48320873412e-12, 2.35870502817e-12, 2.06475964798e-11]
    },
    "erbbands": {
        "dmean": [0.000121316654258, 0.00372556154616, 0.0514524765313, 0.586223244667, 1.6788071394, 1.60411608219, 4.70601081848, 9.50378990173, 1.80555570126, 2.68016028404, 2.25382876396, 3.58606171608, 60.9893074036, 29.5452365875, 1.37863683701, 0.627537429333, 0.482064455748, 0.715964257717, 0.96115654707, 0.355514228344, 0.612225532532, 0.6275857687, 0.141179054976, 0.528020739555, 0.109516359866, 0.0932583361864, 0.07242000103, 0.0684246867895, 0.0398091301322, 0.0285342764109, 0.0153164109215, 0.00675590662286, 0.00415878836066, 0.00217315554619, 0.0013655279763, 0.00075816991739, 0.000362944585504, 0.000157484420924, 9.95936134132e-05, 0.000131704466185],
        "dmean2": [0.000185647906619, 0.00641561904922, 0.085499830544, 0.795495629311, 2.60539197922, 2.70822834969, 7.41705322266, 12.8193788528, 3.0848839283, 4.15351772308, 3.45107340813, 5.78925704956, 84.3379364014, 42.5846862793, 2.04394030571, 0.946601212025, 0.679909706116, 1.05485439301, 1.33074641228, 0.581031143665, 1.06083369255, 1.04311752319, 0.239520698786, 0.618862688541, 0.174255162477, 0.157201334834, 0.12279921025, 0.107066810131, 0.0598031617701, 0.046099588275, 0.0218518320471, 0.00915949698538, 0.0054160989821, 0.0026162811555, 0.0016139120562, 0.000897532387171, 0.000428607861977, 0.000206881537451, 0.000161449934239, 0.000226713542361],
        "dvar": [1.81815593692e-07, 1.20886606965e-05, 0.00184761744458, 0.468005806208, 3.92670559883, 2.79084897041, 77.355682373, 658.976745605, 7.17461919785, 21.624502182, 21.0573787689, 50.7246818542, 36009.375, 9932.50683594, 6.62583827972, 1.20580089092, 3.75956082344, 2.84928035736, 6.0060634613, 0.828024506569, 4.41914463043, 2.348736763, 0.0410000868142, 4.63997840881, 0.0737802311778, 0.0243146698922, 0.00950946193188, 0.0178809128702, 0.00695910863578, 0.00568774109706, 0.00344391143881, 0.00120428239461, 0.000633686664514, 0.000297457823763, 0.000126460581669, 3.88554144592e-05, 7.87779936218e-06, 1.06921709175e-06, 4.02183601977e-08, 1.08417061995e-08],
        "dvar2": [1.99702967052e-07, 3.14842473017e-05, 0.00537456013262, 0.969820737839, 9.24406528473, 7.51563215256, 132.342987061, 1022.4418335, 17.664068222, 48.3936233521, 47.3670806885, 122.643974304, 58140.0898438, 16415.1289062, 10.0072345734, 1.24411165714, 3.50006532669, 5.86694431305, 12.2397613525, 1.97153174877, 12.6671609879, 6.99216842651, 0.0922270640731, 6.46394920349, 0.103551737964, 0.0585067160428, 0.0203995667398, 0.0217965729535, 0.00675485655665, 0.0077859708108, 0.00457155983895, 0.00128259242047, 0.000638597586658, 0.000293263059575, 0.000127455568872, 3.9311551518e-05, 7.88920624473e-06, 1.07031814878e-06, 4.56436346497e-08, 2.89874844128e-08],
        "max": [0.00502949068323, 0.0319030322134, 0.334833204746, 6.90627336502, 18.4226531982, 12.8613882065, 97.7168197632, 264.226470947, 23.4023094177, 34.6845703125, 36.3324508667, 89.3603210449, 2977.12792969, 1510.45385742, 63.8106536865, 21.6678657532, 25.7672538757, 35.6514816284, 26.7167625427, 6.79736089706, 17.187702179, 16.6421432495, 3.3788394928, 24.623374939, 4.00072574615, 1.97942852974, 1.42252898216, 2.08230161667, 1.25724613667, 1.01603209972, 0.696663200855, 0.398493677378, 0.287567734718, 0.195050045848, 0.125425025821, 0.06949660182, 0.0317352898419, 0.0119324438274, 0.00276750535704, 0.00093048310373],
        "mean": [0.000164968689205, 0.00471800658852, 0.079462647438, 1.10992014408, 2.80102276802, 2.63037109375, 7.52066373825, 16.689912796, 3.21894955635, 3.76113653183, 3.0162653923, 8.87100028992, 207.212493896, 117.603546143, 5.02636623383, 1.3359721899, 0.933806478977, 1.9446157217, 1.59267544746, 0.645652711391, 0.872052490711, 1.15599000454, 0.401088625193, 0.827254116535, 0.27335613966, 0.213847801089, 0.223733454943, 0.19675847888, 0.12293548882, 0.0803261771798, 0.0330619700253, 0.0132233919576, 0.00791305769235, 0.00409423420206, 0.00243071932346, 0.00150471460074, 0.000896226323675, 0.000518285203725, 0.000559921085369, 0.000597943610046],
        "median": [0.000108816580905, 0.00364315905608, 0.0669409930706, 0.596092581749, 1.69076812267, 2.10849285126, 3.41604375839, 2.72219562531, 1.87816870213, 1.50961637497, 1.15996110439, 1.23985278606, 11.3574419022, 6.75724411011, 1.01386332512, 0.628174424171, 0.420808106661, 0.414283692837, 0.410521745682, 0.436793714762, 0.47193723917, 0.411774337292, 0.270205169916, 0.194688543677, 0.14080363512, 0.151531666517, 0.182316988707, 0.150836735964, 0.101763166487, 0.0629719868302, 0.0215757545084, 0.00826201681048, 0.0048686848022, 0.00233036186546, 0.00138002412859, 0.000943461491261, 0.000640595215373, 0.000430641142884, 0.000539597531315, 0.000596201862209],
        "min": [3.82120697395e-06, 2.95031968562e-05, 0.000841967412271, 0.0074480464682, 0.0248056892306, 0.042468123138, 0.0509781651199, 0.0353078022599, 0.0138408364728, 0.021103862673, 0.0606615580618, 0.100436337292, 0.178638622165, 0.200196668506, 0.0230641700327, 0.00442492729053, 0.00183923670556, 0.00156508712098, 0.00190891034435, 0.00400515645742, 0.00552836898714, 0.0043734414503, 0.00436482019722, 0.00241753063165, 0.00830144993961, 0.00418271217495, 0.00226846872829, 0.00359715637751, 0.00358320050873, 0.00135146442335, 0.000247895688517, 8.48272102303e-05, 8.56951228343e-05, 4.99437883263e-05, 2.27636264754e-05, 1.79650705832e-05, 3.09336610371e-05, 1.60874624271e-05, 1.6430964024e-05, 1.28313822643e-05],
        "var": [2.04107195145e-07, 1.64079156093e-05, 0.00281214294955, 1.73940646648, 11.0966444016, 4.54907846451, 219.452880859, 1820.24523926, 14.2480745316, 37.3196182251, 31.0892963409, 296.891906738, 237099.140625, 73841.46875, 97.8011627197, 5.97460365295, 5.97044086456, 27.022195816, 15.7147378922, 0.765389382839, 3.27370738983, 6.18669557571, 0.221861690283, 8.61222553253, 0.317710310221, 0.0587585493922, 0.026857720688, 0.0420112796128, 0.01313321013, 0.00907541997731, 0.00443515460938, 0.00128990923986, 0.000659016426653, 0.000304726097966, 0.000126272556372, 3.85589701182e-05, 7.9375167843e-06, 1.08979804736e-06, 4.72901291459e-08, 1.5611631099e-08]
    },
    "gfcc": {
        "mean": [-122.983154297, 105.349388123, -99.8647155762, -17.3891162872, -56.7514343262, -34.0375480652, -17.8907527924, -28.7499065399, -21.0854549408, -29.9854621887, -25.4562149048, -7.39090108871, 0.403424739838],
        "cov": [[1707.83520508, 493.365631104, -496.475769043, -428.167633057, -269.073059082, 76.7974700928, 138.504577637, 136.725006104, -68.1107177734, -223.267669678, -106.931747437, -0.293207287788, 105.587547302], [493.365631104, 304.990325928, -161.626968384, -207.333679199, -144.552398682, -20.4279975891, 69.7962265015, 46.0249862671, -24.7027702332, -114.795249939, -68.6221389771, 4.48154354095, 62.4386825562], [-496.475769043, -161.626968384, 261.873718262, 198.600097656, 116.915672302, -4.96169948578, -77.1986923218, -68.1395263672, 22.5371017456, 99.812171936, 46.4672775269, 0.295725226402, -50.0273933411], [-428.167633057, -207.333679199, 198.600097656, 247.42149353, 166.576187134, 10.2122468948, -72.2315368652, -63.8529891968, 15.4459533691, 97.0177230835, 62.9891586304, -11.328458786, -73.4452896118], [-269.073059082, -144.552398682, 116.915672302, 166.576187134, 148.372558594, 25.7457466125, -39.0617523193, -39.0585670471, 5.57888126373, 66.6716079712, 42.2204093933, -10.2793340683, -54.9332847595], [76.7974700928, -20.4279975891, -4.96169948578, 10.2122468948, 25.7457466125, 72.1137161255, 38.4321784973, 18.8186569214, -14.7411870956, -13.3418178558, -15.3203735352, -17.0628128052, -11.2526464462], [138.504577637, 69.7962265015, -77.1986923218, -72.2315368652, -39.0617523193, 38.4321784973, 87.6495666504, 49.3676719666, -20.6830615997, -62.1063728333, -45.6991958618, -15.91036129, 19.1328773499], [136.725006104, 46.0249862671, -68.1395263672, -63.8529891968, -39.0585670471, 18.8186569214, 49.3676719666, 55.5917472839, 1.32459187508, -28.8879489899, -24.2506313324, -4.81109142303, 19.0426139832], [-68.1107177734, -24.7027702332, 22.5371017456, 15.4459533691, 5.57888126373, -14.7411870956, -20.6830615997, 1.32459187508, 33.3970909119, 33.63854599, 18.2211208344, 4.15351343155, -4.62998390198], [-223.267669678, -114.795249939, 99.812171936, 97.0177230835, 66.6716079712, -13.3418178558, -62.1063728333, -28.8879489899, 33.63854599, 91.1615524292, 57.1229934692, 12.7248344421, -27.3041172028], [-106.931747437, -68.6221389771, 46.4672775269, 62.9891586304, 42.2204093933, -15.3203735352, -45.6991958618, -24.2506313324, 18.2211208344, 57.1229934692, 61.6882705688, 19.9027233124, -19.0604820251], [-0.293207287788, 4.48154354095, 0.295725226402, -11.328458786, -10.2793340683, -17.0628128052, -15.91036129, -4.81109142303, 4.15351343155, 12.7248344421, 19.9027233124, 33.1901359558, 19.4762248993], [105.587547302, 62.4386825562, -50.0273933411, -73.4452896118, -54.9332847595, -11.2526464462, 19.1328773499, 19.0426139832, -4.62998390198, -27.3041172028, -19.0604820251, 19.4762248993, 52.6339263916]],
        "icov": [[0.0036094149109, -0.00558420224115, 0.00597971305251, -0.00313243153505, 0.00347319012508, -0.00908095017076, 0.00828312989324, -0.00346422102302, 0.00327411689796, -0.00153079885058, -0.00100381835364, 0.000592133786995, -0.000466599449283], [-0.00558420224115, 0.019194483757, -0.0123815936968, 0.0140038719401, -0.00817786343396, 0.0173040702939, -0.0121426172554, 0.00510865263641, -0.00869901664555, 0.0158180817962, -0.00181591056753, -0.000991551671177, 0.00108459300827], [0.00597971305251, -0.0123815936968, 0.0279236212373, -0.0235942080617, 0.0157916583121, -0.0176883712411, 0.00825466681272, 0.00592139735818, 0.00618268596008, -0.0241844579577, 0.0157961603254, -0.00705277966335, 0.000194861524506], [-0.00313243153505, 0.0140038719401, -0.0235942080617, 0.0483257472515, -0.0329654067755, 0.0142085077241, -0.0012587022502, -0.000910703209229, -0.00474257674068, 0.0222747828811, -0.0182544589043, 0.0116033516824, 0.00433221179992], [0.00347319012508, -0.00817786343396, 0.0157916583121, -0.0329654067755, 0.0435732640326, -0.0181416999549, 0.000475928332889, 0.00492221442983, 0.0111274598166, -0.0241012722254, 0.00939716491848, -0.00619763508439, 0.00556049868464], [-0.00908095017076, 0.0173040702939, -0.0176883712411, 0.0142085077241, -0.0181416999549, 0.051181524992, -0.0322461649776, 0.00173556758091, 0.00247372314334, 0.00166976090986, 0.00253440556116, 0.00281087611802, 0.00476688425988], [0.00828312989324, -0.0121426172554, 0.00825466681272, -0.0012587022502, 0.000475928332889, -0.0322461649776, 0.0719175338745, -0.0417414978147, 0.0112462332472, 0.0252979379147, -0.00716462824494, 0.00969814322889, -0.00563100399449], [-0.00346422102302, 0.00510865263641, 0.00592139735818, -0.000910703209229, 0.00492221442983, 0.00173556758091, -0.0417414978147, 0.0658540204167, -0.0245058815926, -0.0170715376735, 0.0121506405994, -0.00531334942207, -0.00254270248115], [0.00327411689796, -0.00869901664555, 0.00618268596008, -0.00474257674068, 0.0111274598166, 0.00247372314334, 0.0112462332472, -0.0245058815926, 0.0768707841635, -0.0435995236039, 0.00180170487147, 0.0119151258841, 0.000318496575346], [-0.00153079885058, 0.0158180817962, -0.0241844579577, 0.0222747828811, -0.0241012722254, 0.00166976090986, 0.0252979379147, -0.0170715376735, -0.0435995236039, 0.101947650313, -0.0450433343649, 0.00468373065814, -0.00440944544971], [-0.00100381835364, -0.00181591056753, 0.0157961603254, -0.0182544589043, 0.00939716491848, 0.00253440556116, -0.00716462824494, 0.0121506405994, 0.00180170487147, -0.0450433343649, 0.0763593688607, -0.0463416390121, 0.0238596368581], [0.000592133786995, -0.000991551671177, -0.00705277966335, 0.0116033516824, -0.00619763508439, 0.00281087611802, 0.00969814322889, -0.00531334942207, 0.0119151258841, 0.00468373065814, -0.0463416390121, 0.0879189819098, -0.0438311062753], [-0.000466599449283, 0.00108459300827, 0.000194861524506, 0.00433221179992, 0.00556049868464, 0.00476688425988, -0.00563100399449, -0.00254270248115, 0.000318496575346, -0.00440944544971, 0.0238596368581, -0.0438311062753, 0.0572681650519]]
    },
    "melbands": {
        "dmean": [1.95982852347e-06, 1.8426353563e-05, 0.000155185785843, 0.000100274359284, 0.000151175976498, 0.000202200288186, 2.46290201176e-05, 3.30047878379e-05, 1.7418704374e-05, 2.16537409869e-05, 0.000334090931574, 0.00016610971943, 4.33731156591e-06, 1.82591838893e-06, 1.30440423618e-06, 1.0639798802e-06, 1.64795687851e-06, 2.17858837459e-06, 4.32868489497e-07, 7.42082079341e-07, 7.22447680346e-07, 8.68763947892e-07, 1.59748068995e-07, 1.26619767116e-07, 5.22375501077e-07, 1.36355467362e-07, 6.03265064569e-08, 6.85131027467e-08, 5.40660920478e-08, 5.08069284422e-08, 3.90057621757e-08, 2.54864644944e-08, 2.26348166876e-08, 1.53262753599e-08, 9.23317688972e-09, 7.26261184525e-09, 3.66707952892e-09, 3.15661052852e-09, 2.3960626816e-09, 1.80162407215e-09],
        "dmean2": [3.25398536916e-06, 3.15038887493e-05, 0.000207038567169, 0.000161251256941, 0.000236357853282, 0.000274051970337, 4.41634147137e-05, 5.18758097314e-05, 2.66110873781e-05, 3.42968050973e-05, 0.000461375486339, 0.000238039850956, 6.40278676656e-06, 2.80565086541e-06, 1.92282186617e-06, 1.35969014536e-06, 2.71721251011e-06, 2.96517123388e-06, 6.60495572902e-07, 1.29096474666e-06, 1.25001065499e-06, 1.46140848756e-06, 2.47337851533e-07, 2.08695922765e-07, 5.94706250467e-07, 2.03216885097e-07, 9.85831860589e-08, 1.13269379654e-07, 9.23034662037e-08, 8.55608561778e-08, 5.99481779773e-08, 3.86838259203e-08, 3.75237227956e-08, 2.42746516221e-08, 1.30822384037e-08, 1.07262296822e-08, 4.79186823554e-09, 4.22815249479e-09, 3.10620418276e-09, 2.13853446063e-09],
        "dvar": [1.64275433534e-11, 2.74392925048e-10, 3.2392332372e-08, 9.79515046851e-09, 6.91661909968e-08, 2.91802564334e-07, 1.14082254754e-09, 3.56047080707e-09, 1.35589928174e-09, 1.71344471944e-09, 1.10671498987e-06, 3.45812566138e-07, 2.89183038626e-10, 1.68690842545e-11, 7.38893061319e-12, 3.07891316609e-11, 1.59937427885e-11, 3.62168177392e-11, 4.57689116641e-13, 6.9739223077e-12, 4.77114441705e-12, 4.84716130081e-12, 4.15537795959e-14, 2.76159964444e-14, 4.82405088098e-12, 2.30604299762e-13, 9.3186092523e-15, 1.35925248989e-14, 3.87886117404e-15, 6.60615395124e-15, 6.71369452477e-15, 2.39610077724e-15, 2.02271870145e-15, 1.87408263042e-15, 1.06089087287e-15, 9.52726141929e-16, 4.43945743645e-16, 3.19763857904e-16, 2.45341928502e-16, 2.00636998619e-16],
        "dvar2": [2.08151707676e-11, 7.8330364417e-10, 6.91226347271e-08, 2.69861395452e-08, 1.14591763634e-07, 4.47646044677e-07, 3.16262771527e-09, 7.77237385563e-09, 2.90656165802e-09, 4.35773905849e-09, 1.74463980329e-06, 5.43276712506e-07, 3.21593085495e-10, 1.57069079965e-11, 7.11333596193e-12, 3.03038670546e-11, 4.18128413837e-11, 8.11587672067e-11, 9.12915793308e-13, 1.94325441155e-11, 1.35861859957e-11, 1.45121050593e-11, 7.8132331605e-14, 7.08126591219e-14, 6.9967998409e-12, 4.18320163665e-13, 1.60218806131e-14, 3.38641942721e-14, 8.52816318812e-15, 1.51303835183e-14, 7.64190499211e-15, 2.33570457524e-15, 3.34284305491e-15, 2.3536572268e-15, 1.19335359093e-15, 1.69171622511e-15, 4.57675459505e-16, 3.21610389729e-16, 2.50610155796e-16, 1.96479482981e-16],
        "max": [4.77787834825e-05, 0.000100192468381, 0.00188956654165, 0.000935129879508, 0.00297306105494, 0.00561478501186, 0.00021843315335, 0.000425850681495, 0.000325289060129, 0.00033345958218, 0.0164209604263, 0.00855954177678, 0.000199657108169, 6.21072031208e-05, 4.52271015092e-05, 6.90629167366e-05, 6.94144691806e-05, 5.88479524595e-05, 6.66555433781e-06, 2.12731865759e-05, 1.75593086169e-05, 2.19210851355e-05, 4.0722693484e-06, 1.74385604623e-06, 2.47827447311e-05, 6.37342600385e-06, 1.23099039229e-06, 1.37394670219e-06, 8.41018504616e-07, 1.08578853997e-06, 1.16962155516e-06, 7.37369873605e-07, 5.28184898485e-07, 6.06993239671e-07, 4.15464910475e-07, 2.79898017652e-07, 2.38693729671e-07, 2.04630140388e-07, 1.76296268251e-07, 1.60183148523e-07],
        "mean": [2.15611885324e-06, 2.37809235841e-05, 0.000284040550468, 0.000175884881173, 0.000250420474913, 0.000354541582055, 3.85601197195e-05, 4.41170304839e-05, 2.20611327677e-05, 3.53002360498e-05, 0.00116403563879, 0.000665619852953, 6.62204320179e-06, 3.23042763739e-06, 2.36540222431e-06, 1.92729999071e-06, 4.17368892158e-06, 3.32177842211e-06, 7.94324421349e-07, 9.3242681487e-07, 9.99169060378e-07, 1.43076056247e-06, 4.54640485259e-07, 2.61889653075e-07, 7.77225636739e-07, 2.77248204839e-07, 1.21328625369e-07, 1.45825097775e-07, 1.41293568845e-07, 1.33575042582e-07, 1.0552972185e-07, 7.16519039656e-08, 5.68705225135e-08, 3.92608185962e-08, 1.9865954215e-08, 1.12745812686e-08, 6.99731783627e-09, 5.76698910848e-09, 4.32591740207e-09, 3.12592818297e-09],
        "median": [1.27702537611e-06, 1.86782472156e-05, 0.000149419211084, 0.00012191577116, 0.000117063842481, 6.03910521022e-05, 2.55007762462e-05, 1.55089401233e-05, 8.3109116531e-06, 6.8318695412e-06, 6.37488337816e-05, 3.61748861906e-05, 2.72799411505e-06, 1.90399941857e-06, 1.23408608488e-06, 7.89282012192e-07, 8.35222408568e-07, 6.31530042483e-07, 5.65283414744e-07, 5.57344833396e-07, 5.34094795057e-07, 4.49488879894e-07, 2.93066733548e-07, 1.90884691165e-07, 1.55894369414e-07, 1.08851310188e-07, 9.29070012035e-08, 9.78868541779e-08, 1.15510438548e-07, 1.06189567362e-07, 8.26660411235e-08, 5.75870799935e-08, 4.47688854877e-08, 2.99144353733e-08, 1.29759953893e-08, 6.28759488919e-09, 4.51063275619e-09, 3.57280738328e-09, 2.44371944902e-09, 1.66741898067e-09],
        "min": [3.0208585855e-08, 1.47028970332e-07, 1.75181583018e-06, 2.4857254175e-06, 1.85657256679e-06, 8.12134771877e-07, 1.84449206131e-07, 2.94119871569e-07, 4.99008706356e-07, 6.49723688184e-07, 8.13559836388e-07, 8.39221058868e-07, 8.90078553084e-08, 9.86542314507e-09, 8.40485725462e-09, 2.67176258895e-09, 2.80352585591e-09, 3.31493721362e-09, 3.23058113594e-09, 5.25362375825e-09, 7.64174412637e-09, 5.1665955958e-09, 3.40595907034e-09, 3.21944226833e-09, 1.60886770573e-09, 4.4224579554e-09, 6.205391756e-09, 2.17526952007e-09, 9.32656285535e-10, 2.24726748321e-09, 2.39186315198e-09, 2.76822431644e-09, 8.02527821975e-10, 7.17091774849e-10, 1.43520514917e-10, 2.49074753877e-11, 5.69886707269e-11, 5.61690867429e-11, 7.1141391389e-11, 3.08940997784e-11],
        "var": [1.98159041259e-11, 3.13038955868e-10, 1.21714506918e-07, 2.35472796817e-08, 2.00693406782e-07, 8.17000056941e-07, 1.65205482627e-09, 5.95128613057e-09, 2.00187066923e-09, 4.56277904348e-09, 7.44649423723e-06, 2.38220786741e-06, 3.52801177161e-10, 3.61382451741e-11, 2.16369110129e-11, 4.03706477969e-11, 1.30622082595e-10, 8.44725678295e-11, 7.11833749497e-13, 4.37413560234e-12, 3.89614512528e-12, 1.1225129333e-11, 2.86332969054e-13, 5.7554553842e-14, 8.51947592334e-12, 6.26658284725e-13, 1.52669879099e-14, 3.16599536572e-14, 1.01002715848e-14, 1.65890589568e-14, 1.21130819066e-14, 4.65431899022e-15, 2.72640699249e-15, 3.17870013995e-15, 1.4842617627e-15, 9.34667717131e-16, 4.54099762858e-16, 3.33359292573e-16, 2.50206491658e-16, 2.06079966163e-16]
    },
    "mfcc": {
        "mean": [-784.712341309, 163.480285645, -5.3405251503, 18.4173984528, -27.1854133606, -3.96160721779, -17.5215492249, -1.90459644794, -2.56536769867, -16.2508487701, -19.8340568542, -20.128080368, -16.1591587067],
        "cov": [[1721.17321777, 469.458404541, -323.923187256, -347.53918457, -344.290405273, -184.469070435, -30.9997272491, 136.24331665, 63.7405776978, 25.9985790253, -67.5848083496, -244.288513184, -256.011810303], [469.458404541, 270.632843018, -63.0996589661, -125.574928284, -150.682785034, -97.1421127319, -42.3492584229, 40.5963134766, 40.8110237122, -11.427479744, -38.8289642334, -99.1185760498, -96.9636383057], [-323.923187256, -63.0996589661, 132.112243652, 70.2133026123, 69.1362686157, 43.4507331848, 2.98741102219, -27.3040657043, -4.73807096481, -10.0910215378, 10.0713062286, 54.3822555542, 56.5293655396], [-347.53918457, -125.574928284, 70.2133026123, 164.767807007, 138.911727905, 86.1804275513, 15.8572130203, -46.4349212646, -40.7111930847, -9.27671432495, 34.1040077209, 87.2266159058, 81.8115081787], [-344.290405273, -150.682785034, 69.1362686157, 138.911727905, 167.126861572, 101.867744446, 24.657043457, -48.3441810608, -42.8267364502, -5.79911851883, 42.5210914612, 100.300514221, 91.5452880859], [-184.469070435, -97.1421127319, 43.4507331848, 86.1804275513, 101.867744446, 97.2675323486, 35.2873039246, -18.3974170685, -24.1415843964, -0.0712546035647, 23.7701435089, 54.0467033386, 48.8830795288], [-30.9997272491, -42.3492584229, 2.98741102219, 15.8572130203, 24.657043457, 35.2873039246, 56.0621757507, 24.5348567963, 4.49931335449, 14.8775835037, 7.95774888992, -0.596815526485, -1.79248225689], [136.24331665, 40.5963134766, -27.3040657043, -46.4349212646, -48.3441810608, -18.3974170685, 24.5348567963, 54.5442237854, 30.1595573425, 17.3405818939, -9.23072719574, -44.0580444336, -46.4577827454], [63.7405776978, 40.8110237122, -4.73807096481, -40.7111930847, -42.8267364502, -24.1415843964, 4.49931335449, 30.1595573425, 58.1919136047, 24.4654273987, -16.3078327179, -29.0717849731, -26.8809490204], [25.9985790253, -11.427479744, -10.0910215378, -9.27671432495, -5.79911851883, -0.0712546035647, 14.8775835037, 17.3405818939, 24.4654273987, 39.5867385864, 11.1339817047, -3.5479850769, -10.3253631592], [-67.5848083496, -38.8289642334, 10.0713062286, 34.1040077209, 42.5210914612, 23.7701435089, 7.95774888992, -9.23072719574, -16.3078327179, 11.1339817047, 41.6590538025, 38.0667495728, 20.3059005737], [-244.288513184, -99.1185760498, 54.3822555542, 87.2266159058, 100.300514221, 54.0467033386, -0.596815526485, -44.0580444336, -29.0717849731, -3.5479850769, 38.0667495728, 102.294746399, 90.0765609741], [-256.011810303, -96.9636383057, 56.5293655396, 81.8115081787, 91.5452880859, 48.8830795288, -1.79248225689, -46.4577827454, -26.8809490204, -10.3253631592, 20.3059005737, 90.0765609741, 103.115356445]],
