{
"lowlevel": {
    "average_loudness": 0.986385524273,
    "barkbands_crest": {
        "dmean": 3.94175815582,
        "dmean2": 6.0811419487,
        "dvar": 14.4689388275,
        "dvar2": 36.0481300354,
        "max": 23.9337100983,
        "mean": 11.6815347672,
        "median": 9.47285079956,
        "min": 2.60901737213,
        "var": 45.9596061707
    },
    "barkbands_flatness_db": {
        "dmean": 0.0321415290236,
        "dmean2": 0.0472655035555,
        "dvar": 0.000736832385883,
        "dvar2": 0.00198271684349,
        "max": 0.24388410151,
        "mean": 0.116438820958,
        "median": 0.109586246312,
        "min": 0.0326478630304,
        "var": 0.00360089540482
    },
    "barkbands_kurtosis": {
        "dmean": 4.31562280655,
        "dmean2": 6.82397651672,
        "dvar": 25.4741230011,
        "dvar2": 57.7080078125,
        "max": 30.0774803162,
        "mean": 5.39504909515,
        "median": 2.93445730209,
        "min": -1.54119217396,
        "var": 57.1196403503
    },
    "barkbands_skewness": {
        "dmean": 0.82180082798,
        "dmean2": 1.22465872765,
        "dvar": 0.481793254614,
        "dvar2": 1.29686546326,
        "max": 5.37564325333,
        "mean": 1.86937391758,
        "median": 1.93678975105,
        "min": -1.42906320095,
        "var": 2.45828986168
    },
    "barkbands_spread": {
        "dmean": 15.981669426,
        "dmean2": 26.0805282593,
        "dvar": 323.055480957,
        "dvar2": 825.694885254,
        "max": 118.647720337,
        "mean": 44.678604126,
        "median": 37.6698608398,
        "min": 12.0820646286,
        "var": 599.157775879
    },
    "dissonance": {
        "dmean": 0.0117899263278,
        "dmean2": 0.0181899387389,
        "dvar": 0.000143190904055,
        "dvar2": 0.000299764447846,
        "max": 0.499723553658,
        "mean": 0.477631002665,
        "median": 0.481341183186,
        "min": 0.411953240633,
        "var": 0.000291247939458
    },
    "dynamic_complexity": 6.80483913422,
    "erbbands_crest": {
        "dmean": 2.19384622574,
        "dmean2": 3.64903831482,
        "dvar": 3.98864102364,
        "dvar2": 11.7360744476,
        "max": 15.9332580566,
        "mean": 6.61929893494,
        "median": 6.01913452148,
        "min": 3.27195858955,
        "var": 6.87736749649
    },
    "erbbands_flatness_db": {
        "dmean": 0.0148025415838,
        "dmean2": 0.023239525035,
        "dvar": 0.000409135012887,
        "dvar2": 0.000840822409373,
        "max": 0.232483908534,
        "mean": 0.090615272522,
        "median": 0.0827723965049,
        "min": 0.0337234325707,
        "var": 0.00147406512406
    },
    "erbbands_kurtosis": {
        "dmean": 0.7443395257,
        "dmean2": 1.26734209061,
        "dvar": 1.1688426733,
        "dvar2": 3.65423130989,
        "max": 7.72018527985,
        "mean": 0.397527575493,
        "median": -0.225082397461,
        "min": -1.19723296165,
        "var": 3.01984071732
    },
    "erbbands_skewness": {
        "dmean": 0.397769540548,
        "dmean2": 0.67491877079,
        "dvar": 0.147104561329,
        "dvar2": 0.369962632656,
        "max": 2.62352228165,
        "mean": 0.525785505772,
        "median": 0.56227183342,
        "min": -1.07493376732,
        "var": 0.662193536758
    },
    "erbbands_spread": {
        "dmean": 8.37379646301,
        "dmean2": 14.7875480652,
        "dvar": 91.9173049927,
        "dvar2": 235.705825806,
        "max": 97.1868515015,
        "mean": 48.2221717834,
        "median": 44.2422370911,
        "min": 20.0104293823,
        "var": 330.166381836
    },
    "hfc": {
        "dmean": 9.35674762726,
        "dmean2": 14.1834220886,
        "dvar": 1146.93334961,
        "dvar2": 2190.00097656,
        "max": 258.830596924,
        "mean": 12.9159698486,
        "median": 1.96910810471,
        "min": 0.929464459419,
        "var": 1405.01733398
    },
    "melbands_crest": {
        "dmean": 4.0546913147,
        "dmean2": 6.81446409225,
        "dvar": 10.1478738785,
        "dvar2": 28.4094753265,
        "max": 31.3240203857,
        "mean": 12.9724388123,
        "median": 12.7046031952,
        "min": 3.01533794403,
        "var": 37.4820861816
    },
    "melbands_flatness_db": {
        "dmean": 0.0240675918758,
        "dmean2": 0.0375365316868,
        "dvar": 0.000542258610949,
        "dvar2": 0.00146092940122,
        "max": 0.298500269651,
        "mean": 0.167719691992,
        "median": 0.185444876552,
        "min": 0.0308104120195,
        "var": 0.00595637317747
    },
    "melbands_kurtosis": {
        "dmean": 5.67115163803,
        "dmean2": 9.55621433258,
        "dvar": 43.1301612854,
        "dvar2": 123.840270996,
        "max": 62.4057235718,
        "mean": 17.5294361115,
        "median": 15.4426250458,
        "min": -1.04252254963,
        "var": 263.535125732
    },
    "melbands_skewness": {
        "dmean": 0.535392403603,
        "dmean2": 0.89524525404,
        "dvar": 0.241171076894,
        "dvar2": 0.617687821388,
        "max": 5.46199131012,
        "mean": 2.793217659,
        "median": 2.82066607475,
        "min": -0.291187524796,
        "var": 2.4835422039
    },
    "melbands_spread": {
        "dmean": 7.35712480545,
        "dmean2": 12.673743248,
        "dvar": 92.6904754639,
        "dvar2": 237.749404907,
        "max": 102.685310364,
        "mean": 26.9313373566,
        "median": 15.6494445801,
        "min": 3.52555203438,
        "var": 548.832702637
    },
    "pitch_salience": {
        "dmean": 0.103773728013,
        "dmean2": 0.156697884202,
        "dvar": 0.00862198229879,
        "dvar2": 0.0219218079001,
        "max": 0.869349002838,
        "mean": 0.571310579777,
        "median": 0.611083388329,
        "min": 0.182770222425,
        "var": 0.0300308763981
    },
    "silence_rate_20dB": {
        "dmean": 0,
        "dmean2": 0,
        "dvar": 0,
        "dvar2": 0,
        "max": 1,
        "mean": 1,
        "median": 1,
        "min": 1,
        "var": 0
    },
    "silence_rate_30dB": {
        "dmean": 0,
        "dmean2": 0,
        "dvar": 0,
        "dvar2": 0,
        "max": 1,
        "mean": 1,
        "median": 1,
        "min": 1,
        "var": 0
    },
    "silence_rate_60dB": {
        "dmean": 0.0555555559695,
        "dmean2": 0.112359553576,
        "dvar": 0.0524691306055,
        "dvar2": 0.0997349172831,
        "max": 1,
        "mean": 0.791208803654,
        "median": 1,
        "min": 0,
        "var": 0.165197387338
    },
    "spectral_centroid": {
        "dmean": 292.083435059,
        "dmean2": 454.234741211,
        "dvar": 168748.421875,
        "dvar2": 406998.03125,
        "max": 3824.56225586,
        "mean": 1457.49206543,
        "median": 997.414611816,
        "min": 312.194946289,
        "var": 990259.25
    },
    "spectral_complexity": {
        "dmean": 4.13333320618,
        "dmean2": 5.33707857132,
        "dvar": 76.7377853394,
        "dvar2": 90.7852630615,
        "max": 55,
        "mean": 8.32966995239,
        "median": 2,
        "min": 0,
        "var": 228.704452515
    },
    "spectral_decrease": {
        "dmean": 7.66391228257e-10,
        "dmean2": 9.59162194114e-10,
        "dvar": 2.98377054363e-18,
        "dvar2": 6.13966289707e-18,
        "max": -1.74753839871e-11,
        "mean": -1.05375508319e-09,
        "median": -2.63538885159e-10,
        "min": -1.08258033649e-08,
        "var": 4.62340609268e-18
    },
    "spectral_energy": {
        "dmean": 0.00368848443031,
        "dmean2": 0.00461863586679,
        "dvar": 8.3441445895e-05,
        "dvar2": 0.000167831371073,
        "max": 0.0618504732847,
        "mean": 0.00514863384888,
        "median": 0.00124276988208,
        "min": 0.000243990114541,
        "var": 0.000121708486404
    },
    "spectral_energyband_high": {
        "dmean": 0.000948387547396,
        "dmean2": 0.00147072097752,
        "dvar": 1.69889117387e-05,
        "dvar2": 3.51892267645e-05,
        "max": 0.0327723138034,
        "mean": 0.00105317833368,
        "median": 5.99488375883e-05,
        "min": 3.29806425725e-05,
        "var": 1.82106741704e-05
    },
    "spectral_energyband_low": {
        "dmean": 0.000301411491819,
        "dmean2": 0.000480624468764,
        "dvar": 4.92064600621e-07,
        "dvar2": 1.22454173379e-06,
        "max": 0.00489265006036,
        "mean": 0.000360962410923,
        "median": 0.000175354580279,
        "min": 6.2668505052e-06,
        "var": 4.21079931812e-07
    },
    "spectral_energyband_middle_high": {
        "dmean": 0.00150987470988,
        "dmean2": 0.00204359134659,
        "dvar": 1.8346523575e-05,
        "dvar2": 3.82110192731e-05,
        "max": 0.02901513502,
        "mean": 0.0019764227327,
        "median": 3.10288050969e-05,
        "min": 5.67843017052e-06,
        "var": 2.63524816546e-05
    },
    "spectral_energyband_middle_low": {
        "dmean": 0.00101930007804,
        "dmean2": 0.00124297989532,
        "dvar": 8.35975424707e-06,
        "dvar2": 1.60620038514e-05,
        "max": 0.0237433966249,
        "mean": 0.00141017895658,
        "median": 0.000381943071261,
        "min": 4.61659146822e-05,
        "var": 1.35563586809e-05
    },
    "spectral_entropy": {
        "dmean": 0.117573745549,
        "dmean2": 0.198681995273,
        "dvar": 0.0170354768634,
        "dvar2": 0.0433665402234,
        "max": 8.66185092926,
        "mean": 7.9333114624,
        "median": 8.01363277435,
        "min": 7.05342197418,
        "var": 0.096812479198
    },
    "spectral_flux": {
        "dmean": 0.0144852679223,
        "dmean2": 0.0219268538058,
        "dvar": 0.000840160180815,
        "dvar2": 0.0019764509052,
        "max": 0.242613807321,
        "mean": 0.0370277650654,
        "median": 0.0196380224079,
        "min": 0.00768596958369,
        "var": 0.00181388482451
    },
    "spectral_kurtosis": {
        "dmean": 1.02799034119,
        "dmean2": 1.70013785362,
        "dvar": 1.16688609123,
        "dvar2": 3.13865995407,
        "max": 11.1311655045,
        "mean": 6.5933675766,
        "median": 6.5613155365,
        "min": 1.60595846176,
        "var": 4.45942831039
    },
    "spectral_rms": {
        "dmean": 0.000590578652918,
        "dmean2": 0.000718195457011,
        "dvar": 1.04550179003e-06,
        "dvar2": 1.78267839601e-06,
        "max": 0.00776800652966,
        "mean": 0.00165619654581,
        "median": 0.00110111688264,
        "min": 0.00048789253924,
        "var": 2.28006865655e-06
    },
    "spectral_rolloff": {
        "dmean": 3873.10546875,
        "dmean2": 7108.86181641,
        "dvar": 36856076,
        "dvar2": 89064912,
        "max": 20284.2773438,
        "mean": 4800.72167969,
        "median": 2842.3828125,
        "min": 21.533203125,
        "var": 40694816
    },
    "spectral_skewness": {
        "dmean": 0.164716824889,
        "dmean2": 0.279420912266,
        "dvar": 0.0447158701718,
        "dvar2": 0.103090070188,
        "max": 2.78272533417,
        "mean": 2.00525426865,
        "median": 2.05681967735,
        "min": 1.14777123928,
        "var": 0.158175393939
    },
    "spectral_spread": {
        "dmean": 810780.1875,
        "dmean2": 1197805.5,
        "dvar": 1.54228699955e+12,
        "dvar2": 2.20285580083e+12,
        "max": 14715258,
        "mean": 7590313.5,
        "median": 7679606.5,
        "min": 3810517.25,
        "var": 7.74079932006e+12
    },
    "spectral_strongpeak": {
        "dmean": 0.1541711092,
        "dmean2": 0.244152352214,
        "dvar": 0.0871233642101,
        "dvar2": 0.206905841827,
        "max": 1.73233103752,
        "mean": 0.151355311275,
        "median": 0,
        "min": 0,
        "var": 0.109227515757
    },
    "zerocrossingrate": {
        "dmean": 0.0435709618032,
        "dmean2": 0.0512256398797,
        "dvar": 0.00160882226191,
        "dvar2": 0.00205232133158,
        "max": 0.494140625,
        "mean": 0.171719387174,
        "median": 0.15576171875,
        "min": 0.021484375,
        "var": 0.0081281857565
    },
    "barkbands": {
        "dmean": [0.00043112115236, 1.95092015929e-05, 0.000117568095447, 0.000130435626488, 0.000267810944933, 0.00021335472411, 0.000295461039059, 7.80122354627e-05, 0.000169291830389, 6.59242359689e-05, 4.61770796392e-05, 0.00016502586368, 0.000257101724856, 0.000132403423777, 0.000135089532705, 0.000110762244731, 0.000157366826897, 0.000234334889683, 0.000339540856658, 0.000240390436375, 0.000444903271273, 0.000135697846417, 9.10003436729e-05, 0.000164624216268, 0.000124093916384, 1.78545633389e-05, 7.80212667451e-06],
        "dmean2": [0.000611581024714, 3.5299170122e-05, 0.000187284997082, 0.000216451866436, 0.000369073881302, 0.000284220004687, 0.000464949262096, 0.000128365907585, 0.000189475511434, 9.53964990913e-05, 7.73717038101e-05, 0.000269959593425, 0.000474992208183, 0.000226453819778, 0.000208529963857, 0.000171402003616, 0.000255103135714, 0.000343459221767, 0.000510071287863, 0.000360314385034, 0.000711955479346, 0.000204121635761, 0.000143070807098, 0.000250723503996, 0.000198603869649, 3.10734722007e-05, 1.32709865284e-05],
        "dvar": [2.23188905579e-07, 2.84554546592e-10, 1.34961865683e-07, 2.00286152108e-07, 4.63540516193e-07, 4.09701925719e-07, 1.03444961042e-06, 4.39496474769e-08, 2.28861168239e-07, 4.10828242536e-08, 1.52240158258e-08, 2.24914202818e-07, 8.38462824504e-07, 1.19251879482e-07, 1.63694153343e-07, 1.00998626351e-07, 2.12965318269e-07, 6.12652058862e-07, 8.94465472356e-07, 5.3026411706e-07, 4.24410836786e-06, 3.75374440864e-07, 1.74471423975e-07, 6.82823724674e-07, 3.21878815157e-07, 5.99434679671e-09, 7.05861202821e-11],
        "dvar2": [4.60599466123e-07, 8.73236205567e-10, 3.32719878315e-07, 4.94471066759e-07, 9.84598159448e-07, 9.01620012428e-07, 2.64893083113e-06, 1.03166776455e-07, 2.04383482583e-07, 7.01216009702e-08, 3.53610865034e-08, 5.63205901472e-07, 2.37505219047e-06, 3.20053885616e-07, 3.19767451629e-07, 1.80938002359e-07, 4.40488406639e-07, 1.38809377859e-06, 1.89641230008e-06, 9.78275579655e-07, 1.08704443846e-05, 9.39187202675e-07, 4.53926219279e-07, 1.6505913436e-06, 8.36092965528e-07, 1.68488227814e-08, 1.2409397121e-10],
        "max": [0.00381549214944, 8.47995688673e-05, 0.00242726691067, 0.00329603347927, 0.00522379158065, 0.00460257567465, 0.0073180203326, 0.00163547869306, 0.00464967312291, 0.00164754095022, 0.000784293632023, 0.00287176645361, 0.00627431692556, 0.00248071691021, 0.00234733102843, 0.0019844667986, 0.00271654129028, 0.00611805357039, 0.00591071834788, 0.00503604207188, 0.0162491146475, 0.00503073167056, 0.00331585016102, 0.00670301821083, 0.00446309847757, 0.000560835702345, 6.91983077559e-05],
        "mean": [0.000585330592003, 2.55073518929e-05, 9.82019046205e-05, 0.000123606645502, 0.000332667143084, 0.000256753352005, 0.000289657909889, 0.000111719164124, 0.000243282309384, 9.98789619189e-05, 5.69533331145e-05, 0.000187538549653, 0.000235076789977, 0.000148064515088, 0.000158059003297, 0.000151699408889, 0.000201127171749, 0.000278953579254, 0.00034905836219, 0.000290045078145, 0.000382263824577, 0.000131528926431, 8.04734736448e-05, 0.000137550101499, 9.61141340667e-05, 1.70595030795e-05, 5.11352991452e-05],
        "median": [0.00027179956669, 1.95227585209e-05, 9.66319566942e-06, 2.28404787777e-05, 0.000134782108944, 4.48910759587e-05, 2.48664928222e-05, 1.09404854811e-05, 1.31815104396e-05, 1.04441060103e-05, 3.36431253345e-06, 4.38388633484e-06, 3.79777657145e-06, 3.17626654578e-06, 6.46729404252e-06, 2.54228143604e-06, 2.51427059084e-06, 2.40658232542e-06, 2.96519942822e-06, 2.56801740761e-06, 1.36436790399e-06, 9.84103508017e-07, 1.1909156683e-06, 1.72362592821e-06, 1.92095467355e-06, 4.04911679652e-06, 5.06431133545e-05],
        "min": [1.40199165344e-06, 1.42584644891e-06, 4.36038476437e-07, 2.01108105102e-06, 1.0220733202e-05, 1.25881945223e-06, 1.29433351503e-06, 1.40851773267e-06, 3.38477377682e-07, 3.65392338608e-07, 3.41776768664e-07, 2.96945785294e-07, 3.38233689945e-07, 1.7019436882e-07, 6.29481633041e-07, 2.0168496917e-07, 2.23860894266e-07, 2.39064917196e-07, 2.62042846089e-07, 2.65202373839e-07, 3.94949637439e-07, 4.93489949349e-07, 5.76647551043e-07, 1.10600126391e-06, 1.07103005575e-06, 2.01989655579e-06, 1.84210443877e-06],
        "var": [5.78600918288e-07, 3.83957809991e-10, 1.17187106241e-07, 1.62400823456e-07, 5.47416902918e-07, 5.38253061677e-07, 1.01120872387e-06, 7.72787629444e-08, 5.74920818508e-07, 6.58896652794e-08, 1.88712565574e-08, 2.56430496393e-07, 5.99444035743e-07, 1.46683802882e-07, 2.08303674754e-07, 1.55740906393e-07, 3.03672976543e-07, 7.11330017111e-07, 1.07919390757e-06, 7.39808740491e-07, 3.34825335813e-06, 3.44515001416e-07, 1.38705658514e-07, 5.75375224798e-07, 2.39429425619e-07, 3.83331633103e-09, 7.43888978194e-11]
    },
    "erbbands": {
        "dmean": [0.00152955634985, 0.00440712552518, 0.0784546658397, 0.397537946701, 0.322085887194, 0.894313454628, 1.28406727314, 2.04291749001, 5.29820728302, 2.46344590187, 1.47893369198, 4.12201213837, 3.25539302826, 1.73652803898, 2.29516196251, 7.5004529953, 11.3814573288, 7.11365556717, 6.1441860199, 5.77575349808, 7.16050434113, 8.36652946472, 11.461227417, 17.5589008331, 14.9451732635, 11.893248558, 17.1790046692, 14.4704303741, 5.95441293716, 3.61479663849, 2.37680196762, 1.64133608341, 4.2677898407, 1.75116980076, 0.517572820187, 0.147105276585, 0.0121595803648, 0.00244646565989, 0.000900105864275, 0.00017090383335],
        "dmean2": [0.0025552760344, 0.00773878535256, 0.122079074383, 0.646782755852, 0.510848581791, 1.26977849007, 1.77373182774, 3.10117101669, 8.45324707031, 3.78839802742, 2.18174099922, 5.04294395447, 4.62078762054, 2.44273805618, 3.35412287712, 12.6832742691, 20.9204730988, 13.1107549667, 9.50095081329, 8.03087520599, 11.3375043869, 12.5638580322, 16.679983139, 26.4848709106, 19.5900096893, 17.9073810577, 28.1732254028, 21.7743721008, 8.78011798859, 5.75681877136, 3.70465111732, 2.60743689537, 7.19442224503, 2.94300627708, 0.763609886169, 0.246714025736, 0.0190900992602, 0.00409716321155, 0.00148775754496, 0.0002845962008],
        "dvar": [2.16008584175e-06, 3.37054989359e-05, 0.0577349551022, 1.86134672165, 0.424196064472, 5.86308002472, 14.4943532944, 43.73097229, 349.831085205, 48.0788726807, 15.3683185577, 128.365936279, 101.477622986, 22.2434005737, 41.9713363647, 486.703399658, 1863.14526367, 361.598907471, 306.329742432, 273.721130371, 444.070861816, 565.83795166, 1324.35168457, 2671.72607422, 1772.53833008, 1438.61364746, 6120.72998047, 4290.56787109, 760.839782715, 279.084259033, 113.146980286, 55.7205848694, 528.101623535, 76.8072891235, 3.54112243652, 0.382296204567, 0.00170267617796, 1.44343503052e-05, 1.10757105176e-06, 2.63235868658e-08],
        "dvar2": [6.02683030593e-06, 7.26761718397e-05, 0.137113437057, 4.71644544601, 0.921920418739, 12.716129303, 24.9398593903, 96.0568237305, 893.904296875, 124.641273499, 23.2820949554, 143.943450928, 175.201477051, 33.0811309814, 81.9578170776, 1241.05322266, 5313.47558594, 992.664672852, 611.97479248, 467.003204346, 795.02545166, 1122.94165039, 3236.3918457, 5438.07666016, 3838.86206055, 2764.70727539, 16194.8164062, 10549.28125, 1827.39587402, 727.772888184, 292.338256836, 114.452819824, 1397.98657227, 209.908218384, 7.30128622055, 1.04340219498, 0.00421931827441, 2.50643988693e-05, 1.75040474915e-06, 4.76847041853e-08],
        "max": [0.0103053785861, 0.0374338962138, 1.61013698578, 9.6090593338, 4.71630954742, 18.3539123535, 28.8768062592, 46.3946342468, 123.600021362, 51.0841598511, 30.6901245117, 105.895263672, 77.9366073608, 37.2378082275, 35.7415084839, 138.557800293, 301.16104126, 108.621757507, 101.730743408, 119.053405762, 123.206253052, 142.391906738, 275.243164062, 326.680450439, 286.345947266, 280.760040283, 607.064025879, 524.743591309, 227.075439453, 133.837860107, 84.818359375, 58.5597839355, 179.339172363, 67.1238250732, 14.9041252136, 4.56124973297, 0.312109410763, 0.0352756939828, 0.00904804002494, 0.00137558788992],
        "mean": [0.00245141400956, 0.00526454113424, 0.0705376639962, 0.357884287834, 0.591842412949, 0.973181068897, 1.82057571411, 2.41088485718, 4.65204572678, 3.17293310165, 2.22103691101, 5.53756189346, 4.74359607697, 2.51853251457, 3.30888175964, 8.54320907593, 10.9251613617, 8.13997459412, 7.85873508453, 7.59391021729, 9.70424842834, 11.1864061356, 13.3571853638, 19.3354587555, 15.6647386551, 14.5744009018, 15.2385559082, 12.7577009201, 5.77920007706, 3.32278680801, 2.0965783596, 1.73601841927, 3.08697938919, 1.28118515015, 0.491002976894, 0.121826201677, 0.0180241279304, 0.010067794472, 0.00561027461663, 0.0010135351913],
        "median": [0.00164362776559, 0.00286939227954, 0.0105139426887, 0.0552644394338, 0.289285004139, 0.324054718018, 0.221598878503, 0.522158801556, 0.446561872959, 0.285039961338, 0.235928207636, 0.315762132406, 0.313837319613, 0.239815056324, 0.152363762259, 0.174935102463, 0.170314490795, 0.187262132764, 0.158234462142, 0.382083296776, 0.151980817318, 0.12977142632, 0.147412955761, 0.186244636774, 0.111590459943, 0.120088897645, 0.0918715819716, 0.0437144376338, 0.0354592651129, 0.0309522021562, 0.0352054201066, 0.0332433283329, 0.029690310359, 0.0219988506287, 0.0134364999831, 0.00810142792761, 0.00813671760261, 0.00930982269347, 0.00557419750839, 0.00100601883605],
        "min": [0.000156826339662, 0.000252008903772, 0.00037611843436, 0.0046034748666, 0.0166166648269, 0.0243432428688, 0.0113119306043, 0.0250829197466, 0.0194344762713, 0.0286765433848, 0.0442574545741, 0.0115594817325, 0.0171949751675, 0.0194967035204, 0.0156963281333, 0.0147645398974, 0.0154437748715, 0.0127937523648, 0.0180052239448, 0.0234177876264, 0.0179409533739, 0.0130030047148, 0.0121385650709, 0.0133746359497, 0.0123293614015, 0.0131860869005, 0.0115649970248, 0.0152853745967, 0.0162091776729, 0.0183136966079, 0.0176565814763, 0.0198507327586, 0.0152354985476, 0.0112211871892, 0.00696393335238, 0.00394464749843, 0.0033223729115, 0.00100992899388, 0.000185582044651, 3.54461735697e-05],
        "var": [4.51168261861e-06, 4.25744292443e-05, 0.0531985424459, 1.46395659447, 0.565702199936, 6.5399312973, 25.8956947327, 51.3833694458, 310.573364258, 72.7865219116, 31.8586406708, 283.637573242, 187.643569946, 38.415145874, 61.8269195557, 538.290222168, 1327.23620605, 423.514251709, 430.540985107, 418.848632812, 666.090820312, 885.892578125, 1474.59790039, 3336.01757812, 2114.06616211, 1939.6451416, 4610.859375, 3669.43481445, 722.140197754, 229.357467651, 91.8362808228, 58.8186645508, 373.961639404, 51.4061050415, 3.75773715973, 0.265047162771, 0.00148291676305, 1.9311079086e-05, 1.34341553348e-06, 3.18329291815e-08]
    },
    "gfcc": {
        "mean": [-119.998306274, 28.4241161346, -71.921913147, -3.32849860191, -38.4725418091, -14.2972412109, -26.7249584198, -7.69480657578, -14.7498426437, -5.15475559235, -9.09003925323, -6.17143297195, -4.37856531143],
        "cov": [[8049.36669922, -915.247131348, -3972.13549805, 655.608520508, -1078.67285156, 121.963256836, -336.513671875, 266.170654297, -611.851196289, 229.394668579, 239.205352783, 39.213634491, -22.3775119781], [-915.247131348, 760.524230957, 784.210083008, -256.694610596, 120.636825562, -206.471405029, -15.1374740601, -31.7190971375, 61.2643623352, -114.135688782, -89.7998886108, -74.4483795166, -43.1368980408], [-3972.13549805, 784.210083008, 2472.39794922, -346.095336914, 511.742584229, -93.8308181763, 57.6355514526, -148.297927856, 260.284454346, -182.889923096, -182.65713501, -60.0451698303, -10.5997142792], [655.608520508, -256.694610596, -346.095336914, 190.190979004, -71.3833770752, 79.7735443115, -6.7747335434, 14.5999660492, -65.3678207397, 31.0027809143, 32.3967514038, 18.546831131, 17.0738372803], [-1078.67285156, 120.636825562, 511.742584229, -71.3833770752, 203.659606934, -10.8243513107, 55.1736717224, -42.1973457336, 87.3428421021, -28.3139629364, -29.0075302124, -6.15084838867, 6.02325582504], [121.963256836, -206.471405029, -93.8308181763, 79.7735443115, -10.8243513107, 123.582420349, 0.863747000694, -2.96644997597, -16.1205043793, 16.6790504456, 8.28376960754, 15.8091716766, 23.7105789185], [-336.513671875, -15.1374740601, 57.6355514526, -6.7747335434, 55.1736717224, 0.863747000694, 109.847305298, 2.74415445328, 33.1514549255, -6.86758375168, 10.9992809296, 2.5454864502, -5.09113407135], [266.170654297, -31.7190971375, -148.297927856, 14.5999660492, -42.1973457336, -2.96644997597, 2.74415445328, 39.6856193542, -7.91478395462, 13.9362726212, 9.01684570312, -0.759996533394, -6.70572185516], [-611.851196289, 61.2643623352, 260.284454346, -65.3678207397, 87.3428421021, -16.1205043793, 33.1514549255, -7.91478395462, 91.692489624, 3.4279551506, -11.7852678299, -5.80265903473, -0.709804177284], [229.394668579, -114.135688782, -182.889923096, 31.0027809143, -28.3139629364, 16.6790504456, -6.86758375168, 13.9362726212, 3.4279551506, 46.4660377502, 22.4462966919, 12.3995294571, 5.45684862137], [239.205352783, -89.7998886108, -182.65713501, 32.3967514038, -29.0075302124, 8.28376960754, 10.9992809296, 9.01684570312, -11.7852678299, 22.4462966919, 41.1471557617, 21.2406997681, 5.59184074402], [39.213634491, -74.4483795166, -60.0451698303, 18.546831131, -6.15084838867, 15.8091716766, 2.5454864502, -0.759996533394, -5.80265903473, 12.3995294571, 21.2406997681, 28.1001300812, 10.7134923935], [-22.3775119781, -43.1368980408, -10.5997142792, 17.0738372803, 6.02325582504, 23.7105789185, -5.09113407135, -6.70572185516, -0.709804177284, 5.45684862137, 5.59184074402, 10.7134923935, 25.7835388184]],
        "icov": [[0.00313896127045, -0.00344828958623, 0.00391219835728, -0.0041364505887, 0.00363985891454, -0.00317286141217, 0.00442601041868, -0.00210912199691, 0.00323758879676, -0.00107563252095, -0.00219167629257, 0.000934301933739, 0.00409940537065], [-0.00344828958623, 0.0112870549783, -0.0055940723978, 0.00851446203887, -0.00408605020493, 0.0111541217193, -0.00324501236901, 0.000479464535601, -0.00131368578877, 0.00841698236763, 0.000175890061655, 0.00900734774768, -0.00746433855966], [0.00391219835728, -0.0055940723978, 0.00685544870794, -0.00567606743425, 0.00254673883319, -0.00528259482235, 0.00622421270236, -0.000841370376293, 0.000611144583672, 0.00173677038401, 0.00120934168808, -0.00297900591977, 0.00651120906696], [-0.0041364505887, 0.00851446203887, -0.00567606743425, 0.0192126892507, -0.00594349205494, 0.00272434437647, -0.00630051968619, 0.00060368917184, 0.00510803097859, 0.000202272858587, -0.00202921265736, 0.00723266182467, -0.00907239131629], [0.00363985891454, -0.00408605020493, 0.00254673883319, -0.00594349205494, 0.0207159426063, -0.00316231301986, -0.000442485994427, 0.00590382236987, -0.00404416723177, -0.00174196343869, -0.00017632242816, -0.000458870461443, 0.00130862568039], [-0.00317286141217, 0.0111541217193, -0.00528259482235, 0.00272434437647, -0.00316231301986, 0.0247592609376, -0.00451485207304, 0.00182693440001, -0.00169895996805, 0.00580986915156, 0.00695453677326, 0.00431200349703, -0.0150907961652], [0.00442601041868, -0.00324501236901, 0.00622421270236, -0.00630051968619, -0.000442485994427, -0.00451485207304, 0.0215954016894, -0.00781250372529, -0.000979048432782, 0.00968479737639, -0.0128236040473, 0.00412918021902, 0.0106195667759], [-0.00210912199691, 0.000479464535601, -0.000841370376293, 0.00060368917184, 0.00590382236987, 0.00182693440001, -0.00781250372529, 0.0427912734449, -0.0094309784472, -0.00557878194377, 0.00631990795955, -0.00208776816726, 0.00517112435773], [0.00323758879676, -0.00131368578877, 0.000611144583672, 0.00510803097859, -0.00404416723177, -0.00169895996805, -0.000979048432782, -0.0094309784472, 0.0392600037158, -0.0226737577468, -0.00609763292596, 0.0128677636385, -0.000803070957772], [-0.00107563252095, 0.00841698236763, 0.00173677038401, 0.000202272858587, -0.00174196343869, 0.00580986915156, 0.00968479737639, -0.00557878194377, -0.0226737577468, 0.0615773834288, -0.0116046946496, 0.000400968303438, -0.00205226032995], [-0.00219167629257, 0.000175890061655, 0.00120934168808, -0.00202921265736, -0.00017632242816, 0.00695453677326, -0.0128236040473, 0.00631990795955, -0.00609763292596, -0.0116046946496, 0.0736730322242, -0.0464676208794, -0.00139133061748], [0.000934301933739, 0.00900734774768, -0.00297900591977, 0.00723266182467, -0.000458870461443, 0.00431200349703, 0.00412918021902, -0.00208776816726, 0.0128677636385, 0.000400968303438, -0.0464676208794, 0.0894939526916, -0.0205585118383], [0.00409940537065, -0.00746433855966, 0.00651120906696, -0.00907239131629, 0.00130862568039, -0.0150907961652, 0.0106195667759, 0.00517112435773, -0.000803070957772, -0.00205226032995, -0.00139133061748, -0.0205585118383, 0.0648086816072]]
    },
    "melbands": {
        "dmean": [2.20655856538e-05, 3.02584885503e-05, 6.1756989453e-05, 3.49212350557e-05, 5.14847597515e-05, 4.9186302931e-05, 7.5087598816e-05, 2.39465280174e-05, 1.14192343972e-05, 2.77669842035e-05, 1.60503132065e-05, 6.85930262989e-06, 6.22821926299e-06, 1.71851825144e-05, 2.28775297728e-05, 2.51188175753e-05, 1.17114859677e-05, 9.83962854662e-06, 1.08438061943e-05, 6.30637850918e-06, 9.36918604566e-06, 9.92687819235e-06, 8.33492322272e-06, 1.28795545606e-05, 1.48681519931e-05, 1.19418400573e-05, 8.17536511022e-06, 7.63445314078e-06, 1.01932637335e-05, 1.05974850158e-05, 7.49858509153e-06, 3.20128810927e-06, 2.45089995587e-06, 2.00022236641e-06, 1.58667489814e-06, 9.85198994385e-07, 8.90423905275e-07, 2.84878160528e-06, 3.35720778821e-06, 8.74021736763e-07],
        "dmean2": [3.43871615769e-05, 4.72594510939e-05, 0.000100281897176, 4.96216707688e-05, 6.70918743708e-05, 7.30589599698e-05, 0.000120965589304, 3.79206176149e-05, 1.61154439411e-05, 3.33524840244e-05, 2.31990834436e-05, 1.00072529676e-05, 9.83933659882e-06, 2.81319789792e-05, 3.63783692592e-05, 4.6930344979e-05, 2.07466182474e-05, 1.51035601448e-05, 1.637826972e-05, 9.81080756901e-06, 1.51211361299e-05, 1.43829856825e-05, 1.25043552544e-05, 1.88553767657e-05, 2.32791007875e-05, 1.68546157511e-05, 1.21237326312e-05, 1.19408932733e-05, 1.71560950548e-05, 1.62330798048e-05, 1.13446885734e-05, 4.79253139929e-06, 3.59180762644e-06, 3.35519530381e-06, 2.62828825726e-06, 1.37609401918e-06, 1.51441076923e-06, 4.72736974189e-06, 5.97503412791e-06, 1.41238285778e-06],
        "dvar": [5.5982141145e-10, 8.0443482986e-09, 4.07034370653e-08, 5.40844347086e-09, 2.1986380716e-08, 2.60731791712e-08, 7.05700315962e-08, 4.85051510069e-09, 9.89390902539e-10, 5.98704019694e-09, 2.52498777442e-09, 3.48484019419e-10, 3.12126324786e-10, 2.87590817827e-09, 4.1610044299e-09, 1.07537125871e-08, 8.97567298264e-10, 7.08934855265e-10, 9.93886417611e-10, 3.00492769556e-10, 7.89566467763e-10, 8.22693357883e-10, 4.87761997459e-10, 2.06429318084e-09, 2.03050576353e-09, 1.17852061443e-09, 5.66374780409e-10, 6.08690875481e-10, 2.2519452969e-09, 2.03997307935e-09, 1.2379596237e-09, 2.11505563064e-10, 1.2351814016e-10, 9.17886877616e-11, 5.61291985113e-11, 1.68185691068e-11, 1.78483408608e-11, 2.3029222973e-10, 3.59100527092e-10, 1.4276255525e-11],
        "dvar2": [1.29655930436e-09, 1.92324733916e-08, 1.00700439987e-07, 1.15899156938e-08, 3.83498104384e-08, 5.86280322068e-08, 1.82692332373e-07, 1.2442129993e-08, 1.23532728491e-09, 6.16078343896e-09, 4.39105862782e-09, 5.19105258778e-10, 5.95633709022e-10, 7.69924035637e-09, 1.03907682458e-08, 3.1886724372e-08, 2.29269780938e-09, 1.50977130797e-09, 1.77436487725e-09, 6.01723004756e-10, 1.39047928727e-09, 1.77017356329e-09, 1.19682153077e-09, 4.76482409084e-09, 4.27892254962e-09, 2.47472686787e-09, 1.12252862561e-09, 1.13358455955e-09, 6.08364247867e-09, 5.03682429098e-09, 3.05751401974e-09, 5.25079479896e-10, 2.93290086661e-10, 2.49798293162e-10, 1.5148328425e-10, 3.95536069175e-11, 3.50907636282e-11, 6.01830640878e-10, 9.97460336549e-10, 3.83474502152e-11],
        "max": [0.000185606026207, 0.000595294637606, 0.0014618569985, 0.000504591676872, 0.00118607352488, 0.00117019400932, 0.00179272843525, 0.000548368669115, 0.000281060987618, 0.000727812410332, 0.000394128117478, 0.000147303508129, 0.000115681643365, 0.000345869368175, 0.000353105482645, 0.000729421444703, 0.000192064966541, 0.000149552652147, 0.000214518600842, 0.000101050631201, 0.000165439298144, 0.000195207787328, 0.000130602769786, 0.000356619071681, 0.000308100425173, 0.00024091238447, 0.000143215758726, 0.000182280069566, 0.000363069790183, 0.00035929918522, 0.000281586777419, 0.000119796553918, 9.15566924959e-05, 7.45728830225e-05, 5.82463144383e-05, 3.33197167492e-05, 3.16353543894e-05, 0.000119198237371, 0.000142853779835, 2.90977877739e-05],
        "mean": [3.66195490642e-05, 2.7605703508e-05, 6.58647550154e-05, 5.10272184329e-05, 6.54836694594e-05, 5.6811964896e-05, 6.65431507514e-05, 3.23670901707e-05, 1.73758908204e-05, 3.81274694519e-05, 2.32355596381e-05, 9.72505586105e-06, 8.87273654371e-06, 1.88648646144e-05, 2.49635650107e-05, 2.23841816478e-05, 1.39286303238e-05, 1.19389478641e-05, 1.2335156498e-05, 9.04415628611e-06, 1.20782196973e-05, 1.24754933495e-05, 9.11394454306e-06, 1.48970730152e-05, 1.60281852004e-05, 1.25331434901e-05, 9.36549076869e-06, 9.57748397923e-06, 9.01254043129e-06, 9.49042077991e-06, 6.50722950013e-06, 3.1039469377e-06, 2.3486243208e-06, 1.74994886493e-06, 1.28711008074e-06, 9.70640599007e-07, 1.00082604604e-06, 2.09173072108e-06, 2.25579833568e-06, 6.94055700023e-07],
        "median": [2.27833043027e-05, 5.25332507095e-06, 1.67995112861e-05, 2.53326470556e-05, 7.11536858944e-06, 1.10073524411e-05, 6.09416611042e-06, 3.07572918246e-06, 1.91950198314e-06, 1.93799087356e-06, 1.60086995038e-06, 9.65226263361e-07, 4.68898633699e-07, 4.76028105822e-07, 4.85601049149e-07, 2.8790759643e-07, 3.30762077283e-07, 2.60581430211e-07, 5.07499919422e-07, 3.67066519402e-07, 1.70884248973e-07, 1.58480958135e-07, 9.75814131721e-08, 1.42228984146e-07, 1.29826005946e-07, 1.16912048043e-07, 6.70796538316e-08, 8.67228067136e-08, 6.62959038777e-08, 3.42564590028e-08, 2.45350992856e-08, 2.19675477808e-08, 1.64000795166e-08, 1.86058777274e-08, 2.10785078281e-08, 1.90014670665e-08, 2.2219715845e-08, 2.13633697399e-08, 2.01436538561e-08, 1.778528258e-08],
        "min": [1.28617534756e-06, 2.14735081272e-07, 1.11229780941e-06, 1.44188641116e-06, 3.43375745615e-07, 5.64390859381e-07, 3.09298684442e-07, 2.88227624878e-07, 2.8303355748e-07, 6.08324057794e-08, 6.85915111376e-08, 7.58575424697e-08, 6.35709653807e-08, 4.31392130906e-08, 3.23429247828e-08, 3.1915437404e-08, 1.94096738682e-08, 2.0243000165e-08, 4.31337277007e-08, 1.61675455246e-08, 1.23115420081e-08, 1.24897505671e-08, 1.00234389677e-08, 9.05284380792e-09, 9.04103991672e-09, 8.36615665634e-09, 8.54803605677e-09, 7.90729259847e-09, 5.22998089281e-09, 9.81633263564e-09, 7.95723220648e-09, 8.52651282912e-09, 7.54667262015e-09, 1.03896233838e-08, 9.35795263501e-09, 1.02038448802e-08, 1.11760423138e-08, 9.16211551072e-09, 1.14160201292e-08, 8.1305513433e-09],
        "var": [1.36349420643e-09, 7.41618588762e-09, 3.31651150987e-08, 6.42171160692e-09, 3.62930450137e-08, 2.99742133336e-08, 6.22670128791e-08, 7.34985849959e-09, 2.08537764834e-09, 1.39317997139e-08, 4.5406687299e-09, 5.72027147872e-10, 4.35928432241e-10, 2.74956524215e-09, 4.67906247081e-09, 6.86708157005e-09, 1.2058274379e-09, 9.8514718605e-10, 1.32751731829e-09, 4.96100882597e-10, 1.12256870466e-09, 1.19108445329e-09, 5.8548255133e-10, 2.23097562646e-09, 2.39757280696e-09, 1.39997891058e-09, 7.34330707353e-10, 8.40017500003e-10, 1.61929891718e-09, 1.74961456434e-09, 1.04111075316e-09, 1.96239260952e-10, 1.20126616987e-10, 6.74946903922e-11, 4.07153546989e-11, 1.6151783036e-11, 1.94068216358e-11, 1.67032290777e-10, 2.28544502767e-10, 1.0168893505e-11]
    },
    "mfcc": {
        "mean": [-789.147155762, 99.8584594727, 12.9921159744, 17.3106803894, 5.05926322937, -1.66786146164, -0.737968802452, -4.28221130371, -1.37693762779, 1.6307066679, -2.75220704079, -2.46449112892, -1.09843111038],
        "cov": [[11885.0166016, -2591.55517578, -3368.32324219, -265.528656006, -1123.65478516, -448.73059082, 116.599357605, -335.546600342, -483.220306396, -378.7315979, 126.095146179, 203.253479004, -193.29234314], [-2591.55517578, 1313.17272949, 901.620849609, 66.828742981, 244.222564697, -90.327583313, -108.357116699, 39.9216995239, 80.9556045532, 91.7862167358, -79.5103225708, -79.2314300537, 10.0487442017], [-3368.32324219, 901.620849609, 1289.88745117, 87.8798751831, 384.109100342, 102.25138855, -55.376789093, 79.2925567627, 127.135787964, 73.153968811, -90.2532806396, -100.351104736, 58.1284332275], [-265.528656006, 66.828742981, 87.8798751831, 85.790725708, 30.2914199829, 9.06441688538, 17.2260112762, 8.61692523956, 10.4767141342, 4.62192153931, 0.10069681704, -0.398360520601, -1.05247461796], [-1123.65478516, 244.222564697, 384.109100342, 30.2914199829, 189.121612549, 67.6013336182, -17.3079795837, 19.9692401886, 49.4737319946, 26.5076122284, -33.1612586975, -27.5424880981, 30.2229785919], [-448.73059082, -90.327583313, 102.25138855, 9.06441688538, 67.6013336182, 109.396018982, 32.9361038208, 23.5107402802, 29.6709690094, 8.28773880005, 3.61670160294, -8.39565086365, 12.1036214828], [116.599357605, -108.357116699, -55.376789093, 17.2260112762, -17.3079795837, 32.9361038208, 62.5356330872, 20.858631134, -1.17225372791, -10.1150217056, 11.5369958878, 0.287550717592, -13.0741643906], [-335.546600342, 39.9216995239, 79.2925567627, 8.61692523956, 19.9692401886, 23.5107402802, 20.858631134, 41.1285743713, 20.7516174316, 9.5739364624, 7.28088855743, -1.57815515995, 3.11365413666], [-483.220306396, 80.9556045532, 127.135787964, 10.4767141342, 49.4737319946, 29.6709690094, -1.17225372791, 20.7516174316, 47.9091682434, 30.5977020264, -3.04411077499, -6.55115365982, 12.3374013901], [-378.7315979, 91.7862167358, 73.153968811, 4.62192153931, 26.5076122284, 8.28773880005, -10.1150217056, 9.5739364624, 30.5977020264, 46.8444442749, 8.27979564667, -2.82253623009, 13.4168157578], [126.095146179, -79.5103225708, -90.2532806396, 0.10069681704, -33.1612586975, 3.61670160294, 11.5369958878, 7.28088855743, -3.04411077499, 8.27979564667, 38.6028366089, 15.8537721634, -0.123235195875], [203.253479004, -79.2314300537, -100.351104736, -0.398360520601, -27.5424880981, -8.39565086365, 0.287550717592, -1.57815515995, -6.55115365982, -2.82253623009, 15.8537721634, 32.8320045471, 5.94141435623], [-193.29234314, 10.0487442017, 58.1284332275, -1.05247461796, 30.2229785919, 12.1036214828, -13.0741643906, 3.11365413666, 12.3374013901, 13.4168157578, -0.123235195875, 5.94141435623, 31.6720237732]],
