{
"lowlevel": {
    "average_loudness": 0.978588163853,
    "barkbands_crest": {
        "dmean": 3.86493849754,
        "dmean2": 6.40780496597,
        "dvar": 10.576215744,
        "dvar2": 23.4204559326,
        "max": 23.7367458344,
        "mean": 11.2686634064,
        "median": 10.0698108673,
        "min": 3.41908788681,
        "var": 22.3648052216
    },
    "barkbands_flatness_db": {
        "dmean": 0.0349305234849,
        "dmean2": 0.0555399022996,
        "dvar": 0.00100898672827,
        "dvar2": 0.00233960733749,
        "max": 0.325373053551,
        "mean": 0.200027316809,
        "median": 0.19080966711,
        "min": 0.105786494911,
        "var": 0.00244250311516
    },
    "barkbands_kurtosis": {
        "dmean": 1.35687494278,
        "dmean2": 2.31229519844,
        "dvar": 3.40013599396,
        "dvar2": 7.69334697723,
        "max": 10.8977031708,
        "mean": 0.373659104109,
        "median": -0.414430856705,
        "min": -1.71533358097,
        "var": 4.608897686
    },
    "barkbands_skewness": {
        "dmean": 0.440421611071,
        "dmean2": 0.736485481262,
        "dvar": 0.122619174421,
        "dvar2": 0.303650349379,
        "max": 1.34498655796,
        "mean": -0.198004126549,
        "median": -0.18535900116,
        "min": -2.04387426376,
        "var": 0.341096460819
    },
    "barkbands_spread": {
        "dmean": 5.84160709381,
        "dmean2": 9.83553600311,
        "dvar": 31.8548583984,
        "dvar2": 70.4780426025,
        "max": 36.715965271,
        "mean": 17.15716362,
        "median": 16.7333297729,
        "min": 3.05005645752,
        "var": 59.7179527283
    },
    "dissonance": {
        "dmean": 0.0194046832621,
        "dmean2": 0.0344011262059,
        "dvar": 0.000416289462009,
        "dvar2": 0.00109880999662,
        "max": 0.499999791384,
        "mean": 0.479533940554,
        "median": 0.485879838467,
        "min": 0.371977210045,
        "var": 0.000447195983725
    },
    "dynamic_complexity": 4.70792722702,
    "erbbands_crest": {
        "dmean": 5.18326425552,
        "dmean2": 8.43202972412,
        "dvar": 18.5498943329,
        "dvar2": 42.9622077942,
        "max": 32.4012641907,
        "mean": 14.9705591202,
        "median": 13.8899326324,
        "min": 4.85016918182,
        "var": 40.9182662964
    },
    "erbbands_flatness_db": {
        "dmean": 0.036814045161,
        "dmean2": 0.0584833547473,
        "dvar": 0.00116036878899,
        "dvar2": 0.00267909746617,
        "max": 0.408645004034,
        "mean": 0.283108860254,
        "median": 0.276790678501,
        "min": 0.184647813439,
        "var": 0.00240264902823
    },
    "erbbands_kurtosis": {
        "dmean": 1.88211035728,
        "dmean2": 3.15540409088,
        "dvar": 7.27902793884,
        "dvar2": 17.9554786682,
        "max": 21.1675167084,
        "mean": 1.09381473064,
        "median": -0.0594511032104,
        "min": -1.72465276718,
        "var": 9.01406097412
    },
    "erbbands_skewness": {
        "dmean": 0.499197930098,
        "dmean2": 0.821949422359,
        "dvar": 0.171691015363,
        "dvar2": 0.450751245022,
        "max": 1.85542702675,
        "mean": -0.106796346605,
        "median": -0.136246100068,
        "min": -1.8765617609,
        "var": 0.443881034851
    },
    "erbbands_spread": {
        "dmean": 7.98498392105,
        "dmean2": 13.2413129807,
        "dvar": 56.4323234558,
        "dvar2": 130.961547852,
        "max": 52.8729972839,
        "mean": 21.4090595245,
        "median": 20.2893390656,
        "min": 2.86878657341,
        "var": 118.084716797
    },
    "hfc": {
        "dmean": 20.9195785522,
        "dmean2": 35.4520874023,
        "dvar": 1033.04577637,
        "dvar2": 2554.09570312,
        "max": 141.474563599,
        "mean": 21.6392383575,
        "median": 7.5750875473,
        "min": 0.158772587776,
        "var": 1043.63171387
    },
    "melbands_crest": {
        "dmean": 4.29086208344,
        "dmean2": 6.94666671753,
        "dvar": 13.8809871674,
        "dvar2": 33.436000824,
        "max": 27.4152774811,
        "mean": 12.9323301315,
        "median": 11.4811048508,
        "min": 3.86272311211,
        "var": 30.2402496338
    },
    "melbands_flatness_db": {
        "dmean": 0.0378762856126,
        "dmean2": 0.060066472739,
        "dvar": 0.00130595068913,
        "dvar2": 0.00316160684451,
        "max": 0.35293418169,
        "mean": 0.170810207725,
        "median": 0.156497374177,
        "min": 0.0548084825277,
        "var": 0.00373726454563
    },
    "melbands_kurtosis": {
        "dmean": 1.30923271179,
        "dmean2": 2.17956995964,
        "dvar": 1.78708827496,
        "dvar2": 4.18099737167,
        "max": 7.70192718506,
        "mean": 0.690867900848,
        "median": 0.0865468978882,
        "min": -1.63397836685,
        "var": 3.58430528641
    },
    "melbands_skewness": {
        "dmean": 0.522341907024,
        "dmean2": 0.843606293201,
        "dvar": 0.222509920597,
        "dvar2": 0.502078056335,
        "max": 2.32837915421,
        "mean": 0.35710182786,
        "median": 0.37147924304,
        "min": -1.57581448555,
        "var": 0.52926671505
    },
    "melbands_spread": {
        "dmean": 13.5149145126,
        "dmean2": 22.9153423309,
        "dvar": 184.585266113,
        "dvar2": 474.185913086,
        "max": 111.875686646,
        "mean": 39.4455375671,
        "median": 37.2177009583,
        "min": 8.72221088409,
        "var": 336.75769043
    },
    "pitch_salience": {
        "dmean": 0.12747977674,
        "dmean2": 0.222993135452,
        "dvar": 0.014701266773,
        "dvar2": 0.0380614176393,
        "max": 0.889437735081,
        "mean": 0.490406990051,
        "median": 0.48585703969,
        "min": 0.198031648993,
        "var": 0.0218389183283
    },
    "silence_rate_20dB": {
        "dmean": 0,
        "dmean2": 0,
        "dvar": 0,
        "dvar2": 0,
        "max": 1,
        "mean": 1,
        "median": 1,
        "min": 1,
        "var": 0
    },
    "silence_rate_30dB": {
        "dmean": 0,
        "dmean2": 0,
        "dvar": 0,
        "dvar2": 0,
        "max": 1,
        "mean": 1,
        "median": 1,
        "min": 1,
        "var": 0
    },
    "silence_rate_60dB": {
        "dmean": 0.20000000298,
        "dmean2": 0.397489547729,
        "dvar": 0.16000045836,
        "dvar2": 0.306436777115,
        "max": 1,
        "mean": 0.398340255022,
        "median": 0,
        "min": 0,
        "var": 0.239665642381
    },
    "spectral_centroid": {
        "dmean": 287.22064209,
        "dmean2": 483.671051025,
        "dvar": 72546.3046875,
        "dvar2": 164802.984375,
        "max": 3883.171875,
        "mean": 2531.66845703,
        "median": 2597.03955078,
        "min": 1373.65490723,
        "var": 275850.96875
    },
    "spectral_complexity": {
        "dmean": 4.79166650772,
        "dmean2": 7.23430967331,
        "dvar": 33.4899482727,
        "dvar2": 81.3593826294,
        "max": 36,
        "mean": 9.43983364105,
        "median": 7,
        "min": 0,
        "var": 59.0679626465
    },
    "spectral_decrease": {
        "dmean": 1.85696202859e-09,
        "dmean2": 3.16502046793e-09,
        "dvar": 7.81974695769e-18,
        "dvar2": 1.97229553817e-17,
        "max": -2.5983956306e-11,
        "mean": -2.00046845755e-09,
        "median": -7.85450704477e-10,
        "min": -1.54421915255e-08,
        "var": 7.96903237874e-18
    },
    "spectral_energy": {
        "dmean": 0.00885484740138,
        "dmean2": 0.014993657358,
        "dvar": 0.000173124950379,
        "dvar2": 0.000434878194937,
        "max": 0.0702492818236,
        "mean": 0.00951296649873,
        "median": 0.00376161420718,
        "min": 0.000112470406748,
        "var": 0.000177868219907
    },
    "spectral_energyband_high": {
        "dmean": 0.00173776433803,
        "dmean2": 0.00301238032989,
        "dvar": 1.10686532935e-05,
        "dvar2": 3.05741232296e-05,
        "max": 0.017590649426,
        "mean": 0.00145780993626,
        "median": 0.000198334790184,
        "min": 6.22029801889e-07,
        "var": 9.30145779421e-06
    },
    "spectral_energyband_low": {
        "dmean": 1.11650297185e-06,
        "dmean2": 1.70190537574e-06,
        "dvar": 2.02669456738e-12,
        "dvar2": 4.41929392386e-12,
        "max": 1.35002992465e-05,
        "mean": 1.5583050299e-06,
        "median": 9.35196226237e-07,
        "min": 2.5890384947e-08,
        "var": 3.34397288505e-12
    },
    "spectral_energyband_middle_high": {
        "dmean": 0.00535798911005,
        "dmean2": 0.00908565334976,
        "dvar": 6.58375865896e-05,
        "dvar2": 0.000158745373483,
        "max": 0.0532994233072,
        "mean": 0.006215154659,
        "median": 0.00293914740905,
        "min": 7.07830040483e-05,
        "var": 7.38185044611e-05
    },
    "spectral_energyband_middle_low": {
        "dmean": 0.00240020407364,
        "dmean2": 0.0041023902595,
        "dvar": 1.72644231498e-05,
        "dvar2": 4.69300430268e-05,
        "max": 0.023013914004,
        "mean": 0.00199432787485,
        "median": 0.000454713677755,
        "min": 1.09609263745e-05,
        "var": 1.37264341902e-05
    },
    "spectral_entropy": {
        "dmean": 0.397249668837,
        "dmean2": 0.650884151459,
        "dvar": 0.155390262604,
        "dvar2": 0.343063265085,
        "max": 8.50288105011,
        "mean": 7.25738239288,
        "median": 7.324177742,
        "min": 5.94880390167,
        "var": 0.280231714249
    },
    "spectral_flux": {
        "dmean": 0.0324217192829,
        "dmean2": 0.0510133504868,
        "dvar": 0.00168395973742,
        "dvar2": 0.00351603445597,
        "max": 0.22209353745,
        "mean": 0.063582777977,
        "median": 0.0445105060935,
        "min": 0.00609833886847,
        "var": 0.00273717963137
    },
    "spectral_kurtosis": {
        "dmean": 3.11800527573,
        "dmean2": 5.62882804871,
        "dvar": 12.8542537689,
        "dvar2": 35.8597640991,
        "max": 24.9659366608,
        "mean": 4.59544849396,
        "median": 3.3378367424,
        "min": 0.0739300251007,
        "var": 16.6467075348
    },
    "spectral_rms": {
        "dmean": 0.00118409015704,
        "dmean2": 0.00188732089009,
        "dvar": 2.07774382943e-06,
        "dvar2": 4.81307961309e-06,
        "max": 0.00827863998711,
        "mean": 0.00247184745967,
        "median": 0.00191568979062,
        "min": 0.000331251008902,
        "var": 3.17091394209e-06
    },
    "spectral_rolloff": {
        "dmean": 900.267028809,
        "dmean2": 1656.5246582,
        "dvar": 1314531.5,
        "dvar2": 3136347,
        "max": 8182.6171875,
        "mean": 3367.4909668,
        "median": 2993.11523438,
        "min": 1399.65820312,
        "var": 1960737
    },
    "spectral_skewness": {
        "dmean": 0.33922508359,
        "dmean2": 0.613928735256,
        "dvar": 0.12456908077,
        "dvar2": 0.332749247551,
        "max": 3.4293794632,
        "mean": 1.20230102539,
        "median": 1.05611073971,
        "min": 0.420782238245,
        "var": 0.261810094118
    },
    "spectral_spread": {
        "dmean": 719429.125,
        "dmean2": 1125673.25,
        "dvar": 846264860672,
        "dvar2": 1.27634466406e+12,
        "max": 15291378,
        "mean": 3506545.75,
        "median": 3239634,
        "min": 1526845.125,
        "var": 1.47513606144e+12
    },
    "spectral_strongpeak": {
        "dmean": 1.58895349503,
        "dmean2": 2.47966766357,
        "dvar": 3.87185573578,
        "dvar2": 9.73027896881,
        "max": 13.5838289261,
        "mean": 2.53992414474,
        "median": 1.86772286892,
        "min": 0.0546497553587,
        "var": 5.67350292206
    },
    "zerocrossingrate": {
        "dmean": 0.0102844238281,
        "dmean2": 0.012092621997,
        "dvar": 8.88505819603e-05,
        "dvar2": 0.000116682203952,
        "max": 0.1904296875,
        "mean": 0.103606797755,
        "median": 0.10400390625,
        "min": 0.0283203125,
        "var": 0.000686622515786
    },
    "barkbands": {
        "dmean": [8.29830071325e-09, 4.01079667256e-08, 6.64817491725e-07, 7.51830157242e-07, 2.58598574874e-05, 0.000873685523402, 8.39297645143e-05, 0.000988353043795, 0.000256222498138, 0.000836136459839, 0.00017505112919, 8.70086514624e-05, 0.00100246677175, 0.00192390417214, 3.50640184479e-05, 1.85378285096e-05, 0.000127891064039, 0.00190148432739, 0.000217299369979, 0.000179008260602, 0.000634690513834, 0.000378996948712, 0.000313317490509, 0.000242636815528, 8.27515905257e-05, 1.14241147458e-05, 4.80553990201e-06],
        "dmean2": [1.34688171727e-08, 6.70218440746e-08, 1.00027909866e-06, 1.29124782688e-06, 4.78969159303e-05, 0.00143014057539, 0.000153404776938, 0.00181856041308, 0.000437146227341, 0.00144594849553, 0.000309865019517, 0.000147375452798, 0.0017578691477, 0.00322553957812, 6.43046369078e-05, 3.3400618122e-05, 0.000232180696912, 0.00318108825013, 0.00039786400157, 0.000281966291368, 0.00112143985461, 0.000671558140311, 0.000575736747123, 0.000432979722973, 0.000151172323967, 2.06336935662e-05, 8.46119655762e-06],
        "dvar": [1.28619030777e-15, 3.75153518141e-15, 7.11531202881e-13, 8.4654191209e-13, 3.01021585436e-09, 2.94176038551e-06, 3.36416050573e-08, 3.72610475097e-06, 1.94814973042e-07, 2.90790944746e-06, 1.21469881265e-07, 2.26968790429e-08, 3.92826086681e-06, 1.59025566973e-05, 6.33968566532e-09, 1.40916334157e-09, 8.71263665658e-08, 1.229069494e-05, 3.15189311095e-07, 1.42669421166e-07, 2.07386619877e-06, 6.77287687267e-07, 4.39266756302e-07, 2.71008531172e-07, 4.42573764303e-08, 6.04332861531e-10, 3.34598321272e-10],
        "dvar2": [1.60533368757e-15, 7.09698921538e-15, 1.36877933033e-12, 2.14607281598e-12, 8.66076543815e-09, 8.04221326689e-06, 9.51823935225e-08, 1.02391077235e-05, 5.55521694423e-07, 8.78371247381e-06, 3.68982568943e-07, 6.50495195487e-08, 1.13245860121e-05, 3.87441359635e-05, 1.76416588005e-08, 3.8757459464e-09, 2.42130084871e-07, 2.97918249998e-05, 8.05513252544e-07, 3.73298632894e-07, 6.12534813627e-06, 1.60433364726e-06, 1.24129019241e-06, 7.31238685603e-07, 1.14492046066e-07, 1.5388341712e-09, 8.55621851148e-10],
        "max": [5.20763364875e-07, 7.28200461708e-07, 7.48628781366e-06, 6.64194476485e-06, 0.000322215200868, 0.0109099308029, 0.00122005981393, 0.0104771610349, 0.00308610778302, 0.0105372406542, 0.00277987751178, 0.00104041188024, 0.0155243268237, 0.0350414849818, 0.000429016188718, 0.000265796901658, 0.00171038275585, 0.0302399620414, 0.00496275303885, 0.00320780347101, 0.0100760860369, 0.00627300841734, 0.00332891149446, 0.00302007747814, 0.00153834279627, 0.000124077647342, 0.000190400169231],
        "mean": [7.29014226764e-09, 4.21984580612e-08, 9.55236941991e-07, 8.43323277877e-07, 2.18401346501e-05, 0.00076885096496, 6.62980455672e-05, 0.000674136099406, 0.000244427646976, 0.000673532369547, 0.000155742571224, 7.97224856797e-05, 0.000961316633038, 0.00217397254892, 3.05410758301e-05, 1.65432629728e-05, 0.000116977229482, 0.00178822618909, 0.000233018974541, 0.000192613500985, 0.000552608224098, 0.000316390127409, 0.000211339924135, 0.00016894863802, 5.32594931428e-05, 7.60652119425e-06, 3.19815285366e-06],
        "median": [1.73626268918e-09, 2.17646860534e-08, 5.5616908412e-07, 4.63024804276e-07, 8.77319052961e-06, 0.000132056084112, 1.81949235412e-05, 8.4932828031e-05, 6.62903185003e-05, 0.000118739197205, 4.1480656364e-05, 1.86730867426e-05, 0.000230588833801, 0.000532531354111, 6.30202021057e-06, 3.93215941585e-06, 2.87335278699e-05, 0.0003407598997, 2.73449895758e-05, 2.84504585579e-05, 7.25598365534e-05, 3.71878486476e-05, 1.08744688987e-05, 4.0515233195e-06, 6.08406651281e-07, 5.35791500056e-08, 6.77174085695e-08],
        "min": [2.14677477184e-11, 7.78770270493e-10, 3.52659390579e-09, 7.82036657654e-09, 7.27780729903e-07, 3.76495421506e-07, 4.61638535398e-07, 1.25331223444e-06, 1.21158359434e-06, 9.61112391451e-07, 6.25161135304e-07, 3.29264565835e-07, 2.8491899684e-06, 2.59024886873e-06, 1.60168994512e-07, 3.41878987342e-08, 6.69372539619e-08, 3.57780027116e-06, 7.93552388245e-08, 3.84727172786e-07, 5.94560916056e-08, 6.89236543394e-08, 7.52748618993e-09, 2.68664424041e-09, 6.74016564783e-10, 6.41936004353e-10, 2.1569206865e-08],
        "var": [1.2375153477e-15, 3.83734512468e-15, 1.35225142715e-12, 9.76375555926e-13, 1.9050647726e-09, 2.49152185461e-06, 2.10638972931e-08, 2.48260380431e-06, 1.86141463132e-07, 2.3552897801e-06, 1.05208883383e-07, 2.04415577798e-08, 3.40626979778e-06, 1.91665312741e-05, 4.36154135031e-09, 1.014129003e-09, 6.92600750085e-08, 1.18240959637e-05, 3.58628852837e-07, 1.79763006258e-07, 1.60695117302e-06, 6.08808534253e-07, 3.08643706148e-07, 2.09876489521e-07, 3.27461755489e-08, 4.96777119441e-10, 2.46218156974e-10]
    },
    "erbbands": {
        "dmean": [9.44320390772e-07, 1.67725938809e-05, 0.00046062641195, 0.00214310968295, 0.00728974072263, 0.1007226035, 1.93432867527, 9.20913124084, 2.74409532547, 6.77719259262, 20.3057193756, 7.22556257248, 21.8099708557, 17.9006843567, 5.1138677597, 5.20899343491, 46.2538070679, 116.499061584, 10.9309520721, 1.81972777843, 1.40202474594, 9.46097373962, 82.7231674194, 51.9037208557, 6.36452579498, 8.40397644043, 31.8008460999, 15.4644498825, 11.5762958527, 14.4586658478, 8.17277240753, 7.06448888779, 2.7800450325, 1.49945187569, 0.244252696633, 0.0597290322185, 0.0185481403023, 0.00931199174374, 0.000452469510492, 2.75344482361e-05],
        "dmean2": [1.49296852214e-06, 2.75090969808e-05, 0.000698027317412, 0.00349515886046, 0.0114414636046, 0.175652459264, 3.24541306496, 15.330247879, 4.40226078033, 12.1535778046, 37.3856925964, 12.0981245041, 37.2369728088, 32.5075836182, 8.77818202972, 8.98136997223, 81.9787521362, 196.42010498, 17.2771968842, 3.21870470047, 2.53840970993, 16.8133735657, 138.978088379, 82.8898849487, 11.3674144745, 12.9821910858, 55.6688957214, 27.4879016876, 19.9972915649, 26.7743453979, 14.6667881012, 12.9124078751, 5.00600147247, 2.75487422943, 0.455619692802, 0.107995636761, 0.0335315465927, 0.0162064712495, 0.000796711479779, 4.75103770441e-05],
        "dvar": [4.71599538934e-12, 2.7381244494e-10, 2.77409441196e-07, 7.98155815573e-06, 6.52540620649e-05, 0.0385754145682, 15.446764946, 335.941070557, 25.3364086151, 170.259979248, 1506.54553223, 137.42048645, 1600.73608398, 1810.13256836, 76.6843795776, 82.4893417358, 9073.01660156, 54342.8398438, 485.349578857, 16.103099823, 6.48650360107, 315.827819824, 24551.7285156, 8421.41796875, 181.774810791, 261.874084473, 5340.07617188, 1104.06604004, 784.949645996, 919.768859863, 282.100860596, 258.315307617, 45.7607345581, 14.7629232407, 0.466236710548, 0.0174215268344, 0.00149916822556, 0.00100005522836, 2.083289246e-06, 2.67647481955e-09],
        "dvar2": [7.12895801419e-12, 6.03073702088e-10, 5.31250861968e-07, 1.85861135833e-05, 0.00015279877698, 0.10647302866, 42.2349967957, 925.78314209, 68.483001709, 472.14251709, 4092.25073242, 366.230804443, 4593.92919922, 5743.73095703, 219.997497559, 245.131149292, 26909.8769531, 132346.671875, 1034.49536133, 44.532119751, 17.6581420898, 874.749755859, 60029.71875, 20708.0019531, 512.308776855, 651.026916504, 16035.1162109, 2972.06958008, 1730.97875977, 2682.20751953, 751.489135742, 713.233337402, 118.584396362, 39.6402854919, 1.08343172073, 0.0465284846723, 0.00394532084465, 0.00246666744351, 5.3970652516e-06, 6.9465864172e-09],
        "max": [2.88263418042e-05, 0.000144866105984, 0.0046728127636, 0.0244648400694, 0.0731156542897, 1.27484166622, 27.844171524, 112.628349304, 26.97889328, 71.5817260742, 208.304260254, 72.277633667, 271.183624268, 271.462585449, 48.9580307007, 71.1397171021, 750.172851562, 2089.07861328, 252.247406006, 25.500919342, 14.3127565384, 99.276512146, 1344.4140625, 605.662597656, 79.6470413208, 134.818618774, 534.253356934, 190.44480896, 269.656738281, 184.110336304, 90.0958328247, 92.0498580933, 42.5999794006, 26.0932369232, 4.70973968506, 0.776843190193, 0.203736558557, 0.315323859453, 0.0121581908315, 0.000318662496284],
        "mean": [1.14898557513e-06, 2.4781034881e-05, 0.000678686599713, 0.00284110056236, 0.0121519640088, 0.0948793143034, 1.62228274345, 7.98267269135, 2.62834596634, 4.91951942444, 14.0739984512, 6.73071575165, 17.8581409454, 14.5503845215, 4.7186088562, 4.60802316666, 43.5727348328, 133.847946167, 13.9892416, 1.76834654808, 1.42236256599, 8.86430263519, 78.1608581543, 52.4433288574, 6.51422166824, 9.4313993454, 27.2675361633, 14.3241539001, 10.480884552, 9.7861366272, 5.66307830811, 4.66020727158, 2.05896019936, 0.953448176384, 0.176328703761, 0.0386560074985, 0.0119476532564, 0.00647512730211, 0.000303419365082, 2.49596942012e-05],
        "median": [5.82781751746e-07, 1.89290585695e-05, 0.000408178981161, 0.00173839787021, 0.0078370096162, 0.040039550513, 0.283486425877, 1.33294558525, 0.756457924843, 0.70827382803, 2.01531147957, 1.80943584442, 3.37925386429, 2.81437921524, 1.28337335587, 1.47346413136, 12.6660490036, 46.5192565918, 3.19195914268, 0.445738881826, 0.414275437593, 2.61887431145, 16.0412502289, 14.1161289215, 1.88378465176, 1.53878903389, 4.29023790359, 1.72835659981, 1.04991066456, 0.756557047367, 0.272683024406, 0.142376035452, 0.0468889400363, 0.0114012993872, 0.00203335355036, 0.000430266722105, 0.000105112841993, 2.09822392208e-05, 5.68915493204e-06, 7.26378675608e-06],
        "min": [4.20742658491e-08, 1.26170209569e-06, 9.40029440244e-06, 0.000163251432241, 0.000433444947703, 0.00273379078135, 0.00398300541565, 0.00450841337442, 0.013622016646, 0.0151108549908, 0.0189769230783, 0.0302063897252, 0.0194781590253, 0.0408799387515, 0.0391785167158, 0.0374670773745, 0.132845416665, 0.208769634366, 0.0506346859038, 0.0156517419964, 0.00637162104249, 0.0708223506808, 0.282691985369, 0.147331088781, 0.0135447476059, 0.0138065023348, 0.0137741919607, 0.000955548603088, 0.00342277809978, 0.000623918604106, 0.00022314285161, 8.12775397208e-05, 4.01798388339e-05, 1.18750076581e-05, 4.49966000815e-06, 2.45608362093e-06, 1.57649606081e-06, 8.40629411414e-07, 1.14549493446e-06, 6.86983298692e-07],
        "var": [4.84560004968e-12, 4.26801261e-10, 5.72344390548e-07, 1.06694851638e-05, 0.000146600563312, 0.0282289516181, 12.2818002701, 277.456604004, 22.3674621582, 118.219894409, 1018.77636719, 135.211471558, 1417.6829834, 1328.33532715, 70.955619812, 66.7769470215, 7106.12451172, 63032.875, 832.696105957, 12.3899717331, 5.12958478928, 251.402938843, 24246.6855469, 8825.99902344, 144.471847534, 361.00213623, 3917.32958984, 981.36151123, 796.321472168, 602.45690918, 219.566574097, 177.40953064, 38.9551544189, 10.3597984314, 0.390061974525, 0.0127806793898, 0.00116501690354, 0.000808714423329, 1.52220468408e-06, 2.18412443687e-09]
    },
    "gfcc": {
        "mean": [-126.77910614, 27.5108642578, -214.741943359, -1.92841303349, -105.630187988, -19.1957054138, -40.4132270813, -18.7097244263, -25.7816181183, -8.76267528534, 1.87910914421, -8.4855298996, -19.9483680725],
        "cov": [[8325.64257812, -2927.05883789, 359.818084717, -576.493103027, -1431.42724609, 138.901855469, -720.690979004, 562.459655762, -268.9190979, 487.638153076, -65.8601455688, 496.139923096, -82.9805145264], [-2927.05883789, 1878.40612793, -218.276535034, 66.043258667, 624.277282715, -259.128326416, 123.066085815, -338.194793701, 210.666641235, -138.945877075, 273.888031006, -246.858291626, -107.868286133], [359.818084717, -218.276535034, 325.187957764, -106.347221375, -74.7784042358, 30.7395553589, -49.527431488, 101.827041626, -34.903377533, 8.16059589386, -37.7220611572, 88.5603179932, -19.619228363], [-576.493103027, 66.043258667, -106.347221375, 271.190124512, 72.2048797607, 23.0347766876, 76.5988922119, -64.598236084, 4.42661571503, -54.1544914246, -39.9508171082, -60.6914100647, 58.8995552063], [-1431.42724609, 624.277282715, -74.7784042358, 72.2048797607, 383.503814697, -41.9590072632, 54.1317329407, -157.426940918, 81.0605392456, -33.8891792297, 86.055015564, -93.8101806641, -42.3691940308], [138.901855469, -259.128326416, 30.7395553589, 23.0347766876, -41.9590072632, 139.909378052, 34.0277137756, 22.8473644257, -38.9720344543, 18.6912269592, -75.4381027222, 7.82203865051, 35.2449264526], [-720.690979004, 123.066085815, -49.527431488, 76.5988922119, 54.1317329407, 34.0277137756, 199.04246521, 21.8251876831, 3.22669267654, -74.8761749268, -89.6140289307, -42.5404548645, 80.5217056274], [562.459655762, -338.194793701, 101.827041626, -64.598236084, -157.426940918, 22.8473644257, 21.8251876831, 174.154052734, -44.9424324036, -7.25356817245, -74.9894714355, 76.5434188843, 31.569890976], [-268.9190979, 210.666641235, -34.903377533, 4.42661571503, 81.0605392456, -38.9720344543, 3.22669267654, -44.9424324036, 85.2662200928, 6.19787025452, 45.3160171509, -38.2824363708, -16.3489284515], [487.638153076, -138.945877075, 8.16059589386, -54.1544914246, -33.8891792297, 18.6912269592, -74.8761749268, -7.25356817245, 6.19787025452, 104.135696411, 30.0624580383, 11.7934942245, -26.6719322205], [-65.8601455688, 273.888031006, -37.7220611572, -39.9508171082, 86.055015564, -75.4381027222, -89.6140289307, -74.9894714355, 45.3160171509, 30.0624580383, 155.944869995, -11.2940807343, -73.2993927002], [496.139923096, -246.858291626, 88.5603179932, -60.6914100647, -93.8101806641, 7.82203865051, -42.5404548645, 76.5434188843, -38.2824363708, 11.7934942245, -11.2940807343, 98.2591400146, -0.681789577007], [-82.9805145264, -107.868286133, -19.619228363, 58.8995552063, -42.3691940308, 35.2449264526, 80.5217056274, 31.569890976, -16.3489284515, -26.6719322205, -73.2993927002, -0.681789577007, 85.6768493652]],
        "icov": [[0.00113930518273, 0.000697222305462, 0.000499890593346, 0.000451109081041, 0.00264570722356, 0.000199477508431, 0.00178442860488, -0.000590546929743, -0.000498437031638, -0.00180375343189, -0.000417730218032, -0.000452343811048, 0.000534841616172], [0.000697222305462, 0.00421772990376, -0.000578437349759, 0.00172400299925, -0.000653214170597, 0.00363332149573, -0.00229731039144, 0.00221218937077, -0.000899161910638, 0.00205277628265, -0.0043367180042, 0.00394288590178, 0.000982724595815], [0.000499890593346, -0.000578437349759, 0.00560771301389, 0.000961511279456, 0.000536828010809, -0.0019816274289, 0.00352097605355, -0.00283471099101, -0.000839766056743, -0.000152905020514, 0.00289006810635, -0.00400147214532, 0.00142793392297], [0.000451109081041, 0.00172400299925, 0.000961511279456, 0.00710478564724, -0.000635703734588, 0.000554109981749, 0.00109191855881, 0.00243958248757, -2.15572254092e-05, 0.00327420397662, -0.000688911881298, 0.00298768864013, -0.00407453533262], [0.00264570722356, -0.000653214170597, 0.000536828010809, -0.000635703734588, 0.0140516152605, -0.00183403352275, 0.00160416169092, 0.00176052749157, -0.00303597329184, -0.00540585163981, -0.00060738431057, -0.00356095796451, 0.00503676570952], [0.000199477508431, 0.00363332149573, -0.0019816274289, 0.000554109981749, -0.00183403352275, 0.0157750416547, -0.00500607816502, 0.0043395194225, 0.00348744820803, -0.0032457485795, 0.00129574083257, 0.00359478779137, 0.000434595218394], [0.00178442860488, -0.00229731039144, 0.00352097605355, 0.00109191855881, 0.00160416169092, -0.00500607816502, 0.0230184681714, -0.0086345365271, -0.00192612723913, 0.00147769658361, 0.00709457462654, 0.00115583627485, -0.0105363223702], [-0.000590546929743, 0.00221218937077, -0.00283471099101, 0.00243958248757, 0.00176052749157, 0.0043395194225, -0.0086345365271, 0.0189663190395, -0.000786958960816, 0.00284777674824, 0.00130052200984, -0.00506191933528, 0.0019075301243], [-0.000498437031638, -0.000899161910638, -0.000839766056743, -2.15572254092e-05, -0.00303597329184, 0.00348744820803, -0.00192612723913, -0.000786958960816, 0.0198870636523, -0.00344038009644, -0.00270849489607, 0.00543897412717, -0.00217814999633], [-0.00180375343189, 0.00205277628265, -0.000152905020514, 0.00327420397662, -0.00540585163981, -0.0032457485795, 0.00147769658361, 0.00284777674824, -0.00344038009644, 0.0227731354535, -0.00392142729834, 0.00540468795225, -0.00210358318873], [-0.000417730218032, -0.0043367180042, 0.00289006810635, -0.000688911881298, -0.00060738431057, 0.00129574083257, 0.00709457462654, 0.00130052200984, -0.00270849489607, -0.00392142729834, 0.0236885733902, -0.00826274044812, 0.00575352692977], [-0.000452343811048, 0.00394288590178, -0.00400147214532, 0.00298768864013, -0.00356095796451, 0.00359478779137, 0.00115583627485, -0.00506191933528, 0.00543897412717, 0.00540468795225, -0.00826274044812, 0.0290623847395, -0.00502242892981], [0.000534841616172, 0.000982724595815, 0.00142793392297, -0.00407453533262, 0.00503676570952, 0.000434595218394, -0.0105363223702, 0.0019075301243, -0.00217814999633, -0.00210358318873, 0.00575352692977, -0.00502242892981, 0.0318784676492]]
    },
    "melbands": {
        "dmean": [8.16675616022e-09, 1.74815767195e-07, 3.34082443487e-07, 1.92254424292e-06, 5.65918599023e-05, 0.000191063285456, 3.67814755009e-05, 0.000116734277981, 0.00014029655722, 4.01234756282e-05, 0.000114243543067, 8.14749728306e-05, 1.9351777155e-05, 9.95570371742e-06, 3.0064215025e-05, 0.000149644358316, 0.000223203809583, 1.41807822729e-05, 2.64083064394e-06, 1.73025705408e-06, 1.40478857702e-06, 7.62959280109e-06, 2.16421667574e-05, 0.000125285019749, 3.26924018736e-05, 5.99310169491e-06, 2.21678101298e-06, 6.28852194495e-06, 1.824283936e-05, 1.73434473254e-05, 7.068623745e-06, 5.74210889681e-06, 9.01948078535e-06, 7.46791738493e-06, 4.76240029457e-06, 4.76259947391e-06, 4.09948324886e-06, 2.2693527626e-06, 1.38342386435e-06, 1.18283901429e-06],
        "dmean2": [1.34367805771e-08, 2.65946681566e-07, 5.29627129708e-07, 3.14820499625e-06, 9.51348920353e-05, 0.000315322598908, 5.87715039728e-05, 0.000214074825635, 0.000255998515058, 6.78017531754e-05, 0.000195216445718, 0.000148725695908, 3.41543345712e-05, 1.68934566318e-05, 5.36396728421e-05, 0.000265953975031, 0.000368080392946, 2.15496056626e-05, 4.92720982948e-06, 3.18331922244e-06, 2.5226145226e-06, 1.42591024996e-05, 3.69892695744e-05, 0.000209573583561, 5.14668499818e-05, 1.13194446385e-05, 3.80699111702e-06, 9.60420038609e-06, 3.18999300362e-05, 3.05617504637e-05, 1.27554521896e-05, 9.9215985756e-06, 1.59954142873e-05, 1.4128667317e-05, 8.44781880005e-06, 8.58445582708e-06, 7.55033534006e-06, 3.93735990656e-06, 2.51882352131e-06, 2.18284003495e-06],
        "dvar": [3.43097895065e-16, 4.14845431227e-14, 1.53536810544e-13, 6.68360549197e-12, 1.31851560781e-08, 1.42208548937e-07, 4.5120729375e-09, 5.31983914698e-08, 6.9372809719e-08, 4.50610659897e-09, 4.493718464e-08, 3.83030283047e-08, 1.26197619021e-09, 2.85103884945e-10, 3.50736062416e-09, 8.46007139899e-08, 2.14823202782e-07, 1.41473666115e-09, 3.8529967411e-11, 1.45130183912e-11, 6.38401094141e-12, 3.1381802712e-10, 1.83058379566e-09, 5.9977601552e-08, 3.90857035626e-09, 2.50442278027e-10, 2.42839602593e-11, 1.72569944445e-10, 1.38940237093e-09, 1.78513581695e-09, 2.65063693217e-10, 2.97904617641e-10, 3.79731412981e-10, 2.93753715797e-10, 9.9504397777e-11, 1.57556453995e-10, 8.8737003856e-11, 3.81859405207e-11, 1.16480427734e-11, 1.03797222553e-11],
        "dvar2": [5.27801846604e-16, 7.91903977289e-14, 3.57271097472e-13, 1.68949108176e-11, 3.60516239084e-08, 3.90348020574e-07, 1.21882584025e-08, 1.47557699393e-07, 1.86985275263e-07, 1.22065566543e-08, 1.3012684974e-07, 1.21798223063e-07, 3.68438568543e-09, 7.99816934904e-10, 1.05851176713e-08, 2.42871379896e-07, 5.17778573794e-07, 2.69935629404e-09, 1.07433582863e-10, 4.03299720009e-11, 1.73123546748e-11, 8.97465046723e-10, 4.67941330129e-09, 1.46945012602e-07, 9.44769507072e-09, 7.30154270379e-10, 6.52531917389e-11, 4.09207528973e-10, 4.15367162887e-09, 5.21036369605e-09, 6.6479549643e-10, 6.21305951132e-10, 1.01403718755e-09, 8.89375573188e-10, 2.71346722869e-10, 4.34784125369e-10, 2.45847314728e-10, 1.07037684272e-10, 3.15039938581e-11, 2.74314095744e-11],
        "max": [2.47270804721e-07, 1.78813581897e-06, 3.31776027451e-06, 1.73159023689e-05, 0.000806707656011, 0.00233753328212, 0.000356634729542, 0.00125591119286, 0.00141411973163, 0.000424642581493, 0.00141531240661, 0.00124450097792, 0.000253413018072, 0.000112660709419, 0.000484620773932, 0.00188116147183, 0.00419273786247, 0.000524474016856, 3.62832906831e-05, 2.69795182248e-05, 1.41106638694e-05, 0.000101499390439, 0.000453865679447, 0.00224295118824, 0.000440616364358, 9.68013482634e-05, 4.530559454e-05, 0.000132571207359, 0.000238596214331, 0.000329553411575, 0.000115187882329, 0.00018308563449, 0.000125799459056, 9.68082385953e-05, 5.11953330715e-05, 9.82076016953e-05, 6.1050253862e-05, 4.36402733612e-05, 2.2756643375e-05, 2.21989830607e-05],
        "mean": [8.72242278405e-09, 2.54644618281e-07, 5.02685850279e-07, 2.42980422627e-06, 4.69807782792e-05, 0.000167066144058, 3.58870056516e-05, 8.1303754996e-05, 0.000100659708551, 3.81727986678e-05, 9.27046421566e-05, 6.45330219413e-05, 1.79011622095e-05, 8.86386624188e-06, 2.29002343985e-05, 0.000158451264724, 0.000253951555351, 1.93922187464e-05, 2.09754966818e-06, 1.4758998077e-06, 1.43343777381e-06, 6.41396945866e-06, 2.02798346436e-05, 0.000115790586278, 3.43728243024e-05, 5.08021912538e-06, 2.56072962657e-06, 6.73726935929e-06, 1.5583487766e-05, 1.4938815184e-05, 6.58184990243e-06, 5.53731342734e-06, 6.65976858727e-06, 4.80969947603e-06, 3.22867026625e-06, 3.13421219289e-06, 2.6878128665e-06, 1.63742731729e-06, 9.04617309061e-07, 7.48633055991e-07],
        "median": [4.61614746428e-09, 1.54303904765e-07, 3.3515738096e-07, 1.34642209559e-06, 8.06613024906e-06, 2.89324325422e-05, 1.02786561911e-05, 1.10362780106e-05, 1.59276187333e-05, 1.04979317257e-05, 1.66593545146e-05, 1.17472291095e-05, 5.14047042088e-06, 1.91701360563e-06, 4.50426205134e-06, 4.74644511996e-05, 8.06755342637e-05, 1.19180583624e-06, 4.1636647552e-07, 2.90309486672e-07, 3.75307877221e-07, 1.43548584219e-06, 4.65022822027e-06, 2.07358461921e-05, 7.53808217269e-06, 4.4690523282e-07, 3.17410325579e-07, 7.89289401837e-07, 2.49536196861e-06, 1.51566280238e-06, 6.36391177977e-07, 3.83522063885e-07, 5.56748204872e-07, 2.64812143769e-07, 1.13209431163e-07, 1.00617214116e-07, 6.66418458195e-08, 3.46693092013e-08, 1.62967737083e-08, 6.09104899851e-09],
        "min": [3.62558622014e-10, 1.95844740425e-09, 3.40431078882e-08, 8.45700327545e-08, 2.22205656542e-07, 1.04210016616e-07, 1.82062080967e-07, 1.91376315684e-07, 1.51586817765e-07, 1.83353208172e-07, 9.53018428618e-08, 1.67017915942e-07, 8.88418369982e-08, 3.37152670227e-08, 7.21068005305e-08, 1.9206309787e-07, 4.36722274344e-07, 2.29872885171e-08, 7.02289293386e-09, 2.31461627642e-09, 2.75069855782e-09, 2.95585156351e-09, 1.73251251567e-07, 7.2558016484e-08, 1.10420685928e-08, 1.6199676045e-09, 6.142673592e-10, 9.24461396323e-09, 1.49266679017e-08, 2.90133944647e-10, 2.42315417731e-10, 1.63809765752e-09, 1.02855368667e-09, 1.59356791651e-10, 1.368714031e-10, 7.39019540008e-11, 3.90818523377e-11, 3.44116818374e-11, 1.04005814378e-11, 8.48909831319e-12],
        "var": [3.33309847025e-16, 8.34625473118e-14, 2.34420501673e-13, 7.89062305079e-12, 1.04325827976e-08, 1.19114211827e-07, 4.03726430065e-09, 3.54384219747e-08, 4.81771280647e-08, 4.47674652904e-09, 3.92253305392e-08, 2.7372717426e-08, 1.1480708606e-09, 2.53047999221e-10, 2.43839348713e-09, 7.97838808353e-08, 2.47599245995e-07, 3.31247118623e-09, 2.5043021476e-11, 1.00698815605e-11, 5.33424693305e-12, 2.22580676112e-10, 2.08523420753e-09, 5.59553328117e-08, 4.63425919861e-09, 1.67784508509e-10, 2.88555030564e-11, 2.39870762142e-10, 1.06070807693e-09, 1.38069522482e-09, 2.47484394089e-10, 3.13443493383e-10, 2.86430879015e-10, 1.85543982956e-10, 7.67140240221e-11, 1.0482421875e-10, 6.10690803482e-11, 3.10030751072e-11, 8.2305898208e-12, 7.37194940509e-12]
    },
    "mfcc": {
        "mean": [-746.00189209, 58.649143219, -57.418006897, -14.0364379883, -55.1728553772, -21.0586585999, -21.926612854, -12.1408853531, -33.4207000732, -17.4535274506, 10.3101425171, 3.11903357506, -36.0188941956],
        "cov": [[8222.79492188, -2525.77709961, 388.613189697, -869.896179199, -686.21661377, -608.096374512, -442.365112305, -247.66305542, -286.097930908, 72.6414871216, -265.837860107, -25.7331523895, 133.357559204], [-2525.77709961, 1528.18225098, -99.8462677002, 151.84413147, 264.278778076, 57.1035041809, 3.02791333199, -16.7366275787, -196.368789673, -58.9088401794, 272.136779785, 75.4514923096, -94.392364502], [388.613189697, -99.8462677002, 305.349304199, -149.790756226, -2.55289506912, -94.0369033813, -23.0641956329, 12.5853767395, -0.316928803921, -45.2156181335, -6.97752141953, 38.5002479553, -5.27267980576], [-869.896179199, 151.84413147, -149.790756226, 276.919921875, 60.2556190491, 132.045944214, 39.8609275818, 18.6992378235, 60.8159332275, 29.3636245728, 6.08349752426, -56.1443595886, -25.6002826691], [-686.21661377, 264.278778076, -2.55289506912, 60.2556190491, 190.769577026, 61.0600967407, -6.86013841629, -18.8629512787, -66.4422531128, -1.23257267475, 88.009765625, -14.1815738678, -13.5195026398], [-608.096374512, 57.1035041809, -94.0369033813, 132.045944214, 61.0600967407, 170.535949707, 53.632686615, 8.39368152618, 49.4691925049, 24.7096672058, -1.38396418095, -26.0079479218, -18.5466804504], [-442.365112305, 3.02791333199, -23.0641956329, 39.8609275818, -6.86013841629, 53.632686615, 128.39642334, 52.8035430908, 105.841392517, -6.46681499481, -54.6271438599, 35.6980209351, 19.0789890289], [-247.66305542, -16.7366275787, 12.5853767395, 18.6992378235, -18.8629512787, 8.39368152618, 52.8035430908, 104.499511719, 95.28125, -23.1699485779, -37.4295082092, 12.701089859, 21.6455879211], [-286.097930908, -196.368789673, -0.316928803921, 60.8159332275, -66.4422531128, 49.4691925049, 105.841392517, 95.28125, 299.551361084, 16.7463531494, -126.485847473, -13.4787626266, 38.1247215271], [72.6414871216, -58.9088401794, -45.2156181335, 29.3636245728, -1.23257267475, 24.7096672058, -6.46681499481, -23.1699485779, 16.7463531494, 102.754768372, -20.8183784485, -32.0670547485, 20.2854385376], [-265.837860107, 272.136779785, -6.97752141953, 6.08349752426, 88.009765625, -1.38396418095, -54.6271438599, -37.4295082092, -126.485847473, -20.8183784485, 156.126235962, 0.241521209478, -45.385723114], [-25.7331523895, 75.4514923096, 38.5002479553, -56.1443595886, -14.1815738678, -26.0079479218, 35.6980209351, 12.701089859, -13.4787626266, -32.0670547485, 0.241521209478, 102.15436554, 8.98919010162], [133.357559204, -94.392364502, -5.27267980576, -25.6002826691, -13.5195026398, -18.5466804504, 19.0789890289, 21.6455879211, 38.1247215271, 20.2854385376, -45.385723114, 8.98919010162, 91.0947036743]],
