{
"lowlevel": {
    "average_loudness": 0.838759243488,
    "barkbands_crest": {
        "dmean": 2.72264003754,
        "dmean2": 4.30379247665,
        "dvar": 6.18148183823,
        "dvar2": 13.5158576965,
        "max": 25.6164569855,
        "mean": 12.6870937347,
        "median": 11.6791324615,
        "min": 3.48156666756,
        "var": 31.0044460297
    },
    "barkbands_flatness_db": {
        "dmean": 0.0299099925905,
        "dmean2": 0.0495136193931,
        "dvar": 0.000783604802564,
        "dvar2": 0.00185846316162,
        "max": 0.35139849782,
        "mean": 0.176559150219,
        "median": 0.168186292052,
        "min": 0.0463177226484,
        "var": 0.00490534026176
    },
    "barkbands_kurtosis": {
        "dmean": 7.7533197403,
        "dmean2": 11.8851718903,
        "dvar": 82.786277771,
        "dvar2": 235.02053833,
        "max": 63.8631896973,
        "mean": 16.2180728912,
        "median": 12.6191549301,
        "min": -1.44926130772,
        "var": 270.441650391
    },
    "barkbands_skewness": {
        "dmean": 0.76604861021,
        "dmean2": 1.09211659431,
        "dvar": 0.383607685566,
        "dvar2": 0.92766302824,
        "max": 6.13398838043,
        "mean": 1.27310526371,
        "median": 1.26769137383,
        "min": -5.47867631912,
        "var": 8.35279369354
    },
    "barkbands_spread": {
        "dmean": 4.45543670654,
        "dmean2": 7.22354507446,
        "dvar": 27.3377380371,
        "dvar2": 67.6927947998,
        "max": 46.3113365173,
        "mean": 12.4284076691,
        "median": 9.01335811615,
        "min": 1.78097045422,
        "var": 97.1782302856
    },
    "dissonance": {
        "dmean": 0.0202968455851,
        "dmean2": 0.033217869699,
        "dvar": 0.000535085855518,
        "dvar2": 0.00119184958749,
        "max": 0.497885763645,
        "mean": 0.466679364443,
        "median": 0.47316557169,
        "min": 0.319881141186,
        "var": 0.00087813421851
    },
    "dynamic_complexity": 7.81404972076,
    "erbbands_crest": {
        "dmean": 3.50282859802,
        "dmean2": 5.64981412888,
        "dvar": 8.20430660248,
        "dvar2": 21.7149219513,
        "max": 30.8072338104,
        "mean": 15.3304519653,
        "median": 12.470076561,
        "min": 3.71195745468,
        "var": 61.8098831177
    },
    "erbbands_flatness_db": {
        "dmean": 0.0282594095916,
        "dmean2": 0.046570520848,
        "dvar": 0.000530255027115,
        "dvar2": 0.00119406927843,
        "max": 0.417765080929,
        "mean": 0.205487415195,
        "median": 0.170536532998,
        "min": 0.082821212709,
        "var": 0.00818033795804
    },
    "erbbands_kurtosis": {
        "dmean": 6.68679523468,
        "dmean2": 11.1373758316,
        "dvar": 106.187889099,
        "dvar2": 257.167755127,
        "max": 87.8640060425,
        "mean": 12.3589439392,
        "median": 3.23110389709,
        "min": -0.955176353455,
        "var": 344.741699219
    },
    "erbbands_skewness": {
        "dmean": 0.758247554302,
        "dmean2": 1.17796325684,
        "dvar": 0.566910505295,
        "dvar2": 1.40208077431,
        "max": 3.21473312378,
        "mean": 0.000332428870024,
        "median": 0.561272144318,
        "min": -7.63320922852,
        "var": 5.42098522186
    },
    "erbbands_spread": {
        "dmean": 9.70711708069,
        "dmean2": 16.9700717926,
        "dvar": 137.326889038,
        "dvar2": 378.348846436,
        "max": 75.1051330566,
        "mean": 22.8634929657,
        "median": 21.8761367798,
        "min": 1.08329856396,
        "var": 272.014801025
    },
    "hfc": {
        "dmean": 4.57434415817,
        "dmean2": 6.5498380661,
        "dvar": 117.993782043,
        "dvar2": 244.105361938,
        "max": 92.1851272583,
        "mean": 12.4686613083,
        "median": 0.556548416615,
        "min": 0.026867993176,
        "var": 648.958190918
    },
    "melbands_crest": {
        "dmean": 3.71281194687,
        "dmean2": 5.87705802917,
        "dvar": 9.09692668915,
        "dvar2": 20.4559459686,
        "max": 32.4426460266,
        "mean": 16.2190246582,
        "median": 15.4996929169,
        "min": 5.98083305359,
        "var": 41.3196754456
    },
    "melbands_flatness_db": {
        "dmean": 0.0338399447501,
        "dmean2": 0.056171964854,
        "dvar": 0.000888400420081,
        "dvar2": 0.00235098949634,
        "max": 0.359096348286,
        "mean": 0.245670899749,
        "median": 0.25624319911,
        "min": 0.0757213011384,
        "var": 0.00486485753208
    },
    "melbands_kurtosis": {
        "dmean": 8.90173530579,
        "dmean2": 14.4644155502,
        "dvar": 116.119911194,
        "dvar2": 355.917236328,
        "max": 72.7013931274,
        "mean": 17.2175960541,
        "median": 8.48352909088,
        "min": -1.69563353062,
        "var": 358.287811279
    },
    "melbands_skewness": {
        "dmean": 0.951700568199,
        "dmean2": 1.48997807503,
        "dvar": 0.619738221169,
        "dvar2": 1.83926546574,
        "max": 6.73556137085,
        "mean": 1.66088008881,
        "median": 1.68576979637,
        "min": -4.12273931503,
        "var": 6.99902868271
    },
    "melbands_spread": {
        "dmean": 5.47208070755,
        "dmean2": 8.44856548309,
        "dvar": 42.5889205933,
        "dvar2": 109.498474121,
        "max": 53.2047233582,
        "mean": 17.5598526001,
        "median": 13.2977027893,
        "min": 1.83287525177,
        "var": 190.613693237
    },
    "pitch_salience": {
        "dmean": 0.0830451399088,
        "dmean2": 0.12813732028,
        "dvar": 0.0052897548303,
        "dvar2": 0.0126054957509,
        "max": 0.778704583645,
        "mean": 0.537398517132,
        "median": 0.574255824089,
        "min": 0.157642498612,
        "var": 0.0217752661556
    },
    "silence_rate_20dB": {
        "dmean": 0,
        "dmean2": 0,
        "dvar": 0,
        "dvar2": 0,
        "max": 1,
        "mean": 1,
        "median": 1,
        "min": 1,
        "var": 0
    },
    "silence_rate_30dB": {
        "dmean": 0,
        "dmean2": 0,
        "dvar": 0,
        "dvar2": 0,
        "max": 1,
        "mean": 1,
        "median": 1,
        "min": 1,
        "var": 0
    },
    "silence_rate_60dB": {
        "dmean": 0.0444444455206,
        "dmean2": 0.0898876413703,
        "dvar": 0.0424691289663,
        "dvar2": 0.0818078815937,
        "max": 1,
        "mean": 0.681318700314,
        "median": 1,
        "min": 0,
        "var": 0.217123821378
    },
    "spectral_centroid": {
        "dmean": 141.740936279,
        "dmean2": 225.06980896,
        "dvar": 20885.1582031,
        "dvar2": 42610.4960938,
        "max": 2317.45996094,
        "mean": 1044.14025879,
        "median": 747.54083252,
        "min": 239.795547485,
        "var": 480086.15625
    },
    "spectral_complexity": {
        "dmean": 1.24444448948,
        "dmean2": 2.13483142853,
        "dvar": 1.11802494526,
        "dvar2": 2.58856105804,
        "max": 12,
        "mean": 4.12087917328,
        "median": 4,
        "min": 0,
        "var": 7.71065330505
    },
    "spectral_decrease": {
        "dmean": 6.06391825642e-10,
        "dmean2": 9.31203614218e-10,
        "dvar": 1.52179126308e-18,
        "dvar2": 3.18707230625e-18,
        "max": -1.43231451005e-11,
        "mean": -1.62765800837e-09,
        "median": -2.59095883637e-10,
        "min": -1.16406768669e-08,
        "var": 8.56021174508e-18
    },
    "spectral_energy": {
        "dmean": 0.00269360677339,
        "dmean2": 0.00409240089357,
        "dvar": 3.16431214742e-05,
        "dvar2": 6.62594757159e-05,
        "max": 0.0521071329713,
        "mean": 0.00727410195395,
        "median": 0.00107980833855,
        "min": 5.64959809708e-05,
        "var": 0.000177600988536
    },
    "spectral_energyband_high": {
        "dmean": 3.69355766452e-05,
        "dmean2": 5.76091224502e-05,
        "dvar": 1.08745314975e-08,
        "dvar2": 2.84623453695e-08,
        "max": 0.000749061931856,
        "mean": 5.643672921e-05,
        "median": 1.50299520101e-05,
        "min": 9.08312642878e-07,
        "var": 1.668049876e-08
    },
    "spectral_energyband_low": {
        "dmean": 0.000150895517436,
        "dmean2": 0.000230178367929,
        "dvar": 1.48582941506e-07,
        "dvar2": 3.21239156165e-07,
        "max": 0.0023152641952,
        "mean": 0.000164114622748,
        "median": 2.33096634474e-05,
        "min": 4.72999090562e-07,
        "var": 1.59772696406e-07
    },
    "spectral_energyband_middle_high": {
        "dmean": 0.00222961860709,
        "dmean2": 0.00322604412213,
        "dvar": 3.16614277835e-05,
        "dvar2": 6.73915928928e-05,
        "max": 0.0484474822879,
        "mean": 0.00595361785963,
        "median": 0.00012948231597,
        "min": 5.26199437445e-06,
        "var": 0.0001604748104
    },
    "spectral_energyband_middle_low": {
        "dmean": 0.000611294526607,
        "dmean2": 0.000954634102527,
        "dvar": 6.56233964946e-07,
        "dvar2": 1.41427187828e-06,
        "max": 0.00742681184784,
        "mean": 0.00121192797087,
        "median": 0.000686424027663,
        "min": 3.26601111738e-05,
        "var": 1.7770063323e-06
    },
    "spectral_entropy": {
        "dmean": 0.318103313446,
        "dmean2": 0.548107504845,
        "dvar": 0.0884919837117,
        "dvar2": 0.239840775728,
        "max": 8.25023651123,
        "mean": 7.03857040405,
        "median": 7.04877758026,
        "min": 5.56850862503,
        "var": 0.414604783058
    },
    "spectral_flux": {
        "dmean": 0.0118471886963,
        "dmean2": 0.0188878681511,
        "dvar": 0.000295896548778,
        "dvar2": 0.000772607687395,
        "max": 0.154497712851,
        "mean": 0.031214941293,
        "median": 0.0193911064416,
        "min": 0.00786551181227,
        "var": 0.000775606662501
    },
    "spectral_kurtosis": {
        "dmean": 2.75754594803,
        "dmean2": 4.85279273987,
        "dvar": 8.90851974487,
        "dvar2": 28.4130477905,
        "max": 17.4597377777,
        "mean": 7.54068756104,
        "median": 7.04728317261,
        "min": 0.244435787201,
        "var": 14.1300621033
    },
    "spectral_rms": {
        "dmean": 0.000428523373557,
        "dmean2": 0.000644211773761,
        "dvar": 3.10203716936e-07,
        "dvar2": 5.83925782394e-07,
        "max": 0.00712995277718,
        "mean": 0.00191109639127,
        "median": 0.00102638767567,
        "min": 0.000234772291151,
        "var": 3.44439445144e-06
    },
    "spectral_rolloff": {
        "dmean": 195.234375,
        "dmean2": 308.723236084,
        "dvar": 152929.359375,
        "dvar2": 334296.1875,
        "max": 3617.578125,
        "mean": 1296.96118164,
        "median": 1248.92578125,
        "min": 215.33203125,
        "var": 777778.5625
    },
    "spectral_skewness": {
        "dmean": 0.398387998343,
        "dmean2": 0.697207391262,
        "dvar": 0.168408244848,
        "dvar2": 0.540862381458,
        "max": 3.77030563354,
        "mean": 2.2830350399,
        "median": 2.28651070595,
        "min": 0.79626339674,
        "var": 0.264134049416
    },
    "spectral_spread": {
        "dmean": 1046139.75,
        "dmean2": 1662677.875,
        "dvar": 3.53943211213e+12,
        "dvar2": 4.16982813901e+12,
        "max": 25019488,
        "mean": 5416669.5,
        "median": 5267977,
        "min": 2554647.25,
        "var": 6.32701950362e+12
    },
    "spectral_strongpeak": {
        "dmean": 0.839419305325,
        "dmean2": 1.23419928551,
        "dvar": 2.69131922722,
        "dvar2": 5.294090271,
        "max": 16.6405124664,
        "mean": 2.37096571922,
        "median": 0.180074289441,
        "min": 0.00633050128818,
        "var": 18.447851181
    },
    "zerocrossingrate": {
        "dmean": 0.00932617206126,
        "dmean2": 0.0106598930433,
        "dvar": 6.28633133601e-05,
        "dvar2": 0.000105435865407,
        "max": 0.15771484375,
        "mean": 0.0695505663753,
        "median": 0.06201171875,
        "min": 0.00341796875,
        "var": 0.00114234024659
    },
    "barkbands": {
        "dmean": [1.83687516255e-05, 1.18203320199e-06, 3.87992076867e-05, 0.000236437495914, 0.000241335685132, 0.000234506718698, 5.32232188561e-05, 2.09936661122e-05, 1.62494852702e-05, 1.41509044624e-05, 5.43615578863e-06, 8.90346746019e-06, 1.0065472452e-05, 0.000122678393382, 0.00167477794457, 0.000737766909879, 0.000297842809232, 2.07779407901e-06, 2.91864330393e-06, 1.41339833135e-05, 1.44176738104e-05, 1.25848987409e-06, 9.18949808693e-06, 5.68051200389e-06, 3.56816644853e-06, 1.19814956179e-06, 3.41780150848e-07],
        "dmean2": [3.13016134896e-05, 1.91718777387e-06, 6.16378456471e-05, 0.000337285513524, 0.000371797941625, 0.000383453414543, 9.10097005544e-05, 3.44854852301e-05, 2.48266733252e-05, 2.61774603132e-05, 9.21189621295e-06, 1.31182459882e-05, 1.69694394572e-05, 0.000178361267899, 0.00248222751543, 0.000935357413255, 0.000332956871716, 3.71930104848e-06, 5.41178269486e-06, 2.17272772716e-05, 1.74134220288e-05, 2.21822074309e-06, 1.8078229914e-05, 1.08777721834e-05, 6.74767079545e-06, 2.25371172746e-06, 5.79152526825e-07],
        "dvar": [3.49194922977e-10, 3.64166249239e-12, 2.00229965941e-08, 1.5191777436e-07, 1.38592994858e-07, 1.75043368245e-07, 4.79601114378e-09, 6.20085593983e-10, 7.30949190064e-10, 5.44347400488e-10, 5.81461580274e-11, 1.88294588255e-10, 1.70941483191e-10, 1.23537859054e-07, 3.24843567796e-05, 5.07683125761e-06, 1.19549622468e-06, 9.14938003832e-12, 4.28552540677e-11, 1.1567550251e-09, 2.9773874477e-09, 8.16264937586e-12, 2.64552135754e-09, 4.35534830423e-10, 1.73090375366e-10, 3.19313950281e-11, 2.08025260971e-13],
        "dvar2": [1.13934317536e-09, 9.82003280775e-12, 4.9045979722e-08, 3.19437134522e-07, 2.99855145158e-07, 4.31838515169e-07, 1.2776156133e-08, 1.7507951755e-09, 1.94202143255e-09, 1.54634183236e-09, 1.34320943257e-10, 3.88620524649e-10, 4.66684024758e-10, 2.59820524207e-07, 6.64181716274e-05, 7.90944432083e-06, 1.54500401095e-06, 2.63409311724e-11, 1.23194232593e-10, 2.39405717473e-09, 5.10750020055e-09, 2.45405015753e-11, 7.97984611722e-09, 1.37521127819e-09, 5.47389633621e-10, 9.64492305466e-11, 6.04089911774e-13],
        "max": [0.000108199325041, 1.47902665049e-05, 0.000949295819737, 0.00313584995456, 0.00304953078739, 0.00398593442515, 0.000530783669092, 0.000164826953551, 0.000228563018027, 0.000148208957398, 5.68696959817e-05, 0.000119079690194, 8.67231137818e-05, 0.00299087841995, 0.0478502996266, 0.0267493929714, 0.0128133604303, 1.89862475963e-05, 3.81985591957e-05, 0.000262153946096, 0.000579361920245, 2.15111031139e-05, 0.000352326082066, 0.000145817219163, 9.44939820329e-05, 4.13365378336e-05, 4.37076550952e-06],
        "mean": [1.89293277799e-05, 1.62832827755e-06, 3.48932881025e-05, 0.000290972937364, 0.000472235988127, 0.000288777548121, 8.30886056065e-05, 3.92179572373e-05, 2.88366154564e-05, 1.69171580637e-05, 8.14099621493e-06, 1.30206126414e-05, 1.22556948554e-05, 0.000240686218604, 0.00358932255767, 0.00162068521604, 0.000441530544776, 2.49354980042e-06, 3.01960562865e-06, 2.09215249924e-05, 1.79466169357e-05, 2.43419231083e-06, 8.14701343188e-06, 7.55545806896e-06, 5.73773650103e-06, 1.94177755475e-06, 1.93145751837e-06],
        "median": [9.99086205411e-06, 1.18294224194e-06, 1.47043783727e-06, 6.45168402116e-05, 0.000200935464818, 0.000149808474816, 4.34809662693e-05, 2.01762632059e-05, 1.46109614434e-05, 7.96900621935e-06, 3.98908741772e-06, 5.32592730451e-06, 6.13296151641e-06, 3.57803764928e-06, 4.30497766502e-06, 2.60396245721e-06, 1.63058280123e-06, 1.32769355332e-06, 2.16082707993e-06, 2.18777813643e-06, 1.70925613929e-06, 1.22426115468e-06, 2.2357621674e-06, 3.4254755974e-06, 2.8430065413e-06, 1.00186230156e-06, 1.70934276866e-06],
        "min": [5.59837332048e-08, 7.61817346984e-08, 5.0751726377e-08, 1.00723781316e-07, 4.45223213319e-06, 3.16252703669e-06, 2.61648688138e-06, 3.82698260637e-07, 4.10198310874e-07, 5.06435583247e-07, 2.17244945588e-07, 8.01375108495e-07, 5.16317527399e-07, 3.12754593779e-07, 1.43085870263e-07, 6.01548464374e-08, 3.69397135103e-08, 4.34692069007e-08, 1.12689988896e-07, 1.56242236926e-07, 6.43330864136e-08, 5.6823353134e-08, 4.66955469847e-08, 9.28564034552e-08, 8.74816166174e-08, 1.0337601708e-07, 1.42894535315e-07],
        "var": [5.08393882548e-10, 3.42728406419e-12, 1.32968258626e-08, 2.49189668011e-07, 4.3146144435e-07, 2.50167460081e-07, 9.94610971361e-09, 1.73788183844e-09, 1.49489165491e-09, 5.56410750807e-10, 1.1119012655e-10, 4.48167891687e-10, 2.26051247165e-10, 4.13550594658e-07, 0.000123117366456, 2.75192032859e-05, 3.22994878843e-06, 8.62176302574e-12, 2.67236423962e-11, 2.49860643287e-09, 5.56957990838e-09, 9.04520555678e-12, 1.34241950889e-09, 2.5342522525e-10, 1.16889789514e-10, 1.91491961177e-11, 5.16529744324e-13]
    },
    "erbbands": {
        "dmean": [8.5371080786e-05, 0.000605833425652, 0.0295820757747, 0.455207616091, 0.992001354694, 0.749763727188, 0.634872674942, 2.60518193245, 1.12299072742, 0.600222408772, 0.37298181653, 0.366682529449, 0.531812727451, 0.21014200151, 0.172494679689, 0.360083758831, 0.558974862099, 6.45567512512, 26.8272533417, 92.0388031006, 42.086391449, 7.97093153, 0.309262245893, 0.144930422306, 0.383996576071, 0.482956558466, 0.963846743107, 0.103080071509, 0.0406910963356, 0.118267282844, 0.307301968336, 0.180930376053, 0.0664323940873, 0.0357191041112, 0.0265945084393, 0.00972553156316, 0.00122679769993, 0.000308711751131, 5.66171620449e-05, 8.05303170637e-06],
        "dmean2": [0.000139586962177, 0.000990089727566, 0.0464597195387, 0.660113215446, 1.38328719139, 1.25515270233, 1.07032191753, 4.45825004578, 1.89171898365, 1.04341840744, 0.614174306393, 0.597685039043, 0.967506229877, 0.350463777781, 0.297849357128, 0.564445853233, 0.900984406471, 9.68060398102, 40.2020874023, 135.077987671, 40.2695732117, 8.71740531921, 0.418229490519, 0.254989743233, 0.613836109638, 0.709396541119, 1.13450884819, 0.151975959539, 0.0681683272123, 0.227479800582, 0.600719690323, 0.344761312008, 0.124063707888, 0.0633365362883, 0.0507467314601, 0.0184794683009, 0.0022266113665, 0.000516263302416, 9.68958993326e-05, 1.34984093165e-05],
        "dvar": [1.25039028021e-08, 3.40924361808e-06, 0.00929462350905, 0.807718575001, 1.93151295185, 1.77957832813, 0.949492037296, 30.3539905548, 2.29954099655, 0.384600222111, 0.188530877233, 0.385658562183, 0.754709899426, 0.0913740545511, 0.0303122922778, 0.312716662884, 0.4844442904, 332.632415771, 8684.12597656, 63561.4570312, 19920.0039062, 762.603881836, 0.556334912777, 0.0904572084546, 1.3741787672, 1.16264617443, 13.7333621979, 0.0646847337484, 0.00544120837003, 0.321598231792, 2.9720313549, 0.735656499863, 0.0224129091948, 0.011531766504, 0.0113892769441, 0.00205019698478, 2.96265297948e-05, 6.42646796223e-07, 6.87122181375e-09, 6.84477752255e-11],
        "dvar2": [3.22915951756e-08, 8.53663914313e-06, 0.0223639681935, 1.67701673508, 4.0361456871, 3.67936444283, 2.19309425354, 80.7731018066, 6.44201040268, 0.862901985645, 0.53497838974, 1.05224192142, 2.15387058258, 0.229425564408, 0.0802527740598, 0.727827548981, 1.17223060131, 697.262634277, 16157.625, 137948.09375, 29970.6582031, 800.94317627, 0.588633716106, 0.256467431784, 2.06931614876, 2.39410948753, 20.1055431366, 0.10918135941, 0.0154608692974, 0.9776288867, 8.95963287354, 2.25623488426, 0.0755737572908, 0.0388631783426, 0.0347952023149, 0.00622228020802, 8.87229034561e-05, 1.96369478545e-06, 1.94224920591e-08, 1.33243471812e-10],
        "max": [0.000682503159624, 0.0134533587843, 0.639420509338, 6.59036970139, 9.04137611389, 12.9597473145, 8.65156269073, 49.0549430847, 9.52532672882, 4.92885303497, 3.79459023476, 4.91565752029, 5.29101037979, 2.49786233902, 0.908937990665, 4.187292099, 5.61991453171, 165.711914062, 957.6171875, 2105.82836914, 1805.37060547, 339.71862793, 9.67565631866, 2.01566195488, 10.4933290482, 12.0588274002, 40.404296875, 2.88378000259, 0.537850856781, 3.93776965141, 11.805018425, 5.9469909668, 0.910200417042, 0.736687123775, 0.768146276474, 0.327535301447, 0.040610153228, 0.00609230343252, 0.00073812744813, 0.000103592392406],
        "mean": [0.000143317709444, 0.000693273090292, 0.0293673239648, 0.533821582794, 1.44358551502, 1.7491145134, 1.02708506584, 3.01232004166, 1.81050443649, 0.987923920155, 0.76088654995, 0.650532960892, 0.643542468548, 0.365962445736, 0.28953653574, 0.542262017727, 1.01638436317, 13.9546661377, 62.3876037598, 190.416717529, 88.0911483765, 13.9599533081, 0.552032411098, 0.205880567431, 0.517862319946, 0.775554895401, 1.30787360668, 0.186136648059, 0.0899172946811, 0.125144720078, 0.264703422785, 0.186583966017, 0.114194147289, 0.0665812790394, 0.0373153463006, 0.0133075425401, 0.00241206935607, 0.000923439860344, 0.000250510667684, 3.98005468014e-05],
        "median": [0.000100524921436, 0.000324386841385, 0.00426305644214, 0.0998933315277, 0.67687857151, 0.512282967567, 0.67364525795, 1.49790930748, 0.84927290678, 0.518889188766, 0.422662168741, 0.309862196445, 0.310579031706, 0.176800265908, 0.213985428214, 0.244001895189, 0.399193376303, 0.302610516548, 0.272136688232, 0.295506834984, 0.121335498989, 0.10631237179, 0.094889447093, 0.0950045883656, 0.0949683263898, 0.0916583389044, 0.0744224861264, 0.0719656869769, 0.0447571203113, 0.0457969792187, 0.0711712241173, 0.0689749717712, 0.05538059026, 0.0322130993009, 0.0182306170464, 0.00700743403286, 0.00120102008805, 0.000582783424761, 0.0002054470242, 3.23233834933e-05],
        "min": [6.51431173537e-06, 1.05695671664e-05, 4.76100431115e-05, 0.000304105080431, 0.00152903725393, 0.0145434131846, 0.00931904930621, 0.0342239327729, 0.0481106266379, 0.0238288175315, 0.00699299201369, 0.00874293316156, 0.0180334877223, 0.0159402117133, 0.0116406921297, 0.0331745781004, 0.0247521158308, 0.0214046631008, 0.0125005664304, 0.00544282887131, 0.00440933043137, 0.0024093252141, 0.00303606735542, 0.00483980821446, 0.00653635617346, 0.00579707836732, 0.00346827995963, 0.00346433394589, 0.00199796701781, 0.00182204484008, 0.00148227298632, 0.00174110138323, 0.00170731707476, 0.00112203788012, 0.000621395127382, 0.000402599602239, 0.000176180677954, 6.88752843416e-05, 1.62764645211e-05, 2.56897828876e-06],
        "var": [1.62462807651e-08, 2.30744672081e-06, 0.00672753434628, 1.09489023685, 3.80065941811, 7.54322290421, 1.870002985, 33.6968002319, 5.11204814911, 1.17912328243, 0.744051396847, 0.704925298691, 0.759153783321, 0.214572817087, 0.0576435774565, 0.677058935165, 1.65641033649, 1195.45727539, 33846.5546875, 230170.765625, 87129.734375, 2724.0324707, 2.38500142097, 0.0795863047242, 2.71798872948, 3.26835989952, 30.207611084, 0.178084433079, 0.0104794437066, 0.168865352869, 1.50788223743, 0.388031721115, 0.022439436987, 0.0100678419694, 0.00695989141241, 0.00118904083502, 1.97631325136e-05, 7.70258282046e-07, 1.65903983884e-08, 4.34208280442e-10]
    },
    "gfcc": {
        "mean": [-156.634063721, 57.1230888367, -97.1030654907, -7.98840665817, -59.1147460938, -11.8870811462, -62.3021278381, -18.4728298187, -23.1596431732, -2.98751807213, -16.9161548615, -13.4900550842, -3.79651141167],
        "cov": [[3456.12329102, -854.544006348, -1616.32983398, 145.692962646, 164.364212036, -16.5956821442, -1050.34411621, -42.8032646179, 569.158630371, 361.10559082, -506.342437744, -308.627532959, 423.970825195], [-854.544006348, 1364.25134277, 1111.59973145, 65.3820724487, -34.8595275879, -19.6826152802, 387.190246582, -323.653594971, -427.195739746, -237.371551514, 224.154052734, -157.066635132, -426.302001953], [-1616.32983398, 1111.59973145, 1364.29492188, 48.2637481689, -149.875213623, 21.8529129028, 610.460205078, -171.646774292, -516.373657227, -289.935882568, 315.584777832, -18.5370693207, -478.744934082], [145.692962646, 65.3820724487, 48.2637481689, 233.766448975, 66.2646789551, -78.166343689, -31.7339038849, 40.4758529663, 25.034614563, -68.5226287842, -51.3251609802, -8.89850139618, 36.8282241821], [164.364212036, -34.8595275879, -149.875213623, 66.2646789551, 152.952575684, -55.1062049866, -120.984832764, 20.1052646637, 117.176368713, 9.09804916382, -95.7376098633, 11.1414356232, 135.543060303], [-16.5956821442, -19.6826152802, 21.8529129028, -78.166343689, -55.1062049866, 127.972984314, 32.7300796509, -44.3571929932, -48.881023407, 36.7760391235, 39.025592804, -41.765953064, -99.2859268188], [-1050.34411621, 387.190246582, 610.460205078, -31.7339038849, -120.984832764, 32.7300796509, 429.039855957, 5.01648807526, -263.176757812, -140.533248901, 211.347595215, 81.3651123047, -224.965042114], [-42.8032646179, -323.653594971, -171.646774292, 40.4758529663, 20.1052646637, -44.3571929932, 5.01648807526, 178.969329834, 96.490852356, 0.361573398113, -42.8129310608, 112.826461792, 132.382843018], [569.158630371, -427.195739746, -516.373657227, 25.034614563, 117.176368713, -48.881023407, -263.176757812, 96.490852356, 265.340393066, 104.452308655, -161.145812988, 21.9273662567, 241.195175171], [361.10559082, -237.371551514, -289.935882568, -68.5226287842, 9.09804916382, 36.7760391235, -140.533248901, 0.361573398113, 104.452308655, 141.795318604, -37.2389450073, -30.9930419922, 44.3967399597], [-506.342437744, 224.154052734, 315.584777832, -51.3251609802, -95.7376098633, 39.025592804, 211.347595215, -42.8129310608, -161.145812988, -37.2389450073, 174.806808472, 23.5708332062, -160.507247925], [-308.627532959, -157.066635132, -18.5370693207, -8.89850139618, 11.1414356232, -41.765953064, 81.3651123047, 112.826461792, 21.9273662567, -30.9930419922, 23.5708332062, 144.610519409, 97.6743621826], [423.970825195, -426.302001953, -478.744934082, 36.8282241821, 135.543060303, -99.2859268188, -224.965042114, 132.382843018, 241.195175171, 44.3967399597, -160.507247925, 97.6743621826, 328.585418701]],
        "icov": [[0.00505875004455, -0.00710171787068, 0.00744658429176, -0.00491669028997, 0.00939240772277, -0.00497204856947, 0.0113622574136, -0.00695156026632, 0.00562331918627, -0.00311172287911, 0.0036052740179, -0.000962726131547, -0.000797248911113], [-0.00710171787068, 0.0191437378526, -0.0135132102296, 0.00763114262372, -0.0204057991505, 0.0139450030401, -0.0212755724788, 0.0195923410356, -0.00710241403431, 0.00772076798603, -0.00698690162972, 0.00946753285825, 0.00157060392667], [0.00744658429176, -0.0135132102296, 0.0182460788637, -0.00785565748811, 0.0129497097805, -0.00673692720011, 0.0141436718404, -0.0113324206322, 0.0119818774983, -0.00222737155855, 0.00652730697766, -0.00453433953226, 0.00323841138743], [-0.00491669028997, 0.00763114262372, -0.00785565748811, 0.0148614365608, -0.0146522372961, 0.00906817335635, -0.00664988905191, -0.0009032113594, -0.00478608114645, 0.0102446340024, -0.00664261449128, 0.00679987156764, 0.00459133833647], [0.00939240772277, -0.0204057991505, 0.0129497097805, -0.0146522372961, 0.0423099659383, -0.0161375440657, 0.0219343937933, -0.0104106375948, -0.00066472432809, -0.0112084895372, 0.0140489712358, -0.0122100906447, -0.00870636384934], [-0.00497204856947, 0.0139450030401, -0.00673692720011, 0.00906817335635, -0.0161375440657, 0.0261433999985, -0.0166501197964, 0.0137193603441, -0.00298264576122, 0.00443007657304, -0.00280619389378, 0.00720972986892, 0.00938188750297], [0.0113622574136, -0.0212755724788, 0.0141436718404, -0.00664988905191, 0.0219343937933, -0.0166501197964, 0.0540191344917, -0.0336131118238, 0.0167838074267, -0.000795218744315, -0.000255419261521, -0.0162119194865, 0.00801828876138], [-0.00695156026632, 0.0195923410356, -0.0113324206322, -0.0009032113594, -0.0104106375948, 0.0137193603441, -0.0336131118238, 0.0499671511352, -0.0196830183268, 0.00365726905875, 0.00516907544807, -0.00910835526884, 0.00246055889875], [0.00562331918627, -0.00710241403431, 0.0119818774983, -0.00478608114645, -0.00066472432809, -0.00298264576122, 0.0167838074267, -0.0196830183268, 0.0454955920577, -0.0138217722997, 0.00664623547345, 0.00633957376704, -0.0098484698683], [-0.00311172287911, 0.00772076798603, -0.00222737155855, 0.0102446340024, -0.0112084895372, 0.00443007657304, -0.000795218744315, 0.00365726905875, -0.0138217722997, 0.0312578231096, -0.0134212570265, 0.00508388876915, 0.0114377252758], [0.0036052740179, -0.00698690162972, 0.00652730697766, -0.00664261449128, 0.0140489712358, -0.00280619389378, -0.000255419261521, 0.00516907544807, 0.00664623547345, -0.0134212570265, 0.0324333384633, -0.0183925628662, 0.00588268367574], [-0.000962726131547, 0.00946753285825, -0.00453433953226, 0.00679987156764, -0.0122100906447, 0.00720972986892, -0.0162119194865, -0.00910835526884, 0.00633957376704, 0.00508388876915, -0.0183925628662, 0.0538271777332, -0.0243832729757], [-0.000797248911113, 0.00157060392667, 0.00323841138743, 0.00459133833647, -0.00870636384934, 0.00938188750297, 0.00801828876138, 0.00246055889875, -0.0098484698683, 0.0114377252758, 0.00588268367574, -0.0243832729757, 0.0370435155928]]
    },
    "melbands": {
        "dmean": [1.05209153389e-06, 9.20214461075e-06, 9.23357511056e-05, 6.25429020147e-05, 2.30208243011e-05, 5.33280981472e-05, 1.5578503735e-05, 6.05322748015e-06, 3.13033115162e-06, 2.17737056118e-06, 2.65085259343e-06, 8.41641053739e-07, 6.00283726726e-07, 7.73375461449e-07, 1.2032264749e-06, 8.35436935631e-07, 1.46127358676e-05, 1.08599770101e-05, 0.000192074701772, 5.39365209988e-05, 5.12228434673e-05, 1.17709860206e-05, 1.05110693482e-07, 9.85477655036e-08, 1.11699144156e-07, 1.56877746349e-07, 4.43960260554e-07, 3.22090670579e-07, 7.16631916475e-07, 1.94115514773e-07, 2.99314777408e-08, 2.01473646655e-08, 2.92218675924e-08, 8.42296046244e-08, 1.91922481463e-07, 1.60343617495e-07, 9.32092021344e-08, 4.41959464581e-08, 4.49303634298e-08, 2.84379133575e-08],
        "dmean2": [1.74522040197e-06, 1.458287079e-05, 0.000136212722282, 9.47710577748e-05, 3.83004953619e-05, 8.99880105862e-05, 2.63952169917e-05, 1.03180900624e-05, 5.26508483745e-06, 3.38484414897e-06, 4.87305760544e-06, 1.41840700962e-06, 1.03974696231e-06, 1.21609025427e-06, 1.89899776615e-06, 1.41310340496e-06, 2.12862669287e-05, 1.33738994919e-05, 0.000283506175037, 7.0495691034e-05, 5.41190383956e-05, 1.25604410641e-05, 1.91413619177e-07, 1.79019977509e-07, 2.00376661041e-07, 2.67777238605e-07, 7.03444300143e-07, 5.08090977291e-07, 8.47207672905e-07, 2.64519144366e-07, 5.37019388958e-08, 3.26073106294e-08, 5.22116927471e-08, 1.63068193615e-07, 3.77760983383e-07, 3.07933987642e-07, 1.76493372805e-07, 8.23618719892e-08, 8.17959460164e-08, 5.12649265261e-08],
        "dvar": [1.25905264946e-12, 1.16450349363e-09, 2.18188720424e-08, 8.97003538114e-09, 1.64696745131e-09, 1.11343192444e-08, 4.23318241571e-10, 4.19611116687e-11, 1.984884479e-11, 1.11018893731e-11, 1.84380462287e-11, 1.47147767061e-12, 4.82912050192e-13, 1.09575445505e-12, 7.14606455607e-12, 1.04979891967e-12, 1.78967540787e-09, 9.58165879972e-10, 3.9379926875e-07, 2.10434478731e-08, 3.27846763071e-08, 1.76908621086e-09, 2.11070581586e-14, 2.16302483872e-14, 6.53969269688e-14, 1.16536473397e-13, 2.36264024837e-12, 8.06288141721e-13, 7.72752521694e-12, 4.40381861836e-13, 3.17875964402e-15, 7.99001308706e-16, 5.65501176092e-15, 1.75768498064e-13, 1.16165974409e-12, 6.742858767e-13, 1.66290050306e-13, 7.59829041862e-15, 1.21971744906e-14, 6.520229235e-15],
        "dvar2": [3.23522632295e-12, 2.87528933995e-09, 4.4815237743e-08, 1.90508178122e-08, 3.69619979068e-09, 2.90347141885e-08, 1.17968268487e-09, 9.92674900613e-11, 5.59560869862e-11, 3.0279542762e-11, 5.23311290135e-11, 3.52891132115e-12, 1.16462449493e-12, 3.35265626025e-12, 1.62369961226e-11, 2.75102228324e-12, 3.6827632055e-09, 1.42481604293e-09, 8.02704107628e-07, 3.59054261878e-08, 4.45878818311e-08, 2.16994200386e-09, 5.44363545126e-14, 6.37058900641e-14, 1.87462905984e-13, 2.5726342172e-13, 3.45891110892e-12, 1.99570286512e-12, 1.08167485385e-11, 7.0654002397e-13, 9.44010172902e-15, 1.96077497026e-15, 1.76858548152e-14, 5.33026151429e-13, 3.49735344851e-12, 2.03563554901e-12, 5.17022405791e-13, 2.51574274108e-14, 4.09950089012e-14, 2.15267409611e-14],
        "max": [7.19791069059e-06, 0.000231419253396, 0.00106426060665, 0.000746723555494, 0.000339210469974, 0.000959315279033, 0.000133585810545, 4.47081365564e-05, 3.71613059542e-05, 2.62895446212e-05, 2.59600783465e-05, 1.01873793028e-05, 4.65005041406e-06, 6.91926516083e-06, 2.27956570598e-05, 5.35175377081e-06, 0.000380674813641, 0.000324027263559, 0.00530516169965, 0.00190015335102, 0.00217044330202, 0.000503052317072, 7.84852147717e-07, 9.12307768886e-07, 1.74508124928e-06, 2.13566272578e-06, 1.40657484735e-05, 9.93585945253e-06, 3.02798107441e-05, 7.23437096894e-06, 4.18765722543e-07, 2.03233938123e-07, 5.48931211597e-07, 2.89385707219e-06, 7.37817072149e-06, 5.64051242691e-06, 2.84538282358e-06, 5.31565433448e-07, 7.12968756034e-07, 5.69125859329e-07],
        "mean": [1.71297517682e-06, 8.23740083433e-06, 0.000120736149256, 0.000121294091514, 4.26535334555e-05, 6.34824755252e-05, 2.55819268205e-05, 1.01605292002e-05, 6.05568084211e-06, 3.81961535822e-06, 3.13503710458e-06, 1.46686647895e-06, 9.76568344413e-07, 1.05461049316e-06, 1.8551205585e-06, 1.17591912385e-06, 2.94926685456e-05, 1.46494394357e-05, 0.000413487985497, 0.000114420225145, 9.55745344982e-05, 1.82437688636e-05, 1.3914220176e-07, 1.09268995629e-07, 1.39066330007e-07, 1.68410892343e-07, 6.3257397187e-07, 4.74733440115e-07, 9.95770960799e-07, 2.81583169226e-07, 5.95118478941e-08, 4.74751580271e-08, 4.80277826398e-08, 7.85882932064e-08, 1.55406695512e-07, 1.46318967609e-07, 1.00190803209e-07, 7.74773880607e-08, 7.47533377421e-08, 4.9768654975e-08],
        "median": [1.09946176963e-06, 5.91305251874e-07, 3.91784233216e-05, 5.22418340552e-05, 2.46315776167e-05, 3.0618513847e-05, 1.17891222544e-05, 5.49263404537e-06, 2.76670834864e-06, 1.98666043616e-06, 1.43784131978e-06, 6.39280301584e-07, 6.05102513873e-07, 5.50857464532e-07, 5.20681624039e-07, 4.55050070514e-07, 3.45612988895e-07, 4.36592102915e-07, 2.8036052413e-07, 1.82099398671e-07, 1.30696037104e-07, 1.01180972933e-07, 6.62105605898e-08, 5.96953810827e-08, 7.44656531992e-08, 6.39675263869e-08, 5.63446995727e-08, 6.10929902223e-08, 4.48785364426e-08, 4.04932585241e-08, 3.95002821563e-08, 2.56075090022e-08, 2.28194458884e-08, 2.37130901581e-08, 3.79034972298e-08, 3.68634829329e-08, 4.00102528886e-08, 4.02776691999e-08, 3.23508899669e-08, 2.34955539469e-08],
        "min": [5.28771444408e-08, 2.00393834859e-08, 7.6403608773e-08, 8.12963548924e-07, 3.84098825634e-07, 7.97170116584e-07, 6.22724940058e-07, 2.09803886264e-07, 4.44688019741e-08, 6.08775323485e-08, 7.72955957018e-08, 6.45733138072e-08, 1.89269506734e-08, 9.09508344193e-08, 6.57536816107e-08, 5.01861059377e-08, 2.93859852007e-08, 1.9820863173e-08, 1.05737418821e-08, 3.37993766308e-09, 5.42914602164e-09, 2.57336885134e-09, 1.83795256792e-09, 2.36319963598e-09, 2.9950992797e-09, 4.02686506362e-09, 4.65128247029e-09, 3.66346020186e-09, 2.13405693117e-09, 1.49684664663e-09, 1.84029524952e-09, 1.15308640414e-09, 8.5120943627e-10, 1.00075792098e-09, 8.56145487838e-10, 7.10574321605e-10, 1.30035948676e-09, 1.17150855683e-09, 1.03084418779e-09, 9.12389497287e-10],
        "var": [2.46381669407e-12, 7.53474060922e-10, 3.38553149959e-08, 2.74950320289e-08, 3.91494658913e-09, 1.35364066622e-08, 9.7067087701e-10, 1.21733609304e-10, 5.59347984597e-11, 2.25073033128e-11, 1.85374337408e-11, 3.66653278919e-12, 9.57863454353e-13, 1.52263076279e-12, 1.49970435376e-11, 1.79332373604e-12, 6.35056185416e-09, 2.10071982032e-09, 1.52104666995e-06, 1.02078473674e-07, 1.2493541135e-07, 5.21398302311e-09, 3.10357073157e-14, 1.77720217828e-14, 4.94552688461e-14, 1.39178897357e-13, 5.01759050975e-12, 1.80961094633e-12, 1.77448281763e-11, 1.01981042968e-12, 4.70174182384e-15, 2.4367786875e-15, 4.81164646633e-15, 9.07752876773e-14, 5.88827706212e-13, 3.46093840435e-13, 9.0357307411e-14, 9.09397950282e-15, 1.18213137846e-14, 5.811078852e-15]
    },
    "mfcc": {
        "mean": [-818.977355957, 115.155487061, 11.8270683289, -0.314857184887, 5.25325298309, -6.9740486145, -19.9473438263, -25.5586280823, -10.3232440948, -2.36150121689, -18.2171497345, -8.33594799042, -3.70369648933],
        "cov": [[3921.31811523, -1306.36633301, -1172.92932129, -323.857818604, 426.423126221, -59.2949714661, -1037.91552734, -612.055969238, 487.974304199, 666.872741699, -573.155151367, -364.531585693, 115.538749695], [-1306.36633301, 1211.08227539, 817.864746094, 265.533905029, -195.476715088, 124.188392639, 500.244476318, 159.935150146, -491.314056396, -227.263565063, 300.10369873, -51.1818466187, -273.521484375], [-1172.92932129, 817.864746094, 791.613098145, 215.979553223, -218.663299561, 78.4098892212, 484.636077881, 191.637954712, -460.371612549, -217.81968689, 339.962341309, 1.17015659809, -291.669158936], [-323.857818604, 265.533905029, 215.979553223, 301.446960449, 52.8873100281, -23.7324333191, 95.1595153809, 100.645294189, -10.3489141464, -94.0428695679, -33.1696166992, 37.9742355347, 16.4180641174], [426.423126221, -195.476715088, -218.663299561, 52.8873100281, 195.258422852, -12.2028617859, -212.242660522, -72.6850509644, 193.149993896, 98.4464950562, -185.055801392, -58.9753684998, 108.992294312], [-59.2949714661, 124.188392639, 78.4098892212, -23.7324333191, -12.2028617859, 84.0349578857, 47.651763916, -28.2584533691, -100.710853577, 24.5641326904, 63.5205993652, -46.2367668152, -73.3439407349], [-1037.91552734, 500.244476318, 484.636077881, 95.1595153809, -212.242660522, 47.651763916, 444.716674805, 210.1587677, -323.809326172, -208.448455811, 294.267547607, 91.2457122803, -157.271224976], [-612.055969238, 159.935150146, 191.637954712, 100.645294189, -72.6850509644, -28.2584533691, 210.1587677, 203.153320312, -47.0339241028, -147.300567627, 76.0355911255, 96.3640060425, 5.99046897888], [487.974304199, -491.314056396, -460.371612549, -10.3489141464, 193.149993896, -100.710853577, -323.809326172, -47.0339241028, 463.169525146, 56.5182189941, -327.574707031, 66.2122039795, 284.205688477], [666.872741699, -227.263565063, -217.81968689, -94.0428695679, 98.4464950562, 24.5641326904, -208.448455811, -147.300567627, 56.5182189941, 206.836914062, -69.0633926392, -139.351257324, -9.55958080292], [-573.155151367, 300.10369873, 339.962341309, -33.1696166992, -185.055801392, 63.5205993652, 294.267547607, 76.0355911255, -327.574707031, -69.0633926392, 361.673675537, 29.7316913605, -245.726547241], [-364.531585693, -51.1818466187, 1.17015659809, 37.9742355347, -58.9753684998, -46.2367668152, 91.2457122803, 96.3640060425, 66.2122039795, -139.351257324, 29.7316913605, 224.907791138, 88.5617599487], [115.538749695, -273.521484375, -291.669158936, 16.4180641174, 108.992294312, -73.3439407349, -157.271224976, 5.99046897888, 284.205688477, -9.55958080292, -245.726547241, 88.5617599487, 300.093414307]],
