{
"lowlevel": {
    "average_loudness": 0.952103674412,
    "barkbands_crest": {
        "dmean": 1.78369450569,
        "dmean2": 2.39987802505,
        "dvar": 3.40254306793,
        "dvar2": 5.42187309265,
        "max": 19.2833843231,
        "mean": 10.6197404861,
        "median": 10.4733219147,
        "min": 2.47584486008,
        "var": 23.384563446
    },
    "barkbands_flatness_db": {
        "dmean": 0.0133996075019,
        "dmean2": 0.0195747092366,
        "dvar": 0.000131291351863,
        "dvar2": 0.00032127922168,
        "max": 0.151859596372,
        "mean": 0.0967437922955,
        "median": 0.0978692322969,
        "min": 0.0455573759973,
        "var": 0.000643484352622
    },
    "barkbands_kurtosis": {
        "dmean": 1.18394398689,
        "dmean2": 1.86451888084,
        "dvar": 3.45653581619,
        "dvar2": 7.66670703888,
        "max": 12.7383117676,
        "mean": 0.876212716103,
        "median": 0.254552125931,
        "min": -1.52261435986,
        "var": 6.91292285919
    },
    "barkbands_skewness": {
        "dmean": 0.421147882938,
        "dmean2": 0.585051119328,
        "dvar": 0.226385429502,
        "dvar2": 0.451284617186,
        "max": 3.44550704956,
        "mean": 1.17296051979,
        "median": 1.27209496498,
        "min": -1.20177555084,
        "var": 0.718332529068
    },
    "barkbands_spread": {
        "dmean": 4.84976387024,
        "dmean2": 7.42012310028,
        "dvar": 33.1208724976,
        "dvar2": 64.5694198608,
        "max": 65.4015731812,
        "mean": 32.3945922852,
        "median": 31.5525550842,
        "min": 9.11034297943,
        "var": 89.5773849487
    },
    "dissonance": {
        "dmean": 0.00765034602955,
        "dmean2": 0.0126946382225,
        "dvar": 0.000112786641694,
        "dvar2": 0.000222855858738,
        "max": 0.498407691717,
        "mean": 0.484413892031,
        "median": 0.487328886986,
        "min": 0.39692440629,
        "var": 0.000134319954668
    },
    "dynamic_complexity": 6.8587884903,
    "erbbands_crest": {
        "dmean": 0.96566927433,
        "dmean2": 1.58189284801,
        "dvar": 0.861312448978,
        "dvar2": 2.01274514198,
        "max": 9.78570842743,
        "mean": 4.97368717194,
        "median": 4.72066450119,
        "min": 2.85525774956,
        "var": 1.65911328793
    },
    "erbbands_flatness_db": {
        "dmean": 0.00822084117681,
        "dmean2": 0.013606056571,
        "dvar": 8.54981408338e-05,
        "dvar2": 0.00022315167007,
        "max": 0.181649580598,
        "mean": 0.132005274296,
        "median": 0.134413585067,
        "min": 0.092472679913,
        "var": 0.000175327251782
    },
    "erbbands_kurtosis": {
        "dmean": 0.466928362846,
        "dmean2": 0.758721888065,
        "dvar": 0.373311311007,
        "dvar2": 1.10001850128,
        "max": 2.77237129211,
        "mean": -0.693955719471,
        "median": -0.903401613235,
        "min": -1.51178145409,
        "var": 0.485169261694
    },
    "erbbands_skewness": {
        "dmean": 0.272339195013,
        "dmean2": 0.413579881191,
        "dvar": 0.0914892181754,
        "dvar2": 0.22034047544,
        "max": 1.58782911301,
        "mean": -0.285161972046,
        "median": -0.364437282085,
        "min": -1.17311406136,
        "var": 0.169680774212
    },
    "erbbands_spread": {
        "dmean": 6.45057582855,
        "dmean2": 10.4945888519,
        "dvar": 43.1052513123,
        "dvar2": 109.047988892,
        "max": 74.8283996582,
        "mean": 53.3724975586,
        "median": 53.9412345886,
        "min": 25.0251941681,
        "var": 124.61000061
    },
    "hfc": {
        "dmean": 4.83755207062,
        "dmean2": 5.07534837723,
        "dvar": 125.054039001,
        "dvar2": 161.843780518,
        "max": 125.473457336,
        "mean": 8.89369869232,
        "median": 1.75563824177,
        "min": 0.0102323126048,
        "var": 386.088562012
    },
    "melbands_crest": {
        "dmean": 2.56902551651,
        "dmean2": 3.6289703846,
        "dvar": 5.36534786224,
        "dvar2": 11.635556221,
        "max": 23.516866684,
        "mean": 15.1866025925,
        "median": 15.1619606018,
        "min": 4.01612091064,
        "var": 29.1812877655
    },
    "melbands_flatness_db": {
        "dmean": 0.0185712389648,
        "dmean2": 0.0237775910646,
        "dvar": 0.000426733749919,
        "dvar2": 0.000723485019989,
        "max": 0.235803037882,
        "mean": 0.137095451355,
        "median": 0.146678194404,
        "min": 0.0382073074579,
        "var": 0.00213956576772
    },
    "melbands_kurtosis": {
        "dmean": 3.39020013809,
        "dmean2": 4.94172048569,
        "dvar": 14.4234771729,
        "dvar2": 27.6649494171,
        "max": 38.4944038391,
        "mean": 8.53092384338,
        "median": 8.12717628479,
        "min": -1.17384684086,
        "var": 50.2225418091
    },
    "melbands_skewness": {
        "dmean": 0.504195332527,
        "dmean2": 0.710527360439,
        "dvar": 0.270870298147,
        "dvar2": 0.546243786812,
        "max": 5.2456703186,
        "mean": 2.6470823288,
        "median": 2.75994992256,
        "min": 0.233153939247,
        "var": 1.08089733124
    },
    "melbands_spread": {
        "dmean": 10.4979972839,
        "dmean2": 14.926774025,
        "dvar": 237.608413696,
        "dvar2": 501.11239624,
        "max": 144.840270996,
        "mean": 36.9723205566,
        "median": 28.8438854218,
        "min": 6.64420127869,
        "var": 534.692749023
    },
    "pitch_salience": {
        "dmean": 0.0587864816189,
        "dmean2": 0.0825890526175,
        "dvar": 0.00286223995499,
        "dvar2": 0.00572643522173,
        "max": 0.831483304501,
        "mean": 0.598216414452,
        "median": 0.625374019146,
        "min": 0.325798630714,
        "var": 0.013906580396
    },
    "silence_rate_20dB": {
        "dmean": 0,
        "dmean2": 0,
        "dvar": 0,
        "dvar2": 0,
        "max": 1,
        "mean": 1,
        "median": 1,
        "min": 1,
        "var": 0
    },
    "silence_rate_30dB": {
        "dmean": 0,
        "dmean2": 0,
        "dvar": 0,
        "dvar2": 0,
        "max": 1,
        "mean": 1,
        "median": 1,
        "min": 1,
        "var": 0
    },
    "silence_rate_60dB": {
        "dmean": 0.10000000149,
        "dmean2": 0.195530727506,
        "dvar": 0.0900001078844,
        "dvar2": 0.168471693993,
        "max": 1,
        "mean": 0.696132600307,
        "median": 1,
        "min": 0,
        "var": 0.211531743407
    },
    "spectral_centroid": {
        "dmean": 299.547119141,
        "dmean2": 407.256988525,
        "dvar": 109879.632812,
        "dvar2": 205360.875,
        "max": 3283.36816406,
        "mean": 1875.03405762,
        "median": 1811.11486816,
        "min": 530.380126953,
        "var": 374042
    },
    "spectral_complexity": {
        "dmean": 3.90555548668,
        "dmean2": 4.83240222931,
        "dvar": 47.5855560303,
        "dvar2": 65.7485122681,
        "max": 58,
        "mean": 9.89502716064,
        "median": 3,
        "min": 0,
        "var": 219.475250244
    },
    "spectral_decrease": {
        "dmean": 6.81346590259e-10,
        "dmean2": 9.64926027969e-10,
        "dvar": 4.81475488865e-18,
        "dvar2": 1.05859563857e-17,
        "max": -2.20971938664e-12,
        "mean": -1.24492960385e-09,
        "median": -3.53085310989e-10,
        "min": -2.02595487053e-08,
        "var": 7.68845354214e-18
    },
    "spectral_energy": {
        "dmean": 0.00282459659502,
        "dmean2": 0.00386703549884,
        "dvar": 7.73220162955e-05,
        "dvar2": 0.000157988179126,
        "max": 0.0835959687829,
        "mean": 0.00550533737987,
        "median": 0.00148915196769,
        "min": 9.26810025703e-06,
        "var": 0.000143902245327
    },
    "spectral_energyband_high": {
        "dmean": 0.000372079230146,
        "dmean2": 0.000420766329626,
        "dvar": 8.16046281216e-07,
        "dvar2": 1.33348930831e-06,
        "max": 0.0102279586717,
        "mean": 0.000638905796222,
        "median": 0.00010775901319,
        "min": 3.57361756187e-07,
        "var": 2.10245048038e-06
    },
    "spectral_energyband_low": {
        "dmean": 0.000685902603436,
        "dmean2": 0.00108609325252,
        "dvar": 6.86034900355e-06,
        "dvar2": 1.55048037414e-05,
        "max": 0.0204706322402,
        "mean": 0.000557611812837,
        "median": 2.87139164357e-06,
        "min": 1.00312860241e-07,
        "var": 6.40502821625e-06
    },
    "spectral_energyband_middle_high": {
        "dmean": 0.000912255898584,
        "dmean2": 0.00104833266232,
        "dvar": 5.27615611645e-06,
        "dvar2": 7.68331028667e-06,
        "max": 0.0240087024868,
        "mean": 0.00162494310644,
        "median": 0.000326329638483,
        "min": 4.8946719744e-07,
        "var": 1.37834367706e-05
    },
    "spectral_energyband_middle_low": {
        "dmean": 0.00203038845211,
        "dmean2": 0.00323052913882,
        "dvar": 4.98215777043e-05,
        "dvar2": 0.000127177438117,
        "max": 0.057993222028,
        "mean": 0.00310687767342,
        "median": 0.000980805954896,
        "min": 8.17191357783e-06,
        "var": 5.35491344635e-05
    },
    "spectral_entropy": {
        "dmean": 0.0794782862067,
        "dmean2": 0.113248288631,
        "dvar": 0.010554629378,
        "dvar2": 0.0171969607472,
        "max": 8.86392116547,
        "mean": 7.99447631836,
        "median": 7.96373748779,
        "min": 7.45556163788,
        "var": 0.0384655036032
    },
    "spectral_flux": {
        "dmean": 0.0118260262534,
        "dmean2": 0.0164575409144,
        "dvar": 0.000633132993244,
        "dvar2": 0.00143270764966,
        "max": 0.216171070933,
        "mean": 0.0324317291379,
        "median": 0.0183779485524,
        "min": 0.00130234041717,
        "var": 0.00153876736294
    },
    "spectral_kurtosis": {
        "dmean": 0.697988927364,
        "dmean2": 1.12362730503,
        "dvar": 0.920637607574,
        "dvar2": 2.15358638763,
        "max": 10.2417583466,
        "mean": 3.63058662415,
        "median": 3.1023812294,
        "min": 0.262991666794,
        "var": 2.87702870369
    },
    "spectral_rms": {
        "dmean": 0.000416012684582,
        "dmean2": 0.000512950122356,
        "dvar": 8.16045712781e-07,
        "dvar2": 1.41522366448e-06,
        "max": 0.00903089437634,
        "mean": 0.00167224300094,
        "median": 0.00120533443987,
        "min": 9.50896865106e-05,
        "var": 2.57466354014e-06
    },
    "spectral_rolloff": {
        "dmean": 653.173706055,
        "dmean2": 914.739990234,
        "dvar": 812066.125,
        "dvar2": 1515910.625,
        "max": 9539.20898438,
        "mean": 2743.16308594,
        "median": 2454.78515625,
        "min": 387.59765625,
        "var": 2436853.25
    },
    "spectral_skewness": {
        "dmean": 0.122310757637,
        "dmean2": 0.201595708728,
        "dvar": 0.0242521762848,
        "dvar2": 0.0564224608243,
        "max": 2.32499289513,
        "mean": 1.34813225269,
        "median": 1.27428102493,
        "min": 0.916813313961,
        "var": 0.0750959441066
    },
    "spectral_spread": {
        "dmean": 461996.75,
        "dmean2": 681164.5625,
        "dvar": 1.44450820506e+12,
        "dvar2": 1.21536787251e+12,
        "max": 23422780,
        "mean": 5081664.5,
        "median": 4829918,
        "min": 2851779.25,
        "var": 2.5735373783e+12
    },
    "spectral_strongpeak": {
        "dmean": 0.0765926390886,
        "dmean2": 0.130103379488,
        "dvar": 0.0178721081465,
        "dvar2": 0.0472852624953,
        "max": 1.05353868008,
        "mean": 0.235239699483,
        "median": 0.217930629849,
        "min": 0.00742669496685,
        "var": 0.0300457235426
    },
    "zerocrossingrate": {
        "dmean": 0.0140923392028,
        "dmean2": 0.0137809878215,
        "dvar": 0.000269682554062,
        "dvar2": 0.000272760225926,
        "max": 0.267578125,
        "mean": 0.0940359532833,
        "median": 0.08203125,
        "min": 0.02099609375,
        "var": 0.00146046758164
    },
    "barkbands": {
        "dmean": [7.53491690375e-07, 1.05372373582e-06, 0.000194987369468, 0.000768096593674, 0.000563625188079, 0.000704983947799, 0.000121115968795, 6.1812941567e-05, 8.52378143463e-05, 8.40907378006e-05, 3.48676294379e-05, 8.91508461791e-05, 7.55178771215e-05, 0.000104768128949, 0.00010909345292, 0.000166655780049, 0.000121083285194, 0.000133172245114, 0.000175130262505, 0.000158916023793, 0.000102302990854, 3.98809388571e-05, 3.87246909668e-05, 5.15856918355e-05, 5.2728184528e-05, 1.64770244737e-05, 9.49826073793e-07],
        "dmean2": [1.21222944927e-06, 1.90593323168e-06, 0.000297755468637, 0.00119805999566, 0.000917842844501, 0.00115112878848, 0.00016854016576, 9.94431902654e-05, 0.000132930188556, 0.000139191484777, 5.51057019038e-05, 0.000143775221659, 0.000121474848129, 0.000170546845766, 0.000168959319126, 0.000291370146442, 0.00019726055325, 0.00017667611246, 0.000232102771406, 0.000216903572436, 0.000141848620842, 5.3497045883e-05, 5.39613101864e-05, 6.43979365123e-05, 5.89809569647e-05, 2.12626127905e-05, 1.29156182993e-06],
        "dvar": [5.21396402615e-13, 1.52394971642e-11, 5.10414395194e-07, 8.33273679746e-06, 3.2682728488e-06, 5.67262941331e-06, 9.69343005863e-08, 2.16474749237e-08, 3.90519758753e-08, 6.84188634636e-08, 7.86453036028e-09, 8.39121696572e-08, 4.16752286014e-08, 7.48439390463e-08, 6.87144279254e-08, 2.72955219316e-07, 8.26150952093e-08, 1.22329737451e-07, 2.04893993327e-07, 2.52679313917e-07, 6.30873060459e-08, 8.96770480097e-09, 8.63334648216e-09, 1.18887797385e-08, 1.69826961383e-08, 2.18154516674e-09, 6.74265157596e-12],
        "dvar2": [1.04711682034e-12, 4.24040039193e-11, 1.08718029423e-06, 1.96988803509e-05, 8.06590742286e-06, 1.63331951626e-05, 1.39366605367e-07, 5.11183060325e-08, 8.26453074865e-08, 1.94612681526e-07, 1.96004243946e-08, 2.20446864319e-07, 8.94556464459e-08, 1.62935535286e-07, 1.17929744192e-07, 6.55907911096e-07, 2.12884557982e-07, 1.77619682518e-07, 3.32810657255e-07, 5.75768808631e-07, 1.12256962836e-07, 1.4752751909e-08, 1.38077096423e-08, 1.77675989477e-08, 2.53730174649e-08, 3.91088850193e-09, 1.5145185453e-11],
        "max": [8.724800864e-06, 3.45384214597e-05, 0.00539518799633, 0.0210336763412, 0.0136045375839, 0.0220834091306, 0.00460466137156, 0.00179310399108, 0.00204745936207, 0.00268727960065, 0.000724708137568, 0.00281122000888, 0.00222159782425, 0.00231459364295, 0.00273295026273, 0.00438322266564, 0.0029387390241, 0.00364899937995, 0.0045855846256, 0.00589552382007, 0.0021678393241, 0.000850418582559, 0.000809099583421, 0.00114578241482, 0.00137429125607, 0.000522632093634, 2.11096230487e-05],
        "mean": [7.22690344901e-07, 8.13045971881e-07, 0.000169031976839, 0.000664938648697, 0.00117640465032, 0.000769006786868, 0.000194412379642, 0.00010606986325, 0.000135617432534, 0.000113152411359, 4.84298907395e-05, 0.000106368737761, 0.000106036706711, 0.000135812573717, 0.00014733907301, 0.00022420262394, 0.000172714484506, 0.000204406984267, 0.000281807326246, 0.000240337962168, 0.000178101821803, 6.85399354552e-05, 6.31117509329e-05, 8.63491804921e-05, 8.68171991897e-05, 2.29738143389e-05, 1.6017412463e-06],
        "median": [4.48370371942e-07, 1.32214978521e-07, 4.61618583358e-07, 5.06642791152e-05, 0.000478625443066, 0.00017335274606, 3.45122534782e-05, 3.15274301101e-05, 2.31433041336e-05, 1.59871942742e-05, 8.81260893948e-06, 1.87790974451e-05, 2.11114675039e-05, 2.55998111243e-05, 2.46776398853e-05, 3.67112043023e-05, 3.71229725715e-05, 3.3695010643e-05, 5.62198692933e-05, 4.09452586609e-05, 2.88488881779e-05, 1.39586591104e-05, 8.6038671725e-06, 1.20201475511e-05, 9.42412407312e-06, 2.29129432228e-06, 4.25907927593e-07],
        "min": [1.1080733664e-08, 9.25352949821e-09, 7.41574046614e-09, 7.80381583354e-07, 4.2548035708e-06, 2.57377678281e-07, 1.02484300157e-07, 4.2334110617e-07, 3.83699010342e-08, 4.26257322772e-08, 4.70505945316e-08, 2.80427112642e-08, 4.51092638798e-08, 1.74643481898e-08, 7.76239019729e-08, 4.6198472603e-08, 7.44428518828e-08, 3.17154018603e-08, 4.00632664821e-08, 2.37213058085e-08, 1.50055630144e-08, 1.38119204962e-08, 1.37943905187e-08, 2.66805866289e-08, 2.9388674605e-08, 2.67305626522e-08, 1.14056888378e-07],
        "var": [9.30070365342e-13, 1.06385117729e-11, 5.30426177647e-07, 7.56075405661e-06, 4.28427938459e-06, 4.66788378617e-06, 2.80837980426e-07, 4.80096069566e-08, 8.35656095433e-08, 8.56421493722e-08, 1.2299389951e-08, 8.65603198008e-08, 6.75697506836e-08, 1.1975778591e-07, 1.39897636586e-07, 3.62143424582e-07, 1.37286221502e-07, 2.62120607886e-07, 4.32628127101e-07, 3.82651307973e-07, 1.51384682567e-07, 2.21530029876e-08, 2.06704502403e-08, 3.64675081244e-08, 4.54546373874e-08, 4.07598133023e-09, 1.02702282442e-11]
    },
    "erbbands": {
        "dmean": [6.18618068984e-05, 0.00200383854099, 0.137392431498, 1.77725231647, 2.08691501617, 1.21834564209, 5.7279458046, 4.76642417908, 1.77209985256, 2.33904886246, 1.05899119377, 2.16048192978, 3.13002991676, 1.44146239758, 1.63680100441, 3.4133708477, 3.49413895607, 6.04586791992, 4.77744865417, 5.31154680252, 9.48365116119, 6.54401302338, 7.06294155121, 8.90122318268, 9.31625938416, 7.99910545349, 4.99321985245, 3.31251215935, 1.6301766634, 1.12407052517, 1.1626573801, 1.06629955769, 0.904905557632, 0.546304941177, 0.392880380154, 0.134881466627, 0.0154521754012, 0.00127688422799, 0.000191532235476, 1.32373725137e-05],
        "dmean2": [8.96085766726e-05, 0.00276521360502, 0.208276957273, 2.80000376701, 3.4706902504, 2.06959724426, 9.90940666199, 7.26177072525, 2.91457867622, 3.02811670303, 1.64354002476, 3.31752967834, 5.04963254929, 2.41034436226, 2.40378069878, 5.39576148987, 5.51514005661, 9.12310409546, 7.95864486694, 7.96739149094, 15.9774665833, 10.5559463501, 8.90969085693, 11.4162731171, 13.5611076355, 12.2176942825, 7.12809276581, 4.43101263046, 2.27033805847, 1.5317530632, 1.58805704117, 1.26097500324, 1.17992460728, 0.646067976952, 0.4645011127, 0.166950643063, 0.0178887918591, 0.00149090075865, 0.000258010841208, 1.69336235558e-05],
        "dvar": [3.76940967328e-08, 4.57830574305e-05, 0.252509653568, 45.1670875549, 59.7458000183, 16.7058086395, 667.915893555, 155.370483398, 27.9479293823, 51.4322662354, 5.60852622986, 26.7363471985, 84.7210769653, 12.9149417877, 13.5371799469, 120.340568542, 88.2405929565, 239.747680664, 168.020339966, 168.335357666, 920.045288086, 229.526229858, 319.895843506, 607.946899414, 663.324890137, 714.48638916, 160.504669189, 67.2403030396, 15.8640775681, 7.56219530106, 7.35033035278, 5.0257062912, 3.98543095589, 1.54683089256, 1.21730911732, 0.135728523135, 0.0017200197326, 9.46938962443e-06, 2.49111621997e-07, 1.06423869717e-09],
        "dvar2": [7.95954022692e-08, 9.29690140765e-05, 0.54639351368, 104.374237061, 148.518875122, 43.378452301, 1816.02380371, 426.251312256, 73.698425293, 83.7441482544, 11.1159229279, 59.2899971008, 228.287200928, 34.4946670532, 23.6696548462, 303.272247314, 181.725082397, 505.227203369, 303.36541748, 332.695922852, 2224.49975586, 496.940460205, 454.637268066, 1173.91992188, 1281.22839355, 1820.94494629, 271.213928223, 131.448791504, 30.2408428192, 13.241648674, 12.2753992081, 7.34626293182, 6.70214557648, 1.95362472534, 2.10365319252, 0.224578499794, 0.0025387974456, 1.31189481181e-05, 5.24325002971e-07, 2.08381201183e-09],
        "max": [0.00145108741708, 0.050432138145, 3.78073692322, 49.2855110168, 69.5232086182, 33.8606262207, 253.368667603, 108.980636597, 54.5590171814, 117.824546814, 23.0326309204, 51.3768959045, 95.69165802, 26.4096279144, 34.5412216187, 111.352661133, 99.1778259277, 133.142410278, 130.808761597, 123.51171875, 246.480255127, 151.086990356, 174.132003784, 263.505065918, 236.503036499, 298.526489258, 135.023422241, 81.1755905151, 37.735458374, 25.1708469391, 24.8224315643, 23.9729175568, 20.2208900452, 13.6039056778, 12.4652175903, 4.03979587555, 0.464917451143, 0.0305713769048, 0.00362129369751, 0.000256673694821],
        "mean": [6.76392228343e-05, 0.00192585680634, 0.119257703424, 1.54912757874, 4.38215255737, 2.09801030159, 5.08561658859, 5.88383483887, 2.77265977859, 4.12564086914, 1.93055045605, 3.18650078773, 4.2939157486, 2.33135604858, 2.59317231178, 4.17678594589, 4.91204071045, 7.53536319733, 7.15735244751, 7.46716022491, 13.0311431885, 10.19465065, 11.11302948, 13.4523181915, 13.8574447632, 11.6313276291, 8.68938541412, 5.58075714111, 2.65057277679, 1.88467085361, 1.82093465328, 1.72185468674, 1.4808858633, 0.978806018829, 0.602095723152, 0.193290144205, 0.0234832018614, 0.00217919098213, 0.000290281052003, 2.64135996986e-05],
        "median": [1.30444341266e-05, 9.34675917961e-05, 0.00243958039209, 0.106202624738, 1.02995204926, 0.860723853111, 0.559201717377, 1.2774938345, 0.877656757832, 0.741225123405, 0.515639960766, 0.523976027966, 0.664665818214, 0.364267557859, 0.505828619003, 0.757927536964, 0.910549759865, 1.36857128143, 1.3133392334, 1.35574126244, 2.22182559967, 2.13991141319, 1.95907449722, 2.6858830452, 2.50699305534, 1.90644288063, 1.40304243565, 0.970440626144, 0.50172573328, 0.295575380325, 0.250973761082, 0.240084439516, 0.208495467901, 0.10773191601, 0.0654510110617, 0.0197614636272, 0.00236729672179, 0.000250419456279, 5.37305968464e-05, 9.47221451497e-06],
        "min": [8.13930057575e-07, 9.24404048419e-06, 3.867743726e-05, 0.00167664024048, 0.0137455891818, 0.0121931750327, 0.00140952004585, 0.00308288331144, 0.00625743484125, 0.00356601527892, 0.0050407294184, 0.00125997525174, 0.00111171544995, 0.00157695927192, 0.00182886677794, 0.00107518117875, 0.00178983283695, 0.00144114042632, 0.00263505917974, 0.00311612663791, 0.00359859969467, 0.00434601260349, 0.0021783108823, 0.00257373438217, 0.00139883952215, 0.00122250930872, 0.000644335057586, 0.000453213200672, 0.000506637850776, 0.000321258994518, 0.000395569106331, 0.000527560361661, 0.000533358659595, 0.000372175360098, 0.000186427365406, 8.56774204294e-05, 4.30335239798e-05, 3.71819187421e-05, 2.07018129004e-05, 1.54204371938e-06],
        "var": [4.39367404681e-08, 5.31875848537e-05, 0.257785379887, 41.6973266602, 76.8829116821, 16.8911781311, 455.087219238, 198.862609863, 36.2582588196, 140.082092285, 14.8540334702, 53.6408615112, 116.606956482, 25.7339172363, 32.6416091919, 130.375152588, 146.502593994, 378.932891846, 342.933410645, 307.74407959, 1229.953125, 469.175933838, 750.346496582, 1063.4642334, 1168.92321777, 918.165893555, 381.63079834, 148.862640381, 34.2602767944, 18.0245723724, 17.2661266327, 14.9760770798, 11.0399208069, 5.04441452026, 2.54640245438, 0.278759330511, 0.00392311392352, 2.7128488e-05, 3.98994046691e-07, 2.08585659855e-09]
    },
    "gfcc": {
        "mean": [-109.690734863, 31.4455471039, -134.022354126, 19.0119018555, -73.8280029297, -17.7250881195, -65.0561676025, -11.0003004074, -44.5493507385, -10.4847650528, -22.6325187683, -13.5643196106, -13.1740884781],
        "cov": [[11926.5878906, -984.03314209, -1027.44787598, 743.303100586, -1146.97875977, 473.576965332, -675.097412109, 543.362060547, -681.61328125, 345.163330078, -508.770751953, 126.212661743, -192.468170166], [-984.03314209, 449.477355957, 170.861312866, -44.5886764526, 138.742950439, -87.5656585693, 91.7266921997, -53.1129493713, 40.8595046997, -24.7142925262, 40.5151329041, -20.4464588165, 30.7989196777], [-1027.44787598, 170.861312866, 316.924163818, -51.1390953064, 194.478820801, 16.4264640808, 71.9856185913, -13.5359783173, 85.3912200928, -26.0105552673, 41.2076263428, -17.5655860901, 3.28274774551], [743.303100586, -44.5886764526, -51.1390953064, 152.369125366, -61.2467575073, 35.4527015686, -76.9673995972, 0.967867195606, -69.7597198486, 21.1210823059, -31.0854892731, 1.65600478649, -14.2441415787], [-1146.97875977, 138.742950439, 194.478820801, -61.2467575073, 266.714111328, 7.53380393982, 102.750663757, -55.8287696838, 69.9397201538, -46.448589325, 40.9264259338, -22.6868400574, 4.90396308899], [473.576965332, -87.5656585693, 16.4264640808, 35.4527015686, 7.53380393982, 100.125907898, -2.25815749168, 50.5415382385, -11.7417449951, 8.04997062683, -23.1066894531, -0.140873298049, -22.740814209], [-675.097412109, 91.7266921997, 71.9856185913, -76.9673995972, 102.750663757, -2.25815749168, 106.157104492, 1.13650667667, 51.844871521, -25.7539958954, 20.5677757263, -12.9840755463, 4.95229768753], [543.362060547, -53.1129493713, -13.5359783173, 0.967867195606, -55.8287696838, 50.5415382385, 1.13650667667, 81.454208374, -1.74087321758, 20.5974063873, -28.4506530762, 4.74659442902, -19.4424819946], [-681.61328125, 40.8595046997, 85.3912200928, -69.7597198486, 69.9397201538, -11.7417449951, 51.844871521, -1.74087321758, 76.5949478149, -12.3654270172, 34.2160682678, -11.240357399, 0.489947766066], [345.163330078, -24.7142925262, -26.0105552673, 21.1210823059, -46.448589325, 8.04997062683, -25.7539958954, 20.5974063873, -12.3654270172, 31.2361526489, -6.53183794022, 6.7421002388, -8.97840499878], [-508.770751953, 40.5151329041, 41.2076263428, -31.0854892731, 40.9264259338, -23.1066894531, 20.5677757263, -28.4506530762, 34.2160682678, -6.53183794022, 44.2370033264, 1.88450491428, 7.33423614502], [126.212661743, -20.4464588165, -17.5655860901, 1.65600478649, -22.6868400574, -0.140873298049, -12.9840755463, 4.74659442902, -11.240357399, 6.7421002388, 1.88450491428, 22.3545303345, 9.10363864899], [-192.468170166, 30.7989196777, 3.28274774551, -14.2441415787, 4.90396308899, -22.740814209, 4.95229768753, -19.4424819946, 0.489947766066, -8.97840499878, 7.33423614502, 9.10363864899, 30.5128746033]],
        "icov": [[0.000823659880552, -0.000373609887902, 0.000982513185591, 9.10547314561e-05, -0.000180002927664, -0.00146352685988, 0.00243315682746, -0.00315907946788, 0.00331399729475, -0.0022814203985, 0.00216728588566, -0.000553668418434, 0.000959444907494], [-0.000373609887902, 0.0059363078326, -0.0035896373447, -0.00218817126006, -0.00114961958025, 0.00809957459569, -0.00619482342154, -0.00244179391302, 0.00462480448186, -0.00163150730077, -0.00464626634493, 0.00570804765448, -0.00445364043117], [0.000982513185591, -0.0035896373447, 0.0106333540753, -0.000396639399696, -0.00627097906545, -0.00498610408977, 0.00922186113894, -0.00802886486053, -0.00389241543598, -0.00106808787677, 0.0012229620479, -0.00109098840039, -0.00104949052911], [9.10547314561e-05, -0.00218817126006, -0.000396639399696, 0.0181672796607, 0.000475126435049, -0.00861342903227, 0.0094290189445, 0.00475833751261, 0.0113011179492, -0.00378549983725, -0.000171092498931, 0.00626054545864, 0.00319033837877], [-0.000180002927664, -0.00114961958025, -0.00627097906545, 0.000475126435049, 0.0184742473066, -0.00968803092837, -0.0124283581972, 0.022624026984, -0.00732099777088, 0.00308530824259, 0.00838098023087, -0.00701868440956, 0.0082698520273], [-0.00146352685988, 0.00809957459569, -0.00498610408977, -0.00861342903227, -0.00968803092837, 0.0362147092819, -0.00712697999552, -0.0213917903602, 0.00664565945044, 0.0069566196762, -0.0123070152476, 0.00619062641636, -0.00176671089139], [0.00243315682746, -0.00619482342154, 0.00922186113894, 0.0094290189445, -0.0124283581972, -0.00712697999552, 0.0421078130603, -0.0262893103063, 0.00716349668801, 0.00503016868606, -0.00174462376162, 0.00774076813832, -0.00241442886181], [-0.00315907946788, -0.00244179391302, -0.00802886486053, 0.00475833751261, 0.022624026984, -0.0213917903602, -0.0262893103063, 0.0789255052805, -0.0388143435121, -0.00821502227336, 0.0344784371555, -0.0278780721128, 0.0188373532146], [0.00331399729475, 0.00462480448186, -0.00389241543598, 0.0113011179492, -0.00732099777088, 0.00664565945044, 0.00716349668801, -0.0388143435121, 0.073923535645, -0.010075494647, -0.0320021659136, 0.030986353755, -0.00353943859227], [-0.0022814203985, -0.00163150730077, -0.00106808787677, -0.00378549983725, 0.00308530824259, 0.0069566196762, 0.00503016868606, -0.00821502227336, -0.010075494647, 0.0679252147675, -0.0169007796794, -0.0101300850511, 0.0114752240479], [0.00216728588566, -0.00464626634493, 0.0012229620479, -0.000171092498931, 0.00838098023087, -0.0123070152476, -0.00174462376162, 0.0344784371555, -0.0320021659136, -0.0169007796794, 0.0802941843867, -0.0406093709171, 0.0182391982526], [-0.000553668418434, 0.00570804765448, -0.00109098840039, 0.00626054545864, -0.00701868440956, 0.00619062641636, 0.00774076813832, -0.0278780721128, 0.030986353755, -0.0101300850511, -0.0406093709171, 0.0939438417554, -0.0412379279733], [0.000959444907494, -0.00445364043117, -0.00104949052911, 0.00319033837877, 0.0082698520273, -0.00176671089139, -0.00241442886181, 0.0188373532146, -0.00353943859227, 0.0114752240479, 0.0182391982526, -0.0412379279733, 0.0660244971514]]
    },
    "melbands": {
        "dmean": [2.38769672478e-07, 4.43963690486e-05, 0.00030487641925, 0.000118098127132, 0.000158163355081, 0.000110502136522, 2.84393918264e-05, 2.25402800424e-05, 8.51673303259e-06, 1.36954076879e-05, 1.58669754455e-05, 5.93489039602e-06, 5.03881756231e-06, 7.85061911301e-06, 1.02880549093e-05, 8.02985960036e-06, 1.18017505883e-05, 7.14068755769e-06, 8.87259921001e-06, 9.61782643571e-06, 1.13258693091e-05, 7.32701164452e-06, 5.70556812818e-06, 6.87432748236e-06, 7.54721304475e-06, 7.58649048294e-06, 5.65412801734e-06, 5.96166682953e-06, 3.29141403199e-06, 2.55283839579e-06, 1.78335301371e-06, 1.01460022961e-06, 7.39239453651e-07, 6.03359637807e-07, 6.94409720836e-07, 7.29608132133e-07, 6.14957116341e-07, 6.31924137906e-07, 6.0084028064e-07, 4.20579937099e-07],
        "dmean2": [4.16232865064e-07, 6.69343862683e-05, 0.000469212885946, 0.000203102114028, 0.000271753320703, 0.000173482767423, 4.52522617707e-05, 2.99929597531e-05, 1.4035361346e-05, 2.08195760933e-05, 2.60277738562e-05, 1.02169724414e-05, 7.27756741981e-06, 1.22660585475e-05, 1.72821619344e-05, 1.17017771117e-05, 1.82553267223e-05, 1.16756527859e-05, 1.40167439895e-05, 1.61172629305e-05, 1.83279607882e-05, 1.19084224934e-05, 8.54322661326e-06, 9.04598982743e-06, 1.02182821138e-05, 1.05305744e-05, 8.27646545076e-06, 9.84630332823e-06, 4.76002151117e-06, 3.36985567628e-06, 2.61694481196e-06, 1.42417638926e-06, 1.12087036541e-06, 8.4542074319e-07, 9.39474546158e-07, 9.71858412413e-07, 7.25093912024e-07, 8.50955814258e-07, 7.54606219289e-07, 5.23871733549e-07],
        "dvar": [4.98801683551e-13, 2.58679033749e-08, 1.26144186652e-06, 1.59811094136e-07, 4.89988792651e-07, 9.19108558151e-08, 6.51182352485e-09, 4.75593031624e-09, 3.99385774452e-10, 9.7771857277e-10, 2.22115525972e-09, 2.17889387089e-10, 1.36501601689e-10, 4.39559305621e-10, 1.08318509717e-09, 4.00618954677e-10, 9.30146404343e-10, 3.5508718188e-10, 4.46797682185e-10, 6.8105393547e-10, 1.39953126865e-09, 2.46275638771e-10, 2.14406464805e-10, 3.59779511738e-10, 4.44236286645e-10, 3.80221770735e-10, 2.72042943728e-10, 4.54246973369e-10, 6.66291882778e-11, 3.49399884025e-11, 2.07609467812e-11, 5.96863530822e-12, 3.92316214237e-12, 2.13137363661e-12, 2.6939505314e-12, 2.67609784159e-12, 1.62761948017e-12, 1.99926121665e-12, 1.74728482551e-12, 9.75090342671e-13],
        "dvar2": [1.27734086329e-12, 5.46076250885e-08, 2.98234431284e-06, 4.01467843858e-07, 1.32065508751e-06, 2.61704030891e-07, 1.61978999103e-08, 8.22849166582e-09, 8.34765367941e-10, 2.03309791225e-09, 6.02848571063e-09, 5.85031967315e-10, 2.76968892265e-10, 1.00368446887e-09, 2.85764945041e-09, 7.90439880216e-10, 1.9867716361e-09, 7.11687875299e-10, 8.71739735953e-10, 1.60987490005e-09, 3.51122264597e-09, 5.52304368906e-10, 4.01748606604e-10, 5.70917479958e-10, 9.34563426647e-10, 7.31868843307e-10, 5.19398246634e-10, 1.30406774268e-09, 1.19402668308e-10, 5.57348819874e-11, 4.52425492903e-11, 1.24138624727e-11, 8.6980995323e-12, 3.37788976477e-12, 4.69022477106e-12, 4.74597574782e-12, 2.36826357136e-12, 3.27735386572e-12, 2.85097032787e-12, 1.15030456948e-12],
        "max": [5.99936856815e-06, 0.00121027522255, 0.00846866890788, 0.00358252204023, 0.00689334236085, 0.002269113902, 0.000802466296591, 0.00112663162872, 0.00018659325724, 0.000335308315698, 0.000486948440084, 0.000114548667625, 0.000107259853394, 0.000175842884346, 0.000317610189086, 0.000205440970603, 0.000261442619376, 0.000210903162952, 0.000191321931197, 0.000226756397751, 0.000312719406793, 0.000150776526425, 0.00016205299471, 0.000208926241612, 0.000221309630433, 0.000180561648449, 0.000159477567649, 0.000220581059693, 8.00430570962e-05, 5.4457315855e-05, 4.1652310756e-05, 2.346027577e-05, 2.01760303753e-05, 1.32370823849e-05, 1.62191681738e-05, 1.58045932039e-05, 1.40097045005e-05, 1.43247116284e-05, 1.5356376025e-05, 9.64285118243e-06],
        "mean": [2.25267669407e-07, 3.87973559555e-05, 0.000337368022883, 0.00025936064776, 0.000141088356031, 0.000130645028548, 4.65353805339e-05, 4.13492416556e-05, 1.48598110172e-05, 2.06645090657e-05, 2.11290280276e-05, 9.34057970881e-06, 7.62179161029e-06, 1.05893823275e-05, 1.11965173346e-05, 1.14556496555e-05, 1.40406154969e-05, 1.01133109638e-05, 1.15512011689e-05, 1.23715963127e-05, 1.5206268472e-05, 1.07556279545e-05, 9.22031176742e-06, 1.02064286693e-05, 1.08669828478e-05, 1.0789956832e-05, 8.47649243951e-06, 7.65660115576e-06, 5.60163061891e-06, 4.20931701228e-06, 2.85968030767e-06, 1.53245082402e-06, 1.13338387564e-06, 1.00525915059e-06, 1.0389437648e-06, 1.07227299395e-06, 1.01880084458e-06, 1.04305627247e-06, 9.48015042468e-07, 7.84043777458e-07],
        "median": [7.92139829286e-08, 1.34299369847e-07, 6.68109714752e-05, 6.23738815193e-05, 1.44093100971e-05, 3.14467906719e-05, 1.3869376744e-05, 8.2646147348e-06, 3.80388087251e-06, 3.45365720023e-06, 3.08184030473e-06, 1.46750903696e-06, 1.3846024558e-06, 1.75665047664e-06, 1.93307528207e-06, 2.29646889238e-06, 2.49504796557e-06, 1.92704192159e-06, 1.82549297278e-06, 2.2276431082e-06, 2.53234475167e-06, 2.22526227844e-06, 1.8511154849e-06, 1.58567661401e-06, 2.15422892325e-06, 1.88757474007e-06, 1.5541971834e-06, 1.27763314595e-06, 9.39661561006e-07, 6.66163430196e-07, 4.6246822194e-07, 2.74711794646e-07, 1.89669478345e-07, 1.58197607902e-07, 1.58116449711e-07, 1.33296751414e-07, 1.42931128266e-07, 1.52788885543e-07, 1.16309330167e-07, 8.26139796573e-08],
        "min": [6.6708927271e-09, 3.62751761962e-09, 6.30481508779e-07, 1.11516533252e-06, 3.00501845629e-08, 5.9094190874e-08, 1.00646275314e-07, 3.04072251822e-08, 3.5445875568e-08, 6.35236840907e-09, 5.63802693421e-09, 6.10996853112e-09, 6.56780319019e-09, 3.75840425448e-09, 1.48803858124e-09, 5.09025932516e-09, 2.28831686933e-09, 2.95257684968e-09, 6.96996682592e-09, 2.9846887184e-09, 4.76775996461e-09, 4.38925384927e-09, 2.70658162549e-09, 1.58174695564e-09, 2.04374361878e-09, 1.18171061825e-09, 7.85206732967e-10, 6.49803599817e-10, 3.42528644337e-10, 3.17079307255e-10, 2.49864268165e-10, 3.03603447938e-10, 2.00539598816e-10, 1.41684400323e-10, 1.77615644414e-10, 2.80183404255e-10, 2.81914602773e-10, 3.44718503742e-10, 3.59732132971e-10, 2.9625524256e-10],
        "var": [4.83040094468e-13, 2.7360645305e-08, 1.22429298699e-06, 2.15833324546e-07, 3.40513679475e-07, 1.01265008823e-07, 1.01921697748e-08, 1.27924151272e-08, 9.22589171726e-10, 2.17677520453e-09, 2.91215340731e-09, 4.17122614227e-10, 2.85984902426e-10, 6.70333344388e-10, 1.04724906524e-09, 7.41020134143e-10, 1.39035261082e-09, 6.9326155927e-10, 8.12063749578e-10, 9.69396229955e-10, 1.73369218981e-09, 4.95740337669e-10, 4.64669303035e-10, 7.12253922508e-10, 7.02788494067e-10, 6.72662037182e-10, 4.83854456501e-10, 4.46495396211e-10, 1.5842621659e-10, 8.50195955304e-11, 3.98985323946e-11, 1.18315990685e-11, 6.80384221186e-12, 5.32341098286e-12, 5.95719871002e-12, 6.06244525067e-12, 5.09107556459e-12, 5.54316011495e-12, 4.74660762084e-12, 3.23325892969e-12]
    },
    "mfcc": {
        "mean": [-748.70690918, 68.8778076172, -19.1554679871, 14.9735145569, -5.66723489761, -18.8682727814, -15.4048118591, -22.8572444916, -20.2473735809, -15.1734542847, -17.6519584656, -12.6041698456, -14.6465759277],
        "cov": [[12833.4736328, -1614.53625488, -381.355285645, -132.615432739, -528.695800781, -427.320098877, -165.687255859, -334.074432373, -123.312217712, -256.64666748, -308.655212402, -237.840316772, -293.501495361], [-1614.53625488, 554.816101074, 96.3570861816, 67.5489654541, 64.3684387207, 48.5495452881, 59.3798217773, 50.6773910522, 51.296672821, 36.4983444214, 47.768989563, 34.3465499878, 23.6435108185], [-381.355285645, 96.3570861816, 171.854476929, 9.38031673431, 55.9222106934, 24.4916496277, 6.53530693054, 37.0912742615, 27.3631706238, 34.0134811401, 33.5264015198, 21.9302425385, 9.55161762238], [-132.615432739, 67.5489654541, 9.38031673431, 77.1573257446, 9.29445075989, 10.1574745178, -2.6850438118, -28.2911243439, -14.7303104401, -18.3634185791, -8.17360782623, -4.59656858444, -5.38934373856], [-528.695800781, 64.3684387207, 55.9222106934, 9.29445075989, 118.965568542, 65.2941589355, 28.6473331451, 34.6530265808, 9.23520755768, 28.3851833344, 19.7833328247, 8.36639976501, 7.50463914871], [-427.320098877, 48.5495452881, 24.4916496277, 10.1574745178, 65.2941589355, 62.7889060974, 35.0757064819, 25.4825458527, 9.81476688385, 13.5054922104, 13.6888751984, 8.93812656403, 7.87493562698], [-165.687255859, 59.3798217773, 6.53530693054, -2.6850438118, 28.6473331451, 35.0757064819, 54.0010757446, 38.8486289978, 25.7249774933, 16.1115264893, 14.4217262268, 7.92524194717, 1.40834784508], [-334.074432373, 50.6773910522, 37.0912742615, -28.2911243439, 34.6530265808, 25.4825458527, 38.8486289978, 72.7361602783, 42.0596504211, 37.150932312, 29.8385314941, 17.8564186096, 12.633055687], [-123.312217712, 51.296672821, 27.3631706238, -14.7303104401, 9.23520755768, 9.81476688385, 25.7249774933, 42.0596504211, 54.5020561218, 26.6102085114, 22.0450992584, 10.3050508499, 4.45546245575], [-256.64666748, 36.4983444214, 34.0134811401, -18.3634185791, 28.3851833344, 13.5054922104, 16.1115264893, 37.150932312, 26.6102085114, 48.4512329102, 32.6493301392, 15.2977161407, 7.44999504089], [-308.655212402, 47.768989563, 33.5264015198, -8.17360782623, 19.7833328247, 13.6888751984, 14.4217262268, 29.8385314941, 22.0450992584, 32.6493301392, 48.8057022095, 25.005405426, 12.5343599319], [-237.840316772, 34.3465499878, 21.9302425385, -4.59656858444, 8.36639976501, 8.93812656403, 7.92524194717, 17.8564186096, 10.3050508499, 15.2977161407, 25.005405426, 33.2291030884, 17.2933444977], [-293.501495361, 23.6435108185, 9.55161762238, -5.38934373856, 7.50463914871, 7.87493562698, 1.40834784508, 12.633055687, 4.45546245575, 7.44999504089, 12.5343599319, 17.2933444977, 27.9681835175]],
