{
"lowlevel": {
    "average_loudness": 0.946256399155,
    "barkbands_crest": {
        "dmean": 1.88095581532,
        "dmean2": 3.18698716164,
        "dvar": 3.22355604172,
        "dvar2": 8.81912612915,
        "max": 16.2109031677,
        "mean": 5.52218770981,
        "median": 5.0404214859,
        "min": 2.2617521286,
        "var": 4.94374132156
    },
    "barkbands_flatness_db": {
        "dmean": 0.0171166714281,
        "dmean2": 0.0290446355939,
        "dvar": 0.000369740824681,
        "dvar2": 0.00099594402127,
        "max": 0.187353625894,
        "mean": 0.0604411885142,
        "median": 0.055974803865,
        "min": 0.0270959548652,
        "var": 0.000463097239845
    },
    "barkbands_kurtosis": {
        "dmean": 1.18036460876,
        "dmean2": 2.03701591492,
        "dvar": 4.68164396286,
        "dvar2": 12.6549949646,
        "max": 17.4226093292,
        "mean": -0.0559247620404,
        "median": -0.758523821831,
        "min": -1.66034531593,
        "var": 4.24422740936
    },
    "barkbands_skewness": {
        "dmean": 0.510046720505,
        "dmean2": 0.826535701752,
        "dvar": 0.32131177187,
        "dvar2": 0.761100590229,
        "max": 2.12532567978,
        "mean": 0.146553382277,
        "median": 0.312094032764,
        "min": -3.27658653259,
        "var": 0.838140964508
    },
    "barkbands_spread": {
        "dmean": 6.85710477829,
        "dmean2": 11.4176864624,
        "dvar": 55.0559692383,
        "dvar2": 147.158935547,
        "max": 61.4652328491,
        "mean": 33.7889060974,
        "median": 33.7057418823,
        "min": 6.47570133209,
        "var": 90.1685714722
    },
    "dissonance": {
        "dmean": 0.00707529531792,
        "dmean2": 0.0122976601124,
        "dvar": 4.73318032164e-05,
        "dvar2": 0.000130494910991,
        "max": 0.499935090542,
        "mean": 0.489689022303,
        "median": 0.491964459419,
        "min": 0.451768934727,
        "var": 6.21142389718e-05
    },
    "dynamic_complexity": 5.75645208359,
    "erbbands_crest": {
        "dmean": 1.3398399353,
        "dmean2": 2.27403998375,
        "dvar": 1.63240492344,
        "dvar2": 4.77007198334,
        "max": 12.4010314941,
        "mean": 4.93180990219,
        "median": 4.53467750549,
        "min": 2.62511277199,
        "var": 2.46557331085
    },
    "erbbands_flatness_db": {
        "dmean": 0.0149495285004,
        "dmean2": 0.0244904141873,
        "dvar": 0.000302146276226,
        "dvar2": 0.00081993767526,
        "max": 0.244779884815,
        "mean": 0.137642323971,
        "median": 0.133558556437,
        "min": 0.0924602001905,
        "var": 0.000479266775073
    },
    "erbbands_kurtosis": {
        "dmean": 0.749619960785,
        "dmean2": 1.25650620461,
        "dvar": 0.911863327026,
        "dvar2": 2.07817482948,
        "max": 5.09005832672,
        "mean": -0.0731760412455,
        "median": -0.60370349884,
        "min": -1.51373898983,
        "var": 1.68410682678
    },
    "erbbands_skewness": {
        "dmean": 0.321611821651,
        "dmean2": 0.532279491425,
        "dvar": 0.0989952087402,
        "dvar2": 0.23985683918,
        "max": 1.16642260551,
        "mean": -0.406722575426,
        "median": -0.365983426571,
        "min": -1.74826347828,
        "var": 0.274342656136
    },
    "erbbands_spread": {
        "dmean": 7.50356197357,
        "dmean2": 12.4467763901,
        "dvar": 59.3679656982,
        "dvar2": 153.266067505,
        "max": 90.0643997192,
        "mean": 38.5515289307,
        "median": 39.4572601318,
        "min": 12.8939065933,
        "var": 115.410438538
    },
    "hfc": {
        "dmean": 30.0917129517,
        "dmean2": 51.7636299133,
        "dvar": 9759.24804688,
        "dvar2": 24569.7011719,
        "max": 1008.20532227,
        "mean": 27.7364444733,
        "median": 3.76989102364,
        "min": 0.346464365721,
        "var": 8165.15625
    },
    "melbands_crest": {
        "dmean": 2.62016153336,
        "dmean2": 4.5436797142,
        "dvar": 4.85083818436,
        "dvar2": 13.5076532364,
        "max": 18.8440208435,
        "mean": 7.91299009323,
        "median": 7.49183082581,
        "min": 2.57242655754,
        "var": 9.38611602783
    },
    "melbands_flatness_db": {
        "dmean": 0.0177173614502,
        "dmean2": 0.029175247997,
        "dvar": 0.000262188346824,
        "dvar2": 0.000643815787043,
        "max": 0.169565677643,
        "mean": 0.0806631594896,
        "median": 0.0814212560654,
        "min": 0.0167752485722,
        "var": 0.00111535191536
    },
    "melbands_kurtosis": {
        "dmean": 1.69481515884,
        "dmean2": 2.9314057827,
        "dvar": 3.91816949844,
        "dvar2": 10.2680234909,
        "max": 16.3677635193,
        "mean": 1.84203767776,
        "median": 1.25108957291,
        "min": -1.61391067505,
        "var": 7.82738113403
    },
    "melbands_skewness": {
        "dmean": 0.538549602032,
        "dmean2": 0.886181712151,
        "dvar": 0.28685131669,
        "dvar2": 0.701693415642,
        "max": 3.80368065834,
        "mean": 1.26306653023,
        "median": 1.37246441841,
        "min": -1.66685807705,
        "var": 0.743821978569
    },
    "melbands_spread": {
        "dmean": 17.4137153625,
        "dmean2": 28.1889591217,
        "dvar": 521.87097168,
        "dvar2": 1319.6739502,
        "max": 179.818145752,
        "mean": 59.2124633789,
        "median": 49.3800430298,
        "min": 13.0695466995,
        "var": 1072.32751465
    },
    "pitch_salience": {
        "dmean": 0.0533369332552,
        "dmean2": 0.0917497202754,
        "dvar": 0.00233090762049,
        "dvar2": 0.00661318330094,
        "max": 0.916251957417,
        "mean": 0.747980952263,
        "median": 0.752500772476,
        "min": 0.407763183117,
        "var": 0.00341140409
    },
    "silence_rate_20dB": {
        "dmean": 0,
        "dmean2": 0,
        "dvar": 0,
        "dvar2": 0,
        "max": 1,
        "mean": 1,
        "median": 1,
        "min": 1,
        "var": 0
    },
    "silence_rate_30dB": {
        "dmean": 0,
        "dmean2": 0,
        "dvar": 0,
        "dvar2": 0,
        "max": 1,
        "mean": 1,
        "median": 1,
        "min": 1,
        "var": 0
    },
    "silence_rate_60dB": {
        "dmean": 0.113821141422,
        "dmean2": 0.228260874748,
        "dvar": 0.100865654647,
        "dvar2": 0.197896108031,
        "max": 1,
        "mean": 0.60270267725,
        "median": 1,
        "min": 0,
        "var": 0.23945197463
    },
    "spectral_centroid": {
        "dmean": 353.432128906,
        "dmean2": 572.639709473,
        "dvar": 157747.703125,
        "dvar2": 337440.40625,
        "max": 4605.140625,
        "mean": 2539.796875,
        "median": 2409.88720703,
        "min": 1092.18859863,
        "var": 541076.6875
    },
    "spectral_complexity": {
        "dmean": 4.72357702255,
        "dmean2": 6.89673900604,
        "dvar": 35.013053894,
        "dvar2": 58.9567337036,
        "max": 69,
        "mean": 13.8891887665,
        "median": 7,
        "min": 0,
        "var": 223.628448486
    },
    "spectral_decrease": {
        "dmean": 6.77924716364e-10,
        "dmean2": 1.02783326295e-09,
        "dvar": 2.43422338431e-18,
        "dvar2": 5.79624108139e-18,
        "max": -6.4674508804e-11,
        "mean": -1.10963604971e-09,
        "median": -4.47742842802e-10,
        "min": -1.92418401213e-08,
        "var": 3.62625144477e-18
    },
    "spectral_energy": {
        "dmean": 0.00526781613007,
        "dmean2": 0.00848858430982,
        "dvar": 0.00019653752679,
        "dvar2": 0.000489281315822,
        "max": 0.137152925134,
        "mean": 0.00670380610973,
        "median": 0.00205550855026,
        "min": 0.000276186270639,
        "var": 0.000202353214263
    },
    "spectral_energyband_high": {
        "dmean": 0.00354748684913,
        "dmean2": 0.00605944916606,
        "dvar": 0.0001469473209,
        "dvar2": 0.00037684108247,
        "max": 0.125223875046,
        "mean": 0.00298275519162,
        "median": 0.000250906770816,
        "min": 7.95496907813e-06,
        "var": 0.000118513860798
    },
    "spectral_energyband_low": {
        "dmean": 5.39873144589e-05,
        "dmean2": 8.2916849351e-05,
        "dvar": 2.33124612947e-08,
        "dvar2": 4.49112356193e-08,
        "max": 0.00336555368267,
        "mean": 7.85327865742e-05,
        "median": 2.83241570287e-05,
        "min": 1.44736566199e-06,
        "var": 5.49480958512e-08
    },
    "spectral_energyband_middle_high": {
        "dmean": 0.0012859585695,
        "dmean2": 0.00194892834406,
        "dvar": 9.32584316615e-06,
        "dvar2": 2.29936231335e-05,
        "max": 0.032063331455,
        "mean": 0.00216087512672,
        "median": 0.000710641383193,
        "min": 6.14141245023e-05,
        "var": 1.42596236401e-05
    },
    "spectral_energyband_middle_low": {
        "dmean": 0.000748993421439,
        "dmean2": 0.00112177873962,
        "dvar": 8.00380803412e-06,
        "dvar2": 1.84103191714e-05,
        "max": 0.0517617985606,
        "mean": 0.00153359770775,
        "median": 0.000838572974317,
        "min": 0.000135146736284,
        "var": 1.06410752778e-05
    },
    "spectral_entropy": {
        "dmean": 0.0974511727691,
        "dmean2": 0.158160164952,
        "dvar": 0.0114983916283,
        "dvar2": 0.0289469361305,
        "max": 8.66310214996,
        "mean": 8.11663818359,
        "median": 8.09200572968,
        "min": 7.71172237396,
        "var": 0.0342541858554
    },
    "spectral_flux": {
        "dmean": 0.0173109248281,
        "dmean2": 0.026789162308,
        "dvar": 0.00119562342297,
        "dvar2": 0.00228886073455,
        "max": 0.300627291203,
        "mean": 0.0489972233772,
        "median": 0.0314528308809,
        "min": 0.00987977907062,
        "var": 0.00228721601889
    },
    "spectral_kurtosis": {
        "dmean": 0.877111434937,
        "dmean2": 1.42232596874,
        "dvar": 0.875619113445,
        "dvar2": 2.12254786491,
        "max": 9.78775405884,
        "mean": 3.77131009102,
        "median": 3.75962400436,
        "min": 0.040545463562,
        "var": 3.08241200447
    },
    "spectral_rms": {
        "dmean": 0.000663397251628,
        "dmean2": 0.00101721915416,
        "dvar": 1.51138760884e-06,
        "dvar2": 3.70375755665e-06,
        "max": 0.0115675292909,
        "mean": 0.0019812497776,
        "median": 0.00141610845458,
        "min": 0.000519085733686,
        "var": 2.6149475616e-06
    },
    "spectral_rolloff": {
        "dmean": 1013.46105957,
        "dmean2": 1602.41027832,
        "dvar": 2062843.5,
        "dvar2": 4877459,
        "max": 10809.6679688,
        "mean": 4185.23974609,
        "median": 3509.91210938,
        "min": 882.861328125,
        "var": 4726582.5
    },
    "spectral_skewness": {
        "dmean": 0.147562548518,
        "dmean2": 0.24638620019,
        "dvar": 0.0300305373967,
        "dvar2": 0.0749290734529,
        "max": 2.34043884277,
        "mean": 1.29662263393,
        "median": 1.31848466396,
        "min": 0.627069890499,
        "var": 0.0748844891787
    },
    "spectral_spread": {
        "dmean": 568360.5625,
        "dmean2": 943099.3125,
        "dvar": 488787148800,
        "dvar2": 1.28438213018e+12,
        "max": 8711056,
        "mean": 4767621,
        "median": 4468785,
        "min": 2387281.25,
        "var": 1.03353516032e+12
    },
    "spectral_strongpeak": {
        "dmean": 0.473888933659,
        "dmean2": 0.829220890999,
        "dvar": 1.72398662567,
        "dvar2": 4.5318236351,
        "max": 11.9701528549,
        "mean": 0.451810389757,
        "median": 0.150924474001,
        "min": 0,
        "var": 1.33024954796
    },
    "zerocrossingrate": {
        "dmean": 0.0161622408777,
        "dmean2": 0.0177652109414,
        "dvar": 0.000256850617006,
        "dvar2": 0.000316547724651,
        "max": 0.28515625,
        "mean": 0.131021693349,
        "median": 0.118896484375,
        "min": 0.05615234375,
        "var": 0.00190626573749
    },
    "barkbands": {
        "dmean": [4.018634354e-05, 3.22439859701e-06, 2.49164240813e-05, 5.67493043491e-05, 0.000199271831661, 0.000433730980149, 0.000135844296892, 0.00010073940939, 0.000115076669317, 6.75708215567e-05, 4.23274068453e-05, 9.12545292522e-05, 7.75082298787e-05, 8.96757555893e-05, 9.32688926696e-05, 0.000180176459253, 0.000178622984095, 0.000234048595303, 0.000359221769031, 0.000572399934754, 0.00046685631969, 0.000450582389021, 0.000634016178083, 0.00100920908153, 0.000711191212758, 0.000111932808068, 1.11047884275e-05],
        "dmean2": [7.120911323e-05, 5.6102594499e-06, 4.19068237534e-05, 8.26874165796e-05, 0.000293513585348, 0.000684561789967, 0.000213583523873, 0.000172505970113, 0.000185695287655, 0.000110643944936, 7.3705225077e-05, 0.000143170371302, 0.000126034967252, 0.000151849715621, 0.000155572095537, 0.000268613861408, 0.000293916469673, 0.000404496910051, 0.000612464267761, 0.00096747407224, 0.000766445184126, 0.000760585127864, 0.00107338512316, 0.00188515381888, 0.00128988956567, 0.000199671063456, 1.96486671484e-05],
        "dvar": [3.31861826908e-09, 6.1290479636e-11, 6.42022168762e-09, 2.13689830275e-08, 5.18383728831e-07, 2.51230608228e-06, 1.22478823528e-07, 3.00317175572e-08, 7.42934034292e-08, 3.13623225168e-08, 2.06152037663e-08, 5.25679624275e-08, 3.24339453073e-08, 3.75435149635e-08, 1.14692554121e-07, 2.9898677667e-07, 2.52137567713e-07, 6.06576179507e-07, 6.79931474679e-07, 3.54532289748e-06, 2.26225256483e-06, 2.15249019675e-06, 6.23823189017e-06, 2.52463141805e-05, 7.16772865417e-06, 1.66092817722e-07, 1.87432025456e-09],
        "dvar2": [9.50246636933e-09, 1.53490664623e-10, 1.59240478581e-08, 2.89797092989e-08, 1.15344460028e-06, 5.81089534535e-06, 2.79195745634e-07, 8.67927738568e-08, 1.99799004008e-07, 6.85322163463e-08, 6.03479080041e-08, 1.17800716737e-07, 8.99850860492e-08, 9.24382348444e-08, 3.32395359237e-07, 7.3803170153e-07, 6.67033361879e-07, 1.66808524682e-06, 1.75108436906e-06, 9.81824723567e-06, 6.03507669439e-06, 5.23921971762e-06, 1.68639289768e-05, 7.19565869076e-05, 1.94042622752e-05, 4.06083188409e-07, 5.1995372452e-09],
        "max": [0.000567647337448, 7.24942801753e-05, 0.00147503195331, 0.00473303860053, 0.013973088935, 0.0236992575228, 0.00536123430356, 0.00226878700778, 0.00355368270539, 0.0027733866591, 0.00197656475939, 0.00302267051302, 0.00186409277376, 0.00196822406724, 0.0045060813427, 0.00708990776911, 0.00559306610376, 0.00946163013577, 0.00775150675327, 0.0179648492485, 0.0140992449597, 0.011878978461, 0.0253468658775, 0.0620987713337, 0.0289244912565, 0.00329451845028, 0.000336010649335],
        "mean": [3.63011313311e-05, 3.50922437065e-06, 3.26873960148e-05, 9.62311241892e-05, 0.000315588054946, 0.000568573595956, 0.000206187105505, 0.000132050961838, 0.000172805259353, 0.000105532708403, 5.81559506827e-05, 0.000137359849759, 0.000128536601551, 0.000137430906761, 0.000144415025716, 0.000263096706476, 0.000233684520936, 0.000292277545668, 0.000428339466453, 0.000576733320486, 0.000485614873469, 0.000417624571128, 0.000486423930852, 0.000639128789771, 0.000501642120071, 9.04815897229e-05, 1.08848234959e-05],
        "median": [1.64124503499e-05, 1.93490950551e-06, 5.1476263252e-06, 2.36045452766e-05, 0.000118851407024, 0.000248085794738, 0.000121085555293, 7.87109020166e-05, 8.43489542603e-05, 4.88413279527e-05, 2.21898626478e-05, 5.18932465638e-05, 5.07293952978e-05, 4.88659279654e-05, 5.15000429004e-05, 7.26638681954e-05, 7.07777580828e-05, 6.48285495117e-05, 0.00010831693362, 9.14647243917e-05, 7.25482677808e-05, 2.93109587801e-05, 2.17153938138e-05, 2.30197874771e-05, 1.961766975e-05, 3.64129573427e-06, 3.70047860088e-06],
        "min": [2.29369945259e-08, 7.64451399959e-08, 1.00874856912e-07, 3.58474352424e-07, 7.73424835643e-06, 2.11844853766e-05, 7.21212109056e-06, 3.17869398714e-06, 6.89065973347e-06, 1.68524991295e-06, 1.81746065664e-06, 3.61507477464e-06, 3.14201633955e-06, 2.97659425996e-06, 2.20924425776e-06, 3.55872566615e-06, 3.41019858752e-06, 4.3479130909e-06, 4.85062355438e-06, 2.32258389588e-06, 1.15932698463e-06, 4.42836807224e-07, 3.98396565515e-07, 5.15239378274e-07, 3.40002145549e-07, 2.61099557974e-07, 2.10633174902e-06],
        "var": [3.36353456198e-09, 4.95891279428e-11, 1.47687941876e-08, 1.07917585979e-07, 7.50313290609e-07, 2.30550244851e-06, 1.22715547946e-07, 3.26538298623e-08, 1.01819345844e-07, 4.79623416538e-08, 1.74774399397e-08, 7.77375390726e-08, 4.91948739523e-08, 5.41582068081e-08, 1.05833827035e-07, 3.58241635467e-07, 2.57522941638e-07, 5.6398232573e-07, 7.31843954327e-07, 2.67843688562e-06, 1.87802106666e-06, 1.98930160877e-06, 4.37947937826e-06, 1.48997041833e-05, 4.96180791743e-06, 1.39070763794e-07, 1.23865095958e-09]
    },
    "erbbands": {
        "dmean": [0.000158881332027, 0.000920408288948, 0.0168213211, 0.114758394659, 0.592463731766, 0.546907126904, 2.88446688652, 3.33441448212, 2.3444416523, 2.14460635185, 2.33807945251, 2.31225562096, 2.85084891319, 1.79914689064, 2.09947395325, 3.62779474258, 3.4626147747, 4.48326206207, 4.35626554489, 5.0757317543, 10.6961240768, 10.729174614, 12.1046791077, 18.1009864807, 16.1089572906, 31.4655532837, 24.44896698, 14.7857122421, 14.6378602982, 16.8052825928, 18.8557453156, 16.1216487885, 18.7821331024, 8.69489955902, 4.42562913895, 1.03450715542, 0.0878359079361, 0.0158355496824, 0.00172985694371, 0.000115346119856],
        "dmean2": [0.000276853883406, 0.0014949842589, 0.0286974851042, 0.167650848627, 0.858262419701, 0.847952067852, 4.92079639435, 4.92412424088, 3.68990921974, 3.54163169861, 3.98453259468, 3.73340845108, 4.66503000259, 3.01949715614, 3.35798454285, 5.72254133224, 5.615878582, 7.36711263657, 7.0430059433, 8.44126605988, 15.9624423981, 17.3762664795, 20.7762813568, 30.4877243042, 26.1330070496, 53.6201477051, 40.2961807251, 25.6318283081, 24.3751487732, 28.8544845581, 33.1135292053, 29.3676490784, 35.623134613, 16.168964386, 7.89455890656, 1.84869647026, 0.152579307556, 0.027370903641, 0.00304260617122, 0.000204811643925],
        "dvar": [3.43158994554e-08, 6.57651844449e-06, 0.00307445321232, 0.10721771419, 5.0164899826, 1.90827000141, 60.5745582581, 182.180938721, 91.9032440186, 6.95766925812, 34.1927108765, 34.5564079285, 34.5020637512, 41.1290283203, 45.2570610046, 84.2601547241, 65.0362854004, 87.9805831909, 163.815856934, 424.830322266, 921.057739258, 924.186340332, 1398.69396973, 2328.21679688, 1293.85522461, 10453.0625, 5750.85498047, 2437.13354492, 2266.46191406, 3302.75952148, 6225.22216797, 4571.84130859, 11095.7519531, 1010.78253174, 307.514221191, 14.101228714, 0.111512452364, 0.00356067391112, 4.27025224781e-05, 1.7463244717e-07],
        "dvar2": [8.88000144528e-08, 1.50798887262e-05, 0.00712332921103, 0.177196711302, 10.3082847595, 4.0692820549, 161.107330322, 390.538269043, 217.21295166, 16.668384552, 96.6201705933, 90.6053009033, 88.3505020142, 102.006057739, 121.37525177, 189.580764771, 175.785263062, 218.75227356, 459.481048584, 1194.42480469, 2200.33740234, 2462.50024414, 3811.20678711, 6342.359375, 3164.14746094, 29038.0292969, 15386.7851562, 6322.82421875, 5255.22460938, 8828.25097656, 16729.2636719, 12865.5, 31909.3886719, 2563.04272461, 820.627624512, 34.346157074, 0.29447722435, 0.00965481065214, 0.00011556505342, 4.69187426688e-07],
        "max": [0.00159910751972, 0.0382413379848, 1.05755794048, 9.26433944702, 50.3784179688, 25.6390399933, 88.6932525635, 208.920928955, 142.35798645, 29.9661884308, 83.3828887939, 82.5817718506, 60.0157775879, 104.014305115, 95.8267593384, 114.615219116, 79.3506164551, 84.2801132202, 170.395004272, 286.148925781, 348.879486084, 337.194824219, 431.817474365, 486.680908203, 336.560943604, 985.871643066, 730.664916992, 426.734863281, 424.517272949, 495.630432129, 864.099060059, 658.228027344, 1382.21166992, 277.798339844, 212.492721558, 32.4374580383, 3.27858734131, 0.420867443085, 0.0499664247036, 0.00380945205688],
        "mean": [0.00021167928935, 0.00116410886403, 0.0245311986655, 0.190372079611, 0.888983666897, 0.851874947548, 3.27685618401, 4.23494577408, 3.12392807007, 3.19506120682, 2.96789741516, 3.55868983269, 4.31612110138, 2.76992225647, 3.29132962227, 5.74901437759, 5.87935876846, 7.04821300507, 7.55884933472, 8.157579422, 15.787322998, 14.106174469, 15.7558879852, 20.7122249603, 20.2878284454, 30.7477626801, 24.5848083496, 15.4356498718, 14.4380531311, 13.2581882477, 14.7093429565, 11.0887737274, 11.6718025208, 6.46752643585, 3.19463229179, 0.818882882595, 0.0722188577056, 0.0120380502194, 0.00160068739206, 0.000151147338329],
        "median": [0.000142620920087, 0.000444988545496, 0.0047300523147, 0.047251753509, 0.223215594888, 0.336018413305, 1.40284979343, 1.75484848022, 1.62922608852, 1.96056389809, 1.58760118484, 1.71397101879, 2.25680828094, 1.00561571121, 1.29631781578, 2.13136982918, 2.2914493084, 2.65206575394, 3.15449237823, 2.69859218597, 4.38290452957, 4.1759223938, 3.53440570831, 4.70582962036, 4.97586107254, 4.69269275665, 3.61259746552, 2.24873375893, 1.13936555386, 0.784460186958, 0.622054874897, 0.520122289658, 0.340097904205, 0.240057051182, 0.117429509759, 0.0293886289001, 0.00445752916858, 0.00105633691419, 0.000425474776421, 7.43322161725e-05],
        "min": [5.82459870202e-06, 4.89814156026e-05, 0.000275369355222, 0.00162582518533, 0.00663653155789, 0.028103441, 0.0911051928997, 0.108731634915, 0.132173150778, 0.0677396357059, 0.19344471395, 0.169814154506, 0.14137467742, 0.0651422515512, 0.129799827933, 0.127947941422, 0.20868524909, 0.144434869289, 0.16499941051, 0.208717286587, 0.213983505964, 0.208580553532, 0.281157404184, 0.202777057886, 0.21833178401, 0.118584722281, 0.0753578916192, 0.0346236079931, 0.0170910935849, 0.011635908857, 0.00898059178144, 0.00955772865564, 0.00871388521045, 0.00416693277657, 0.00229436322115, 0.000908444693778, 0.000465701887151, 0.00039858976379, 0.000235236570006, 4.54128057754e-05],
        "var": [4.95454628435e-08, 9.91653905658e-06, 0.00774588016793, 0.42240601778, 10.7986679077, 3.12842559814, 58.1422309875, 153.300842285, 66.4710006714, 13.3573293686, 30.0264205933, 45.5361785889, 50.8014564514, 47.7955589294, 47.010684967, 131.356765747, 97.6941070557, 140.623962402, 186.429153442, 400.268341064, 1182.4543457, 951.983886719, 1395.19897461, 2178.00268555, 1600.71960449, 7840.46435547, 4703.15234375, 2119.27685547, 2281.19873047, 2446.44873047, 4347.51708984, 2843.37915039, 6349.01464844, 782.344787598, 220.31072998, 11.8392906189, 0.0830883085728, 0.00250592804514, 3.02042462863e-05, 1.24689051972e-07]
    },
    "gfcc": {
        "mean": [-53.8444976807, 16.3499832153, -139.160980225, 12.945192337, -74.2452163696, -16.3498344421, -49.6632461548, -4.03646326065, -29.3588066101, -0.98614859581, -11.3992519379, -6.38693332672, -5.50830936432],
        "cov": [[4443.79296875, -1552.06518555, -290.866241455, 669.738891602, -608.834106445, 487.828765869, -512.481140137, 141.1900177, -492.928833008, 42.1957473755, -315.429534912, 57.5370178223, -156.017227173], [-1552.06518555, 1217.04052734, -0.68045258522, -336.877716064, 362.540313721, -259.973876953, 206.082717896, -83.4705200195, 143.142715454, -80.5468597412, 74.8667526245, -84.6729812622, 28.1497898102], [-290.866241455, -0.68045258522, 222.752197266, -24.5019760132, 8.30633354187, -23.103925705, -9.56224346161, 2.23420882225, 22.1053009033, 5.974796772, 18.3168315887, -1.96909689903, 14.7139930725], [669.738891602, -336.877716064, -24.5019760132, 214.741485596, -91.4231491089, 102.663246155, -68.3453521729, 19.7322998047, -65.5224990845, 15.9509010315, -45.1032867432, 8.68535995483, -30.9526519775], [-608.834106445, 362.540313721, 8.30633354187, -91.4231491089, 221.411819458, -71.2450637817, 95.9195022583, -17.2459182739, 60.327167511, -27.0164165497, 31.0239086151, -30.9306488037, -1.69420051575], [487.828765869, -259.973876953, -23.103925705, 102.663246155, -71.2450637817, 123.502067566, -48.3155632019, 35.5142707825, -48.8621368408, 10.5389490128, -30.0694389343, 11.0169038773, -15.0484638214], [-512.481140137, 206.082717896, -9.56224346161, -68.3453521729, 95.9195022583, -48.3155632019, 121.168930054, -3.9417681694, 74.024520874, -8.7719669342, 33.0647773743, -10.3822975159, 7.13918066025], [141.1900177, -83.4705200195, 2.23420882225, 19.7322998047, -17.2459182739, 35.5142707825, -3.9417681694, 45.9877662659, 2.04836010933, 12.7627296448, -3.28800153732, 8.44021511078, -2.80648112297], [-492.928833008, 143.142715454, 22.1053009033, -65.5224990845, 60.327167511, -48.8621368408, 74.024520874, 2.04836010933, 96.2114639282, 9.84236431122, 44.0631523132, 0.183871552348, 17.7710914612], [42.1957473755, -80.5468597412, 5.974796772, 15.9509010315, -27.0164165497, 10.5389490128, -8.7719669342, 12.7627296448, 9.84236431122, 38.5637893677, 13.1157913208, 15.5179405212, 3.77892398834], [-315.429534912, 74.8667526245, 18.3168315887, -45.1032867432, 31.0239086151, -30.0694389343, 33.0647773743, -3.28800153732, 44.0631523132, 13.1157913208, 60.2135429382, 13.0593891144, 16.9782505035], [57.5370178223, -84.6729812622, -1.96909689903, 8.68535995483, -30.9306488037, 11.0169038773, -10.3822975159, 8.44021511078, 0.183871552348, 15.5179405212, 13.0593891144, 34.0742683411, 15.145242691], [-156.017227173, 28.1497898102, 14.7139930725, -30.9526519775, -1.69420051575, -15.0484638214, 7.13918066025, -2.80648112297, 17.7710914612, 3.77892398834, 16.9782505035, 15.145242691, 36.4052658081]],
        "icov": [[0.00226462911814, -3.08855560434e-05, 0.0018678548513, -0.00196309480816, 0.0015762031544, -0.000556435610633, 0.00327414297499, -0.00414770608768, 0.00395348062739, -0.000133033376187, 0.00338317430578, -0.00258988235146, 0.00377019122243], [-3.08855560434e-05, 0.003473370336, 0.000743100303225, 0.00208208803087, -0.00271042203531, 0.00285147293471, -0.000711811240762, 0.000604894594289, 0.000212435334106, 0.00176676828414, -0.000941356876865, 0.00488616153598, -0.00199022563174], [0.0018678548513, 0.000743100303225, 0.00681838206947, -0.00136614695657, 0.000504759547766, 0.00111078389455, 0.00496423942968, -0.00463259825483, 0.00176386139356, 0.000265690876404, 0.00126793608069, 0.00128914183006, 0.000648678396828], [-0.00196309480816, 0.00208208803087, -0.00136614695657, 0.0127354608849, -0.00222263089381, -0.00404843920842, -0.00256696669385, 0.00679160933942, -0.00286198710091, -0.00212688371539, -0.000384636572562, 0.00251902523451, 0.00135656725615], [0.0015762031544, -0.00271042203531, 0.000504759547766, -0.00222263089381, 0.0119745079428, -0.00102607428562, -0.0018525471678, -0.00389942480251, 0.00266015878879, 0.00200301012956, 9.31169852265e-05, -0.000689336331561, 0.00568966427818], [-0.000556435610633, 0.00285147293471, 0.00111078389455, -0.00404843920842, -0.00102607428562, 0.0221523400396, -0.00151748966891, -0.0110943866894, 0.00429413840175, 0.00277397944592, -0.00174701993819, 0.0041254167445, -0.0032146840822], [0.00327414297499, -0.000711811240762, 0.00496423942968, -0.00256696669385, -0.0018525471678, -0.00151748966891, 0.0266067422926, -0.00700092455372, -0.00875249598175, 0.00476199062541, 0.00401559704915, -0.00485457992181, 0.00784725137055], [-0.00414770608768, 0.000604894594289, -0.00463259825483, 0.00679160933942, -0.00389942480251, -0.0110943866894, -0.00700092455372, 0.0419270955026, -0.0135361393914, -0.00690837856382, -0.00100763805676, -0.00127632450312, -0.00243299943395], [0.00395348062739, 0.000212435334106, 0.00176386139356, -0.00286198710091, 0.00266015878879, 0.00429413840175, -0.00875249598175, -0.0135361393914, 0.0382237322628, -0.009047803469, -0.0036443148274, 0.00199379911646, -0.000645338441245], [-0.000133033376187, 0.00176676828414, 0.000265690876404, -0.00212688371539, 0.00200301012956, 0.00277397944592, 0.00476199062541, -0.00690837856382, -0.009047803469, 0.0430792570114, -0.00917107053101, -0.00841998215765, 0.00364640867338], [0.00338317430578, -0.000941356876865, 0.00126793608069, -0.000384636572562, 9.31169852265e-05, -0.00174701993819, 0.00401559704915, -0.00100763805676, -0.0036443148274, -0.00917107053101, 0.0389196872711, -0.0187901873142, 0.00520134437829], [-0.00258988235146, 0.00488616153598, 0.00128914183006, 0.00251902523451, -0.000689336331561, 0.0041254167445, -0.00485457992181, -0.00127632450312, 0.00199379911646, -0.00841998215765, -0.0187901873142, 0.0663929730654, -0.0296865347773], [0.00377019122243, -0.00199022563174, 0.000648678396828, 0.00135656725615, 0.00568966427818, -0.0032146840822, 0.00784725137055, -0.00243299943395, -0.000645338441245, 0.00364640867338, 0.00520134437829, -0.0296865347773, 0.0531265214086]]
    },
    "melbands": {
        "dmean": [2.42381042881e-06, 6.37629364064e-06, 2.86247013719e-05, 4.21804688813e-05, 7.69778125687e-05, 7.44353965274e-05, 3.42494531651e-05, 2.19345947698e-05, 1.8889137209e-05, 1.62934938999e-05, 1.41024420373e-05, 7.76396609581e-06, 6.3076877268e-06, 9.65485833149e-06, 9.39990331972e-06, 8.39850235934e-06, 8.63880632096e-06, 7.19937406757e-06, 7.59870272304e-06, 1.02274862002e-05, 1.26097620523e-05, 1.13933019747e-05, 1.08684398583e-05, 1.16404153232e-05, 1.56920541485e-05, 1.299673022e-05, 1.28248093461e-05, 2.32044822042e-05, 1.62496871781e-05, 1.09897428047e-05, 8.26812356536e-06, 8.33081321616e-06, 9.33934916247e-06, 9.50381854636e-06, 1.05231165435e-05, 1.15468074e-05, 9.14095107873e-06, 1.31194628921e-05, 1.11971221486e-05, 7.6818632806e-06],
        "dmean2": [4.28099065175e-06, 1.09721704575e-05, 4.36242844444e-05, 6.1561462644e-05, 0.000130054133479, 0.000110904758913, 5.31456207682e-05, 3.63854269381e-05, 3.20369945257e-05, 2.62900575763e-05, 2.34897543123e-05, 1.314968722e-05, 1.07107816802e-05, 1.51590575115e-05, 1.44501364048e-05, 1.38279665407e-05, 1.44872474266e-05, 1.17895215226e-05, 1.28681595015e-05, 1.62682554219e-05, 1.91657763935e-05, 1.90995178855e-05, 1.7693359041e-05, 2.01003676921e-05, 2.67389696091e-05, 2.22776779992e-05, 2.01709735848e-05, 4.024298687e-05, 2.72571523965e-05, 1.87017485587e-05, 1.41436748891e-05, 1.33953099066e-05, 1.61095740623e-05, 1.68093556567e-05, 1.84838845598e-05, 2.08821875276e-05, 1.67720190802e-05, 2.49622717092e-05, 2.0966912416e-05, 1.41846503539e-05],
        "dvar": [9.82280836531e-12, 4.26198243364e-10, 6.53916387705e-09, 2.20248939087e-08, 4.1218402913e-08, 8.98145557926e-08, 1.80350756551e-08, 6.62019883357e-10, 2.85677215217e-09, 1.48421830382e-09, 8.68122629338e-10, 7.73240971252e-10, 4.44222353346e-10, 7.23755111398e-10, 3.54514501089e-10, 4.33797442412e-10, 3.06862285582e-10, 3.30984323282e-10, 7.4247330506e-10, 1.56223334269e-09, 1.12233800031e-09, 1.1311515058e-09, 7.25281501524e-10, 1.9019739117e-09, 1.71184277864e-09, 9.82952053086e-10, 1.21410215215e-09, 6.4751217721e-09, 2.51561527165e-09, 1.8641299615e-09, 6.68024691119e-10, 8.22072521167e-10, 1.03260699991e-09, 1.18135168314e-09, 1.88842208537e-09, 2.58632226746e-09, 1.42303513417e-09, 5.92742654959e-09, 2.87289370071e-09, 8.72442784683e-10],
        "dvar2": [2.58969443112e-11, 1.02341157771e-09, 1.16906573311e-08, 4.77819206424e-08, 1.08210997496e-07, 1.96491313886e-07, 4.16361345401e-08, 1.64881719389e-09, 8.01237387549e-09, 4.06392342001e-09, 2.21890994467e-09, 1.95531391078e-09, 1.25373833537e-09, 1.66791980227e-09, 8.57345250349e-10, 1.21517840235e-09, 7.57731488665e-10, 9.07589725596e-10, 2.17268025793e-09, 4.25054436093e-09, 2.64234745195e-09, 3.05846192816e-09, 1.80986514664e-09, 5.37723554572e-09, 4.64812188739e-09, 2.53834286923e-09, 3.15723402977e-09, 1.83131589893e-08, 6.73771705095e-09, 5.21104315254e-09, 1.64631319688e-09, 1.97009319969e-09, 2.75779221681e-09, 3.19234394475e-09, 4.99501728868e-09, 7.23600157571e-09, 4.05229227951e-09, 1.72005591992e-08, 8.02073341077e-09, 2.41145348134e-09],
        "max": [2.83201843558e-05, 0.000370449211914, 0.00241167540662, 0.00304539245553, 0.00236873701215, 0.00462660519406, 0.00202759564854, 0.000259437481873, 0.000799690838903, 0.000442360993475, 0.000295985722914, 0.000446394871688, 0.000295208941679, 0.000383733218769, 0.000269046373433, 0.000221171052544, 0.000156417925609, 0.000232398888329, 0.000348794070305, 0.000548409414478, 0.000338545069098, 0.000400300807087, 0.000230935329455, 0.000575144134928, 0.000392279936932, 0.000351866852725, 0.000373599672457, 0.000804299023002, 0.000532617385034, 0.000493809522595, 0.000222150702029, 0.000301316787954, 0.000279206549749, 0.00027417804813, 0.000474960601423, 0.000477308087284, 0.000385911436751, 0.00099003885407, 0.000680188997649, 0.000305955763906],
        "mean": [3.00269289255e-06, 8.88528211362e-06, 5.45026996406e-05, 6.33890231256e-05, 9.28749068407e-05, 9.76516384981e-05, 4.78357542306e-05, 3.30723269144e-05, 2.31335725402e-05, 2.42012938543e-05, 2.13541661651e-05, 1.10278133434e-05, 9.33959290705e-06, 1.43324805322e-05, 1.46862721522e-05, 1.27968078232e-05, 1.28458004838e-05, 1.16663968583e-05, 1.09876527858e-05, 1.44538234963e-05, 1.83685624506e-05, 1.46740030686e-05, 1.34117663038e-05, 1.41033415275e-05, 1.72066229425e-05, 1.54896497406e-05, 1.51270078277e-05, 2.13856437767e-05, 1.60595991474e-05, 1.0809779269e-05, 8.56790757098e-06, 8.1170728663e-06, 7.82590450399e-06, 7.27208816897e-06, 8.41233759274e-06, 8.14466602606e-06, 6.16426541455e-06, 7.99091594672e-06, 7.32008538762e-06, 5.19842251379e-06],
        "median": [1.77823812919e-06, 1.64345681242e-06, 1.28082601805e-05, 2.00976428459e-05, 4.28559324064e-05, 4.28918137914e-05, 2.58243690041e-05, 2.01569437195e-05, 1.21174671222e-05, 1.13912774395e-05, 1.10286891868e-05, 3.97149415221e-06, 3.86322335544e-06, 5.39784832654e-06, 5.96403469899e-06, 4.95867607242e-06, 4.69554834126e-06, 4.66159508505e-06, 3.67835286852e-06, 4.07964307669e-06, 5.25195628143e-06, 4.27936083724e-06, 3.32146464643e-06, 3.08518247039e-06, 3.68457540389e-06, 3.90350442103e-06, 3.2164921322e-06, 3.1531312743e-06, 2.30307841775e-06, 1.66181268924e-06, 1.17240961117e-06, 6.47774299978e-07, 4.87113766212e-07, 4.07238474054e-07, 3.61201557553e-07, 3.23430157323e-07, 3.00055972957e-07, 2.46041395258e-07, 2.22009248318e-07, 1.94449199853e-07],
        "min": [2.6345411186e-08, 7.92656607018e-08, 8.49553089211e-07, 1.0542516975e-06, 2.31797162087e-06, 3.07334425997e-06, 1.84687303317e-06, 6.20580976829e-07, 1.65246160577e-06, 9.97992401608e-07, 6.46919943392e-07, 1.67923644767e-07, 3.47718440707e-07, 3.52939139248e-07, 4.67746417598e-07, 2.8422800824e-07, 1.80229179136e-07, 1.75471811303e-07, 1.95330642327e-07, 3.17026973562e-07, 2.06868975283e-07, 1.71125748238e-07, 2.11780999848e-07, 2.16683048393e-07, 1.39455124781e-07, 2.07615642012e-07, 9.17109161946e-08, 7.05909499743e-08, 6.05899685979e-08, 2.31123991057e-08, 1.54793333706e-08, 8.95783891508e-09, 5.58912915949e-09, 7.19271620042e-09, 5.01977082124e-09, 5.69996672084e-09, 5.67587665756e-09, 6.27834850775e-09, 5.18825293838e-09, 3.03254954481e-09],
        "var": [1.25105628981e-11, 1.00777763912e-09, 3.61535299476e-08, 3.77792872541e-08, 4.12819929352e-08, 7.71400721078e-08, 1.38385640724e-08, 1.29287380801e-09, 2.48474707476e-09, 1.94021554378e-09, 1.25901755688e-09, 8.35522540044e-10, 4.07486183684e-10, 9.59862855865e-10, 6.62313925925e-10, 5.23403709263e-10, 4.7658538227e-10, 4.0293435255e-10, 6.76227351892e-10, 1.44948730796e-09, 1.5320152924e-09, 1.12418918619e-09, 7.83877740496e-10, 1.68407143786e-09, 1.53712609308e-09, 1.02722397255e-09, 1.18578957764e-09, 4.4946637523e-09, 2.02936356608e-09, 1.3160355028e-09, 6.52286280545e-10, 7.94673660209e-10, 7.86119891405e-10, 8.30320479039e-10, 1.36464328726e-09, 1.62911162338e-09, 8.57771020879e-10, 3.30860627784e-09, 1.78222092639e-09, 5.66997115925e-10]
    },
    "mfcc": {
        "mean": [-690.362243652, 62.6536598206, -21.400434494, 14.1593618393, -11.7706289291, -15.4497060776, -11.489153862, -16.2016925812, -11.2452039719, -6.03373289108, -7.41523361206, -2.18616294861, -3.79128909111],
        "cov": [[5064.40966797, -2042.33349609, 196.736053467, -74.7205810547, -24.3423690796, 82.9069519043, -13.9735651016, -30.2044448853, -119.078475952, -169.475357056, -161.341720581, -173.324783325, -99.2239990234], [-2042.33349609, 1487.70495605, -276.446990967, 45.0558776855, 46.5464096069, -73.8679733276, 34.223526001, -3.44755864143, 59.3846855164, 34.2490158081, 44.9242515564, 38.4387512207, 4.24888753891], [196.736053467, -276.446990967, 243.48059082, -14.6863088608, -0.00653607165441, -7.72140264511, -25.3197116852, -18.5376796722, -17.555065155, -1.14321732521, -11.8054227829, -7.45250749588, -3.49555778503], [-74.7205810547, 45.0558776855, -14.6863088608, 86.7961196899, 16.7754058838, 18.3138446808, 5.46460723877, 1.67928552628, 4.02464485168, 6.30214738846, 8.3362493515, 1.88827192783, 4.82094860077], [-24.3423690796, 46.5464096069, -0.00653607165441, 16.7754058838, 84.8318099976, 8.53108978271, 22.219953537, 1.28802096844, 2.8116414547, -0.263289630413, 0.308576375246, 1.12525308132, -6.01057481766], [82.9069519043, -73.8679733276, -7.72140264511, 18.3138446808, 8.53108978271, 50.0375099182, 13.962597847, 13.4486036301, 5.08384799957, 6.17126607895, 3.77013158798, -0.727570712566, 1.80737936497], [-13.9735651016, 34.223526001, -25.3197116852, 5.46460723877, 22.219953537, 13.962597847, 44.7256164551, 15.8977127075, 4.93329429626, 3.43311333656, 6.53158140182, -2.16447424889, -0.759019315243], [-30.2044448853, -3.44755864143, -18.5376796722, 1.67928552628, 1.28802096844, 13.4486036301, 15.8977127075, 44.3024520874, 17.2602882385, 13.8834543228, 11.2270479202, 6.83677864075, 4.51098918915], [-119.078475952, 59.3846855164, -17.555065155, 4.02464485168, 2.8116414547, 5.08384799957, 4.93329429626, 17.2602882385, 41.0735969543, 15.0677070618, 9.65869426727, 6.89635753632, 3.67865872383], [-169.475357056, 34.2490158081, -1.14321732521, 6.30214738846, -0.263289630413, 6.17126607895, 3.43311333656, 13.8834543228, 15.0677070618, 40.9122467041, 17.8255901337, 16.430398941, 9.65613269806], [-161.341720581, 44.9242515564, -11.8054227829, 8.3362493515, 0.308576375246, 3.77013158798, 6.53158140182, 11.2270479202, 9.65869426727, 17.8255901337, 40.0592918396, 17.9835262299, 11.8717756271], [-173.324783325, 38.4387512207, -7.45250749588, 1.88827192783, 1.12525308132, -0.727570712566, -2.16447424889, 6.83677864075, 6.89635753632, 16.430398941, 17.9835262299, 39.3843955994, 17.8936901093], [-99.2239990234, 4.24888753891, -3.49555778503, 4.82094860077, -6.01057481766, 1.80737936497, -0.759019315243, 4.51098918915, 3.67865872383, 9.65613269806, 11.8717756271, 17.8936901093, 32.5502967834]],
