{
"lowlevel": {
    "average_loudness": 0.99068403244,
    "barkbands_crest": {
        "dmean": 2.86244821548,
        "dmean2": 5.0322432518,
        "dvar": 6.05112600327,
        "dvar2": 16.3700866699,
        "max": 16.9143848419,
        "mean": 6.81457948685,
        "median": 5.68073797226,
        "min": 3.00392198563,
        "var": 10.1593675613
    },
    "barkbands_flatness_db": {
        "dmean": 0.0227282196283,
        "dmean2": 0.0385398045182,
        "dvar": 0.000456973648397,
        "dvar2": 0.00109708786476,
        "max": 0.201730236411,
        "mean": 0.0854194611311,
        "median": 0.078494720161,
        "min": 0.0430478788912,
        "var": 0.000817624735646
    },
    "barkbands_kurtosis": {
        "dmean": 1.49295639992,
        "dmean2": 2.64081001282,
        "dvar": 5.47070884705,
        "dvar2": 12.0490350723,
        "max": 10.261256218,
        "mean": -0.133170947433,
        "median": -1.10805523396,
        "min": -1.5100287199,
        "var": 5.11095762253
    },
    "barkbands_skewness": {
        "dmean": 0.624350607395,
        "dmean2": 1.06740987301,
        "dvar": 0.541376054287,
        "dvar2": 1.27423775196,
        "max": 3.15787029266,
        "mean": 0.629070937634,
        "median": 0.414060145617,
        "min": -0.477886199951,
        "var": 0.627088010311
    },
    "barkbands_spread": {
        "dmean": 7.49680042267,
        "dmean2": 12.0336961746,
        "dvar": 48.442237854,
        "dvar2": 113.22051239,
        "max": 52.7463874817,
        "mean": 35.604598999,
        "median": 36.6303367615,
        "min": 9.75611591339,
        "var": 109.020568848
    },
    "dissonance": {
        "dmean": 0.00908032711595,
        "dmean2": 0.01575120911,
        "dvar": 6.97410578141e-05,
        "dvar2": 0.000163990611327,
        "max": 0.499467015266,
        "mean": 0.488477617502,
        "median": 0.490034222603,
        "min": 0.452090799809,
        "var": 8.10800192994e-05
    },
    "dynamic_complexity": 7.22428226471,
    "erbbands_crest": {
        "dmean": 1.20487821102,
        "dmean2": 2.16217684746,
        "dvar": 3.14458012581,
        "dvar2": 8.30301380157,
        "max": 13.6910457611,
        "mean": 4.5238571167,
        "median": 4.14811372757,
        "min": 3.0982632637,
        "var": 2.50043559074
    },
    "erbbands_flatness_db": {
        "dmean": 0.0110981501639,
        "dmean2": 0.0191506873816,
        "dvar": 8.18726330181e-05,
        "dvar2": 0.000202837851248,
        "max": 0.189322084188,
        "mean": 0.141114428639,
        "median": 0.138570249081,
        "min": 0.10670375824,
        "var": 0.000358355493518
    },
    "erbbands_kurtosis": {
        "dmean": 0.516875326633,
        "dmean2": 0.84289342165,
        "dvar": 0.21234241128,
        "dvar2": 0.528808951378,
        "max": 1.60624170303,
        "mean": -0.228175476193,
        "median": -0.292756557465,
        "min": -1.34372663498,
        "var": 0.399331718683
    },
    "erbbands_skewness": {
        "dmean": 0.314385473728,
        "dmean2": 0.542335033417,
        "dvar": 0.100853741169,
        "dvar2": 0.225688502192,
        "max": 1.06491315365,
        "mean": -0.257557213306,
        "median": -0.289387732744,
        "min": -0.908756017685,
        "var": 0.205456241965
    },
    "erbbands_spread": {
        "dmean": 9.1390504837,
        "dmean2": 16.2247314453,
        "dvar": 88.6122436523,
        "dvar2": 247.807739258,
        "max": 76.6658248901,
        "mean": 43.0448265076,
        "median": 41.2671432495,
        "min": 28.5465641022,
        "var": 92.0316390991
    },
    "hfc": {
        "dmean": 8.33141708374,
        "dmean2": 10.5743656158,
        "dvar": 194.620483398,
        "dvar2": 426.236541748,
        "max": 100.625663757,
        "mean": 12.7486743927,
        "median": 7.36125135422,
        "min": 0.733342170715,
        "var": 322.808135986
    },
    "melbands_crest": {
        "dmean": 4.29976320267,
        "dmean2": 7.39494991302,
        "dvar": 13.0392532349,
        "dvar2": 35.0687561035,
        "max": 24.0532646179,
        "mean": 11.9610681534,
        "median": 11.800696373,
        "min": 4.92642450333,
        "var": 22.4558792114
    },
    "melbands_flatness_db": {
        "dmean": 0.0351689942181,
        "dmean2": 0.0580222755671,
        "dvar": 0.00121521297842,
        "dvar2": 0.00300666387193,
        "max": 0.23938241601,
        "mean": 0.100746333599,
        "median": 0.0906819477677,
        "min": 0.0445589311421,
        "var": 0.0017550495686
    },
    "melbands_kurtosis": {
        "dmean": 5.10499763489,
        "dmean2": 9.03638458252,
        "dvar": 55.3861961365,
        "dvar2": 139.961486816,
        "max": 29.5257568359,
        "mean": 4.23224258423,
        "median": 1.59082508087,
        "min": -0.8029088974,
        "var": 44.1797409058
    },
    "melbands_skewness": {
        "dmean": 0.859348833561,
        "dmean2": 1.5089417696,
        "dvar": 0.974771440029,
        "dvar2": 2.45241522789,
        "max": 4.88331604004,
        "mean": 1.82068049908,
        "median": 1.51157939434,
        "min": 0.593222022057,
        "var": 0.960789620876
    },
    "melbands_spread": {
        "dmean": 16.3317222595,
        "dmean2": 26.2186126709,
        "dvar": 271.920806885,
        "dvar2": 695.75958252,
        "max": 91.7944946289,
        "mean": 49.8069419861,
        "median": 49.2988243103,
        "min": 7.85220909119,
        "var": 464.730651855
    },
    "pitch_salience": {
        "dmean": 0.0839465931058,
        "dmean2": 0.145408004522,
        "dvar": 0.00661854678765,
        "dvar2": 0.0192404408008,
        "max": 0.905574738979,
        "mean": 0.693864345551,
        "median": 0.704437315464,
        "min": 0.425074130297,
        "var": 0.00791352149099
    },
    "silence_rate_20dB": {
        "dmean": 0,
        "dmean2": 0,
        "dvar": 0,
        "dvar2": 0,
        "max": 1,
        "mean": 1,
        "median": 1,
        "min": 1,
        "var": 0
    },
    "silence_rate_30dB": {
        "dmean": 0.0399999991059,
        "dmean2": 0.0816326513886,
        "dvar": 0.0384000055492,
        "dvar2": 0.115785062313,
        "max": 1,
        "mean": 0.980392158031,
        "median": 1,
        "min": 0,
        "var": 0.019223369658
    },
    "silence_rate_60dB": {
        "dmean": 0.259999990463,
        "dmean2": 0.530612230301,
        "dvar": 0.192399978638,
        "dvar2": 0.249062940478,
        "max": 1,
        "mean": 0.411764711142,
        "median": 0,
        "min": 0,
        "var": 0.242214411497
    },
    "spectral_centroid": {
        "dmean": 477.075653076,
        "dmean2": 778.821533203,
        "dvar": 262240.875,
        "dvar2": 611439.4375,
        "max": 3037.765625,
        "mean": 2248.07495117,
        "median": 2402.89892578,
        "min": 725.012573242,
        "var": 392890.34375
    },
    "spectral_complexity": {
        "dmean": 8.39999961853,
        "dmean2": 9.10204124451,
        "dvar": 41.1600036621,
        "dvar2": 53.7651023865,
        "max": 55,
        "mean": 15.5294113159,
        "median": 11,
        "min": 1,
        "var": 197.543258667
    },
    "spectral_decrease": {
        "dmean": 3.22074744652e-09,
        "dmean2": 5.21581178248e-09,
        "dvar": 6.43366522065e-17,
        "dvar2": 1.63441770201e-16,
        "max": -1.17961002077e-10,
        "mean": -2.81649081835e-09,
        "median": -7.75963959754e-10,
        "min": -4.98321668374e-08,
        "var": 5.48188937028e-17
    },
    "spectral_energy": {
        "dmean": 0.0128812119365,
        "dmean2": 0.0205802861601,
        "dvar": 0.000984807498753,
        "dvar2": 0.0024887311738,
        "max": 0.197205275297,
        "mean": 0.0117864236236,
        "median": 0.00352078163996,
        "min": 0.000511728634592,
        "var": 0.000865043955855
    },
    "spectral_energyband_high": {
        "dmean": 0.000320196530083,
        "dmean2": 0.000339122023433,
        "dvar": 1.02632064625e-07,
        "dvar2": 1.91334905253e-07,
        "max": 0.00320254988037,
        "mean": 0.000673407164868,
        "median": 0.000520810252056,
        "min": 3.99030177505e-05,
        "var": 3.79256732685e-07
    },
    "spectral_energyband_low": {
        "dmean": 0.000187447018106,
        "dmean2": 0.000320866092807,
        "dvar": 1.09825897709e-07,
        "dvar2": 2.74826021496e-07,
        "max": 0.00150507572107,
        "mean": 0.000143237019074,
        "median": 1.4583815755e-05,
        "min": 5.82518509873e-07,
        "var": 8.81805917174e-08
    },
    "spectral_energyband_middle_high": {
        "dmean": 0.00198475481011,
        "dmean2": 0.00259361462668,
        "dvar": 1.25084698084e-05,
        "dvar2": 2.86948506982e-05,
        "max": 0.0214689802378,
        "mean": 0.00286354264244,
        "median": 0.00124450633302,
        "min": 0.000161552321515,
        "var": 1.93498490262e-05
    },
    "spectral_energyband_middle_low": {
        "dmean": 0.010815105401,
        "dmean2": 0.0183111112565,
        "dvar": 0.000858736631926,
        "dvar2": 0.00220766733401,
        "max": 0.176912024617,
        "mean": 0.00824940484017,
        "median": 0.00139805092476,
        "min": 0.000306717352942,
        "var": 0.000670455745421
    },
    "spectral_entropy": {
        "dmean": 0.111018717289,
        "dmean2": 0.169486954808,
        "dvar": 0.0131949577481,
        "dvar2": 0.0337486416101,
        "max": 8.33448791504,
        "mean": 8.12468624115,
        "median": 8.16299533844,
        "min": 7.4689116478,
        "var": 0.0218783281744
    },
    "spectral_flux": {
        "dmean": 0.0329952798784,
        "dmean2": 0.0550375618041,
        "dvar": 0.00265933224,
        "dvar2": 0.00559187587351,
        "max": 0.347990870476,
        "mean": 0.0670579150319,
        "median": 0.0432362295687,
        "min": 0.0165701340884,
        "var": 0.0041873943992
    },
    "spectral_kurtosis": {
        "dmean": 0.522279441357,
        "dmean2": 0.744074702263,
        "dvar": 0.357288658619,
        "dvar2": 0.741660118103,
        "max": 5.48372650146,
        "mean": 3.00254607201,
        "median": 2.88617038727,
        "min": 1.82189941406,
        "var": 0.503865718842
    },
    "spectral_rms": {
        "dmean": 0.00128960178699,
        "dmean2": 0.00180793751497,
        "dvar": 3.42277894561e-06,
        "dvar2": 7.54905067879e-06,
        "max": 0.0138706667349,
        "mean": 0.00255211512558,
        "median": 0.00185335066635,
        "min": 0.000706574472133,
        "var": 4.9856566875e-06
    },
    "spectral_rolloff": {
        "dmean": 1057.71081543,
        "dmean2": 1769.6776123,
        "dvar": 1266745.25,
        "dvar2": 2956542.25,
        "max": 5577.09960938,
        "mean": 3379.02392578,
        "median": 3703.7109375,
        "min": 409.130859375,
        "var": 1763395.125
    },
    "spectral_skewness": {
        "dmean": 0.105631552637,
        "dmean2": 0.15259771049,
        "dvar": 0.013418989256,
        "dvar2": 0.0192116014659,
        "max": 1.82303929329,
        "mean": 1.34451627731,
        "median": 1.29352343082,
        "min": 1.12172067165,
        "var": 0.0260264482349
    },
    "spectral_spread": {
        "dmean": 336968.125,
        "dmean2": 569166.5625,
        "dvar": 92293939200,
        "dvar2": 297042935808,
        "max": 6150160,
        "mean": 5165401.5,
        "median": 5197551.5,
        "min": 4329164.5,
        "var": 167032029184
    },
    "spectral_strongpeak": {
        "dmean": 0.243196338415,
        "dmean2": 0.404669582844,
        "dvar": 0.1925714463,
        "dvar2": 0.441713035107,
        "max": 2.70180749893,
        "mean": 0.284179121256,
        "median": 0.139034628868,
        "min": 0.0241803154349,
        "var": 0.192273646593
    },
    "zerocrossingrate": {
        "dmean": 0.0194921866059,
        "dmean2": 0.0252411514521,
        "dvar": 0.00032327498775,
        "dvar2": 0.000481782626593,
        "max": 0.18408203125,
        "mean": 0.119973577559,
        "median": 0.123046875,
        "min": 0.03466796875,
        "var": 0.000959997472819
    },
    "barkbands": {
        "dmean": [3.41499628576e-07, 2.23674305744e-06, 5.8942270698e-05, 0.000505815201905, 0.00419406453148, 0.00517521752045, 0.000457077694591, 0.000181645475095, 0.000486763980007, 0.000378628290491, 0.00021739974909, 0.000370270863641, 0.000263082241872, 0.000165754259797, 0.000148107254063, 0.00022843653278, 0.000212083614315, 0.000180355666089, 0.000169615130289, 0.000140357020427, 8.33417216199e-05, 4.69015540148e-05, 2.60414071818e-05, 4.89239864692e-05, 4.52560088888e-05, 1.130871442e-05, 6.40964287868e-07],
        "dmean2": [6.37393441139e-07, 3.86300825994e-06, 9.83313002507e-05, 0.000894624681678, 0.00716802012175, 0.00926030334085, 0.000745131983422, 0.000288392446237, 0.000724593235645, 0.000575024983846, 0.000396344665205, 0.000575700192712, 0.000407630112022, 0.000222539427341, 0.000211843595025, 0.000372042355593, 0.000311291514663, 0.000257126899669, 0.000200562382815, 0.000183187992661, 9.70360488282e-05, 7.03209952917e-05, 3.16895748256e-05, 6.87548163114e-05, 6.26077962806e-05, 1.61186617333e-05, 7.75681030518e-07],
        "dvar": [2.04982352706e-13, 1.87930782047e-11, 1.27755068746e-08, 1.1946332279e-06, 0.000115966955491, 0.000293294608127, 1.76762773663e-06, 1.43443372735e-07, 1.05181129584e-06, 6.7006038762e-07, 3.54899242438e-07, 5.58881708912e-07, 2.28366644706e-07, 5.12323765633e-08, 4.89546998494e-08, 2.04177851515e-07, 1.93476097365e-07, 7.68739951695e-08, 5.57625341457e-08, 3.04699767639e-08, 6.07410699516e-09, 4.3466714672e-09, 6.7819599936e-10, 2.78998601999e-09, 2.94394930656e-09, 2.10528108835e-10, 5.19508860843e-13],
        "dvar2": [5.63514024939e-13, 5.60946011863e-11, 3.26690994257e-08, 3.12433985528e-06, 0.00028739136178, 0.000803394592367, 4.68812777399e-06, 3.64837461575e-07, 2.57537067228e-06, 1.47658488459e-06, 1.00927320545e-06, 1.27931787119e-06, 5.49985600173e-07, 9.23892002902e-08, 7.12199934583e-08, 5.43127100627e-07, 5.07577283315e-07, 1.77398561618e-07, 5.8661928648e-08, 5.18286924489e-08, 7.81710696174e-09, 9.87573312017e-09, 1.10845932433e-09, 6.36281294319e-09, 5.45507194971e-09, 5.09458253362e-10, 6.28849077845e-13],
        "max": [2.06148456527e-06, 1.90982973436e-05, 0.00055619853083, 0.00554882735014, 0.0645142495632, 0.0983642265201, 0.00822029449046, 0.002187599428, 0.00520446244627, 0.00522375805303, 0.00337828253396, 0.0045606084168, 0.00289917155169, 0.001383870258, 0.00167324754875, 0.00260609621182, 0.00284346845001, 0.00181602721568, 0.00210569472983, 0.00145893823355, 0.000814966158941, 0.000436947739217, 0.000260758504737, 0.000387235631933, 0.000444714503828, 0.000102044570667, 6.33414856566e-06],
        "mean": [3.11367074346e-07, 1.82934377335e-06, 4.44337929366e-05, 0.000357167387847, 0.00311830546707, 0.00347187393345, 0.00041115458589, 0.000192055274965, 0.000565712689422, 0.000335290562361, 0.000199815127417, 0.000417264294811, 0.000320879480569, 0.000244778202614, 0.000226912423386, 0.000255626888247, 0.000264738162514, 0.000250923389103, 0.000313985859975, 0.00026362715289, 0.000170885628904, 8.44863607199e-05, 5.95171877649e-05, 9.43639752222e-05, 9.72244815785e-05, 2.19384019147e-05, 1.28013914491e-06],
        "median": [1.50968276103e-07, 4.86837450353e-07, 3.40631595463e-06, 2.99971416098e-05, 0.000489029509481, 0.000301690190099, 0.000103364349343, 4.87068318762e-05, 0.000132609508, 6.55049880152e-05, 5.30852557858e-05, 9.30709793465e-05, 0.000101555553556, 9.70592009253e-05, 0.000105128347059, 0.000127288003569, 0.000130995773361, 0.000125424412545, 0.000183081821888, 0.000154418099555, 0.000125847480376, 5.5942520703e-05, 4.5258559112e-05, 6.91164168529e-05, 7.83329087426e-05, 1.70515540958e-05, 8.82094923327e-07],
        "min": [9.86336701203e-09, 7.18561610213e-09, 1.48838324776e-07, 5.09375240654e-07, 3.17592566716e-05, 9.08604761207e-06, 9.95857317321e-06, 4.9304157983e-06, 1.9702993086e-05, 4.47452748631e-06, 6.15192629994e-06, 1.32798641062e-05, 1.51540516526e-05, 8.0913587226e-06, 1.25134029076e-05, 1.58677030413e-05, 6.3389047682e-06, 1.45041949509e-05, 1.96004784812e-05, 1.36520138767e-05, 1.12331854325e-05, 4.72271040053e-06, 3.15720080835e-06, 4.93109064337e-06, 2.40028225562e-06, 4.68141138299e-07, 4.03252435888e-08],
        "var": [1.70476534365e-13, 1.3972259981e-11, 1.11348770204e-08, 7.615190043e-07, 9.33279297897e-05, 0.000197653935174, 1.37492543217e-06, 1.41056361258e-07, 1.2754802583e-06, 7.30322824438e-07, 2.58329379221e-07, 7.7156602174e-07, 3.03505800048e-07, 1.21624580629e-07, 1.04381612687e-07, 1.87863335555e-07, 1.98144263663e-07, 1.10689171606e-07, 1.60832058782e-07, 8.98325538401e-08, 2.56826790945e-08, 7.37444327825e-09, 2.63731281258e-09, 7.09301328783e-09, 8.10340150537e-09, 4.3337494704e-10, 1.66536131673e-12]
    },
    "erbbands": {
        "dmean": [4.63668075099e-05, 0.00152220902964, 0.052123695612, 0.810656905174, 4.6168513298, 15.0520763397, 57.9079742432, 20.4151268005, 8.64022254944, 4.07036399841, 6.44076061249, 9.3627204895, 11.2886047363, 9.67359542847, 9.61757183075, 14.2278299332, 12.0163955688, 9.59392166138, 6.59944868088, 8.24223136902, 13.0621786118, 11.9518213272, 10.4133176804, 8.70596599579, 8.54972362518, 6.75831222534, 4.54704427719, 3.06462979317, 1.64655208588, 0.915368258953, 0.800125896931, 0.863564014435, 0.924324631691, 0.560638070107, 0.346057295799, 0.101836726069, 0.0112311337143, 0.00110868818592, 0.000115992435894, 1.99812238861e-05],
        "dmean2": [8.17878535599e-05, 0.00245370925404, 0.0872326791286, 1.42009437084, 8.25740337372, 25.3887767792, 105.619651794, 34.8529243469, 15.3864812851, 6.81962203979, 10.0616073608, 14.9019708633, 17.9125862122, 15.9283361435, 15.2123832703, 24.2867202759, 19.1983833313, 13.6708621979, 9.23367977142, 10.8140735626, 21.3825206757, 18.4394683838, 14.7683439255, 10.3823261261, 10.9706020355, 8.9109544754, 5.68967533112, 3.9509999752, 2.44449234009, 1.02737808228, 1.02696216106, 1.26621079445, 1.33434808254, 0.880549132824, 0.440442562103, 0.145573139191, 0.0137437181547, 0.00124165264424, 0.000137264491059, 2.74647118204e-05],
        "dvar": [4.92034768484e-09, 6.35546530248e-06, 0.00768873747438, 2.57873177528, 63.1225585938, 1760.83557129, 39436.8710938, 3545.31567383, 851.520690918, 58.0031585693, 218.138031006, 360.868286133, 543.815856934, 460.665740967, 486.04473877, 914.882568359, 455.257293701, 176.696502686, 82.3179016113, 176.07824707, 773.41607666, 635.788574219, 264.703826904, 150.33039856, 164.90385437, 68.4355697632, 24.5445194244, 8.89556217194, 5.33966302872, 0.912024259567, 0.655607402325, 0.92703962326, 0.936083137989, 0.603356599808, 0.107810802758, 0.0151912067086, 0.000153952874825, 1.10378550744e-06, 1.75280163717e-08, 1.5939021214e-09],
        "dvar2": [1.15072404938e-08, 1.67515481735e-05, 0.0194605011493, 6.66846752167, 140.410980225, 4391.21777344, 108415.507812, 9248.01855469, 2428.26879883, 152.398788452, 524.968261719, 757.805969238, 1075.35119629, 1155.01550293, 1082.93054199, 2253.74780273, 1119.08056641, 296.185394287, 145.969696045, 347.625305176, 2073.18823242, 1641.68835449, 650.736328125, 272.047210693, 200.647613525, 129.780883789, 43.8107566833, 15.1008090973, 12.7426710129, 1.46983289719, 1.03052508831, 2.23758411407, 1.91356945038, 1.35765421391, 0.178603053093, 0.0394444689155, 0.000246917974437, 1.74346291715e-06, 2.10547739243e-08, 3.68442543142e-09],
        "max": [0.000313691532938, 0.0123219611123, 0.394333362579, 8.03628826141, 29.5293598175, 254.796066284, 1118.17529297, 364.645507812, 167.870193481, 42.9252662659, 72.3820724487, 103.140304565, 124.341247559, 121.120910645, 141.558563232, 187.123703003, 114.321418762, 81.8770599365, 60.9236907959, 97.5174179077, 165.794204712, 160.844589233, 94.3026504517, 107.112083435, 110.119987488, 69.392539978, 48.9038391113, 27.012008667, 15.6116018295, 8.65031814575, 7.63512229919, 6.4075293541, 7.87973165512, 5.33052587509, 3.18876266479, 0.84041851759, 0.119613081217, 0.0106398127973, 0.00111357076094, 0.000288638606435],
        "mean": [4.68238758913e-05, 0.00130897364579, 0.040203589946, 0.609889924526, 3.91035795212, 11.1619768143, 36.332988739, 15.9638624191, 7.04008197784, 4.37132787704, 6.58664608002, 11.8509912491, 12.6641368866, 8.44249629974, 11.1909799576, 16.6969108582, 15.0670785904, 13.8982276917, 10.7786197662, 11.6743860245, 15.2730398178, 15.2219820023, 13.753736496, 14.2215824127, 15.9545717239, 12.7690095901, 8.51838493347, 5.84385871887, 3.11700296402, 2.00907683372, 1.76648163795, 1.7342928648, 1.68847560883, 1.15351474285, 0.670507848263, 0.185075610876, 0.0234213881195, 0.00225140270777, 0.000240854424192, 2.71055851044e-05],
        "median": [1.05110684672e-05, 0.000294644298265, 0.00422177882865, 0.0760884061456, 0.915735542774, 1.5057246685, 2.48513698578, 2.88679242134, 1.68607711792, 1.08944249153, 1.54324793816, 2.85502409935, 2.98373937607, 2.09389162064, 2.71286535263, 3.92930388451, 4.7551150322, 4.81153583527, 5.47748088837, 4.88960838318, 7.33741474152, 6.9108543396, 7.43297052383, 9.46912002563, 8.68552684784, 7.29357051849, 5.60850763321, 3.99193525314, 2.04644989967, 1.43344068527, 1.26104199886, 1.32840049267, 1.25438714027, 0.868648350239, 0.552280128002, 0.150118455291, 0.0186381600797, 0.00180552923121, 0.000171478503034, 1.46469310494e-05],
        "min": [1.49555955886e-06, 1.28739984575e-05, 0.000222005517571, 0.00117412116379, 0.0134653290734, 0.141524985433, 0.204973250628, 0.080999404192, 0.269486665726, 0.107407018542, 0.170790269971, 0.483515650034, 0.236432388425, 0.109541907907, 0.348185032606, 0.602447509766, 0.678988575935, 0.644437432289, 0.947040498257, 0.718331158161, 0.734852790833, 0.516032040119, 0.852934479713, 1.01569318771, 0.884937107563, 0.715763449669, 0.540312945843, 0.30465143919, 0.19935451448, 0.0951651111245, 0.0844979286194, 0.089427292347, 0.0745888352394, 0.0331594273448, 0.0145303187892, 0.0040189367719, 0.000499154615682, 5.26555886609e-05, 6.08376194577e-06, 1.34184824674e-06],
        "var": [5.08531661225e-09, 6.14502778262e-06, 0.00685045635328, 1.73704016209, 55.8256874084, 1424.29919434, 25815.7050781, 2765.56469727, 542.530395508, 57.8920516968, 214.817474365, 507.098388672, 758.045288086, 410.256103516, 616.76348877, 1113.71643066, 638.529846191, 427.47052002, 170.905075073, 320.30368042, 678.669494629, 644.223876953, 349.517150879, 316.436279297, 460.009002686, 191.493789673, 73.4061203003, 31.7543544769, 8.93773078918, 3.0862019062, 2.50530719757, 2.02972316742, 2.59236121178, 1.27872002125, 0.376918971539, 0.0303906090558, 0.000471181614557, 4.06807885156e-06, 5.53636319012e-08, 1.94922722407e-09]
    },
    "gfcc": {
        "mean": [-34.9640388489, 18.4739265442, -152.19770813, 11.0075263977, -88.461769104, -10.1999120712, -69.7322845459, -5.34519290924, -51.0742530823, -4.31841278076, -23.8299808502, -6.51639556885, -10.4473018646],
        "cov": [[3154.5324707, 178.005462646, 31.3311157227, -249.651077271, -29.391664505, -100.046737671, -128.63381958, -65.3949966431, -139.021652222, -73.678604126, -8.85672092438, 24.4921035767, 42.0069770813], [178.005462646, 513.417785645, 220.021789551, 28.3298187256, 63.7366714478, 33.2087364197, 25.8142776489, -13.084482193, -3.28815340996, -52.7927780151, -14.5613937378, -50.3008804321, -2.66106390953], [31.3311157227, 220.021789551, 404.150695801, 291.099365234, 218.833358765, 91.4903259277, 41.4172134399, 25.5148143768, -21.278181076, -42.1566352844, -91.9974212646, -111.55443573, -100.686698914], [-249.651077271, 28.3298187256, 291.099365234, 309.346588135, 205.776138306, 86.696434021, 42.0935630798, 29.5162162781, -0.626604914665, -6.87713479996, -68.6957702637, -82.4253540039, -95.3929672241], [-29.391664505, 63.7366714478, 218.833358765, 205.776138306, 189.708892822, 90.0075683594, 41.6195220947, 24.9006328583, -7.51220989227, -9.45804691315, -48.0763092041, -60.7679672241, -74.6350860596], [-100.046737671, 33.2087364197, 91.4903259277, 86.696434021, 90.0075683594, 77.2793045044, 45.1495056152, 30.527305603, 15.0186595917, 1.60253322124, -18.3951435089, -25.2838401794, -38.7038803101], [-128.63381958, 25.8142776489, 41.4172134399, 42.0935630798, 41.6195220947, 45.1495056152, 46.3430709839, 31.5590744019, 21.262928009, 9.88279438019, -3.40428709984, -9.39011955261, -16.1699333191], [-65.3949966431, -13.084482193, 25.5148143768, 29.5162162781, 24.9006328583, 30.527305603, 31.5590744019, 37.1920394897, 26.6841087341, 8.20261573792, -4.38665008545, -2.23481869698, -11.5931787491], [-139.021652222, -3.28815340996, -21.278181076, -0.626604914665, -7.51220989227, 15.0186595917, 21.262928009, 26.6841087341, 47.0960388184, 24.5301780701, 21.4005222321, 14.6304702759, 4.58980703354], [-73.678604126, -52.7927780151, -42.1566352844, -6.87713479996, -9.45804691315, 1.60253322124, 9.88279438019, 8.20261573792, 24.5301780701, 49.5902557373, 37.3853263855, 16.8531742096, 1.13844954967], [-8.85672092438, -14.5613937378, -91.9974212646, -68.6957702637, -48.0763092041, -18.3951435089, -3.40428709984, -4.38665008545, 21.4005222321, 37.3853263855, 60.6771392822, 41.5227241516, 28.9467334747], [24.4921035767, -50.3008804321, -111.55443573, -82.4253540039, -60.7679672241, -25.2838401794, -9.39011955261, -2.23481869698, 14.6304702759, 16.8531742096, 41.5227241516, 51.6633415222, 38.5854263306], [42.0069770813, -2.66106390953, -100.686698914, -95.3929672241, -74.6350860596, -38.7038803101, -16.1699333191, -11.5931787491, 4.58980703354, 1.13844954967, 28.9467334747, 38.5854263306, 49.9327163696]],
        "icov": [[0.000661815924104, -0.000153179236804, -0.00121791486163, 0.00234198383987, -0.00173387036193, 0.000446954829386, 0.00314071960747, -0.00299649778754, 0.00219268864021, -0.00144602474757, 0.000700273842085, -0.00157799560111, 0.000174419939867], [-0.000153179236804, 0.0138207618147, -0.0182024016976, 0.0154245961457, -0.00613627117127, 0.00550071988255, -0.0234998147935, 0.0333619862795, -0.0239589232951, 0.0188823658973, -0.0156414266676, 0.0115975635126, -0.00926624145359], [-0.00121791486163, -0.0182024016976, 0.041958976537, -0.0340302251279, 0.00668312376365, -0.00626985402778, 0.0259956438094, -0.0467107519507, 0.0294067990035, -0.00929218996316, 0.00677129067481, 0.00950236432254, 0.00859330408275], [0.00234198383987, 0.0154245961457, -0.0340302251279, 0.0494217909873, -0.0299258381128, 0.0197448730469, -0.0214221123606, 0.0389964543283, -0.0328237898648, 0.00456531578675, 0.00351513572969, -0.00509009556845, 0.00214808760211], [-0.00173387036193, -0.00613627117127, 0.00668312376365, -0.0299258381128, 0.049463827163, -0.0356228239834, 0.0109137753025, -0.0135685512796, 0.0237373542041, -0.00472905067727, -0.00362782482989, -0.00402528326958, 0.00728230923414], [0.000446954829386, 0.00550071988255, -0.00626985402778, 0.0197448730469, -0.0356228239834, 0.0798730701208, -0.0595767907798, 0.0259332824498, -0.0299204979092, 0.0208769794554, -0.00196460005827, -0.00933083985001, 0.0310125406832], [0.00314071960747, -0.0234998147935, 0.0259956438094, -0.0214221123606, 0.0109137753025, -0.0595767907798, 0.154666826129, -0.134877130389, 0.0667377263308, -0.0489679910243, 0.011147595942, 0.00672314176336, -0.020171996206], [-0.00299649778754, 0.0333619862795, -0.0467107519507, 0.0389964543283, -0.0135685512796, 0.0259332824498, -0.134877130389, 0.219180822372, -0.12331854552, 0.0417055264115, 0.0123925032094, -0.0185219999403, 0.00915332417935], [0.00219268864021, -0.0239589232951, 0.0294067990035, -0.0328237898648, 0.0237373542041, -0.0299204979092, 0.0667377263308, -0.12331854552, 0.11844496429, -0.045846812427, 0.00204265047796, -0.00996681302786, -0.00458734063432], [-0.00144602474757, 0.0188823658973, -0.00929218996316, 0.00456531578675, -0.00472905067727, 0.0208769794554, -0.0489679910243, 0.0417055264115, -0.045846812427, 0.104755476117, -0.0837787911296, 0.0377924107015, 0.0163360256702], [0.000700273842085, -0.0156414266676, 0.00677129067481, 0.00351513572969, -0.00362782482989, -0.00196460005827, 0.011147595942, 0.0123925032094, 0.00204265047796, -0.0837787911296, 0.125791981816, -0.0779902860522, 0.0075543015264], [-0.00157799560111, 0.0115975635126, 0.00950236432254, -0.00509009556845, -0.00402528326958, -0.00933083985001, 0.00672314176336, -0.0185219999403, -0.00996681302786, 0.0377924107015, -0.0779902860522, 0.135412678123, -0.0633633211255], [0.000174419939867, -0.00926624145359, 0.00859330408275, 0.00214808760211, 0.00728230923414, 0.0310125406832, -0.020171996206, 0.00915332417935, -0.00458734063432, 0.0163360256702, 0.0075543015264, -0.0633633211255, 0.115968100727]]
    },
    "melbands": {
        "dmean": [4.14769942836e-07, 1.54534045578e-05, 0.000245259230724, 0.000596167752519, 0.00170054065529, 0.000587415182963, 0.000109467022412, 4.33009918197e-05, 6.43561434117e-05, 5.96262798354e-05, 5.71502423554e-05, 4.14625428675e-05, 3.024961552e-05, 3.94397284254e-05, 3.51647722709e-05, 1.85341632459e-05, 1.82312851393e-05, 9.73158148554e-06, 1.17212757687e-05, 1.24012221931e-05, 1.69696522789e-05, 1.34365409394e-05, 1.062292813e-05, 8.23385744297e-06, 7.44564613342e-06, 6.1371947595e-06, 5.8996088228e-06, 4.62892512587e-06, 3.19283117278e-06, 2.10201551454e-06, 1.84585053375e-06, 1.10179212243e-06, 6.63250773414e-07, 4.37832483158e-07, 4.41429108378e-07, 5.49426317775e-07, 5.06696949287e-07, 6.53267989037e-07, 5.57454143291e-07, 4.95596395922e-07],
        "dmean2": [6.99208783317e-07, 2.57452247752e-05, 0.000422581506427, 0.00100803852547, 0.00306472810917, 0.00102441292256, 0.000189426427823, 7.87075623521e-05, 0.000102299949504, 9.2360904091e-05, 8.96247220226e-05, 6.95346898283e-05, 5.26470430486e-05, 6.19617640041e-05, 5.46402552573e-05, 3.15352772304e-05, 2.67009581876e-05, 1.45308722495e-05, 1.7149708583e-05, 2.01843395189e-05, 2.85192090814e-05, 1.9590714146e-05, 1.70842358784e-05, 1.10221535579e-05, 9.18480691325e-06, 8.77497222973e-06, 8.3419645307e-06, 6.37790844848e-06, 3.8573675738e-06, 2.75501884062e-06, 2.58868158198e-06, 1.77537867785e-06, 7.87427154592e-07, 5.44193198948e-07, 5.81048709591e-07, 8.34813079109e-07, 7.59884926538e-07, 8.79491153682e-07, 8.60523130086e-07, 7.86556881849e-07],
        "dvar": [5.90419043951e-13, 9.04885888442e-10, 2.37116623225e-07, 1.47135040152e-06, 3.32475392497e-05, 3.35316212841e-06, 1.15849807969e-07, 7.10270020576e-09, 2.25214833449e-08, 1.3859743575e-08, 1.38252911341e-08, 9.2209955227e-09, 6.01231953112e-09, 7.24639859229e-09, 4.58271687265e-09, 9.84712089647e-10, 6.58169407863e-10, 1.86280837977e-10, 3.43503669953e-10, 4.01529226535e-10, 1.5042612711e-09, 7.87073350939e-10, 4.29139057623e-10, 1.2625030188e-10, 1.09075297405e-10, 8.07190703167e-11, 8.51846440608e-11, 2.64795251698e-11, 1.21251116786e-11, 5.26320523622e-12, 3.53228080466e-12, 2.74308830858e-12, 5.65783531137e-13, 2.14621343701e-13, 2.3899754246e-13, 3.38479624103e-13, 3.22170377398e-13, 4.47049623882e-13, 3.52549234381e-13, 5.4249888002e-13],
        "dvar2": [1.75372628745e-12, 2.31898678038e-09, 6.19876800556e-07, 3.23177187056e-06, 9.03892578208e-05, 8.98891266843e-06, 3.22067677416e-07, 2.06915782286e-08, 5.40922258097e-08, 2.94173343462e-08, 2.75455160903e-08, 2.33520474069e-08, 1.54967576549e-08, 1.50480712335e-08, 1.15403890888e-08, 1.98890837133e-09, 1.13001386026e-09, 3.80878467654e-10, 4.24369983598e-10, 1.02826935855e-09, 4.09423694947e-09, 2.02744643296e-09, 1.13902687282e-09, 2.81651230116e-10, 2.10304190729e-10, 8.76467440292e-11, 1.31874719478e-10, 5.30893801143e-11, 1.96122389162e-11, 8.83419379316e-12, 8.23705600256e-12, 6.88212984865e-12, 1.04824048747e-12, 3.99883685193e-13, 2.99557335317e-13, 8.84500589091e-13, 6.8409253956e-13, 7.66812394831e-13, 8.45009012849e-13, 1.27706786118e-12],
        "max": [3.38920995091e-06, 0.00014413689496, 0.00236906297505, 0.00702389329672, 0.032881706953, 0.0108821559697, 0.00202516280115, 0.000441835960373, 0.000710429216269, 0.000635014439467, 0.000639663019683, 0.000555759062991, 0.000477348192362, 0.000526282005012, 0.000383331120247, 0.000166345475009, 0.000154077046318, 7.94330990175e-05, 0.000139148338349, 0.000108005471702, 0.000225885480177, 0.000179910217412, 0.000125921040308, 8.27371914056e-05, 8.96020719665e-05, 6.57402561046e-05, 7.08529769327e-05, 4.33233944932e-05, 3.35949589498e-05, 2.32635866269e-05, 1.47030850712e-05, 1.07633932203e-05, 5.96001746089e-06, 4.16708462581e-06, 4.5626939027e-06, 3.75968488697e-06, 3.47900504494e-06, 5.802587566e-06, 4.41492011305e-06, 4.88799332743e-06],
        "mean": [3.51361762796e-07, 1.18257539725e-05, 0.000185647106264, 0.000495828513522, 0.00108863564674, 0.000430907530244, 9.57646625466e-05, 4.185384023e-05, 6.302366819e-05, 7.65882214182e-05, 6.21476501692e-05, 3.41818631568e-05, 3.19704304275e-05, 4.74443550047e-05, 4.15722752223e-05, 2.74730700767e-05, 2.55644408753e-05, 1.55525067385e-05, 1.8253482267e-05, 1.47233622556e-05, 1.8807268134e-05, 1.65632609423e-05, 1.30763883135e-05, 1.14911417768e-05, 1.14068752737e-05, 1.16238234114e-05, 1.03597922134e-05, 8.19932301965e-06, 5.74990463065e-06, 4.06088383897e-06, 3.08229755319e-06, 1.84967143468e-06, 1.35416757985e-06, 9.72601242211e-07, 1.0034124216e-06, 1.00149861737e-06, 1.07312530417e-06, 1.22915650991e-06, 1.01147043097e-06, 9.70259748101e-07],
        "median": [1.02788838774e-07, 1.15660475331e-06, 4.40592193627e-05, 0.000100154109532, 8.28831907711e-05, 5.86551213928e-05, 2.56616876868e-05, 1.12764955702e-05, 1.37197357617e-05, 1.89498477994e-05, 1.44005798575e-05, 7.79416677688e-06, 8.38051801111e-06, 1.00457300505e-05, 1.21095554277e-05, 9.16558656172e-06, 8.83027860255e-06, 8.11806421552e-06, 8.01912938186e-06, 7.61050296205e-06, 9.12791529117e-06, 7.69200505601e-06, 7.20238176655e-06, 6.55724397802e-06, 7.34864352125e-06, 6.39189738649e-06, 4.78403035231e-06, 5.00420537719e-06, 3.98277779823e-06, 2.64908430836e-06, 2.09892095882e-06, 1.2358254935e-06, 8.66465200033e-07, 7.91681429746e-07, 7.08029290308e-07, 7.4719667964e-07, 8.53622623254e-07, 8.71357087817e-07, 7.27268229639e-07, 6.99616748534e-07],
        "min": [2.52923570976e-09, 4.02299917823e-08, 2.7476772857e-07, 6.11111317994e-06, 7.12995324648e-06, 1.76545381692e-06, 3.88553598896e-06, 7.88136105712e-07, 1.27606347178e-06, 3.35204822477e-06, 9.27476378365e-07, 3.32666388658e-07, 9.11699203243e-07, 1.19495371109e-06, 1.46089610098e-06, 1.2711374211e-06, 1.08903577711e-06, 1.26841541714e-06, 9.91598540168e-07, 7.16711440418e-07, 6.63648506816e-07, 4.56307731156e-07, 7.29879161554e-07, 6.05784180152e-07, 8.4822994495e-07, 7.04316619249e-07, 5.04058334627e-07, 4.39873986124e-07, 3.88883250935e-07, 2.18825093157e-07, 1.67235995718e-07, 1.28921541886e-07, 5.74030458722e-08, 4.85478786061e-08, 3.96576922412e-08, 5.9690812293e-08, 4.76628905233e-08, 5.82795820492e-08, 3.20194608605e-08, 2.66481396949e-08],
        "var": [4.52392843239e-13, 7.96519461499e-10, 1.61786857689e-07, 1.41346163218e-06, 2.23677270696e-05, 2.42246073867e-06, 8.00766244424e-08, 5.49142020745e-09, 2.15754969446e-08, 2.058238735e-08, 1.88697502068e-08, 7.7320825298e-09, 5.72235325791e-09, 1.06077004958e-08, 5.89114890204e-09, 1.65427949117e-09, 1.53213286502e-09, 3.28936433647e-10, 7.47326422967e-10, 4.89834173223e-10, 1.2030636487e-09, 8.10954747799e-10, 4.25533663861e-10, 2.03628697237e-10, 2.14851567093e-10, 2.14324599734e-10, 2.17323187224e-10, 7.14319575712e-11, 3.56684889957e-11, 1.8117641068e-11, 8.87334303257e-12, 3.54671240294e-12, 1.69916229524e-12, 6.24294236098e-13, 8.73247546322e-13, 7.52514153421e-13, 7.45650557358e-13, 1.50941130254e-12, 7.78710158422e-13, 1.05406232787e-12]
    },
    "mfcc": {
        "mean": [-666.793334961, 57.4192771912, -26.7413406372, 0.815183699131, -14.2859783173, -21.5819301605, -14.1192827225, -24.3269996643, -20.4710140228, -17.5780963898, -17.9342250824, -13.1620149612, -14.9551105499],
        "cov": [[2990.6237793, 189.815795898, -146.53503418, -255.693359375, -109.660919189, -184.782623291, -85.1483383179, -113.416442871, -136.835327148, -165.786743164, -134.973449707, -98.4746780396, -30.8442211151], [189.815795898, 427.095550537, 118.26096344, -15.1430578232, 14.8742952347, 4.95513296127, 22.6255912781, 16.970539093, 2.31230378151, -11.3718185425, -2.27427649498, -29.2875747681, -16.8885383606], [-146.53503418, 118.26096344, 213.711837769, 171.666564941, 135.186309814, 80.3761749268, 62.5104827881, 46.3203125, 49.8021125793, 42.1899032593, 25.9155502319, -14.5650720596, -20.6984405518], [-255.693359375, -15.1430578232, 171.666564941, 230.925354004, 166.088027954, 103.988243103, 71.0045928955, 37.2164955139, 41.3155822754, 52.1872749329, 30.3433856964, -9.87556552887, -21.9533138275], [-109.660919189, 14.8742952347, 135.186309814, 166.088027954, 164.792922974, 100.992576599, 71.3379821777, 46.5292320251, 39.7210540771, 39.2655334473, 28.0287017822, -3.15984153748, -11.377655983], [-184.782623291, 4.95513296127, 80.3761749268, 103.988243103, 100.992576599, 88.1742553711, 60.8270988464, 37.3933868408, 34.89220047, 38.4276885986, 29.5811920166, 16.8031463623, 6.23598384857], [-85.1483383179, 22.6255912781, 62.5104827881, 71.0045928955, 71.3379821777, 60.8270988464, 64.1433334351, 33.5001220703, 26.8079051971, 29.2300338745, 23.8196029663, 6.61277914047, 2.49738550186], [-113.416442871, 16.970539093, 46.3203125, 37.2164955139, 46.5292320251, 37.3933868408, 33.5001220703, 62.0429000854, 46.7529830933, 25.5749282837, 19.7045536041, 15.1644506454, 4.35568475723], [-136.835327148, 2.31230378151, 49.8021125793, 41.3155822754, 39.7210540771, 34.89220047, 26.8079051971, 46.7529830933, 53.7356262207, 34.5887832642, 19.5577411652, 16.9085083008, 8.41516017914], [-165.786743164, -11.3718185425, 42.1899032593, 52.1872749329, 39.2655334473, 38.4276885986, 29.2300338745, 25.5749282837, 34.5887832642, 52.4106636047, 34.0525588989, 24.8629379272, 14.070980072], [-134.973449707, -2.27427649498, 25.9155502319, 30.3433856964, 28.0287017822, 29.5811920166, 23.8196029663, 19.7045536041, 19.5577411652, 34.0525588989, 47.0848388672, 34.0544471741, 24.0827007294], [-98.4746780396, -29.2875747681, -14.5650720596, -9.87556552887, -3.15984153748, 16.8031463623, 6.61277914047, 15.1644506454, 16.9085083008, 24.8629379272, 34.0544471741, 58.2809562683, 41.3534469604], [-30.8442211151, -16.8885383606, -20.6984405518, -21.9533138275, -11.377655983, 6.23598384857, 2.49738550186, 4.35568475723, 8.41516017914, 14.070980072, 24.0827007294, 41.3534469604, 50.3513755798]],
