{
"lowlevel": {
    "average_loudness": 0.960506916046,
    "barkbands_crest": {
        "dmean": 3.00313854218,
        "dmean2": 5.11946439743,
        "dvar": 6.11846780777,
        "dvar2": 17.3822422028,
        "max": 20.429857254,
        "mean": 11.6227941513,
        "median": 11.2477521896,
        "min": 4.11680841446,
        "var": 11.4123973846
    },
    "barkbands_flatness_db": {
        "dmean": 0.0323674716055,
        "dmean2": 0.053141541779,
        "dvar": 0.000802306225523,
        "dvar2": 0.00221578963101,
        "max": 0.300993621349,
        "mean": 0.187627896667,
        "median": 0.192108541727,
        "min": 0.0387240238488,
        "var": 0.0032643051818
    },
    "barkbands_kurtosis": {
        "dmean": 17.0709896088,
        "dmean2": 29.7867679596,
        "dvar": 288.500396729,
        "dvar2": 838.665710449,
        "max": 135.008468628,
        "mean": 38.7415924072,
        "median": 34.6656341553,
        "min": -0.116334199905,
        "var": 816.327331543
    },
    "barkbands_skewness": {
        "dmean": 1.23078644276,
        "dmean2": 2.12908124924,
        "dvar": 0.916371703148,
        "dvar2": 2.65364003181,
        "max": 9.34095001221,
        "mean": 4.74841213226,
        "median": 4.55246686935,
        "min": 0.608608543873,
        "var": 3.23648953438
    },
    "barkbands_spread": {
        "dmean": 4.00051450729,
        "dmean2": 6.74420785904,
        "dvar": 20.4533729553,
        "dvar2": 56.3073387146,
        "max": 38.425151825,
        "mean": 9.8120470047,
        "median": 7.41949892044,
        "min": 1.60094702244,
        "var": 57.6832618713
    },
    "dissonance": {
        "dmean": 0.0302978735417,
        "dmean2": 0.0490136742592,
        "dvar": 0.000731099105906,
        "dvar2": 0.00179289013613,
        "max": 0.5,
        "mean": 0.445317953825,
        "median": 0.45510211587,
        "min": 0.326301842928,
        "var": 0.00130271317903
    },
    "dynamic_complexity": 3.21677732468,
    "erbbands_crest": {
        "dmean": 3.47690296173,
        "dmean2": 5.93550014496,
        "dvar": 7.81704235077,
        "dvar2": 20.2360801697,
        "max": 24.4882698059,
        "mean": 11.4246416092,
        "median": 11.2958641052,
        "min": 3.75230574608,
        "var": 17.3587493896
    },
    "erbbands_flatness_db": {
        "dmean": 0.0278626997024,
        "dmean2": 0.0465096011758,
        "dvar": 0.000563283276279,
        "dvar2": 0.0016586742131,
        "max": 0.256005823612,
        "mean": 0.160491839051,
        "median": 0.159808084369,
        "min": 0.0779929235578,
        "var": 0.00174600246828
    },
    "erbbands_kurtosis": {
        "dmean": 6.70655870438,
        "dmean2": 11.5250968933,
        "dvar": 52.388584137,
        "dvar2": 158.673477173,
        "max": 51.6868057251,
        "mean": 11.624920845,
        "median": 8.37414264679,
        "min": -0.955037593842,
        "var": 108.193817139
    },
    "erbbands_skewness": {
        "dmean": 0.765779912472,
        "dmean2": 1.29963803291,
        "dvar": 0.454146832228,
        "dvar2": 1.34308004379,
        "max": 6.06605911255,
        "mean": 2.59097146988,
        "median": 2.5287232399,
        "min": -0.0891724228859,
        "var": 1.45824635029
    },
    "erbbands_spread": {
        "dmean": 10.2949428558,
        "dmean2": 17.7223930359,
        "dvar": 124.473205566,
        "dvar2": 342.256835938,
        "max": 68.5753326416,
        "mean": 22.1702194214,
        "median": 18.8863105774,
        "min": 4.54657125473,
        "var": 197.631530762
    },
    "hfc": {
        "dmean": 3.02788162231,
        "dmean2": 5.01090812683,
        "dvar": 14.3872728348,
        "dvar2": 41.0567054749,
        "max": 35.1745681763,
        "mean": 8.42216491699,
        "median": 6.24149465561,
        "min": 2.52467560768,
        "var": 38.279586792
    },
    "melbands_crest": {
        "dmean": 3.17848467827,
        "dmean2": 5.44178199768,
        "dvar": 6.55002307892,
        "dvar2": 17.5341968536,
        "max": 27.5651359558,
        "mean": 14.3504085541,
        "median": 14.4719734192,
        "min": 6.15348911285,
        "var": 13.7275476456
    },
    "melbands_flatness_db": {
        "dmean": 0.0403696224093,
        "dmean2": 0.0658996030688,
        "dvar": 0.00129568518605,
        "dvar2": 0.00367053342052,
        "max": 0.441692143679,
        "mean": 0.304090708494,
        "median": 0.31125870347,
        "min": 0.0963191315532,
        "var": 0.00491737015545
    },
    "melbands_kurtosis": {
        "dmean": 20.1913223267,
        "dmean2": 34.9021568298,
        "dvar": 572.744262695,
        "dvar2": 1495.56799316,
        "max": 231.589553833,
        "mean": 39.8559799194,
        "median": 27.1131820679,
        "min": 2.11781454086,
        "var": 1349.58215332
    },
    "melbands_skewness": {
        "dmean": 1.23005461693,
        "dmean2": 2.15192437172,
        "dvar": 1.36648607254,
        "dvar2": 3.71005916595,
        "max": 10.6296157837,
        "mean": 3.51737785339,
        "median": 3.29270458221,
        "min": 0.494160234928,
        "var": 2.63592267036
    },
    "melbands_spread": {
        "dmean": 2.43649983406,
        "dmean2": 4.26961708069,
        "dvar": 20.1243267059,
        "dvar2": 56.0391616821,
        "max": 38.855430603,
        "mean": 5.11447954178,
        "median": 3.54299426079,
        "min": 0.787971496582,
        "var": 26.8907527924
    },
    "pitch_salience": {
        "dmean": 0.0911468714476,
        "dmean2": 0.154154986143,
        "dvar": 0.00471631111577,
        "dvar2": 0.0111465640366,
        "max": 0.844608426094,
        "mean": 0.626014769077,
        "median": 0.640907943249,
        "min": 0.301341414452,
        "var": 0.0102948322892
    },
    "silence_rate_20dB": {
        "dmean": 0,
        "dmean2": 0,
        "dvar": 0,
        "dvar2": 0,
        "max": 1,
        "mean": 1,
        "median": 1,
        "min": 1,
        "var": 0
    },
    "silence_rate_30dB": {
        "dmean": 0.0117647061124,
        "dmean2": 0.0177514795214,
        "dvar": 0.0116262910888,
        "dvar2": 0.0174364373088,
        "max": 1,
        "mean": 0.988304078579,
        "median": 1,
        "min": 0,
        "var": 0.0115591688082
    },
    "silence_rate_60dB": {
        "dmean": 0.0176470596343,
        "dmean2": 0.0295857992023,
        "dvar": 0.0173356160522,
        "dvar2": 0.0287104360759,
        "max": 1,
        "mean": 0.0175438597798,
        "median": 0,
        "min": 0,
        "var": 0.0172360800207
    },
    "spectral_centroid": {
        "dmean": 118.671943665,
        "dmean2": 208.206100464,
        "dvar": 42584.8671875,
        "dvar2": 118967.765625,
        "max": 1830.63903809,
        "mean": 410.235198975,
        "median": 340.268554688,
        "min": 212.094833374,
        "var": 49190.6953125
    },
    "spectral_complexity": {
        "dmean": 1.84117650986,
        "dmean2": 3.08875751495,
        "dvar": 3.95712995529,
        "dvar2": 9.95070743561,
        "max": 20,
        "mean": 8.05847930908,
        "median": 7,
        "min": 3,
        "var": 10.055056572
    },
    "spectral_decrease": {
        "dmean": 2.55854071263e-09,
        "dmean2": 4.03979960595e-09,
        "dvar": 1.20705867666e-17,
        "dvar2": 3.39008095741e-17,
        "max": -3.85253523527e-10,
        "mean": -5.29492405477e-09,
        "median": -3.01891334153e-09,
        "min": -3.55118139339e-08,
        "var": 3.52102000879e-17
    },
    "spectral_energy": {
        "dmean": 0.00991569086909,
        "dmean2": 0.0156477987766,
        "dvar": 0.000179877766641,
        "dvar2": 0.000506307580508,
        "max": 0.137220099568,
        "mean": 0.0207481961697,
        "median": 0.0119790285826,
        "min": 0.00173232378438,
        "var": 0.000526091316715
    },
    "spectral_energyband_high": {
        "dmean": 6.90101369401e-05,
        "dmean2": 0.000125600825413,
        "dvar": 1.63704303446e-08,
        "dvar2": 4.54103066261e-08,
        "max": 0.000893152086064,
        "mean": 0.000134093425004,
        "median": 0.00010133208707,
        "min": 6.22443913016e-05,
        "var": 1.11238831479e-08
    },
    "spectral_energyband_low": {
        "dmean": 0.00274701579474,
        "dmean2": 0.00428551808,
        "dvar": 2.35136540141e-05,
        "dvar2": 5.85015550314e-05,
        "max": 0.0370218902826,
        "mean": 0.004055025056,
        "median": 0.000953635550104,
        "min": 6.25853353995e-05,
        "var": 5.20198773302e-05
    },
    "spectral_energyband_middle_high": {
        "dmean": 0.000306658272166,
        "dmean2": 0.000536179752089,
        "dvar": 3.51692392542e-07,
        "dvar2": 1.01369300864e-06,
        "max": 0.00458233384416,
        "mean": 0.000420855765697,
        "median": 0.000180835471838,
        "min": 1.72256277438e-05,
        "var": 4.46250055575e-07
    },
    "spectral_energyband_middle_low": {
        "dmean": 0.00879356544465,
        "dmean2": 0.0140086179599,
        "dvar": 0.00014977864339,
        "dvar2": 0.000417190138251,
        "max": 0.132874250412,
        "mean": 0.017892004922,
        "median": 0.0101635763422,
        "min": 0.00102700979915,
        "var": 0.000442328717327
    },
    "spectral_entropy": {
        "dmean": 0.379667073488,
        "dmean2": 0.633255898952,
        "dvar": 0.0966961458325,
        "dvar2": 0.282422453165,
        "max": 8.36425304413,
        "mean": 6.78790378571,
        "median": 6.76179170609,
        "min": 5.6460442543,
        "var": 0.351164668798
    },
    "spectral_flux": {
        "dmean": 0.0203326735646,
        "dmean2": 0.0351399630308,
        "dvar": 0.000432346190792,
        "dvar2": 0.00122066866606,
        "max": 0.21632194519,
        "mean": 0.073155708611,
        "median": 0.0615795180202,
        "min": 0.0262274034321,
        "var": 0.00146164430771
    },
    "spectral_kurtosis": {
        "dmean": 4.43355417252,
        "dmean2": 7.60591220856,
        "dvar": 13.9366474152,
        "dvar2": 40.3306694031,
        "max": 30.4831733704,
        "mean": 11.9483652115,
        "median": 10.8133153915,
        "min": 1.77054977417,
        "var": 32.8420448303
    },
    "spectral_rms": {
        "dmean": 0.000952346075792,
        "dmean2": 0.00151251780335,
        "dvar": 7.59362251301e-07,
        "dvar2": 2.18968648369e-06,
        "max": 0.0115703614429,
        "mean": 0.00401515094563,
        "median": 0.00341860461049,
        "min": 0.00130002771039,
        "var": 4.12070539824e-06
    },
    "spectral_rolloff": {
        "dmean": 116.53263092,
        "dmean2": 205.393630981,
        "dvar": 81545.2265625,
        "dvar2": 222225.9375,
        "max": 2670.1171875,
        "mean": 443.256622314,
        "median": 366.064453125,
        "min": 215.33203125,
        "var": 88114.0234375
    },
    "spectral_skewness": {
        "dmean": 0.561956942081,
        "dmean2": 0.95346313715,
        "dvar": 0.1918836236,
        "dvar2": 0.554521799088,
        "max": 4.65349435806,
        "mean": 2.89798116684,
        "median": 2.85033917427,
        "min": 1.52462685108,
        "var": 0.486019790173
    },
    "spectral_spread": {
        "dmean": 1047332.625,
        "dmean2": 1718863.125,
        "dvar": 1.61715716096e+12,
        "dvar2": 2.58070570598e+12,
        "max": 21520710,
        "mean": 5623468,
        "median": 5404871,
        "min": 2669659.25,
        "var": 3.6474585088e+12
    },
    "spectral_strongpeak": {
        "dmean": 0.245165303349,
        "dmean2": 0.388205528259,
        "dvar": 0.0628087222576,
        "dvar2": 0.16517175734,
        "max": 2.20935511589,
        "mean": 0.547412157059,
        "median": 0.460517436266,
        "min": 0,
        "var": 0.129965960979
    },
    "zerocrossingrate": {
        "dmean": 0.0133817782626,
        "dmean2": 0.0192307699472,
        "dvar": 0.000124882295495,
        "dvar2": 0.000197486762772,
        "max": 0.1787109375,
        "mean": 0.0677054747939,
        "median": 0.06396484375,
        "min": 0.01953125,
        "var": 0.000972907640971
    },
    "barkbands": {
        "dmean": [0.000526911171619, 5.0535898481e-05, 0.0012253751047, 0.0028458039742, 0.00399871030822, 0.00396152911708, 0.000564521586057, 0.000189537226106, 0.000125958642457, 0.000101347352029, 6.22535881121e-05, 9.11429524422e-05, 2.89632589556e-05, 2.04440930247e-05, 2.69116371783e-05, 2.65619473794e-05, 1.81252707989e-05, 1.4674796148e-05, 2.1866248062e-05, 9.41269627219e-06, 7.85228348832e-06, 5.06989727e-06, 1.11066765385e-05, 1.86873367056e-05, 1.55385914695e-05, 4.16722650698e-06, 9.70321525529e-06],
        "dmean2": [0.000921429542359, 8.54415920912e-05, 0.00206096982583, 0.00408943369985, 0.00673134392127, 0.00655640242621, 0.000935207179282, 0.000308441201923, 0.000218866669456, 0.00017693763948, 0.000110286069685, 0.000161728195962, 5.00466230733e-05, 3.64257248293e-05, 4.83677140437e-05, 4.96302855026e-05, 3.37191740982e-05, 2.68594776571e-05, 4.08045343647e-05, 1.67864454852e-05, 1.40223974086e-05, 8.88629529072e-06, 2.0676641725e-05, 3.47338391293e-05, 2.81124212052e-05, 7.32889202482e-06, 1.66255686054e-05],
        "dvar": [3.04377039129e-07, 7.95728372083e-09, 5.23588778378e-06, 3.66720414604e-05, 3.17532212648e-05, 4.57875503344e-05, 9.70067276285e-07, 1.59940384492e-07, 2.94400361867e-08, 2.71958811027e-08, 2.83319607775e-08, 6.17415807369e-08, 2.02420458173e-09, 9.80117098592e-10, 4.56541204841e-09, 3.42197248315e-09, 1.16439746733e-09, 8.95584273408e-10, 1.75246572809e-09, 2.63523342037e-10, 1.903256025e-10, 6.86295256735e-11, 8.40142067027e-10, 1.22406573766e-09, 2.41615305541e-09, 2.7565974503e-10, 8.17112905116e-11],
        "dvar2": [8.29920509204e-07, 1.9480973279e-08, 1.31488968691e-05, 6.8508546974e-05, 8.54054815136e-05, 0.000127893828903, 2.40478721025e-06, 4.24472347049e-07, 8.12454956645e-08, 7.39141583495e-08, 8.83514346128e-08, 1.76481705694e-07, 4.72787542449e-09, 2.72800204648e-09, 1.30681430122e-08, 9.75893410526e-09, 3.27189542126e-09, 2.48661269353e-09, 5.01348296211e-09, 7.04485580982e-10, 5.19419673939e-10, 1.83689743971e-10, 2.40527309181e-09, 3.42526629282e-09, 6.95473056922e-09, 8.03542787864e-10, 2.17709447692e-10],
        "max": [0.00326460041106, 0.000911256647669, 0.0170173961669, 0.0802659168839, 0.056256018579, 0.0558372959495, 0.00837587751448, 0.00426919059828, 0.00155631988309, 0.00109148654155, 0.00118338060565, 0.00236955774017, 0.000347354070982, 0.000192668972886, 0.000473467371194, 0.000427183753345, 0.000189764527022, 0.000174935383257, 0.00023140446865, 0.00012607415556, 7.6868571341e-05, 4.77242938359e-05, 0.000241722373175, 0.000237183121499, 0.000469926482765, 0.000168623228092, 0.000145739802974],
        "mean": [0.000489989703055, 6.58451244817e-05, 0.00171740900259, 0.00454787211493, 0.00663591176271, 0.00527686020359, 0.000895243487321, 0.000258659856627, 0.000208622164791, 0.000127810242702, 7.00136806699e-05, 0.000104125152575, 4.24629324698e-05, 2.26086940529e-05, 2.40261942963e-05, 2.17350243474e-05, 1.51053091031e-05, 1.32494606078e-05, 1.6897540263e-05, 1.02315034383e-05, 8.32320074551e-06, 5.61122624276e-06, 1.02400581454e-05, 1.59304854606e-05, 1.55673296831e-05, 9.18537989492e-06, 7.49351384002e-05],
        "median": [0.000276746664895, 4.40974181402e-05, 0.000444775738288, 0.00135612906888, 0.00391954090446, 0.00270074862055, 0.000489491852932, 0.000118291558465, 0.000117785675684, 4.84674637846e-05, 1.81866616913e-05, 3.21200386679e-05, 1.48066465044e-05, 8.78616174305e-06, 6.50309721095e-06, 7.28666191208e-06, 5.89213141211e-06, 5.038441941e-06, 5.82681514061e-06, 4.92953950015e-06, 4.14564237872e-06, 3.20358390127e-06, 3.97933308705e-06, 6.45097861707e-06, 6.39027075522e-06, 7.1252457019e-06, 7.48412858229e-05],
        "min": [5.95329879616e-07, 7.45784859646e-07, 1.96935297936e-06, 3.24284301314e-05, 0.000159742747201, 0.000183335127076, 2.60263732343e-05, 5.71965301788e-06, 7.17162583896e-06, 1.65787446349e-06, 1.21908612982e-06, 1.9597850951e-06, 1.24603241147e-06, 7.61248429626e-07, 9.47474006807e-07, 6.90973308792e-07, 6.68341328947e-07, 5.77886225983e-07, 6.58093824768e-07, 8.71114536949e-07, 7.52677919991e-07, 7.47730268813e-07, 1.12916302442e-06, 1.71356168721e-06, 2.17307774619e-06, 4.39313089373e-06, 3.58650213457e-05],
        "var": [3.15005109996e-07, 9.02872709929e-09, 9.7414422271e-06, 9.46809741436e-05, 5.70020238229e-05, 5.58456267754e-05, 2.08525671042e-06, 1.8549100389e-07, 8.09545142033e-08, 3.88491194769e-08, 2.44162414731e-08, 5.38813793582e-08, 4.59215554471e-09, 1.19890208872e-09, 3.40289707523e-09, 2.22985319098e-09, 8.2205914298e-10, 6.71508904038e-10, 1.12327891433e-09, 2.34827796097e-10, 1.47572107312e-10, 5.2205195028e-11, 5.15174791715e-10, 7.759517473e-10, 1.45552458974e-09, 1.61435573243e-10, 1.02289753057e-10]
    },
    "erbbands": {
        "dmean": [0.00252005923539, 0.0225985292345, 0.857747137547, 6.30763244629, 15.1000041962, 10.0172681808, 25.2719173431, 31.0214099884, 11.0453567505, 5.06596803665, 3.33918881416, 2.41368293762, 4.57812356949, 1.400821805, 3.54449892044, 3.24197101593, 1.43977868557, 1.09666371346, 1.19735777378, 1.4942330122, 1.25197899342, 0.984971702099, 0.90601170063, 0.954275667667, 0.926922082901, 0.458197057247, 0.400882810354, 0.27096092701, 0.177489250898, 0.175312846899, 0.374815940857, 0.378678351641, 0.310807287693, 0.166697278619, 0.120543546975, 0.0288260318339, 0.00659791426733, 0.00313132512383, 0.00156922335736, 0.0002106037864],
        "dmean2": [0.00449371477589, 0.0357376933098, 1.38724339008, 9.68647289276, 24.8738994598, 17.3872318268, 44.39037323, 49.5708618164, 18.3073692322, 8.51234340668, 5.14713668823, 4.08542919159, 8.05573654175, 2.25364470482, 6.51541614532, 5.65237140656, 2.36331963539, 1.93559288979, 2.0817053318, 2.79816865921, 2.31526875496, 1.82104349136, 1.6680842638, 1.78499317169, 1.71496474743, 0.818448483944, 0.714693307877, 0.483957290649, 0.30904969573, 0.320405721664, 0.704477012157, 0.700664103031, 0.577813386917, 0.305239528418, 0.218427821994, 0.0516209974885, 0.0119797242805, 0.00560413394123, 0.00265083089471, 0.000353522831574],
        "dvar": [7.09851883585e-06, 0.00225880229846, 2.45398569107, 150.96484375, 526.02331543, 196.705352783, 2112.16772461, 2476.08300781, 299.879882812, 89.2198791504, 42.6111679077, 12.4259796143, 49.3321075439, 4.97505426407, 123.082252502, 69.0942077637, 4.76367616653, 3.01475572586, 5.52483797073, 16.5942726135, 6.39576911926, 3.36081266403, 3.43638801575, 3.61134386063, 3.09815144539, 0.589652121067, 0.536031067371, 0.275415658951, 0.0870207026601, 0.0912330448627, 1.2020868063, 0.525549948215, 0.348663032055, 0.12265047431, 0.260616868734, 0.0130280470476, 0.00103255489375, 2.44212587859e-05, 3.18435559166e-06, 2.19965823334e-08],
        "dvar2": [2.06993390748e-05, 0.00492853391916, 5.8640370369, 327.440124512, 1230.89697266, 490.325408936, 5676.078125, 6686.29492188, 758.281738281, 228.124145508, 93.1042327881, 28.0780391693, 143.751403809, 12.1467981339, 386.854278564, 193.824050903, 11.6472463608, 8.47727870941, 15.2770595551, 48.1450920105, 18.1811618805, 9.36494064331, 9.52642631531, 10.3224220276, 8.83319377899, 1.61128437519, 1.40977573395, 0.764486432076, 0.229487508535, 0.254729151726, 3.47777819633, 1.47518825531, 0.968792915344, 0.343741029501, 0.7566370368, 0.0376761928201, 0.00303761148825, 6.95152921253e-05, 9.13742405828e-06, 6.52621565678e-08],
        "max": [0.0222183465958, 0.505293130875, 12.8068656921, 136.105697632, 224.382598877, 109.655639648, 448.25970459, 385.770263672, 185.515426636, 123.898674011, 77.4385986328, 40.3309135437, 46.4908714294, 22.3928585052, 90.1088104248, 83.5948028564, 17.8756980896, 11.8712902069, 15.754406929, 27.75299263, 15.8516263962, 10.4425868988, 11.0102367401, 13.211892128, 12.1550331116, 5.30804538727, 5.38242912292, 3.6125087738, 1.80799520016, 1.972022295, 9.52383899689, 4.92675352097, 3.69530725479, 2.74793434143, 4.97485494614, 1.13050425053, 0.324472784996, 0.0591670647264, 0.0246216990054, 0.00203172443435],
        "mean": [0.00366324768402, 0.0394908078015, 1.31872928143, 9.76472568512, 24.3571357727, 16.8149662018, 32.1144676208, 40.4602622986, 20.2176837921, 7.99459695816, 5.1997885704, 4.2731180191, 5.98276042938, 2.45065879822, 3.86778783798, 3.95556998253, 2.05259752274, 1.32533073425, 1.22713160515, 1.2141379118, 1.05971693993, 0.8348133564, 0.788624882698, 0.776138365269, 0.761964678764, 0.493150353432, 0.403252452612, 0.290281206369, 0.200456470251, 0.195635214448, 0.329665958881, 0.323436677456, 0.268640369177, 0.167331844568, 0.115608096123, 0.0360592901707, 0.0162127781659, 0.0146988527849, 0.00834795925766, 0.00148811121471],
        "median": [0.00251202099025, 0.019782917574, 0.394588917494, 2.63246583939, 12.4898605347, 8.36369037628, 16.5578975677, 17.3574180603, 10.1827039719, 4.40642929077, 2.4962439537, 2.42579817772, 3.2168970108, 0.961196303368, 0.959414303303, 1.25771856308, 0.744408071041, 0.52750235796, 0.405517309904, 0.331064850092, 0.398234754801, 0.333333700895, 0.290630698204, 0.270506560802, 0.285446673632, 0.235345721245, 0.187176212668, 0.159441396594, 0.123118750751, 0.108644805849, 0.123514033854, 0.130965769291, 0.110328145325, 0.0744087994099, 0.0404949896038, 0.0183069389313, 0.0131002394482, 0.0142830470577, 0.00813222769648, 0.00148547405843],
        "min": [9.13519397727e-05, 0.00102221197449, 0.00425930647179, 0.0695775300264, 0.550272524357, 0.628587603569, 0.969416260719, 0.782003283501, 0.712270855904, 0.313914418221, 0.154431775212, 0.184860318899, 0.083423897624, 0.0542592890561, 0.0610241815448, 0.0606127120554, 0.0593885108829, 0.054056737572, 0.0398258008063, 0.0362593382597, 0.045890815556, 0.0374701917171, 0.0409611277282, 0.040064625442, 0.0374179035425, 0.0433926396072, 0.0330287888646, 0.0307127144188, 0.0277545973659, 0.0263682715595, 0.0319701246917, 0.0327139683068, 0.0308244861662, 0.0250193960965, 0.0128120835871, 0.00774127664044, 0.00900380592793, 0.00843197572976, 0.00413009943441, 0.000649998313747],
        "var": [9.2107029559e-06, 0.00430782372132, 5.03670787811, 366.442047119, 1108.32727051, 401.980072021, 2245.53198242, 3653.01391602, 858.560974121, 167.983123779, 68.0757217407, 38.68334198, 69.9161758423, 12.6218414307, 91.2743225098, 67.7244720459, 10.5870885849, 4.12686491013, 5.46882486343, 10.5228471756, 4.2599439621, 2.45580482483, 2.52660894394, 2.34254050255, 2.06799292564, 0.52919614315, 0.403202831745, 0.198461204767, 0.0663815960288, 0.0678377896547, 0.703908860683, 0.333770543337, 0.221543475986, 0.0809332728386, 0.15003824234, 0.00769457966089, 0.000578932813369, 1.82862586371e-05, 3.10760106004e-06, 3.7610327297e-08]
    },
    "gfcc": {
        "mean": [-57.7066764832, 82.7883682251, -39.6467857361, -10.2326812744, -53.5161781311, -23.9746208191, -42.2677574158, -19.6822338104, -28.511472702, -15.2334680557, -9.74418640137, -8.53071308136, -8.86853218079],
        "cov": [[1475.17382812, 160.012298584, -561.706665039, 39.6080055237, -89.0210494995, 160.630508423, -47.6973648071, 71.5862808228, -59.9331359863, -51.0845603943, 18.2320404053, -53.8386650085, -10.7234020233], [160.012298584, 454.99911499, 129.249389648, -93.9350357056, 4.0663599968, -72.0944137573, 32.2935562134, -62.6461334229, -28.8522109985, -30.2358455658, -27.7648067474, -6.09945869446, -37.5165710449], [-561.706665039, 129.249389648, 552.31036377, 62.1356391907, 8.78310871124, -100.707733154, -45.3378105164, -65.8849868774, -17.7327632904, 10.6264896393, -37.1543960571, 10.9509506226, -27.5672969818], [39.6080055237, -93.9350357056, 62.1356391907, 156.695526123, 23.527759552, 14.3467855453, -45.0260810852, 16.0676002502, 2.82808279991, -2.89570212364, 3.14008116722, -16.4156589508, -7.39983558655], [-89.0210494995, 4.0663599968, 8.78310871124, 23.527759552, 77.4856872559, 12.5874185562, 19.5900611877, -1.45207881927, 8.03284358978, -0.541464924812, -4.39997673035, -4.57799768448, -7.8251452446], [160.630508423, -72.0944137573, -100.707733154, 14.3467855453, 12.5874185562, 95.039390564, 11.705575943, 25.2548713684, -6.87882661819, 3.18711876869, 5.43103837967, -9.86965274811, 1.37017154694], [-47.6973648071, 32.2935562134, -45.3378105164, -45.0260810852, 19.5900611877, 11.705575943, 74.9908752441, 12.1552419662, 11.7316007614, 8.44587421417, 1.06212484837, 4.60782241821, 0.700660824776], [71.5862808228, -62.6461334229, -65.8849868774, 16.0676002502, -1.45207881927, 25.2548713684, 12.1552419662, 60.3782730103, 21.7906761169, 8.5236415863, 6.16134119034, -3.1589307785, 9.66476726532], [-59.9331359863, -28.8522109985, -17.7327632904, 2.82808279991, 8.03284358978, -6.87882661819, 11.7316007614, 21.7906761169, 48.3021011353, 20.0014591217, 8.19806098938, 3.35643768311, 7.77764749527], [-51.0845603943, -30.2358455658, 10.6264896393, -2.89570212364, -0.541464924812, 3.18711876869, 8.44587421417, 8.5236415863, 20.0014591217, 44.4196128845, 18.8318119049, 10.3419408798, 6.98061609268], [18.2320404053, -27.7648067474, -37.1543960571, 3.14008116722, -4.39997673035, 5.43103837967, 1.06212484837, 6.16134119034, 8.19806098938, 18.8318119049, 43.1529006958, 14.8114414215, 2.74233031273], [-53.8386650085, -6.09945869446, 10.9509506226, -16.4156589508, -4.57799768448, -9.86965274811, 4.60782241821, -3.1589307785, 3.35643768311, 10.3419408798, 14.8114414215, 30.1116905212, 14.1911363602], [-10.7234020233, -37.5165710449, -27.5672969818, -7.39983558655, -7.8251452446, 1.37017154694, 0.700660824776, 9.66476726532, 7.77764749527, 6.98061609268, 2.74233031273, 14.1911363602, 34.8193511963]],
        "icov": [[0.0213810019195, -0.0286794565618, 0.0290323495865, -0.0286992862821, 0.0275590568781, -0.0247567258775, 0.0248410999775, -0.0173147134483, 0.0196091923863, -0.0163759849966, 0.0136226871982, -0.00924912374467, 0.00564359780401], [-0.0286794565618, 0.0422747731209, -0.0396537594497, 0.0406398251653, -0.0373663604259, 0.0350511409342, -0.0349464528263, 0.0245484858751, -0.02549675107, 0.023869169876, -0.0186472516507, 0.0138585520908, -0.00519818067551], [0.0290323495865, -0.0396537594497, 0.0432505905628, -0.0417020581663, 0.0374287888408, -0.0308598298579, 0.0345163457096, -0.0218674819916, 0.0279882941395, -0.0268658064306, 0.0242027882487, -0.0175604708493, 0.0109818996862], [-0.0286992862821, 0.0406398251653, -0.0417020581663, 0.0515802539885, -0.0422489717603, 0.032080091536, -0.0265268236399, 0.0186890028417, -0.0265919510275, 0.0254305526614, -0.0242302417755, 0.0202419627458, -0.0080162351951], [0.0275590568781, -0.0373663604259, 0.0374287888408, -0.0422489717603, 0.0533552207053, -0.0350918471813, 0.0247935894877, -0.0173011440784, 0.0200088769197, -0.0195877123624, 0.0203213337809, -0.0142543576658, 0.0102227078751], [-0.0247567258775, 0.0350511409342, -0.0308598298579, 0.032080091536, -0.0350918471813, 0.0468484945595, -0.0309775415808, 0.0152518097311, -0.0131381386891, 0.0137430205941, -0.014929426834, 0.0145317399874, -0.0053801573813], [0.0248410999775, -0.0349464528263, 0.0345163457096, -0.0265268236399, 0.0247935894877, -0.0309775415808, 0.051537618041, -0.0261107627302, 0.0207165293396, -0.0224003661424, 0.017712296918, -0.0142382383347, 0.00895957183093], [-0.0173147134483, 0.0245484858751, -0.0218674819916, 0.0186890028417, -0.0173011440784, 0.0152518097311, -0.0261107627302, 0.0429615974426, -0.0275224298239, 0.0143210310489, -0.010195418261, 0.0100147854537, -0.00811336003244], [0.0196091923863, -0.02549675107, 0.0279882941395, -0.0265919510275, 0.0200088769197, -0.0131381386891, 0.0207165293396, -0.0275224298239, 0.0538565404713, -0.0295001026243, 0.0127978194505, -0.00539156422019, 0.00238479068503], [-0.0163759849966, 0.023869169876, -0.0268658064306, 0.0254305526614, -0.0195877123624, 0.0137430205941, -0.0224003661424, 0.0143210310489, -0.0295001026243, 0.0527336485684, -0.0277549419552, 0.00872098933905, -0.00900917034596], [0.0136226871982, -0.0186472516507, 0.0242027882487, -0.0242302417755, 0.0203213337809, -0.014929426834, 0.017712296918, -0.010195418261, 0.0127978194505, -0.0277549419552, 0.0530052669346, -0.0334150381386, 0.0178939178586], [-0.00924912374467, 0.0138585520908, -0.0175604708493, 0.0202419627458, -0.0142543576658, 0.0145317399874, -0.0142382383347, 0.0100147854537, -0.00539156422019, 0.00872098933905, -0.0334150381386, 0.0712557435036, -0.0307398345321], [0.00564359780401, -0.00519818067551, 0.0109818996862, -0.0080162351951, 0.0102227078751, -0.0053801573813, 0.00895957183093, -0.00811336003244, 0.00238479068503, -0.00900917034596, 0.0178939178586, -0.0307398345321, 0.0488213822246]]
    },
    "melbands": {
        "dmean": [3.49188630935e-05, 0.000307991431328, 0.00128212373238, 0.000969837594312, 0.000727611244656, 0.000688201282173, 0.000152964348672, 5.16387699463e-05, 2.44335460593e-05, 1.74753949977e-05, 2.28428743867e-05, 5.6876351664e-06, 9.52825394052e-06, 1.25000578919e-05, 4.85521513838e-06, 2.60853312284e-06, 2.01871830541e-06, 1.76292553533e-06, 2.20911965698e-06, 1.9972615064e-06, 1.34392564632e-06, 9.92303284875e-07, 8.93079686648e-07, 7.84525354902e-07, 7.6713774888e-07, 8.44701446567e-07, 4.14196250631e-07, 2.92309664474e-07, 2.89533062414e-07, 1.71670990312e-07, 1.54061879698e-07, 1.02505431698e-07, 9.31119359393e-08, 9.55517052148e-08, 2.18423139131e-07, 2.08883136565e-07, 2.54240973163e-07, 2.32681415469e-07, 1.71872926558e-07, 1.29140886429e-07],
        "dmean2": [6.22852312517e-05, 0.000511714373715, 0.00188672577497, 0.00162911578082, 0.00128024176229, 0.00110934814438, 0.000256314699072, 8.57102131704e-05, 3.70175366697e-05, 3.00748160953e-05, 4.02325385949e-05, 9.13771509659e-06, 1.72419677256e-05, 2.24169652938e-05, 8.11664904177e-06, 4.54773453384e-06, 3.62850573765e-06, 2.98784743791e-06, 4.08954065279e-06, 3.74913952328e-06, 2.47412481258e-06, 1.82360713552e-06, 1.65769790783e-06, 1.44211139741e-06, 1.43638055761e-06, 1.58410375661e-06, 7.53586448354e-07, 5.18939543781e-07, 5.08665038979e-07, 3.06337113898e-07, 2.73931647143e-07, 1.74826794819e-07, 1.6869566366e-07, 1.73423828187e-07, 4.11062728745e-07, 3.80147127998e-07, 4.74247514148e-07, 4.34670226923e-07, 3.13009593356e-07, 2.37977559436e-07],
        "dvar": [1.33199162811e-09, 3.44131422025e-07, 4.82738141727e-06, 2.09550171348e-06, 1.64319112628e-06, 1.2513899037e-06, 5.29427346407e-08, 1.10947722121e-08, 2.0679105095e-09, 5.83852688418e-10, 1.21184329238e-09, 8.02302738134e-11, 7.80719933147e-10, 1.431128549e-09, 7.25223353593e-11, 1.8352137518e-11, 1.01556055232e-11, 9.88205784563e-12, 3.88843922339e-11, 2.56090183781e-11, 7.21693755104e-12, 3.17590983893e-12, 4.31889593533e-12, 2.69112813631e-12, 2.55383106156e-12, 2.73168813958e-12, 6.14828554821e-13, 2.98970646417e-13, 3.62539235828e-13, 7.9848826932e-14, 1.07785586283e-13, 3.38193896173e-14, 2.14520207967e-14, 2.76795103629e-14, 4.78943978661e-13, 2.31615291182e-13, 2.71128958044e-13, 2.10355807751e-13, 9.10121316419e-14, 8.76169051049e-14],
        "dvar2": [3.86014376019e-09, 8.27718793062e-07, 1.00522092907e-05, 5.40076416655e-06, 4.42673854195e-06, 3.45057401319e-06, 1.29866663201e-07, 2.90990254115e-08, 4.26552748678e-09, 1.54424317778e-09, 3.52970497275e-09, 1.92827115386e-10, 2.42036124476e-09, 4.3142276418e-09, 1.74186068347e-10, 4.76542243166e-11, 2.87091895396e-11, 2.68847201446e-11, 1.12799471153e-10, 7.36059407869e-11, 2.06057150509e-11, 8.79758852573e-12, 1.23036719701e-11, 7.49746532219e-12, 7.33584634011e-12, 7.80544639339e-12, 1.73593875819e-12, 8.06128438741e-13, 9.46570512944e-13, 2.16623824456e-13, 3.01947215061e-13, 8.80131674464e-14, 5.91399894551e-14, 7.72118846182e-14, 1.39648351476e-12, 6.57375900676e-13, 7.68481090395e-13, 5.89940639742e-13, 2.50186752825e-13, 2.48146663807e-13],
        "max": [0.000219292516704, 0.00471158884466, 0.0280919745564, 0.0137325236574, 0.0123982755467, 0.00838754698634, 0.00265240203589, 0.00133021676447, 0.000552482903004, 0.000233038124861, 0.000223648254178, 8.09787379694e-05, 0.0002029256284, 0.000358373363269, 9.22620456549e-05, 2.87272760033e-05, 2.08765904972e-05, 1.85760072782e-05, 4.33993154729e-05, 3.91113317164e-05, 1.93874911929e-05, 1.11819963422e-05, 1.45738094943e-05, 9.55271571002e-06, 1.19603637359e-05, 9.91226261249e-06, 5.63894082006e-06, 4.30283080277e-06, 4.92304798172e-06, 1.80587915111e-06, 2.44046100306e-06, 1.31754734412e-06, 7.46298780996e-07, 1.04892853869e-06, 6.1641967477e-06, 3.49853144144e-06, 3.2559905776e-06, 2.95593281407e-06, 1.72259751707e-06, 2.45072124017e-06],
        "mean": [4.49822764494e-05, 0.000455954228528, 0.00214552576654, 0.00157274946105, 0.000961960060522, 0.000918954843655, 0.000285601272481, 7.59906470194e-05, 3.76449643227e-05, 2.85668138531e-05, 2.96024172712e-05, 9.43369286688e-06, 1.07615987872e-05, 1.3707753169e-05, 6.64314165988e-06, 3.57178100785e-06, 2.29875627156e-06, 1.85537544439e-06, 1.84970804185e-06, 1.58575471687e-06, 1.15348223062e-06, 8.5424738927e-07, 7.39276117656e-07, 6.87197882598e-07, 6.12815938439e-07, 6.52139590329e-07, 3.96130161562e-07, 3.17760765256e-07, 2.7412446002e-07, 1.92159276935e-07, 1.58431546993e-07, 1.12677327024e-07, 1.03546192065e-07, 1.07786831904e-07, 1.8848491834e-07, 1.88761802633e-07, 2.07426282373e-07, 1.94455921587e-07, 1.60407211069e-07, 1.32890605187e-07],
        "median": [3.39730504493e-05, 0.000128989238874, 0.000873848097399, 0.000857600884046, 0.000507449265569, 0.000439100840595, 0.000136619564728, 3.99437121814e-05, 1.74612014234e-05, 1.66251356859e-05, 1.53578876052e-05, 3.64498259842e-06, 2.70253622148e-06, 4.075085144e-06, 2.34350432038e-06, 1.34205356517e-06, 8.56561086948e-07, 6.98436281255e-07, 4.51456514838e-07, 4.7149836746e-07, 4.57701446521e-07, 3.56606250307e-07, 2.59833171867e-07, 2.48457865837e-07, 2.06656721957e-07, 2.08225699794e-07, 1.68355057895e-07, 1.58575886644e-07, 1.14822633179e-07, 1.04655363486e-07, 8.06374913509e-08, 6.89815635724e-08, 5.8530837066e-08, 5.76930894169e-08, 6.80918574858e-08, 8.04059823167e-08, 8.29380439882e-08, 7.94205163857e-08, 7.37216296898e-08, 5.73594647335e-08],
        "min": [5.0998204415e-07, 1.64086907262e-06, 2.48844262387e-05, 1.95623342734e-05, 4.30505897384e-05, 2.08359870157e-05, 1.04846521936e-05, 2.87490138362e-06, 1.09033805984e-06, 1.2003511074e-06, 4.06863875924e-07, 1.64323893159e-07, 1.93163387507e-07, 2.4177259661e-07, 7.64769723105e-08, 1.40911282642e-07, 9.13122732982e-08, 5.99637743903e-08, 5.45263816321e-08, 3.90738605915e-08, 5.68734250805e-08, 2.8211440295e-08, 3.76763722443e-08, 2.74536589018e-08, 2.97201374622e-08, 2.05101180484e-08, 2.8194186541e-08, 2.59683332615e-08, 2.30511645327e-08, 1.38215732193e-08, 1.66715707905e-08, 1.53267798453e-08, 1.25800454498e-08, 1.53048862472e-08, 1.74854513091e-08, 1.43910758865e-08, 1.70491532003e-08, 2.11031121466e-08, 1.78260339823e-08, 1.67150524533e-08],
        "var": [1.54920187789e-09, 6.79444269736e-07, 1.2626028365e-05, 3.8789289647e-06, 1.80894437563e-06, 1.78250957106e-06, 1.73574946416e-07, 1.71276592908e-08, 3.67452446248e-09, 1.57549018276e-09, 1.71802205795e-09, 1.93369431578e-10, 6.29667873397e-10, 1.06515585241e-09, 1.53490123389e-10, 3.04075792323e-11, 1.29514185834e-11, 1.1057995665e-11, 2.54844548242e-11, 1.62782079483e-11, 4.76427361104e-12, 2.40028179624e-12, 2.86314114778e-12, 1.94905571717e-12, 1.61410435798e-12, 1.7383692142e-12, 4.58335463766e-13, 2.56190630776e-13, 2.46069278235e-13, 6.88186893539e-14, 7.21850286793e-14, 2.49853035397e-14, 1.6080314028e-14, 2.09557526632e-14, 2.74394168411e-13, 1.45998271524e-13, 1.63899235438e-13, 1.30660781673e-13, 6.06543759446e-14, 5.73058378636e-14]
    },
    "mfcc": {
        "mean": [-736.395812988, 151.022781372, 47.9100494385, 16.8546276093, 4.41282844543, -9.6033744812, -6.22824287415, -12.391040802, -16.0408725739, -11.4295597076, -13.2430381775, -6.18167209625, -6.64906263351],
        "cov": [[2021.71838379, -125.02154541, -518.72052002, -212.596115112, -56.2435874939, -30.9715995789, 56.0229606628, 58.2389945984, -23.7568435669, 46.3290367126, -67.3076782227, 21.0771808624, -4.40969085693], [-125.02154541, 510.03427124, 103.190856934, 1.00551867485, -76.5443115234, -7.11645793915, -16.0600795746, -27.5797538757, -19.4843845367, -59.408744812, -17.8590583801, -15.6222324371, -9.87091827393], [-518.72052002, 103.190856934, 385.538238525, 132.227005005, 50.4253234863, 1.7010358572, -41.1017608643, -44.6036872864, -25.1034183502, -44.9443473816, 1.96266067028, -11.9378538132, -8.68208026886], [-212.596115112, 1.00551867485, 132.227005005, 137.797058105, 57.7322654724, -2.11692547798, -18.2731990814, -12.6031951904, -2.86230397224, -12.3693685532, 3.93436789513, 6.28855419159, -4.37868595123], [-56.2435874939, -76.5443115234, 50.4253234863, 57.7322654724, 94.5844192505, 16.8284244537, -3.97595500946, 1.95955741405, -2.84849262238, 5.96157932281, 5.52967786789, -2.5251698494, -0.783525824547], [-30.9715995789, -7.11645793915, 1.7010358572, -2.11692547798, 16.8284244537, 57.3970489502, 23.6055774689, 0.494526863098, 1.12671434879, 0.508211612701, 5.7589597702, 1.66562104225, 0.835401177406], [56.0229606628, -16.0600795746, -41.1017608643, -18.2731990814, -3.97595500946, 23.6055774689, 50.7900733948, 18.8815879822, 3.90730476379, 8.0200881958, 4.93621826172, 2.08513784409, 3.12299513817], [58.2389945984, -27.5797538757, -44.6036872864, -12.6031951904, 1.95955741405, 0.494526863098, 18.8815879822, 37.7796783447, 16.4459857941, 9.5419549942, 2.44480872154, -0.092407360673, 3.42787575722], [-23.7568435669, -19.4843845367, -25.1034183502, -2.86230397224, -2.84849262238, 1.12671434879, 3.90730476379, 16.4459857941, 57.6812858582, 20.7110443115, 6.7275557518, 0.942189097404, 4.97764110565], [46.3290367126, -59.408744812, -44.9443473816, -12.3693685532, 5.96157932281, 0.508211612701, 8.0200881958, 9.5419549942, 20.7110443115, 44.8769607544, 12.5823755264, 7.29359436035, 9.95127868652], [-67.3076782227, -17.8590583801, 1.96266067028, 3.93436789513, 5.52967786789, 5.7589597702, 4.93621826172, 2.44480872154, 6.7275557518, 12.5823755264, 36.520816803, 13.2694349289, 5.15296936035], [21.0771808624, -15.6222324371, -11.9378538132, 6.28855419159, -2.5251698494, 1.66562104225, 2.08513784409, -0.092407360673, 0.942189097404, 7.29359436035, 13.2694349289, 40.532951355, 11.6942453384], [-4.40969085693, -9.87091827393, -8.68208026886, -4.37868595123, -0.783525824547, 0.835401177406, 3.12299513817, 3.42787575722, 4.97764110565, 9.95127868652, 5.15296936035, 11.6942453384, 30.8173732758]],
