{
"lowlevel": {
    "average_loudness": 0.978469192982,
    "barkbands_crest": {
        "dmean": 3.18171811104,
        "dmean2": 5.55551052094,
        "dvar": 7.3305439949,
        "dvar2": 21.3161849976,
        "max": 23.848903656,
        "mean": 14.5925359726,
        "median": 13.97864151,
        "min": 5.33412790298,
        "var": 25.2785415649
    },
    "barkbands_flatness_db": {
        "dmean": 0.0232988428324,
        "dmean2": 0.0397003628314,
        "dvar": 0.000375463278033,
        "dvar2": 0.00111909385305,
        "max": 0.259617745876,
        "mean": 0.196442142129,
        "median": 0.198960989714,
        "min": 0.0680181160569,
        "var": 0.00111308484338
    },
    "barkbands_kurtosis": {
        "dmean": 11.5172462463,
        "dmean2": 19.9952049255,
        "dvar": 106.781921387,
        "dvar2": 323.102233887,
        "max": 80.2943572998,
        "mean": 30.3989086151,
        "median": 26.7595729828,
        "min": -0.764097690582,
        "var": 271.637145996
    },
    "barkbands_skewness": {
        "dmean": 0.887925446033,
        "dmean2": 1.51521480083,
        "dvar": 0.600342988968,
        "dvar2": 1.75768363476,
        "max": 7.96250724792,
        "mean": 4.64436674118,
        "median": 4.48011732101,
        "min": -0.756547629833,
        "var": 1.9058586359
    },
    "barkbands_spread": {
        "dmean": 3.27017879486,
        "dmean2": 5.67909288406,
        "dvar": 12.864449501,
        "dvar2": 35.453742981,
        "max": 38.1977958679,
        "mean": 9.51752185822,
        "median": 8.33312034607,
        "min": 3.22191643715,
        "var": 23.3888282776
    },
    "dissonance": {
        "dmean": 0.0289036948234,
        "dmean2": 0.0504261851311,
        "dvar": 0.000468490441563,
        "dvar2": 0.0012170629343,
        "max": 0.499888807535,
        "mean": 0.445116281509,
        "median": 0.448807954788,
        "min": 0.335554271936,
        "var": 0.000985493883491
    },
    "dynamic_complexity": 1.9151674509,
    "erbbands_crest": {
        "dmean": 3.28644609451,
        "dmean2": 5.8511095047,
        "dvar": 6.273001194,
        "dvar2": 17.0871582031,
        "max": 21.6752948761,
        "mean": 11.313615799,
        "median": 10.6445055008,
        "min": 3.57405734062,
        "var": 20.4532852173
    },
    "erbbands_flatness_db": {
        "dmean": 0.0170030854642,
        "dmean2": 0.0293158516288,
        "dvar": 0.000202703173272,
        "dvar2": 0.000618918740656,
        "max": 0.247433885932,
        "mean": 0.18469671905,
        "median": 0.181966796517,
        "min": 0.137612238526,
        "var": 0.000549918506294
    },
    "erbbands_kurtosis": {
        "dmean": 1.6770452261,
        "dmean2": 2.92513561249,
        "dvar": 2.26169896126,
        "dvar2": 6.87074708939,
        "max": 9.74988937378,
        "mean": 2.5834031105,
        "median": 2.28585910797,
        "min": -0.885588407516,
        "var": 4.29701328278
    },
    "erbbands_skewness": {
        "dmean": 0.43792039156,
        "dmean2": 0.746378481388,
        "dvar": 0.132060155272,
        "dvar2": 0.395439326763,
        "max": 2.60796880722,
        "mean": 1.44588184357,
        "median": 1.3920249939,
        "min": -1.42876303196,
        "var": 0.30304273963
    },
    "erbbands_spread": {
        "dmean": 4.669880867,
        "dmean2": 8.15876674652,
        "dvar": 31.0828838348,
        "dvar2": 86.8729400635,
        "max": 68.4917373657,
        "mean": 20.1143760681,
        "median": 19.8035678864,
        "min": 8.27381420135,
        "var": 40.7851829529
    },
    "hfc": {
        "dmean": 6.30449295044,
        "dmean2": 10.9634332657,
        "dvar": 693.989318848,
        "dvar2": 1860.30517578,
        "max": 316.248382568,
        "mean": 13.9088716507,
        "median": 9.35654258728,
        "min": 5.24266004562,
        "var": 585.205993652
    },
    "melbands_crest": {
        "dmean": 3.17418313026,
        "dmean2": 5.61543941498,
        "dvar": 6.44068336487,
        "dvar2": 19.9225997925,
        "max": 24.4283256531,
        "mean": 14.9565200806,
        "median": 14.2083091736,
        "min": 7.00353574753,
        "var": 19.4923400879
    },
    "melbands_flatness_db": {
        "dmean": 0.0263109523803,
        "dmean2": 0.0446184873581,
        "dvar": 0.000677288917359,
        "dvar2": 0.00194911204744,
        "max": 0.38686773181,
        "mean": 0.309810638428,
        "median": 0.316727101803,
        "min": 0.0667804777622,
        "var": 0.00172555982135
    },
    "melbands_kurtosis": {
        "dmean": 8.6226682663,
        "dmean2": 15.3611288071,
        "dvar": 78.5291137695,
        "dvar2": 238.0365448,
        "max": 68.2776489258,
        "mean": 19.9592418671,
        "median": 15.9313097,
        "min": -1.3170415163,
        "var": 172.078445435
    },
    "melbands_skewness": {
        "dmean": 0.792044341564,
        "dmean2": 1.41295945644,
        "dvar": 0.464738786221,
        "dvar2": 1.37123286724,
        "max": 6.75774812698,
        "mean": 3.20545864105,
        "median": 3.01454901695,
        "min": 0.47705462575,
        "var": 1.36576497555
    },
    "melbands_spread": {
        "dmean": 2.37253046036,
        "dmean2": 4.18280982971,
        "dvar": 71.8789596558,
        "dvar2": 204.944442749,
        "max": 99.7639083862,
        "mean": 5.53244972229,
        "median": 4.68565177917,
        "min": 1.87391722202,
        "var": 48.9558181763
    },
    "pitch_salience": {
        "dmean": 0.0986769646406,
        "dmean2": 0.165179744363,
        "dvar": 0.00527064548805,
        "dvar2": 0.0172287803143,
        "max": 0.820861697197,
        "mean": 0.601587831974,
        "median": 0.62651860714,
        "min": 0.287259578705,
        "var": 0.0145701058209
    },
    "silence_rate_20dB": {
        "dmean": 0.0095693776384,
        "dmean2": 0.0192307699472,
        "dvar": 0.00947779417038,
        "dvar2": 0.0284764338285,
        "max": 1,
        "mean": 0.99523806572,
        "median": 1,
        "min": 0,
        "var": 0.00473921559751
    },
    "silence_rate_30dB": {
        "dmean": 0.0095693776384,
        "dmean2": 0.0192307699472,
        "dvar": 0.00947779417038,
        "dvar2": 0.0188609287143,
        "max": 1,
        "mean": 0.976190447807,
        "median": 1,
        "min": 0,
        "var": 0.0232426617295
    },
    "silence_rate_60dB": {
        "dmean": 0,
        "dmean2": 0,
        "dvar": 0,
        "dvar2": 0,
        "max": 0,
        "mean": 0,
        "median": 0,
        "min": 0,
        "var": 0
    },
    "spectral_centroid": {
        "dmean": 77.146270752,
        "dmean2": 131.779449463,
        "dvar": 52130.7890625,
        "dvar2": 137070.15625,
        "max": 3036.65356445,
        "mean": 406.627990723,
        "median": 369.246520996,
        "min": 270.189941406,
        "var": 46126.7539062
    },
    "spectral_complexity": {
        "dmean": 2.3397128582,
        "dmean2": 4.02884626389,
        "dvar": 11.229095459,
        "dvar2": 24.8741550446,
        "max": 47,
        "mean": 11.7095241547,
        "median": 11,
        "min": 7,
        "var": 20.0156135559
    },
    "spectral_decrease": {
        "dmean": 3.3802662891e-09,
        "dmean2": 5.66500801824e-09,
        "dvar": 1.56032998005e-16,
        "dvar2": 3.90697387992e-16,
        "max": -9.05244712524e-10,
        "mean": -6.87309054115e-09,
        "median": -4.8192103641e-09,
        "min": -1.62216721833e-07,
        "var": 1.53864196613e-16
    },
    "spectral_energy": {
        "dmean": 0.0132980300114,
        "dmean2": 0.0223225485533,
        "dvar": 0.00243072188459,
        "dvar2": 0.0060997614637,
        "max": 0.640928089619,
        "mean": 0.0272021908313,
        "median": 0.0190270170569,
        "min": 0.00389212695882,
        "var": 0.00238795089535
    },
    "spectral_energyband_high": {
        "dmean": 0.000204019248486,
        "dmean2": 0.00035955250496,
        "dvar": 1.06692050394e-06,
        "dvar2": 2.95644258586e-06,
        "max": 0.00934830587357,
        "mean": 0.000265098642558,
        "median": 0.000159614428412,
        "min": 6.23521482339e-05,
        "var": 7.16515785371e-07
    },
    "spectral_energyband_low": {
        "dmean": 0.00284562050365,
        "dmean2": 0.00500541133806,
        "dvar": 0.000111660796392,
        "dvar2": 0.000218231463805,
        "max": 0.117739036679,
        "mean": 0.00499384850264,
        "median": 0.00101806153543,
        "min": 4.48728678748e-05,
        "var": 0.000142152639455
    },
    "spectral_energyband_middle_high": {
        "dmean": 0.000803510833066,
        "dmean2": 0.00128509232309,
        "dvar": 1.06983779915e-05,
        "dvar2": 2.65921808023e-05,
        "max": 0.0323534794152,
        "mean": 0.00136754882988,
        "median": 0.000741297844797,
        "min": 0.000375405594241,
        "var": 1.08112617454e-05
    },
    "spectral_energyband_middle_low": {
        "dmean": 0.0119270021096,
        "dmean2": 0.0203232970089,
        "dvar": 0.00185534567572,
        "dvar2": 0.004879782442,
        "max": 0.547225475311,
        "mean": 0.0219950024039,
        "median": 0.0144612453878,
        "min": 0.00305500952527,
        "var": 0.00165210105479
    },
    "spectral_entropy": {
        "dmean": 0.216312423348,
        "dmean2": 0.368269771338,
        "dvar": 0.0330373644829,
        "dvar2": 0.0921285226941,
        "max": 7.99316072464,
        "mean": 6.7789068222,
        "median": 6.76002836227,
        "min": 6.09709453583,
        "var": 0.0880254134536
    },
    "spectral_flux": {
        "dmean": 0.0206332020462,
        "dmean2": 0.0316901952028,
        "dvar": 0.00155730114784,
        "dvar2": 0.00307424319908,
        "max": 0.633832037449,
        "mean": 0.0802676305175,
        "median": 0.0635218322277,
        "min": 0.0359920077026,
        "var": 0.00367280235514
    },
    "spectral_kurtosis": {
        "dmean": 3.07302427292,
        "dmean2": 5.09609699249,
        "dvar": 10.9859857559,
        "dvar2": 30.9049263,
        "max": 35.6525917053,
        "mean": 22.5163955688,
        "median": 22.6685695648,
        "min": 1.50218343735,
        "var": 29.5957489014
    },
    "spectral_rms": {
        "dmean": 0.000937698292546,
        "dmean2": 0.00154645380098,
        "dvar": 2.33482751355e-06,
        "dvar2": 5.28093323737e-06,
        "max": 0.0250059124082,
        "mean": 0.00466537056491,
        "median": 0.00430832616985,
        "min": 0.00194863975048,
        "var": 4.77305820823e-06
    },
    "spectral_rolloff": {
        "dmean": 130.435577393,
        "dmean2": 234.587661743,
        "dvar": 120741.320312,
        "dvar2": 335698.28125,
        "max": 4306.640625,
        "mean": 453.222442627,
        "median": 387.59765625,
        "min": 258.3984375,
        "var": 95821.484375
    },
    "spectral_skewness": {
        "dmean": 0.293533086777,
        "dmean2": 0.483894169331,
        "dvar": 0.140614494681,
        "dvar2": 0.397859841585,
        "max": 4.58703231812,
        "mean": 3.59838581085,
        "median": 3.65477848053,
        "min": 1.02900218964,
        "var": 0.293671041727
    },
    "spectral_spread": {
        "dmean": 375678.6875,
        "dmean2": 623282.1875,
        "dvar": 731910373376,
        "dvar2": 991860228096,
        "max": 14395483,
        "mean": 3323923.5,
        "median": 3298254.5,
        "min": 1928539,
        "var": 829279895552
    },
    "spectral_strongpeak": {
        "dmean": 0.326488733292,
        "dmean2": 0.578444838524,
        "dvar": 0.0941376239061,
        "dvar2": 0.26222461462,
        "max": 3.61295747757,
        "mean": 0.762718081474,
        "median": 0.699038863182,
        "min": 0.133538290858,
        "var": 0.215547218919
    },
    "zerocrossingrate": {
        "dmean": 0.0121860047802,
        "dmean2": 0.0173128563911,
        "dvar": 8.4777304437e-05,
        "dvar2": 0.000145913974848,
        "max": 0.1337890625,
        "mean": 0.0648391023278,
        "median": 0.0625,
        "min": 0.017578125,
        "var": 0.00050594098866
    },
    "barkbands": {
        "dmean": [2.66447823378e-05, 0.000115682145406, 0.00182366836816, 0.0021904646419, 0.00676542473957, 0.00313267298043, 0.00121732405387, 0.00221993611194, 0.000425482692663, 0.000325327331666, 0.000149479034008, 6.96037022863e-05, 0.000104127408122, 4.42436030426e-05, 5.03525152453e-05, 5.08214870933e-05, 7.81130656833e-05, 0.00017161516007, 4.00889257435e-05, 6.22890220257e-05, 1.70823332155e-05, 0.000100781820947, 2.69982301688e-05, 9.3174930953e-06, 3.78938921131e-06, 1.62947333138e-06, 3.74922456103e-05],
        "dmean2": [5.20252688148e-05, 0.000208477475098, 0.00298037799075, 0.00353694381192, 0.0115144159645, 0.00543265696615, 0.00217396230437, 0.00409600464627, 0.000692867732141, 0.000524309754837, 0.000248525262577, 0.000118983356515, 0.000193627682165, 7.29711391614e-05, 8.6005537014e-05, 8.71079464559e-05, 0.000141184107633, 0.00032901004306, 7.56411391194e-05, 0.000117082432553, 3.13066193485e-05, 0.000173149368493, 5.0227765314e-05, 1.70091698237e-05, 7.17258717486e-06, 2.99112389257e-06, 6.54911273159e-05],
        "dvar": [6.47388134212e-08, 9.04599914975e-08, 2.74729300145e-05, 0.000135515947477, 6.81776218698e-05, 4.9017045967e-05, 2.22271955863e-05, 0.000232723163208, 2.40034432863e-06, 9.42038354879e-07, 1.92953450551e-07, 1.15075415863e-08, 2.54596074001e-07, 1.16657359328e-08, 3.05702450021e-08, 4.37939178255e-08, 2.00971129516e-07, 1.24512143884e-06, 8.513334393e-08, 2.53498399161e-07, 7.79551623253e-09, 4.05051792995e-07, 3.46123556483e-08, 3.98409572e-09, 7.60183971327e-10, 6.75459965738e-11, 8.7605422916e-10],
        "dvar2": [1.93100760271e-07, 2.62902744907e-07, 5.31026598765e-05, 0.000327870075125, 0.00017516783555, 0.000133080495289, 6.26839755569e-05, 0.00070229487028, 5.26719168192e-06, 1.89783190763e-06, 3.99170204446e-07, 3.18172510561e-08, 7.66814423514e-07, 2.8680982922e-08, 8.47544896487e-08, 1.2198805166e-07, 5.74606985992e-07, 3.64844754586e-06, 2.51215112712e-07, 7.44012822906e-07, 2.37987567431e-08, 1.06897869045e-06, 1.01690780241e-07, 1.1617220963e-08, 2.26426011274e-09, 1.67373920279e-10, 2.59779397993e-09],
        "max": [0.00264240219258, 0.00319618429057, 0.0629926621914, 0.141057685018, 0.0931385681033, 0.0772891268134, 0.0542261786759, 0.167360797524, 0.0196501240134, 0.0137592619285, 0.0056375307031, 0.00141082610935, 0.00556497089565, 0.00127402797807, 0.00161117187236, 0.00225974875502, 0.00476612057537, 0.00901065208018, 0.00306198559701, 0.00530084921047, 0.000688174506649, 0.00667716003954, 0.00179416954052, 0.000598656828515, 0.000278307386907, 7.48651145841e-05, 0.000281414482743],
        "mean": [1.65065321198e-05, 0.000115578623081, 0.00343798706308, 0.00233047478832, 0.0115266377106, 0.00409779557958, 0.00136760505848, 0.00192373979371, 0.000648389104754, 0.000469432299724, 0.000226444928558, 0.000133529814775, 0.000136446833494, 6.80331213516e-05, 6.58240096527e-05, 6.86190760462e-05, 7.57837406127e-05, 0.000110009561467, 3.12912852678e-05, 4.08497035096e-05, 1.4521425328e-05, 6.85598279233e-05, 1.69609593286e-05, 6.42728036837e-06, 3.10469499709e-06, 3.24197776536e-06, 0.000175392560777],
        "median": [2.93075231639e-06, 7.12398541509e-05, 0.000516733969562, 0.000887176720425, 0.0091249011457, 0.00182369817048, 0.000565734575503, 0.00034635461634, 0.000268001109362, 0.000264847825747, 0.000121386183309, 0.000106769664853, 7.0200258051e-05, 3.67117863789e-05, 3.3303273085e-05, 3.6511613871e-05, 2.59380794887e-05, 1.21317989397e-05, 6.30273461866e-06, 4.93599964102e-06, 4.62981370219e-06, 2.87001876131e-06, 1.48262131461e-06, 9.5476025308e-07, 1.10267751552e-06, 2.29770603255e-06, 0.000171474850504],
        "min": [1.35804896217e-06, 2.5691688279e-06, 1.22614219435e-05, 3.55611045961e-05, 0.000666383479256, 8.9011300588e-05, 7.58314636187e-05, 4.85113632749e-05, 1.9484456061e-05, 2.92207532766e-05, 3.2145606383e-05, 1.95314223674e-05, 1.0817168004e-05, 5.46711225979e-06, 6.57915916236e-06, 1.23035897559e-05, 7.37348909752e-06, 3.83157066608e-06, 1.84739178621e-06, 1.8231987724e-06, 2.0545494408e-06, 1.45476587932e-06, 7.16879924312e-07, 4.7783169066e-07, 7.22993547697e-07, 1.01839657418e-06, 6.2066144892e-05],
        "var": [3.30859357689e-08, 5.42760218991e-08, 4.41198426415e-05, 0.000112462512334, 9.8634067399e-05, 6.05410168646e-05, 1.65321671375e-05, 0.000142717559356, 3.05582852889e-06, 1.26924612687e-06, 2.79520492086e-07, 1.47677470252e-08, 1.60520826853e-07, 1.823550555e-08, 2.42633735326e-08, 3.13029531185e-08, 1.21269664533e-07, 6.90055514951e-07, 4.61846774158e-08, 1.3710146618e-07, 4.7460417818e-09, 2.9733860174e-07, 1.88815469926e-08, 2.25436691537e-09, 3.95851657009e-10, 5.4552702633e-11, 1.14695553055e-09]
    },
    "erbbands": {
        "dmean": [0.00203943368979, 0.0499254129827, 1.27933168411, 5.44350481033, 7.71783351898, 34.4949188232, 24.5627574921, 27.3503894806, 26.588552475, 25.7731990814, 37.0888519287, 11.456243515, 9.08320331573, 7.42218351364, 4.802775383, 2.79991602898, 4.83275794983, 2.39292120934, 2.18056941032, 2.86116337776, 3.23540997505, 5.01442956924, 8.7613363266, 3.68821454048, 3.26402640343, 2.21346545219, 0.956352293491, 0.964357972145, 4.16442203522, 1.65340268612, 0.734447479248, 0.323039621115, 0.0839022397995, 0.0524311922491, 0.0204659551382, 0.00659419083968, 0.00343315233476, 0.000812958751339, 0.000604640052188, 0.00102449546102],
        "dmean2": [0.00367638608441, 0.0852439031005, 2.20226788521, 9.01264286041, 13.2613487244, 60.0371131897, 43.8328475952, 46.8651733398, 48.3104858398, 47.2788124084, 67.4949798584, 19.9414348602, 14.7365255356, 12.5335626602, 7.75639343262, 4.6270442009, 9.04139614105, 4.25447893143, 3.79556107521, 4.66990947723, 5.65927171707, 9.29585170746, 16.8647079468, 6.90169620514, 6.19929981232, 4.15704107285, 1.80594420433, 1.71238195896, 7.15181684494, 2.93932676315, 1.33799111843, 0.589677453041, 0.157727226615, 0.100630827248, 0.0382168926299, 0.0120538780466, 0.00635660486296, 0.0014257368166, 0.00101920287125, 0.00176944199484],
        "dvar": [0.000142038872582, 0.0109407221898, 12.8287878036, 582.464294434, 912.229125977, 1166.14245605, 4807.75976562, 3136.34301758, 7057.51318359, 25356.8867188, 65217.6875, 2222.81835938, 818.973937988, 824.293884277, 144.274291992, 22.371591568, 493.68170166, 85.4396896362, 34.8604736328, 136.61239624, 233.798370361, 745.630371094, 3214.71728516, 697.756652832, 711.560058594, 296.652679443, 34.0905265808, 25.5960216522, 680.752685547, 99.5389251709, 22.6545543671, 4.7601351738, 0.346679866314, 0.163630232215, 0.0173431467265, 0.00123264628928, 0.000340042868629, 4.55247845821e-06, 2.1196608202e-07, 6.06183789387e-07],
        "dvar2": [0.000407586310757, 0.0256378967315, 24.6555900574, 1242.36254883, 2380.76733398, 3311.44360352, 13640.4384766, 8546.78515625, 20460.2949219, 75316.9453125, 193544.578125, 4465.93310547, 1858.63293457, 1584.73608398, 327.730804443, 60.8721885681, 1489.18041992, 233.544937134, 93.9988327026, 372.219573975, 662.091491699, 2138.71801758, 9466.97070312, 2015.1427002, 2085.29980469, 872.448669434, 101.504386902, 75.451713562, 1799.56469727, 274.571746826, 65.116394043, 13.66755867, 1.03128826618, 0.489064693451, 0.0513242334127, 0.00343285407871, 0.00074767251499, 1.13380910989e-05, 5.90036790982e-07, 1.88291278391e-06],
        "max": [0.132061243057, 1.25866472721, 40.6023406982, 290.270019531, 367.925292969, 290.028289795, 853.353393555, 483.298370361, 907.074707031, 1775.29162598, 2875.69702148, 557.468994141, 397.211151123, 364.401580811, 156.855117798, 64.4188308716, 247.84854126, 115.101081848, 52.459312439, 98.0675048828, 165.317337036, 259.511688232, 449.944458008, 281.550079346, 283.253662109, 180.270111084, 52.5038871765, 44.6143264771, 264.176727295, 95.7067642212, 42.6688499451, 20.2681541443, 5.82352399826, 4.10718631744, 1.30825471878, 0.314981609583, 0.194544017315, 0.0213365461677, 0.00622605485842, 0.00771138211712],
        "mean": [0.00221952376887, 0.0768027082086, 2.37885499001, 7.84282398224, 10.2875995636, 58.8327484131, 37.9800834656, 34.7612533569, 28.6714363098, 27.2005176544, 33.6117782593, 17.6101989746, 14.39012146, 11.8810386658, 8.15127277374, 5.64655923843, 6.59502983093, 3.7023191452, 3.36875700951, 3.73689770699, 4.0092921257, 4.59480905533, 5.79602241516, 2.67217326164, 2.24740219116, 1.50931203365, 0.740027189255, 0.749839067459, 2.81630134583, 1.10228037834, 0.473336309195, 0.21796195209, 0.0612391158938, 0.0380971804261, 0.0195509698242, 0.0101750670001, 0.00676866620779, 0.0034562703222, 0.00413215253502, 0.00459651462734],
        "median": [0.00116839655675, 0.0465152263641, 0.469707012177, 2.12788534164, 6.98843574524, 45.0135955811, 27.6529064178, 12.9376602173, 9.86556053162, 8.75094032288, 6.58403396606, 6.18570327759, 7.9519701004, 6.14361286163, 5.11760616302, 4.63799524307, 3.41311836243, 2.09973073006, 1.85184526443, 1.71109640598, 1.93425154686, 1.46799564362, 0.780036091805, 0.402012109756, 0.279699862003, 0.223020195961, 0.205807626247, 0.160029739141, 0.103746846318, 0.071549475193, 0.0374617576599, 0.022900775075, 0.0153023637831, 0.0107546392828, 0.008869336918, 0.00658362731338, 0.00456924596801, 0.0032365033403, 0.00410067057237, 0.00453383475542],
        "min": [0.000109249900561, 0.00170652358793, 0.0218232739717, 0.146804317832, 0.242606386542, 1.89208126068, 5.52493810654, 1.60388159752, 1.50384044647, 1.76519405842, 1.53775322437, 0.676684200764, 1.89817011356, 1.38780593872, 1.39339435101, 0.866874873638, 0.600972592831, 0.356158435345, 0.315798342228, 0.603614330292, 0.631913900375, 0.447573632002, 0.212492197752, 0.104357928038, 0.0876233801246, 0.0956091061234, 0.0953409895301, 0.0724905580282, 0.0513099841774, 0.0340324863791, 0.0219598114491, 0.00952295120806, 0.0083377296105, 0.00640162918717, 0.00487917289138, 0.00359700759873, 0.0018986093346, 0.00108897173777, 0.00207025883719, 0.0016744940076],
        "var": [8.32873192849e-05, 0.0133371679112, 20.071062088, 610.30480957, 688.744628906, 2205.24487305, 3941.50268555, 4206.73291016, 5356.34863281, 16256.8154297, 42385.4570312, 2982.8659668, 987.534912109, 1190.50366211, 193.546615601, 30.9027824402, 326.094451904, 75.9383773804, 41.3301200867, 98.8289337158, 153.427459717, 445.074371338, 1764.6394043, 400.404693604, 386.60534668, 159.93309021, 18.7600421906, 17.197052002, 496.025756836, 67.3843688965, 13.2223424911, 2.77615189552, 0.185068517923, 0.0840512514114, 0.00926713924855, 0.000778673158493, 0.000324234715663, 4.10982920585e-06, 3.39598528853e-07, 8.43838336095e-07]
    },
    "gfcc": {
        "mean": [-45.7235870361, 115.609970093, -76.8023605347, -25.2599849701, -39.1304779053, -34.4412918091, -31.0668830872, -30.0146064758, -21.0340957642, -21.6842689514, -17.2230529785, -6.70262670517, -4.75939369202],
        "cov": [[988.874572754, 50.3903579712, -218.209335327, 198.569122314, -149.618865967, -9.76061058044, 4.0365319252, 100.012634277, 87.9226379395, 25.1498718262, -10.5171108246, -12.6024026871, -106.563919067], [50.3903579712, 306.075378418, 117.388999939, -27.9912204742, 86.4060821533, -7.46446752548, 37.2671127319, 32.2746162415, 40.0997543335, 28.5479698181, -5.1024684906, -28.2869777679, -20.9048900604], [-218.209335327, 117.388999939, 194.462768555, -17.6623287201, 73.6824188232, 37.6278076172, 16.0231399536, -16.522151947, -5.59940481186, 9.99401283264, -7.53364515305, -4.80065536499, 11.6485452652], [198.569122314, -27.9912204742, -17.6623287201, 97.9471130371, -14.9385404587, 25.1825466156, 5.46603536606, 24.3879108429, 13.4388904572, 0.997420191765, -4.97857809067, 0.48754876852, -23.064201355], [-149.618865967, 86.4060821533, 73.6824188232, -14.9385404587, 114.672660828, 31.6261348724, 23.0039520264, 9.32621479034, -4.93495035172, 3.58923697472, -1.10026776791, -13.0470380783, 11.5315313339], [-9.76061058044, -7.46446752548, 37.6278076172, 25.1825466156, 31.6261348724, 57.9457778931, 21.8087787628, 7.10026550293, -1.54300057888, 1.17776727676, -5.2542719841, -0.830212235451, -4.43093442917], [4.0365319252, 37.2671127319, 16.0231399536, 5.46603536606, 23.0039520264, 21.8087787628, 40.6017417908, 25.4775924683, 9.03596305847, 1.38156116009, -4.4636964798, -8.1875038147, -7.57095050812], [100.012634277, 32.2746162415, -16.522151947, 24.3879108429, 9.32621479034, 7.10026550293, 25.4775924683, 53.5133056641, 26.5820846558, 9.41574954987, 1.58393120766, -8.66326904297, -14.248175621], [87.9226379395, 40.0997543335, -5.59940481186, 13.4388904572, -4.93495035172, -1.54300057888, 9.03596305847, 26.5820846558, 42.4908294678, 22.5539779663, 1.4512796402, -7.89162445068, -18.65193367], [25.1498718262, 28.5479698181, 9.99401283264, 0.997420191765, 3.58923697472, 1.17776727676, 1.38156116009, 9.41574954987, 22.5539779663, 33.0899925232, 12.7114171982, -3.582654953, -8.70534038544], [-10.5171108246, -5.1024684906, -7.53364515305, -4.97857809067, -1.10026776791, -5.2542719841, -4.4636964798, 1.58393120766, 1.4512796402, 12.7114171982, 22.380115509, 8.95327472687, 1.57848405838], [-12.6024026871, -28.2869777679, -4.80065536499, 0.48754876852, -13.0470380783, -0.830212235451, -8.1875038147, -8.66326904297, -7.89162445068, -3.582654953, 8.95327472687, 21.651550293, 12.1397218704], [-106.563919067, -20.9048900604, 11.6485452652, -23.064201355, 11.5315313339, -4.43093442917, -7.57095050812, -14.248175621, -18.65193367, -8.70534038544, 1.57848405838, 12.1397218704, 33.5041122437]],
        "icov": [[0.0164227932692, -0.0212661847472, 0.0227138958871, -0.0235855616629, 0.0219020936638, -0.0196575522423, 0.0174788087606, -0.01141075138, 0.00792071875185, -0.00799701735377, 0.0118299927562, -0.00579520547763, 0.00766549399123], [-0.0212661847472, 0.0371612906456, -0.034724034369, 0.0322236642241, -0.0352304577827, 0.0365922264755, -0.0281488001347, 0.0128120174631, -0.0136922188103, 0.00699966913089, -0.00995366275311, 0.00300485291518, -0.00056836148724], [0.0227138958871, -0.034724034369, 0.0429411940277, -0.0328926630318, 0.0292212851346, -0.0355601869524, 0.0247459560633, -0.00980825070292, 0.0129666151479, -0.0155374184251, 0.0199200101197, -0.00923326984048, 0.0052543906495], [-0.0235855616629, 0.0322236642241, -0.0328926630318, 0.052676346153, -0.0311871860176, 0.0204538702965, -0.0165771115571, 0.00438064942136, -0.00883671548218, 0.0101529657841, -0.00769901974127, -0.00294878892601, 0.00349338608794], [0.0219020936638, -0.0352304577827, 0.0292212851346, -0.0311871860176, 0.0522176325321, -0.0423984490335, 0.0259304456413, -0.0177660714835, 0.0127127664164, -0.00352004333399, -0.000177747453563, 0.0154053689912, -0.00863478332758], [-0.0196575522423, 0.0365922264755, -0.0355601869524, 0.0204538702965, -0.0423984490335, 0.0718543604016, -0.0448880046606, 0.016434583813, -0.00390331540257, -0.00579817034304, 0.0051861461252, -0.0148247033358, 0.00914121884853], [0.0174788087606, -0.0281488001347, 0.0247459560633, -0.0165771115571, 0.0259304456413, -0.0448880046606, 0.075687430799, -0.0393376946449, 0.0132638318464, -0.00122392235789, 0.0146263269708, -0.00116203201469, 0.0103256944567], [-0.01141075138, 0.0128120174631, -0.00980825070292, 0.00438064942136, -0.0177660714835, 0.016434583813, -0.0393376946449, 0.0602629967034, -0.0346605814993, 0.0183804556727, -0.0282968189567, 0.018472822383, -0.0167267676443], [0.00792071875185, -0.0136922188103, 0.0129666151479, -0.00883671548218, 0.0127127664164, -0.00390331540257, 0.0132638318464, -0.0346605814993, 0.0803892761469, -0.0565769560635, 0.0423962846398, -0.0237675383687, 0.0260909646749], [-0.00799701735377, 0.00699966913089, -0.0155374184251, 0.0101529657841, -0.00352004333399, -0.00579817034304, -0.00122392235789, 0.0183804556727, -0.0565769560635, 0.0973053947091, -0.0755339339375, 0.0426126383245, -0.0187874082476], [0.0118299927562, -0.00995366275311, 0.0199200101197, -0.00769901974127, -0.000177747453563, 0.0051861461252, 0.0146263269708, -0.0282968189567, 0.0423962846398, -0.0755339339375, 0.127874270082, -0.0781684145331, 0.037483908236], [-0.00579520547763, 0.00300485291518, -0.00923326984048, -0.00294878892601, 0.0154053689912, -0.0148247033358, -0.00116203201469, 0.018472822383, -0.0237675383687, 0.0426126383245, -0.0781684145331, 0.12388767302, -0.0584124363959], [0.00766549399123, -0.00056836148724, 0.0052543906495, 0.00349338608794, -0.00863478332758, 0.00914121884853, 0.0103256944567, -0.0167267676443, 0.0260909646749, -0.0187874082476, 0.037483908236, -0.0584124363959, 0.0828947350383]]
    },
    "melbands": {
        "dmean": [2.44700640906e-05, 0.000486618693685, 0.000982142286375, 0.00132042274345, 0.00111279264092, 0.000614533491898, 0.000377736665541, 0.000339117832482, 0.000271001510555, 7.09898013156e-05, 4.79114714835e-05, 3.34753531206e-05, 1.99750338652e-05, 8.40932625579e-06, 1.00661854958e-05, 9.68124822975e-06, 4.21065124101e-06, 3.76837783733e-06, 3.79457310373e-06, 3.73854231839e-06, 3.96946234105e-06, 4.72075271318e-06, 8.40988832351e-06, 7.00303144185e-06, 2.45268461185e-06, 1.90736909644e-06, 3.2273621855e-06, 9.87997509583e-07, 7.08464028776e-07, 3.22615818504e-07, 5.7494412431e-07, 2.24490804612e-06, 2.20266588258e-06, 5.57606199436e-07, 4.56547667227e-07, 3.32127029878e-07, 1.31894609012e-07, 7.01237894418e-08, 2.57563002037e-08, 5.6571280993e-08],
        "dmean2": [4.47064667242e-05, 0.000820214045234, 0.0015487538185, 0.00232154037803, 0.00188785092905, 0.00106064404827, 0.000683515390847, 0.000615045952145, 0.000495446962304, 0.000114531067084, 7.79620968387e-05, 5.73555189476e-05, 3.22529667756e-05, 1.39957410283e-05, 1.74430606421e-05, 1.83205083886e-05, 7.2584030022e-06, 6.52655035083e-06, 6.31864122624e-06, 6.31174134469e-06, 6.897736057e-06, 8.5900137492e-06, 1.61460611707e-05, 1.33774574351e-05, 4.52155245512e-06, 3.58735269401e-06, 6.24649874226e-06, 1.85010947007e-06, 1.34948663799e-06, 5.89730348111e-07, 1.00391969227e-06, 3.94867129216e-06, 3.66476410818e-06, 1.06614561446e-06, 8.31277759517e-07, 6.07828837929e-07, 2.41612667651e-07, 1.35139117674e-07, 4.48302444056e-08, 1.10665602904e-07],
        "dvar": [1.0709412912e-08, 1.7300625359e-06, 2.09939535125e-05, 2.24056861953e-06, 4.29784631706e-06, 1.57565852987e-06, 1.45214232816e-06, 4.50243851446e-06, 3.66271092389e-06, 7.0017449616e-08, 2.13474891098e-08, 1.55760737641e-08, 2.83581758076e-09, 1.36417072083e-10, 6.67618627048e-10, 3.02164893107e-09, 1.61087004846e-10, 9.92830540003e-11, 1.75934461444e-10, 2.32129038213e-10, 3.54203194552e-10, 6.5064514887e-10, 3.03181058037e-09, 2.29482566283e-09, 3.11106945761e-10, 2.10635855979e-10, 7.97895360893e-10, 4.51114319511e-11, 2.01225026225e-11, 2.32520274736e-12, 9.20945177757e-12, 1.8967838411e-10, 2.50428372484e-10, 1.49387342774e-11, 8.50521476164e-12, 5.38250303703e-12, 7.60405085252e-13, 2.79807589858e-13, 1.98040927868e-14, 2.30166526029e-13],
        "dvar2": [3.15767785253e-08, 3.33048251377e-06, 4.8165111366e-05, 5.4298438954e-06, 1.17152794701e-05, 4.31693024439e-06, 4.17343471781e-06, 1.35944637805e-05, 1.07250234578e-05, 1.63166816947e-07, 4.93003007307e-08, 2.86768688795e-08, 6.13068440458e-09, 3.67550767599e-10, 1.98720351285e-09, 9.08404906852e-09, 4.19700690868e-10, 2.75724082455e-10, 4.87274609551e-10, 6.3876642864e-10, 9.95852955654e-10, 1.86018966897e-09, 8.94768525939e-09, 6.69524613528e-09, 8.93153384585e-10, 6.20171969334e-10, 2.34081198869e-09, 1.32257968466e-10, 5.98037452892e-11, 7.34555645476e-12, 2.63478995566e-11, 5.24232102173e-10, 6.35358932133e-10, 4.47535203341e-11, 2.44346227279e-11, 1.56195403833e-11, 2.1808139062e-12, 8.39214494338e-13, 5.44129052525e-14, 6.90323124185e-13],
        "max": [0.00109783513471, 0.0154482480139, 0.0562123991549, 0.0157191306353, 0.0259113647044, 0.0110322320834, 0.0131240002811, 0.0233594495803, 0.0218229182065, 0.00332267722115, 0.00201887218282, 0.00155572581571, 0.000674479291774, 0.000157716480317, 0.000297553022392, 0.000606823130511, 0.000162736076163, 0.000103889651655, 0.000125594218844, 0.000138363597216, 0.000205684205866, 0.000268250441877, 0.000505820964463, 0.000473889376735, 0.000191169339814, 0.000152869455633, 0.000299900973914, 6.75556584611e-05, 4.10471002397e-05, 1.23504769363e-05, 2.85313853965e-05, 0.000116227289254, 0.000184440621524, 3.83556580346e-05, 2.58709369518e-05, 2.20180409087e-05, 8.11239533505e-06, 5.3638314057e-06, 1.24006999158e-06, 4.92361505167e-06],
        "mean": [2.25688690989e-05, 0.000913701893296, 0.00133918703068, 0.00228999764659, 0.00181906158105, 0.000778237765189, 0.00041263262392, 0.000333886069711, 0.000250926357694, 0.000100227836811, 7.26700818632e-05, 5.1884300774e-05, 3.0021821658e-05, 1.58833518071e-05, 1.54903136718e-05, 1.21844641399e-05, 6.19935872237e-06, 5.37122787136e-06, 5.15709189131e-06, 4.78145375382e-06, 4.6605227908e-06, 4.59601778857e-06, 5.69020812691e-06, 4.57267924503e-06, 1.83602958259e-06, 1.35770108045e-06, 2.06235722544e-06, 7.1331220397e-07, 5.17562796176e-07, 2.93935386253e-07, 4.44219949713e-07, 1.47201717482e-06, 1.54869587732e-06, 3.42180015878e-07, 2.92222665621e-07, 2.11877775769e-07, 9.26284045022e-08, 4.76495323198e-08, 2.43005029432e-08, 3.72535104987e-08],
        "median": [1.29218715301e-05, 0.000176363028004, 0.000461010553408, 0.00178825226612, 0.00141447491478, 0.000293564837193, 0.000144578050822, 8.78795108292e-05, 4.99968373333e-05, 3.79257071472e-05, 4.16759212385e-05, 2.77255803667e-05, 1.74161941686e-05, 1.26005679704e-05, 9.88132342172e-06, 5.81345193496e-06, 3.54737994712e-06, 2.95128938888e-06, 2.46761192102e-06, 2.33072114497e-06, 2.19225239562e-06, 1.67716405031e-06, 9.28186750571e-07, 4.93709535476e-07, 2.98210210303e-07, 2.14484842331e-07, 1.76835499133e-07, 1.42045905704e-07, 1.30720195557e-07, 1.16091243285e-07, 8.41830640752e-08, 6.22097928726e-08, 4.85339981537e-08, 3.50576208064e-08, 2.24966001383e-08, 1.62413140714e-08, 1.29497301771e-08, 1.07415427664e-08, 8.90923423924e-09, 8.72293703935e-09],
        "min": [5.52140591026e-07, 7.10388530933e-06, 2.62896901404e-05, 4.33715940744e-05, 0.000186665260117, 2.14165556827e-05, 1.90607352124e-05, 1.5705025362e-05, 8.74000761542e-06, 2.96511052511e-06, 7.18008868716e-06, 4.55307144875e-06, 4.11352766605e-06, 3.27941643263e-06, 1.92770312424e-06, 1.08750225536e-06, 5.66112191791e-07, 4.48451118018e-07, 5.67787651562e-07, 6.99906991031e-07, 4.27634120115e-07, 4.89866806674e-07, 2.55621927181e-07, 1.58513344672e-07, 6.13015274098e-08, 6.39985771045e-08, 4.92021143828e-08, 4.73876085039e-08, 4.83156910036e-08, 4.76983856856e-08, 3.37878418577e-08, 2.45428655177e-08, 1.88795326039e-08, 1.42035672113e-08, 1.03775246174e-08, 6.95405955042e-09, 4.42892922337e-09, 5.84826631567e-09, 4.85142237494e-09, 4.99233454576e-09],
        "var": [5.79571635129e-09, 2.81924144474e-06, 1.97722711164e-05, 3.81983818443e-06, 4.30705131294e-06, 2.10266853173e-06, 1.12207089842e-06, 2.85759915641e-06, 2.40948452301e-06, 8.23366264058e-08, 2.47020857103e-08, 2.28124967805e-08, 3.82323417369e-09, 1.92981020053e-10, 5.86721671247e-10, 1.84587434227e-09, 1.69975047926e-10, 1.17615001072e-10, 1.51286885797e-10, 1.59163973668e-10, 2.32052765892e-10, 3.95335569836e-10, 1.64061042529e-09, 1.28765531571e-09, 1.8116605438e-10, 1.13709361371e-10, 4.30249030847e-10, 2.47466092756e-11, 1.0880501361e-11, 1.42263978375e-12, 6.51359348403e-12, 1.26542817891e-10, 1.93707092033e-10, 7.80828006419e-12, 4.98551764108e-12, 3.02808906422e-12, 4.48110488603e-13, 1.44307864811e-13, 1.37320202139e-14, 1.16155972644e-13]
    },
    "mfcc": {
        "mean": [-717.588195801, 186.454498291, 2.22501206398, 14.923833847, -6.38094949722, -3.68194055557, -16.2694816589, -8.85353565216, -10.2839460373, -18.4040622711, -15.6891670227, -10.6076698303, -8.88955879211],
        "cov": [[1280.81188965, -208.900756836, -105.439674377, 113.86631012, -115.739372253, -79.4571990967, -119.799324036, 66.7605285645, -33.1075820923, 85.7217483521, 116.8592453, -9.72356128693, -1.97683382034], [-208.900756836, 358.400238037, 51.4130935669, 2.16972208023, 55.439289093, 3.12367653847, 29.1962337494, -26.1557807922, 46.8575057983, 8.11665916443, -4.2479891777, 23.3119220734, 8.18904685974], [-105.439674377, 51.4130935669, 115.054229736, 7.75777959824, 15.9852371216, 35.0641860962, 7.70431900024, -2.21989893913, 11.2557210922, -10.8272199631, -5.09284448624, 5.01717710495, 0.836247205734], [113.86631012, 2.16972208023, 7.75777959824, 49.3360786438, 9.99455165863, -4.22870922089, -1.5247592926, 12.9722728729, 4.54001426697, 15.5104084015, 11.329325676, 0.219541355968, 5.18475055695], [-115.739372253, 55.439289093, 15.9852371216, 9.99455165863, 65.6085586548, 28.0789585114, 29.8640327454, 0.199289277196, 17.9537830353, -0.999969482422, -11.9266529083, 9.22325801849, 7.3542342186], [-79.4571990967, 3.12367653847, 35.0641860962, -4.22870922089, 28.0789585114, 54.4345092773, 24.7511425018, 3.62062978745, 10.8553009033, -8.97357654572, -7.71792173386, 5.87065792084, 0.817308187485], [-119.799324036, 29.1962337494, 7.70431900024, -1.5247592926, 29.8640327454, 24.7511425018, 56.9397926331, 16.8414916992, 16.8890209198, -1.10237956047, -11.7576408386, 7.14616727829, 1.5104650259], [66.7605285645, -26.1557807922, -2.21989893913, 12.9722728729, 0.199289277196, 3.62062978745, 16.8414916992, 43.0612602234, 14.2501192093, 8.17137908936, 6.9083070755, 1.11189842224, -1.98413169384], [-33.1075820923, 46.8575057983, 11.2557210922, 4.54001426697, 17.9537830353, 10.8553009033, 16.8890209198, 14.2501192093, 40.9319190979, 13.3120641708, 0.792021155357, 7.41178035736, 2.55271649361], [85.7217483521, 8.11665916443, -10.8272199631, 15.5104084015, -0.999969482422, -8.97357654572, -1.10237956047, 8.17137908936, 13.3120641708, 38.9921798706, 22.5996589661, 7.74653482437, 10.2510509491], [116.8592453, -4.2479891777, -5.09284448624, 11.329325676, -11.9266529083, -7.71792173386, -11.7576408386, 6.9083070755, 0.792021155357, 22.5996589661, 39.7551956177, 11.7196569443, 8.03126239777], [-9.72356128693, 23.3119220734, 5.01717710495, 0.219541355968, 9.22325801849, 5.87065792084, 7.14616727829, 1.11189842224, 7.41178035736, 7.74653482437, 11.7196569443, 28.2622890472, 15.6813497543], [-1.97683382034, 8.18904685974, 0.836247205734, 5.18475055695, 7.3542342186, 0.817308187485, 1.5104650259, -1.98413169384, 2.55271649361, 10.2510509491, 8.03126239777, 15.6813497543, 29.6142024994]],
