{
"lowlevel": {
    "average_loudness": 0.904011249542,
    "barkbands_crest": {
        "dmean": 2.15181493759,
        "dmean2": 3.4221804142,
        "dvar": 3.78715085983,
        "dvar2": 9.16360569,
        "max": 20.1199817657,
        "mean": 9.18744277954,
        "median": 7.94868326187,
        "min": 2.35442566872,
        "var": 20.8514347076
    },
    "barkbands_flatness_db": {
        "dmean": 0.0156873036176,
        "dmean2": 0.0251982044429,
        "dvar": 0.000268050469458,
        "dvar2": 0.000653251714539,
        "max": 0.207970127463,
        "mean": 0.0957170426846,
        "median": 0.0807917192578,
        "min": 0.040528818965,
        "var": 0.00152481358964
    },
    "barkbands_kurtosis": {
        "dmean": 2.17891860008,
        "dmean2": 3.48783779144,
        "dvar": 9.7243347168,
        "dvar2": 23.9805622101,
        "max": 43.1839752197,
        "mean": 4.71983385086,
        "median": 1.44306230545,
        "min": -1.57814908028,
        "var": 68.555519104
    },
    "barkbands_skewness": {
        "dmean": 0.515555799007,
        "dmean2": 0.787122666836,
        "dvar": 0.218912065029,
        "dvar2": 0.466017961502,
        "max": 6.03380489349,
        "mean": 1.64490222931,
        "median": 1.43193387985,
        "min": -2.34873557091,
        "var": 2.06794977188
    },
    "barkbands_spread": {
        "dmean": 5.20533704758,
        "dmean2": 8.61448669434,
        "dvar": 38.6365890503,
        "dvar2": 105.754089355,
        "max": 57.2103309631,
        "mean": 27.1976394653,
        "median": 27.7211151123,
        "min": 6.24800539017,
        "var": 142.630432129
    },
    "dissonance": {
        "dmean": 0.0097737479955,
        "dmean2": 0.0162911452353,
        "dvar": 0.000144556106534,
        "dvar2": 0.000274626450846,
        "max": 0.499852538109,
        "mean": 0.481307923794,
        "median": 0.484012275934,
        "min": 0.333472073078,
        "var": 0.000201664995984
    },
    "dynamic_complexity": 10.4498109818,
    "erbbands_crest": {
        "dmean": 1.62131416798,
        "dmean2": 2.7065038681,
        "dvar": 3.20954346657,
        "dvar2": 7.32709693909,
        "max": 22.0617580414,
        "mean": 6.8676738739,
        "median": 5.50336694717,
        "min": 2.52371191978,
        "var": 16.5736427307
    },
    "erbbands_flatness_db": {
        "dmean": 0.0101970685646,
        "dmean2": 0.0160150956362,
        "dvar": 0.00013214359933,
        "dvar2": 0.000363674509572,
        "max": 0.239769861102,
        "mean": 0.13213545084,
        "median": 0.132515996695,
        "min": 0.083697758615,
        "var": 0.000244566996116
    },
    "erbbands_kurtosis": {
        "dmean": 0.633714735508,
        "dmean2": 1.0803245306,
        "dvar": 0.724180579185,
        "dvar2": 2.07597994804,
        "max": 8.70966529846,
        "mean": -0.227308347821,
        "median": -0.608905076981,
        "min": -1.45959889889,
        "var": 1.72699487209
    },
    "erbbands_skewness": {
        "dmean": 0.292278677225,
        "dmean2": 0.478857159615,
        "dvar": 0.0963397249579,
        "dvar2": 0.22864061594,
        "max": 2.66987252235,
        "mean": 0.163953334093,
        "median": 0.0547146238387,
        "min": -1.34868788719,
        "var": 0.530166745186
    },
    "erbbands_spread": {
        "dmean": 7.12348461151,
        "dmean2": 11.3976593018,
        "dvar": 37.8190383911,
        "dvar2": 104.759765625,
        "max": 84.1129837036,
        "mean": 44.2904167175,
        "median": 44.6536750793,
        "min": 14.801856041,
        "var": 144.710250854
    },
    "hfc": {
        "dmean": 8.51968383789,
        "dmean2": 11.786482811,
        "dvar": 1242.33959961,
        "dvar2": 3250.43017578,
        "max": 382.49911499,
        "mean": 13.9216051102,
        "median": 0.955258905888,
        "min": 0.00261929444969,
        "var": 1515.88476562
    },
    "melbands_crest": {
        "dmean": 2.42597174644,
        "dmean2": 3.97714161873,
        "dvar": 5.1590256691,
        "dvar2": 13.0459823608,
        "max": 20.9834327698,
        "mean": 12.2421512604,
        "median": 11.7230024338,
        "min": 2.98507857323,
        "var": 18.7486419678
    },
    "melbands_flatness_db": {
        "dmean": 0.0233039744198,
        "dmean2": 0.0357376374304,
        "dvar": 0.000465934368549,
        "dvar2": 0.00095075921854,
        "max": 0.324609935284,
        "mean": 0.155758276582,
        "median": 0.144875705242,
        "min": 0.0258164592087,
        "var": 0.0048139593564
    },
    "melbands_kurtosis": {
        "dmean": 4.88375711441,
        "dmean2": 7.55477237701,
        "dvar": 48.0640830994,
        "dvar2": 95.6957092285,
        "max": 117.755638123,
        "mean": 14.1951541901,
        "median": 6.42170715332,
        "min": -1.48070991039,
        "var": 486.4503479
    },
    "melbands_skewness": {
        "dmean": 0.609523713589,
        "dmean2": 0.928642451763,
        "dvar": 0.283152341843,
        "dvar2": 0.582520484924,
        "max": 9.28904342651,
        "mean": 2.78752112389,
        "median": 2.18412327766,
        "min": -1.29074788094,
        "var": 3.4555709362
    },
    "melbands_spread": {
        "dmean": 9.58176612854,
        "dmean2": 15.6413202286,
        "dvar": 191.048614502,
        "dvar2": 502.579345703,
        "max": 133.254043579,
        "mean": 31.0212726593,
        "median": 23.8234405518,
        "min": 2.24669480324,
        "var": 577.675720215
    },
    "pitch_salience": {
        "dmean": 0.0722066387534,
        "dmean2": 0.119159981608,
        "dvar": 0.00371924904175,
        "dvar2": 0.00912811700255,
        "max": 0.854591071606,
        "mean": 0.614104032516,
        "median": 0.66613227129,
        "min": 0.193381458521,
        "var": 0.0223051439971
    },
    "silence_rate_20dB": {
        "dmean": 0,
        "dmean2": 0,
        "dvar": 0,
        "dvar2": 0,
        "max": 1,
        "mean": 1,
        "median": 1,
        "min": 1,
        "var": 0
    },
    "silence_rate_30dB": {
        "dmean": 0.00740740727633,
        "dmean2": 0.0148698883131,
        "dvar": 0.00735252862796,
        "dvar2": 0.0220837555826,
        "max": 1,
        "mean": 0.996309936047,
        "median": 1,
        "min": 0,
        "var": 0.00367641332559
    },
    "silence_rate_60dB": {
        "dmean": 0.0592592582107,
        "dmean2": 0.118959106505,
        "dvar": 0.0557474829257,
        "dvar2": 0.127112880349,
        "max": 1,
        "mean": 0.682656824589,
        "median": 1,
        "min": 0,
        "var": 0.216636672616
    },
    "spectral_centroid": {
        "dmean": 282.014221191,
        "dmean2": 433.76171875,
        "dvar": 108544.078125,
        "dvar2": 222163.859375,
        "max": 4323.4375,
        "mean": 1604.26831055,
        "median": 1503.85717773,
        "min": 316.576263428,
        "var": 700310.9375
    },
    "spectral_complexity": {
        "dmean": 3.15925931931,
        "dmean2": 4.23791837692,
        "dvar": 35.9634819031,
        "dvar2": 53.5344352722,
        "max": 60,
        "mean": 11.5571956635,
        "median": 3,
        "min": 0,
        "var": 306.512573242
    },
    "spectral_decrease": {
        "dmean": 7.41276096061e-10,
        "dmean2": 1.0374401338e-09,
        "dvar": 6.55324617231e-18,
        "dvar2": 1.38318106278e-17,
        "max": -3.25232110123e-13,
        "mean": -1.61856406056e-09,
        "median": -2.44360476298e-10,
        "min": -3.54017473114e-08,
        "var": 1.52550650344e-17
    },
    "spectral_energy": {
        "dmean": 0.00342160160653,
        "dmean2": 0.00477069662884,
        "dvar": 0.000130407293909,
        "dvar2": 0.000269030890195,
        "max": 0.14807574451,
        "mean": 0.00737156765535,
        "median": 0.000994481844828,
        "min": 1.46508034504e-06,
        "var": 0.000312243239023
    },
    "spectral_energyband_high": {
        "dmean": 0.000777032517362,
        "dmean2": 0.0011947278399,
        "dvar": 1.54456174641e-05,
        "dvar2": 4.31247171946e-05,
        "max": 0.045716792345,
        "mean": 0.00107117730659,
        "median": 3.9510687202e-05,
        "min": 8.02767559094e-08,
        "var": 1.30062317112e-05
    },
    "spectral_energyband_low": {
        "dmean": 0.000518538581673,
        "dmean2": 0.000811375677586,
        "dvar": 7.46186333345e-06,
        "dvar2": 1.7542821297e-05,
        "max": 0.0364410765469,
        "mean": 0.000484564487124,
        "median": 7.63023490435e-06,
        "min": 8.05113700153e-08,
        "var": 7.07136860001e-06
    },
    "spectral_energyband_middle_high": {
        "dmean": 0.00121828308329,
        "dmean2": 0.00151104095858,
        "dvar": 1.38768527904e-05,
        "dvar2": 2.34990275203e-05,
        "max": 0.0549113638699,
        "mean": 0.00244263745844,
        "median": 0.000210867918213,
        "min": 2.60388475226e-07,
        "var": 3.90111999877e-05
    },
    "spectral_energyband_middle_low": {
        "dmean": 0.00200137030333,
        "dmean2": 0.0031883912161,
        "dvar": 4.94242558489e-05,
        "dvar2": 0.000129014064441,
        "max": 0.0907891690731,
        "mean": 0.0037335716188,
        "median": 0.000626818800811,
        "min": 1.04735295281e-06,
        "var": 8.14758896013e-05
    },
    "spectral_entropy": {
        "dmean": 0.0996852442622,
        "dmean2": 0.159077450633,
        "dvar": 0.0129311373457,
        "dvar2": 0.0273446217179,
        "max": 8.60521411896,
        "mean": 7.82897090912,
        "median": 7.88554382324,
        "min": 7.01874732971,
        "var": 0.0966271832585
    },
    "spectral_flux": {
        "dmean": 0.00980875082314,
        "dmean2": 0.0150931160897,
        "dvar": 0.000756058492698,
        "dvar2": 0.0016221946571,
        "max": 0.342883318663,
        "mean": 0.0351781696081,
        "median": 0.0165282487869,
        "min": 0.00271454383619,
        "var": 0.00214176345617
    },
    "spectral_kurtosis": {
        "dmean": 0.860441625118,
        "dmean2": 1.34779179096,
        "dvar": 1.2873660326,
        "dvar2": 2.55116820335,
        "max": 13.8440303802,
        "mean": 5.89664411545,
        "median": 4.88693618774,
        "min": 0.0795457363129,
        "var": 10.0483665466
    },
    "spectral_rms": {
        "dmean": 0.000404409423936,
        "dmean2": 0.000550789467525,
        "dvar": 9.28523661514e-07,
        "dvar2": 1.79448340987e-06,
        "max": 0.0120193231851,
        "mean": 0.00178179307841,
        "median": 0.000985000631772,
        "min": 3.78067015845e-05,
        "var": 4.01698571295e-06
    },
    "spectral_rolloff": {
        "dmean": 538.32989502,
        "dmean2": 863.809631348,
        "dvar": 658846.25,
        "dvar2": 1500310.375,
        "max": 9410.00976562,
        "mean": 2171.27709961,
        "median": 1894.921875,
        "min": 215.33203125,
        "var": 2793064.75
    },
    "spectral_skewness": {
        "dmean": 0.137210443616,
        "dmean2": 0.207962095737,
        "dvar": 0.0275051482022,
        "dvar2": 0.0585813187063,
        "max": 3.01469683647,
        "mean": 1.67274272442,
        "median": 1.47511136532,
        "min": 0.640529155731,
        "var": 0.280522406101
    },
    "spectral_spread": {
        "dmean": 400959.1875,
        "dmean2": 622092.9375,
        "dvar": 861025009664,
        "dvar2": 1.15961954304e+12,
        "max": 19595786,
        "mean": 4806447,
        "median": 4619913,
        "min": 3664949,
        "var": 1.29795227648e+12
    },
    "spectral_strongpeak": {
        "dmean": 0.139974191785,
        "dmean2": 0.247209712863,
        "dvar": 0.124263435602,
        "dvar2": 0.35287052393,
        "max": 3.74725389481,
        "mean": 0.254195570946,
        "median": 0.137824043632,
        "min": 0,
        "var": 0.143840193748
    },
    "zerocrossingrate": {
        "dmean": 0.0121328849345,
        "dmean2": 0.0145195601508,
        "dvar": 0.00012814978254,
        "dvar2": 0.000156237962074,
        "max": 0.23046875,
        "mean": 0.0971067100763,
        "median": 0.09814453125,
        "min": 0.01708984375,
        "var": 0.0016618660884
    },
    "barkbands": {
        "dmean": [6.76307399772e-06, 1.75986247086e-06, 0.000167197766132, 0.000571464071982, 0.000742287491448, 0.000674199312925, 0.00029161630664, 0.000109545464511, 0.000216783766518, 0.000122820041724, 7.67416422605e-05, 0.000114098264021, 9.56817602855e-05, 0.000125368416775, 0.000152629014337, 0.000201559334528, 0.000157975649927, 0.000130044689286, 0.000267613650067, 0.000235473969951, 0.000162522686878, 8.744130173e-05, 0.000106933395728, 0.000187116631423, 0.000114289541671, 2.34114377236e-05, 1.29456998366e-06],
        "dmean2": [1.13374226203e-05, 3.28939745486e-06, 0.000246209267061, 0.000900708895642, 0.00113200454507, 0.00119530491065, 0.000487217563204, 0.000170414539753, 0.00040325516602, 0.000194660009583, 0.000124632613733, 0.000194230757188, 0.000145862170029, 0.000201078481041, 0.000248894706601, 0.000317717669532, 0.000251190271229, 0.000212836646824, 0.00040449295193, 0.000349759589881, 0.000245315663051, 0.000145324971527, 0.000175120425411, 0.000327712914441, 0.000178998874617, 3.57499302481e-05, 1.9257877284e-06],
        "dvar": [5.47582638954e-11, 2.80382210505e-11, 7.33023114208e-07, 9.12774521566e-06, 4.16391412728e-06, 4.02947216571e-06, 5.70655970478e-07, 7.20685662259e-08, 5.51940331661e-07, 1.08263741083e-07, 7.62328014048e-08, 9.938784018e-08, 8.00472861329e-08, 1.32081424908e-07, 4.29006064451e-07, 6.18997262336e-07, 2.44647736736e-07, 1.23777766703e-07, 6.43735802441e-07, 6.86258260885e-07, 2.52693411085e-07, 1.05071322309e-07, 4.71554329806e-07, 2.25406392929e-06, 3.67026956383e-07, 9.82507764036e-09, 1.31277228671e-11],
        "dvar2": [1.21043827739e-10, 8.28138876918e-11, 1.61957552791e-06, 2.24707891903e-05, 9.35018033488e-06, 1.20758340927e-05, 1.64509572187e-06, 1.63460839531e-07, 1.77941490165e-06, 2.14706091128e-07, 1.87817562392e-07, 2.5324766284e-07, 1.82089252121e-07, 2.84836659148e-07, 9.17939701139e-07, 1.30141233967e-06, 5.32506874151e-07, 2.88031543505e-07, 1.37199481287e-06, 1.47144476159e-06, 5.49052174392e-07, 2.73872529988e-07, 1.35727270845e-06, 6.61717058392e-06, 1.04246612409e-06, 2.59069263819e-08, 2.99707411666e-11],
        "max": [7.57382804295e-05, 4.48355422122e-05, 0.0116207292303, 0.0402988232672, 0.0316158607602, 0.0192823521793, 0.00688137440011, 0.00279007060453, 0.00753901200369, 0.00435412395746, 0.00365572585724, 0.00311581697315, 0.00339424097911, 0.00430266745389, 0.00843514874578, 0.00955923646688, 0.00584528408945, 0.0042471550405, 0.0101897036657, 0.00983522552997, 0.00470993714407, 0.00323085580021, 0.00843462906778, 0.018064647913, 0.00691201910377, 0.00104461517185, 4.60635310446e-05],
        "mean": [7.36556148695e-06, 1.59232001806e-06, 0.000181662660907, 0.000581328989938, 0.00147528783418, 0.000716678623576, 0.000410333334003, 0.000193789572222, 0.00026373489527, 0.000193249317817, 9.33041519602e-05, 0.000181260693353, 0.000161214382388, 0.000202442781301, 0.000213646737393, 0.000312801770633, 0.000250588287599, 0.000251989869867, 0.000426401209552, 0.000387975916965, 0.000275327794952, 0.000124105601572, 0.000118503339763, 0.000178682414116, 0.000132207278511, 3.06690271827e-05, 3.93262189391e-06],
        "median": [3.52801430381e-06, 8.77607362781e-07, 6.08321954587e-07, 7.28845552658e-05, 0.000269179174211, 7.49025348341e-05, 7.21726974007e-05, 4.16632210545e-05, 2.76049413515e-05, 1.88855010492e-05, 7.10292215444e-06, 1.92777697521e-05, 1.43866718645e-05, 1.59710398293e-05, 1.38454379339e-05, 1.91815888684e-05, 1.68886763277e-05, 1.86360284715e-05, 2.45917781285e-05, 2.00301055884e-05, 1.04720820673e-05, 4.46710873803e-06, 2.1627940896e-06, 2.47531625064e-06, 1.97675103664e-06, 5.98058988999e-07, 2.63741117124e-06],
        "min": [1.18600764765e-08, 1.33291884197e-08, 1.58167416942e-08, 8.94826612807e-08, 4.50721671541e-07, 3.44698776189e-07, 3.71606603267e-08, 6.15610744603e-08, 3.37953380836e-08, 7.93530290366e-08, 2.65412829492e-08, 1.66703788551e-08, 5.99196141593e-08, 2.39453719075e-08, 2.53653205107e-08, 9.5486374363e-09, 6.00356830915e-09, 1.06060662475e-08, 1.20335963416e-08, 9.71666125338e-09, 8.63510773996e-09, 8.74635475157e-09, 1.64248448176e-09, 2.56144372379e-09, 3.92703825014e-09, 5.27770049885e-09, 4.66067646698e-08],
        "var": [1.10607280279e-10, 1.63521488017e-11, 8.09540040336e-07, 7.85951669968e-06, 1.27862695081e-05, 4.22502307629e-06, 8.30554597542e-07, 1.60963480766e-07, 5.82496738843e-07, 2.70899192856e-07, 8.77838743918e-08, 2.14931603182e-07, 1.67346343005e-07, 2.90881871479e-07, 5.52066921955e-07, 9.71937083705e-07, 4.5416564376e-07, 3.49633239694e-07, 1.27887904e-06, 1.17584136206e-06, 4.946356853e-07, 1.25408760709e-07, 3.08858119524e-07, 1.27955945572e-06, 2.74871837291e-07, 1.06335784622e-08, 2.09446453237e-11]
    },
    "erbbands": {
        "dmean": [8.3650527813e-05, 0.00192768557463, 0.114623636007, 1.32319700718, 2.22775197029, 1.61821997166, 6.2483124733, 5.18790102005, 3.26627659798, 5.25912237167, 2.14050674438, 4.44820356369, 4.71386480331, 3.3972966671, 3.45297551155, 4.81187391281, 4.17146682739, 6.42752599716, 6.86919879913, 7.36359405518, 11.6169347763, 8.46715545654, 6.66534996033, 10.3846263885, 15.9129867554, 11.806555748, 8.99407482147, 5.2336935997, 3.36088895798, 2.53923869133, 3.5102455616, 3.18919658661, 3.54093623161, 1.38850677013, 0.819133877754, 0.205550462008, 0.0212309956551, 0.00193767773453, 0.000251259712968, 2.08773017221e-05],
        "dmean2": [0.000132954970468, 0.00284916674718, 0.16829188168, 2.07657074928, 3.2366168499, 2.49138998985, 9.88854026794, 9.35759735107, 5.60000276566, 8.6137008667, 3.68486857414, 8.25675773621, 8.21006584167, 5.27206516266, 5.80245256424, 7.68766355515, 6.41594648361, 10.4318857193, 10.7565631866, 11.9849481583, 16.877155304, 13.1450033188, 10.700586319, 15.6207017899, 24.2056274414, 17.7566070557, 13.49467659, 7.18048095703, 5.61269044876, 4.12473249435, 5.87783288956, 5.43093395233, 6.29409503937, 2.18422412872, 1.35862517357, 0.313002765179, 0.0292091649026, 0.00264075747691, 0.000364490610082, 3.14950448228e-05],
        "dvar": [4.71282000092e-08, 7.52783380449e-05, 0.347796916962, 47.5840034485, 35.5171203613, 23.8027648926, 411.356292725, 337.884002686, 160.698348999, 196.604202271, 32.3762016296, 206.355133057, 210.787109375, 183.011642456, 95.4190597534, 172.095397949, 140.814498901, 369.925323486, 716.727294922, 1269.63146973, 1813.88684082, 640.146789551, 312.04675293, 798.643493652, 2965.23754883, 1560.83691406, 767.612060547, 240.454269409, 189.659103394, 130.911071777, 618.885192871, 464.017425537, 892.117126465, 57.7250442505, 22.3503017426, 0.878643989563, 0.00530210044235, 4.7740420996e-05, 5.93572394791e-07, 3.29295346546e-09],
        "dvar2": [1.05666430272e-07, 0.000167712263647, 0.788135945797, 114.283050537, 82.3525314331, 56.9165420532, 1123.89428711, 1097.93151855, 503.185821533, 514.547485352, 90.8114852905, 673.973571777, 504.110992432, 402.375701904, 239.012741089, 419.511413574, 295.063568115, 869.350830078, 1622.46984863, 2682.72949219, 4004.57397461, 1325.74267578, 680.645996094, 1547.23339844, 6618.60449219, 3709.41015625, 1817.97802734, 514.853759766, 508.896026611, 364.828460693, 1790.86657715, 1352.25598145, 2622.08056641, 162.484695435, 64.5506668091, 2.38725686073, 0.0123051721603, 0.000116234499728, 1.38881091516e-06, 7.94317411845e-09],
        "max": [0.0030299287755, 0.117393419147, 7.994161129, 92.3461761475, 74.3644790649, 66.0057220459, 274.923156738, 192.652145386, 141.52180481, 170.07270813, 52.5608444214, 133.266586304, 191.807418823, 185.179397583, 90.420463562, 134.023117065, 141.827209473, 232.408233643, 355.190582275, 436.514953613, 570.674377441, 296.984863281, 223.426239014, 297.819122314, 777.36151123, 388.993560791, 268.526062012, 152.953094482, 144.906219482, 130.42565918, 305.904907227, 259.946044922, 359.082733154, 87.0178833008, 54.7140808105, 10.1787176132, 0.723913490772, 0.0682211965322, 0.0093523543328, 0.00063578406116],
        "mean": [0.000114009104436, 0.00217182771303, 0.122327417135, 1.3229111433, 3.95058369637, 2.88694906235, 8.13772010803, 5.40952348709, 4.26939201355, 8.05560398102, 3.46777796745, 5.77462148666, 7.40812587738, 4.76056575775, 4.85685586929, 7.5878610611, 7.48054790497, 10.1603069305, 10.9640665054, 11.6607608795, 18.0040035248, 14.469121933, 13.4828271866, 18.3818855286, 22.2815628052, 18.0775966644, 13.8284978867, 8.63986587524, 4.8502035141, 3.34607243538, 3.59465384483, 3.20294809341, 3.25991225243, 1.63513565063, 0.901052892208, 0.256520152092, 0.0311307162046, 0.00318777561188, 0.00056424975628, 7.3977644206e-05],
        "median": [6.23051091679e-05, 0.00023492006585, 0.00227722455747, 0.105354562402, 1.15052998066, 0.375085353851, 0.247451201081, 0.837267100811, 0.808007419109, 1.15353059769, 0.583828508854, 0.643855512142, 0.833386182785, 0.445881336927, 0.457089662552, 0.766178190708, 0.725617051125, 0.870122015476, 0.78671336174, 0.690866470337, 1.10601723194, 0.924827337265, 0.948206305504, 1.02371525764, 1.20006537437, 0.899829566479, 0.64461261034, 0.343989789486, 0.192395240068, 0.100891798735, 0.06028983742, 0.0552808828652, 0.0440248325467, 0.024794055149, 0.0115532521158, 0.00382360513322, 0.000771647668444, 0.000528955017217, 0.000292421784252, 5.37370360689e-05],
        "min": [4.52083924074e-07, 3.18237880492e-06, 2.57341198449e-05, 0.000175886249053, 0.000778029032517, 0.00168191827834, 0.00246858526953, 0.00278996257111, 0.000824423797894, 0.0010408766102, 0.00111662270501, 0.000723848934285, 0.00231055752374, 0.00169821921736, 0.000936701660976, 0.00089537713211, 0.00273077795282, 0.00130752217956, 0.0018148602685, 0.00100985483732, 0.000346509303199, 0.000355648051482, 0.000485946598928, 0.000742318923585, 0.000419617455918, 0.000396902207285, 0.000399418349843, 0.000369342771592, 0.000273886980722, 0.000137553768582, 3.75941890525e-05, 4.71454259241e-05, 5.70333832002e-05, 5.15685642313e-05, 1.78607951966e-05, 1.54421777552e-05, 1.04563905552e-05, 9.08850142878e-06, 6.3731172304e-06, 9.14067527447e-07],
        "var": [5.61965229906e-08, 8.3969469415e-05, 0.366239488125, 43.5197944641, 59.2901992798, 65.4617004395, 894.096252441, 264.899108887, 132.193222046, 318.803344727, 48.5124702454, 249.088760376, 436.656982422, 249.158157349, 154.942642212, 381.072662354, 347.914855957, 737.478942871, 1076.79284668, 1658.31567383, 2974.11376953, 1390.82409668, 991.895751953, 2055.56835938, 4615.58789062, 2359.14575195, 1330.64599609, 486.301025391, 207.602706909, 114.596107483, 380.511901855, 281.892700195, 498.053863525, 43.8139801025, 15.0185623169, 0.834062933922, 0.00904045253992, 7.16324793757e-05, 8.9222561428e-07, 5.01862906788e-09]
    },
    "gfcc": {
        "mean": [-119.061729431, 42.577003479, -120.410453796, 3.56498813629, -61.7002716064, -23.7599945068, -47.5819396973, -12.5634126663, -33.0645446777, -8.9803647995, -16.1386451721, -14.0068407059, -11.9460315704],
        "cov": [[14703.7988281, -1599.89416504, -2532.32983398, 1649.44787598, -2053.58276367, 891.909118652, -1297.56921387, 651.482727051, -1073.27648926, 103.913711548, -719.832397461, -25.9037799835, -195.439239502], [-1599.89416504, 538.273498535, 367.504150391, -225.678497314, 315.255004883, -156.625305176, 151.122528076, -115.000534058, 101.576560974, -48.2772369385, 38.3603553772, -39.031665802, -6.90292549133], [-2532.32983398, 367.504150391, 696.508422852, -258.224365234, 450.379730225, -119.19190979, 203.610275269, -121.599693298, 159.634796143, -34.0780334473, 92.0050888062, -3.43070912361, 3.88328409195], [1649.44787598, -225.678497314, -258.224365234, 339.403411865, -165.367126465, 134.626998901, -168.025588989, 39.7991828918, -161.499649048, -28.751663208, -110.017654419, -24.885477066, -29.8671398163], [-2053.58276367, 315.255004883, 450.379730225, -165.367126465, 488.119140625, -94.5032348633, 180.417266846, -127.387733459, 104.360679626, -40.3294258118, 61.9462013245, -11.2097911835, 9.91923427582], [891.909118652, -156.625305176, -119.19190979, 134.626998901, -94.5032348633, 119.964660645, -70.5377578735, 49.2000541687, -79.6587219238, 4.73041200638, -46.1156349182, 5.39949846268, -10.4029979706], [-1297.56921387, 151.122528076, 203.610275269, -168.025588989, 180.417266846, -70.5377578735, 162.204818726, -39.7848510742, 112.191650391, 3.7882475853, 77.9169921875, 11.5568351746, 23.6372661591], [651.482727051, -115.000534058, -121.599693298, 39.7991828918, -127.387733459, 49.2000541687, -39.7848510742, 80.5806503296, -18.6429462433, 29.9668045044, -14.5355138779, 12.455324173, -2.22773122787], [-1073.27648926, 101.576560974, 159.634796143, -161.499649048, 104.360679626, -79.6587219238, 112.191650391, -18.6429462433, 129.742706299, 26.1222648621, 80.7911376953, 16.5270252228, 19.0560913086], [103.913711548, -48.2772369385, -34.0780334473, -28.751663208, -40.3294258118, 4.73041200638, 3.7882475853, 29.9668045044, 26.1222648621, 58.4000663757, 35.3173828125, 24.9561462402, 4.05743837357], [-719.832397461, 38.3603553772, 92.0050888062, -110.017654419, 61.9462013245, -46.1156349182, 77.9169921875, -14.5355138779, 80.7911376953, 35.3173828125, 91.0601730347, 32.9464073181, 24.1567630768], [-25.9037799835, -39.031665802, -3.43070912361, -24.885477066, -11.2097911835, 5.39949846268, 11.5568351746, 12.455324173, 16.5270252228, 24.9561462402, 32.9464073181, 43.7783660889, 23.9151325226], [-195.439239502, -6.90292549133, 3.88328409195, -29.8671398163, 9.91923427582, -10.4029979706, 23.6372661591, -2.22773122787, 19.0560913086, 4.05743837357, 24.1567630768, 23.9151325226, 38.9031791687]],
        "icov": [[0.00166348810308, -0.00178506283555, 0.00181921373587, -0.00200335681438, 0.00195785891265, -0.00200956617482, 0.00263652112335, -0.00313380430453, 0.00352329737507, -0.00368884042837, 0.00363700324669, -0.0038695903495, 0.00228188885376], [-0.00178506283555, 0.00724047422409, -0.00288874120452, 0.00391051825136, -0.00316252326593, 0.00665536569431, -0.00477096205577, 0.00410269014537, -0.00091184215853, 0.00391509523615, -0.00181977439206, 0.00598607445136, -0.00118412752636], [0.00181921373587, -0.00288874120452, 0.00707527715713, -0.00050196814118, -0.00121897098143, -0.0052782073617, 0.00511478399858, -0.00257597584277, -0.0007747100899, -0.000164284618222, 0.00271767843515, -0.00632220320404, 0.00577476806939], [-0.00200335681438, 0.00391051825136, -0.00050196814118, 0.0136922448874, -0.00417423248291, -0.00376648688689, 0.00244436599314, 0.00579412374645, -0.00168902555015, 0.0078613338992, -0.0045218821615, 0.00770306773484, -0.00182472227607], [0.00195785891265, -0.00316252326593, -0.00121897098143, -0.00417423248291, 0.0107911974192, -0.00315767037682, -0.00364191806875, 0.00304147135466, 0.00539800291881, -0.00700146658346, 0.00695896428078, -0.00524009810761, 0.00196895748377], [-0.00200956617482, 0.00665536569431, -0.0052782073617, -0.00376648688689, -0.00315767037682, 0.0330141037703, -0.0120876459405, -0.00835482124239, 0.0127108180895, -0.000293176824925, -0.000800687761512, -0.00133971613832, 0.000345022359397], [0.00263652112335, -0.00477096205577, 0.00511478399858, 0.00244436599314, -0.00364191806875, -0.0120876459405, 0.0348782204092, -0.00784061755985, -0.0102952113375, 0.00440392363816, -0.00608175387606, -0.000563820416573, -0.00147309049498], [-0.00313380430453, 0.00410269014537, -0.00257597584277, 0.00579412374645, 0.00304147135466, -0.00835482124239, -0.00784061755985, 0.0418737754226, -0.0165660846978, -0.00581012340263, 0.00697340676561, 0.00322873424739, -0.00375218992122], [0.00352329737507, -0.00091184215853, -0.0007747100899, -0.00168902555015, 0.00539800291881, 0.0127108180895, -0.0102952113375, -0.0165660846978, 0.0520941875875, -0.016977570951, -0.00417555077001, -0.00107186462265, 0.00315311225131], [-0.00368884042837, 0.00391509523615, -0.000164284618222, 0.0078613338992, -0.00700146658346, -0.000293176824925, 0.00440392363816, -0.00581012340263, -0.016977570951, 0.0543668307364, -0.0283548180014, -0.0040059867315, 0.00962837785482], [0.00363700324669, -0.00181977439206, 0.00271767843515, -0.0045218821615, 0.00695896428078, -0.000800687761512, -0.00608175387606, 0.00697340676561, -0.00417555077001, -0.0283548180014, 0.057319842279, -0.0269850417972, 0.00231041689403], [-0.0038695903495, 0.00598607445136, -0.00632220320404, 0.00770306773484, -0.00524009810761, -0.00133971613832, -0.000563820416573, 0.00322873424739, -0.00107186462265, -0.0040059867315, -0.0269850417972, 0.0704566910863, -0.0359404683113], [0.00228188885376, -0.00118412752636, 0.00577476806939, -0.00182472227607, 0.00196895748377, 0.000345022359397, -0.00147309049498, -0.00375218992122, 0.00315311225131, 0.00962837785482, 0.00231041689403, -0.0359404683113, 0.0533619187772]]
    },
    "melbands": {
        "dmean": [6.63523849198e-07, 3.86950341635e-05, 0.000240016393946, 0.000130500106025, 0.000188055360923, 0.000115257571451, 5.41528061149e-05, 5.01394424646e-05, 1.73601401912e-05, 3.26405679516e-05, 2.36840805883e-05, 1.34080009957e-05, 1.09065858851e-05, 1.38708419399e-05, 1.20840904856e-05, 9.19396188692e-06, 1.28959964059e-05, 1.11541612569e-05, 1.20655467981e-05, 1.20661825349e-05, 1.39747453431e-05, 1.05474300653e-05, 6.53525330563e-06, 6.27714689472e-06, 8.96949859452e-06, 1.19319474834e-05, 9.84535472526e-06, 7.99989629741e-06, 6.17111800238e-06, 4.77033518109e-06, 2.65255221166e-06, 2.05318178814e-06, 1.45308888477e-06, 1.43031297739e-06, 2.19911544264e-06, 1.96328619495e-06, 1.74365720795e-06, 2.7799428608e-06, 1.39903147556e-06, 1.23018162412e-06],
        "dmean2": [1.19291826195e-06, 5.63420944673e-05, 0.000359605590347, 0.000197511719307, 0.000292145326966, 0.000208270474104, 9.28006265895e-05, 8.03107759566e-05, 2.94024830509e-05, 6.07312540524e-05, 4.15407084802e-05, 2.10659090953e-05, 1.75434634002e-05, 2.38620377786e-05, 1.85558837984e-05, 1.42533135659e-05, 2.11418064282e-05, 1.73236294359e-05, 1.96939363377e-05, 2.0474599296e-05, 2.01479688258e-05, 1.70592611539e-05, 1.12256839202e-05, 9.31239083002e-06, 1.43875158756e-05, 1.96554738068e-05, 1.39618232424e-05, 1.28073643282e-05, 9.55236464506e-06, 6.97926816429e-06, 3.77577657673e-06, 3.50477944266e-06, 2.44194438892e-06, 2.36912273976e-06, 3.81664494853e-06, 3.24477468894e-06, 2.95355198432e-06, 4.96771281178e-06, 2.38001211983e-06, 2.01925081456e-06],
        "dvar": [8.19485917927e-13, 3.86410370368e-08, 1.27619034629e-06, 1.09075998012e-07, 3.70459815713e-07, 1.59815641609e-07, 3.29700888813e-08, 1.72010832244e-08, 2.15083639787e-09, 1.17967058344e-08, 5.39754818618e-09, 2.77916867297e-09, 9.19958109691e-10, 1.5627814598e-09, 1.27156951635e-09, 6.44381381587e-10, 1.65040381361e-09, 1.43460154867e-09, 2.7925064483e-09, 3.08009884264e-09, 2.53106824388e-09, 1.06197772798e-09, 3.21841359119e-10, 2.47492831784e-10, 6.23855023196e-10, 1.52488333072e-09, 1.18745868694e-09, 7.11804948317e-10, 3.33761990268e-10, 2.10386694177e-10, 6.05602581971e-11, 7.56294124549e-11, 2.65537938859e-11, 4.7673656689e-11, 2.72633082776e-10, 1.51367085532e-10, 1.19032200763e-10, 5.79319481275e-10, 8.08019068321e-11, 4.63147506458e-11],
        "dvar2": [2.28389421091e-12, 8.53515018662e-08, 3.07633627017e-06, 2.46459052278e-07, 9.85855990621e-07, 5.11646589985e-07, 1.01670664776e-07, 4.32459650312e-08, 5.85081982862e-09, 3.89609873253e-08, 1.32076545256e-08, 6.08230710242e-09, 2.28422791793e-09, 4.2555421409e-09, 3.0701818865e-09, 1.51953627459e-09, 3.98374000454e-09, 3.35953576069e-09, 5.82371617597e-09, 6.40985886591e-09, 6.07781114326e-09, 2.30919794397e-09, 8.21117007721e-10, 5.4607662836e-10, 1.2261393012e-09, 3.73057584824e-09, 2.30660091027e-09, 1.75809156122e-09, 8.251774819e-10, 4.34259322946e-10, 1.38948644257e-10, 2.05839692513e-10, 6.91185303436e-11, 1.3501952334e-10, 7.97337029734e-10, 4.32245822468e-10, 3.4683111938e-10, 1.70398073429e-09, 2.32910357667e-10, 1.30681479527e-10],
        "max": [7.4795616456e-06, 0.00267343502492, 0.0154421012849, 0.0036207344383, 0.00837399624288, 0.00425168825313, 0.00190249714069, 0.00164604617748, 0.000460085313534, 0.00101658597123, 0.00096971844323, 0.000705493672285, 0.000330692681018, 0.0003516212455, 0.000490072590765, 0.000289294344839, 0.000480986200273, 0.000480251939734, 0.000659653916955, 0.000688453787006, 0.000679672753904, 0.000374564348022, 0.000184881995665, 0.000190817983821, 0.000258217711234, 0.000475561129861, 0.000517001317348, 0.000258703221334, 0.000180600516615, 0.00014608904894, 6.68728171149e-05, 9.27219443838e-05, 4.30374784628e-05, 8.09053672128e-05, 0.000201230373932, 0.000150781037519, 0.000130988584715, 0.000289587391308, 0.000106232138933, 7.67279343563e-05],
        "mean": [8.11682298263e-07, 4.23618730565e-05, 0.000304314249661, 0.000238976761466, 0.000258461630438, 0.000119620199257, 7.26833459339e-05, 7.98854161985e-05, 2.4784634661e-05, 3.97405892727e-05, 3.68162109226e-05, 1.87062178156e-05, 1.39872618092e-05, 1.983635957e-05, 1.90592472791e-05, 1.54492008733e-05, 1.92900843103e-05, 1.65915280377e-05, 1.66959962371e-05, 1.86568722711e-05, 2.10485741263e-05, 1.59783921845e-05, 1.17933723232e-05, 1.18480529636e-05, 1.50209116327e-05, 1.65089822985e-05, 1.43054003274e-05, 1.16641922432e-05, 8.79920480656e-06, 7.1788463174e-06, 4.2485735321e-06, 2.8595331969e-06, 2.0073464384e-06, 1.78385653271e-06, 2.11370957004e-06, 2.0114362087e-06, 1.8035506173e-06, 2.4378582566e-06, 1.61536411269e-06, 1.36194512379e-06],
        "median": [5.40957955764e-07, 2.61181867245e-07, 5.46659030078e-05, 5.88946822973e-05, 6.7373625825e-06, 1.77004967554e-05, 1.31656970552e-05, 1.23450045066e-05, 3.89945944335e-06, 4.11232485931e-06, 4.16961756855e-06, 1.78257857897e-06, 1.27964051444e-06, 2.1402170205e-06, 1.63424647326e-06, 1.54605231728e-06, 1.63881804838e-06, 1.1298178606e-06, 1.01607224678e-06, 1.08320671188e-06, 1.35685195346e-06, 9.9766839412e-07, 7.96067752162e-07, 8.01807232165e-07, 7.50029471419e-07, 9.22176013773e-07, 7.20426783118e-07, 6.1998343881e-07, 4.66614380912e-07, 2.49908651995e-07, 1.6551717863e-07, 1.13280457015e-07, 5.74324694469e-08, 4.81783324346e-08, 3.56954998892e-08, 3.32213474508e-08, 3.336552723e-08, 3.09147054622e-08, 2.41668711709e-08, 2.05425756405e-08],
        "min": [4.39435776656e-09, 9.8890708955e-09, 4.48634907002e-08, 9.03897614535e-08, 8.64537739176e-08, 6.18713897893e-08, 1.13181783945e-08, 1.23828334253e-08, 8.28483148752e-09, 4.57290205702e-09, 1.18523910686e-08, 7.27376070486e-09, 3.40053940562e-09, 1.77665171464e-09, 4.13294820589e-09, 5.74071323811e-09, 1.9982624444e-09, 3.2197173816e-09, 1.38472266986e-09, 1.03577990629e-09, 2.93466390078e-10, 3.57781027027e-10, 4.38217184762e-10, 4.59821930532e-10, 6.46351361322e-10, 4.15849660262e-10, 2.63087523988e-10, 2.65892113882e-10, 2.61401650326e-10, 2.48262854718e-10, 2.13839265739e-10, 1.70907649144e-10, 1.33063365881e-10, 5.26509044696e-11, 2.0288265859e-11, 1.90533682581e-11, 3.5868009951e-11, 3.26602876688e-11, 6.2171705284e-11, 3.54519816281e-11],
        "var": [7.8792679846e-13, 4.29040838412e-08, 1.25510121052e-06, 2.17377674971e-07, 8.97408426681e-07, 1.27525609628e-07, 3.26052358446e-08, 3.06415337548e-08, 2.80777867623e-09, 1.32081598991e-08, 1.08139195376e-08, 3.76134723368e-09, 1.43084000204e-09, 2.6761455274e-09, 2.49670084607e-09, 1.40815381577e-09, 2.93101365401e-09, 2.24907137358e-09, 3.57161256126e-09, 4.1968934994e-09, 4.00549815538e-09, 1.94135463261e-09, 7.48906159309e-10, 7.81543330053e-10, 1.43927281204e-09, 2.24401497384e-09, 2.01308392178e-09, 9.86928538893e-10, 5.46583500682e-10, 3.83064496789e-10, 1.14172775401e-10, 7.69331612305e-11, 3.20583733171e-11, 3.79753277435e-11, 1.59312840697e-10, 9.93822454887e-11, 7.43112099633e-11, 3.19557103001e-10, 5.3684261897e-11, 3.35771861704e-11]
    },
    "mfcc": {
        "mean": [-767.342834473, 93.9869308472, -16.9724502563, 15.3584737778, -7.89961957932, -15.5832433701, -10.2862968445, -18.673500061, -14.7056627274, -8.9629907608, -11.4748754501, -6.68316602707, -9.17597293854],
        "cov": [[17787.1640625, -3532.03198242, -807.194152832, -215.505584717, -719.00994873, -461.652404785, -350.102142334, -270.488372803, -259.951965332, -397.456054688, -507.362915039, -430.817932129, -403.221282959], [-3532.03198242, 1116.43054199, 147.73286438, 45.3948135376, 156.040435791, 72.8285903931, 66.6773605347, 29.652551651, 63.3765029907, 71.4787521362, 101.908607483, 60.3236236572, 83.3906173706], [-807.194152832, 147.73286438, 204.4034729, -1.78547465801, 47.8859672546, 22.0103588104, 12.0714530945, 26.7185344696, 8.96448707581, 27.6970119476, 21.1803894043, 26.5177192688, 23.2137107849], [-215.505584717, 45.3948135376, -1.78547465801, 90.991355896, 69.3951644897, 42.8173789978, 20.6342163086, 1.8573448658, 3.51917600632, -14.8773431778, -10.7285518646, -13.1941013336, -12.1714572906], [-719.00994873, 156.040435791, 47.8859672546, 69.3951644897, 159.004180908, 78.9099502563, 54.0719642639, 18.4333286285, 16.5935649872, -2.85274648666, 4.10552978516, -4.98843097687, -4.05280828476], [-461.652404785, 72.8285903931, 22.0103588104, 42.8173789978, 78.9099502563, 81.1030578613, 47.3921966553, 19.289232254, 9.64307785034, -1.00501716137, 4.4683971405, 1.55588042736, 2.17388248444], [-350.102142334, 66.6773605347, 12.0714530945, 20.6342163086, 54.0719642639, 47.3921966553, 61.4530105591, 25.1808261871, 13.570016861, 8.19190311432, 9.79846763611, 2.406717062, 6.63341617584], [-270.488372803, 29.652551651, 26.7185344696, 1.8573448658, 18.4333286285, 19.289232254, 25.1808261871, 41.7512207031, 19.7547836304, 12.913977623, 8.6538476944, 7.7759013176, 4.49915838242], [-259.951965332, 63.3765029907, 8.96448707581, 3.51917600632, 16.5935649872, 9.64307785034, 13.570016861, 19.7547836304, 34.4317550659, 17.0677547455, 10.0308113098, 5.47171831131, 4.86154270172], [-397.456054688, 71.4787521362, 27.6970119476, -14.8773431778, -2.85274648666, -1.00501716137, 8.19190311432, 12.913977623, 17.0677547455, 47.1783790588, 32.1891517639, 20.6165370941, 19.0330867767], [-507.362915039, 101.908607483, 21.1803894043, -10.7285518646, 4.10552978516, 4.4683971405, 9.79846763611, 8.6538476944, 10.0308113098, 32.1891517639, 58.1052780151, 37.8433837891, 26.3572330475], [-430.817932129, 60.3236236572, 26.5177192688, -13.1941013336, -4.98843097687, 1.55588042736, 2.406717062, 7.7759013176, 5.47171831131, 20.6165370941, 37.8433837891, 53.3807868958, 36.1213302612], [-403.221282959, 83.3906173706, 23.2137107849, -12.1714572906, -4.05280828476, 2.17388248444, 6.63341617584, 4.49915838242, 4.86154270172, 19.0330867767, 26.3572330475, 36.1213302612, 52.7872238159]],
