{
"lowlevel": {
    "average_loudness": 0.953944325447,
    "barkbands_crest": {
        "dmean": 2.43475866318,
        "dmean2": 4.07618188858,
        "dvar": 5.21823883057,
        "dvar2": 12.6698970795,
        "max": 22.7310962677,
        "mean": 13.2246484756,
        "median": 12.7950744629,
        "min": 4.20764255524,
        "var": 15.0300006866
    },
    "barkbands_flatness_db": {
        "dmean": 0.0204476304352,
        "dmean2": 0.0329277962446,
        "dvar": 0.000328485941282,
        "dvar2": 0.000790027144831,
        "max": 0.248495072126,
        "mean": 0.1623737216,
        "median": 0.165059417486,
        "min": 0.0736962035298,
        "var": 0.00154205632862
    },
    "barkbands_kurtosis": {
        "dmean": 4.78825855255,
        "dmean2": 7.99470806122,
        "dvar": 26.7740345001,
        "dvar2": 61.2609977722,
        "max": 40.4023857117,
        "mean": 12.0234708786,
        "median": 9.57279777527,
        "min": -1.28027617931,
        "var": 93.2801971436
    },
    "barkbands_skewness": {
        "dmean": 0.574453294277,
        "dmean2": 0.928937911987,
        "dvar": 0.262900918722,
        "dvar2": 0.600921094418,
        "max": 5.59713554382,
        "mean": 3.01129460335,
        "median": 2.9624311924,
        "min": 0.0590609610081,
        "var": 1.33894765377
    },
    "barkbands_spread": {
        "dmean": 2.9479265213,
        "dmean2": 4.6388425827,
        "dvar": 8.42243099213,
        "dvar2": 20.8235015869,
        "max": 35.5718688965,
        "mean": 11.9411039352,
        "median": 9.57532787323,
        "min": 2.13210701942,
        "var": 64.3786392212
    },
    "dissonance": {
        "dmean": 0.0172198694199,
        "dmean2": 0.0277907811105,
        "dvar": 0.000383180537028,
        "dvar2": 0.000710023217835,
        "max": 0.498113363981,
        "mean": 0.469335079193,
        "median": 0.475995868444,
        "min": 0.305877268314,
        "var": 0.00062811159296
    },
    "dynamic_complexity": 4.60315275192,
    "erbbands_crest": {
        "dmean": 2.60700130463,
        "dmean2": 4.08530330658,
        "dvar": 4.53527927399,
        "dvar2": 11.7426538467,
        "max": 18.7481803894,
        "mean": 9.42783260345,
        "median": 8.87930202484,
        "min": 2.78570508957,
        "var": 14.2217473984
    },
    "erbbands_flatness_db": {
        "dmean": 0.0126244938001,
        "dmean2": 0.0200714059174,
        "dvar": 0.000153558983584,
        "dvar2": 0.000330579088768,
        "max": 0.249985262752,
        "mean": 0.171586379409,
        "median": 0.168693616986,
        "min": 0.119237229228,
        "var": 0.000905647175387
    },
    "erbbands_kurtosis": {
        "dmean": 1.06504166126,
        "dmean2": 1.72241473198,
        "dvar": 2.07885909081,
        "dvar2": 4.52751541138,
        "max": 10.9375581741,
        "mean": 0.970125555992,
        "median": -0.0654404163361,
        "min": -1.34510934353,
        "var": 6.92857027054
    },
    "erbbands_skewness": {
        "dmean": 0.356793403625,
        "dmean2": 0.581397891045,
        "dvar": 0.105776920915,
        "dvar2": 0.208790764213,
        "max": 3.06282997131,
        "mean": 1.07388019562,
        "median": 1.00249767303,
        "min": -0.658323407173,
        "var": 0.688605904579
    },
    "erbbands_spread": {
        "dmean": 5.22291231155,
        "dmean2": 7.52536439896,
        "dvar": 19.8575057983,
        "dvar2": 37.94008255,
        "max": 62.1970176697,
        "mean": 39.3471488953,
        "median": 41.0289993286,
        "min": 10.9417419434,
        "var": 168.068862915
    },
    "hfc": {
        "dmean": 2.16312742233,
        "dmean2": 3.23018431664,
        "dvar": 14.2012319565,
        "dvar2": 36.5422325134,
        "max": 43.3978691101,
        "mean": 9.38202762604,
        "median": 3.41794538498,
        "min": 0.382073551416,
        "var": 118.078147888
    },
    "melbands_crest": {
        "dmean": 3.50449705124,
        "dmean2": 5.99307394028,
        "dvar": 7.18205404282,
        "dvar2": 22.8858833313,
        "max": 25.0723628998,
        "mean": 15.677737236,
        "median": 15.3319091797,
        "min": 7.29590511322,
        "var": 14.9071407318
    },
    "melbands_flatness_db": {
        "dmean": 0.0229552350938,
        "dmean2": 0.0363637730479,
        "dvar": 0.000335111079039,
        "dvar2": 0.000792457140051,
        "max": 0.321674793959,
        "mean": 0.217320308089,
        "median": 0.221178591251,
        "min": 0.0804496482015,
        "var": 0.00256014615297
    },
    "melbands_kurtosis": {
        "dmean": 8.36774635315,
        "dmean2": 13.6740932465,
        "dvar": 72.0756835938,
        "dvar2": 182.819198608,
        "max": 75.1890487671,
        "mean": 25.3987140656,
        "median": 23.3573455811,
        "min": -0.0662307739258,
        "var": 220.069915771
    },
    "melbands_skewness": {
        "dmean": 0.686414182186,
        "dmean2": 1.06479847431,
        "dvar": 0.287561863661,
        "dvar2": 0.830215454102,
        "max": 7.26524400711,
        "mean": 3.96627855301,
        "median": 3.79061222076,
        "min": 0.976446449757,
        "var": 1.35070800781
    },
    "melbands_spread": {
        "dmean": 3.44443011284,
        "dmean2": 5.21139764786,
        "dvar": 21.106470108,
        "dvar2": 50.4919204712,
        "max": 57.4028663635,
        "mean": 11.4500751495,
        "median": 8.43309783936,
        "min": 2.69628047943,
        "var": 94.1724624634
    },
    "pitch_salience": {
        "dmean": 0.0755473151803,
        "dmean2": 0.12952169776,
        "dvar": 0.00342487590387,
        "dvar2": 0.00936881359667,
        "max": 0.799436450005,
        "mean": 0.613735556602,
        "median": 0.620582163334,
        "min": 0.405011862516,
        "var": 0.00882266554981
    },
    "silence_rate_20dB": {
        "dmean": 0,
        "dmean2": 0,
        "dvar": 0,
        "dvar2": 0,
        "max": 1,
        "mean": 1,
        "median": 1,
        "min": 1,
        "var": 0
    },
    "silence_rate_30dB": {
        "dmean": 0,
        "dmean2": 0,
        "dvar": 0,
        "dvar2": 0,
        "max": 1,
        "mean": 1,
        "median": 1,
        "min": 1,
        "var": 0
    },
    "silence_rate_60dB": {
        "dmean": 0.0666666701436,
        "dmean2": 0.1344537884,
        "dvar": 0.0622222796082,
        "dvar2": 0.133182704449,
        "max": 1,
        "mean": 0.280991733074,
        "median": 0,
        "min": 0,
        "var": 0.2020355165
    },
    "spectral_centroid": {
        "dmean": 159.742218018,
        "dmean2": 251.165847778,
        "dvar": 27719.3535156,
        "dvar2": 68889.65625,
        "max": 2398.21118164,
        "mean": 869.7265625,
        "median": 724.34564209,
        "min": 409.773101807,
        "var": 181375.546875
    },
    "spectral_complexity": {
        "dmean": 2.82500004768,
        "dmean2": 4.47058820724,
        "dvar": 11.1610403061,
        "dvar2": 27.6777038574,
        "max": 46,
        "mean": 14.4793386459,
        "median": 7,
        "min": 1,
        "var": 178.332260132
    },
    "spectral_decrease": {
        "dmean": 1.38491107471e-09,
        "dmean2": 2.13908335489e-09,
        "dvar": 6.57912120905e-18,
        "dvar2": 1.59813577364e-17,
        "max": -1.89480500734e-10,
        "mean": -3.73576902746e-09,
        "median": -1.74080339033e-09,
        "min": -2.67626685257e-08,
        "var": 1.99428332234e-17
    },
    "spectral_energy": {
        "dmean": 0.0053845057264,
        "dmean2": 0.00831586308777,
        "dvar": 9.98263640213e-05,
        "dvar2": 0.00024319026852,
        "max": 0.104944780469,
        "mean": 0.0149506172165,
        "median": 0.00701521802694,
        "min": 0.000750941748265,
        "var": 0.000313010532409
    },
    "spectral_energyband_high": {
        "dmean": 6.54636314721e-05,
        "dmean2": 8.91354065971e-05,
        "dvar": 1.19157190781e-08,
        "dvar2": 2.5429732986e-08,
        "max": 0.00157445843797,
        "mean": 0.000289832212729,
        "median": 7.26693397155e-05,
        "min": 2.82972496279e-06,
        "var": 1.76259362661e-07
    },
    "spectral_energyband_low": {
        "dmean": 0.000501321686897,
        "dmean2": 0.000787698721979,
        "dvar": 2.27580881074e-06,
        "dvar2": 6.89440503265e-06,
        "max": 0.0112128751352,
        "mean": 0.000935821561143,
        "median": 0.000142733406392,
        "min": 1.60476065503e-06,
        "var": 4.05383661928e-06
    },
    "spectral_energyband_middle_high": {
        "dmean": 0.000433571200119,
        "dmean2": 0.000708351086359,
        "dvar": 5.53480049348e-07,
        "dvar2": 1.24830000914e-06,
        "max": 0.00907037593424,
        "mean": 0.00181876844727,
        "median": 0.000469038961455,
        "min": 4.61361487396e-05,
        "var": 6.05331979386e-06
    },
    "spectral_energyband_middle_low": {
        "dmean": 0.00526553532109,
        "dmean2": 0.00801688339561,
        "dvar": 9.70092514763e-05,
        "dvar2": 0.000234714534599,
        "max": 0.101580440998,
        "mean": 0.0127014704049,
        "median": 0.00617004977539,
        "min": 0.000642741040792,
        "var": 0.000258885527728
    },
    "spectral_entropy": {
        "dmean": 0.139840453863,
        "dmean2": 0.217790812254,
        "dvar": 0.01455795113,
        "dvar2": 0.0331747457385,
        "max": 8.0895280838,
        "mean": 7.47951698303,
        "median": 7.48425865173,
        "min": 6.62895822525,
        "var": 0.107675507665
    },
    "spectral_flux": {
        "dmean": 0.0111025385559,
        "dmean2": 0.0178245604038,
        "dvar": 0.000174277869519,
        "dvar2": 0.000366661755834,
        "max": 0.209638088942,
        "mean": 0.0578373372555,
        "median": 0.0416806899011,
        "min": 0.013328996487,
        "var": 0.00176833069418
    },
    "spectral_kurtosis": {
        "dmean": 1.06744027138,
        "dmean2": 1.76126158237,
        "dvar": 1.04653549194,
        "dvar2": 2.76027846336,
        "max": 16.1451358795,
        "mean": 4.94630336761,
        "median": 4.34622335434,
        "min": 2.37444734573,
        "var": 4.35126876831
    },
    "spectral_rms": {
        "dmean": 0.000570255622733,
        "dmean2": 0.000870114017744,
        "dvar": 5.67211770885e-07,
        "dvar2": 1.08912934138e-06,
        "max": 0.0101185543463,
        "mean": 0.0032854762394,
        "median": 0.00261612585746,
        "min": 0.000855935795698,
        "var": 3.79160996999e-06
    },
    "spectral_rolloff": {
        "dmean": 221.253662109,
        "dmean2": 348.693084717,
        "dvar": 111754.023438,
        "dvar2": 272918.0625,
        "max": 3337.64648438,
        "mean": 761.848327637,
        "median": 495.263671875,
        "min": 322.998046875,
        "var": 418983.65625
    },
    "spectral_skewness": {
        "dmean": 0.145845577121,
        "dmean2": 0.220016255975,
        "dvar": 0.0169418044388,
        "dvar2": 0.0381057858467,
        "max": 3.52255821228,
        "mean": 1.67904508114,
        "median": 1.60061562061,
        "min": 1.22015631199,
        "var": 0.113378562033
    },
    "spectral_spread": {
        "dmean": 286544.53125,
        "dmean2": 419250.90625,
        "dvar": 224639811584,
        "dvar2": 249255837696,
        "max": 9417869,
        "mean": 4274694,
        "median": 4282604,
        "min": 3051802.5,
        "var": 399872753664
    },
    "spectral_strongpeak": {
        "dmean": 0.238154798746,
        "dmean2": 0.382342934608,
        "dvar": 0.0680863857269,
        "dvar2": 0.165130987763,
        "max": 2.36996841431,
        "mean": 0.612842679024,
        "median": 0.524272143841,
        "min": 0.0588237568736,
        "var": 0.177992761135
    },
    "zerocrossingrate": {
        "dmean": 0.0053914389573,
        "dmean2": 0.00704930396751,
        "dvar": 2.20831043407e-05,
        "dvar2": 3.02035787172e-05,
        "max": 0.1015625,
        "mean": 0.0417419932783,
        "median": 0.037109375,
        "min": 0.00439453125,
        "var": 0.000318756268825
    },
    "barkbands": {
        "dmean": [3.07594291371e-07, 6.87471720084e-06, 0.000139687253977, 0.0010295646498, 0.00173110654578, 0.00382264424115, 0.000388432439649, 0.000279021885945, 0.000222766029765, 0.000124586760649, 6.34974858258e-05, 0.000101610225101, 6.21675571892e-05, 0.000104286082205, 9.06235072762e-05, 0.000135066424264, 7.63164061937e-05, 4.95021085953e-05, 9.2457732535e-05, 5.21026922797e-05, 2.67076193268e-05, 8.9839913926e-06, 6.28428506388e-06, 6.13668134974e-06, 9.10731978365e-06, 1.65244682648e-06, 1.03754999259e-07],
        "dmean2": [4.49587759022e-07, 8.58519888425e-06, 0.000211231075809, 0.00171144853812, 0.00286246812902, 0.0061186417006, 0.000677071802784, 0.000489309779368, 0.000369662448065, 0.000211030943319, 0.000107906918856, 0.000163762044394, 0.000101661113149, 0.000171298481291, 0.000156720692758, 0.000229131837841, 0.000126400060253, 8.54379832163e-05, 0.000153111497639, 7.3626775702e-05, 4.40816293121e-05, 1.3515923456e-05, 8.41085056891e-06, 8.78280116012e-06, 1.28625779325e-05, 2.46425179284e-06, 1.50934113208e-07],
        "dvar": [1.16909975624e-12, 1.71291064666e-10, 1.10439351886e-07, 4.83339999846e-06, 1.13275018521e-05, 7.59009053581e-05, 4.81357972149e-07, 2.18181668288e-07, 1.91788856796e-07, 5.79641472598e-08, 1.17893170781e-08, 2.20507789805e-08, 9.24363252608e-09, 3.5799992304e-08, 2.36163106848e-08, 6.65031336666e-08, 2.00984064946e-08, 8.25594437259e-09, 3.09115506525e-08, 8.16864087483e-09, 2.37002595327e-09, 2.13977224828e-10, 1.2664257143e-10, 1.12470595337e-10, 2.27313556866e-10, 7.70395205962e-12, 3.14538976462e-14],
        "dvar2": [1.60978283655e-12, 2.26217058974e-10, 3.23921767631e-07, 1.36724484037e-05, 2.55462236964e-05, 0.000200928887352, 1.17171464353e-06, 7.25435540971e-07, 5.25162761278e-07, 1.69319434917e-07, 3.91643091291e-08, 5.68074263185e-08, 2.52646792376e-08, 1.00909360867e-07, 6.62831993736e-08, 1.69127233107e-07, 5.55260584179e-08, 2.48788261104e-08, 8.54251425153e-08, 1.68437939152e-08, 6.78165168466e-09, 5.33733224284e-10, 2.7270150027e-10, 2.08236761168e-10, 4.35292857315e-10, 1.5488247837e-11, 7.81917865417e-14],
        "max": [1.08571748569e-05, 0.000127825318486, 0.00215287064202, 0.0179306827486, 0.0389765426517, 0.0821967422962, 0.00521698733792, 0.00281066820025, 0.0031381258741, 0.00226141605526, 0.000684106431436, 0.00134745356627, 0.000661004392896, 0.00148750818335, 0.00112366129179, 0.00230708648451, 0.00125998456497, 0.000882133725099, 0.00150759203825, 0.000916715885978, 0.000641424907371, 0.000194661042769, 0.000153466375195, 0.000165472563822, 0.000183389856829, 3.37258679792e-05, 2.03244894692e-06],
        "mean": [2.65782574616e-07, 2.21342233999e-05, 0.000167321079061, 0.00208386406302, 0.00282395258546, 0.00623491266742, 0.000678668962792, 0.00036590610398, 0.000389673572499, 0.000248270895099, 0.000109848951979, 0.000209373698453, 0.000121686694911, 0.000198157824343, 0.000177090551006, 0.000239402521402, 0.000170726925717, 0.000127376071759, 0.000220886402531, 0.000141327880556, 9.35151037993e-05, 3.59500591003e-05, 2.33659975493e-05, 2.96138623526e-05, 3.05996582028e-05, 6.32274122836e-06, 3.78943354917e-07],
        "median": [9.1252232437e-08, 3.26007102558e-06, 3.98474221583e-05, 0.000199319954845, 0.00111223454587, 0.00305388495326, 0.000317015132168, 0.000167066726135, 7.97707616584e-05, 5.778425475e-05, 2.74162393907e-05, 4.62442694698e-05, 3.81944664696e-05, 5.54873404326e-05, 4.56321577076e-05, 5.6059419876e-05, 5.05553907715e-05, 3.8056885387e-05, 4.87481011078e-05, 3.08444723487e-05, 2.39581549977e-05, 1.00483748611e-05, 4.19688922193e-06, 6.07385481999e-06, 6.62939237372e-06, 1.46380864408e-06, 1.25580797317e-07],
        "min": [5.92268123434e-10, 2.35367849655e-08, 4.8014692311e-07, 1.35083719215e-05, 3.92711517634e-05, 0.000116518618597, 2.93508419418e-05, 4.88178557134e-06, 5.75952890358e-06, 4.92827393828e-06, 4.35850751046e-07, 3.38948598255e-06, 1.97157964976e-06, 1.56946168772e-06, 3.00768851957e-06, 2.12763734453e-06, 2.66122333414e-06, 1.53534472247e-06, 3.07724531012e-06, 1.19141463983e-06, 8.59691851929e-07, 3.23833489801e-07, 1.7569438171e-07, 3.06810306938e-07, 2.37716264451e-07, 5.55623316245e-08, 5.83036552371e-08],
        "var": [1.11565607013e-12, 1.05671893458e-09, 1.37776794418e-07, 1.4486571672e-05, 2.19212142838e-05, 0.000123969744891, 9.31808585847e-07, 2.53553537277e-07, 4.08467172974e-07, 1.50411565869e-07, 2.72787854527e-08, 9.17359130881e-08, 2.54953569367e-08, 8.9907537415e-08, 6.48892282129e-08, 1.79631840069e-07, 6.44145927708e-08, 3.42245023432e-08, 1.18925832737e-07, 4.57040414403e-08, 1.83545960653e-08, 2.61801824664e-09, 1.24910759514e-09, 1.92222682216e-09, 2.14861262116e-09, 8.75638728193e-11, 2.25619734484e-13]
    },
    "erbbands": {
        "dmean": [7.84624935477e-05, 0.00322990072891, 0.106935977936, 1.67833018303, 6.03308582306, 6.18885374069, 20.4645652771, 33.8590621948, 9.43621730804, 5.01674032211, 5.55802488327, 3.87304186821, 7.31419610977, 3.71697902679, 2.31270599365, 3.3606030941, 2.75892186165, 4.94295549393, 3.90690255165, 4.50547504425, 7.61205005646, 3.99703288078, 2.61500620842, 4.16430616379, 4.15910053253, 2.45535778999, 1.37557148933, 0.873869776726, 0.364763349295, 0.214670419693, 0.179715678096, 0.154864981771, 0.127835541964, 0.108236506581, 0.0600598007441, 0.0130978859961, 0.00191757117864, 0.000159500646987, 2.10297057492e-05, 6.28358475296e-06],
        "dmean2": [9.99232070171e-05, 0.00439963722602, 0.16045320034, 2.78514695168, 10.7286996841, 9.35418510437, 37.8419494629, 52.0826072693, 13.5936784744, 8.17301368713, 9.965467453, 6.23300600052, 12.5215568542, 6.22705364227, 3.99108362198, 5.82880830765, 4.40242958069, 8.07211589813, 6.68814134598, 7.30077981949, 12.2306194305, 6.96518516541, 4.63550519943, 7.16845750809, 6.34569597244, 3.48903751373, 2.13926482201, 1.42769443989, 0.583701968193, 0.303473711014, 0.270942538977, 0.220446288586, 0.208791524172, 0.170316979289, 0.0795258581638, 0.0187672730535, 0.00290285400115, 0.000205390970223, 3.15130455419e-05, 9.71920599113e-06],
        "dvar": [4.07820976989e-08, 3.53212781192e-05, 0.0661377310753, 18.3668556213, 90.0611801147, 212.397659302, 2925.77832031, 5418.29785156, 482.964538574, 47.1361045837, 121.861602783, 73.7054290771, 217.936706543, 35.5595741272, 14.8101673126, 30.1773166656, 19.5703601837, 92.1836242676, 44.1952133179, 61.0010223389, 202.68812561, 53.7998466492, 21.5162029266, 58.2332839966, 57.125038147, 17.1190872192, 6.76851892471, 2.05749154091, 0.317574590445, 0.157264128327, 0.121620334685, 0.0771501287818, 0.0516174435616, 0.0353063121438, 0.0103328591213, 0.000481920753373, 1.30303342303e-05, 6.60480807824e-08, 1.10760511873e-09, 1.29510110969e-10],
        "dvar2": [6.40432062937e-08, 6.63825921947e-05, 0.191879227757, 53.8699188232, 260.383209229, 437.95614624, 9671.14941406, 12743.9306641, 961.524963379, 102.947792053, 346.903137207, 207.577636719, 656.282653809, 106.747070312, 36.2644729614, 77.6452178955, 50.829410553, 242.878219604, 117.273086548, 161.691070557, 571.656921387, 150.272781372, 64.0297927856, 172.269454956, 138.656646729, 33.7677612305, 17.4667930603, 5.09514093399, 0.782895922661, 0.389051169157, 0.286401003599, 0.194300025702, 0.11334567517, 0.0720523223281, 0.0195447839797, 0.000742824282497, 2.9030650694e-05, 1.16465422195e-07, 2.70574407324e-09, 3.13732789747e-10],
        "max": [0.00161392148584, 0.0496613755822, 1.78834927082, 33.4965171814, 63.8114929199, 174.327972412, 440.325500488, 764.34967041, 254.924255371, 64.2561264038, 75.418182373, 66.7803573608, 111.342979431, 42.1033477783, 40.456489563, 46.7921638489, 36.0086212158, 78.8256759644, 61.5244026184, 82.0270004272, 138.336608887, 63.8653564453, 52.1335639954, 62.3142051697, 66.8393936157, 43.4096298218, 33.807926178, 18.4035587311, 7.71139764786, 5.27212333679, 4.51552057266, 3.95734024048, 3.06854486465, 2.15915679932, 1.30128586292, 0.293019473553, 0.0444874353707, 0.00370449176989, 0.000372195878299, 0.000121926910651],
        "mean": [0.000216327927774, 0.00945325847715, 0.183311119676, 3.44907021523, 8.87193012238, 9.8015794754, 28.7952060699, 51.4567070007, 17.4775867462, 9.45362854004, 7.76599311829, 7.57531881332, 11.0876951218, 6.21241235733, 5.50436115265, 7.78466081619, 6.15158176422, 9.13625049591, 8.92502975464, 10.2769794464, 13.19257164, 9.49251174927, 7.63566684723, 9.61296653748, 10.2986869812, 6.95530796051, 4.39226579666, 3.05437660217, 1.40850007534, 0.810054838657, 0.673225522041, 0.593031287193, 0.502504885197, 0.372771263123, 0.196028530598, 0.0544257350266, 0.00682962220162, 0.000635766831692, 7.46294172131e-05, 2.18495497393e-05],
        "median": [5.79459774599e-05, 0.00193898368161, 0.0507110878825, 0.615137159824, 3.00191068649, 3.45565652847, 13.557015419, 20.4435272217, 8.55900382996, 4.22775411606, 3.06407141685, 1.58481407166, 2.43769359589, 1.48020982742, 1.36358726025, 1.8449729681, 1.86940264702, 2.48945760727, 2.34407567978, 3.01188135147, 3.32619404793, 2.77043437958, 2.33694076538, 2.90315961838, 2.16154646873, 1.73704385757, 1.21859049797, 0.847045898438, 0.364624261856, 0.168354958296, 0.126800939441, 0.137529686093, 0.109230801463, 0.0834359675646, 0.0398795641959, 0.0113486209884, 0.00176483474206, 0.000137869123137, 2.33445007325e-05, 1.03769325506e-05],
        "min": [4.2335186663e-06, 6.7099223088e-05, 0.00150846911129, 0.0276099387556, 0.108460217714, 0.0929598659277, 0.467739582062, 0.688112139702, 0.921277046204, 0.434540361166, 0.156846553087, 0.115761436522, 0.241748288274, 0.105646394193, 0.0738390907645, 0.15114967525, 0.103140726686, 0.102182142437, 0.0649242922664, 0.136592566967, 0.0946584418416, 0.134647428989, 0.113645501435, 0.210759282112, 0.0981754660606, 0.0494794473052, 0.0402824617922, 0.0325454734266, 0.0101023670286, 0.0106212748215, 0.00557261798531, 0.00641445210204, 0.00527210813016, 0.00272928201593, 0.00167708785739, 0.000440901203547, 6.17684418103e-05, 1.49039642565e-05, 7.75042190071e-06, 2.09383529182e-06],
        "var": [1.05338571643e-07, 0.000173965192516, 0.107804618776, 42.8609046936, 150.06703186, 406.967010498, 3485.07739258, 8249.39746094, 847.871826172, 137.602111816, 153.968139648, 150.557815552, 397.63381958, 82.4815292358, 68.1792297363, 114.701179504, 65.0261993408, 194.91418457, 165.761611938, 251.323745728, 518.23449707, 192.005279541, 116.657211304, 208.821060181, 264.208190918, 110.973579407, 40.549446106, 20.1595687866, 4.02329778671, 1.43535625935, 1.06454837322, 0.788739562035, 0.558593332767, 0.31584918499, 0.0901396200061, 0.00658738333732, 0.000106868094008, 8.99970302726e-07, 9.19876264049e-09, 5.32870803038e-10]
    },
    "gfcc": {
        "mean": [-63.890296936, 86.5874710083, -129.743438721, 16.5004310608, -81.0097351074, -22.9704933167, -69.0664825439, -10.4461870193, -43.6805229187, -5.37943744659, -18.922077179, -10.22976017, -8.00611782074],
        "cov": [[6774.57714844, -949.829528809, -421.621612549, 416.662994385, 171.398971558, 733.594970703, 72.2844009399, 305.568328857, -244.379241943, 74.1500167847, -217.490158081, 145.858215332, -36.165348053], [-949.829528809, 371.20300293, 177.767471313, -77.4825363159, -11.9521417618, -109.384437561, 44.3902626038, -37.4562225342, 58.1883583069, -29.347442627, 38.6909942627, -43.7700576782, 13.0763082504], [-421.621612549, 177.767471313, 155.115432739, 23.5833911896, 44.5391960144, -14.6420860291, 29.726726532, -20.293756485, 13.3046064377, -11.2130918503, 11.9335813522, -20.2795696259, -3.18439126015], [416.662994385, -77.4825363159, 23.5833911896, 109.751708984, 72.5884780884, 87.3414840698, 0.680962145329, 9.78307628632, -36.2764701843, 4.70258188248, -23.865442276, 6.24568462372, -12.2515573502], [171.398971558, -11.9521417618, 44.5391960144, 72.5884780884, 81.0787506104, 73.6316223145, 16.8765640259, 3.8954770565, -20.9724960327, 1.06844162941, -9.40493679047, -0.452430397272, -12.9476957321], [733.594970703, -109.384437561, -14.6420860291, 87.3414840698, 73.6316223145, 142.003112793, 32.5881156921, 41.8553924561, -37.2721366882, 9.47210502625, -31.782497406, 7.65986728668, -24.3893070221], [72.2844009399, 44.3902626038, 29.726726532, 0.680962145329, 16.8765640259, 32.5881156921, 55.6981964111, 31.6312789917, 11.3886919022, -1.28996455669, -6.72426509857, -12.5051431656, -14.1271705627], [305.568328857, -37.4562225342, -20.293756485, 9.78307628632, 3.8954770565, 41.8553924561, 31.6312789917, 56.2191925049, 11.3910074234, 9.39691066742, -19.0781135559, -8.06646537781, -18.5249233246], [-244.379241943, 58.1883583069, 13.3046064377, -36.2764701843, -20.9724960327, -37.2721366882, 11.3886919022, 11.3910074234, 38.6771087646, 6.14934062958, 9.12930965424, -11.6910734177, -1.80142521858], [74.1500167847, -29.347442627, -11.2130918503, 4.70258188248, 1.06844162941, 9.47210502625, -1.28996455669, 9.39691066742, 6.14934062958, 20.8751926422, 6.11896705627, 4.95385456085, -2.73714613914], [-217.490158081, 38.6909942627, 11.9335813522, -23.865442276, -9.40493679047, -31.782497406, -6.72426509857, -19.0781135559, 9.12930965424, 6.11896705627, 37.5200424194, 17.4908943176, 14.3410959244], [145.858215332, -43.7700576782, -20.2795696259, 6.24568462372, -0.452430397272, 7.65986728668, -12.5051431656, -8.06646537781, -11.6910734177, 4.95385456085, 17.4908943176, 42.1007843018, 24.131023407], [-36.165348053, 13.0763082504, -3.18439126015, -12.2515573502, -12.9476957321, -24.3893070221, -14.1271705627, -18.5249233246, -1.80142521858, -2.73714613914, 14.3410959244, 24.131023407, 34.7663955688]],
        "icov": [[0.000845379021484, -0.00131662911735, 0.00140296085738, -0.00156413728837, 0.00311344256625, -0.00435045408085, 0.00130767002702, -0.00279037165456, 0.00258832098916, -0.00163977395277, 0.00169534166344, -0.00169222604018, -0.00141571788117], [-0.00131662911735, 0.0296756532043, -0.0277322288603, 0.0147862695158, -0.000871974101756, -0.000299039034871, -0.00759835168719, 0.00806352682412, -0.0201599411666, 0.0270293690264, -0.0244967155159, 0.0322931557894, -0.0204122588038], [0.00140296085738, -0.0277322288603, 0.0448208153248, -0.0257334057242, -0.00784527044743, 0.00953194499016, -0.00968094728887, 0.00240772077814, 0.0109222643077, -0.0201971624047, 0.0170842707157, -0.0235626064241, 0.016324384138], [-0.00156413728837, 0.0147862695158, -0.0257334057242, 0.0564028732479, -0.0317070707679, 0.00123570905998, 0.0151925813407, -0.00797896273434, 0.0112080285326, -0.00254590669647, 0.00884429831058, 0.00549017917365, -0.00576749956235], [0.00311344256625, -0.000871974101756, -0.00784527044743, -0.0317070707679, 0.0778499022126, -0.0528020262718, 0.00364024122246, 0.0104183666408, -0.0140457013622, 0.0120942257345, -0.017818139866, 0.00970795750618, -0.00850748550147], [-0.00435045408085, -0.000299039034871, 0.00953194499016, 0.00123570905998, -0.0528020262718, 0.0837937295437, -0.0313219949603, -0.00435969885439, 0.0277939476073, -0.0207949019969, 0.0182621199638, -0.019578224048, 0.0268222633749], [0.00130767002702, -0.00759835168719, -0.00968094728887, 0.0151925813407, 0.00364024122246, -0.0313219949603, 0.0638930276036, -0.0358406789601, 0.000728188024368, 0.0109524410218, -0.00580124277622, 0.00139839132316, -0.00274431100115], [-0.00279037165456, 0.00806352682412, 0.00240772077814, -0.00797896273434, 0.0104183666408, -0.00435969885439, -0.0358406789601, 0.0832237005234, -0.0539341419935, 0.00117570254952, 0.0126262381673, -0.00312452879734, 0.0163344293833], [0.00258832098916, -0.0201599411666, 0.0109222643077, 0.0112080285326, -0.0140457013622, 0.0277939476073, 0.000728188024368, -0.0539341419935, 0.115554742515, -0.057609397918, 0.0177701190114, -0.0122907254845, 0.0037024684716], [-0.00163977395277, 0.0270293690264, -0.0201971624047, -0.00254590669647, 0.0120942257345, -0.0207949019969, 0.0109524410218, 0.00117570254952, -0.057609397918, 0.115320146084, -0.0607624053955, 0.0346908681095, -0.0125461965799], [0.00169534166344, -0.0244967155159, 0.0170842707157, 0.00884429831058, -0.017818139866, 0.0182621199638, -0.00580124277622, 0.0126262381673, 0.0177701190114, -0.0607624053955, 0.108215354383, -0.0786099433899, 0.0322652831674], [-0.00169222604018, 0.0322931557894, -0.0235626064241, 0.00549017917365, 0.00970795750618, -0.019578224048, 0.00139839132316, -0.00312452879734, -0.0122907254845, 0.0346908681095, -0.0786099433899, 0.12357429415, -0.0765964612365], [-0.00141571788117, -0.0204122588038, 0.016324384138, -0.00576749956235, -0.00850748550147, 0.0268222633749, -0.00274431100115, 0.0163344293833, 0.0037024684716, -0.0125461965799, 0.0322652831674, -0.0765964612365, 0.0967269837856]]
    },
    "melbands": {
        "dmean": [1.08627295958e-06, 3.54575604433e-05, 0.000430617219536, 0.000438315939391, 0.000552772369701, 0.00072316621663, 0.000141671538586, 5.36363040737e-05, 4.48465434602e-05, 2.71292738034e-05, 3.68815199181e-05, 1.50626310642e-05, 6.39355130261e-06, 1.19988417282e-05, 7.7884642451e-06, 6.94308528182e-06, 9.99974145088e-06, 6.57057717035e-06, 7.81378730608e-06, 8.08200456959e-06, 8.6490645117e-06, 4.55707822766e-06, 3.36638549925e-06, 2.45677529165e-06, 3.8434200178e-06, 4.14060923504e-06, 2.29458282774e-06, 1.62821356753e-06, 1.02907097244e-06, 7.11332745595e-07, 5.3507380926e-07, 2.48269287795e-07, 1.93532784465e-07, 1.28761115548e-07, 1.40379668778e-07, 8.8621582961e-08, 1.05316118493e-07, 1.12143489162e-07, 9.51573184693e-08, 9.68412123825e-08],
        "dmean2": [1.33469313823e-06, 5.24299066456e-05, 0.000748389400542, 0.000698841817211, 0.00100879964884, 0.00109477434307, 0.000209978141356, 8.60481450218e-05, 7.90724225226e-05, 4.49265062343e-05, 6.26147084404e-05, 2.55556260527e-05, 1.14146214401e-05, 2.02559640456e-05, 1.28739557113e-05, 1.07710020529e-05, 1.63371496456e-05, 1.14940057756e-05, 1.40507554534e-05, 1.26127606563e-05, 1.42595108628e-05, 8.12899997982e-06, 5.5627169786e-06, 4.29216061093e-06, 6.67678204991e-06, 6.70643521516e-06, 3.48953903995e-06, 2.14475744542e-06, 1.60539639182e-06, 1.15178249871e-06, 8.92867319635e-07, 4.07495718946e-07, 3.16052592098e-07, 1.88079269492e-07, 2.29358064985e-07, 1.24005325119e-07, 1.57745247975e-07, 1.792341493e-07, 1.43363863003e-07, 1.5543126608e-07],
        "dvar": [5.83968940912e-12, 6.21153573022e-09, 6.77616469602e-07, 8.50382662065e-07, 1.97787403522e-06, 2.50359880738e-06, 1.05463165312e-07, 4.44134506949e-09, 8.86788065202e-09, 2.79657097479e-09, 5.44492495536e-09, 6.13360973123e-10, 1.14256763772e-10, 3.68844566001e-10, 1.43177761314e-10, 1.22037283057e-10, 3.51996043424e-10, 1.60812099748e-10, 1.97623792331e-10, 2.5305252338e-10, 2.91138640973e-10, 7.78026879034e-11, 3.49209550166e-11, 2.27822916782e-11, 4.96593113852e-11, 5.9205071401e-11, 2.06466631986e-11, 7.6769606297e-12, 3.96593088231e-12, 1.30548729379e-12, 8.99815541088e-13, 1.93683949629e-13, 1.15554199781e-13, 5.13959365247e-14, 8.41171547022e-14, 2.32651032906e-14, 3.93741605347e-14, 4.08066762076e-14, 2.41205947089e-14, 3.0971905406e-14],
        "dvar2": [6.58901882708e-12, 1.73010654692e-08, 1.97873850993e-06, 1.86570707683e-06, 6.48919512969e-06, 5.97396865487e-06, 2.26758288591e-07, 1.05944835127e-08, 2.48745539722e-08, 7.34178495776e-09, 1.65477214153e-08, 1.79531756128e-09, 3.14270914847e-10, 9.80329595279e-10, 4.25408985816e-10, 3.12947112668e-10, 9.55880485876e-10, 4.41736675016e-10, 5.4947169037e-10, 5.58866009026e-10, 8.88168039115e-10, 2.19273932345e-10, 9.62094362511e-11, 6.70318731077e-11, 1.5122074426e-10, 1.50540122035e-10, 4.81455639245e-11, 1.61677199406e-11, 9.88123732143e-12, 3.57301167819e-12, 2.03764349144e-12, 5.09794192537e-13, 3.64934184217e-13, 1.16886752013e-13, 2.34260934219e-13, 4.33846718045e-14, 1.05267140491e-13, 1.1064303499e-13, 5.42912747094e-14, 6.56259511252e-14],
        "max": [2.10731632251e-05, 0.000580552732572, 0.00608618045226, 0.0107520427555, 0.0118290819228, 0.016377530992, 0.00365529023111, 0.000580223859288, 0.000684839207679, 0.000355613825377, 0.000557669671252, 0.0001667184697, 9.55731375143e-05, 0.000180093018571, 9.75210496108e-05, 8.08638433227e-05, 0.000151757834828, 0.000113099828013, 9.39966121223e-05, 0.000159946634085, 0.000149689454702, 7.74157524575e-05, 6.06812100159e-05, 4.57787791674e-05, 5.16209875059e-05, 6.09132584941e-05, 4.8003395932e-05, 2.94998699246e-05, 2.32891015912e-05, 1.4169690985e-05, 1.10427718027e-05, 4.60649971501e-06, 3.23547305925e-06, 2.9779180295e-06, 2.98407417176e-06, 2.34008098232e-06, 2.4616626888e-06, 2.2473836907e-06, 2.16252533392e-06, 1.93061282516e-06],
        "mean": [3.40889346262e-06, 4.90042366437e-05, 0.000792694976553, 0.000690365268383, 0.000847635790706, 0.0011448150035, 0.000253371428698, 9.55825817073e-05, 6.057921928e-05, 5.17755215697e-05, 5.45581569895e-05, 2.43546710408e-05, 1.51354061018e-05, 2.37966287386e-05, 1.66140271176e-05, 1.23631889437e-05, 1.77898818947e-05, 1.37042743518e-05, 1.54194276547e-05, 1.54984718392e-05, 1.45033409353e-05, 1.00270654002e-05, 7.84427356848e-06, 6.1862133407e-06, 7.89377008914e-06, 8.42030476633e-06, 5.73115403313e-06, 4.37514790974e-06, 2.72300167126e-06, 2.33662171922e-06, 1.58143109275e-06, 8.53065103001e-07, 5.36550487595e-07, 4.10647885474e-07, 3.93195307424e-07, 3.68510200133e-07, 3.53861906888e-07, 3.60800839871e-07, 3.23397500779e-07, 3.12662024271e-07],
        "median": [4.92432775445e-07, 1.23219888337e-05, 0.000141819968121, 0.000256739993347, 0.000398061994929, 0.000492365506943, 0.000120253891509, 4.30229702033e-05, 2.40013978328e-05, 1.07210607894e-05, 1.17026638691e-05, 5.86345458942e-06, 3.79381754101e-06, 4.67423660666e-06, 5.036939001e-06, 3.71197597815e-06, 5.0568869483e-06, 3.36396283274e-06, 4.26279530075e-06, 3.38915538123e-06, 3.5205275708e-06, 2.71977637567e-06, 2.71052454082e-06, 1.94282847588e-06, 2.16610396819e-06, 1.5456409983e-06, 1.10071141535e-06, 1.07658161141e-06, 7.19070726518e-07, 6.7934990966e-07, 4.33780542153e-07, 2.17590596208e-07, 1.22627881183e-07, 7.60245271181e-08, 7.14418177949e-08, 8.69615703891e-08, 8.5199417299e-08, 7.36644309995e-08, 6.58624159655e-08, 7.02277986875e-08],
        "min": [1.04064987738e-08, 1.80522746973e-07, 6.00778184889e-06, 5.23504695593e-06, 1.67009766301e-05, 1.9930601411e-05, 7.73624833528e-06, 4.13253928855e-06, 1.0038244227e-06, 7.56987333261e-07, 1.0858824453e-06, 2.4477432703e-07, 1.65975464483e-07, 3.88614580515e-07, 3.08378446334e-07, 1.75550823656e-07, 1.49013004602e-07, 4.49831745186e-08, 2.75548273976e-07, 1.68858164784e-07, 8.60663575963e-08, 1.34155143883e-07, 1.15140984747e-07, 7.46107531313e-08, 1.81045464842e-07, 6.9062593866e-08, 5.89301620835e-08, 2.61301682514e-08, 2.95125168748e-08, 1.48917660425e-08, 1.70009446521e-08, 4.18073797803e-09, 7.43210026855e-09, 4.57453630531e-09, 3.04822389552e-09, 3.76413122893e-09, 3.71789599107e-09, 3.34306737848e-09, 3.14254666733e-09, 2.00068450695e-09],
        "var": [2.6391822755e-11, 9.25645782246e-09, 1.76442574684e-06, 1.56920600602e-06, 2.55443865171e-06, 4.02157638746e-06, 1.77761251052e-07, 1.36029552067e-08, 1.0561719499e-08, 6.92384416467e-09, 9.80883374524e-09, 1.32187960578e-09, 5.01994112945e-10, 1.235785696e-09, 4.43517167437e-10, 3.15771991888e-10, 7.38827998781e-10, 4.26852664326e-10, 5.18377452075e-10, 7.74133535053e-10, 6.27429108668e-10, 2.30058763706e-10, 1.27266419625e-10, 8.06371844297e-11, 1.46472292628e-10, 1.83209572513e-10, 8.28437735079e-11, 4.50215698056e-11, 1.65947342673e-11, 1.11955557672e-11, 5.90121658137e-12, 1.50872608677e-12, 6.16478114217e-13, 3.88315708798e-13, 3.93079123938e-13, 3.01417229934e-13, 2.8954009329e-13, 3.01528089606e-13, 2.2787883234e-13, 2.31512915392e-13]
    },
    "mfcc": {
        "mean": [-702.133972168, 119.591766357, -9.61996459961, 19.673166275, -7.46070575714, -22.1886291504, -18.5229454041, -28.0530529022, -20.5616493225, -17.2101097107, -17.5614566803, -12.2346944809, -11.2137460709],
        "cov": [[7267.09326172, -1156.52648926, -327.921844482, -140.07333374, 205.169967651, 361.619506836, 388.570465088, 328.137054443, 246.561050415, 104.568191528, -33.305355072, -51.1641578674, 50.0196609497], [-1156.52648926, 419.883392334, 141.591415405, 32.0101280212, -54.5089454651, -62.2022857666, -43.4235992432, -22.9562587738, -16.1236667633, 14.3502511978, 25.0961666107, 13.1117639542, -0.546957373619], [-327.921844482, 141.591415405, 92.0396347046, 43.2082710266, 11.2073640823, 9.98827075958, 8.72497081757, 4.33637332916, 3.97669672966, 5.9496049881, 13.3551702499, 1.88462626934, 2.2093565464], [-140.07333374, 32.0101280212, 43.2082710266, 53.505821228, 35.5387420654, 24.3874340057, 11.5644359589, 0.674100220203, 1.40923464298, -1.34028983116, 0.385340869427, -3.70700931549, -2.27672863007], [205.169967651, -54.5089454651, 11.2073640823, 35.5387420654, 77.2469482422, 64.3589935303, 41.9740600586, 16.7690830231, 5.69310522079, -1.2352451086, -2.25642442703, -6.7857837677, -1.11690306664], [361.619506836, -62.2022857666, 9.98827075958, 24.3874340057, 64.3589935303, 86.1619110107, 63.9767684937, 31.0626811981, 15.2367191315, 1.97455906868, 0.431017100811, -6.20619916916, 0.143660604954], [388.570465088, -43.4235992432, 8.72497081757, 11.5644359589, 41.9740600586, 63.9767684937, 76.888885498, 45.4322090149, 26.2953453064, 13.8411474228, 10.0210571289, 0.582159161568, 4.41452741623], [328.137054443, -22.9562587738, 4.33637332916, 0.674100220203, 16.7690830231, 31.0626811981, 45.4322090149, 52.0379638672, 33.9326553345, 16.6780147552, 10.673002243, 3.99098110199, 10.1361322403], [246.561050415, -16.1236667633, 3.97669672966, 1.40923464298, 5.69310522079, 15.2367191315, 26.2953453064, 33.9326553345, 47.9523277283, 28.3503131866, 14.1292476654, 5.22041130066, 11.3549318314], [104.568191528, 14.3502511978, 5.9496049881, -1.34028983116, -1.2352451086, 1.97455906868, 13.8411474228, 16.6780147552, 28.3503131866, 42.488243103, 21.8394699097, 4.70694255829, 10.5067949295], [-33.305355072, 25.0961666107, 13.3551702499, 0.385340869427, -2.25642442703, 0.431017100811, 10.0210571289, 10.673002243, 14.1292476654, 21.8394699097, 31.8569087982, 14.7842874527, 7.5438375473], [-51.1641578674, 13.1117639542, 1.88462626934, -3.70700931549, -6.7857837677, -6.20619916916, 0.582159161568, 3.99098110199, 5.22041130066, 4.70694255829, 14.7842874527, 26.8802776337, 15.3789272308], [50.0196609497, -0.546957373619, 2.2093565464, -2.27672863007, -1.11690306664, 0.143660604954, 4.41452741623, 10.1361322403, 11.3549318314, 10.5067949295, 7.5438375473, 15.3789272308, 34.7276573181]],
