{
"lowlevel": {
    "average_loudness": 0.725817084312,
    "barkbands_crest": {
        "dmean": 1.82712459564,
        "dmean2": 2.78569173813,
        "dvar": 2.18241858482,
        "dvar2": 4.35236549377,
        "max": 15.118929863,
        "mean": 6.62082719803,
        "median": 6.34783697128,
        "min": 2.44032287598,
        "var": 8.60640144348
    },
    "barkbands_flatness_db": {
        "dmean": 0.016159279272,
        "dmean2": 0.0266469456255,
        "dvar": 0.000288580718916,
        "dvar2": 0.00075041182572,
        "max": 0.176684901118,
        "mean": 0.0819070860744,
        "median": 0.0738516375422,
        "min": 0.0510141849518,
        "var": 0.00058305892162
    },
    "barkbands_kurtosis": {
        "dmean": 1.8000742197,
        "dmean2": 2.97582435608,
        "dvar": 12.9527339935,
        "dvar2": 33.3718185425,
        "max": 30.9889259338,
        "mean": 0.997093379498,
        "median": -0.844778299332,
        "min": -1.58856523037,
        "var": 17.9325218201
    },
    "barkbands_skewness": {
        "dmean": 0.513012111187,
        "dmean2": 0.745377480984,
        "dvar": 0.307787716389,
        "dvar2": 0.680934965611,
        "max": 4.93114519119,
        "mean": 0.949498534203,
        "median": 0.72436517477,
        "min": -0.396649628878,
        "var": 0.975298762321
    },
    "barkbands_spread": {
        "dmean": 5.44777727127,
        "dmean2": 8.59915924072,
        "dvar": 33.6559791565,
        "dvar2": 74.479347229,
        "max": 46.1163711548,
        "mean": 30.2455692291,
        "median": 32.6170806885,
        "min": 7.2629237175,
        "var": 85.2106628418
    },
    "dissonance": {
        "dmean": 0.00968359503895,
        "dmean2": 0.0153610976413,
        "dvar": 0.00014470370661,
        "dvar2": 0.000220518413698,
        "max": 0.49848395586,
        "mean": 0.482304602861,
        "median": 0.485329836607,
        "min": 0.318790227175,
        "var": 0.000303850451019
    },
    "dynamic_complexity": 8.53257751465,
    "erbbands_crest": {
        "dmean": 1.37342178822,
        "dmean2": 2.27174377441,
        "dvar": 1.80313980579,
        "dvar2": 4.76156997681,
        "max": 12.4341316223,
        "mean": 5.10972261429,
        "median": 4.37376594543,
        "min": 2.8414876461,
        "var": 4.38606739044
    },
    "erbbands_flatness_db": {
        "dmean": 0.00978870596737,
        "dmean2": 0.0152599439025,
        "dvar": 6.98751246091e-05,
        "dvar2": 0.000189163620234,
        "max": 0.182149350643,
        "mean": 0.140100970864,
        "median": 0.140369653702,
        "min": 0.0988179966807,
        "var": 0.000110887100163
    },
    "erbbands_kurtosis": {
        "dmean": 0.576720356941,
        "dmean2": 0.943327248096,
        "dvar": 1.06244421005,
        "dvar2": 2.81287527084,
        "max": 11.1773843765,
        "mean": -0.425550192595,
        "median": -0.681365966797,
        "min": -1.47207391262,
        "var": 1.47221243382
    },
    "erbbands_skewness": {
        "dmean": 0.313944160938,
        "dmean2": 0.493319988251,
        "dvar": 0.112122356892,
        "dvar2": 0.252980113029,
        "max": 2.92928314209,
        "mean": -0.103567615151,
        "median": -0.255800098181,
        "min": -1.0591892004,
        "var": 0.371137320995
    },
    "erbbands_spread": {
        "dmean": 6.0265955925,
        "dmean2": 9.80261039734,
        "dvar": 27.0349025726,
        "dvar2": 76.2856903076,
        "max": 61.0102348328,
        "mean": 42.1161499023,
        "median": 42.1511497498,
        "min": 12.9917230606,
        "var": 54.8216972351
    },
    "hfc": {
        "dmean": 5.29454278946,
        "dmean2": 5.27226924896,
        "dvar": 179.486816406,
        "dvar2": 241.241271973,
        "max": 165.882522583,
        "mean": 9.96164035797,
        "median": 2.3083319664,
        "min": 0.000371658301447,
        "var": 578.339233398
    },
    "melbands_crest": {
        "dmean": 2.59932303429,
        "dmean2": 4.31130933762,
        "dvar": 5.26312541962,
        "dvar2": 11.0381479263,
        "max": 19.9083824158,
        "mean": 10.0352020264,
        "median": 9.66494846344,
        "min": 3.61433267593,
        "var": 12.1000185013
    },
    "melbands_flatness_db": {
        "dmean": 0.0246134698391,
        "dmean2": 0.0361732169986,
        "dvar": 0.000686405750457,
        "dvar2": 0.00140409625601,
        "max": 0.273687005043,
        "mean": 0.116794019938,
        "median": 0.102717861533,
        "min": 0.0456839650869,
        "var": 0.00252294400707
    },
    "melbands_kurtosis": {
        "dmean": 3.45082068443,
        "dmean2": 5.39605665207,
        "dvar": 24.2360935211,
        "dvar2": 57.8021125793,
        "max": 32.3788795471,
        "mean": 5.28733968735,
        "median": 2.92321968079,
        "min": -0.867577075958,
        "var": 41.5309486389
    },
    "melbands_skewness": {
        "dmean": 0.523885965347,
        "dmean2": 0.79321616888,
        "dvar": 0.275995880365,
        "dvar2": 0.551806330681,
        "max": 4.43643331528,
        "mean": 1.97028577328,
        "median": 1.81934309006,
        "min": 0.4335103333,
        "var": 0.771393656731
    },
    "melbands_spread": {
        "dmean": 10.5172977448,
        "dmean2": 15.0246896744,
        "dvar": 104.028541565,
        "dvar2": 163.158905029,
        "max": 83.8860931396,
        "mean": 40.690864563,
        "median": 40.237903595,
        "min": 3.74102759361,
        "var": 432.226654053
    },
    "pitch_salience": {
        "dmean": 0.0443766228855,
        "dmean2": 0.0686485916376,
        "dvar": 0.00191493832972,
        "dvar2": 0.00499259633943,
        "max": 0.875177919865,
        "mean": 0.712535560131,
        "median": 0.716816902161,
        "min": 0.544394552708,
        "var": 0.00398864876479
    },
    "silence_rate_20dB": {
        "dmean": 0,
        "dmean2": 0,
        "dvar": 0,
        "dvar2": 0,
        "max": 1,
        "mean": 1,
        "median": 1,
        "min": 1,
        "var": 0
    },
    "silence_rate_30dB": {
        "dmean": 0,
        "dmean2": 0,
        "dvar": 0,
        "dvar2": 0,
        "max": 1,
        "mean": 1,
        "median": 1,
        "min": 1,
        "var": 0
    },
    "silence_rate_60dB": {
        "dmean": 0.10666666925,
        "dmean2": 0.214765101671,
        "dvar": 0.0952886417508,
        "dvar2": 0.182063773274,
        "max": 1,
        "mean": 0.701986730099,
        "median": 1,
        "min": 0,
        "var": 0.209201261401
    },
    "spectral_centroid": {
        "dmean": 330.899841309,
        "dmean2": 473.162384033,
        "dvar": 112279.429688,
        "dvar2": 206183.1875,
        "max": 3010.86816406,
        "mean": 2014.06152344,
        "median": 2158.41162109,
        "min": 467.614624023,
        "var": 463232.25
    },
    "spectral_complexity": {
        "dmean": 4.46666669846,
        "dmean2": 5.38255023956,
        "dvar": 44.5955352783,
        "dvar2": 61.9005889893,
        "max": 60,
        "mean": 11.2980136871,
        "median": 5,
        "min": 0,
        "var": 227.348144531
    },
    "spectral_decrease": {
        "dmean": 9.84794357173e-10,
        "dmean2": 1.34865507651e-09,
        "dvar": 1.18878460256e-17,
        "dvar2": 2.56243497305e-17,
        "max": -8.47505591639e-14,
        "mean": -1.45703715759e-09,
        "median": -3.25283217029e-10,
        "min": -3.35604752877e-08,
        "var": 1.72062335526e-17
    },
    "spectral_energy": {
        "dmean": 0.00396995292976,
        "dmean2": 0.00529016833752,
        "dvar": 0.000180794944754,
        "dvar2": 0.000368340231944,
        "max": 0.13128978014,
        "mean": 0.00640274351463,
        "median": 0.00143764074892,
        "min": 3.53578656132e-07,
        "var": 0.00030220876215
    },
    "spectral_energyband_high": {
        "dmean": 0.000356523814844,
        "dmean2": 0.000376460433472,
        "dvar": 8.53616995755e-07,
        "dvar2": 1.15280317914e-06,
        "max": 0.011267753318,
        "mean": 0.000654978037346,
        "median": 0.00012562260963,
        "min": 1.05136148676e-08,
        "var": 2.6033726499e-06
    },
    "spectral_energyband_low": {
        "dmean": 0.000955677009188,
        "dmean2": 0.0015449183993,
        "dvar": 1.40164293043e-05,
        "dvar2": 2.83337922156e-05,
        "max": 0.0323332883418,
        "mean": 0.000844909169246,
        "median": 1.10074624899e-05,
        "min": 9.52168655033e-09,
        "var": 1.51744616232e-05
    },
    "spectral_energyband_middle_high": {
        "dmean": 0.00127670750953,
        "dmean2": 0.00158451520838,
        "dvar": 1.41644613905e-05,
        "dvar2": 2.97804981528e-05,
        "max": 0.0422846488655,
        "mean": 0.00205607502721,
        "median": 0.000511954654939,
        "min": 1.58718922449e-08,
        "var": 2.6884908948e-05
    },
    "spectral_energyband_middle_low": {
        "dmean": 0.0031123647932,
        "dmean2": 0.00485299853608,
        "dvar": 0.000149201281602,
        "dvar2": 0.000376128475182,
        "max": 0.11367546767,
        "mean": 0.00346097210422,
        "median": 0.000779606576543,
        "min": 3.14137366786e-07,
        "var": 0.000140185584314
    },
    "spectral_entropy": {
        "dmean": 0.100597366691,
        "dmean2": 0.154275268316,
        "dvar": 0.0168179832399,
        "dvar2": 0.0414789058268,
        "max": 8.2829580307,
        "mean": 7.96711301804,
        "median": 8.0343208313,
        "min": 6.92554664612,
        "var": 0.0488565899432
    },
    "spectral_flux": {
        "dmean": 0.0131126400083,
        "dmean2": 0.0188738573343,
        "dvar": 0.000889102520887,
        "dvar2": 0.00187996588647,
        "max": 0.328694164753,
        "mean": 0.0377497002482,
        "median": 0.0254522487521,
        "min": 0.00242255604826,
        "var": 0.00218623364344
    },
    "spectral_kurtosis": {
        "dmean": 0.686223804951,
        "dmean2": 1.08705437183,
        "dvar": 0.622497856617,
        "dvar2": 1.34922814369,
        "max": 15.6682720184,
        "mean": 4.43095350266,
        "median": 3.63408899307,
        "min": 2.41780281067,
        "var": 4.99549245834
    },
    "spectral_rms": {
        "dmean": 0.000503251154441,
        "dmean2": 0.000619949481916,
        "dvar": 1.11387805646e-06,
        "dvar2": 2.0183374545e-06,
        "max": 0.0113175790757,
        "mean": 0.00169074558653,
        "median": 0.0011843041284,
        "min": 1.85729586519e-05,
        "var": 3.38796098731e-06
    },
    "spectral_rolloff": {
        "dmean": 606.231506348,
        "dmean2": 862.339904785,
        "dvar": 434830.3125,
        "dvar2": 786973.8125,
        "max": 4888.03710938,
        "mean": 2763.66577148,
        "median": 3057.71484375,
        "min": 366.064453125,
        "var": 1613547
    },
    "spectral_skewness": {
        "dmean": 0.126014634967,
        "dmean2": 0.192170649767,
        "dvar": 0.014400866814,
        "dvar2": 0.0300918687135,
        "max": 3.30437421799,
        "mean": 1.43623745441,
        "median": 1.3295879364,
        "min": 1.09034073353,
        "var": 0.114413633943
    },
    "spectral_spread": {
        "dmean": 239478.40625,
        "dmean2": 402308.5625,
        "dvar": 75691794432,
        "dvar2": 138942218240,
        "max": 7141176,
        "mean": 4468631.5,
        "median": 4477350,
        "min": 3599039.5,
        "var": 172210126848
    },
    "spectral_strongpeak": {
        "dmean": 0.1198124066,
        "dmean2": 0.190610304475,
        "dvar": 0.04668109864,
        "dvar2": 0.114352934062,
        "max": 2.36877369881,
        "mean": 0.2215269804,
        "median": 0.142672389746,
        "min": 0.000264517759206,
        "var": 0.0644616037607
    },
    "zerocrossingrate": {
        "dmean": 0.0126497391611,
        "dmean2": 0.0144387055188,
        "dvar": 0.000152150270878,
        "dvar2": 0.000125252190628,
        "max": 0.16455078125,
        "mean": 0.101934373379,
        "median": 0.099609375,
        "min": 0.01953125,
        "var": 0.000836431165226
    },
    "barkbands": {
        "dmean": [9.74262775344e-07, 2.03832360057e-06, 0.000300469226204, 0.000922003295273, 0.000497795408592, 0.00158571463544, 0.000178148140549, 0.000100008604932, 0.000157975577167, 0.000153216373292, 7.43114214856e-05, 0.000120973527373, 0.000109885360871, 0.000141285461723, 0.000117981770018, 0.000193624422536, 0.000226495089009, 0.00014148952323, 0.00023189499916, 0.000161445423146, 0.000114015812869, 4.42389500677e-05, 3.47427303495e-05, 4.9820766435e-05, 4.64041804662e-05, 1.00341312645e-05, 6.70460167385e-07],
        "dmean2": [1.67194730238e-06, 3.72425279238e-06, 0.000460406183265, 0.00146415736526, 0.000846701383125, 0.00277875130996, 0.000284609588562, 0.000160030103871, 0.000262828107225, 0.000257675652392, 0.000101799116237, 0.000190378123079, 0.000173746346263, 0.000215644351556, 0.000175424400368, 0.000309413502691, 0.000388323038351, 0.000189963320736, 0.000337969133398, 0.000223345283302, 0.000169622464455, 5.42830312042e-05, 4.09359890909e-05, 5.69032454223e-05, 5.22520203958e-05, 1.30041080411e-05, 8.58157989114e-07],
        "dvar": [6.47433549914e-13, 5.69452471288e-11, 1.40466977427e-06, 1.20074200822e-05, 3.18573324876e-06, 5.4250111134e-05, 1.69946545725e-07, 3.70924695403e-08, 2.24910223778e-07, 2.86713571995e-07, 5.61539010846e-08, 1.02529227775e-07, 6.5838065666e-08, 1.97161313054e-07, 8.51829966564e-08, 4.08449750466e-07, 7.14956343018e-07, 1.23424214848e-07, 3.92321823028e-07, 1.6771053879e-07, 1.28305913449e-07, 1.49326542243e-08, 1.01548955911e-08, 1.72771041917e-08, 1.77015202496e-08, 1.02957353754e-09, 4.69864295041e-12],
        "dvar2": [1.93488215901e-12, 1.58494259384e-10, 2.92721847472e-06, 2.42846945184e-05, 8.74233592185e-06, 0.000154250505148, 4.36590710251e-07, 7.94244812141e-08, 6.14379644048e-07, 7.47408932966e-07, 1.06315255266e-07, 2.71116363137e-07, 1.59066942729e-07, 4.88955890887e-07, 1.64335688169e-07, 1.01917646589e-06, 2.22848552767e-06, 2.00266825345e-07, 7.49998264382e-07, 3.39090689749e-07, 2.66504031288e-07, 2.18327009804e-08, 1.76803833796e-08, 2.47630804751e-08, 2.46076883315e-08, 2.19043605476e-09, 1.04676059487e-11],
        "max": [3.99388682126e-06, 5.98671904299e-05, 0.0109807625413, 0.0306141190231, 0.016983166337, 0.0619759857655, 0.00389019353315, 0.00195245386567, 0.00437400210649, 0.00492502795532, 0.00275277509354, 0.00246042106301, 0.00243199639954, 0.00460941297933, 0.00276620755903, 0.00673168012872, 0.00771225104108, 0.00420632492751, 0.00708330003545, 0.00432295072824, 0.00399427022785, 0.00126501370687, 0.00131483469158, 0.00158908159938, 0.0014116653474, 0.000364198145689, 2.39676737692e-05],
        "mean": [9.20745833355e-07, 1.32486263738e-06, 0.000261887005763, 0.000818543776404, 0.000640591606498, 0.00129164103419, 0.000275784404948, 0.000180025497684, 0.000177011388587, 0.000161267016665, 8.96093988558e-05, 0.000156055379193, 0.000135893336846, 0.000170279017766, 0.000172398533323, 0.000251010322245, 0.000253763369983, 0.000238159540459, 0.00034191380837, 0.000266288116109, 0.000197989633307, 8.10504934634e-05, 5.85419547861e-05, 8.31303186715e-05, 8.01610876806e-05, 1.59337687364e-05, 1.3055545196e-06],
        "median": [6.323919024e-07, 1.55797295065e-07, 3.2534494494e-06, 2.67346295004e-05, 0.000200430949917, 0.000153945424245, 9.61344630923e-05, 6.84177211951e-05, 5.36322659173e-05, 4.20861906605e-05, 1.88356989383e-05, 4.0623042878e-05, 3.68479268218e-05, 3.24765933328e-05, 3.74272240151e-05, 6.24315580353e-05, 4.86251119582e-05, 6.12488220213e-05, 7.2264141636e-05, 5.59262552997e-05, 3.77015130653e-05, 1.45918202179e-05, 1.14307131298e-05, 1.13256774057e-05, 9.84597227216e-06, 2.0214442884e-06, 5.08040329805e-07],
        "min": [6.79855105545e-09, 4.46413572774e-09, 4.04317801461e-10, 5.82354520162e-09, 7.14184054118e-08, 4.38876668341e-08, 7.68144161611e-08, 7.14358705522e-08, 4.17488941196e-08, 4.2084833396e-09, 8.55911508335e-10, 2.36516162211e-09, 1.64922331347e-09, 8.41903768922e-10, 4.98921959302e-10, 6.23908369413e-10, 5.18344700495e-10, 4.13501677343e-09, 1.86029813776e-09, 7.62966634316e-10, 6.0605226393e-10, 5.49084555601e-10, 3.24438059751e-10, 4.59966592592e-10, 4.24560858692e-10, 1.04195285733e-09, 7.03119296119e-09],
        "var": [7.55866560748e-13, 3.5202774723e-11, 1.50767323248e-06, 1.30403614094e-05, 2.88102546619e-06, 3.61657621397e-05, 2.82490020709e-07, 1.08167803603e-07, 2.37605291886e-07, 2.54844138681e-07, 8.01203867695e-08, 1.40600889154e-07, 9.61788302334e-08, 2.41502078779e-07, 1.79427445346e-07, 5.14214889336e-07, 6.12615735918e-07, 3.01185934859e-07, 8.26320956548e-07, 4.01883056611e-07, 2.63797687694e-07, 4.27254143176e-08, 2.40558204467e-08, 4.63862157574e-08, 4.80423629767e-08, 1.79638903752e-09, 7.54992422747e-12]
    },
    "erbbands": {
        "dmean": [9.55048235483e-05, 0.00313629163429, 0.205119252205, 2.29334568977, 1.47527563572, 1.62463974953, 11.8579521179, 9.48081493378, 2.90094470978, 2.47242856026, 2.33020448685, 2.80643320084, 5.66715764999, 4.55581474304, 3.25893449783, 4.48702573776, 5.05712413788, 7.44648170471, 6.83014726639, 6.31080055237, 12.5526351929, 11.7562713623, 9.03952312469, 12.5353040695, 8.4652223587, 7.74521017075, 4.97771787643, 3.67620396614, 1.88012242317, 1.06322443485, 1.05768692493, 0.91301715374, 0.868117690086, 0.576673269272, 0.322503119707, 0.0908398479223, 0.0116991531104, 0.00103421788663, 0.000125179169117, 1.11743656817e-05],
        "dmean2": [0.000135802576551, 0.00439855223522, 0.312186270952, 3.70439195633, 2.22722434998, 2.81930565834, 20.1775150299, 16.844045639, 4.48252487183, 3.77159690857, 3.63824748993, 4.73268222809, 9.27193927765, 7.45851421356, 5.29390048981, 6.96959638596, 7.81757593155, 10.6691207886, 10.4461755753, 8.92326641083, 21.0740394592, 19.7351608276, 11.8566398621, 19.0307884216, 10.9723377228, 10.7212095261, 6.83021879196, 4.7741985321, 2.2883143425, 1.24438965321, 1.2562199831, 1.00070941448, 1.02053558826, 0.590898990631, 0.433694273233, 0.113467864692, 0.0146294841543, 0.00130734802224, 0.00014888883743, 1.25260366985e-05],
        "dvar": [1.07800126159e-07, 0.000141156546306, 0.641274690628, 78.1114501953, 20.7182331085, 36.8731765747, 2764.38891602, 2026.48400879, 65.1287078857, 26.3794364929, 21.3735179901, 69.2859420776, 335.876037598, 413.973114014, 78.9141082764, 140.251693726, 139.65007019, 526.747802734, 311.685882568, 348.303161621, 1790.75463867, 1984.61376953, 525.756896973, 1374.36157227, 507.276519775, 361.611053467, 180.075714111, 142.95765686, 27.2054195404, 8.26969718933, 8.73947715759, 5.1112780571, 5.95801973343, 2.53011035919, 0.978296220303, 0.0806276723742, 0.00126056198496, 8.91222316568e-06, 1.56659567097e-07, 8.9326213093e-10],
        "dvar2": [2.31616922974e-07, 0.000296685058856, 1.33141410351, 157.687698364, 49.468296051, 101.822509766, 7682.69189453, 5921.98925781, 133.864196777, 59.5840873718, 45.1205482483, 191.214538574, 839.747558594, 1067.07177734, 185.46762085, 349.562683105, 325.633392334, 1195.01818848, 734.291442871, 680.686889648, 5097.34960938, 5899.23095703, 852.257995605, 3143.16918945, 865.44329834, 700.55871582, 319.87713623, 299.011657715, 36.8633956909, 8.86103534698, 17.534614563, 6.99872541428, 9.09258174896, 3.32796788216, 1.80191957951, 0.166499525309, 0.00256964517757, 1.55980287673e-05, 3.10532243475e-07, 1.38425670926e-09],
        "max": [0.00322317169048, 0.116211056709, 7.43057632446, 76.3406677246, 45.4348335266, 53.1431465149, 431.536437988, 405.567810059, 81.9191513062, 67.1007385254, 48.2320404053, 68.612739563, 176.25958252, 203.475082397, 93.9632949829, 96.0520935059, 105.95110321, 243.158859253, 159.881637573, 189.969909668, 408.651550293, 435.68862915, 265.223266602, 405.143829346, 216.558105469, 216.090881348, 146.907394409, 132.533630371, 57.5052528381, 34.0088157654, 35.9884757996, 30.4380531311, 27.3305053711, 20.2266178131, 9.56603240967, 3.20098996162, 0.390565603971, 0.0307409595698, 0.0043658693321, 0.000388766464312],
        "mean": [9.09784430405e-05, 0.00287960283458, 0.179842889309, 2.04618000984, 1.7451261282, 1.70979523659, 9.77850818634, 8.01735019684, 4.12517118454, 4.3617811203, 4.37393379211, 3.46537446976, 6.36407279968, 4.77334308624, 4.31183767319, 6.18137454987, 6.39901351929, 9.04198074341, 9.0127325058, 9.35515880585, 14.8968658447, 14.5203170776, 14.0704221725, 16.9403896332, 14.9951686859, 12.616522789, 9.32533454895, 6.19925117493, 3.32626152039, 1.96380591393, 1.67251157761, 1.59597098827, 1.41069853306, 0.970923125744, 0.526432037354, 0.13966499269, 0.0184108428657, 0.00178641988896, 0.000222969727474, 2.55098366324e-05],
        "median": [1.40247739182e-05, 9.34075724217e-05, 0.00265309936367, 0.0552332103252, 0.521223664284, 0.384135395288, 0.729731321335, 0.988462507725, 1.22587835789, 1.86021327972, 1.57420623302, 1.1927857399, 1.30501592159, 1.11403214931, 1.06651437283, 1.56988990307, 1.72497832775, 1.63984787464, 1.74579191208, 2.03746175766, 3.6925163269, 2.55597400665, 3.2853679657, 3.74417734146, 3.11944746971, 2.85436677933, 2.06316590309, 1.07171726227, 0.623270273209, 0.339787095785, 0.314504176378, 0.25699031353, 0.181726112962, 0.126791983843, 0.0582806803286, 0.0168547928333, 0.00208876910619, 0.000248743075645, 6.16923935013e-05, 1.10990122266e-05],
        "min": [2.3697255358e-07, 6.40499820292e-07, 7.37256812045e-07, 9.86481791188e-06, 8.94397308002e-05, 0.000284533656668, 0.00034677964868, 0.00037895902642, 0.00081248593051, 0.00168993871193, 0.00125240266789, 0.000995646347292, 0.000384159880923, 7.33235938242e-05, 3.78694130632e-05, 0.000101991579868, 7.62873023632e-05, 3.62385762855e-05, 4.24865356763e-05, 2.07230132219e-05, 4.21104232373e-05, 3.90404638893e-05, 0.000184684817214, 0.000181982512004, 6.13150987192e-05, 2.89747185889e-05, 4.6259341616e-05, 1.09606044134e-05, 1.73074167833e-05, 1.60760573635e-05, 9.09236860025e-06, 5.03955243403e-06, 9.05535580387e-06, 5.36510469828e-06, 3.30736588694e-06, 2.69865836344e-06, 1.86946670055e-06, 2.70617124443e-06, 1.09625557343e-06, 9.71823510554e-08],
        "var": [1.16933215111e-07, 0.000155056317453, 0.691236197948, 84.6513900757, 21.4100131989, 29.7924900055, 1954.02734375, 1347.71166992, 102.125213623, 63.6805458069, 64.4276046753, 74.0230865479, 347.772949219, 346.895629883, 111.47832489, 223.151412964, 212.005966187, 661.317260742, 551.471984863, 603.93963623, 1882.26965332, 1848.85803223, 1188.22338867, 2245.15869141, 1338.82128906, 869.502807617, 478.42300415, 276.515991211, 79.3310775757, 26.1845016479, 18.3745002747, 15.8173646927, 14.0201873779, 7.12443828583, 2.14133143425, 0.143088012934, 0.00256688520312, 2.19413868763e-05, 2.85588697579e-07, 2.25462915004e-09]
    },
    "gfcc": {
        "mean": [-110.317237854, 38.0750999451, -142.454666138, 10.1956653595, -77.0065155029, -21.9903202057, -58.4625396729, -7.29887676239, -38.655330658, -6.9317407608, -18.3743572235, -10.8901367188, -11.3737649918],
        "cov": [[14596.2695312, -1342.47851562, -1529.91027832, 1285.23193359, -1043.02636719, 1385.98071289, -1003.42736816, 598.489074707, -1077.10119629, 108.290412903, -818.09387207, -195.547973633, -427.159515381], [-1342.47851562, 531.174377441, 380.213348389, -84.6433563232, 224.641662598, -120.647750854, 123.473564148, -82.9298553467, 84.9558639526, -39.7661476135, 73.7657089233, 4.82161521912, 60.0488471985], [-1529.91027832, 380.213348389, 423.231445312, -121.774841309, 239.384368896, -135.875045776, 131.964797974, -68.1746368408, 108.541481018, -15.8199100494, 84.5562896729, 27.1758232117, 44.2756881714], [1285.23193359, -84.6433563232, -121.774841309, 185.082702637, -62.5255203247, 144.802597046, -95.8600234985, 39.3600082397, -107.922561646, 4.36729001999, -73.9371185303, -30.0447101593, -43.9783477783], [-1043.02636719, 224.641662598, 239.384368896, -62.5255203247, 214.020629883, -77.6681594849, 95.7585601807, -63.4409561157, 72.1553497314, -15.2134475708, 61.2667503357, 16.9928512573, 34.5350189209], [1385.98071289, -120.647750854, -135.875045776, 144.802597046, -77.6681594849, 185.815307617, -80.9360427856, 76.624420166, -110.098335266, 9.96391391754, -91.157661438, -31.1884803772, -54.2320289612], [-1003.42736816, 123.473564148, 131.964797974, -95.8600234985, 95.7585601807, -80.9360427856, 108.867202759, -27.2809505463, 85.8422622681, -10.8819990158, 52.200428009, 9.13798618317, 29.1669750214], [598.489074707, -82.9298553467, -68.1746368408, 39.3600082397, -63.4409561157, 76.624420166, -27.2809505463, 64.8143920898, -36.2583236694, 9.40182781219, -45.0023612976, -11.5567207336, -28.46991539], [-1077.10119629, 84.9558639526, 108.541481018, -107.922561646, 72.1553497314, -110.098335266, 85.8422622681, -36.2583236694, 108.992721558, 5.37236595154, 69.6643066406, 19.1505260468, 35.7586593628], [108.290412903, -39.7661476135, -15.8199100494, 4.36729001999, -15.2134475708, 9.96391391754, -10.8819990158, 9.40182781219, 5.37236595154, 26.0867595673, 7.22485494614, 6.91257238388, -4.9340057373], [-818.09387207, 73.7657089233, 84.5562896729, -73.9371185303, 61.2667503357, -91.157661438, 52.200428009, -45.0023612976, 69.6643066406, 7.22485494614, 78.9200744629, 30.6384220123, 36.5107727051], [-195.547973633, 4.82161521912, 27.1758232117, -30.0447101593, 16.9928512573, -31.1884803772, 9.13798618317, -11.5567207336, 19.1505260468, 6.91257238388, 30.6384220123, 30.041103363, 19.7018890381], [-427.159515381, 60.0488471985, 44.2756881714, -43.9783477783, 34.5350189209, -54.2320289612, 29.1669750214, -28.46991539, 35.7586593628, -4.9340057373, 36.5107727051, 19.7018890381, 40.3241767883]],
        "icov": [[0.00073488522321, -0.0005124421441, 0.000741703435779, -0.00118368247058, 0.000321272149449, -0.00106664642226, 0.00113476102706, -0.000877925427631, 0.0019674138166, -0.00240476173349, 0.00308639067225, -0.00264690769836, -0.000247970921919], [-0.0005124421441, 0.00913888309151, -0.0090236319229, -0.000419808726292, 0.00127363903448, -0.00127314566635, -0.00113866536412, 0.00168738572393, 0.0013085763203, 0.00681719416752, -0.00772791495547, 0.0144244022667, -0.0107523789629], [0.000741703435779, -0.0090236319229, 0.0171398930252, 0.000104236620246, -0.0104603758082, 0.00718944193795, -0.000389740482206, -0.00776547566056, 0.0030253760051, -0.00964909605682, 0.00876688119024, -0.0147532271221, 0.0114226546139], [-0.00118368247058, -0.000419808726292, 0.000104236620246, 0.0246349368244, -0.00334122334607, -0.0136821409687, 0.0102796265855, 0.00754003180191, -0.000798794906586, 0.00463522784412, -0.00996411405504, 0.0133334035054, 0.000970439577941], [0.000321272149449, 0.00127363903448, -0.0104603758082, -0.00334122334607, 0.0234775673598, -0.0131222149357, -0.0100344233215, 0.0210241451859, -0.00532324099913, 0.00451957480982, 0.00281585217454, -0.00871875137091, 0.000678454292938], [-0.00106664642226, -0.00127314566635, 0.00718944193795, -0.0136821409687, -0.0131222149357, 0.0501879528165, -0.0137800332159, -0.0315395928919, 0.0260769054294, -0.0205439664423, 0.00435739196837, 0.00777097558603, 0.000836126273498], [0.00113476102706, -0.00113866536412, -0.000389740482206, 0.0102796265855, -0.0100344233215, -0.0137800332159, 0.0552094615996, -0.015069601126, -0.0285437647253, 0.0243272483349, -0.01082563214, 0.012796971947, -0.0033186445944], [-0.000877925427631, 0.00168738572393, -0.00776547566056, 0.00754003180191, 0.0210241451859, -0.0315395928919, -0.015069601126, 0.0714637115598, -0.0203442722559, -0.0006139454199, 0.0233865864575, -0.0242303088307, 0.0144982617348], [0.0019674138166, 0.0013085763203, 0.0030253760051, -0.000798794906586, -0.00532324099913, 0.0260769054294, -0.0285437647253, -0.0203442722559, 0.0796107724309, -0.043910946697, -0.00977272726595, 0.0199999716133, -0.0162815675139], [-0.00240476173349, 0.00681719416752, -0.00964909605682, 0.00463522784412, 0.00451957480982, -0.0205439664423, 0.0243272483349, -0.0006139454199, -0.043910946697, 0.0952621772885, -0.0366858989, -0.00117619265802, 0.0148808276281], [0.00308639067225, -0.00772791495547, 0.00876688119024, -0.00996411405504, 0.00281585217454, 0.00435739196837, -0.01082563214, 0.0233865864575, -0.00977272726595, -0.0366858989, 0.0907135605812, -0.0615666098893, 0.00362328276969], [-0.00264690769836, 0.0144244022667, -0.0147532271221, 0.0133334035054, -0.00871875137091, 0.00777097558603, 0.012796971947, -0.0242303088307, 0.0199999716133, -0.00117619265802, -0.0615666098893, 0.122934944928, -0.0494233928621], [-0.000247970921919, -0.0107523789629, 0.0114226546139, 0.000970439577941, 0.000678454292938, 0.000836126273498, -0.0033186445944, 0.0144982617348, -0.0162815675139, 0.0148808276281, 0.00362328276969, -0.0494233928621, 0.077006533742]]
    },
    "melbands": {
        "dmean": [4.52331818224e-07, 6.90332162776e-05, 0.000351470633177, 9.09194204723e-05, 0.000325415516272, 0.00022952092695, 4.25602993346e-05, 2.4604567443e-05, 1.61140251294e-05, 2.20046931645e-05, 2.73443984042e-05, 1.81258419616e-05, 9.50780849962e-06, 1.3584592125e-05, 1.12167126645e-05, 1.01321766124e-05, 1.4739008293e-05, 1.09916909423e-05, 8.73118460731e-06, 1.17201143439e-05, 1.55699090101e-05, 1.48800063471e-05, 7.26831831344e-06, 7.07549952494e-06, 1.12476964205e-05, 7.31353429728e-06, 5.52365600015e-06, 5.42918860447e-06, 3.40765336659e-06, 2.49389108831e-06, 2.00494810088e-06, 1.17470165151e-06, 6.57412613236e-07, 6.31451825939e-07, 6.46937564852e-07, 5.10640347784e-07, 5.99369059273e-07, 6.39115398826e-07, 5.29647024905e-07, 4.92637411753e-07],
        "dmean2": [8.12223959201e-07, 0.000103958096588, 0.000552301644348, 0.000154026274686, 0.000554428901523, 0.000407849729527, 6.64633189444e-05, 3.71318819816e-05, 2.62280154857e-05, 3.71131500287e-05, 4.47123711638e-05, 2.97417209367e-05, 1.40164966069e-05, 2.23145452765e-05, 1.86113738891e-05, 1.59354640346e-05, 2.18133318413e-05, 1.76468092832e-05, 1.27322709886e-05, 1.73495045601e-05, 2.68236617558e-05, 2.59510343312e-05, 1.00612342067e-05, 9.46019099501e-06, 1.74597771547e-05, 1.0684811059e-05, 7.73368537921e-06, 7.6658807302e-06, 5.013594091e-06, 3.62083142136e-06, 2.81265124613e-06, 1.46273021073e-06, 8.19550791675e-07, 7.58491410124e-07, 8.2889192754e-07, 6.13501697444e-07, 6.49649678053e-07, 7.91525224031e-07, 5.97455027673e-07, 5.15963677117e-07],
        "dvar": [1.97555643719e-12, 7.36615817232e-08, 1.70471651018e-06, 8.29929689417e-08, 2.04767479772e-06, 1.1669989135e-06, 1.28417481093e-08, 2.48033837913e-09, 1.10889120108e-09, 4.69747529763e-09, 7.55998463831e-09, 6.26340090903e-09, 6.95514257298e-10, 1.44746958863e-09, 8.08704103683e-10, 5.36952482477e-10, 2.30786922906e-09, 8.65036597908e-10, 4.82375805966e-10, 1.34399358309e-09, 2.78219491889e-09, 3.48759088276e-09, 2.76643319364e-10, 3.28979427033e-10, 1.17133047706e-09, 3.86532222896e-10, 2.22101753655e-10, 1.83292298006e-10, 7.56849721784e-11, 6.93380283745e-11, 4.17076512216e-11, 1.11284887555e-11, 2.98697069682e-12, 2.95084724884e-12, 3.65164148919e-12, 1.6684211521e-12, 2.27369512107e-12, 3.3812984964e-12, 2.09175428714e-12, 1.99778756906e-12],
        "dvar2": [5.4352815651e-12, 1.5425676736e-07, 3.46081810676e-06, 2.27474856729e-07, 5.70090242036e-06, 3.36653920385e-06, 2.80233560801e-08, 5.53791368318e-09, 2.33126651317e-09, 1.30362121098e-08, 1.88934752288e-08, 1.6258187685e-08, 1.34742228486e-09, 3.81877507394e-09, 2.12109663167e-09, 1.13862896889e-09, 5.33945376802e-09, 2.24438601037e-09, 8.53225157194e-10, 2.99714031371e-09, 8.2360980258e-09, 1.06420392498e-08, 4.62120064437e-10, 5.5663607057e-10, 2.84406542761e-09, 6.81992629037e-10, 4.48507342377e-10, 3.9269096308e-10, 1.54085522119e-10, 1.14554650488e-10, 9.5541165257e-11, 1.58003089779e-11, 4.23457449661e-12, 3.68636197956e-12, 8.13593897114e-12, 2.48553196254e-12, 3.32334615556e-12, 5.25282725303e-12, 3.13737599268e-12, 2.80512180324e-12],
        "max": [1.03544989543e-05, 0.00254812417552, 0.0117299035192, 0.00266209896654, 0.011952736415, 0.00954216253012, 0.00116966571659, 0.000666570034809, 0.00032941182144, 0.000551444187295, 0.000829572381917, 0.000781520211603, 0.000308502552798, 0.000299042876577, 0.000284026056761, 0.000206747863558, 0.000499280227814, 0.000260239059571, 0.000233211758314, 0.000412854773458, 0.000476888235426, 0.000558740401175, 0.000171976280399, 0.000204267562367, 0.000366520369425, 0.000191435756278, 0.000143883182318, 0.000156398687977, 8.93080214155e-05, 9.06838031369e-05, 6.83611942804e-05, 3.65182313544e-05, 1.73777880264e-05, 2.11268034036e-05, 2.16420721699e-05, 1.73785610968e-05, 2.00182948902e-05, 2.05121523322e-05, 1.5613361029e-05, 1.82296680578e-05],
        "mean": [3.42489698824e-07, 6.02706022619e-05, 0.000325223547406, 0.000107603736978, 0.000273534533335, 0.000194447900867, 6.41741062282e-05, 4.55648842035e-05, 3.09035713144e-05, 2.44700968324e-05, 3.09980641759e-05, 1.85291210073e-05, 1.28652773128e-05, 1.71428928297e-05, 1.50449286593e-05, 1.34166357384e-05, 1.71997362486e-05, 1.34569154397e-05, 1.29315940285e-05, 1.5504861949e-05, 1.73193420778e-05, 1.66097779584e-05, 1.17726049211e-05, 1.13320520541e-05, 1.42609123941e-05, 1.19347841974e-05, 9.45250030782e-06, 8.20041168481e-06, 6.00625480729e-06, 4.73291584058e-06, 3.12905513056e-06, 2.01984880732e-06, 1.23003906083e-06, 1.03603179014e-06, 9.49431637309e-07, 9.32338821258e-07, 9.81351149676e-07, 1.00623583421e-06, 8.9142139359e-07, 8.08931986285e-07],
        "median": [1.08034043933e-07, 7.873109098e-07, 2.31702397286e-05, 3.85775565519e-05, 2.02707924473e-05, 2.49128352152e-05, 2.14786778088e-05, 2.13063540286e-05, 1.15512293632e-05, 6.84475025992e-06, 6.77255911796e-06, 4.55778990727e-06, 2.93945618068e-06, 3.92067795474e-06, 3.98315160055e-06, 3.29355952999e-06, 3.06267406813e-06, 2.68038866125e-06, 2.83989834315e-06, 3.81899099011e-06, 4.14392161474e-06, 2.6824438919e-06, 2.59745274889e-06, 2.986780828e-06, 2.89938520837e-06, 2.56816542787e-06, 1.78507809778e-06, 1.89449770005e-06, 1.25459393985e-06, 8.39192296098e-07, 5.21427523381e-07, 3.83019795436e-07, 2.20149317443e-07, 1.8241296118e-07, 1.86027662608e-07, 1.54737250568e-07, 1.53584096552e-07, 1.48572794956e-07, 1.15108441889e-07, 1.00835279682e-07],
        "min": [2.00462513256e-09, 4.86242601738e-10, 3.32180372098e-09, 1.34952156117e-08, 1.2923022652e-08, 8.61864268842e-09, 1.33613982101e-08, 1.8786916911e-08, 9.36644095617e-09, 5.98682348141e-09, 1.7102321781e-09, 2.47854653468e-10, 1.04551950431e-10, 2.04337921583e-10, 3.37224553837e-10, 9.31934668325e-11, 6.07266598118e-11, 7.68906049942e-11, 3.46275404184e-11, 3.53057721947e-11, 4.709543866e-11, 2.83103748777e-11, 9.77888534037e-11, 2.10647346788e-10, 1.45536568907e-10, 5.28801551158e-11, 2.64278373491e-11, 1.75362190047e-11, 3.50509135605e-11, 1.21007509568e-11, 5.43763992167e-12, 9.30301408825e-12, 1.16134549893e-11, 7.29645597414e-12, 5.4785499054e-12, 3.26142281584e-12, 3.05283619564e-12, 4.37758249788e-12, 9.1843815539e-12, 3.41833592682e-12],
        "var": [1.26974320815e-12, 7.90765639636e-08, 1.86618751741e-06, 6.9701563632e-08, 1.47137063777e-06, 7.82635595442e-07, 2.07930810348e-08, 6.34923891241e-09, 3.18773341057e-09, 4.57599158565e-09, 7.96152122007e-09, 5.17226039776e-09, 1.14246245797e-09, 1.80904125013e-09, 1.23659327222e-09, 8.75935546318e-10, 2.65334687555e-09, 1.33195166008e-09, 1.02262565083e-09, 1.96496841021e-09, 2.66728528153e-09, 2.88524271141e-09, 7.24792947882e-10, 7.33406113618e-10, 1.73749103993e-09, 8.74811278972e-10, 5.52303425216e-10, 3.69597769057e-10, 1.85236381789e-10, 1.6149644122e-10, 6.89524756736e-11, 3.06205026612e-11, 9.2410358879e-12, 8.15959105838e-12, 6.15778912236e-12, 5.29894661136e-12, 6.32253624455e-12, 7.31946014215e-12, 5.61730566576e-12, 5.19993813633e-12]
    },
    "mfcc": {
        "mean": [-744.74609375, 78.6277160645, -24.2171478271, 12.3710718155, -12.189666748, -22.2796173096, -15.1206607819, -21.0054206848, -16.9450454712, -12.6501207352, -13.854429245, -7.83368587494, -10.0384540558],
        "cov": [[15175.28125, -2161.88427734, -692.203552246, -327.910675049, -172.053070068, 20.8947925568, 102.186653137, -121.759780884, -93.3048324585, -229.149459839, -353.856536865, -351.168426514, -439.355041504], [-2161.88427734, 736.130615234, 203.540252686, 124.517684937, 102.747955322, 30.3964653015, 30.8036499023, 23.9595317841, 16.2359390259, 12.4519109726, 21.8841152191, 24.4047298431, 47.3847961426], [-692.203552246, 203.540252686, 160.0365448, 32.0724716187, 50.3782272339, 10.5899934769, 9.54444980621, 12.1105737686, 10.5843858719, 15.0105075836, 17.2759876251, 7.91885519028, 9.07536697388], [-327.910675049, 124.517684937, 32.0724716187, 72.124671936, 41.9379196167, 24.8825302124, 9.67744064331, -5.1152677536, -8.97441005707, -7.17253160477, -2.58091521263, 2.22493028641, 8.67713356018], [-172.053070068, 102.747955322, 50.3782272339, 41.9379196167, 84.842880249, 38.9560203552, 24.6218948364, 2.98132443428, -2.79918026924, -6.62035703659, -5.41107940674, -4.62799787521, 2.0823097229], [20.8947925568, 30.3964653015, 10.5899934769, 24.8825302124, 38.9560203552, 44.8001670837, 24.4136981964, 3.21455812454, 1.24059927464, -1.70597672462, -0.243235364556, -2.5091919899, -3.66275715828], [102.186653137, 30.8036499023, 9.54444980621, 9.67744064331, 24.6218948364, 24.4136981964, 37.557559967, 15.4713802338, 6.42365550995, 0.0733444467187, -4.17014217377, -4.62390327454, -7.56209373474], [-121.759780884, 23.9595317841, 12.1105737686, -5.1152677536, 2.98132443428, 3.21455812454, 15.4713802338, 28.5830535889, 16.2855739594, 10.6159744263, 7.20274972916, 3.30935454369, 0.452597618103], [-93.3048324585, 16.2359390259, 10.5843858719, -8.97441005707, -2.79918026924, 1.24059927464, 6.42365550995, 16.2855739594, 30.6069374084, 16.7277755737, 8.76441287994, 4.38907670975, 0.0204944349825], [-229.149459839, 12.4519109726, 15.0105075836, -7.17253160477, -6.62035703659, -1.70597672462, 0.0733444467187, 10.6159744263, 16.7277755737, 30.7777271271, 20.8787193298, 11.0262060165, 4.80424261093], [-353.856536865, 21.8841152191, 17.2759876251, -2.58091521263, -5.41107940674, -0.243235364556, -4.17014217377, 7.20274972916, 8.76441287994, 20.8787193298, 33.5665588379, 19.8194828033, 13.856795311], [-351.168426514, 24.4047298431, 7.91885519028, 2.22493028641, -4.62799787521, -2.5091919899, -4.62390327454, 3.30935454369, 4.38907670975, 11.0262060165, 19.8194828033, 34.57862854, 25.0948696136], [-439.355041504, 47.3847961426, 9.07536697388, 8.67713356018, 2.0823097229, -3.66275715828, -7.56209373474, 0.452597618103, 0.0204944349825, 4.80424261093, 13.856795311, 25.0948696136, 37.3235969543]],
