{
"lowlevel": {
    "average_loudness": 0.99068403244,
    "barkbands_crest": {
        "dmean": 2.52759289742,
        "dmean2": 4.0396771431,
        "dvar": 4.10326337814,
        "dvar2": 7.78134584427,
        "max": 16.421672821,
        "mean": 9.61042404175,
        "median": 9.16563606262,
        "min": 3.04775547981,
        "var": 9.72390556335
    },
    "barkbands_flatness_db": {
        "dmean": 0.0182207711041,
        "dmean2": 0.0304733682424,
        "dvar": 0.000191600614926,
        "dvar2": 0.000391626934288,
        "max": 0.209312349558,
        "mean": 0.14487926662,
        "median": 0.15669298172,
        "min": 0.0434985347092,
        "var": 0.00152755051386
    },
    "barkbands_kurtosis": {
        "dmean": 2.65362381935,
        "dmean2": 4.32881546021,
        "dvar": 6.98359632492,
        "dvar2": 20.8102588654,
        "max": 18.4777412415,
        "mean": 5.8613576889,
        "median": 6.61775875092,
        "min": -1.39463233948,
        "var": 22.0750732422
    },
    "barkbands_skewness": {
        "dmean": 0.554336607456,
        "dmean2": 0.888583481312,
        "dvar": 0.195729061961,
        "dvar2": 0.553168475628,
        "max": 3.44004917145,
        "mean": 1.37439990044,
        "median": 1.45956099033,
        "min": -0.526103317738,
        "var": 0.701362371445
    },
    "barkbands_spread": {
        "dmean": 3.50523066521,
        "dmean2": 5.10481119156,
        "dvar": 18.1649074554,
        "dvar2": 22.693939209,
        "max": 60.3088302612,
        "mean": 16.113407135,
        "median": 8.70046615601,
        "min": 4.07471513748,
        "var": 214.158737183
    },
    "dissonance": {
        "dmean": 0.0293062441051,
        "dmean2": 0.0450698286295,
        "dvar": 0.00174131244421,
        "dvar2": 0.00298805255443,
        "max": 0.499999940395,
        "mean": 0.456171661615,
        "median": 0.469356030226,
        "min": 0.18957747519,
        "var": 0.002321658656
    },
    "dynamic_complexity": 1.90897238255,
    "erbbands_crest": {
        "dmean": 3.40843868256,
        "dmean2": 5.29245376587,
        "dvar": 9.21310043335,
        "dvar2": 16.7181987762,
        "max": 26.3975028992,
        "mean": 11.6869182587,
        "median": 10.6680860519,
        "min": 5.20383024216,
        "var": 26.9959640503
    },
    "erbbands_flatness_db": {
        "dmean": 0.0184631869197,
        "dmean2": 0.0283263344318,
        "dvar": 0.00023360522755,
        "dvar2": 0.000483089068439,
        "max": 0.28214147687,
        "mean": 0.203146800399,
        "median": 0.211340665817,
        "min": 0.0983036234975,
        "var": 0.0016951354919
    },
    "erbbands_kurtosis": {
        "dmean": 1.59615623951,
        "dmean2": 2.47747755051,
        "dvar": 2.00836205482,
        "dvar2": 3.80737423897,
        "max": 10.2746143341,
        "mean": 2.65894389153,
        "median": 2.41701173782,
        "min": -0.943487405777,
        "var": 7.33630371094
    },
    "erbbands_skewness": {
        "dmean": 0.42223751545,
        "dmean2": 0.646716833115,
        "dvar": 0.122815653682,
        "dvar2": 0.267150014639,
        "max": 1.7367246151,
        "mean": 0.58015024662,
        "median": 0.643269240856,
        "min": -1.64389646053,
        "var": 0.433129638433
    },
    "erbbands_spread": {
        "dmean": 5.91425848007,
        "dmean2": 9.25548171997,
        "dvar": 51.9463233948,
        "dvar2": 86.4042663574,
        "max": 67.3714065552,
        "mean": 21.2237358093,
        "median": 14.7935991287,
        "min": 6.30979537964,
        "var": 237.509918213
    },
    "hfc": {
        "dmean": 7.49441671371,
        "dmean2": 11.3887357712,
        "dvar": 56.1333580017,
        "dvar2": 127.685958862,
        "max": 70.2171173096,
        "mean": 26.2145080566,
        "median": 23.7736148834,
        "min": 0.321900486946,
        "var": 172.385269165
    },
    "melbands_crest": {
        "dmean": 2.88800525665,
        "dmean2": 4.90224266052,
        "dvar": 5.71983957291,
        "dvar2": 12.4668312073,
        "max": 17.8876667023,
        "mean": 10.7262639999,
        "median": 9.86242103577,
        "min": 5.20613908768,
        "var": 10.1671733856
    },
    "melbands_flatness_db": {
        "dmean": 0.020305480808,
        "dmean2": 0.0336421318352,
        "dvar": 0.000264505913947,
        "dvar2": 0.000502457725815,
        "max": 0.294310480356,
        "mean": 0.221250027418,
        "median": 0.243241101503,
        "min": 0.0799038112164,
        "var": 0.00340660801157
    },
    "melbands_kurtosis": {
        "dmean": 2.42922639847,
        "dmean2": 3.99576616287,
        "dvar": 4.513422966,
        "dvar2": 9.96764755249,
        "max": 13.448261261,
        "mean": 3.57690811157,
        "median": 3.0435461998,
        "min": -1.43181622028,
        "var": 11.0819826126
    },
    "melbands_skewness": {
        "dmean": 0.561733186245,
        "dmean2": 0.931188523769,
        "dvar": 0.214060410857,
        "dvar2": 0.39309245348,
        "max": 2.77887129784,
        "mean": 1.23601675034,
        "median": 1.15519547462,
        "min": 0.0139358807355,
        "var": 0.653033137321
    },
    "melbands_spread": {
        "dmean": 5.39967060089,
        "dmean2": 7.2931098938,
        "dvar": 41.5920562744,
        "dvar2": 100.09034729,
        "max": 68.7612457275,
        "mean": 20.285490036,
        "median": 10.8255195618,
        "min": 5.94272470474,
        "var": 305.847473145
    },
    "pitch_salience": {
        "dmean": 0.0756291374564,
        "dmean2": 0.119930736721,
        "dvar": 0.00324557349086,
        "dvar2": 0.00803354475647,
        "max": 0.893144905567,
        "mean": 0.63824903965,
        "median": 0.652954697609,
        "min": 0.321082800627,
        "var": 0.0121507039294
    },
    "silence_rate_20dB": {
        "dmean": 0,
        "dmean2": 0,
        "dvar": 0,
        "dvar2": 0,
        "max": 1,
        "mean": 1,
        "median": 1,
        "min": 1,
        "var": 0
    },
    "silence_rate_30dB": {
        "dmean": 0,
        "dmean2": 0,
        "dvar": 0,
        "dvar2": 0,
        "max": 1,
        "mean": 1,
        "median": 1,
        "min": 1,
        "var": 0
    },
    "silence_rate_60dB": {
        "dmean": 0,
        "dmean2": 0,
        "dvar": 0,
        "dvar2": 0,
        "max": 0,
        "mean": 0,
        "median": 0,
        "min": 0,
        "var": 0
    },
    "spectral_centroid": {
        "dmean": 188.976791382,
        "dmean2": 274.742828369,
        "dvar": 37105.5820312,
        "dvar2": 81962.7421875,
        "max": 2558.59960938,
        "mean": 1047.44543457,
        "median": 773.597412109,
        "min": 529.477294922,
        "var": 303302.625
    },
    "spectral_complexity": {
        "dmean": 2.48333334923,
        "dmean2": 4.28813552856,
        "dvar": 5.71638917923,
        "dvar2": 13.0864667892,
        "max": 23,
        "mean": 16.8196716309,
        "median": 17,
        "min": 0,
        "var": 10.5412559509
    },
    "spectral_decrease": {
        "dmean": 1.87142656927e-09,
        "dmean2": 2.96487279172e-09,
        "dvar": 3.72781433474e-18,
        "dvar2": 8.61052500584e-18,
        "max": -8.32765106873e-11,
        "mean": -6.47346087845e-09,
        "median": -5.70366109898e-09,
        "min": -1.75305689964e-08,
        "var": 1.45536125662e-17
    },
    "spectral_energy": {
        "dmean": 0.00760618690401,
        "dmean2": 0.0120662413538,
        "dvar": 5.93749500695e-05,
        "dvar2": 0.000137858616654,
        "max": 0.0710451155901,
        "mean": 0.0268100872636,
        "median": 0.0229325350374,
        "min": 0.000343502382748,
        "var": 0.00021954375552
    },
    "spectral_energyband_high": {
        "dmean": 0.000283989094896,
        "dmean2": 0.000360175239621,
        "dvar": 2.77060081544e-07,
        "dvar2": 4.42269396217e-07,
        "max": 0.00419257115573,
        "mean": 0.000685529201292,
        "median": 0.000130680899019,
        "min": 3.31562864631e-06,
        "var": 1.22300707517e-06
    },
    "spectral_energyband_low": {
        "dmean": 0.000130779284518,
        "dmean2": 0.000212202343391,
        "dvar": 1.77272170276e-08,
        "dvar2": 4.35648139785e-08,
        "max": 0.000869031297043,
        "mean": 0.000225870622671,
        "median": 0.000176294211997,
        "min": 7.11191751179e-06,
        "var": 2.92587749584e-08
    },
    "spectral_energyband_middle_high": {
        "dmean": 0.00323847471736,
        "dmean2": 0.00558444857597,
        "dvar": 1.05906237877e-05,
        "dvar2": 2.13775019802e-05,
        "max": 0.0206773504615,
        "mean": 0.00764437112957,
        "median": 0.00684893550351,
        "min": 0.000153070694068,
        "var": 2.12064314837e-05
    },
    "spectral_energyband_middle_low": {
        "dmean": 0.00604978436604,
        "dmean2": 0.00909897964448,
        "dvar": 4.3225576519e-05,
        "dvar2": 0.000115229377116,
        "max": 0.058348827064,
        "mean": 0.0185051616281,
        "median": 0.0163018088788,
        "min": 0.000179252281669,
        "var": 0.000166034151334
    },
    "spectral_entropy": {
        "dmean": 0.141756698489,
        "dmean2": 0.221384346485,
        "dvar": 0.0164874922484,
        "dvar2": 0.0317106433213,
        "max": 8.17699146271,
        "mean": 7.14805793762,
        "median": 7.05717325211,
        "min": 6.64152526855,
        "var": 0.140481323004
    },
    "spectral_flux": {
        "dmean": 0.0181742887944,
        "dmean2": 0.0296908430755,
        "dvar": 0.000225276759011,
        "dvar2": 0.000598533602897,
        "max": 0.189295589924,
        "mean": 0.0902650877833,
        "median": 0.0856370106339,
        "min": 0.0506577380002,
        "var": 0.000668716034852
    },
    "spectral_kurtosis": {
        "dmean": 2.06678247452,
        "dmean2": 3.16198515892,
        "dvar": 2.27129459381,
        "dvar2": 5.81595039368,
        "max": 23.0869579315,
        "mean": 13.3579759598,
        "median": 15.9450912476,
        "min": 1.18983697891,
        "var": 41.9985122681
    },
    "spectral_rms": {
        "dmean": 0.000737326103263,
        "dmean2": 0.00115997786634,
        "dvar": 5.03139062857e-07,
        "dvar2": 8.38825997107e-07,
        "max": 0.00832540169358,
        "mean": 0.00490842014551,
        "median": 0.00473003229126,
        "min": 0.000578899169341,
        "var": 2.06359345611e-06
    },
    "spectral_rolloff": {
        "dmean": 487.368164062,
        "dmean2": 800.013244629,
        "dvar": 1474606.625,
        "dvar2": 2042589.5,
        "max": 10766.6015625,
        "mean": 2166.02832031,
        "median": 968.994140625,
        "min": 667.529296875,
        "var": 7815439.5
    },
    "spectral_skewness": {
        "dmean": 0.267167657614,
        "dmean2": 0.399520546198,
        "dvar": 0.033696167171,
        "dvar2": 0.079963311553,
        "max": 4.0698890686,
        "mean": 2.84676671028,
        "median": 3.17860841751,
        "min": 1.25644719601,
        "var": 0.589455008507
    },
    "spectral_spread": {
        "dmean": 540250.9375,
        "dmean2": 735042.4375,
        "dvar": 280027889664,
        "dvar2": 347079376896,
        "max": 9364671,
        "mean": 4350564,
        "median": 3542886,
        "min": 2612717.75,
        "var": 3.18603578573e+12
    },
    "spectral_strongpeak": {
        "dmean": 1.4123083353,
        "dmean2": 2.31061029434,
        "dvar": 2.45678043365,
        "dvar2": 5.5587387085,
        "max": 9.19124603271,
        "mean": 2.25645256042,
        "median": 1.26024734974,
        "min": 0.0128670493141,
        "var": 4.08146524429
    },
    "zerocrossingrate": {
        "dmean": 0.0134195964783,
        "dmean2": 0.0160884540528,
        "dvar": 0.000253609730862,
        "dvar2": 0.000297064922052,
        "max": 0.25146484375,
        "mean": 0.0812788158655,
        "median": 0.05810546875,
        "min": 0.01416015625,
        "var": 0.00304139684886
    },
    "barkbands": {
        "dmean": [0.000202770534088, 1.34425226861e-05, 3.45657572325e-05, 0.000114840491733, 0.000782864517532, 0.00412355130538, 0.00128066132311, 0.000932497554459, 0.00244051939808, 0.00176746898796, 0.000915710697882, 0.00100002146792, 0.000139056908665, 7.60200928198e-05, 2.75661968772e-05, 0.000947893946432, 4.34022949776e-05, 1.39940711961e-05, 3.28571877617e-05, 7.62208801461e-05, 7.67420060583e-05, 3.07253617393e-06, 2.67278537649e-05, 6.56535776216e-05, 0.000113069407234, 3.38650243066e-05, 1.3573094293e-05],
        "dmean2": [0.000371021509636, 2.26678876061e-05, 5.65998852835e-05, 0.000160720010172, 0.00131447869353, 0.00606683315709, 0.00230145640671, 0.00163437449373, 0.00410262262449, 0.00271272961982, 0.00162829773035, 0.00185428583063, 0.000236521082115, 0.000102100333606, 4.62221869384e-05, 0.00153777003288, 7.68682511989e-05, 1.98781744984e-05, 5.63845169381e-05, 0.000118056457723, 0.000106506406155, 4.85519785798e-06, 4.42409873358e-05, 9.23922125367e-05, 0.000173206091858, 4.71900311823e-05, 2.230775317e-05],
        "dvar": [4.52391049066e-08, 1.77450734662e-10, 9.94806348409e-10, 1.56628239267e-08, 4.07811967307e-07, 1.88506419363e-05, 1.18924322123e-06, 1.29300212848e-06, 1.42247363328e-05, 6.06892945143e-06, 9.83066342997e-07, 3.17170361086e-06, 1.73634511214e-08, 7.40918704167e-09, 8.087425174e-10, 5.2095947467e-06, 9.47899447823e-09, 2.41427017267e-10, 2.43782349862e-09, 1.18984564423e-08, 4.71277417091e-08, 1.54095330246e-11, 3.14716630534e-09, 1.54382640005e-08, 1.21069419379e-07, 7.5785671072e-09, 1.5938082798e-10],
        "dvar2": [1.27830887209e-07, 3.89949045276e-10, 2.46856823871e-09, 3.67622909891e-08, 9.54514121076e-07, 3.81284662581e-05, 2.97227416013e-06, 3.28382793668e-06, 4.01317083742e-05, 1.5614381482e-05, 2.67814903054e-06, 9.58864802669e-06, 4.34563389717e-08, 1.3915084196e-08, 2.44862130572e-09, 9.15023611014e-06, 2.64397392868e-08, 6.88352763678e-10, 7.68998109635e-09, 2.75549112416e-08, 1.00262667502e-07, 4.62944058088e-11, 9.26164922532e-09, 2.32295693792e-08, 2.37294344174e-07, 1.424926932e-08, 2.79744477583e-10],
        "max": [0.000957385404035, 0.000104477119748, 0.000163488017279, 0.000892945216037, 0.00459637958556, 0.0329534187913, 0.00939442124218, 0.00726979039609, 0.0278965067118, 0.0195989720523, 0.00547743774951, 0.0127948056906, 0.00102814531419, 0.000847312738188, 0.000211967839277, 0.0127192717046, 0.000747497309931, 0.0001303415047, 0.000419074145611, 0.00100375595503, 0.00168435415253, 3.5361998016e-05, 0.000379549077479, 0.000941873877309, 0.00260754791088, 0.000655100040603, 0.000103241050965],
        "mean": [0.000164940676768, 1.89415313798e-05, 4.39398500021e-05, 0.000161156815011, 0.00156186241657, 0.00758716696873, 0.00216433778405, 0.00134219764732, 0.00413534836844, 0.00374734634534, 0.0014539884869, 0.00143503793515, 0.000292435259325, 0.000150083287735, 5.8818859543e-05, 0.00151603517588, 8.53681704029e-05, 2.73341083812e-05, 6.62955717416e-05, 0.000131685781525, 9.19848316698e-05, 6.67214681016e-06, 4.43688077212e-05, 0.000148543957039, 0.000192556282855, 6.03921835136e-05, 7.65252261772e-05],
        "median": [8.76676349435e-05, 1.42466178659e-05, 3.04354234686e-05, 0.000133621433633, 0.00125562259927, 0.00559176085517, 0.00151981634554, 0.0010474716546, 0.00187882687896, 0.00238847965375, 0.00102810969111, 0.000804113224149, 0.0002486340818, 9.46734435274e-05, 3.98349038733e-05, 0.000180884555448, 3.60038102372e-05, 1.90874234249e-05, 3.82577636628e-05, 7.51766201574e-05, 8.26623363537e-06, 4.30292266174e-06, 5.96580002821e-06, 1.20457198136e-05, 1.03054417195e-05, 8.44608712214e-06, 7.7540804341e-05],
        "min": [1.20794720715e-06, 3.39887975542e-07, 2.64578739007e-06, 2.66556844508e-06, 3.20002363878e-05, 7.41046096664e-05, 5.04123781866e-05, 9.18750629353e-06, 1.02178710222e-05, 1.89990787476e-05, 6.12632429693e-05, 4.6010431106e-05, 1.85382104974e-05, 3.48801995642e-06, 1.89933837191e-06, 4.1849216359e-07, 1.64653033607e-06, 4.99629493333e-07, 7.58429621328e-07, 4.61821144881e-07, 2.07669941688e-07, 2.26129998282e-07, 7.00833808764e-08, 1.45047593492e-07, 2.661467704e-07, 1.91326677168e-07, 2.01545412892e-06],
        "var": [3.58745957385e-08, 2.72573602578e-10, 1.53650570045e-09, 2.31837766762e-08, 1.2284846207e-06, 3.91020221286e-05, 3.04735203827e-06, 1.81174061709e-06, 2.89124691335e-05, 1.47578411998e-05, 1.72503223439e-06, 3.52582196683e-06, 4.03381470448e-08, 2.82042691424e-08, 2.2915589426e-09, 9.59946009971e-06, 1.88334734474e-08, 5.69793434657e-10, 4.94535790097e-09, 2.93379809335e-08, 6.50152429671e-08, 4.55970573798e-11, 5.58949686535e-09, 6.5733004817e-08, 2.76872384575e-07, 2.29059349266e-08, 2.07478825787e-10]
    },
    "erbbands": {
        "dmean": [0.00112592871301, 0.00212799175642, 0.0226814523339, 0.269523561001, 1.18465316296, 3.0750541687, 26.9189682007, 29.0157356262, 24.2926635742, 22.9045333862, 14.4601783752, 31.2475032806, 85.3969039917, 45.0166244507, 38.3144798279, 23.2937965393, 6.26576328278, 4.60938358307, 1.66498827934, 10.0337343216, 53.0696372986, 4.3726606369, 0.808126628399, 0.693594157696, 2.6025288105, 2.10643792152, 5.6161198616, 0.845685303211, 0.122942775488, 0.699583590031, 0.591479122639, 0.480351090431, 1.53484213352, 0.87337577343, 0.965757787228, 0.257869303226, 0.0304326042533, 0.00306560774334, 0.00199832161888, 0.000278366322163],
        "dmean2": [0.00201498460956, 0.00348103838041, 0.0358326472342, 0.368655353785, 1.92596960068, 5.1937289238, 40.7625617981, 41.6562156677, 41.4185218811, 41.7610702515, 21.8149681091, 54.0818328857, 149.249221802, 79.0080871582, 68.3149108887, 42.0204315186, 10.9630422592, 6.46573543549, 2.53685927391, 15.7260904312, 87.0769805908, 7.03012609482, 1.23274803162, 1.16405069828, 4.58706188202, 3.18580460548, 8.15836620331, 1.17515158653, 0.178601160645, 1.22832739353, 1.01336491108, 0.669889271259, 2.08925557137, 1.36994087696, 1.44666576385, 0.353749960661, 0.0424995981157, 0.00481199519709, 0.00326830660924, 0.000463311327621],
        "dvar": [1.25102121729e-06, 5.68271070733e-06, 0.000384650833439, 0.0737141147256, 0.996452331543, 8.72203636169, 1072.47351074, 624.040100098, 663.153076172, 503.104309082, 228.180404663, 1965.07043457, 25741.5292969, 2520.02319336, 3355.50708008, 1323.89318848, 36.8560180664, 22.2536697388, 6.56257390976, 552.918151855, 16373.8251953, 72.0274581909, 0.920787215233, 0.402382522821, 19.5925178528, 7.80317211151, 192.521682739, 2.92463183403, 0.0189021714032, 2.23375940323, 2.34177231789, 0.731677234173, 9.50783729553, 5.63081455231, 9.1336479187, 0.42915263772, 0.00583774317056, 9.99652729661e-06, 2.26994507102e-06, 6.85872194595e-08],
        "dvar2": [3.79396237804e-06, 1.20935128507e-05, 0.000932362978347, 0.161599561572, 3.2077858448, 15.9049339294, 1961.58032227, 1345.06933594, 1657.90930176, 1447.48693848, 471.110656738, 5346.66992188, 68189.375, 5489.16064453, 11688.6621094, 3567.54296875, 98.8962173462, 46.6086463928, 15.9581975937, 900.946044922, 29004.7460938, 143.823135376, 2.49073314667, 1.0402944088, 61.0774230957, 18.8603382111, 416.3515625, 5.97443151474, 0.0516819022596, 6.57766342163, 6.70276498795, 1.03456711769, 15.391166687, 11.0495452881, 18.0515270233, 0.761388540268, 0.0117654902861, 1.54168756126e-05, 4.46214517069e-06, 1.19933616816e-07],
        "max": [0.00573805347085, 0.0163102205843, 0.106096558273, 1.86721050739, 7.20302963257, 20.7399425507, 235.669418335, 167.734771729, 170.641708374, 168.530929565, 124.703384399, 294.468902588, 1311.65039062, 365.920135498, 381.119812012, 299.960235596, 49.8931846619, 48.3285179138, 21.8591995239, 146.613586426, 717.001953125, 75.6039276123, 9.15433979034, 4.27603435516, 33.1363067627, 27.3537826538, 104.800346375, 14.5810670853, 1.21754491329, 9.98213768005, 10.9976892471, 7.50628852844, 22.3397846222, 17.2018013, 22.7851276398, 4.81676864624, 0.567642450333, 0.0376702956855, 0.0112144136801, 0.00210787705146],
        "mean": [0.00141823571175, 0.0030248502735, 0.0342573672533, 0.401248782873, 1.49529719353, 6.35591077805, 45.2393341064, 50.7831115723, 33.7347373962, 37.5712203979, 26.9606361389, 57.2599487305, 171.792785645, 88.8416366577, 63.2916526794, 42.4792709351, 15.1711645126, 9.0769071579, 3.94630503654, 16.6199836731, 84.0121841431, 9.57371902466, 1.85936498642, 1.78004300594, 5.48188209534, 4.03122091293, 7.31977033615, 1.44538891315, 0.290796160698, 1.09504759312, 1.02887475491, 1.22662806511, 3.42623662949, 1.6737433672, 1.60772204399, 0.443396657705, 0.0574579760432, 0.0154820932075, 0.00861632078886, 0.00154653016943],
        "median": [0.0010264350567, 0.00255130440928, 0.0248993784189, 0.32090306282, 1.08328235149, 5.21452283859, 33.6496047974, 40.4517250061, 27.6882133484, 22.9091262817, 19.1323337555, 37.051776886, 117.955490112, 51.4350547791, 41.6480751038, 25.7661800385, 14.1388034821, 5.82328605652, 2.7977809906, 4.24166870117, 9.72701263428, 2.40595054626, 1.2885427475, 1.60005891323, 2.38954758644, 2.84691929817, 0.598146080971, 0.250728935003, 0.158748492599, 0.145222336054, 0.158387437463, 0.164677128196, 0.280773192644, 0.144750148058, 0.04439169541, 0.0367294214666, 0.0139968525618, 0.0145543524995, 0.00853124260902, 0.00152170809451],
        "min": [4.76174536743e-05, 0.000191943065147, 0.00256576039828, 0.00693544279784, 0.0191689804196, 0.118829779327, 0.43084409833, 0.628022909164, 0.786344110966, 0.393864959478, 0.27520185709, 0.223821669817, 0.213955000043, 1.37905132771, 2.94119381905, 1.56293356419, 0.907368957996, 0.294793218374, 0.155692145228, 0.0332351960242, 0.037530362606, 0.0918717980385, 0.0271514225751, 0.0465181842446, 0.0230895858258, 0.0251023024321, 0.0136835258454, 0.00720829050988, 0.00646000821143, 0.00386880827136, 0.00269439374097, 0.00227452605031, 0.00302182068117, 0.00368757825345, 0.00155619019642, 0.000485399068566, 0.000434707297245, 0.000310051167617, 0.000280416250462, 3.96124960389e-05],
        "var": [1.53899929956e-06, 6.74756347507e-06, 0.000739892013371, 0.124227240682, 1.67178833485, 21.5815143585, 2360.13134766, 1617.07287598, 843.29284668, 1187.32324219, 647.298583984, 3807.35424805, 46920.0859375, 7147.98242188, 4257.88769531, 2263.43945312, 96.328994751, 81.0927124023, 10.6745815277, 1089.00561523, 29552.0117188, 261.734283447, 2.77331900597, 1.01547527313, 36.9181213379, 20.1903038025, 267.711364746, 6.67052316666, 0.0905803740025, 4.05734825134, 3.16032910347, 3.98966288567, 37.4411888123, 14.3937702179, 20.5310783386, 1.37194859982, 0.016499787569, 3.13388554787e-05, 3.16018008562e-06, 9.04533692392e-08]
    },
    "gfcc": {
        "mean": [-0.48125320673, 66.6581497192, -110.164337158, -49.1457748413, -71.6715545654, -22.1333522797, -39.3497772217, -5.46312332153, -29.8021640778, -11.7030620575, -4.79650449753, -3.27463340759, 9.82278156281],
        "cov": [[1201.93981934, -552.040161133, -93.3045730591, 204.53263855, -178.686584473, 111.257102966, -324.698364258, 123.323486328, 111.058486938, 52.286190033, -194.139694214, -46.242805481, 146.120407104], [-552.040161133, 1238.14306641, 85.2196578979, -564.019165039, 59.5819778442, -264.416107178, 597.795837402, -115.748771667, -220.262710571, -222.042541504, 344.145019531, -6.06037855148, -225.96786499], [-93.3045730591, 85.2196578979, 107.491523743, -30.0177993774, 22.5493507385, 10.5188398361, 40.9056625366, 3.85575008392, -31.8170757294, 22.2404708862, 17.156457901, 9.61169338226, -21.0921916962], [204.53263855, -564.019165039, -30.0177993774, 344.251586914, 27.7070713043, 105.046218872, -291.050720215, 15.6794147491, 121.80456543, 96.2461242676, -189.521697998, -1.37924468517, 105.394073486], [-178.686584473, 59.5819778442, 22.5493507385, 27.7070713043, 103.896759033, -21.016834259, 30.7768383026, -28.6837444305, -10.7161035538, -5.42458581924, -1.69221186638, 13.070775032, -11.8258666992], [111.257102966, -264.416107178, 10.5188398361, 105.046218872, -21.016834259, 141.527542114, -129.800552368, 38.2070846558, 69.7018203735, 65.8101501465, -81.9709701538, -0.596507012844, 56.5014152527], [-324.698364258, 597.795837402, 40.9056625366, -291.050720215, 30.7768383026, -129.800552368, 394.673431396, -25.1247119904, -171.593811035, -101.843940735, 190.103240967, -14.9905157089, -132.756484985], [123.323486328, -115.748771667, 3.85575008392, 15.6794147491, -28.6837444305, 38.2070846558, -25.1247119904, 78.3638076782, -1.60213696957, 36.8016738892, -18.0038871765, 2.58351016045, 19.299741745], [111.058486938, -220.262710571, -31.8170757294, 121.80456543, -10.7161035538, 69.7018203735, -171.593811035, -1.60213696957, 144.082427979, 43.0220565796, -83.8885269165, 10.5099687576, 65.1430587769], [52.286190033, -222.042541504, 22.2404708862, 96.2461242676, -5.42458581924, 65.8101501465, -101.843940735, 36.8016738892, 43.0220565796, 82.2626876831, -45.5619926453, 17.5499973297, 38.0361824036], [-194.139694214, 344.145019531, 17.156457901, -189.521697998, -1.69221186638, -81.9709701538, 190.103240967, -18.0038871765, -83.8885269165, -45.5619926453, 153.269226074, 11.4849557877, -69.7388153076], [-46.242805481, -6.06037855148, 9.61169338226, -1.37924468517, 13.070775032, -0.596507012844, -14.9905157089, 2.58351016045, 10.5099687576, 17.5499973297, 11.4849557877, 37.2354049683, 10.2754821777], [146.120407104, -225.96786499, -21.0921916962, 105.394073486, -11.8258666992, 56.5014152527, -132.756484985, 19.299741745, 65.1430587769, 38.0361824036, -69.7388153076, 10.2754821777, 76.3536224365]],
        "icov": [[0.00215655122884, -0.00154395587742, 0.000888508860953, -0.00117187038995, 0.00308301532641, 0.000574628822505, 0.00186935835518, -0.00308481743559, 0.00133776187431, 0.000126005004859, 0.00177789537702, 0.00177154608537, -0.00256972690113], [-0.00154395587742, 0.0175016317517, -0.0114412065595, 0.0127467708662, -0.00730895064771, 0.0049169389531, -0.0105041665956, 0.0073973312974, -0.0117143653333, 0.0157970879227, -0.00727092660964, -0.000934770156164, 0.00470091961324], [0.000888508860953, -0.0114412065595, 0.0229196827859, -0.0028854010161, 0.000982740311883, -0.00513499742374, 0.00639973394573, -0.000859621912241, 0.0119052706286, -0.0225714799017, 0.00980463903397, -0.000357861077646, 0.000140627336805], [-0.00117187038995, 0.0127467708662, -0.0028854010161, 0.0291836019605, -0.0131891500205, 0.00708222994581, -0.00257051875815, 0.0106173707172, -0.00560324732214, -0.00624766619876, 0.00844913627952, 0.00760294497013, -0.000963662518188], [0.00308301532641, -0.00730895064771, 0.000982740311883, -0.0131891500205, 0.0235140286386, -0.000301626161672, -0.000834534293972, -0.00176245602779, 0.00452866125852, -0.000599576625973, 0.00667867809534, -0.00895404908806, -0.00245419796556], [0.000574628822505, 0.0049169389531, -0.00513499742374, 0.00708222994581, -0.000301626161672, 0.0189476311207, -0.00320618459955, -0.000397612195229, -0.00664556119591, -0.00586842373013, 0.00481049576774, 0.00684611406177, -0.00521881459281], [0.00186935835518, -0.0105041665956, 0.00639973394573, -0.00257051875815, -0.000834534293972, -0.00320618459955, 0.0223663765937, -0.00876866560429, 0.0124107515439, -0.0047773742117, -0.00249286694452, 0.00754717038944, 0.00249869120307], [-0.00308481743559, 0.0073973312974, -0.000859621912241, 0.0106173707172, -0.00176245602779, -0.000397612195229, -0.00876866560429, 0.0298341363668, 0.000627668923698, -0.0116654662415, 0.00337121868506, -0.00239105382934, -0.00118651962839], [0.00133776187431, -0.0117143653333, 0.0119052706286, -0.00560324732214, 0.00452866125852, -0.00664556119591, 0.0124107515439, 0.000627668923698, 0.0255608409643, -0.0141187049448, 0.00779105722904, -0.00140119099524, -0.00663632014766], [0.000126005004859, 0.0157970879227, -0.0225714799017, -0.00624766619876, -0.000599576625973, -0.00586842373013, -0.0047773742117, -0.0116654662415, -0.0141187049448, 0.0666933432221, -0.0217909924686, -0.0158427041024, 0.00884166453034], [0.00177789537702, -0.00727092660964, 0.00980463903397, 0.00844913627952, 0.00667867809534, 0.00481049576774, -0.00249286694452, 0.00337121868506, 0.00779105722904, -0.0217909924686, 0.0384641848505, -0.00817422103137, -0.00114654796198], [0.00177154608537, -0.000934770156164, -0.000357861077646, 0.00760294497013, -0.00895404908806, 0.00684611406177, 0.00754717038944, -0.00239105382934, -0.00140119099524, -0.0158427041024, -0.00817422103137, 0.0501491390169, -0.0146038345993], [-0.00256972690113, 0.00470091961324, 0.000140627336805, -0.000963662518188, -0.00245419796556, -0.00521881459281, 0.00249869120307, -0.00118651962839, -0.00663632014766, 0.00884166453034, -0.00114654796198, -0.0146038345993, 0.0435978099704]]
    },
    "melbands": {
        "dmean": [1.50960995597e-05, 8.00436646387e-06, 4.66728415631e-05, 0.000175797802513, 0.000704258622136, 0.000691235298291, 0.000350982416421, 0.000250069104368, 0.000115059629024, 0.000272810109891, 0.00042435733485, 0.000187556885066, 0.000119661788631, 0.000122076395201, 2.2593576432e-05, 9.99903386401e-06, 8.57626491779e-06, 3.13540726893e-06, 2.34086746786e-06, 5.10320605827e-05, 5.41100234841e-05, 4.03035073759e-06, 9.34407808018e-07, 5.65560299037e-07, 5.92965250235e-07, 1.99810483537e-06, 2.42750184043e-06, 1.34112497108e-06, 3.7621005049e-06, 2.06123422686e-06, 2.05840535727e-07, 5.84466661735e-08, 8.69759020361e-08, 5.57618477615e-07, 4.63461304889e-07, 2.41981780391e-07, 4.58608695908e-07, 1.35654750011e-06, 6.29285977993e-07, 1.029714781e-06],
        "dmean2": [2.70792424999e-05, 1.3255092199e-05, 7.24498095224e-05, 0.000276392383967, 0.00108400639147, 0.00102248578332, 0.000596354308072, 0.00042771777953, 0.000178157788469, 0.000470613420475, 0.000736976915505, 0.000327734014718, 0.000218007931835, 0.000228527642321, 3.84017002943e-05, 1.64465527632e-05, 1.24621547002e-05, 4.79093432659e-06, 3.89465822082e-06, 8.03617513156e-05, 9.0263572929e-05, 5.8861423895e-06, 1.48535741573e-06, 8.13890494555e-07, 1.02205194707e-06, 3.37414758178e-06, 4.02397336075e-06, 2.01112175091e-06, 5.59789532417e-06, 2.88581645691e-06, 3.25879312868e-07, 9.56156895882e-08, 1.30972082957e-07, 9.68544668467e-07, 7.8618580801e-07, 4.12803728977e-07, 6.79683125782e-07, 1.88570675164e-06, 9.8940938642e-07, 1.63799154507e-06],
        "dvar": [1.69676939166e-10, 5.05609304424e-11, 1.59900370722e-09, 2.61049368788e-08, 7.09999255832e-07, 3.87006451774e-07, 1.130798708e-07, 5.62723556641e-08, 1.3262400067e-08, 1.80320029131e-07, 6.27447718671e-07, 5.0703260257e-08, 2.34551471578e-08, 4.64796734434e-08, 4.59460330893e-10, 9.6026971097e-11, 8.78037365037e-11, 2.83746012797e-11, 5.80910796896e-12, 1.6748538556e-08, 1.54759494109e-08, 1.01747846259e-10, 1.81034083124e-12, 5.08150054153e-13, 3.18963009217e-13, 9.60545878947e-12, 1.21308735626e-11, 8.43093476977e-12, 5.93936635984e-11, 3.28112606529e-11, 1.30901515213e-13, 3.39396382262e-15, 3.11607463194e-14, 1.33173517786e-12, 2.0318638265e-12, 2.16811608272e-13, 6.96462961088e-13, 6.70204993933e-12, 2.03136119037e-12, 9.7587710482e-12],
        "dvar2": [5.09708109053e-10, 1.26665122835e-10, 3.963616102e-09, 6.06736705322e-08, 1.32854586354e-06, 8.33031776892e-07, 2.71434601018e-07, 1.62659489433e-07, 2.68221000965e-08, 4.95294727898e-07, 1.68261033195e-06, 1.06664749921e-07, 7.53515365659e-08, 1.36963976161e-07, 1.27465105138e-09, 2.69958028154e-10, 1.79120468458e-10, 7.2836611742e-11, 1.85023940613e-11, 2.82316197087e-08, 2.74337832451e-08, 2.04353353683e-10, 5.25542716984e-12, 1.34751639101e-12, 7.69034304553e-13, 3.13614516301e-11, 3.44572703703e-11, 1.96550865861e-11, 1.30638666551e-10, 6.85821885393e-11, 2.99705491544e-13, 1.06123622937e-14, 7.85288514446e-14, 4.00317235957e-12, 5.78900772805e-12, 5.48919362655e-13, 1.48205449649e-12, 1.15488842448e-11, 3.63174204251e-12, 1.91066468203e-11],
        "max": [6.03032567597e-05, 3.79557131964e-05, 0.000307967711706, 0.00127327442169, 0.0060699051246, 0.00428735883906, 0.00241871713661, 0.00184495246504, 0.000858471088577, 0.00302851176821, 0.00649059051648, 0.00164657924324, 0.000919488782529, 0.00159179558977, 0.000168442275026, 8.36773979245e-05, 8.9246997959e-05, 4.04501552111e-05, 1.66371610248e-05, 0.000741788186133, 0.000694685906637, 9.57779338933e-05, 1.20081995192e-05, 6.2887547756e-06, 3.21146512761e-06, 2.4966262572e-05, 2.1534429834e-05, 2.70754990197e-05, 5.38022759429e-05, 4.50210427516e-05, 3.17753824675e-06, 5.0561527587e-07, 1.36883261348e-06, 7.11269376552e-06, 1.00039405879e-05, 3.32816080117e-06, 6.80796802044e-06, 2.00516806217e-05, 1.0396774087e-05, 2.26441607083e-05],
        "mean": [1.64739230968e-05, 1.20096374303e-05, 7.33376364224e-05, 0.000247476913501, 0.00121563381981, 0.0012193438597, 0.000510510231834, 0.000389516208088, 0.000204780764761, 0.000486122240545, 0.000861337292008, 0.000364675564924, 0.000204877374927, 0.000187635203474, 5.03444061906e-05, 2.32017973758e-05, 1.56701080414e-05, 5.73042598262e-06, 4.63057540401e-06, 7.16013382771e-05, 9.23546540434e-05, 9.08726815396e-06, 1.77202343821e-06, 1.20841684748e-06, 1.14555564323e-06, 3.61074717148e-06, 4.09176527683e-06, 2.45491492024e-06, 5.13441136718e-06, 2.44135935645e-06, 4.40824891257e-07, 1.22992631191e-07, 1.90145428292e-07, 8.10348069535e-07, 6.25710868007e-07, 4.94739367696e-07, 8.52304879118e-07, 2.79440268969e-06, 1.24672794755e-06, 1.78803077233e-06],
        "median": [1.19224760056e-05, 8.66294703883e-06, 6.1239094066e-05, 0.000170527026057, 0.000871465483215, 0.000920540653169, 0.000398815231165, 0.000258318294073, 0.000149136350956, 0.00027481658617, 0.000603085674811, 0.000200283335289, 0.000140419477248, 9.73759015324e-05, 3.89983033529e-05, 1.99086443899e-05, 9.99316853267e-06, 4.02533441957e-06, 2.93690823128e-06, 9.17529632716e-06, 1.08518424895e-05, 2.3385609893e-06, 1.00699526229e-06, 9.42162785122e-07, 8.43363523018e-07, 1.57841566306e-06, 2.06350000553e-06, 8.03580121556e-07, 3.92294339235e-07, 1.71976537899e-07, 1.24799001355e-07, 9.04815280478e-08, 6.83178882355e-08, 8.59908055872e-08, 8.8890516281e-08, 9.9544244847e-08, 9.85449588597e-08, 2.06759708021e-07, 1.95414060045e-07, 8.89327367304e-08],
        "min": [5.63744265492e-07, 1.120918796e-06, 1.36869152811e-06, 3.94891912947e-06, 1.34905512823e-05, 1.42933295137e-05, 1.16851342682e-05, 3.46276942764e-06, 2.34054709836e-06, 1.27684643303e-06, 1.00869692687e-06, 5.06985134052e-06, 9.35421303438e-06, 6.4231635406e-06, 2.54983456216e-06, 1.54582380674e-06, 4.02743438599e-07, 2.52094253028e-07, 9.73867031462e-08, 2.38688464549e-08, 4.8625555138e-08, 1.18272993177e-07, 2.51785454708e-08, 2.76569931401e-08, 3.98222290698e-08, 2.63424979607e-08, 8.68025651357e-09, 1.97049310202e-08, 9.12232600569e-09, 4.77935513388e-09, 4.90140417142e-09, 4.39417879861e-09, 2.95801472205e-09, 1.43861866864e-09, 1.5602994452e-09, 9.0413454501e-10, 1.72830305623e-09, 2.42465181266e-09, 1.62743984955e-09, 3.79548970031e-09],
        "var": [2.06256026147e-10, 8.71970343153e-11, 3.01075431253e-09, 5.05098753933e-08, 1.59345768225e-06, 8.74529007433e-07, 1.82095263312e-07, 1.29972832497e-07, 3.87476752906e-08, 3.42132892683e-07, 1.14939700779e-06, 1.37178730597e-07, 3.67608592455e-08, 5.81349723916e-08, 1.41532996434e-09, 2.49529757967e-10, 2.96886709661e-10, 3.17345906498e-11, 1.55917848077e-11, 2.92311916894e-08, 3.12123127344e-08, 3.58533175371e-10, 3.93179022326e-12, 1.00354934866e-12, 5.45938565622e-13, 1.85054731955e-11, 2.16483983517e-11, 2.06032083755e-11, 9.95306684293e-11, 4.64213355256e-11, 4.4729335253e-13, 9.44392692981e-15, 9.2867716555e-14, 2.26248945794e-12, 1.98176262727e-12, 6.0080412867e-13, 2.37008481417e-12, 2.64971898589e-11, 6.42603158185e-12, 2.29229378534e-11]
    },
    "mfcc": {
        "mean": [-662.183410645, 143.316879272, -5.81228208542, -26.4020328522, -21.1247596741, -30.2926864624, -3.50283384323, -14.0752906799, -8.72995471954, -7.59180355072, -26.8537006378, -3.14395952225, 6.11107349396],
        "cov": [[1363.3548584, -720.282836914, 83.8072280884, -58.8304519653, 190.316848755, -62.0865402222, -275.840301514, -93.065032959, 243.438735962, 44.8902511597, -155.38180542, 139.946228027, -67.3533630371], [-720.282836914, 1512.97485352, -105.049324036, -107.977104187, -522.150817871, -156.974105835, 475.994903564, 243.535873413, -427.210510254, 5.64862728119, 236.502212524, -296.757537842, 11.7036991119], [83.8072280884, -105.049324036, 84.8214874268, -24.2754764557, 43.38829422, 23.693441391, -40.0098266602, -27.8640727997, 51.4194107056, 8.19156169891, -7.91627025604, 46.8322181702, -24.2789669037], [-58.8304519653, -107.977104187, -24.2754764557, 138.298034668, 64.2337341309, 31.2307758331, -27.0901527405, -23.3566398621, 12.1522016525, -5.10651254654, -37.1608963013, -4.40430355072, 39.3563041687], [190.316848755, -522.150817871, 43.38829422, 64.2337341309, 261.651031494, 94.9258880615, -211.798797607, -96.5288925171, 165.558197021, -14.1247472763, -98.1422424316, 139.129806519, -5.32288074493], [-62.0865402222, -156.974105835, 23.693441391, 31.2307758331, 94.9258880615, 99.6861114502, -65.3240432739, -31.9257240295, 66.2760848999, -8.10624599457, -35.1610908508, 58.8604354858, 4.72692537308], [-275.840301514, 475.994903564, -40.0098266602, -27.0901527405, -211.798797607, -65.3240432739, 266.21963501, 94.7186508179, -160.520889282, 21.1035518646, 94.5241622925, -146.933044434, 21.1419734955], [-93.065032959, 243.535873413, -27.8640727997, -23.3566398621, -96.5288925171, -31.9257240295, 94.7186508179, 64.2089920044, -61.5752906799, 7.1192688942, 43.4280395508, -60.5097885132, 7.68457174301], [243.438735962, -427.210510254, 51.4194107056, 12.1522016525, 165.558197021, 66.2760848999, -160.520889282, -61.5752906799, 175.627090454, 11.0714702606, -73.2970275879, 110.624481201, -11.6464481354], [44.8902511597, 5.64862728119, 8.19156169891, -5.10651254654, -14.1247472763, -8.10624599457, 21.1035518646, 7.1192688942, 11.0714702606, 33.2713432312, 2.51718902588, -17.0546951294, 6.01213741302], [-155.38180542, 236.502212524, -7.91627025604, -37.1608963013, -98.1422424316, -35.1610908508, 94.5241622925, 43.4280395508, -73.2970275879, 2.51718902588, 91.2166824341, -35.9831733704, -8.48424720764], [139.946228027, -296.757537842, 46.8322181702, -4.40430355072, 139.129806519, 58.8604354858, -146.933044434, -60.5097885132, 110.624481201, -17.0546951294, -35.9831733704, 155.110946655, -37.1819076538], [-67.3533630371, 11.7036991119, -24.2789669037, 39.3563041687, -5.32288074493, 4.72692537308, 21.1419734955, 7.68457174301, -11.6464481354, 6.01213741302, -8.48424720764, -37.1819076538, 78.9786682129]],
