{
"lowlevel": {
    "average_loudness": 0.912863969803,
    "barkbands_crest": {
        "dmean": 1.21044993401,
        "dmean2": 1.95146489143,
        "dvar": 1.08948612213,
        "dvar2": 2.90128135681,
        "max": 9.11572551727,
        "mean": 4.20347595215,
        "median": 3.72300553322,
        "min": 2.42187547684,
        "var": 2.00134205818
    },
    "barkbands_flatness_db": {
        "dmean": 0.00866969488561,
        "dmean2": 0.0141501892358,
        "dvar": 6.00975799898e-05,
        "dvar2": 0.000158921451657,
        "max": 0.0889708176255,
        "mean": 0.0551573745906,
        "median": 0.0542251393199,
        "min": 0.03198960796,
        "var": 0.000107922598545
    },
    "barkbands_kurtosis": {
        "dmean": 0.348461359739,
        "dmean2": 0.624516248703,
        "dvar": 0.194372445345,
        "dvar2": 0.563259065151,
        "max": 1.19576931,
        "mean": -0.954951524734,
        "median": -1.10272562504,
        "min": -1.56451761723,
        "var": 0.281332403421
    },
    "barkbands_skewness": {
        "dmean": 0.309751749039,
        "dmean2": 0.524420559406,
        "dvar": 0.104155935347,
        "dvar2": 0.268584042788,
        "max": 1.4746812582,
        "mean": 0.12773655355,
        "median": 0.0675948634744,
        "min": -0.64994674921,
        "var": 0.19866335392
    },
    "barkbands_spread": {
        "dmean": 3.89489006996,
        "dmean2": 6.63559389114,
        "dvar": 8.98027420044,
        "dvar2": 26.3509883881,
        "max": 47.8524398804,
        "mean": 35.3262405396,
        "median": 35.0041122437,
        "min": 22.639957428,
        "var": 28.8742294312
    },
    "dissonance": {
        "dmean": 0.00657700980082,
        "dmean2": 0.0109403254464,
        "dvar": 3.46711749444e-05,
        "dvar2": 8.87695423444e-05,
        "max": 0.499613910913,
        "mean": 0.489493995905,
        "median": 0.491303443909,
        "min": 0.45553162694,
        "var": 5.94831435592e-05
    },
    "dynamic_complexity": 5.04049444199,
    "erbbands_crest": {
        "dmean": 1.03336775303,
        "dmean2": 1.74219405651,
        "dvar": 0.723451077938,
        "dvar2": 2.14848804474,
        "max": 7.8981590271,
        "mean": 4.69440221786,
        "median": 4.53410959244,
        "min": 2.75620555878,
        "var": 0.936037361622
    },
    "erbbands_flatness_db": {
        "dmean": 0.00952720548958,
        "dmean2": 0.0146710565314,
        "dvar": 5.12365513714e-05,
        "dvar2": 0.000157137154019,
        "max": 0.156447902322,
        "mean": 0.136834576726,
        "median": 0.137549325824,
        "min": 0.098654024303,
        "var": 0.00010982756794
    },
    "erbbands_kurtosis": {
        "dmean": 0.485529541969,
        "dmean2": 0.85280841589,
        "dvar": 0.195408433676,
        "dvar2": 0.51383960247,
        "max": 2.07855319977,
        "mean": -0.045555524528,
        "median": -0.0495834350586,
        "min": -1.18376755714,
        "var": 0.509109854698
    },
    "erbbands_skewness": {
        "dmean": 0.196823567152,
        "dmean2": 0.349230736494,
        "dvar": 0.0299353655428,
        "dvar2": 0.0778245925903,
        "max": 0.405047178268,
        "mean": -0.470245748758,
        "median": -0.573601126671,
        "min": -1.09192728996,
        "var": 0.109681650996
    },
    "erbbands_spread": {
        "dmean": 5.44742250443,
        "dmean2": 9.16511058807,
        "dvar": 25.498626709,
        "dvar2": 70.2053451538,
        "max": 53.9283256531,
        "mean": 34.6328468323,
        "median": 34.4070587158,
        "min": 21.8106575012,
        "var": 38.3126678467
    },
    "hfc": {
        "dmean": 7.10135984421,
        "dmean2": 8.26816177368,
        "dvar": 174.455291748,
        "dvar2": 310.356048584,
        "max": 117.464881897,
        "mean": 20.5644607544,
        "median": 7.99403142929,
        "min": 0.0681260898709,
        "var": 615.012695312
    },
    "melbands_crest": {
        "dmean": 2.33574748039,
        "dmean2": 3.89669966698,
        "dvar": 3.54838991165,
        "dvar2": 10.7255783081,
        "max": 15.7988128662,
        "mean": 7.81683158875,
        "median": 7.63001537323,
        "min": 3.23425984383,
        "var": 5.58412075043
    },
    "melbands_flatness_db": {
        "dmean": 0.013432810083,
        "dmean2": 0.0215973854065,
        "dvar": 0.000221008289373,
        "dvar2": 0.000531608355232,
        "max": 0.146481230855,
        "mean": 0.0762006640434,
        "median": 0.0723407790065,
        "min": 0.0385753139853,
        "var": 0.000385011371691
    },
    "melbands_kurtosis": {
        "dmean": 1.2158793211,
        "dmean2": 2.14627957344,
        "dvar": 2.63871145248,
        "dvar2": 7.22936964035,
        "max": 8.17977428436,
        "mean": 0.690382838249,
        "median": 0.107772350311,
        "min": -1.18462359905,
        "var": 2.84712743759
    },
    "melbands_skewness": {
        "dmean": 0.376959621906,
        "dmean2": 0.630468666553,
        "dvar": 0.144063815475,
        "dvar2": 0.375904947519,
        "max": 2.66384458542,
        "mean": 1.11992692947,
        "median": 1.0629131794,
        "min": 0.340262979269,
        "var": 0.221118509769
    },
    "melbands_spread": {
        "dmean": 9.36828899384,
        "dmean2": 15.846414566,
        "dvar": 88.8480758667,
        "dvar2": 210.887069702,
        "max": 92.0655136108,
        "mean": 59.2542724609,
        "median": 61.7739372253,
        "min": 23.5032405853,
        "var": 254.859863281
    },
    "pitch_salience": {
        "dmean": 0.030772710219,
        "dmean2": 0.0508761517704,
        "dvar": 0.000792815699242,
        "dvar2": 0.0015141016338,
        "max": 0.882322371006,
        "mean": 0.7412738204,
        "median": 0.741430044174,
        "min": 0.617368102074,
        "var": 0.00131392350886
    },
    "silence_rate_20dB": {
        "dmean": 0,
        "dmean2": 0,
        "dvar": 0,
        "dvar2": 0,
        "max": 1,
        "mean": 1,
        "median": 1,
        "min": 1,
        "var": 0
    },
    "silence_rate_30dB": {
        "dmean": 0,
        "dmean2": 0,
        "dvar": 0,
        "dvar2": 0,
        "max": 1,
        "mean": 1,
        "median": 1,
        "min": 1,
        "var": 0
    },
    "silence_rate_60dB": {
        "dmean": 0.0888888910413,
        "dmean2": 0.179775282741,
        "dvar": 0.080987624824,
        "dvar2": 0.169927999377,
        "max": 1,
        "mean": 0.406593412161,
        "median": 0,
        "min": 0,
        "var": 0.241275027394
    },
    "spectral_centroid": {
        "dmean": 234.171768188,
        "dmean2": 379.934417725,
        "dvar": 58426.3164062,
        "dvar2": 148340.59375,
        "max": 3130.23803711,
        "mean": 2580.24707031,
        "median": 2678.17114258,
        "min": 1454.69482422,
        "var": 124133.59375
    },
    "spectral_complexity": {
        "dmean": 4.8444442749,
        "dmean2": 6.37078666687,
        "dvar": 26.486907959,
        "dvar2": 36.7726516724,
        "max": 58,
        "mean": 23.8461532593,
        "median": 20,
        "min": 0,
        "var": 366.305938721
    },
    "spectral_decrease": {
        "dmean": 6.76510403252e-10,
        "dmean2": 7.59640128578e-10,
        "dvar": 1.36853216976e-18,
        "dvar2": 2.05339604773e-18,
        "max": -7.17690880683e-12,
        "mean": -1.97943506031e-09,
        "median": -9.94239579555e-10,
        "min": -1.07027382512e-08,
        "var": 5.02882923117e-18
    },
    "spectral_energy": {
        "dmean": 0.0031219124794,
        "dmean2": 0.00342020671815,
        "dvar": 2.81251777778e-05,
        "dvar2": 4.04223319492e-05,
        "max": 0.0510490871966,
        "mean": 0.0093361036852,
        "median": 0.00454449979588,
        "min": 3.3266544051e-05,
        "var": 0.000112164547318
    },
    "spectral_energyband_high": {
        "dmean": 0.000497116707265,
        "dmean2": 0.000609299575444,
        "dvar": 6.24602137123e-07,
        "dvar2": 9.90127773548e-07,
        "max": 0.00761687057093,
        "mean": 0.00142784405034,
        "median": 0.000460411276435,
        "min": 3.77271453544e-06,
        "var": 3.13432997245e-06
    },
    "spectral_energyband_low": {
        "dmean": 0.000348450092133,
        "dmean2": 0.000536620209459,
        "dvar": 9.93051912701e-07,
        "dvar2": 2.39633141064e-06,
        "max": 0.00735578872263,
        "mean": 0.00032432822627,
        "median": 7.64347714721e-05,
        "min": 1.96680639419e-06,
        "var": 8.75447881299e-07
    },
    "spectral_energyband_middle_high": {
        "dmean": 0.00172461965121,
        "dmean2": 0.00220748502761,
        "dvar": 1.34589563459e-05,
        "dvar2": 2.87736093014e-05,
        "max": 0.0327712893486,
        "mean": 0.00441012391821,
        "median": 0.00191294809338,
        "min": 1.88151370821e-05,
        "var": 2.99430903397e-05
    },
    "spectral_energyband_middle_low": {
        "dmean": 0.00160049146507,
        "dmean2": 0.00226008379832,
        "dvar": 9.36063679546e-06,
        "dvar2": 2.25635412789e-05,
        "max": 0.0235839951783,
        "mean": 0.00344612938352,
        "median": 0.00189563049935,
        "min": 9.57843167271e-06,
        "var": 1.73365460796e-05
    },
    "spectral_entropy": {
        "dmean": 0.050828691572,
        "dmean2": 0.0765794143081,
        "dvar": 0.00128195853904,
        "dvar2": 0.00348753971048,
        "max": 8.28452301025,
        "mean": 8.10175800323,
        "median": 8.09782409668,
        "min": 7.94365119934,
        "var": 0.00477273855358
    },
    "spectral_flux": {
        "dmean": 0.0101494044065,
        "dmean2": 0.0137152634561,
        "dvar": 0.000354780786438,
        "dvar2": 0.000691307068337,
        "max": 0.172996163368,
        "mean": 0.0533637441695,
        "median": 0.0399828217924,
        "min": 0.00873703230172,
        "var": 0.00125696440227
    },
    "spectral_kurtosis": {
        "dmean": 0.593162000179,
        "dmean2": 0.940487027168,
        "dvar": 0.283336639404,
        "dvar2": 0.395050346851,
        "max": 8.62352371216,
        "mean": 4.06334495544,
        "median": 3.80790185928,
        "min": 2.60383367538,
        "var": 1.24806559086
    },
    "spectral_rms": {
        "dmean": 0.000440597737907,
        "dmean2": 0.000485536264023,
        "dvar": 4.36616318211e-07,
        "dvar2": 6.43938335543e-07,
        "max": 0.00705719413236,
        "mean": 0.00255542132072,
        "median": 0.0021056253463,
        "min": 0.000180153176188,
        "var": 2.57821807281e-06
    },
    "spectral_rolloff": {
        "dmean": 390.468658447,
        "dmean2": 613.817260742,
        "dvar": 183237.5625,
        "dvar2": 453656.28125,
        "max": 4823.4375,
        "mean": 3661.11767578,
        "median": 3703.7109375,
        "min": 1593.45703125,
        "var": 391874.625
    },
    "spectral_skewness": {
        "dmean": 0.0788185298443,
        "dmean2": 0.121495462954,
        "dvar": 0.00605822680518,
        "dvar2": 0.00930414814502,
        "max": 2.03539633751,
        "mean": 1.37882781029,
        "median": 1.35252201557,
        "min": 1.16811943054,
        "var": 0.0225328039378
    },
    "spectral_spread": {
        "dmean": 259627.5625,
        "dmean2": 430081.21875,
        "dvar": 59083673600,
        "dvar2": 134947430400,
        "max": 5403754,
        "mean": 4414200.5,
        "median": 4354725.5,
        "min": 3750905.75,
        "var": 128740188160
    },
    "spectral_strongpeak": {
        "dmean": 0.215496972203,
        "dmean2": 0.379649609327,
        "dvar": 0.14522074163,
        "dvar2": 0.440059840679,
        "max": 2.49310994148,
        "mean": 0.342119812965,
        "median": 0.230650603771,
        "min": 0.00154808105435,
        "var": 0.145203709602
    },
    "zerocrossingrate": {
        "dmean": 0.0121527779847,
        "dmean2": 0.014357663691,
        "dvar": 0.000124928395962,
        "dvar2": 0.000152506065206,
        "max": 0.16748046875,
        "mean": 0.126164361835,
        "median": 0.12646484375,
        "min": 0.033203125,
        "var": 0.000454361608718
    },
    "barkbands": {
        "dmean": [1.15244156405e-05, 3.45280341207e-06, 0.000126678583911, 0.000522611895576, 0.000613064388745, 0.000467658537673, 0.000271783967037, 0.000153508954099, 0.000294147786917, 0.000122494224343, 0.000100307464891, 0.000219686786295, 0.000198961817659, 0.000198753754376, 0.000215222666156, 0.00030208035605, 0.000304908462567, 0.000242588022957, 0.000487657933263, 0.000276545033557, 0.000164475626661, 5.19154455105e-05, 4.71440362162e-05, 6.94821210345e-05, 7.0708891144e-05, 1.99670685106e-05, 1.1695503872e-06],
        "dmean2": [1.83145129995e-05, 6.30270642432e-06, 0.000195207278011, 0.000897132384125, 0.000882153690327, 0.000808801618405, 0.000462315394543, 0.000265315669822, 0.000427251274232, 0.000197390094399, 0.000165584759088, 0.000330612820107, 0.000321872939821, 0.000332717580022, 0.000356166390702, 0.000475554581499, 0.000482404197101, 0.000380246143322, 0.000761790957768, 0.000382516416721, 0.000219748384552, 7.50784674892e-05, 6.60021614749e-05, 8.33724698168e-05, 0.000104915263364, 2.81186694338e-05, 1.55647023803e-06],
        "dvar": [2.43876863149e-10, 5.14046097355e-11, 1.33643126787e-07, 1.56197802426e-06, 1.3236859786e-06, 6.54702375869e-07, 1.21452998769e-07, 3.26549027818e-08, 2.45293563239e-07, 2.9626773923e-08, 2.73224944891e-08, 2.06497858812e-07, 1.00230067801e-07, 1.10368617356e-07, 1.08964748335e-07, 5.54770110739e-07, 3.7596876723e-07, 1.64889229382e-07, 9.852308267e-07, 1.65745532854e-07, 6.36539851939e-08, 6.76436728853e-09, 7.01422697702e-09, 1.59205413297e-08, 1.85718267431e-08, 1.44457801277e-09, 2.77127387878e-12],
        "dvar2": [6.36793451303e-10, 1.58069557443e-10, 3.16131519185e-07, 4.27954910265e-06, 2.39048586081e-06, 1.68675364876e-06, 3.42350261917e-07, 7.83483216082e-08, 4.63671341322e-07, 7.92666057237e-08, 5.79974148707e-08, 4.41365756387e-07, 2.64689333562e-07, 2.18934630425e-07, 2.52068872442e-07, 1.39768246754e-06, 9.28679526169e-07, 4.0134267465e-07, 2.40945155383e-06, 3.63552942417e-07, 1.3365065854e-07, 1.08273914279e-08, 1.27305233022e-08, 2.38499229255e-08, 3.51704620982e-08, 2.96882451956e-09, 4.59853769647e-12],
        "max": [0.000120332697406, 4.72931315016e-05, 0.0027461417485, 0.00803867541254, 0.00811320450157, 0.00590731110424, 0.00214633462019, 0.00108491396531, 0.00535708479583, 0.00117490370758, 0.00156406592578, 0.00364358420484, 0.00211624754593, 0.0022928963881, 0.00219145487063, 0.00601699948311, 0.00510153686628, 0.00281883543357, 0.00664924550802, 0.00323858577758, 0.00260170339607, 0.000728467013687, 0.000668728956953, 0.00091700872872, 0.000903443025891, 0.000224530595005, 1.82713247341e-05],
        "mean": [1.11634326458e-05, 3.22311484524e-06, 0.000100420365925, 0.000655534793623, 0.000946475716773, 0.000556633225642, 0.000434204324847, 0.00022752462246, 0.000542093010154, 0.000208636643947, 0.0001587211882, 0.00034032628173, 0.000349815964, 0.000329948670696, 0.000388089159969, 0.000473628257168, 0.00055569387041, 0.000510547019076, 0.000836589024402, 0.000612232135609, 0.000421016738983, 0.000168185390066, 0.000126638784423, 0.000168467086041, 0.000161884745467, 4.04677593906e-05, 5.60533453609e-06],
        "median": [5.65751179238e-06, 1.83062911674e-06, 5.65636173633e-06, 0.000240343360929, 0.000184413031093, 0.00027102054446, 0.000261291483184, 0.00011246104259, 0.000206599812373, 9.96317612589e-05, 5.96810714342e-05, 0.000147046899656, 0.0001390776888, 0.000153483721078, 0.000152063643327, 0.00019659215468, 0.000213611900108, 0.000206979093491, 0.00029545329744, 0.000221533860895, 0.000139760566526, 5.05327625433e-05, 4.37108828919e-05, 4.60849078081e-05, 4.0829370846e-05, 8.56224596646e-06, 4.33697914559e-06],
        "min": [9.9088580896e-08, 2.59516184542e-07, 1.6999018726e-07, 1.19624382933e-06, 2.77542403637e-06, 3.33177172251e-06, 5.42465045328e-07, 3.72252664249e-08, 9.30109706587e-07, 1.11483791443e-06, 3.27196062244e-07, 3.69568942915e-06, 1.10449434487e-06, 2.07574203159e-06, 1.23495055959e-06, 4.69257827262e-07, 1.2589130165e-06, 2.58892191596e-06, 2.46625768341e-06, 3.03922683997e-06, 1.47826347074e-06, 3.74179251139e-07, 3.58409948831e-07, 2.27523131002e-07, 2.04261993986e-07, 6.30754115605e-08, 8.39269986841e-08],
        "var": [2.70912181577e-10, 3.16770359943e-11, 1.23491986415e-07, 1.3889064121e-06, 2.97388737636e-06, 6.83795292389e-07, 1.95058149188e-07, 6.43305924086e-08, 7.26032226339e-07, 6.36112673646e-08, 6.32899812558e-08, 2.85583809045e-07, 2.10354926367e-07, 2.00382274329e-07, 2.38962087451e-07, 5.67752465486e-07, 6.02715886089e-07, 3.84668652487e-07, 1.44430032378e-06, 5.74415423671e-07, 2.75013945839e-07, 4.09313578587e-08, 2.60447556855e-08, 5.46655094524e-08, 5.31122807956e-08, 3.57393625805e-09, 8.74246942201e-12]
    },
    "erbbands": {
        "dmean": [0.000109522377898, 0.00213004252873, 0.0881656929851, 0.989773213863, 1.65505254269, 2.87807679176, 2.94906687737, 4.16011095047, 3.93975281715, 3.29807066917, 3.98558473587, 7.53181552887, 4.49941062927, 2.61605119705, 5.21493768692, 9.46825408936, 9.00874233246, 10.4812173843, 8.49506378174, 10.0633220673, 17.3787956238, 17.7259483337, 12.7474117279, 23.5279159546, 20.4326953888, 13.7319068909, 8.63329982758, 5.13835048676, 2.25165987015, 1.64284849167, 1.34950876236, 1.3466745615, 1.23261356354, 0.829584479332, 0.507894694805, 0.163050502539, 0.0188521239907, 0.00146597262938, 0.000209099671338, 1.95672928385e-05],
        "dmean2": [0.000179356720764, 0.00354324094951, 0.138060867786, 1.64465105534, 2.83189225197, 4.19370555878, 4.76916790009, 7.22105789185, 6.95674324036, 5.74553871155, 6.83450746536, 10.7792959213, 6.93182420731, 4.00808572769, 8.73710346222, 14.1226530075, 14.4536352158, 17.583978653, 13.3105506897, 15.3736925125, 26.4620952606, 28.2447681427, 21.3365402222, 39.5058364868, 33.0934524536, 21.0124073029, 11.7453708649, 7.45818328857, 3.2523765564, 2.10399436951, 1.85214388371, 1.7131716013, 1.65949583054, 1.22357130051, 0.75754237175, 0.220487162471, 0.0263285618275, 0.00195680535398, 0.000289332674583, 2.60497381532e-05],
        "dvar": [1.69843143993e-08, 2.99623261526e-05, 0.0667511224747, 6.62058830261, 13.0916757584, 32.3600883484, 21.3003940582, 76.4681777954, 28.3249263763, 25.0332870483, 21.1039924622, 172.110626221, 35.267250061, 14.005862236, 85.5533294678, 407.364807129, 199.365325928, 373.226531982, 208.021347046, 288.932556152, 2010.7668457, 1185.62097168, 553.021606445, 1749.08129883, 1731.55725098, 535.534484863, 169.972824097, 58.1762924194, 12.5482635498, 5.99257898331, 5.07315015793, 5.53312253952, 5.59579658508, 2.2967171669, 1.03198587894, 0.0958346650004, 0.00132646388374, 7.38136850487e-06, 1.10358683969e-07, 6.28095242483e-10],
        "dvar2": [4.50685426756e-08, 7.86034288467e-05, 0.162165388465, 16.8214759827, 36.1811141968, 58.2125663757, 46.5478134155, 208.992935181, 79.7820587158, 66.079788208, 50.8195343018, 370.218475342, 59.1471710205, 28.701259613, 194.0650177, 909.995178223, 505.042297363, 690.716491699, 408.569824219, 586.232299805, 5104.35742188, 3019.99023438, 1502.20239258, 4218.79785156, 3899.22998047, 1400.02783203, 340.855438232, 127.083251953, 21.45952034, 10.1644010544, 9.37335681915, 9.07913780212, 9.21635723114, 4.27774620056, 1.96955037117, 0.208445042372, 0.0024405636359, 1.11556346383e-05, 1.79789410026e-07, 1.06839892489e-09],
        "max": [0.00080859119771, 0.037794072181, 1.95239305496, 18.1468143463, 25.6389713287, 44.3254013062, 29.9985370636, 65.1796569824, 33.3682594299, 35.5471954346, 27.2730846405, 137.881362915, 49.4401931763, 33.0995063782, 77.493927002, 165.817489624, 104.855567932, 135.765945435, 104.123306274, 136.219360352, 365.286712646, 285.924255371, 175.537979126, 253.975021362, 297.037994385, 186.769165039, 141.24420166, 61.8337287903, 31.0276584625, 20.5555381775, 18.1817932129, 16.8878593445, 17.0400810242, 10.8161659241, 6.34608697891, 1.90230953693, 0.24001814425, 0.0194645207375, 0.00305698323064, 0.000307373906253],
        "mean": [0.000152880689711, 0.00199076556601, 0.0783227607608, 1.10560512543, 2.46863269806, 3.82102322578, 4.05327033997, 4.94179582596, 5.73969936371, 5.6168050766, 5.74219417572, 12.9483671188, 9.38147449493, 5.43258285522, 7.87955093384, 15.4797029495, 16.0064659119, 18.5183124542, 17.9866867065, 19.1218166351, 29.0213985443, 31.7594738007, 28.0351696014, 39.8583068848, 37.9469261169, 29.4332790375, 21.6529140472, 13.1341781616, 6.64275979996, 4.31535959244, 3.50437235832, 3.25639033318, 2.91642618179, 1.96119987965, 1.07362949848, 0.329632133245, 0.0423046201468, 0.00410837493837, 0.000783003109973, 0.000107638385089],
        "median": [0.000104936356365, 0.000622474588454, 0.0121449800208, 0.31737819314, 0.86812120676, 0.546845316887, 1.36814367771, 2.42011618614, 3.74850392342, 2.7307164669, 3.3151102066, 4.64274406433, 4.98526239395, 3.15574455261, 2.79036879539, 5.9818110466, 6.30363559723, 7.40225791931, 7.53223752975, 7.81657123566, 13.0667629242, 12.8742485046, 11.4514036179, 14.6787118912, 14.6424674988, 10.7058467865, 7.57229375839, 4.25054073334, 1.91425359249, 1.37444210052, 1.16558408737, 0.963230550289, 0.703027486801, 0.478671044111, 0.264476060867, 0.0683948472142, 0.00957868341357, 0.00142461573705, 0.000522459624335, 8.88515787665e-05],
        "min": [7.14366524335e-06, 7.14336929377e-05, 0.000410267035477, 0.00158420205116, 0.00711932079867, 0.00853411108255, 0.0215683244169, 0.0264623071998, 0.0121036497876, 0.00316118099727, 0.00296993437223, 0.0191376935691, 0.0352560393512, 0.0272989254445, 0.041666071862, 0.143842115998, 0.0663885995746, 0.0861161649227, 0.110269755125, 0.0233372040093, 0.0430110618472, 0.0694492906332, 0.0824476256967, 0.190511018038, 0.153814077377, 0.122463807464, 0.0776862129569, 0.0395364351571, 0.0152574516833, 0.00923812016845, 0.00932716112584, 0.0050590261817, 0.00441403733566, 0.00367373344488, 0.00092559272889, 0.000383144884836, 0.000103252474219, 1.72429663508e-05, 9.18979731068e-06, 1.73367925527e-06],
        "var": [2.15351487753e-08, 2.39508080995e-05, 0.0584719516337, 5.69452428818, 17.3453922272, 65.0969619751, 36.7201576233, 67.1135940552, 37.0528831482, 45.7660751343, 38.3791542053, 447.938781738, 141.254776001, 40.1950416565, 150.075866699, 568.1875, 435.767425537, 646.100891113, 482.971710205, 625.160705566, 2089.43212891, 1917.79992676, 1135.79528809, 2929.2097168, 2828.58813477, 1333.7623291, 744.853088379, 258.106262207, 66.4368743896, 28.7670288086, 19.4561977386, 18.9426116943, 17.3602199554, 7.52005720139, 2.51973009109, 0.23494592309, 0.00377794960514, 2.48568539973e-05, 3.33955370024e-07, 2.25355911709e-09]
    },
    "gfcc": {
        "mean": [-20.0590248108, 20.3330860138, -147.975097656, 13.9810829163, -70.9206390381, -13.4089317322, -52.3905181885, -2.83868980408, -37.1315155029, -5.69975328445, -19.2853355408, -13.086771965, -12.3626785278],
        "cov": [[5973.84667969, -522.302856445, -329.359771729, 445.579437256, -580.423217773, 285.247924805, -725.835876465, 101.005867004, -630.989257812, 17.8130149841, -424.380767822, -34.1706314087, -254.988998413], [-522.302856445, 233.644332886, 126.58190155, -40.3378143311, 71.5537185669, -42.2304534912, 70.4547576904, -11.5479421616, 64.3015289307, 2.33962512016, 44.7769050598, 1.68546080589, 38.521320343], [-329.359771729, 126.58190155, 113.180175781, 4.16654205322, 70.5069122314, -13.3963184357, 36.9129600525, -22.8873977661, 21.5157089233, 0.180189996958, 24.4704322815, 1.10871493816, 18.3328227997], [445.579437256, -40.3378143311, 4.16654205322, 123.933677673, -8.62215709686, 38.7769241333, -88.328163147, -34.1942672729, -96.0227203369, -14.3957061768, -45.5424118042, -11.6086416245, -35.8842811584], [-580.423217773, 71.5537185669, 70.5069122314, -8.62215709686, 116.224357605, -9.95105075836, 66.9719009399, -32.2520866394, 40.0773048401, -12.0054864883, 32.446395874, -7.23593950272, 11.4482965469], [285.247924805, -42.2304534912, -13.3963184357, 38.7769241333, -9.95105075836, 56.8081588745, -17.5946903229, 16.8502292633, -42.4173164368, -5.49478673935, -31.3906745911, -10.0438346863, -20.6766338348], [-725.835876465, 70.4547576904, 36.9129600525, -88.328163147, 66.9719009399, -17.5946903229, 132.268341064, 29.9179992676, 105.708129883, 2.49640464783, 49.3377075195, 0.933563768864, 35.7189979553], [101.005867004, -11.5479421616, -22.8873977661, -34.1942672729, -32.2520866394, 16.8502292633, 29.9179992676, 68.9759979248, 37.4639625549, 10.3380937576, -8.18371486664, -1.48149764538, 4.27236938477], [-630.989257812, 64.3015289307, 21.5157089233, -96.0227203369, 40.0773048401, -42.4173164368, 105.708129883, 37.4639625549, 129.12399292, 15.1559934616, 53.6626625061, 7.47635889053, 40.1426696777], [17.8130149841, 2.33962512016, 0.180189996958, -14.3957061768, -12.0054864883, -5.49478673935, 2.49640464783, 10.3380937576, 15.1559934616, 22.7071495056, 17.2455024719, 11.6347646713, 9.19818687439], [-424.380767822, 44.7769050598, 24.4704322815, -45.5424118042, 32.446395874, -31.3906745911, 49.3377075195, -8.18371486664, 53.6626625061, 17.2455024719, 57.7283859253, 21.4918727875, 28.0791339874], [-34.1706314087, 1.68546080589, 1.10871493816, -11.6086416245, -7.23593950272, -10.0438346863, 0.933563768864, -1.48149764538, 7.47635889053, 11.6347646713, 21.4918727875, 25.4668159485, 15.0227794647], [-254.988998413, 38.521320343, 18.3328227997, -35.8842811584, 11.4482965469, -20.6766338348, 35.7189979553, 4.27236938477, 40.1426696777, 9.19818687439, 28.0791339874, 15.0227794647, 30.9017925262]],
        "icov": [[0.0029577226378, -0.00171411433257, 0.000411025714129, 0.00324477022514, 0.00125015026424, -0.00337925367057, 0.0104038771242, -0.00592447072268, 0.00405124621466, -0.00939987320453, 0.0115989232436, -0.00657742330804, 0.00632930500433], [-0.00171411433257, 0.0172916334122, -0.0191758554429, 0.000569507072214, 0.00279171485454, 0.00717855244875, -0.00362505577505, -0.00240506068803, -0.000220321322558, 0.0141609208658, -0.0163642689586, 0.0158233828843, -0.0121220648289], [0.000411025714129, -0.0191758554429, 0.040755443275, -0.00808420870453, -0.0173505656421, 0.00208182283677, -0.00478764111176, 0.000772852974478, 0.00643756473437, -0.0214746855199, 0.0156396534294, -0.0103405471891, -0.00417716288939], [0.00324477022514, 0.000569507072214, -0.00808420870453, 0.0353122837842, -0.00519343139604, -0.0184432864189, 0.0331870988011, -0.00417741108686, 0.00589056033641, -0.00292074680328, 0.0115686217323, -0.00471304124221, 0.00866364128888], [0.00125015026424, 0.00279171485454, -0.0173505656421, -0.00519343139604, 0.0431194491684, -0.0165073368698, -0.0126216365024, 0.0257668774575, -0.0170278958976, 0.0115385018289, -0.00532313808799, 0.00114277005196, 0.0180719606578], [-0.00337925367057, 0.00717855244875, 0.00208182283677, -0.0184432864189, -0.0165073368698, 0.0750217735767, -0.0412127673626, -0.0295104011893, 0.0391450822353, -0.0113151557744, 0.00187703117263, 0.00512781739235, -0.00313579360954], [0.0104038771242, -0.00362505577505, -0.00478764111176, 0.0331870988011, -0.0126216365024, -0.0412127673626, 0.106311038136, -0.0396889895201, -0.00702266953886, 0.00665621086955, 0.000585268717259, 0.0044323829934, -0.00409547053277], [-0.00592447072268, -0.00240506068803, 0.000772852974478, -0.00417741108686, 0.0257668774575, -0.0295104011893, -0.0396889895201, 0.0877992063761, -0.0517825111747, -0.0050599607639, 0.0200781691819, -0.0128175877035, 0.0100086741149], [0.00405124621466, -0.000220321322558, 0.00643756473437, 0.00589056033641, -0.0170278958976, 0.0391450822353, -0.00702266953886, -0.0517825111747, 0.076471015811, -0.0271545909345, -0.000271450262517, 0.0136341145262, -0.0131352301687], [-0.00939987320453, 0.0141609208658, -0.0214746855199, -0.00292074680328, 0.0115385018289, -0.0113151557744, 0.00665621086955, -0.0050599607639, -0.0271545909345, 0.149221107364, -0.109395124018, 0.0350142717361, -0.0314695909619], [0.0115989232436, -0.0163642689586, 0.0156396534294, 0.0115686217323, -0.00532313808799, 0.00187703117263, 0.000585268717259, 0.0200781691819, -0.000271450262517, -0.109395124018, 0.172626703978, -0.100541964173, 0.0449745319784], [-0.00657742330804, 0.0158233828843, -0.0103405471891, -0.00471304124221, 0.00114277005196, 0.00512781739235, 0.0044323829934, -0.0128175877035, 0.0136341145262, 0.0350142717361, -0.100541964173, 0.140422776341, -0.0787223950028], [0.00632930500433, -0.0121220648289, -0.00417716288939, 0.00866364128888, 0.0180719606578, -0.00313579360954, -0.00409547053277, 0.0100086741149, -0.0131352301687, -0.0314695909619, 0.0449745319784, -0.0787223950028, 0.130628436804]]
    },
    "melbands": {
        "dmean": [1.15839691261e-06, 3.08057424263e-05, 0.000202359136892, 0.00013735012908, 0.00011381033255, 9.11126335268e-05, 5.81221283937e-05, 3.25299297401e-05, 3.22440500895e-05, 5.07095464855e-05, 2.28500157391e-05, 1.13447304102e-05, 1.6549241991e-05, 2.30368641496e-05, 2.57043448073e-05, 1.98342131625e-05, 2.10065172723e-05, 1.19061023724e-05, 1.86065008165e-05, 1.90445407497e-05, 2.07102257264e-05, 2.18063487409e-05, 1.24026928461e-05, 1.18119833132e-05, 2.21049103857e-05, 1.67155467352e-05, 1.18832986118e-05, 9.49803234107e-06, 6.36863524051e-06, 4.67538893645e-06, 2.76066657534e-06, 1.40901977375e-06, 9.53964104156e-07, 9.94825313683e-07, 8.03613829703e-07, 8.62388048972e-07, 8.14880650069e-07, 8.72854741374e-07, 9.00732970877e-07, 7.01105477674e-07],
        "dmean2": [1.97757594833e-06, 4.91952996526e-05, 0.00033994243131, 0.000198794296011, 0.000150545383804, 0.000158148977789, 0.000100484998256, 5.62471286685e-05, 5.45874063391e-05, 7.30329338694e-05, 3.54067051376e-05, 1.80151037057e-05, 2.65241615125e-05, 3.59772784577e-05, 4.0384609747e-05, 3.32946656272e-05, 3.57301578333e-05, 1.79929556907e-05, 3.06095607812e-05, 3.17461854138e-05, 3.18887832691e-05, 3.54647054337e-05, 2.08789042517e-05, 1.71821120603e-05, 3.87172985938e-05, 2.7221187338e-05, 1.75448112714e-05, 1.6369353034e-05, 8.89711827767e-06, 7.09141386324e-06, 4.31379203292e-06, 2.15553291127e-06, 1.22200594888e-06, 1.43437307543e-06, 1.07722360099e-06, 1.30567389078e-06, 1.02021954262e-06, 1.23287418319e-06, 1.25448957533e-06, 1.01365424143e-06],
        "dvar": [2.2376666492e-12, 7.89776244403e-09, 2.33832281538e-07, 6.66894734991e-08, 3.42243104967e-08, 3.20236637208e-08, 6.68472521781e-09, 2.35443620156e-09, 1.28961608059e-09, 7.98094657029e-09, 9.08164876634e-10, 2.40463010615e-10, 8.05624011946e-10, 2.26528329428e-09, 1.73271164083e-09, 1.20983145724e-09, 1.41292400002e-09, 4.27852392404e-10, 8.26354817907e-10, 2.2736927896e-09, 2.55944065941e-09, 1.90886617624e-09, 4.49922932244e-10, 4.05217553956e-10, 1.44767087207e-09, 1.22911048006e-09, 4.32364699599e-10, 2.82108059135e-10, 8.47787534619e-11, 5.91130547289e-11, 1.88630604192e-11, 5.0544989201e-12, 1.87890436716e-12, 2.4731250034e-12, 1.58770609507e-12, 2.4503868986e-12, 2.12462729701e-12, 2.81018654527e-12, 2.82270539408e-12, 1.39007999989e-12],
        "dvar2": [6.57815815708e-12, 1.88695885583e-08, 6.26493601885e-07, 1.51679955707e-07, 6.62846417754e-08, 8.59240429918e-08, 1.95462188657e-08, 5.63459101599e-09, 2.87634760454e-09, 1.70237690611e-08, 1.656966786e-09, 5.33410038361e-10, 1.91432758534e-09, 5.01515939888e-09, 3.77209907754e-09, 3.00418934174e-09, 2.64731592203e-09, 7.94778243218e-10, 2.09816142238e-09, 5.83327919301e-09, 6.43195274819e-09, 4.86438311853e-09, 1.33334321362e-09, 9.39400779387e-10, 3.60880147987e-09, 2.85771850628e-09, 9.77464220675e-10, 7.74180275442e-10, 1.64552732551e-10, 1.35216018937e-10, 5.12224256066e-11, 1.02028593907e-11, 2.5719482967e-12, 4.70768563021e-12, 2.86005333999e-12, 5.09580442079e-12, 3.41312937115e-12, 5.09028409701e-12, 4.60865720586e-12, 2.9683907242e-12],
        "max": [8.94831737241e-06, 0.000668721739203, 0.00318860844709, 0.0016550058499, 0.00144973618444, 0.00133906991687, 0.000535495055374, 0.000351089518517, 0.000239281391259, 0.00094034022186, 0.000249985838309, 0.000128884552396, 0.000269060372375, 0.000396590185119, 0.000273965590168, 0.000218816683628, 0.000262750458205, 0.000156282418175, 0.000195634158445, 0.000370449764887, 0.000406916660722, 0.000350262940628, 0.00015971949324, 0.000153602435603, 0.000209316363907, 0.000232337144553, 0.000146167047205, 0.000131577748107, 9.24532068893e-05, 6.91014793119e-05, 3.40695441992e-05, 1.96568853426e-05, 1.11957579065e-05, 1.14532085718e-05, 1.05632516352e-05, 1.08257863758e-05, 1.03897054942e-05, 1.3212164049e-05, 1.18884890981e-05, 8.39004223963e-06],
        "mean": [1.42625412991e-06, 2.46527379204e-05, 0.000258618907537, 0.000200599024538, 0.000166057172464, 0.000110304266855, 8.75977566466e-05, 5.82205102546e-05, 4.534026084e-05, 8.76193007571e-05, 4.60312257928e-05, 2.14703122765e-05, 2.46983981924e-05, 3.24496468238e-05, 4.37064518337e-05, 3.28662135871e-05, 3.43929350493e-05, 2.56461007666e-05, 3.12616830342e-05, 2.81380998786e-05, 3.39233592968e-05, 3.56791715603e-05, 2.47240859608e-05, 2.45309656748e-05, 3.35550357704e-05, 2.92812965199e-05, 2.2930891646e-05, 1.87738751265e-05, 1.45753829202e-05, 1.02076319308e-05, 6.63380296828e-06, 3.8981547732e-06, 2.67143195742e-06, 2.30196837947e-06, 2.00391991712e-06, 1.93693449546e-06, 1.99419628188e-06, 2.03575177693e-06, 1.90179457604e-06, 1.58534294314e-06],
        "median": [9.77432137006e-07, 1.83407155419e-06, 9.01539169718e-05, 4.50805673609e-05, 4.65591692773e-05, 5.83192013437e-05, 4.92038670927e-05, 2.89328672807e-05, 2.68848853011e-05, 3.13419550366e-05, 2.25052463065e-05, 1.2843618606e-05, 8.97212430573e-06, 1.24847201732e-05, 1.59804985742e-05, 1.33522198666e-05, 1.37433935379e-05, 1.23589743453e-05, 1.029077157e-05, 1.27253033497e-05, 1.51365020429e-05, 1.47339824252e-05, 1.09752154458e-05, 9.5973327916e-06, 1.26283594e-05, 1.1260829524e-05, 9.75981765805e-06, 7.05133152223e-06, 4.6650452532e-06, 3.58381271326e-06, 2.24644418267e-06, 1.16587034427e-06, 8.95090295217e-07, 7.72794123804e-07, 6.87421675138e-07, 6.18004662556e-07, 5.77236619392e-07, 5.57235068754e-07, 4.13282805312e-07, 4.03422717454e-07],
        "min": [5.89758144542e-08, 7.70581749521e-08, 7.17538455319e-07, 5.45559032616e-07, 6.82117388351e-07, 5.96362156102e-07, 1.66218043773e-07, 2.33194032973e-08, 3.36114780453e-08, 1.34984489364e-07, 1.78908678095e-07, 1.14843473398e-07, 7.00362718931e-08, 4.36577920482e-07, 2.20856634314e-07, 1.09088347244e-07, 1.6530918856e-07, 1.98282194219e-07, 6.53294378594e-08, 1.7446801337e-08, 5.59333983574e-08, 7.92799639271e-08, 4.51754580411e-08, 1.24584417449e-07, 1.63822534205e-07, 7.27495148567e-08, 1.51118058511e-07, 6.38697628119e-08, 5.06132877831e-08, 3.16928634447e-08, 2.14417852362e-08, 7.2497483572e-09, 8.28823321086e-09, 4.26285318156e-09, 4.94152407882e-09, 6.34133323629e-09, 1.93273130833e-09, 3.16426684854e-09, 2.67386446318e-09, 3.39228534152e-09],
        "var": [2.20901096894e-12, 7.12346670539e-09, 2.2010205214e-07, 1.25926490568e-07, 7.58958478286e-08, 2.95893780589e-08, 8.69237837264e-09, 4.88888884931e-09, 2.48768516897e-09, 2.1164353825e-08, 3.43491235455e-09, 6.38420538657e-10, 1.61755508987e-09, 2.86231949254e-09, 3.48086892643e-09, 2.04295425021e-09, 2.35990804676e-09, 1.00269614833e-09, 1.68629421538e-09, 2.1576942455e-09, 2.77580158858e-09, 2.73413403029e-09, 8.88969176049e-10, 9.69156865871e-10, 2.19650742039e-09, 1.79359149755e-09, 9.38170652276e-10, 5.55953616477e-10, 3.54062307251e-10, 1.72333217141e-10, 6.60926591234e-11, 2.35521203235e-11, 1.05111769982e-11, 8.97683490042e-12, 6.32372713222e-12, 6.65840169459e-12, 7.20676946939e-12, 8.38904033046e-12, 7.87217686871e-12, 4.77182052552e-12]
    },
    "mfcc": {
        "mean": [-654.914489746, 63.112449646, -32.0429954529, 11.6491308212, -10.4909219742, -17.1956615448, -9.34593677521, -16.6762046814, -12.3689517975, -8.23817443848, -10.2586717606, -6.6601524353, -10.198802948],
        "cov": [[6508.51269531, -979.620056152, 92.5798797607, -111.139518738, 41.9117927551, -130.662628174, -113.987594604, -221.908477783, -193.656448364, -255.684143066, -229.255767822, -221.560684204, -213.655883789], [-979.620056152, 341.735168457, 53.0165977478, 27.4277172089, -3.05875515938, 3.14877462387, 19.0487556458, 34.271232605, 55.0169143677, 53.9409980774, 42.0826644897, 41.4859275818, 32.8540763855], [92.5798797607, 53.0165977478, 65.4410705566, 27.7049808502, 17.4289722443, 9.38072109222, 8.87169265747, -5.51162958145, -0.187080577016, -1.06744170189, -3.01781725883, -6.79484462738, -10.5091609955], [-111.139518738, 27.4277172089, 27.7049808502, 60.8991279602, 39.0416030884, 29.881187439, 4.75319766998, -13.9717960358, -20.9685497284, -16.112487793, -7.09644699097, -5.66198444366, -6.82256412506], [41.9117927551, -3.05875515938, 17.4289722443, 39.0416030884, 51.7075042725, 33.9991416931, 11.4786500931, -12.5559864044, -20.7630615234, -17.9243431091, -10.4338560104, -9.05065345764, -13.5426092148], [-130.662628174, 3.14877462387, 9.38072109222, 29.881187439, 33.9991416931, 47.7938194275, 25.2717933655, -3.64824295044, -16.0737228394, -11.4674520493, -4.59817266464, -7.18323898315, -8.04200744629], [-113.987594604, 19.0487556458, 8.87169265747, 4.75319766998, 11.4786500931, 25.2717933655, 37.5178909302, 14.5803318024, 4.35348796844, 6.59670829773, 3.73827552795, -1.68224990368, -4.85163259506], [-221.908477783, 34.271232605, -5.51162958145, -13.9717960358, -12.5559864044, -3.64824295044, 14.5803318024, 48.4214096069, 41.5627593994, 34.8830337524, 19.6018180847, 11.7697143555, 9.86593151093], [-193.656448364, 55.0169143677, -0.187080577016, -20.9685497284, -20.7630615234, -16.0737228394, 4.35348796844, 41.5627593994, 59.8957481384, 46.3369827271, 21.715877533, 16.9727706909, 11.6118364334], [-255.684143066, 53.9409980774, -1.06744170189, -16.112487793, -17.9243431091, -11.4674520493, 6.59670829773, 34.8830337524, 46.3369827271, 55.9546432495, 27.3601970673, 19.3606395721, 15.2528247833], [-229.255767822, 42.0826644897, -3.01781725883, -7.09644699097, -10.4338560104, -4.59817266464, 3.73827552795, 19.6018180847, 21.715877533, 27.3601970673, 29.9619789124, 18.8926486969, 12.0797185898], [-221.560684204, 41.4859275818, -6.79484462738, -5.66198444366, -9.05065345764, -7.18323898315, -1.68224990368, 11.7697143555, 16.9727706909, 19.3606395721, 18.8926486969, 32.2523384094, 18.0053882599], [-213.655883789, 32.8540763855, -10.5091609955, -6.82256412506, -13.5426092148, -8.04200744629, -4.85163259506, 9.86593151093, 11.6118364334, 15.2528247833, 12.0797185898, 18.0053882599, 29.5660934448]],
