{
"lowlevel": {
    "average_loudness": 0.99068403244,
    "barkbands_crest": {
        "dmean": 3.78795719147,
        "dmean2": 6.37409877777,
        "dvar": 6.75135135651,
        "dvar2": 22.2613945007,
        "max": 20.4131565094,
        "mean": 13.7500019073,
        "median": 13.8434562683,
        "min": 4.59136772156,
        "var": 14.2360706329
    },
    "barkbands_flatness_db": {
        "dmean": 0.0234297644347,
        "dmean2": 0.0393185988069,
        "dvar": 0.000344109372236,
        "dvar2": 0.000912680930924,
        "max": 0.215857967734,
        "mean": 0.162389397621,
        "median": 0.165493428707,
        "min": 0.0841019228101,
        "var": 0.000655369949527
    },
    "barkbands_kurtosis": {
        "dmean": 5.99634361267,
        "dmean2": 9.95086669922,
        "dvar": 21.98670578,
        "dvar2": 55.8643379211,
        "max": 38.2041015625,
        "mean": 15.5000896454,
        "median": 14.9213218689,
        "min": 1.23245763779,
        "var": 47.7513771057
    },
    "barkbands_skewness": {
        "dmean": 0.712132811546,
        "dmean2": 1.15289735794,
        "dvar": 0.255660295486,
        "dvar2": 0.694612681866,
        "max": 5.86589384079,
        "mean": 3.56416201591,
        "median": 3.53612303734,
        "min": 1.00448608398,
        "var": 0.668092489243
    },
    "barkbands_spread": {
        "dmean": 5.262819767,
        "dmean2": 8.50167369843,
        "dvar": 16.8496589661,
        "dvar2": 53.0038604736,
        "max": 34.8787956238,
        "mean": 16.3595542908,
        "median": 15.2103939056,
        "min": 6.95359611511,
        "var": 32.3437690735
    },
    "dissonance": {
        "dmean": 0.0261515025049,
        "dmean2": 0.041490778327,
        "dvar": 0.000897912308574,
        "dvar2": 0.00111223431304,
        "max": 0.496682286263,
        "mean": 0.455831080675,
        "median": 0.461659163237,
        "min": 0.26176160574,
        "var": 0.00141113775317
    },
    "dynamic_complexity": 0.836950600147,
    "erbbands_crest": {
        "dmean": 2.9960873127,
        "dmean2": 5.29755163193,
        "dvar": 3.94516968727,
        "dvar2": 10.1862955093,
        "max": 14.880109787,
        "mean": 8.76643276215,
        "median": 8.35196781158,
        "min": 4.68850421906,
        "var": 6.79469823837
    },
    "erbbands_flatness_db": {
        "dmean": 0.0164111424237,
        "dmean2": 0.0251263063401,
        "dvar": 0.000184590477147,
        "dvar2": 0.000448314531241,
        "max": 0.221311181784,
        "mean": 0.168125346303,
        "median": 0.170449882746,
        "min": 0.103227823973,
        "var": 0.000372522743419
    },
    "erbbands_kurtosis": {
        "dmean": 0.927204787731,
        "dmean2": 1.52973723412,
        "dvar": 0.85813999176,
        "dvar2": 2.52559614182,
        "max": 6.10938453674,
        "mean": 1.00846278667,
        "median": 0.840542554855,
        "min": -0.987418651581,
        "var": 1.00196814537
    },
    "erbbands_skewness": {
        "dmean": 0.300591737032,
        "dmean2": 0.493406146765,
        "dvar": 0.0602012425661,
        "dvar2": 0.15081499517,
        "max": 2.35050749779,
        "mean": 1.00613677502,
        "median": 0.966853260994,
        "min": 0.419791460037,
        "var": 0.121102064848
    },
    "erbbands_spread": {
        "dmean": 4.34012794495,
        "dmean2": 6.96359634399,
        "dvar": 34.3594512939,
        "dvar2": 78.4157409668,
        "max": 62.82629776,
        "mean": 23.2183036804,
        "median": 22.3248348236,
        "min": 11.9121437073,
        "var": 47.1425743103
    },
    "hfc": {
        "dmean": 8.64697647095,
        "dmean2": 14.2619915009,
        "dvar": 335.406890869,
        "dvar2": 849.670349121,
        "max": 145.761047363,
        "mean": 33.3715858459,
        "median": 31.6921024323,
        "min": 0.690044224262,
        "var": 271.701171875
    },
    "melbands_crest": {
        "dmean": 3.3890402317,
        "dmean2": 6.12933778763,
        "dvar": 7.59260034561,
        "dvar2": 22.0781288147,
        "max": 22.1810913086,
        "mean": 14.3269529343,
        "median": 14.5907649994,
        "min": 5.52133226395,
        "var": 10.5730209351
    },
    "melbands_flatness_db": {
        "dmean": 0.0281631946564,
        "dmean2": 0.0479864515364,
        "dvar": 0.000612857751548,
        "dvar2": 0.001722394838,
        "max": 0.335097491741,
        "mean": 0.274125933647,
        "median": 0.278865993023,
        "min": 0.14904782176,
        "var": 0.00108457030728
    },
    "melbands_kurtosis": {
        "dmean": 6.46330451965,
        "dmean2": 10.5890550613,
        "dvar": 31.5463008881,
        "dvar2": 83.3649368286,
        "max": 39.8174209595,
        "mean": 12.8535718918,
        "median": 11.8568315506,
        "min": 1.98730278015,
        "var": 57.0020866394
    },
    "melbands_skewness": {
        "dmean": 0.715288043022,
        "dmean2": 1.15260803699,
        "dvar": 0.250770419836,
        "dvar2": 0.676524996758,
        "max": 4.62296056747,
        "mean": 2.77136421204,
        "median": 2.77803730965,
        "min": 0.868979692459,
        "var": 0.654766142368
    },
    "melbands_spread": {
        "dmean": 2.75148153305,
        "dmean2": 4.74158906937,
        "dvar": 9.81148815155,
        "dvar2": 28.9117717743,
        "max": 25.3652458191,
        "mean": 7.45725917816,
        "median": 6.81783676147,
        "min": 2.5087223053,
        "var": 12.3649559021
    },
    "pitch_salience": {
        "dmean": 0.0896468088031,
        "dmean2": 0.160257652402,
        "dvar": 0.00535071920604,
        "dvar2": 0.0161127857864,
        "max": 0.807394742966,
        "mean": 0.65611499548,
        "median": 0.654215812683,
        "min": 0.430267423391,
        "var": 0.00759862549603
    },
    "silence_rate_20dB": {
        "dmean": 0,
        "dmean2": 0,
        "dvar": 0,
        "dvar2": 0,
        "max": 1,
        "mean": 1,
        "median": 1,
        "min": 1,
        "var": 0
    },
    "silence_rate_30dB": {
        "dmean": 0.0333333350718,
        "dmean2": 0.0677966102958,
        "dvar": 0.0322222225368,
        "dvar2": 0.0970985367894,
        "max": 1,
        "mean": 0.98360657692,
        "median": 1,
        "min": 0,
        "var": 0.0161246992648
    },
    "silence_rate_60dB": {
        "dmean": 0,
        "dmean2": 0,
        "dvar": 0,
        "dvar2": 0,
        "max": 0,
        "mean": 0,
        "median": 0,
        "min": 0,
        "var": 0
    },
    "spectral_centroid": {
        "dmean": 117.131942749,
        "dmean2": 207.173492432,
        "dvar": 36806.2304688,
        "dvar2": 111898.125,
        "max": 1544.18408203,
        "mean": 489.906951904,
        "median": 438.36730957,
        "min": 333.432739258,
        "var": 34859.0195312
    },
    "spectral_complexity": {
        "dmean": 2.91666674614,
        "dmean2": 4.83050870895,
        "dvar": 10.1430549622,
        "dvar2": 17.9712715149,
        "max": 35,
        "mean": 16.934425354,
        "median": 17,
        "min": 1,
        "var": 16.5202941895
    },
    "spectral_decrease": {
        "dmean": 3.89651599875e-09,
        "dmean2": 6.45263442678e-09,
        "dvar": 1.85169227398e-17,
        "dvar2": 3.74528554733e-17,
        "max": -1.56374080351e-10,
        "mean": -9.44488576238e-09,
        "median": -8.62023696868e-09,
        "min": -2.97973414831e-08,
        "var": 2.39883684586e-17
    },
    "spectral_energy": {
        "dmean": 0.0153871625662,
        "dmean2": 0.0253662243485,
        "dvar": 0.000309255818138,
        "dvar2": 0.000635772652458,
        "max": 0.125683009624,
        "mean": 0.0386740937829,
        "median": 0.0354047566652,
        "min": 0.000652782735415,
        "var": 0.000387738487916
    },
    "spectral_energyband_high": {
        "dmean": 0.000247498392127,
        "dmean2": 0.000449997547548,
        "dvar": 2.34840229041e-07,
        "dvar2": 6.94072582519e-07,
        "max": 0.00332254869863,
        "mean": 0.00073649751721,
        "median": 0.000693441950716,
        "min": 1.88647863979e-05,
        "var": 1.50201472593e-07
    },
    "spectral_energyband_low": {
        "dmean": 0.00152567855548,
        "dmean2": 0.00252972217277,
        "dvar": 1.90121011201e-06,
        "dvar2": 5.04078934682e-06,
        "max": 0.00748681556433,
        "mean": 0.00241473643109,
        "median": 0.00198071892373,
        "min": 6.79643271724e-05,
        "var": 2.61446484728e-06
    },
    "spectral_energyband_middle_high": {
        "dmean": 0.00294909789227,
        "dmean2": 0.00492174411193,
        "dvar": 7.91269558249e-05,
        "dvar2": 0.000218156696064,
        "max": 0.0591853037477,
        "mean": 0.00436367327347,
        "median": 0.00306968251243,
        "min": 8.70199073688e-05,
        "var": 5.59988839086e-05
    },
    "spectral_energyband_middle_low": {
        "dmean": 0.0136575419456,
        "dmean2": 0.0224450882524,
        "dvar": 0.000167970458278,
        "dvar2": 0.000357818993507,
        "max": 0.0891732573509,
        "mean": 0.0319754555821,
        "median": 0.0288964062929,
        "min": 0.000500467547681,
        "var": 0.000237458050833
    },
    "spectral_entropy": {
        "dmean": 0.193054616451,
        "dmean2": 0.309649437666,
        "dvar": 0.0397239439189,
        "dvar2": 0.0820807442069,
        "max": 8.1922416687,
        "mean": 7.01328802109,
        "median": 6.96978759766,
        "min": 6.55752420425,
        "var": 0.0658904835582
    },
    "spectral_flux": {
        "dmean": 0.028981288895,
        "dmean2": 0.0470755919814,
        "dvar": 0.00112273928244,
        "dvar2": 0.00264497497119,
        "max": 0.285739839077,
        "mean": 0.111057072878,
        "median": 0.103848971426,
        "min": 0.0584704130888,
        "var": 0.00156041933224
    },
    "spectral_kurtosis": {
        "dmean": 3.18894910812,
        "dmean2": 5.37033414841,
        "dvar": 16.2829055786,
        "dvar2": 39.4860458374,
        "max": 30.6688270569,
        "mean": 22.0356044769,
        "median": 22.4343338013,
        "min": 3.43243980408,
        "var": 23.4101314545
    },
    "spectral_rms": {
        "dmean": 0.00121543451678,
        "dmean2": 0.00198101485148,
        "dvar": 1.64811376635e-06,
        "dvar2": 3.09802476295e-06,
        "max": 0.0110732819885,
        "mean": 0.00596355833113,
        "median": 0.005877178628,
        "min": 0.00079803582048,
        "var": 2.1667897272e-06
    },
    "spectral_rolloff": {
        "dmean": 202.053222656,
        "dmean2": 349.640838623,
        "dvar": 35503.7539062,
        "dvar2": 100977.296875,
        "max": 1485.79101562,
        "mean": 655.880249023,
        "median": 645.99609375,
        "min": 301.46484375,
        "var": 49645.1640625
    },
    "spectral_skewness": {
        "dmean": 0.335706710815,
        "dmean2": 0.559453368187,
        "dvar": 0.229649871588,
        "dvar2": 0.622816324234,
        "max": 4.35761070251,
        "mean": 3.59056925774,
        "median": 3.66206240654,
        "min": 1.54953753948,
        "var": 0.2652772367
    },
    "spectral_spread": {
        "dmean": 632927.125,
        "dmean2": 769318.75,
        "dvar": 5.12880331981e+12,
        "dvar2": 3.44007376896e+12,
        "max": 24671738,
        "mean": 3944964.75,
        "median": 3545554.5,
        "min": 2360742.25,
        "var": 7.52080073523e+12
    },
    "spectral_strongpeak": {
        "dmean": 0.478008210659,
        "dmean2": 0.79379093647,
        "dvar": 0.126292601228,
        "dvar2": 0.324740111828,
        "max": 1.84295344353,
        "mean": 0.921586036682,
        "median": 0.968473494053,
        "min": 0.0292487293482,
        "var": 0.198558032513
    },
    "zerocrossingrate": {
        "dmean": 0.0159423835576,
        "dmean2": 0.022858183831,
        "dvar": 0.000178955582669,
        "dvar2": 0.000217013206566,
        "max": 0.15869140625,
        "mean": 0.0942622944713,
        "median": 0.0908203125,
        "min": 0.013671875,
        "var": 0.000735653506126
    },
    "barkbands": {
        "dmean": [3.74884643861e-06, 0.000207713819691, 0.00108417752199, 0.00155293941498, 0.0113407382742, 0.00304978340864, 0.00111522327643, 0.00132265756838, 0.00108970492147, 0.00165295461193, 0.00043740432011, 0.000412095221691, 0.000438639166532, 9.30797905312e-05, 8.24553353596e-05, 0.000134455258376, 0.000206957949558, 0.000144172445289, 4.36019545305e-05, 7.09240703145e-05, 6.93317124387e-05, 2.39598903136e-05, 7.27998667571e-06, 1.08284830276e-05, 3.21580841955e-06, 1.41688167332e-06, 0.000165793535416],
        "dmean2": [5.48584466742e-06, 0.000355243100785, 0.00183989363723, 0.00255180941895, 0.019102210179, 0.00503237172961, 0.00198178016581, 0.00226271618158, 0.00187828356866, 0.00253193103708, 0.000727478298359, 0.000707417493686, 0.000811409030575, 0.00016334814427, 0.000147462516907, 0.000251391378697, 0.000390691595385, 0.000280567270238, 8.14152299426e-05, 0.000133557608933, 0.000139586685691, 4.69605547551e-05, 1.39277472044e-05, 2.0636824047e-05, 6.02579711995e-06, 2.20847073251e-06, 0.000269209296675],
        "dvar": [2.72160523285e-11, 3.78726880967e-08, 9.98830273602e-07, 1.77791775968e-06, 8.60122527229e-05, 1.13944515761e-05, 9.68019435277e-07, 7.65608456277e-06, 5.78050003242e-06, 9.37889308261e-06, 6.33387344351e-07, 1.21137725273e-06, 2.82700807475e-06, 1.48326781968e-08, 1.75294303517e-08, 1.24246454902e-07, 7.32891010102e-07, 4.57761700545e-07, 2.89502306572e-08, 4.47665904346e-08, 1.15884098761e-07, 7.00219882077e-09, 5.41521882891e-10, 2.2252242271e-09, 1.12472559044e-10, 1.87908803101e-12, 2.19293028181e-08],
        "dvar2": [2.7362957386e-11, 9.17214393326e-08, 3.09952838506e-06, 5.13896975463e-06, 0.000227215525229, 2.68903659162e-05, 2.45988280767e-06, 1.37133620228e-05, 1.10289547592e-05, 2.19011981244e-05, 1.75513400791e-06, 3.1182114526e-06, 8.23363188829e-06, 4.68398333453e-08, 5.64316415819e-08, 3.59721241239e-07, 2.17843921746e-06, 1.35671723456e-06, 8.24980546099e-08, 1.39136417943e-07, 3.49011997969e-07, 2.06781578527e-08, 1.82582116093e-09, 6.45138786837e-09, 3.28952365347e-10, 3.50374438664e-12, 4.24069099836e-08],
        "max": [5.81046915613e-05, 0.00120756740216, 0.00495625380427, 0.0085955010727, 0.0556147098541, 0.0249060560018, 0.00512612145394, 0.0198095627129, 0.016984462738, 0.0213485416025, 0.00569447735325, 0.00764350220561, 0.010209496133, 0.00079546746565, 0.000869714422151, 0.00219393381849, 0.0051488224417, 0.00392651977018, 0.00105355016422, 0.00112845306285, 0.0019156888593, 0.000423331512138, 0.00011415341578, 0.000281893706415, 6.4811851189e-05, 1.39786543514e-05, 0.00117890816182],
        "mean": [1.45064586832e-05, 0.000302446162095, 0.00125149835367, 0.00201238086447, 0.0193590018898, 0.00523322960362, 0.00173743558116, 0.00169532629661, 0.00150823011063, 0.00219648494385, 0.000559373234864, 0.000572447432205, 0.000393033929868, 0.000126583036035, 0.000146962251165, 0.000178782021976, 0.000198261695914, 0.000108177497168, 4.29651518061e-05, 6.27257541055e-05, 4.47619058832e-05, 1.83854044735e-05, 8.02806061984e-06, 8.92422849574e-06, 5.51961284145e-06, 9.39995970839e-06, 0.000772851984948],
        "median": [1.38692221299e-05, 0.000282233231701, 0.000942224345636, 0.00179048953578, 0.0172990486026, 0.00432590534911, 0.00156947865617, 0.00106548739132, 0.00104965490755, 0.00138361321297, 0.000384477141779, 0.000400778837502, 0.000187487399671, 0.000103277117887, 0.000120796059491, 0.000123609162983, 9.40405661822e-05, 3.71970199922e-05, 2.33286627918e-05, 1.99106434593e-05, 1.21288521768e-05, 6.80219500282e-06, 3.93065602111e-06, 3.3659869132e-06, 4.35366791862e-06, 9.39798155741e-06, 0.000777915469371],
        "min": [3.96668247049e-06, 1.2097236322e-05, 2.61784734903e-05, 7.29699095245e-05, 0.000310436123982, 2.7541342206e-05, 2.157338713e-05, 2.31205194723e-05, 4.27716404374e-05, 2.5650155294e-05, 3.23566491716e-05, 4.54967039332e-06, 2.49882987191e-06, 8.31731904327e-06, 5.48314756088e-06, 2.43691965807e-06, 2.42138412432e-06, 7.94617108113e-07, 2.08753590414e-06, 1.66829090631e-06, 8.3311471144e-07, 3.9838300836e-07, 5.19990805969e-07, 6.12442249803e-07, 5.39105599273e-07, 7.29009286715e-07, 1.7558428226e-05],
        "var": [4.12055840837e-11, 4.74312606968e-08, 1.15071509299e-06, 2.30637988352e-06, 0.000138002564199, 1.4544678379e-05, 1.1817541008e-06, 9.31500471779e-06, 6.6009188231e-06, 1.03757356555e-05, 5.64431843486e-07, 9.45278600284e-07, 1.63971390066e-06, 1.19936585108e-08, 1.63337894321e-08, 7.32805744974e-08, 4.15886887595e-07, 2.44043860675e-07, 1.74486878279e-08, 2.80991745427e-08, 5.84352122246e-08, 3.84968901201e-09, 3.73337250004e-10, 1.27129939909e-09, 6.3243188464e-11, 2.79448057576e-12, 3.65863321861e-08]
    },
    "erbbands": {
        "dmean": [0.00190142390784, 0.0755153894424, 0.920153856277, 3.09734511375, 8.16090202332, 61.9876670837, 34.4863624573, 20.394449234, 17.8619270325, 22.312707901, 22.5447597504, 26.6188468933, 41.6596450806, 33.3200531006, 15.0590629578, 18.8399944305, 22.0084629059, 6.27757883072, 3.37942028046, 6.22271490097, 6.44077444077, 11.9062252045, 8.22544956207, 4.55601549149, 2.46293854713, 3.72305512428, 3.24852442741, 1.73150861263, 1.02341425419, 0.493748366833, 0.27218580246, 0.346061825752, 0.0423551090062, 0.0522133670747, 0.0116898538545, 0.00571969570592, 0.00263324799016, 0.00219516456127, 0.00296329241246, 0.00440635718405],
        "dmean2": [0.00300054415129, 0.131063684821, 1.57276368141, 5.25358009338, 14.5614871979, 105.934204102, 58.7135314941, 32.8397827148, 30.069524765, 39.0955543518, 39.6245231628, 46.4647941589, 70.6656265259, 53.5801086426, 24.8536224365, 33.9925079346, 41.00365448, 10.9445772171, 6.10370111465, 11.3076019287, 11.8972215652, 22.6644630432, 15.9066581726, 8.91395568848, 4.47611904144, 7.09311246872, 6.48943138123, 3.49179244041, 2.00099182129, 0.967656910419, 0.461239844561, 0.652182757854, 0.0760937929153, 0.101135022938, 0.0196484476328, 0.00935164932162, 0.00418293336406, 0.00341486278921, 0.00488922232762, 0.00723891705275],
        "dvar": [2.13679027183e-06, 0.00498476577923, 0.762190759182, 5.29424476624, 62.997718811, 2579.0559082, 924.203308105, 521.690307617, 258.797698975, 1203.53320312, 2681.86694336, 4395.76220703, 6103.77148438, 5650.91259766, 425.503326416, 3399.35083008, 7819.69970703, 207.312255859, 29.3595867157, 232.714538574, 230.20199585, 2577.7199707, 1468.67626953, 443.691619873, 69.2339248657, 144.717575073, 231.906051636, 68.5820846558, 14.0977058411, 3.33930253983, 0.696594297886, 2.25616550446, 0.0135483285412, 0.0408923961222, 0.0003791678173, 2.31270787481e-05, 1.08787216959e-05, 2.69697579824e-06, 8.12509551906e-06, 1.57038284669e-05],
        "dvar2": [7.17227794667e-06, 0.012165568769, 2.22308731079, 13.2427654266, 147.499771118, 6711.90087891, 1639.67956543, 1338.72045898, 753.38885498, 2277.96801758, 4822.66113281, 8299.703125, 10740.8916016, 14936.9238281, 920.044311523, 9572.96777344, 22984.9570312, 603.322998047, 88.1715011597, 722.081848145, 662.431518555, 7645.51025391, 4355.18798828, 1319.92224121, 197.522705078, 455.061889648, 701.364868164, 206.16633606, 41.4144134521, 10.0555610657, 2.16276574135, 6.47529125214, 0.0391414240003, 0.120674833655, 0.00113496533595, 4.60724295408e-05, 1.93925898202e-05, 4.93132347401e-06, 1.77583951881e-05, 3.33011485054e-05],
        "max": [0.00886339973658, 0.419461071491, 3.97890639305, 15.0711431503, 44.932258606, 294.534820557, 176.312805176, 180.985305786, 96.3788528442, 245.60798645, 354.352539062, 446.137145996, 523.348388672, 513.7421875, 158.824569702, 375.22354126, 530.454833984, 94.8624343872, 34.881362915, 97.5373535156, 98.5021209717, 305.281188965, 223.833358765, 121.745750427, 53.4794578552, 65.9461898804, 85.932723999, 46.745174408, 20.7613105774, 9.92157649994, 4.91822338104, 9.08417129517, 0.691676914692, 1.19945061207, 0.134553074837, 0.040616877377, 0.0265382789075, 0.0186976827681, 0.0259189661592, 0.0314359217882],
        "mean": [0.00306670553982, 0.104324832559, 1.11235535145, 4.4911608696, 15.6474275589, 99.2973098755, 70.3478927612, 35.4759140015, 26.7508678436, 32.1131324768, 31.6648578644, 37.2325325012, 59.0329437256, 44.198841095, 24.1645774841, 22.804599762, 19.413356781, 7.97841930389, 6.4719619751, 9.626039505, 9.2522726059, 11.4440860748, 6.624979496, 3.40028953552, 2.54118132591, 3.025785923, 2.25347113609, 1.18578386307, 0.753673136234, 0.40208953619, 0.295703202486, 0.264479190111, 0.0733452141285, 0.0625467449427, 0.0374645553529, 0.0276979859918, 0.0189880188555, 0.0132717117667, 0.0181639622897, 0.0200718231499],
        "median": [0.00278054899536, 0.0953092798591, 0.87195032835, 3.86766958237, 15.0232753754, 87.4368972778, 61.0039482117, 30.504152298, 24.7820491791, 22.4987506866, 20.4560375214, 23.9899864197, 36.7889862061, 29.9618263245, 21.282749176, 15.7833852768, 9.2006072998, 5.52528715134, 5.90072965622, 7.1574511528, 7.12830066681, 5.44148445129, 2.48418807983, 1.18551325798, 1.07421350479, 0.980738937855, 0.610265493393, 0.374828368425, 0.262801826, 0.166762262583, 0.108360797167, 0.0726206675172, 0.0545734986663, 0.0379178598523, 0.0348902456462, 0.0276448763907, 0.0190458633006, 0.0135266548023, 0.0181409716606, 0.0200491026044],
        "min": [0.000297228893032, 0.00323182041757, 0.0241104215384, 0.14582593739, 0.619861423969, 1.18289732933, 0.638907134533, 0.188200980425, 0.381486475468, 0.156545013189, 0.858901202679, 1.05847620964, 0.441103696823, 1.340670228, 0.93879532814, 0.148397564888, 0.0925738662481, 0.324233055115, 0.498358815908, 0.0954210832715, 0.185776591301, 0.132676526904, 0.0452403090894, 0.109713681042, 0.0691764652729, 0.0854367315769, 0.0407325141132, 0.0284441895783, 0.0135833425447, 0.0186222251505, 0.0129725178704, 0.0146942818537, 0.00957725476474, 0.00589308515191, 0.00357581442222, 0.00218639709055, 0.00134081218857, 0.000981296878308, 0.000517279433552, 0.000455121829873],
        "var": [2.98453301184e-06, 0.00599925918505, 0.813977599144, 9.09209823608, 73.9971466064, 4302.77685547, 1471.22314453, 659.025756836, 291.262756348, 1431.3560791, 3263.33862305, 4889.71826172, 7897.54980469, 4757.3203125, 525.176025391, 2169.72485352, 4411.34716797, 143.109603882, 21.6700134277, 150.183258057, 146.410827637, 1464.52636719, 791.017272949, 234.302627563, 48.4789581299, 83.1860198975, 117.203598022, 34.7264518738, 7.80861568451, 1.78587591648, 0.637628078461, 1.34257531166, 0.00900794193149, 0.0222125723958, 0.000266472110525, 3.56496020686e-05, 1.22545525301e-05, 6.1772693698e-06, 1.25137066789e-05, 2.53774160228e-05]
    },
    "gfcc": {
        "mean": [8.7352437973, 104.438331604, -80.637260437, -33.5248336792, -36.7449798584, -34.4866104126, -28.6226139069, -24.8728485107, -22.6267719269, -23.1989650726, -16.5730476379, -7.18900299072, 0.413633584976],
        "cov": [[902.291381836, 37.9380264282, -211.019073486, 39.8623542786, -70.3431625366, -52.6323699951, 33.9716644287, -8.34375572205, 8.83856678009, -16.1925125122, 28.0153636932, 0.713842749596, -23.8801879883], [37.9380264282, 131.997451782, 46.124130249, -64.9451446533, 33.0394859314, -30.0957393646, 3.57537293434, 22.3510341644, -9.15090084076, -6.4233789444, -11.4629878998, 18.7998409271, -2.76965928078], [-211.019073486, 46.124130249, 140.311355591, -19.8398609161, 50.8583183289, 9.6397485733, -27.5669956207, -14.9125413895, -2.4514234066, 8.55717945099, -4.38437986374, 8.37944507599, 10.2314863205], [39.8623542786, -64.9451446533, -19.8398609161, 99.8524093628, -13.6926212311, 20.3955574036, 2.85699915886, -7.25153398514, 6.14371442795, 8.04571247101, 17.0431900024, -20.1488056183, -4.06860160828], [-70.3431625366, 33.0394859314, 50.8583183289, -13.6926212311, 51.6655540466, -2.54367041588, -11.1726322174, -3.20597362518, -1.23015904427, 2.65713882446, -5.08905124664, 12.5581140518, 8.13105297089], [-52.6323699951, -30.0957393646, 9.6397485733, 20.3955574036, -2.54367041588, 53.0460662842, 5.43194770813, 0.663008868694, 10.9730844498, -7.09735536575, -0.97312027216, -4.46941804886, -5.34459114075], [33.9716644287, 3.57537293434, -27.5669956207, 2.85699915886, -11.1726322174, 5.43194770813, 34.7910957336, 26.4265327454, -0.197612270713, -6.55851650238, -5.37965202332, -3.5336163044, -6.60768604279], [-8.34375572205, 22.3510341644, -14.9125413895, -7.25153398514, -3.20597362518, 0.663008868694, 26.4265327454, 43.3149147034, 7.63183784485, -6.67877388, -6.69330596924, 1.30255842209, -8.35726833344], [8.83856678009, -9.15090084076, -2.4514234066, 6.14371442795, -1.23015904427, 10.9730844498, -0.197612270713, 7.63183784485, 27.0617904663, 10.5822610855, 5.66675662994, 4.58953046799, -1.23516595364], [-16.1925125122, -6.4233789444, 8.55717945099, 8.04571247101, 2.65713882446, -7.09735536575, -6.55851650238, -6.67877388, 10.5822610855, 25.8670024872, 10.2998790741, 3.42159724236, 8.67047309875], [28.0153636932, -11.4629878998, -4.38437986374, 17.0431900024, -5.08905124664, -0.97312027216, -5.37965202332, -6.69330596924, 5.66675662994, 10.2998790741, 21.0170249939, 4.70217895508, -1.87634408474], [0.713842749596, 18.7998409271, 8.37944507599, -20.1488056183, 12.5581140518, -4.46941804886, -3.5336163044, 1.30255842209, 4.58953046799, 3.42159724236, 4.70217895508, 25.3415298462, 11.1571455002], [-23.8801879883, -2.76965928078, 10.2314863205, -4.06860160828, 8.13105297089, -5.34459114075, -6.60768604279, -8.35726833344, -1.23516595364, 8.67047309875, -1.87634408474, 11.1571455002, 27.3794364929]],
        "icov": [[0.00447387015447, -0.00848748534918, 0.00729675637558, -0.00466573936865, 0.00172242871486, 0.00392829580233, -0.0070662680082, 0.0138048464432, -0.0107489991933, 0.00855456013232, -0.00351933040656, 0.000120091062854, -0.00109693291597], [-0.00848748534918, 0.0354099795222, -0.0196447316557, 0.0156096434221, -0.00815089046955, 0.00165842508432, 0.010715380311, -0.0345414988697, 0.0242977719754, -0.0148957911879, 0.00707101821899, -0.00764347380027, 0.0100395660847], [0.00729675637558, -0.0196447316557, 0.0282965824008, -0.00619762577116, -0.00804714299738, -0.0042791152373, 0.000231386511587, 0.020231153816, -0.0114456526935, 0.00519031845033, -0.00661553908139, 0.00702627096325, -0.00480913091451], [-0.00466573936865, 0.0156096434221, -0.00619762577116, 0.0281885191798, -0.00986345112324, -0.0083561046049, 0.00382007984444, -0.0181016139686, 0.0106217544526, -0.00634887674823, -0.0230514276773, 0.0248457808048, -0.00850556045771], [0.00172242871486, -0.00815089046955, -0.00804714299738, -0.00986345112324, 0.0401466861367, 0.00305897323415, 0.00236704060808, 0.00630943011492, -0.0022431819234, -0.00134331756271, 0.018983675167, -0.0234871767461, 0.00458706123754], [0.00392829580233, 0.00165842508432, -0.0042791152373, -0.0083561046049, 0.00305897323415, 0.0407673679292, -0.0231514088809, 0.022121174261, -0.033125538379, 0.0305355228484, 0.000613569049165, -0.00482326652855, 0.00300902943127], [-0.0070662680082, 0.010715380311, 0.000231386511587, 0.00382007984444, 0.00236704060808, -0.0231514088809, 0.088365547359, -0.0683328956366, 0.0437191203237, -0.030703522265, 0.0169941410422, -0.0032679180149, 0.00483958562836], [0.0138048464432, -0.0345414988697, 0.020231153816, -0.0181016139686, 0.00630943011492, 0.022121174261, -0.0683328956366, 0.107910089195, -0.0648111775517, 0.0410251021385, -2.5802764867e-06, -0.00549248280004, 0.00351010402665], [-0.0107489991933, 0.0242977719754, -0.0114456526935, 0.0106217544526, -0.0022431819234, -0.033125538379, 0.0437191203237, -0.0648111775517, 0.105241790414, -0.0686715245247, 0.0173590667546, -0.0230420418084, 0.0209801830351], [0.00855456013232, -0.0148957911879, 0.00519031845033, -0.00634887674823, -0.00134331756271, 0.0305355228484, -0.030703522265, 0.0410251021385, -0.0686715245247, 0.109793305397, -0.0519156642258, 0.0277696605772, -0.0381976030767], [-0.00351933040656, 0.00707101821899, -0.00661553908139, -0.0230514276773, 0.018983675167, 0.000613569049165, 0.0169941410422, -2.5802764867e-06, 0.0173590667546, -0.0519156642258, 0.122913248837, -0.06869328022, 0.0489147156477], [0.000120091062854, -0.00764347380027, 0.00702627096325, 0.0248457808048, -0.0234871767461, -0.00482326652855, -0.0032679180149, -0.00549248280004, -0.0230420418084, 0.0277696605772, -0.06869328022, 0.110895931721, -0.0557649582624], [-0.00109693291597, 0.0100395660847, -0.00480913091451, -0.00850556045771, 0.00458706123754, 0.00300902943127, 0.00483958562836, 0.00351010402665, 0.0209801830351, -0.0381976030767, 0.0489147156477, -0.0557649582624, 0.0776996165514]]
    },
    "melbands": {
        "dmean": [3.48701214534e-05, 0.000353909650585, 0.000576147285756, 0.0022766997572, 0.00164258154109, 0.000474206754006, 0.000251992139965, 0.000266427494353, 0.000171467152541, 0.000174014829099, 0.000223892580834, 0.000162166019436, 5.73861398152e-05, 3.5662746086e-05, 6.62250313326e-05, 3.70860070689e-05, 9.33741284825e-06, 5.37747655471e-06, 7.12649398338e-06, 1.06000215965e-05, 6.50126230539e-06, 1.2084447917e-05, 8.41887685965e-06, 9.1093888841e-06, 3.05259413835e-06, 1.58765453762e-06, 2.80529297925e-06, 2.10165921999e-06, 1.81084976703e-06, 1.85554915788e-06, 6.78085712025e-07, 4.53586011417e-07, 5.6790833014e-07, 1.78172300025e-07, 1.58129111583e-07, 2.51565865028e-07, 1.56219670089e-07, 2.12097202024e-08, 4.67254785974e-08, 3.69109827147e-08],
        "dmean2": [5.72957505938e-05, 0.000609124719631, 0.000969392887782, 0.00394166121259, 0.00268536107615, 0.000759865972213, 0.000427233491791, 0.000451664265711, 0.000302835425828, 0.000296188984066, 0.000371023110347, 0.000262096844381, 9.48552333284e-05, 6.02142863499e-05, 0.000124925063574, 6.85751292622e-05, 1.59502178576e-05, 9.64951505011e-06, 1.25822234622e-05, 1.92876195797e-05, 1.17872423289e-05, 2.29168872465e-05, 1.63608474395e-05, 1.79983908311e-05, 5.94208677285e-06, 2.87362877316e-06, 5.34761284143e-06, 3.96610903408e-06, 3.60206922778e-06, 3.73420311917e-06, 1.35186371608e-06, 8.83125096607e-07, 1.11531835501e-06, 3.4816341099e-07, 3.055573643e-07, 4.41998793121e-07, 2.96983188264e-07, 3.85590723795e-08, 9.09584230158e-08, 7.09287917289e-08],
        "dvar": [8.34936564331e-10, 1.11825471549e-07, 2.61359645037e-07, 3.68501650883e-06, 1.93683808902e-06, 3.10321553343e-07, 4.77102481966e-08, 2.08084685482e-07, 1.44085007037e-07, 1.68303330383e-07, 1.59720997317e-07, 1.20602294373e-07, 7.69596031347e-09, 3.6630551925e-09, 5.80328674005e-08, 2.19962341674e-08, 1.69100192182e-10, 6.41935810064e-11, 1.82446974195e-10, 8.09143640979e-10, 1.47139356255e-10, 2.38626407523e-09, 1.42284073412e-09, 1.96789362583e-09, 1.87717313915e-10, 3.2141438816e-11, 7.93753257566e-11, 4.28998295221e-11, 6.40446654043e-11, 8.34976879305e-11, 1.00262324484e-11, 2.82421763927e-12, 4.06095556488e-12, 5.9018897625e-13, 2.67006306388e-13, 1.00568273327e-12, 4.29935519694e-13, 2.73603394545e-15, 2.90872096645e-14, 1.91009504085e-14],
        "dvar2": [2.28822982784e-09, 3.23082701925e-07, 6.9618482712e-07, 9.81677112577e-06, 4.44498664365e-06, 7.94878474153e-07, 1.45461470424e-07, 3.89168718584e-07, 2.6723779456e-07, 3.19977118579e-07, 2.90109966272e-07, 3.2410730455e-07, 1.95018667881e-08, 7.63627028277e-09, 1.69715931975e-07, 6.42721786903e-08, 5.03491859316e-10, 1.79397996458e-10, 6.1600613499e-10, 2.37033814798e-09, 4.21348844704e-10, 7.03293290272e-09, 4.23357882084e-09, 5.86865978036e-09, 5.58580903753e-10, 8.96383522964e-11, 2.389984044e-10, 1.36413783047e-10, 1.93937810256e-10, 2.51534543194e-10, 3.0072579843e-11, 8.26535714871e-12, 1.20002497522e-11, 1.77494347345e-12, 8.96049348002e-13, 2.72444566907e-12, 1.25019558508e-12, 8.91829385813e-15, 8.59417178807e-14, 5.63818604435e-14],
        "max": [0.000193024927285, 0.00155034428462, 0.00329051516019, 0.0109180985019, 0.00880959071219, 0.00431890785694, 0.00124442414381, 0.00325756845996, 0.00255088065751, 0.00284953974187, 0.00271933479235, 0.00233938382007, 0.00065602484392, 0.000465950783109, 0.00144460855518, 0.000896784884389, 8.7488158897e-05, 4.6715431381e-05, 8.63022432895e-05, 0.000177292429726, 8.16321771708e-05, 0.000298532861052, 0.000221055786824, 0.000254699989455, 7.91798011051e-05, 3.6047775211e-05, 4.80741764477e-05, 3.61405691365e-05, 4.53127249784e-05, 5.13254417456e-05, 1.79856251634e-05, 9.62082776823e-06, 1.02353187685e-05, 4.43510634796e-06, 2.69271890829e-06, 6.44715646558e-06, 3.90802506445e-06, 3.24989230194e-07, 1.00119291346e-06, 8.28064230518e-07],
        "mean": [5.20945650351e-05, 0.000430444750236, 0.000975191418547, 0.00381736387499, 0.00322263571434, 0.000825574854389, 0.000387693406083, 0.000368060806068, 0.000242708920268, 0.000230707431911, 0.000312620424666, 0.000207907491131, 7.99670597189e-05, 6.06596295256e-05, 5.96820209466e-05, 3.22710729961e-05, 1.25964816107e-05, 9.77100717137e-06, 1.18598818517e-05, 1.36530616146e-05, 9.82603978628e-06, 1.22183710118e-05, 7.29354496798e-06, 6.07759830018e-06, 2.31338162848e-06, 1.58580985499e-06, 2.52264294431e-06, 1.73845137397e-06, 1.37165966407e-06, 1.14616534574e-06, 5.0102920568e-07, 3.62816336974e-07, 3.96215995124e-07, 1.59323562343e-07, 1.5145040777e-07, 2.14897909245e-07, 1.22142040482e-07, 4.66412153344e-08, 5.36594946254e-08, 4.82299000737e-08],
        "median": [4.76072455058e-05, 0.000340058002621, 0.000912511139177, 0.00337445246987, 0.00295813870616, 0.000711486791261, 0.000358034565579, 0.000257521722233, 0.000155594141688, 0.000138002462336, 0.000203772797249, 0.000133487046696, 6.31290313322e-05, 5.06240976392e-05, 3.13355485559e-05, 1.43064280564e-05, 9.82514575298e-06, 8.42576992e-06, 8.82890344656e-06, 9.84119651548e-06, 7.48717229726e-06, 6.1729861045e-06, 3.40761630468e-06, 1.62445735441e-06, 8.29136070024e-07, 8.57387590258e-07, 6.5083725076e-07, 6.10732115547e-07, 4.27846515549e-07, 2.71592853096e-07, 2.02844248065e-07, 1.49914853864e-07, 1.16042208731e-07, 8.07652043022e-08, 6.34610444195e-08, 5.13059035256e-08, 4.17397352237e-08, 3.90885368518e-08, 3.3469085281e-08, 3.13676267183e-08],
        "min": [3.16374371323e-06, 9.50538651523e-06, 3.66827007383e-05, 6.93577385391e-05, 2.98660834233e-05, 4.46663716502e-06, 5.43928990737e-06, 1.7851677967e-06, 8.17405089037e-06, 5.95394431002e-06, 2.05848073165e-06, 5.40892870049e-06, 3.97063240598e-06, 8.03214902589e-07, 6.70205793085e-08, 3.37704108233e-07, 6.2501010234e-07, 9.12951804821e-07, 2.84007825258e-07, 5.23210275105e-08, 2.63497810238e-07, 1.54101854832e-07, 5.60347004352e-08, 3.26784892479e-08, 1.00124658786e-07, 6.75107543202e-08, 4.64520439891e-08, 5.82765977697e-08, 2.4465483861e-08, 2.54200784866e-08, 1.20029852724e-08, 7.34151628379e-09, 7.88091725212e-09, 1.08818056788e-08, 5.63775071072e-09, 1.05052953003e-08, 8.84966233627e-09, 6.30620400344e-09, 6.85152734548e-09, 4.29044355599e-09],
        "var": [1.16647924653e-09, 1.21432009337e-07, 3.75285935661e-07, 5.48996467842e-06, 3.19757577927e-06, 3.71684194533e-07, 5.65757289905e-08, 2.52319637184e-07, 1.72460147496e-07, 1.90245415865e-07, 2.09029394682e-07, 1.01703847122e-07, 8.06564237621e-09, 4.37515890184e-09, 3.25235269827e-08, 1.26767067954e-08, 1.52795526231e-10, 4.7623495425e-11, 1.44707676397e-10, 4.78143469262e-10, 1.0430114411e-10, 1.40247924385e-09, 7.67531371793e-10, 1.03294117704e-09, 9.88795989532e-11, 2.06216380777e-11, 5.4725720483e-11, 2.38701870769e-11, 3.2457231347e-11, 4.20356631448e-11, 5.11151017346e-12, 1.57129734571e-12, 2.2343036709e-12, 3.07665188898e-13, 1.78711009207e-13, 7.33242839276e-13, 2.4593700557e-13, 1.76891163155e-15, 1.57025847674e-14, 1.04255152959e-14]
    },
    "mfcc": {
        "mean": [-663.955566406, 181.724243164, -3.75753045082, 8.98535442352, -6.07670974731, -8.83168506622, -10.9135065079, -6.92046785355, -6.48854732513, -15.0097236633, -19.9896469116, -10.1398839951, -6.66051149368],
        "cov": [[1102.48168945, -70.1804428101, -168.613342285, 37.5495758057, -118.955528259, -32.8531303406, -15.5233621597, 24.7456626892, -36.6112251282, -12.3689126968, 7.01238870621, 56.138671875, 15.5525941849], [-70.1804428101, 232.845291138, 5.94200325012, -22.5646038055, 23.1021232605, -33.4513130188, -6.72149944305, 12.5132474899, 16.8798408508, -38.2503585815, 11.5526885986, -11.152056694, -10.3078393936], [-168.613342285, 5.94200325012, 82.5388641357, 0.526535332203, 38.4694900513, 26.0383548737, 4.69628763199, -11.3570289612, -1.00344860554, 6.25910949707, 1.99338459969, -8.33361434937, 5.80085039139], [37.5495758057, -22.5646038055, 0.526535332203, 55.7261428833, 6.95977306366, -3.26941847801, 9.55561637878, -13.8768968582, -3.94074273109, 7.39963293076, -4.62618112564, 6.42038393021, 12.2936849594], [-118.955528259, 23.1021232605, 38.4694900513, 6.95977306366, 60.6377983093, 25.492357254, -6.97056722641, -9.91331005096, -3.06734132767, -5.11746644974, 2.07831811905, -7.33384799957, 4.95396566391], [-32.8531303406, -33.4513130188, 26.0383548737, -3.26941847801, 25.492357254, 42.1826286316, -0.929515779018, -9.66531276703, -3.99910640717, 1.07244038582, -2.49133992195, -1.36736154556, 1.54620552063], [-15.5233621597, -6.72149944305, 4.69628763199, 9.55561637878, -6.97056722641, -0.929515779018, 25.3047103882, 11.2730131149, 3.62353873253, 5.211561203, -0.648665308952, -2.45863318443, -4.58759975433], [24.7456626892, 12.5132474899, -11.3570289612, -13.8768968582, -9.91331005096, -9.66531276703, 11.2730131149, 51.4807777405, 11.6257123947, 1.90955412388, 17.7447738647, -0.771086812019, -8.30017757416], [-36.6112251282, 16.8798408508, -1.00344860554, -3.94074273109, -3.06734132767, -3.99910640717, 3.62353873253, 11.6257123947, 32.0174674988, 1.17952859402, 7.23781013489, -4.93639564514, -6.66071176529], [-12.3689126968, -38.2503585815, 6.25910949707, 7.39963293076, -5.11746644974, 1.07244038582, 5.211561203, 1.90955412388, 1.17952859402, 34.6551780701, 0.221606701612, -0.38406932354, 4.44898366928], [7.01238870621, 11.5526885986, 1.99338459969, -4.62618112564, 2.07831811905, -2.49133992195, -0.648665308952, 17.7447738647, 7.23781013489, 0.221606701612, 37.3416213989, 9.55148696899, -3.52423858643], [56.138671875, -11.152056694, -8.33361434937, 6.42038393021, -7.33384799957, -1.36736154556, -2.45863318443, -0.771086812019, -4.93639564514, -0.38406932354, 9.55148696899, 19.3639431, 8.72383499146], [15.5525941849, -10.3078393936, 5.80085039139, 12.2936849594, 4.95396566391, 1.54620552063, -4.58759975433, -8.30017757416, -6.66071176529, 4.44898366928, -3.52423858643, 8.72383499146, 24.3865661621]],
