{
"lowlevel": {
    "average_loudness": 0.119088217616,
    "barkbands_crest": {
        "dmean": 2.75023078918,
        "dmean2": 4.65068149567,
        "dvar": 8.45383453369,
        "dvar2": 23.5888137817,
        "max": 22.8701705933,
        "mean": 7.08549594879,
        "median": 5.34127616882,
        "min": 2.4299249649,
        "var": 19.6915149689
    },
    "barkbands_flatness_db": {
        "dmean": 0.0193242952228,
        "dmean2": 0.033252786845,
        "dvar": 0.000521054025739,
        "dvar2": 0.00134272931609,
        "max": 0.212644055486,
        "mean": 0.0729436948895,
        "median": 0.0588142797351,
        "min": 0.0313650928438,
        "var": 0.00141009967774
    },
    "barkbands_kurtosis": {
        "dmean": 2.15683960915,
        "dmean2": 3.66376376152,
        "dvar": 16.2407913208,
        "dvar2": 41.2446861267,
        "max": 38.0276298523,
        "mean": 1.71839177608,
        "median": -1.00946712494,
        "min": -1.79243171215,
        "var": 45.5417556763
    },
    "barkbands_skewness": {
        "dmean": 0.597091436386,
        "dmean2": 0.997340261936,
        "dvar": 0.550934672356,
        "dvar2": 1.43321096897,
        "max": 5.83645534515,
        "mean": 0.744447529316,
        "median": 0.308019161224,
        "min": -2.81748747826,
        "var": 1.9149762392
    },
    "barkbands_spread": {
        "dmean": 7.70936441422,
        "dmean2": 13.4059743881,
        "dvar": 80.7016372681,
        "dvar2": 222.599563599,
        "max": 77.3680114746,
        "mean": 36.0568771362,
        "median": 38.2582778931,
        "min": 7.67451047897,
        "var": 118.489776611
    },
    "dissonance": {
        "dmean": 0.00940764136612,
        "dmean2": 0.0163005981594,
        "dvar": 0.00010414240387,
        "dvar2": 0.000303102424368,
        "max": 0.500000119209,
        "mean": 0.488189339638,
        "median": 0.491022288799,
        "min": 0.430804908276,
        "var": 0.000116715636977
    },
    "dynamic_complexity": 16.2704811096,
    "erbbands_crest": {
        "dmean": 1.49380791187,
        "dmean2": 2.64227867126,
        "dvar": 2.95588088036,
        "dvar2": 8.45087528229,
        "max": 14.0632696152,
        "mean": 5.36595344543,
        "median": 4.86317491531,
        "min": 2.91248607635,
        "var": 3.41331791878
    },
    "erbbands_flatness_db": {
        "dmean": 0.0104493312538,
        "dmean2": 0.0175099018961,
        "dvar": 0.000129618987557,
        "dvar2": 0.000338566140272,
        "max": 0.226456165314,
        "mean": 0.123206920922,
        "median": 0.127577006817,
        "min": 0.0548712238669,
        "var": 0.000560981978197
    },
    "erbbands_kurtosis": {
        "dmean": 0.627758204937,
        "dmean2": 1.03477656841,
        "dvar": 0.399211555719,
        "dvar2": 1.03792250156,
        "max": 3.96560525894,
        "mean": 0.0562676973641,
        "median": 0.0240153074265,
        "min": -1.48168087006,
        "var": 0.817059516907
    },
    "erbbands_skewness": {
        "dmean": 0.314603239298,
        "dmean2": 0.532641470432,
        "dvar": 0.168852820992,
        "dvar2": 0.482534646988,
        "max": 1.65971255302,
        "mean": -0.274047255516,
        "median": -0.530798852444,
        "min": -2.02387166023,
        "var": 0.458193778992
    },
    "erbbands_spread": {
        "dmean": 8.11701011658,
        "dmean2": 13.453212738,
        "dvar": 64.3803024292,
        "dvar2": 181.375167847,
        "max": 95.5664367676,
        "mean": 41.4322929382,
        "median": 40.3010482788,
        "min": 13.7979393005,
        "var": 123.386810303
    },
    "hfc": {
        "dmean": 7.03007507324,
        "dmean2": 9.19646072388,
        "dvar": 784.708007812,
        "dvar2": 1698.20715332,
        "max": 385.651000977,
        "mean": 12.9259529114,
        "median": 0.413107991219,
        "min": 0.00172645854764,
        "var": 1991.65686035
    },
    "melbands_crest": {
        "dmean": 3.34330701828,
        "dmean2": 5.65551900864,
        "dvar": 7.11975812912,
        "dvar2": 19.2021541595,
        "max": 27.1965751648,
        "mean": 10.0194568634,
        "median": 8.84873390198,
        "min": 2.85575985909,
        "var": 21.169921875
    },
    "melbands_flatness_db": {
        "dmean": 0.0244642496109,
        "dmean2": 0.0384714864194,
        "dvar": 0.000708640087396,
        "dvar2": 0.00179788807873,
        "max": 0.349299818277,
        "mean": 0.10335303098,
        "median": 0.0805197656155,
        "min": 0.0195127762854,
        "var": 0.00387585512362
    },
    "melbands_kurtosis": {
        "dmean": 4.03640556335,
        "dmean2": 6.54045820236,
        "dvar": 60.6490631104,
        "dvar2": 141.373580933,
        "max": 115.07698822,
        "mean": 5.99681854248,
        "median": 1.38851284981,
        "min": -1.60339033604,
        "var": 205.164215088
    },
    "melbands_skewness": {
        "dmean": 0.605910301208,
        "dmean2": 0.998366594315,
        "dvar": 0.442220300436,
        "dvar2": 1.02422499657,
        "max": 8.3531036377,
        "mean": 1.75447392464,
        "median": 1.46742200851,
        "min": -0.80158919096,
        "var": 1.63650512695
    },
    "melbands_spread": {
        "dmean": 14.3775129318,
        "dmean2": 23.7626457214,
        "dvar": 466.67288208,
        "dvar2": 1252.16088867,
        "max": 196.723953247,
        "mean": 52.6961250305,
        "median": 54.8871688843,
        "min": 2.2020149231,
        "var": 864.397460938
    },
    "pitch_salience": {
        "dmean": 0.0718288421631,
        "dmean2": 0.122609637678,
        "dvar": 0.00681726355106,
        "dvar2": 0.0197930615395,
        "max": 0.86743491888,
        "mean": 0.686210393906,
        "median": 0.725411057472,
        "min": 0.253588497639,
        "var": 0.0138451009989
    },
    "silence_rate_20dB": {
        "dmean": 0,
        "dmean2": 0,
        "dvar": 0,
        "dvar2": 0,
        "max": 1,
        "mean": 1,
        "median": 1,
        "min": 1,
        "var": 0
    },
    "silence_rate_30dB": {
        "dmean": 0.00803212821484,
        "dmean2": 0.0161290317774,
        "dvar": 0.00796759221703,
        "dvar2": 0.0158688593656,
        "max": 1,
        "mean": 0.98400002718,
        "median": 1,
        "min": 0,
        "var": 0.0157440565526
    },
    "silence_rate_60dB": {
        "dmean": 0.0361445769668,
        "dmean2": 0.0725806429982,
        "dvar": 0.0348382294178,
        "dvar2": 0.0673127993941,
        "max": 1,
        "mean": 0.791999995708,
        "median": 1,
        "min": 0,
        "var": 0.164735272527
    },
    "spectral_centroid": {
        "dmean": 361.467651367,
        "dmean2": 598.067199707,
        "dvar": 229582.03125,
        "dvar2": 633933.3125,
        "max": 4316.17089844,
        "mean": 2253.59765625,
        "median": 2533.53930664,
        "min": 355.32208252,
        "var": 655472.625
    },
    "spectral_complexity": {
        "dmean": 2.69076299667,
        "dmean2": 3.19354844093,
        "dvar": 29.0007915497,
        "dvar2": 40.0191688538,
        "max": 66,
        "mean": 8.66800022125,
        "median": 0,
        "min": 0,
        "var": 272.380767822
    },
    "spectral_decrease": {
        "dmean": 8.02543087541e-10,
        "dmean2": 1.21981613699e-09,
        "dvar": 1.20872991237e-17,
        "dvar2": 2.25290134085e-17,
        "max": -1.47472650953e-13,
        "mean": -1.45896783543e-09,
        "median": -4.32252220128e-11,
        "min": -4.9364707877e-08,
        "var": 3.3517772011e-17
    },
    "spectral_energy": {
        "dmean": 0.00355038954876,
        "dmean2": 0.00511412741616,
        "dvar": 0.000204413983738,
        "dvar2": 0.000349209847627,
        "max": 0.218414261937,
        "mean": 0.00667890394107,
        "median": 0.000193835789105,
        "min": 7.49525838728e-07,
        "var": 0.000649069610517
    },
    "spectral_energyband_high": {
        "dmean": 0.000570050440729,
        "dmean2": 0.000854050507769,
        "dvar": 6.97068162481e-06,
        "dvar2": 1.7539041437e-05,
        "max": 0.0293876156211,
        "mean": 0.000967842934188,
        "median": 2.86889007839e-05,
        "min": 5.12208480075e-08,
        "var": 1.17897561722e-05
    },
    "spectral_energyband_low": {
        "dmean": 0.000571955111809,
        "dmean2": 0.00103748566471,
        "dvar": 9.72286034084e-06,
        "dvar2": 2.79411942756e-05,
        "max": 0.0282926503569,
        "mean": 0.000411771150539,
        "median": 5.1277647799e-06,
        "min": 4.56853754827e-08,
        "var": 6.09595826973e-06
    },
    "spectral_energyband_middle_high": {
        "dmean": 0.00115804420784,
        "dmean2": 0.00149100145791,
        "dvar": 1.75365494215e-05,
        "dvar2": 2.98674003716e-05,
        "max": 0.0670436546206,
        "mean": 0.00229218043387,
        "median": 7.780361193e-05,
        "min": 3.26174287579e-08,
        "var": 5.98624974373e-05
    },
    "spectral_energyband_middle_low": {
        "dmean": 0.00228675105609,
        "dmean2": 0.00393406301737,
        "dvar": 0.00012287608115,
        "dvar2": 0.000266373972408,
        "max": 0.13537722826,
        "mean": 0.00322008435614,
        "median": 8.63542081788e-05,
        "min": 1.68305234638e-07,
        "var": 0.00023216145928
    },
    "spectral_entropy": {
        "dmean": 0.103132210672,
        "dmean2": 0.175751462579,
        "dvar": 0.0240943636745,
        "dvar2": 0.067820943892,
        "max": 8.89492797852,
        "mean": 8.07499885559,
        "median": 8.11239337921,
        "min": 7.36073970795,
        "var": 0.0352057740092
    },
    "spectral_flux": {
        "dmean": 0.00996286142617,
        "dmean2": 0.0143975550309,
        "dvar": 0.00084081402747,
        "dvar2": 0.00177996908315,
        "max": 0.355865180492,
        "mean": 0.0313078053296,
        "median": 0.0094007961452,
        "min": 0.000514537619893,
        "var": 0.00285694631748
    },
    "spectral_kurtosis": {
        "dmean": 0.853651404381,
        "dmean2": 1.43240582943,
        "dvar": 1.65346002579,
        "dvar2": 4.77662754059,
        "max": 11.0525741577,
        "mean": 4.0635175705,
        "median": 3.3609058857,
        "min": -1.21393167973,
        "var": 3.93800234795
    },
    "spectral_rms": {
        "dmean": 0.000379275559681,
        "dmean2": 0.000524445727933,
        "dvar": 1.0111514257e-06,
        "dvar2": 2.14277133637e-06,
        "max": 0.0145975025371,
        "mean": 0.00130948785227,
        "median": 0.000434845569544,
        "min": 2.70415366685e-05,
        "var": 4.80124526803e-06
    },
    "spectral_rolloff": {
        "dmean": 789.983215332,
        "dmean2": 1314.56665039,
        "dvar": 1777732.625,
        "dvar2": 4601679.5,
        "max": 11240.3320312,
        "mean": 3259.86889648,
        "median": 3714.47753906,
        "min": 86.1328125,
        "var": 3522911.75
    },
    "spectral_skewness": {
        "dmean": 0.145547628403,
        "dmean2": 0.243426129222,
        "dvar": 0.0586474724114,
        "dvar2": 0.170078858733,
        "max": 2.57719087601,
        "mean": 1.44439399242,
        "median": 1.31774485111,
        "min": 0.15304517746,
        "var": 0.155194669962
    },
    "spectral_spread": {
        "dmean": 544868,
        "dmean2": 894476.3125,
        "dvar": 1.88701854925e+12,
        "dvar2": 3.55413209907e+12,
        "max": 19494626,
        "mean": 5232545,
        "median": 4839630,
        "min": 3696537.5,
        "var": 2.38585669222e+12
    },
    "spectral_strongpeak": {
        "dmean": 0.13345721364,
        "dmean2": 0.237382471561,
        "dvar": 0.175327941775,
        "dvar2": 0.520269989967,
        "max": 4.42594337463,
        "mean": 0.165458038449,
        "median": 0.0392831638455,
        "min": 0,
        "var": 0.175387278199
    },
    "zerocrossingrate": {
        "dmean": 0.0157897211611,
        "dmean2": 0.0195214059204,
        "dvar": 0.000268956879154,
        "dvar2": 0.000385575578548,
        "max": 0.23583984375,
        "mean": 0.12301171571,
        "median": 0.12353515625,
        "min": 0.046875,
        "var": 0.00118129746988
    },
    "barkbands": {
        "dmean": [2.28420321946e-06, 1.43845054481e-05, 0.00032543859561, 0.000462428783067, 0.000581264903303, 0.00152575375978, 0.000257613894064, 9.40102399909e-05, 0.000117025410873, 0.000118884374388, 4.7819208703e-05, 0.000109758941107, 0.000105093553429, 0.000110488377686, 0.000132362401928, 0.00014429379371, 0.000131779612275, 0.000184306627489, 0.000326943671098, 0.000247323390795, 0.000189282029169, 6.21372673777e-05, 5.07229706272e-05, 9.35717907851e-05, 8.68842980708e-05, 1.6146363123e-05, 1.10255462005e-06],
        "dmean2": [4.15345812144e-06, 2.30943333008e-05, 0.000591981050093, 0.000880579929799, 0.00111918966286, 0.00272369640879, 0.000415604445152, 0.000166513185832, 0.00021772312175, 0.000189211496036, 6.82607933413e-05, 0.000185122305993, 0.000166066049132, 0.000148560255184, 0.000192436171346, 0.000210326790693, 0.00018327444559, 0.000280271808151, 0.000499621208292, 0.000398385425797, 0.000311749550747, 8.51393779158e-05, 7.60620168876e-05, 0.000153056680574, 0.000129774198285, 2.23986735364e-05, 1.50300252244e-06],
        "dvar": [1.07603544131e-11, 5.1515609556e-09, 3.36778157362e-06, 5.72623139306e-06, 6.81566098137e-06, 5.76699967496e-05, 1.77504898602e-06, 1.30187970626e-07, 3.92072820432e-07, 3.15871602652e-07, 3.35548513419e-08, 1.59648735121e-07, 2.43351792051e-07, 1.29701604124e-07, 2.63249347654e-07, 1.95446688167e-07, 2.29902397564e-07, 4.50418042419e-07, 1.74190404323e-06, 1.19310561786e-06, 8.01914950443e-07, 7.87292933069e-08, 4.84949147506e-08, 2.09256441508e-07, 1.50060060378e-07, 3.98481025954e-09, 2.06930757252e-11],
        "dvar2": [3.37425400121e-11, 1.33418458503e-08, 9.78383832262e-06, 1.67889884324e-05, 1.74809392774e-05, 0.000141613549204, 5.01674139741e-06, 4.21705635745e-07, 1.14415763619e-06, 6.96964491453e-07, 6.68397177606e-08, 4.51318641126e-07, 6.45302122848e-07, 2.23722778969e-07, 3.82448348546e-07, 3.91704048752e-07, 3.14371220611e-07, 1.0833197166e-06, 4.4514918045e-06, 2.9949248983e-06, 2.3130653517e-06, 1.96375665951e-07, 1.18949010641e-07, 5.47272009044e-07, 3.74002041781e-07, 7.55917550777e-09, 3.36957753366e-11],
        "max": [2.53419930232e-05, 0.000868575531058, 0.0202201232314, 0.0248972326517, 0.0274480413646, 0.104218095541, 0.0170267932117, 0.00361188477837, 0.00770694483072, 0.00881485641003, 0.00327371689491, 0.00518135726452, 0.00750419357792, 0.00671155564487, 0.00860127899796, 0.00722512789071, 0.00818089488894, 0.0084927175194, 0.0159486047924, 0.0126376291737, 0.0103145763278, 0.00299704889767, 0.00228432915173, 0.00448114285246, 0.00382805150002, 0.0010278710397, 7.71329578129e-05],
        "mean": [2.17548472392e-06, 1.25483911688e-05, 0.000240710010985, 0.000314160599373, 0.000624210515525, 0.00171691877767, 0.000257879379205, 8.78634309629e-05, 0.000147338898387, 0.000164869605214, 7.22533877706e-05, 0.00014056674263, 0.000158255599672, 0.00019299685664, 0.000204898169613, 0.000229127457715, 0.000235298532061, 0.000288925803034, 0.000436501082731, 0.000369723828044, 0.000271395605523, 0.00010749737703, 8.8123480964e-05, 0.000139743715408, 0.000142622651765, 3.01748914353e-05, 2.04521302294e-06],
        "median": [8.74410147844e-07, 8.0989275375e-07, 1.48467711369e-06, 3.9630417632e-06, 2.09338068089e-05, 2.62041903625e-05, 1.0822054719e-05, 3.85417388316e-06, 5.01197155245e-06, 2.95118115901e-06, 1.4280403775e-06, 4.88122987008e-06, 5.92554442846e-06, 5.80184587307e-06, 6.08337677477e-06, 7.88471879787e-06, 8.40906068333e-06, 8.76819831319e-06, 1.31918368425e-05, 1.15680213639e-05, 9.10417475097e-06, 3.39953658113e-06, 2.89449417323e-06, 2.95524432659e-06, 2.55969234786e-06, 5.58438273401e-07, 8.1351132053e-08],
        "min": [1.62665769743e-09, 5.57731638651e-09, 3.02180214184e-09, 1.33385913426e-09, 2.79987375507e-08, 1.71385003966e-08, 1.6840278505e-08, 5.82029846541e-09, 7.09864034221e-09, 4.13992662374e-09, 2.67945732269e-09, 2.81145218217e-09, 1.48447831805e-09, 1.63362945393e-09, 1.0280685192e-09, 8.44792125143e-10, 6.57402410287e-10, 6.14187034564e-10, 1.10275366616e-09, 1.10264120057e-09, 8.08219435822e-10, 6.10965444903e-10, 1.09042908036e-09, 2.14118434094e-09, 2.22291096641e-09, 3.53890494686e-09, 4.23180885889e-08],
        "var": [1.18244624162e-11, 4.27686375204e-09, 2.12821169043e-06, 3.5205525819e-06, 8.7326798166e-06, 8.67021881277e-05, 1.88369619991e-06, 1.21754325733e-07, 4.17870239744e-07, 6.51421771636e-07, 7.73657973241e-08, 2.36500980577e-07, 3.4825484363e-07, 4.58035316342e-07, 7.20585944691e-07, 5.35575793492e-07, 7.10293988959e-07, 8.77995432802e-07, 2.3610784865e-06, 1.81648965736e-06, 9.80214849733e-07, 1.37674504685e-07, 9.29190235865e-08, 2.85546377654e-07, 2.66392703452e-07, 1.22387247004e-08, 6.45423922641e-11]
    },
    "erbbands": {
        "dmean": [0.000168236467289, 0.00873519759625, 0.240506708622, 1.11253666878, 1.81039011478, 1.5876557827, 8.11501026154, 12.340502739, 3.92775273323, 2.3388838768, 2.10286402702, 2.11853694916, 3.98733210564, 2.45018029213, 2.28832769394, 3.87806534767, 4.56714296341, 5.77285718918, 6.43553447723, 6.32811403275, 7.17558431625, 8.08706760406, 8.09299945831, 13.4260368347, 15.625629425, 12.8938579559, 8.53321266174, 5.81143140793, 2.45425033569, 1.5660610199, 1.58235192299, 1.50521731377, 1.88272356987, 1.29912078381, 0.512794792652, 0.144927680492, 0.016323979944, 0.00193448422942, 0.000199569287361, 1.39053090606e-05],
        "dmean2": [0.000283228378976, 0.0142237218097, 0.415830761194, 2.11547660828, 3.47777509689, 2.95638513565, 15.0275506973, 19.0749492645, 7.49570608139, 3.82058167458, 3.6520087719, 3.82345509529, 7.27909755707, 4.01516342163, 2.82363414764, 5.99874067307, 6.68931150436, 7.2004070282, 7.8810968399, 9.43661117554, 10.6349744797, 11.2669229507, 12.8122224808, 22.072599411, 24.592124939, 21.0724468231, 13.792971611, 9.07368278503, 3.3063929081, 2.48878526688, 2.39534139633, 2.3648519516, 2.99065184593, 1.9337246418, 0.799168407917, 0.203665465117, 0.0205924995244, 0.00263497559354, 0.000257684849203, 1.6353887986e-05],
        "dvar": [6.28648933798e-07, 0.00213959044777, 1.76276576519, 36.4771995544, 65.0479736328, 61.1015396118, 1310.20043945, 3987.32299805, 530.314880371, 134.048156738, 74.572265625, 114.237411499, 480.704650879, 108.609977722, 52.9345817566, 202.684951782, 395.423706055, 404.644439697, 538.816162109, 494.54208374, 442.027984619, 833.299377441, 775.010437012, 2931.10693359, 5002.26660156, 3479.94580078, 1619.00964355, 641.488769531, 114.325172424, 58.728187561, 52.9166755676, 37.6043281555, 91.5824813843, 40.2653083801, 4.55411291122, 0.333799213171, 0.0043942341581, 6.21868457529e-05, 7.32315413643e-07, 2.81029532978e-09],
        "dvar2": [1.75372338163e-06, 0.00574223231524, 5.01121091843, 105.327659607, 189.276168823, 133.974884033, 3572.48706055, 7447.40771484, 1067.01879883, 337.323852539, 235.207168579, 316.761749268, 1146.48461914, 253.109466553, 76.1672210693, 433.13949585, 968.704650879, 648.733093262, 869.416931152, 1025.39855957, 740.341369629, 1173.3704834, 1712.01879883, 7542.07958984, 13162.9287109, 8990.51074219, 4412.64160156, 1668.18798828, 279.699035645, 163.227737427, 135.519790649, 88.139213562, 243.684753418, 108.325370789, 11.4543409348, 0.701131761074, 0.00759940268472, 0.000102350997622, 1.3776848391e-06, 4.72427030829e-09],
        "max": [0.00921374000609, 0.565033316612, 15.1092395782, 59.8183441162, 86.2430114746, 94.6007003784, 406.483428955, 988.242248535, 298.382171631, 174.872528076, 96.3218383789, 143.682312012, 277.425231934, 147.352752686, 136.869277954, 230.262329102, 328.822845459, 364.961608887, 453.83972168, 355.451080322, 358.52432251, 495.618804932, 377.657562256, 524.895690918, 894.864379883, 708.200927734, 514.104858398, 254.685516357, 114.959068298, 81.5070114136, 72.907623291, 79.6738967896, 95.5062789917, 65.6831512451, 26.2014522552, 9.25630950928, 1.12965476513, 0.136783227324, 0.0142986755818, 0.000960564415436],
        "mean": [0.000152830310981, 0.00746662076563, 0.188442751765, 0.783025681973, 1.58142733574, 1.7651399374, 8.16885185242, 14.9790248871, 6.17139005661, 2.70060300827, 2.07878470421, 2.99928617477, 5.99392127991, 3.72286367416, 3.94647789001, 5.88223981857, 7.24275922775, 9.4337978363, 10.6781511307, 9.65944576263, 13.2167072296, 14.1248598099, 14.6899766922, 20.634759903, 21.5822296143, 18.1014156342, 13.0171403885, 8.71145343781, 4.19003105164, 2.5494093895, 2.61893153191, 2.54625153542, 2.57456851006, 1.82688438892, 0.862605690956, 0.253305643797, 0.0338361896574, 0.00358646945097, 0.000372717651771, 2.77067683783e-05],
        "median": [2.1907795599e-05, 0.000315703829983, 0.00176619691774, 0.00904476828873, 0.0339349135756, 0.0575076714158, 0.140379950404, 0.188538998365, 0.144051328301, 0.133990764618, 0.0855368375778, 0.110673666, 0.119673162699, 0.06872369349, 0.11249037087, 0.204762503505, 0.26559767127, 0.313636481762, 0.31046295166, 0.34251332283, 0.532377243042, 0.53677213192, 0.493274331093, 0.635164856911, 0.585295438766, 0.524987280369, 0.436191290617, 0.274424165487, 0.141317397356, 0.0892435312271, 0.0795540362597, 0.0619794204831, 0.0490823090076, 0.0306035503745, 0.0171623565257, 0.00482408609241, 0.000615138676949, 6.66839478072e-05, 1.09111897473e-05, 1.71557462636e-06],
        "min": [3.02706865796e-07, 9.11660322345e-07, 8.19717206468e-06, 1.6482643332e-05, 2.97785154544e-05, 4.42902710347e-05, 5.89855226281e-05, 0.000146306134411, 0.000224356524996, 0.000288694456685, 0.000137850773172, 0.000192020102986, 0.000107930492959, 6.9012552558e-05, 0.000123246150906, 0.000115858107165, 9.56402072916e-05, 0.000127056002384, 8.87231653905e-05, 6.76228810335e-05, 4.89679950988e-05, 3.99956479669e-05, 3.37314922945e-05, 4.06335020671e-05, 5.48197458556e-05, 5.53757890884e-05, 4.13491106883e-05, 2.32578804571e-05, 2.20172714762e-05, 3.77802862204e-05, 3.23253188981e-05, 3.75133568014e-05, 3.26457047777e-05, 2.31202102441e-05, 1.49403686009e-05, 8.27363965072e-06, 6.57485270494e-06, 8.59115516505e-06, 4.47854290542e-06, 7.91416368884e-07],
        "var": [4.59633469063e-07, 0.00166568451095, 1.19338965416, 22.6409301758, 55.9618148804, 82.3511352539, 1596.64709473, 7485.72460938, 1054.90869141, 174.680709839, 73.6570281982, 150.881393433, 875.352722168, 244.314529419, 184.754776001, 444.676971436, 711.249938965, 1118.60803223, 1821.38317871, 1159.3392334, 1727.20202637, 2579.06323242, 2125.31567383, 4539.625, 6305.19873047, 4831.74707031, 2274.2644043, 953.581298828, 207.337280273, 72.7924423218, 85.7120437622, 80.5931015015, 109.902297974, 49.2098045349, 9.37031555176, 0.875368118286, 0.0157531071454, 0.000200402617338, 2.11379233406e-06, 9.86670301018e-09]
    },
    "gfcc": {
        "mean": [-194.328491211, 30.5757751465, -124.340042114, 21.2119884491, -65.959022522, -8.40384578705, -51.4372634888, -0.43243715167, -32.0715827942, 1.62718164921, -11.6512060165, -4.22392129898, -7.4967212677],
        "cov": [[31535.6660156, -2474.76196289, -4274.77978516, 2017.17541504, -2162.21484375, 557.667358398, -2609.47167969, 46.9628105164, -2537.03417969, -130.468292236, -1306.27209473, -54.9710159302, -540.29473877], [-2474.76196289, 657.171142578, 467.40713501, -196.013626099, 274.123046875, -82.2806091309, 256.3956604, -23.1617450714, 240.944671631, -13.2665882111, 108.047477722, -3.16979217529, 53.6937637329], [-4274.77978516, 467.40713501, 1074.4597168, -304.202362061, 417.896850586, 10.3167848587, 450.319458008, 28.6456890106, 399.140960693, 18.0633831024, 195.404754639, 3.1265027523, 43.4830780029], [2017.17541504, -196.013626099, -304.202362061, 318.33215332, -175.296386719, 71.5853500366, -196.087020874, 4.26147317886, -186.613983154, 0.46733123064, -84.7613983154, -13.8831148148, -47.5412368774], [-2162.21484375, 274.123046875, 417.896850586, -175.296386719, 266.702087402, -17.0273609161, 229.924575806, 0.205600842834, 190.928390503, 0.891573011875, 91.3503417969, 8.45658016205, 30.9661273956], [557.667358398, -82.2806091309, 10.3167848587, 71.5853500366, -17.0273609161, 87.0202102661, -29.7495136261, 24.726436615, -48.2864875793, -1.14181566238, -27.7730102539, -4.7069644928, -24.4641075134], [-2609.47167969, 256.3956604, 450.319458008, -196.087020874, 229.924575806, -29.7495136261, 304.895690918, 11.5729999542, 246.459365845, 12.7001609802, 124.615188599, 9.77927684784, 44.9709091187], [46.9628105164, -23.1617450714, 28.6456890106, 4.26147317886, 0.205600842834, 24.726436615, 11.5729999542, 34.0268249512, 11.3204917908, 7.96213102341, 0.0525123253465, -2.02076745033, -6.73442459106], [-2537.03417969, 240.944671631, 399.140960693, -186.613983154, 190.928390503, -48.2864875793, 246.459365845, 11.3204917908, 253.262405396, 26.4646053314, 123.722450256, 9.81422138214, 46.5555076599], [-130.468292236, -13.2665882111, 18.0633831024, 0.46733123064, 0.891573011875, -1.14181566238, 12.7001609802, 7.96213102341, 26.4646053314, 34.8502731323, 22.2339668274, 10.0165948868, 5.16171216965], [-1306.27209473, 108.047477722, 195.404754639, -84.7613983154, 91.3503417969, -27.7730102539, 124.615188599, 0.0525123253465, 123.722450256, 22.2339668274, 89.3463897705, 20.7846107483, 33.3888549805], [-54.9710159302, -3.16979217529, 3.1265027523, -13.8831148148, 8.45658016205, -4.7069644928, 9.77927684784, -2.02076745033, 9.81422138214, 10.0165948868, 20.7846107483, 30.329246521, 18.9094600677], [-540.29473877, 53.6937637329, 43.4830780029, -47.5412368774, 30.9661273956, -24.4641075134, 44.9709091187, -6.73442459106, 46.5555076599, 5.16171216965, 33.3888549805, 18.9094600677, 43.6553230286]],
        "icov": [[0.000260173197603, -0.00028350536013, 9.03749896679e-05, 1.17803119792e-05, 0.000542668043636, -9.91830529529e-05, 3.0260256608e-05, -0.00090298068244, 0.00179234670941, -0.000757940171752, 0.00103789579589, -0.00137644051574, 0.000861122156493], [-0.00028350536013, 0.0038579206448, -0.000728895596694, -0.00111228204332, -0.00333617324941, 0.00297023309395, 0.000538739783224, 0.00161372276489, -0.00355113879777, 0.00279045081697, -0.000110090775706, 0.0027421338018, -0.00266061304137], [9.03749896679e-05, -0.000728895596694, 0.0041563087143, 0.000774526037276, -0.00187652034219, -0.00471147196367, -0.000458518363303, 0.000605784356594, -0.00278178555891, 0.000959683558904, -0.0025381683372, 0.000808021868579, 0.00241955416277], [1.17803119792e-05, -0.00111228204332, 0.000774526037276, 0.00782293453813, 0.00256846495904, -0.0060570104979, 0.000859617372043, 0.00179349130485, 0.00352207012475, -0.00320871290751, -0.00390224880539, 0.00313503667712, 0.00168654567096], [0.000542668043636, -0.00333617324941, -0.00187652034219, 0.00256846495904, 0.0177706740797, -0.00425189780071, -0.00668656267226, 0.00320400530472, 0.0028041859623, -0.000683545134962, 0.00469571584836, -0.00822077412158, 0.00493985880166], [-9.91830529529e-05, 0.00297023309395, -0.00471147196367, -0.0060570104979, -0.00425189780071, 0.0306782852858, -0.00352394697256, -0.0172584373504, 0.00971181038767, -0.000168127124198, 0.00516022369266, -0.00399187905714, 0.00183692236897], [3.0260256608e-05, 0.000538739783224, -0.000458518363303, 0.000859617372043, -0.00668656267226, -0.00352394697256, 0.0234070513397, -0.00212334608659, -0.0138261448592, 0.00765296863392, -0.00802775938064, 0.00273278169334, -0.0017711132532], [-0.00090298068244, 0.00161372276489, 0.000605784356594, 0.00179349130485, 0.00320400530472, -0.0172584373504, -0.00212334608659, 0.0521780364215, -0.0186993535608, -0.00524173490703, 0.00542207062244, 0.00293256668374, 0.00162580679171], [0.00179234670941, -0.00355113879777, -0.00278178555891, 0.00352207012475, 0.0028041859623, 0.00971181038767, -0.0138261448592, -0.0186993535608, 0.0538374371827, -0.0188060756773, -0.0115221180022, 0.00603913515806, -0.00102552201133], [-0.000757940171752, 0.00279045081697, 0.000959683558904, -0.00320871290751, -0.000683545134962, -0.000168127124198, 0.00765296863392, -0.00524173490703, -0.0188060756773, 0.0509495660663, -0.0159832537174, -0.00756376190111, 0.00396753940731], [0.00103789579589, -0.000110090775706, -0.0025381683372, -0.00390224880539, 0.00469571584836, 0.00516022369266, -0.00802775938064, 0.00542207062244, -0.0115221180022, -0.0159832537174, 0.0640533789992, -0.0312645211816, -0.00134375528432], [-0.00137644051574, 0.0027421338018, 0.000808021868579, 0.00313503667712, -0.00822077412158, -0.00399187905714, 0.00273278169334, 0.00293256668374, 0.00603913515806, -0.00756376190111, -0.0312645211816, 0.0739099383354, -0.0302156303078], [0.000861122156493, -0.00266061304137, 0.00241955416277, 0.00168654567096, 0.00493985880166, 0.00183692236897, -0.0017711132532, 0.00162580679171, -0.00102552201133, 0.00396753940731, -0.00134375528432, -0.0302156303078, 0.050604339689]]
    },
    "melbands": {
        "dmean": [2.284604534e-06, 8.92626921996e-05, 0.000216379310586, 0.000107998232124, 0.000214830855839, 0.000264839705778, 5.73790966882e-05, 2.31165522564e-05, 1.56524056365e-05, 1.69547984115e-05, 1.96595046873e-05, 1.06844772745e-05, 6.45902082397e-06, 1.10068931463e-05, 1.1983080185e-05, 8.88836711965e-06, 1.14751728688e-05, 9.8274085758e-06, 1.08805788841e-05, 9.19975173019e-06, 7.82984625403e-06, 8.94052391232e-06, 8.2674305304e-06, 9.34779745876e-06, 1.19318601719e-05, 1.22326609926e-05, 1.04300297608e-05, 8.16401461634e-06, 5.26496523889e-06, 5.2054315347e-06, 2.84447514787e-06, 1.44491207266e-06, 1.13220983167e-06, 7.9365571537e-07, 1.0135725006e-06, 8.85052202193e-07, 8.87684848294e-07, 1.27617488488e-06, 1.35491120545e-06, 1.02151886949e-06],
        "dmean2": [3.71376449948e-06, 0.000156655340106, 0.000412720488384, 0.000200571288588, 0.000395149370888, 0.000445101497462, 0.000106992054498, 3.90649183828e-05, 2.7570344173e-05, 3.17100311804e-05, 3.6284498492e-05, 1.80156312126e-05, 8.30644512462e-06, 1.77953988896e-05, 1.6995727492e-05, 1.09658185465e-05, 1.53498349391e-05, 1.31311062432e-05, 1.62716332852e-05, 1.37585848279e-05, 1.16191940833e-05, 1.29001518872e-05, 1.37113311212e-05, 1.39723351822e-05, 1.9613373297e-05, 1.95056145458e-05, 1.67103316926e-05, 1.38775003506e-05, 8.17561704025e-06, 8.9221248345e-06, 4.08942560171e-06, 1.9597107439e-06, 1.92822290046e-06, 1.26211477891e-06, 1.60084050549e-06, 1.28784859044e-06, 1.42161388794e-06, 2.07427024179e-06, 2.24198333854e-06, 1.52481879923e-06],
        "dvar": [1.16488221846e-10, 2.49162070531e-07, 1.09100130885e-06, 2.23965983537e-07, 9.4985063015e-07, 1.89169725218e-06, 1.09681820959e-07, 1.11642197709e-08, 4.59683757725e-09, 8.48919601282e-09, 1.19395089371e-08, 2.11587813936e-09, 5.08693975831e-10, 1.48760104235e-09, 2.46114351121e-09, 7.33664462516e-10, 1.69255098825e-09, 1.11521458734e-09, 1.89602089584e-09, 1.03320052514e-09, 4.81958251086e-10, 1.0702772002e-09, 9.18322307086e-10, 1.08963005285e-09, 2.19254969736e-09, 2.87235835117e-09, 2.18433360288e-09, 1.37260902644e-09, 4.82946793667e-10, 6.95158430819e-10, 1.40203834653e-10, 3.60047582026e-11, 3.47300660453e-11, 1.29460539511e-11, 2.42837399494e-11, 1.19464455689e-11, 1.16746005224e-11, 4.05142794313e-11, 5.06706274161e-11, 2.14346387861e-11],
        "dvar2": [3.07351533113e-10, 7.13226825155e-07, 3.18909314956e-06, 6.27284521215e-07, 2.40727376877e-06, 3.88771695725e-06, 2.1399966954e-07, 3.00343607762e-08, 1.45930565409e-08, 2.51314986599e-08, 2.79301772821e-08, 5.06287634039e-09, 8.74848415933e-10, 3.80412412682e-09, 5.08895814377e-09, 1.343500311e-09, 3.01584712759e-09, 2.26623431132e-09, 3.38133543387e-09, 2.263823351e-09, 8.65428895214e-10, 1.71455771802e-09, 2.31730212796e-09, 2.52643395093e-09, 5.78562087128e-09, 7.41299421847e-09, 5.88701443149e-09, 3.49419670975e-09, 1.2278945638e-09, 2.07289629905e-09, 3.11557418753e-10, 8.12390155147e-11, 9.90846016347e-11, 3.4518870401e-11, 6.46649053748e-11, 2.76916579944e-11, 2.60158630749e-11, 1.08071114557e-10, 1.3798416576e-10, 5.62031220175e-11],
        "max": [0.000128383049741, 0.00570054957643, 0.0094495350495, 0.00483438558877, 0.0115848295391, 0.0207833144814, 0.00449171802029, 0.00152741186321, 0.000762931187637, 0.00115746527445, 0.00138137408067, 0.000609931477811, 0.000420368916821, 0.000546323601156, 0.000817726133391, 0.000502958486322, 0.000721572956536, 0.000626069435384, 0.000685404054821, 0.000509159639478, 0.000392186455429, 0.0005463140551, 0.000442253658548, 0.000459042872535, 0.000450534309493, 0.0007491093711, 0.000508754164912, 0.000437968585175, 0.000278929714113, 0.000305418216158, 0.000126802799059, 7.66144803492e-05, 6.3802835939e-05, 3.58717879863e-05, 5.11192411068e-05, 4.48188256996e-05, 4.66653982585e-05, 6.80370721966e-05, 7.28823797544e-05, 4.68715479656e-05],
        "mean": [2.07751145354e-06, 6.87173960614e-05, 0.000161838252097, 0.000108713902591, 0.000233187893173, 0.000326162495185, 8.94129407243e-05, 2.56749535765e-05, 1.58317197929e-05, 2.10864363908e-05, 3.01784675685e-05, 1.52009279191e-05, 1.09935099317e-05, 1.54309182108e-05, 1.72367199411e-05, 1.50030400619e-05, 1.76963731064e-05, 1.60024628713e-05, 1.61616135301e-05, 1.39159956234e-05, 1.47431655932e-05, 1.44646564877e-05, 1.27980265461e-05, 1.43238958117e-05, 1.68192364072e-05, 1.65367619047e-05, 1.40701422424e-05, 1.13668447739e-05, 8.22386755317e-06, 6.67369204166e-06, 4.58629665445e-06, 2.46808394877e-06, 1.66654274381e-06, 1.3323319763e-06, 1.52415645971e-06, 1.4981798131e-06, 1.53544317527e-06, 1.74835452071e-06, 1.77935339707e-06, 1.46151182889e-06],
        "median": [3.32103070377e-07, 7.69639655118e-07, 2.18267950913e-06, 3.10559107675e-06, 4.29994543083e-06, 4.43251065008e-06, 2.39317705564e-06, 1.3770413716e-06, 6.08530399404e-07, 7.49156697566e-07, 5.63034404877e-07, 2.70749893616e-07, 2.68661040081e-07, 4.97639064179e-07, 5.98153292231e-07, 5.36282868779e-07, 5.42427869732e-07, 4.67795359782e-07, 4.35734904158e-07, 4.83550991248e-07, 5.92836727265e-07, 5.61200522498e-07, 4.54611125633e-07, 4.19342541136e-07, 5.48130969946e-07, 4.05718481034e-07, 3.70300028862e-07, 3.29344146621e-07, 2.93854157007e-07, 1.74220886606e-07, 1.40251856351e-07, 8.43398737516e-08, 5.18428535656e-08, 4.95455054761e-08, 4.23944079841e-08, 4.37924541075e-08, 3.9450764433e-08, 3.47624222741e-08, 2.7901881694e-08, 2.5006187343e-08],
        "min": [2.39285169457e-09, 4.39643921268e-09, 4.55136373034e-09, 2.90341706233e-09, 1.69502856195e-09, 3.17241344305e-09, 3.93571930601e-09, 3.93213062111e-09, 9.94865412274e-10, 9.56525303408e-10, 4.93821594727e-10, 2.14930823139e-10, 4.12681000483e-10, 4.34707742025e-10, 2.72493222431e-10, 1.68734110018e-10, 2.08462538898e-10, 1.15096737696e-10, 8.51484924236e-11, 7.20654022568e-11, 4.89828975991e-11, 3.29034195723e-11, 3.82605093441e-11, 2.55720496861e-11, 2.97657593018e-11, 3.35514359351e-11, 4.3251926346e-11, 3.10691507244e-11, 2.44333910743e-11, 1.75172411299e-11, 1.20387423988e-11, 1.05865880298e-11, 1.35678603769e-11, 2.16163736216e-11, 1.60137233335e-11, 1.67685518249e-11, 2.27014431559e-11, 2.03626750878e-11, 1.94780337692e-11, 1.68374203469e-11],
        "var": [9.3580150573e-11, 1.65299326227e-07, 7.25801726276e-07, 2.49402404506e-07, 1.28126066556e-06, 3.37372171089e-06, 2.24839411089e-07, 1.38387123982e-08, 4.29630730991e-09, 8.62019966519e-09, 2.24018563699e-08, 4.34684155337e-09, 1.48689383028e-09, 2.84154810792e-09, 4.4200461069e-09, 2.43815856393e-09, 4.07612477105e-09, 3.8397089952e-09, 4.52655157801e-09, 2.03205585692e-09, 2.10252437682e-09, 2.79655099078e-09, 1.88848225946e-09, 2.25710872215e-09, 3.05484237906e-09, 3.75327990909e-09, 2.75836353758e-09, 1.91037741182e-09, 8.1448253697e-10, 6.94659052503e-10, 2.596910742e-10, 7.64886973204e-11, 3.32326492714e-11, 1.99435745696e-11, 3.14749788732e-11, 2.65056795956e-11, 2.90771174499e-11, 5.06424971403e-11, 5.2433054426e-11, 2.95600939559e-11]
    },
    "mfcc": {
        "mean": [-824.931640625, 63.2066612244, -7.23115873337, 18.034198761, -0.529868900776, -10.3980054855, -6.77937507629, -14.1597833633, -10.7054777145, -6.55848360062, -6.63081264496, -1.84975981712, -3.30281448364],
        "cov": [[30014.9433594, -1655.62084961, -2955.23022461, 53.0370979309, -414.64364624, -656.375244141, -200.322799683, -955.378417969, -1025.82348633, -998.734375, -1083.45031738, -1049.04052734, -1029.15563965], [-1655.62084961, 566.213684082, 153.457351685, 13.5798940659, 32.9160728455, 14.1518907547, -11.5837841034, 38.8795776367, 57.0653991699, 46.9214439392, 35.6760749817, 54.7159233093, 54.2567977905], [-2955.23022461, 153.457351685, 585.070983887, -4.47665023804, 96.3247146606, 106.929092407, 55.7556610107, 141.06036377, 131.396148682, 134.099517822, 137.230148315, 122.334259033, 123.036819458], [53.0370979309, 13.5798940659, -4.47665023804, 104.647415161, 29.677898407, 22.6198825836, 16.6084728241, -3.78058075905, -10.0035705566, -0.333631962538, -4.31306362152, 2.50580954552, -5.48243522644], [-414.64364624, 32.9160728455, 96.3247146606, 29.677898407, 71.0124511719, 38.8875541687, 19.3849868774, 26.9749450684, 18.9929218292, 19.2229537964, 21.4580039978, 13.6127185822, 12.784526825], [-656.375244141, 14.1518907547, 106.929092407, 22.6198825836, 38.8875541687, 63.0331192017, 32.0574035645, 40.6069946289, 32.8289794922, 30.9960422516, 30.0306377411, 25.4822368622, 26.3052062988], [-200.322799683, -11.5837841034, 55.7556610107, 16.6084728241, 19.3849868774, 32.0574035645, 44.1756095886, 30.529542923, 16.4995326996, 15.6331167221, 13.9748334885, 9.61369132996, 8.91200065613], [-955.378417969, 38.8795776367, 141.06036377, -3.78058075905, 26.9749450684, 40.6069946289, 30.529542923, 72.8694763184, 52.2608413696, 43.6644973755, 44.842792511, 35.7610015869, 38.3380355835], [-1025.82348633, 57.0653991699, 131.396148682, -10.0035705566, 18.9929218292, 32.8289794922, 16.4995326996, 52.2608413696, 66.1506958008, 51.3783988953, 45.8413772583, 40.0631408691, 42.8181762695], [-998.734375, 46.9214439392, 134.099517822, -0.333631962538, 19.2229537964, 30.9960422516, 15.6331167221, 43.6644973755, 51.3783988953, 62.9608345032, 51.6575393677, 42.7969703674, 41.0909194946], [-1083.45031738, 35.6760749817, 137.230148315, -4.31306362152, 21.4580039978, 30.0306377411, 13.9748334885, 44.842792511, 45.8413772583, 51.6575393677, 70.7730026245, 53.643699646, 48.2506370544], [-1049.04052734, 54.7159233093, 122.334259033, 2.50580954552, 13.6127185822, 25.4822368622, 9.61369132996, 35.7610015869, 40.0631408691, 42.7969703674, 53.643699646, 65.1557922363, 54.8380355835], [-1029.15563965, 54.2567977905, 123.036819458, -5.48243522644, 12.784526825, 26.3052062988, 8.91200065613, 38.3380355835, 42.8181762695, 41.0909194946, 48.2506370544, 54.8380355835, 67.7124404907]],
