{
"lowlevel": {
    "average_loudness": 0.99068403244,
    "barkbands_crest": {
        "dmean": 1.88741135597,
        "dmean2": 2.81368255615,
        "dvar": 2.78460001945,
        "dvar2": 6.65986871719,
        "max": 18.206401825,
        "mean": 6.57370615005,
        "median": 6.37923765182,
        "min": 2.90598416328,
        "var": 6.73354148865
    },
    "barkbands_flatness_db": {
        "dmean": 0.00989539548755,
        "dmean2": 0.0147448191419,
        "dvar": 8.05982272141e-05,
        "dvar2": 0.000181763694854,
        "max": 0.1531175524,
        "mean": 0.0740592628717,
        "median": 0.0730108991265,
        "min": 0.040023420006,
        "var": 0.00024184101494
    },
    "barkbands_kurtosis": {
        "dmean": 0.55645865202,
        "dmean2": 0.979856491089,
        "dvar": 0.607401907444,
        "dvar2": 1.88937091827,
        "max": 2.42276859283,
        "mean": -0.795050442219,
        "median": -1.05640363693,
        "min": -1.84637057781,
        "var": 0.599559605122
    },
    "barkbands_skewness": {
        "dmean": 0.317281365395,
        "dmean2": 0.495120853186,
        "dvar": 0.0708903223276,
        "dvar2": 0.169416233897,
        "max": 1.97535359859,
        "mean": 0.600535571575,
        "median": 0.627813458443,
        "min": -0.608762741089,
        "var": 0.24194034934
    },
    "barkbands_spread": {
        "dmean": 6.17879486084,
        "dmean2": 10.8455038071,
        "dvar": 120.596595764,
        "dvar2": 374.016235352,
        "max": 125.149482727,
        "mean": 42.8615646362,
        "median": 39.0479202271,
        "min": 21.9446277618,
        "var": 313.528930664
    },
    "dissonance": {
        "dmean": 0.00683015305549,
        "dmean2": 0.0116712329909,
        "dvar": 7.01683675288e-05,
        "dvar2": 0.00018511142116,
        "max": 0.49942535162,
        "mean": 0.489092648029,
        "median": 0.492119312286,
        "min": 0.450996398926,
        "var": 8.9697598014e-05
    },
    "dynamic_complexity": 4.43239498138,
    "erbbands_crest": {
        "dmean": 0.909365177155,
        "dmean2": 1.62086856365,
        "dvar": 1.19350218773,
        "dvar2": 2.31694507599,
        "max": 11.5454854965,
        "mean": 4.65289545059,
        "median": 4.29783058167,
        "min": 3.13323187828,
        "var": 1.9769051075
    },
    "erbbands_flatness_db": {
        "dmean": 0.00886404607445,
        "dmean2": 0.0146063100547,
        "dvar": 8.97935969988e-05,
        "dvar2": 0.000160540163051,
        "max": 0.179709509015,
        "mean": 0.123968534172,
        "median": 0.12651462853,
        "min": 0.0323564372957,
        "var": 0.000524235365447
    },
    "erbbands_kurtosis": {
        "dmean": 0.433128535748,
        "dmean2": 0.67699444294,
        "dvar": 0.128376841545,
        "dvar2": 0.302931368351,
        "max": 1.62774181366,
        "mean": -0.0220471844077,
        "median": -0.123826503754,
        "min": -1.13532888889,
        "var": 0.401034325361
    },
    "erbbands_skewness": {
        "dmean": 0.224792927504,
        "dmean2": 0.36289036274,
        "dvar": 0.0712299197912,
        "dvar2": 0.165162235498,
        "max": 1.1591604948,
        "mean": -0.522748172283,
        "median": -0.649578511715,
        "min": -1.1971603632,
        "var": 0.237213328481
    },
    "erbbands_spread": {
        "dmean": 5.75469493866,
        "dmean2": 9.08367347717,
        "dvar": 20.9401798248,
        "dvar2": 48.4111709595,
        "max": 81.9339675903,
        "mean": 43.790348053,
        "median": 43.2685203552,
        "min": 22.9723854065,
        "var": 112.50428009
    },
    "hfc": {
        "dmean": 9.17021751404,
        "dmean2": 11.3960142136,
        "dvar": 394.129150391,
        "dvar2": 578.50201416,
        "max": 201.765090942,
        "mean": 19.0810546875,
        "median": 5.9720916748,
        "min": 0.0690849497914,
        "var": 1034.81140137
    },
    "melbands_crest": {
        "dmean": 3.31400227547,
        "dmean2": 5.23197937012,
        "dvar": 6.89536571503,
        "dvar2": 17.870967865,
        "max": 22.4346141815,
        "mean": 14.3632860184,
        "median": 14.9806528091,
        "min": 5.26862001419,
        "var": 19.2566661835
    },
    "melbands_flatness_db": {
        "dmean": 0.0161210428923,
        "dmean2": 0.0239132754505,
        "dvar": 0.000142262520967,
        "dvar2": 0.000309787836159,
        "max": 0.197044312954,
        "mean": 0.115631327033,
        "median": 0.117301136255,
        "min": 0.0625701099634,
        "var": 0.000854271056596
    },
    "melbands_kurtosis": {
        "dmean": 2.22643685341,
        "dmean2": 3.56511449814,
        "dvar": 6.8164191246,
        "dvar2": 18.8437004089,
        "max": 27.4537124634,
        "mean": 4.1836643219,
        "median": 3.06725502014,
        "min": -0.963367462158,
        "var": 23.2861747742
    },
    "melbands_skewness": {
        "dmean": 0.422841697931,
        "dmean2": 0.649750471115,
        "dvar": 0.0956638082862,
        "dvar2": 0.255220770836,
        "max": 4.02556800842,
        "mean": 1.96582555771,
        "median": 1.93078124523,
        "min": 0.207365304232,
        "var": 0.486286342144
    },
    "melbands_spread": {
        "dmean": 8.60235786438,
        "dmean2": 12.8047761917,
        "dvar": 50.3932723999,
        "dvar2": 84.992729187,
        "max": 84.081413269,
        "mean": 46.332901001,
        "median": 44.9436454773,
        "min": 12.4667139053,
        "var": 296.589141846
    },
    "pitch_salience": {
        "dmean": 0.0601125136018,
        "dmean2": 0.0901890993118,
        "dvar": 0.00240071793087,
        "dvar2": 0.00606272974983,
        "max": 0.783606946468,
        "mean": 0.628446519375,
        "median": 0.636344432831,
        "min": 0.399356722832,
        "var": 0.0066984067671
    },
    "silence_rate_20dB": {
        "dmean": 0,
        "dmean2": 0,
        "dvar": 0,
        "dvar2": 0,
        "max": 1,
        "mean": 1,
        "median": 1,
        "min": 1,
        "var": 0
    },
    "silence_rate_30dB": {
        "dmean": 0,
        "dmean2": 0,
        "dvar": 0,
        "dvar2": 0,
        "max": 1,
        "mean": 1,
        "median": 1,
        "min": 1,
        "var": 0
    },
    "silence_rate_60dB": {
        "dmean": 0.0750000029802,
        "dmean2": 0.151898726821,
        "dvar": 0.0693749263883,
        "dvar2": 0.128825485706,
        "max": 1,
        "mean": 0.395061731339,
        "median": 0,
        "min": 0,
        "var": 0.238987773657
    },
    "spectral_centroid": {
        "dmean": 231.932937622,
        "dmean2": 341.388000488,
        "dvar": 36887.1054688,
        "dvar2": 67201.359375,
        "max": 3095.04956055,
        "mean": 2193.2902832,
        "median": 2236.09985352,
        "min": 842.296875,
        "var": 226897.484375
    },
    "spectral_complexity": {
        "dmean": 5.41249990463,
        "dmean2": 7.22784805298,
        "dvar": 48.6173667908,
        "dvar2": 61.3151893616,
        "max": 64,
        "mean": 19.6543216705,
        "median": 11,
        "min": 0,
        "var": 352.473175049
    },
    "spectral_decrease": {
        "dmean": 8.99173624447e-10,
        "dmean2": 1.21014431809e-09,
        "dvar": 4.69210592409e-18,
        "dvar2": 8.21422691027e-18,
        "max": -1.23750456497e-13,
        "mean": -2.24366858426e-09,
        "median": -1.007742223e-09,
        "min": -1.88306668036e-08,
        "var": 1.02503907179e-17
    },
    "spectral_energy": {
        "dmean": 0.00402863835916,
        "dmean2": 0.00540475267917,
        "dvar": 9.61825062404e-05,
        "dvar2": 0.00015884329332,
        "max": 0.0833669677377,
        "mean": 0.0101988343522,
        "median": 0.00463661365211,
        "min": 6.73327394907e-06,
        "var": 0.000221778114792
    },
    "spectral_energyband_high": {
        "dmean": 0.000700765463989,
        "dmean2": 0.000927884073462,
        "dvar": 2.18129707719e-06,
        "dvar2": 2.96964640256e-06,
        "max": 0.015251650475,
        "mean": 0.00135114882141,
        "median": 0.000364874111256,
        "min": 2.31749913837e-06,
        "var": 6.09023572906e-06
    },
    "spectral_energyband_low": {
        "dmean": 0.000504190276843,
        "dmean2": 0.000784111616667,
        "dvar": 2.06238928513e-06,
        "dvar2": 4.99568932355e-06,
        "max": 0.0114733986557,
        "mean": 0.000480599614093,
        "median": 0.000133576060762,
        "min": 1.13955331926e-06,
        "var": 2.01078023565e-06
    },
    "spectral_energyband_middle_high": {
        "dmean": 0.00208747829311,
        "dmean2": 0.00289297150448,
        "dvar": 2.10995076486e-05,
        "dvar2": 3.44280961144e-05,
        "max": 0.0434200242162,
        "mean": 0.00400247331709,
        "median": 0.00132588879205,
        "min": 2.48598297503e-07,
        "var": 4.48682840215e-05
    },
    "spectral_energyband_middle_low": {
        "dmean": 0.00196035415865,
        "dmean2": 0.00283119664527,
        "dvar": 1.88750836969e-05,
        "dvar2": 4.18971321778e-05,
        "max": 0.038161598146,
        "mean": 0.00473775248975,
        "median": 0.00276143779047,
        "min": 1.60638046509e-06,
        "var": 3.55220327037e-05
    },
    "spectral_entropy": {
        "dmean": 0.0681211128831,
        "dmean2": 0.113953068852,
        "dvar": 0.00446326006204,
        "dvar2": 0.0125339999795,
        "max": 8.45805644989,
        "mean": 8.06134223938,
        "median": 8.05236148834,
        "min": 7.88769245148,
        "var": 0.0116730211303
    },
    "spectral_flux": {
        "dmean": 0.0113938739523,
        "dmean2": 0.0148041266948,
        "dvar": 0.000492102408316,
        "dvar2": 0.000753082800657,
        "max": 0.221955507994,
        "mean": 0.0500071942806,
        "median": 0.0341568030417,
        "min": 0.00255568604916,
        "var": 0.00172595493495
    },
    "spectral_kurtosis": {
        "dmean": 0.599726974964,
        "dmean2": 0.96123456955,
        "dvar": 0.358975172043,
        "dvar2": 0.73620724678,
        "max": 8.79004573822,
        "mean": 4.04757452011,
        "median": 3.84451627731,
        "min": 2.39991188049,
        "var": 1.15674388409
    },
    "spectral_rms": {
        "dmean": 0.000491717481054,
        "dmean2": 0.0005869193119,
        "dvar": 7.87310341366e-07,
        "dvar2": 1.08552080746e-06,
        "max": 0.009018516168,
        "mean": 0.00259219366126,
        "median": 0.00212685810402,
        "min": 8.10496640042e-05,
        "var": 3.23061362906e-06
    },
    "spectral_rolloff": {
        "dmean": 716.248168945,
        "dmean2": 1250.83361816,
        "dvar": 4069102.75,
        "dvar2": 9784867,
        "max": 20865.6738281,
        "mean": 4188.87207031,
        "median": 3251.51367188,
        "min": 968.994140625,
        "var": 16138148
    },
    "spectral_skewness": {
        "dmean": 0.111683264375,
        "dmean2": 0.187285453081,
        "dvar": 0.00845305807889,
        "dvar2": 0.0150167606771,
        "max": 2.10306859016,
        "mean": 1.36886441708,
        "median": 1.32335019112,
        "min": 1.1249049902,
        "var": 0.0364672094584
    },
    "spectral_spread": {
        "dmean": 396629,
        "dmean2": 651348.875,
        "dvar": 525945110528,
        "dvar2": 900801626112,
        "max": 12432297,
        "mean": 4937893.5,
        "median": 4484793.5,
        "min": 3759161,
        "var": 3.31889639424e+12
    },
    "spectral_strongpeak": {
        "dmean": 0.0716940835118,
        "dmean2": 0.115765750408,
        "dvar": 0.0121017675847,
        "dvar2": 0.0303630791605,
        "max": 1.04019570351,
        "mean": 0.300141125917,
        "median": 0.28074669838,
        "min": 0,
        "var": 0.0279554724693
    },
    "zerocrossingrate": {
        "dmean": 0.0142089845613,
        "dmean2": 0.0184248909354,
        "dvar": 0.000457975926111,
        "dvar2": 0.000870521413162,
        "max": 0.33349609375,
        "mean": 0.114697866142,
        "median": 0.1064453125,
        "min": 0.0400390625,
        "var": 0.00163899862673
    },
    "barkbands": {
        "dmean": [9.40020436246e-06, 8.32610021462e-06, 0.00019211973995, 0.000881713232957, 0.000434544403106, 0.000712742621545, 0.000183173644473, 0.000240861059865, 0.00037935047294, 0.000126065409859, 7.88152465248e-05, 0.000277326500509, 0.000239510045503, 0.000239165077801, 0.000268330855761, 0.000386117288144, 0.000354333373252, 0.0002972461225, 0.000377564691007, 0.000286291935481, 0.000276015402051, 8.6318294052e-05, 6.10424758634e-05, 6.82443496771e-05, 7.76995584602e-05, 1.96855944523e-05, 1.33680964609e-06],
        "dmean2": [1.54502395162e-05, 1.4020609342e-05, 0.000334486307111, 0.00138574291486, 0.000648269313388, 0.00127187080216, 0.00026576538221, 0.000323152024066, 0.000593563192524, 0.000196071094251, 0.000123112215078, 0.000442851771368, 0.000402583536925, 0.000378058990464, 0.000450172432465, 0.000630762660876, 0.000589667120948, 0.000495973217767, 0.000534104416147, 0.00036920083221, 0.000375113042537, 0.000121988756291, 8.44900714583e-05, 8.83259926923e-05, 8.63838140504e-05, 2.47238149313e-05, 1.80318659204e-06],
        "dvar": [7.26597115808e-11, 4.40647213162e-10, 5.70630618313e-07, 2.70521331913e-06, 6.9971378025e-07, 2.60204524238e-06, 8.07895474964e-08, 1.66257322576e-07, 5.83301130064e-07, 6.42241246851e-08, 2.21112816945e-08, 3.02111260453e-07, 1.71483264921e-07, 1.57751117058e-07, 4.40853398231e-07, 1.11304200345e-06, 7.0553835485e-07, 3.1354386465e-07, 5.25882512648e-07, 2.89430715839e-07, 3.42813905263e-07, 3.06096623603e-08, 1.61464885906e-08, 2.33858443721e-08, 3.16189314731e-08, 2.40793363027e-09, 6.99203455551e-12],
        "dvar2": [1.97904817534e-10, 1.25172672227e-09, 1.47551793361e-06, 5.83996188652e-06, 1.25509234294e-06, 7.24608162272e-06, 1.71615496924e-07, 3.55829371301e-07, 1.47246350934e-06, 1.24476969177e-07, 4.40809309055e-08, 6.20355137926e-07, 4.03837930207e-07, 3.20529409237e-07, 1.07619382561e-06, 2.10313737625e-06, 1.77899505616e-06, 7.49001742406e-07, 9.59046360549e-07, 3.62710579793e-07, 5.75130627567e-07, 5.02830737048e-08, 2.19599343154e-08, 3.23962296989e-08, 4.29450714989e-08, 3.15976089738e-09, 1.03296043594e-11],
        "max": [3.9318776544e-05, 0.000127065912238, 0.00558630377054, 0.0131839681417, 0.00682452879846, 0.0113231437281, 0.00192614493426, 0.00321261375211, 0.00415411777794, 0.00216167094186, 0.00102546834387, 0.00491148000583, 0.00233906274661, 0.00278250477277, 0.00514084100723, 0.0087315319106, 0.00643198937178, 0.00411041500047, 0.00691416207701, 0.00544940819964, 0.00559645472094, 0.00164016464259, 0.00130298524164, 0.00162070291117, 0.00189372815657, 0.000489625090268, 3.15768775181e-05],
        "mean": [8.74962643138e-06, 7.91356615082e-06, 0.000141600990901, 0.00151298206765, 0.00121997424867, 0.00092201604275, 0.000263457361143, 0.000360319012543, 0.000395918206777, 0.000181227209396, 0.000106724102807, 0.000320658204146, 0.000343613734003, 0.000330540147843, 0.000340840109857, 0.000516948348377, 0.000516306026839, 0.00044603398419, 0.000635814853013, 0.000595324789174, 0.000425593083492, 0.000156939640874, 0.000120694705402, 0.000142123491969, 0.000144566802192, 3.33825373673e-05, 5.9859803514e-06],
        "median": [5.75625881538e-06, 1.68796827893e-06, 3.41978034157e-06, 0.000897375808563, 0.000659591518342, 0.000417126866523, 7.94966181275e-05, 0.000129563908558, 0.000103230806417, 5.4233300034e-05, 3.23879539792e-05, 0.000111257861136, 0.000126634549815, 8.73775570653e-05, 0.000121097364172, 0.000156692025485, 0.000168905142345, 0.000130391737912, 0.000181545809028, 0.000190305785509, 0.000108570158773, 3.5472723539e-05, 2.81483899016e-05, 2.77022209048e-05, 2.64850477834e-05, 5.50829190615e-06, 4.74170383313e-06],
        "min": [1.40373700219e-07, 2.57741760379e-07, 1.18390076409e-07, 4.20904370912e-07, 4.20332014528e-07, 1.3873700766e-07, 1.07723010956e-07, 1.7392915197e-07, 9.34111099582e-08, 1.7117340434e-08, 1.8873061336e-08, 4.35103828522e-08, 2.27596537172e-08, 1.97015168624e-08, 1.19518634989e-08, 1.0662843053e-08, 2.48069582653e-08, 2.00068832612e-08, 2.46804088277e-08, 2.40581758959e-08, 2.26578773521e-08, 2.68095448064e-08, 5.13994606877e-08, 6.34219929907e-08, 6.2176695792e-08, 1.64233924238e-07, 1.83033205303e-06],
        "var": [8.11301234527e-11, 4.31382873867e-10, 4.29059809903e-07, 4.12820509155e-06, 2.14048259295e-06, 2.37480389842e-06, 1.74576641143e-07, 3.39781649927e-07, 6.41596670903e-07, 1.1484252127e-07, 3.80877942519e-08, 4.39763738314e-07, 2.80278442233e-07, 2.73537153817e-07, 4.60510847233e-07, 1.42566216255e-06, 9.21745140658e-07, 4.94657570016e-07, 1.13592000162e-06, 9.76114051809e-07, 6.84248163907e-07, 7.77106805572e-08, 4.84599667061e-08, 7.21267383597e-08, 8.81363959593e-08, 5.74660630193e-09, 1.67166905318e-11]
    },
    "erbbands": {
        "dmean": [0.000151181855472, 0.0041104471311, 0.137310490012, 1.56472992897, 2.73826932907, 1.32358801365, 2.67407202721, 6.76602458954, 3.09909439087, 3.72994685173, 5.34667778015, 8.72399902344, 5.95799446106, 3.54509615898, 4.25720596313, 11.2552785873, 10.1761760712, 13.5496444702, 12.7765989304, 13.8895206451, 19.8125686646, 18.9615192413, 14.6791181564, 19.4007530212, 17.8817214966, 14.5791683197, 11.3891277313, 8.8880405426, 2.97683620453, 2.44926071167, 1.85806632042, 1.4665876627, 1.39425730705, 0.924068748951, 0.549936592579, 0.160868734121, 0.0200393758714, 0.00173310900573, 0.000272290839348, 2.21382542804e-05],
        "dmean2": [0.000241919449763, 0.00691215367988, 0.232958629727, 2.40714979172, 4.45807266235, 1.70727980137, 4.0562582016, 12.032207489, 4.72478914261, 5.84149503708, 7.30679225922, 14.363286972, 9.4497089386, 5.68697738647, 6.46133947372, 17.8761730194, 16.5746078491, 23.6231155396, 19.8523826599, 21.6997966766, 34.4121551514, 32.1551017761, 23.1730766296, 27.5817184448, 24.9732780457, 19.2152938843, 16.3536472321, 13.4858922958, 4.40177965164, 3.37010908127, 2.51284527779, 1.85027635098, 2.00324106216, 1.11191225052, 0.610855221748, 0.188233852386, 0.0255736857653, 0.00226342934184, 0.000360776582966, 3.20556282531e-05],
        "dvar": [5.36971995757e-08, 0.000101945617644, 0.233406111598, 11.9183683395, 26.4525642395, 6.62027645111, 16.8587188721, 233.557785034, 47.4912834167, 42.7103614807, 63.9964408875, 328.35534668, 110.665054321, 59.1784172058, 105.000854492, 431.504943848, 321.822845459, 537.659301758, 1149.28234863, 1957.67749023, 3025.94873047, 1870.19702148, 774.212402344, 1214.57202148, 1401.0189209, 742.804321289, 448.173187256, 386.078430176, 39.8327522278, 23.6180515289, 17.6021308899, 7.62062978745, 11.4745483398, 3.87805938721, 1.97757685184, 0.155897930264, 0.00269189244136, 1.85759836313e-05, 3.64181062196e-07, 1.1990304305e-09],
        "dvar2": [1.22609961295e-07, 0.000258669548202, 0.588567256927, 27.4411277771, 52.4924545288, 9.71580123901, 34.5539855957, 662.342224121, 110.361808777, 110.197761536, 120.395965576, 882.138549805, 221.98815918, 103.763549805, 233.617095947, 768.874816895, 696.518432617, 1331.65991211, 2698.41723633, 4477.60107422, 5424.20996094, 4704.71142578, 1580.34448242, 2377.34521484, 2504.54418945, 1005.80377197, 789.769226074, 572.816162109, 65.3261871338, 40.2546958923, 24.9067401886, 8.8273267746, 22.2696590424, 5.00557661057, 3.06476736069, 0.205280840397, 0.00351790688001, 2.41560519498e-05, 5.63742503346e-07, 1.68804303868e-09],
        "max": [0.00151869340334, 0.0634626746178, 3.66842031479, 28.3259849548, 40.3413887024, 25.1808185577, 32.2446060181, 102.271728516, 51.1360473633, 47.6115074158, 72.5152435303, 98.0302734375, 74.342376709, 56.482257843, 87.5100860596, 190.644668579, 114.172935486, 140.205978394, 282.978973389, 363.868286133, 414.920349121, 320.063415527, 218.672546387, 329.25869751, 368.175384521, 275.597106934, 197.969299316, 183.043136597, 58.8847351074, 48.1298065186, 43.5730209351, 29.8534183502, 33.275062561, 20.5545406342, 14.7018003464, 3.98891210556, 0.503009438515, 0.0432024002075, 0.00662882765755, 0.00042270871927],
        "mean": [0.000231412661378, 0.00412963982671, 0.12295525521, 2.18298745155, 6.72076559067, 3.17794919014, 4.13752651215, 8.17662239075, 4.53504514694, 5.15489387512, 8.0374917984, 8.63464641571, 7.78820896149, 5.01151132584, 6.15082836151, 14.123298645, 15.6769790649, 17.3788738251, 17.8198852539, 18.8750667572, 29.875541687, 29.1014785767, 24.8120689392, 31.4253501892, 30.7632713318, 28.0941905975, 19.408121109, 14.7122030258, 5.81217956543, 4.19530820847, 3.41919589043, 2.9534842968, 2.47024917603, 1.74872243404, 0.936510264874, 0.276584982872, 0.0361244231462, 0.00384120852686, 0.000821213412564, 0.000115012022434],
        "median": [0.000118215131806, 0.000796784937847, 0.0270144212991, 1.14051806927, 4.41062259674, 0.753624796867, 1.72172188759, 3.49123334885, 1.40816986561, 1.65321457386, 3.12899279594, 2.51802754402, 2.14146256447, 1.49119520187, 1.70172190666, 4.47043466568, 6.62659931183, 5.29069805145, 6.57434272766, 5.64586544037, 8.97628211975, 10.1147384644, 7.35651779175, 9.75283145905, 8.33836555481, 8.87281608582, 5.5504527092, 3.72047829628, 1.36635684967, 0.990139782429, 0.84849858284, 0.671690404415, 0.443655878305, 0.335204720497, 0.157484546304, 0.0426789224148, 0.00582474749535, 0.00126240891404, 0.000554234604351, 9.95811496978e-05],
        "min": [2.11039223359e-05, 7.45505603845e-05, 0.000150321095134, 0.000831462384667, 0.00155000551604, 0.000860176805872, 0.00123079528566, 0.00101282796822, 0.00129637704231, 0.00245784339495, 0.0055413544178, 0.00449811294675, 0.00136430899147, 0.000297584221698, 0.00118016742636, 0.00174783996772, 0.00127493112814, 0.0011465610005, 0.0010334237013, 0.000573053141125, 0.000817606516648, 0.00148935709149, 0.0010330718942, 0.00144892849494, 0.000816601095721, 0.00115409027785, 0.00125514983665, 0.000869458424859, 0.00099135551136, 0.00121993036009, 0.00132422905881, 0.00116812891793, 0.00116783916019, 0.00083094323054, 0.000425313832238, 0.000214238898479, 0.00033808031003, 0.000346722255927, 0.000217109176447, 3.24974680552e-05],
        "var": [1.06661403265e-07, 0.000101427125628, 0.191417425871, 14.6443567276, 51.5427932739, 29.3741016388, 33.4913635254, 198.760818481, 65.0222320557, 62.0983428955, 158.685058594, 318.507385254, 190.219177246, 97.0534667969, 147.984512329, 770.923034668, 577.898010254, 706.469787598, 1317.72912598, 2029.34875488, 4078.96411133, 2527.87255859, 1491.52001953, 2600.42749023, 2980.49023438, 2323.84545898, 1058.84448242, 847.143737793, 99.8283309937, 60.2463531494, 44.9043998718, 27.9532661438, 25.1365032196, 12.133181572, 4.42174005508, 0.377369642258, 0.00651189126074, 4.93619882036e-05, 7.80107313858e-07, 3.3046774206e-09]
    },
    "gfcc": {
        "mean": [-37.7365226746, 30.1428337097, -130.693603516, 20.6638336182, -62.5672264099, -13.2511529922, -52.9108734131, -9.57395267487, -39.4470062256, -10.4390268326, -21.3255252838, -17.078245163, -15.2752037048],
        "cov": [[11273.7050781, -101.236465454, -2511.67041016, 837.563171387, -1253.48730469, 150.134384155, -1196.73706055, 173.376205444, -860.812866211, 87.1298065186, -503.992919922, -46.5363731384, -201.156768799], [-101.236465454, 217.394332886, 22.480266571, 3.0135037899, 38.4982528687, -8.20707511902, 42.8006134033, 7.33690738678, 31.5985469818, -29.307849884, 17.1521511078, -14.0146179199, 16.2338314056], [-2511.67041016, 22.480266571, 774.766662598, -229.511398315, 239.345916748, 13.3050842285, 290.541809082, 18.6395187378, 225.287155151, 16.1929397583, 112.952919006, 48.9415054321, 56.8466720581], [837.563171387, 3.0135037899, -229.511398315, 123.234436035, -63.4831466675, -4.56989908218, -98.3625869751, -6.46630334854, -69.3817672729, -4.8439002037, -34.5620422363, -19.7185096741, -20.2215213776], [-1253.48730469, 38.4982528687, 239.345916748, -63.4831466675, 212.413238525, -11.2254076004, 144.272537231, -33.89868927, 86.3612976074, -26.3508358002, 53.9490242004, -4.96382045746, 25.3412780762], [150.134384155, -8.20707511902, 13.3050842285, -4.56989908218, -11.2254076004, 54.8909835815, 12.6329679489, 22.9052600861, -1.04858839512, 12.002248764, -2.02271580696, 14.7127714157, 0.0213289614767], [-1196.73706055, 42.8006134033, 290.541809082, -98.3625869751, 144.272537231, 12.6329679489, 163.663284302, 2.2925786972, 102.495872498, -9.48405647278, 58.873840332, 14.5428647995, 28.5422458649], [173.376205444, 7.33690738678, 18.6395187378, -6.46630334854, -33.89868927, 22.9052600861, 2.2925786972, 43.5632629395, 8.49758720398, 13.5119724274, -10.6730957031, 10.5158720016, 3.08105707169], [-860.812866211, 31.5985469818, 225.287155151, -69.3817672729, 86.3612976074, -1.04858839512, 102.495872498, 8.49758720398, 95.6184387207, 5.37851810455, 41.2137832642, 6.69423818588, 16.2759246826], [87.1298065186, -29.307849884, 16.1929397583, -4.8439002037, -26.3508358002, 12.002248764, -9.48405647278, 13.5119724274, 5.37851810455, 30.8033866882, 5.46060371399, 10.2977809906, -1.45787036419], [-503.992919922, 17.1521511078, 112.952919006, -34.5620422363, 53.9490242004, -2.02271580696, 58.873840332, -10.6730957031, 41.2137832642, 5.46060371399, 49.9891624451, 14.2680559158, 13.0948429108], [-46.5363731384, -14.0146179199, 48.9415054321, -19.7185096741, -4.96382045746, 14.7127714157, 14.5428647995, 10.5158720016, 6.69423818588, 10.2977809906, 14.2680559158, 29.4420890808, 16.7459259033], [-201.156768799, 16.2338314056, 56.8466720581, -20.2215213776, 25.3412780762, 0.0213289614767, 28.5422458649, 3.08105707169, 16.2759246826, -1.45787036419, 13.0948429108, 16.7459259033, 31.0462150574]],
        "icov": [[0.00444882269949, -0.00514007685706, 0.00486386567354, -0.00519306352362, 0.00353409419768, -0.00749975116923, 0.0103112533689, -0.00862506497651, 0.00954217184335, -0.00717934174463, 0.00882804021239, -0.0112816719338, 0.00474335532635], [-0.00514007685706, 0.0140899280086, -0.00515086855739, 0.00476114591584, -0.00229353271425, 0.0066289762035, -0.0104275345802, 0.00329607818276, -0.014332357794, 0.0194876156747, -0.0197265800089, 0.0241766106337, -0.013303341344], [0.00486386567354, -0.00515086855739, 0.0122711807489, -0.00214266986586, 0.00226372666657, -0.00632589869201, 0.00661371834576, -0.00904021319002, 0.00198069307953, -0.0105400662869, 0.0125076696277, -0.0200968366116, 0.00734765036032], [-0.00519306352362, 0.00476114591584, -0.00214266986586, 0.029576452449, -0.0115748597309, 0.00422923546284, 0.00517017114908, 0.00293032964692, -0.0101731354371, 0.0118047455326, -0.0186884589493, 0.0202448219061, -0.00569799309596], [0.00353409419768, -0.00229353271425, 0.00226372666657, -0.0115748597309, 0.0259764865041, -0.00707298330963, -0.0129090845585, 0.00999548844993, 0.00527322478592, -0.00206769444048, 0.00910533871502, 0.00206821854226, -0.00572642870247], [-0.00749975116923, 0.0066289762035, -0.00632589869201, 0.00422923546284, -0.00707298330963, 0.049342405051, -0.0389891304076, 0.00569245917723, -0.00401962315664, -0.00508664129302, -0.000610266113654, -0.00587255740538, 0.00859084166586], [0.0103112533689, -0.0104275345802, 0.00661371834576, 0.00517017114908, -0.0129090845585, -0.0389891304076, 0.0960393249989, -0.0425569079816, 0.00236361450516, 0.0167782716453, -0.0146784568205, -0.0115475282073, 0.00198160810396], [-0.00862506497651, 0.00329607818276, -0.00904021319002, 0.00293032964692, 0.00999548844993, 0.00569245917723, -0.0425569079816, 0.0842842236161, -0.0343529321253, -0.00929698068649, 0.0237514022738, -0.000935595366172, -0.00848904438317], [0.00954217184335, -0.014332357794, 0.00198069307953, -0.0101731354371, 0.00527322478592, -0.00401962315664, 0.00236361450516, -0.0343529321253, 0.0815346240997, -0.0353863202035, 0.00879143923521, -0.00397338019684, 0.0100315175951], [-0.00717934174463, 0.0194876156747, -0.0105400662869, 0.0118047455326, -0.00206769444048, -0.00508664129302, 0.0167782716453, -0.00929698068649, -0.0353863202035, 0.0934377759695, -0.0526875220239, 0.0288259927183, -0.0129165714607], [0.00882804021239, -0.0197265800089, 0.0125076696277, -0.0186884589493, 0.00910533871502, -0.000610266113654, -0.0146784568205, 0.0237514022738, 0.00879143923521, -0.0526875220239, 0.100004732609, -0.0760377943516, 0.0278956703842], [-0.0112816719338, 0.0241766106337, -0.0200968366116, 0.0202448219061, 0.00206821854226, -0.00587255740538, -0.0115475282073, -0.000935595366172, -0.00397338019684, 0.0288259927183, -0.0760377943516, 0.153785139322, -0.0741711035371], [0.00474335532635, -0.013303341344, 0.00734765036032, -0.00569799309596, -0.00572642870247, 0.00859084166586, 0.00198160810396, -0.00848904438317, 0.0100315175951, -0.0129165714607, 0.0278956703842, -0.0741711035371, 0.0787989646196]]
    },
    "melbands": {
        "dmean": [1.86663055501e-06, 4.78280271636e-05, 0.000341995881172, 0.000124793077703, 7.63280550018e-05, 0.000145117504871, 4.59963848698e-05, 4.48687824246e-05, 4.09907879657e-05, 6.04654596827e-05, 2.90354473691e-05, 1.49680754475e-05, 1.12618063213e-05, 2.79509986285e-05, 3.0556366255e-05, 2.65986509476e-05, 2.50823504757e-05, 1.92520728888e-05, 2.29780107475e-05, 2.42445676122e-05, 2.35755942413e-05, 2.2911657652e-05, 1.21589982882e-05, 1.69168761204e-05, 1.632866406e-05, 1.40211268445e-05, 1.26857175928e-05, 9.28147346713e-06, 6.18477133685e-06, 8.1065318227e-06, 4.40770509158e-06, 1.81872655958e-06, 1.38362963753e-06, 1.22062749597e-06, 1.05126332528e-06, 1.05552885543e-06, 8.58926455294e-07, 1.16915623494e-06, 7.62334025239e-07, 7.86543580489e-07],
        "dmean2": [3.18530715049e-06, 8.19907218101e-05, 0.000531464465894, 0.000193360654521, 0.000109342894575, 0.000258124491666, 7.0649846748e-05, 6.7487002525e-05, 5.82256507187e-05, 9.78590542218e-05, 4.67073114123e-05, 2.39751152549e-05, 1.75371787918e-05, 4.40880321548e-05, 4.75722627016e-05, 4.42445780209e-05, 4.40119183622e-05, 3.00935662381e-05, 3.79230659746e-05, 3.80444289476e-05, 4.03282610932e-05, 3.9428294258e-05, 2.12863633351e-05, 2.84433663182e-05, 2.40228619077e-05, 1.98802736122e-05, 1.70166222233e-05, 1.36051667141e-05, 9.75092370936e-06, 1.15992288556e-05, 7.16326985639e-06, 2.81398320112e-06, 1.84724535757e-06, 1.68579185811e-06, 1.45558328768e-06, 1.42428734762e-06, 1.073402359e-06, 1.76435707999e-06, 1.01413888842e-06, 9.07152582386e-07],
        "dvar": [1.16108173423e-11, 3.27976117376e-08, 4.79357254335e-07, 5.49196883526e-08, 1.26915384868e-08, 1.10693449074e-07, 1.00564863104e-08, 5.98108806926e-09, 3.36302941051e-09, 1.60305404506e-08, 2.86011481165e-09, 1.02994579532e-09, 5.59445267889e-10, 3.43078054854e-09, 3.14474801755e-09, 2.28608598718e-09, 1.64321423135e-09, 2.58527421693e-09, 3.95086496852e-09, 5.03868857749e-09, 4.31902824616e-09, 2.96325075588e-09, 7.36658956058e-10, 9.9012242849e-10, 9.31727250908e-10, 6.04375383073e-10, 7.90683185592e-10, 2.97572855246e-10, 1.23390034301e-10, 3.67434360715e-10, 1.01387787055e-10, 1.46431981124e-11, 8.49927593582e-12, 4.84534634637e-12, 6.40633596519e-12, 4.53252105986e-12, 2.53935978148e-12, 8.00321701272e-12, 2.76821664549e-12, 2.84388528352e-12],
        "dvar2": [3.18154148859e-11, 8.44283292167e-08, 1.06483173568e-06, 9.44208977671e-08, 2.26452847585e-08, 3.13587889877e-07, 2.39158453041e-08, 1.46436347492e-08, 6.92057255947e-09, 4.20091019748e-08, 5.73831782091e-09, 1.87617255065e-09, 1.13939735424e-09, 7.69804486822e-09, 5.78322545408e-09, 6.26790930269e-09, 4.0664343004e-09, 5.92157567425e-09, 9.61290602675e-09, 1.14421174757e-08, 8.13601364058e-09, 7.91571963532e-09, 1.59684943046e-09, 2.49231346672e-09, 1.81083359418e-09, 1.11933606828e-09, 1.44260470236e-09, 4.29967533799e-10, 2.35259783876e-10, 6.89726831204e-10, 1.86741080932e-10, 2.65836328645e-11, 1.37943554149e-11, 8.29422988624e-12, 9.60153397761e-12, 6.33492347121e-12, 3.13004852072e-12, 1.90196365601e-11, 3.50972159321e-12, 3.80482060788e-12],
        "max": [2.45756673394e-05, 0.00133977318183, 0.005673001986, 0.00186862505507, 0.000950592628215, 0.00225595664233, 0.000764232943766, 0.000527909724042, 0.000493735307828, 0.000683821621351, 0.000395810697228, 0.000216952146729, 0.000191487502889, 0.000524329429027, 0.000496028806083, 0.000301331834635, 0.000236592575675, 0.000430526532, 0.00048865925055, 0.000586144451518, 0.000493041879963, 0.000389659020584, 0.000196262379177, 0.000213538151002, 0.000282691355096, 0.000224156639888, 0.000273841927992, 0.000162104843184, 8.21461144369e-05, 0.000178912552656, 8.25960887596e-05, 3.27625130012e-05, 2.8232438126e-05, 2.18430013774e-05, 2.57026385952e-05, 2.15220097743e-05, 1.6991962184e-05, 2.538150693e-05, 1.68838250829e-05, 1.78142836376e-05],
        "mean": [2.21993013838e-06, 3.62617938663e-05, 0.000610210234299, 0.00033415586222, 0.000137975657708, 0.000179961163667, 6.65662446409e-05, 6.45114123472e-05, 5.93161203142e-05, 5.85918496654e-05, 3.84104496334e-05, 2.00059839699e-05, 1.66386707861e-05, 3.17578960676e-05, 4.13194902649e-05, 3.25472210534e-05, 3.1323528674e-05, 2.67846880888e-05, 2.76606679108e-05, 2.91371488856e-05, 3.52922070306e-05, 3.1529514672e-05, 2.36233208852e-05, 2.21487589442e-05, 2.60091601376e-05, 2.29876732192e-05, 2.07747543755e-05, 1.82767544175e-05, 1.22927567645e-05, 1.08744734462e-05, 7.63350453781e-06, 3.33950856657e-06, 2.51741926149e-06, 2.14667011278e-06, 1.92287939171e-06, 1.94015706256e-06, 1.73435114448e-06, 1.77402080226e-06, 1.53846633566e-06, 1.44477667163e-06],
        "median": [9.94624883788e-07, 1.08367783014e-06, 0.000375096919015, 0.000179726906936, 4.62564603367e-05, 8.54594327393e-05, 2.09118079511e-05, 2.20214751607e-05, 2.33021983149e-05, 1.61275693245e-05, 9.9379758467e-06, 6.16841771262e-06, 4.41683505414e-06, 1.02495932879e-05, 1.37582946991e-05, 1.32274890348e-05, 9.29218822421e-06, 9.23353218241e-06, 9.58643977356e-06, 7.94348397903e-06, 1.05863400677e-05, 1.03459105958e-05, 6.41127280687e-06, 6.58348744764e-06, 7.97030952526e-06, 6.5786284722e-06, 5.87725617152e-06, 6.08522077528e-06, 3.782511385e-06, 2.65043149739e-06, 1.87237867522e-06, 7.69445080095e-07, 5.73595571041e-07, 5.10484142069e-07, 4.81038625821e-07, 4.61176966837e-07, 4.14144011529e-07, 2.84790161231e-07, 3.42807766174e-07, 2.60073562686e-07],
        "min": [1.25094715031e-07, 8.65303491082e-08, 1.82462912335e-07, 1.04930464317e-07, 3.85133951397e-08, 2.4220963013e-08, 2.1667871053e-08, 2.52035530224e-08, 4.85588778076e-08, 1.33864448415e-08, 5.49995426979e-09, 9.20167053664e-10, 3.40522632314e-09, 4.14304723861e-09, 5.48003864509e-09, 2.28749152953e-09, 1.97637528565e-09, 1.88132465162e-09, 8.51008208347e-10, 7.15402626028e-10, 1.08615161309e-09, 1.37321998217e-09, 1.17652942944e-09, 8.74267103157e-10, 1.16917786563e-09, 8.38136837711e-10, 3.9189990142e-10, 8.82524220369e-10, 7.73559050149e-10, 5.74715997015e-10, 4.81853890122e-10, 6.32384589139e-10, 4.08905964644e-10, 8.08828282128e-10, 7.2698297382e-10, 8.65446325715e-10, 5.93590621101e-10, 8.53719539506e-10, 7.467571006e-10, 6.95142166052e-10],
        "var": [1.63277152215e-11, 2.51447183075e-08, 6.87499266405e-07, 1.54595028334e-07, 3.64806567177e-08, 9.55987502493e-08, 1.37026958669e-08, 9.55415924153e-09, 8.0693096649e-09, 1.58079451751e-08, 4.79222350691e-09, 1.60815805117e-09, 9.32171784207e-10, 4.5614694244e-09, 5.98900662396e-09, 2.62414734387e-09, 2.2309349923e-09, 3.08666292526e-09, 3.79346998258e-09, 5.31182031693e-09, 5.67840174881e-09, 3.31174732082e-09, 1.43159306631e-09, 1.34860655976e-09, 1.85670445685e-09, 1.45282863517e-09, 1.54255919149e-09, 9.4733676459e-10, 3.34610644748e-10, 5.74166769685e-10, 2.10975972803e-10, 3.20582622948e-11, 2.24148373473e-11, 1.41243700763e-11, 1.47872998568e-11, 1.34788083472e-11, 9.35101475419e-12, 1.37092802388e-11, 8.78768672413e-12, 8.61704978206e-12]
    },
    "mfcc": {
        "mean": [-679.24420166, 70.740737915, -21.991437912, 18.4692401886, -3.70630145073, -12.2157363892, -8.5630607605, -18.2352237701, -15.4309186935, -11.2102165222, -13.0497941971, -8.48699188232, -13.1954708099],
        "cov": [[13740.3144531, -1330.4630127, -1504.29748535, -131.102508545, -422.828796387, -534.71673584, -473.246429443, -531.567138672, -426.262695312, -454.908782959, -401.550445557, -316.627288818, -386.839263916], [-1330.4630127, 329.85055542, 180.104400635, 19.6799983978, 51.6896057129, 53.7766036987, 68.2274932861, 93.6285400391, 70.5028762817, 65.8769607544, 38.4485092163, 32.8912391663, 42.7606315613], [-1504.29748535, 180.104400635, 377.255950928, -27.3382968903, 29.9891319275, 51.4874382019, 52.1653251648, 88.0595626831, 81.6253509521, 79.2977981567, 75.7175292969, 57.2079772949, 56.8315238953], [-131.102508545, 19.6799983978, -27.3382968903, 61.7012939453, 29.1444206238, 4.93300819397, 3.32215452194, -4.66330718994, -4.45073127747, 0.405653625727, -5.6919260025, -3.89223814011, 0.684656977654], [-422.828796387, 51.6896057129, 29.9891319275, 29.1444206238, 49.9020767212, 34.1043319702, 25.6910457611, 21.1493644714, 18.2351875305, 16.6255264282, 10.3432607651, 4.2575211525, 13.3523197174], [-534.71673584, 53.7766036987, 51.4874382019, 4.93300819397, 34.1043319702, 58.2759819031, 41.4681434631, 33.9846496582, 19.6899147034, 22.3856239319, 19.7923717499, 14.0809497833, 23.574338913], [-473.246429443, 68.2274932861, 52.1653251648, 3.32215452194, 25.6910457611, 41.4681434631, 53.8084602356, 41.5395698547, 23.6364631653, 19.9883041382, 13.3960266113, 15.5215930939, 22.1439857483], [-531.567138672, 93.6285400391, 88.0595626831, -4.66330718994, 21.1493644714, 33.9846496582, 41.5395698547, 63.9834671021, 42.6115226746, 28.9770927429, 20.7727088928, 21.2456130981, 23.2149925232], [-426.262695312, 70.5028762817, 81.6253509521, -4.45073127747, 18.2351875305, 19.6899147034, 23.6364631653, 42.6115226746, 56.4395332336, 30.4479980469, 15.1481628418, 15.8018369675, 17.6911220551], [-454.908782959, 65.8769607544, 79.2977981567, 0.405653625727, 16.6255264282, 22.3856239319, 19.9883041382, 28.9770927429, 30.4479980469, 44.5322418213, 31.129863739, 16.7385311127, 13.7143325806], [-401.550445557, 38.4485092163, 75.7175292969, -5.6919260025, 10.3432607651, 19.7923717499, 13.3960266113, 20.7727088928, 15.1481628418, 31.129863739, 43.6801643372, 22.6572818756, 11.7800674438], [-316.627288818, 32.8912391663, 57.2079772949, -3.89223814011, 4.2575211525, 14.0809497833, 15.5215930939, 21.2456130981, 15.8018369675, 16.7385311127, 22.6572818756, 30.0548591614, 16.9389801025], [-386.839263916, 42.7606315613, 56.8315238953, 0.684656977654, 13.3523197174, 23.574338913, 22.1439857483, 23.2149925232, 17.6911220551, 13.7143325806, 11.7800674438, 16.9389801025, 32.1882095337]],
