{
"lowlevel": {
    "average_loudness": 0.724645912647,
    "barkbands_crest": {
        "dmean": 3.02496314049,
        "dmean2": 4.88519906998,
        "dvar": 6.6650633812,
        "dvar2": 19.4012451172,
        "max": 23.1580295563,
        "mean": 17.2487010956,
        "median": 17.8524951935,
        "min": 9.15749931335,
        "var": 11.8592605591
    },
    "barkbands_flatness_db": {
        "dmean": 0.0331832207739,
        "dmean2": 0.0498102977872,
        "dvar": 0.000857140636072,
        "dvar2": 0.00183149799705,
        "max": 0.496487051249,
        "mean": 0.356814593077,
        "median": 0.36390003562,
        "min": 0.181361243129,
        "var": 0.00554695120081
    },
    "barkbands_kurtosis": {
        "dmean": 41.599445343,
        "dmean2": 55.5301628113,
        "dvar": 3563.08227539,
        "dvar2": 6716.23535156,
        "max": 372.140045166,
        "mean": 113.848686218,
        "median": 42.9130249023,
        "min": 2.31220293045,
        "var": 14313.4257812
    },
    "barkbands_skewness": {
        "dmean": 1.51337718964,
        "dmean2": 2.17711806297,
        "dvar": 2.91865062714,
        "dvar2": 5.53468322754,
        "max": 16.3710746765,
        "mean": 6.24211120605,
        "median": 4.60988330841,
        "min": 0.611527740955,
        "var": 22.523859024
    },
    "barkbands_spread": {
        "dmean": 0.871223211288,
        "dmean2": 1.30573546886,
        "dvar": 2.06932210922,
        "dvar2": 3.72384929657,
        "max": 10.2290029526,
        "mean": 1.86663544178,
        "median": 1.11056351662,
        "min": 0.375223219395,
        "var": 3.88580822945
    },
    "dissonance": {
        "dmean": 0.068119995296,
        "dmean2": 0.121779292822,
        "dvar": 0.00335009139962,
        "dvar2": 0.0106463376433,
        "max": 0.49733915925,
        "mean": 0.388811439276,
        "median": 0.396950721741,
        "min": 0.212541937828,
        "var": 0.00417405972257
    },
    "dynamic_complexity": 12.3193340302,
    "erbbands_crest": {
        "dmean": 3.75462985039,
        "dmean2": 6.35073280334,
        "dvar": 7.61082220078,
        "dvar2": 20.2719211578,
        "max": 22.0884552002,
        "mean": 15.0585575104,
        "median": 14.7012729645,
        "min": 6.51896715164,
        "var": 13.0197649002
    },
    "erbbands_flatness_db": {
        "dmean": 0.0295430496335,
        "dmean2": 0.0460205301642,
        "dvar": 0.000825621245895,
        "dvar2": 0.0015532564139,
        "max": 0.455672293901,
        "mean": 0.318173378706,
        "median": 0.319675415754,
        "min": 0.106904633343,
        "var": 0.00509099662304
    },
    "erbbands_kurtosis": {
        "dmean": 10.7929067612,
        "dmean2": 15.3133573532,
        "dvar": 191.255447388,
        "dvar2": 307.240203857,
        "max": 125.597503662,
        "mean": 27.1873817444,
        "median": 10.7043066025,
        "min": 0.4342648983,
        "var": 985.477172852
    },
    "erbbands_skewness": {
        "dmean": 0.841852903366,
        "dmean2": 1.26804280281,
        "dvar": 0.51589769125,
        "dvar2": 1.00857436657,
        "max": 8.78526115417,
        "mean": 3.02644944191,
        "median": 2.46660852432,
        "min": 0.201386556029,
        "var": 4.83239269257
    },
    "erbbands_spread": {
        "dmean": 2.82753324509,
        "dmean2": 4.10963916779,
        "dvar": 38.1343383789,
        "dvar2": 45.9466018677,
        "max": 55.4480133057,
        "mean": 7.87542438507,
        "median": 3.94591975212,
        "min": 1.35979747772,
        "var": 120.733322144
    },
    "hfc": {
        "dmean": 2.83165550232,
        "dmean2": 4.47781801224,
        "dvar": 34.3739089966,
        "dvar2": 89.9262313843,
        "max": 56.8585319519,
        "mean": 5.64470767975,
        "median": 0.361888825893,
        "min": 0.000164275217685,
        "var": 113.537368774
    },
    "melbands_crest": {
        "dmean": 3.03989768028,
        "dmean2": 5.04080343246,
        "dvar": 6.29174613953,
        "dvar2": 17.8699684143,
        "max": 23.0289440155,
        "mean": 16.9956665039,
        "median": 17.5598545074,
        "min": 9.31942272186,
        "var": 10.4092350006
    },
    "melbands_flatness_db": {
        "dmean": 0.0339467264712,
        "dmean2": 0.0505301915109,
        "dvar": 0.00104037148412,
        "dvar2": 0.00202758982778,
        "max": 0.630123853683,
        "mean": 0.471275418997,
        "median": 0.477023810148,
        "min": 0.28657156229,
        "var": 0.00818152073771
    },
    "melbands_kurtosis": {
        "dmean": 16.9104194641,
        "dmean2": 28.6618080139,
        "dvar": 987.142700195,
        "dvar2": 1988.92578125,
        "max": 308.016326904,
        "mean": 40.9677696228,
        "median": 10.2520456314,
        "min": 0.721739530563,
        "var": 3789.70678711
    },
    "melbands_skewness": {
        "dmean": 0.856294751167,
        "dmean2": 1.42608964443,
        "dvar": 1.73460912704,
        "dvar2": 3.03091979027,
        "max": 14.7813234329,
        "mean": 2.7136349678,
        "median": 1.67394506931,
        "min": 0.194075033069,
        "var": 7.93669700623
    },
    "melbands_spread": {
        "dmean": 0.610183954239,
        "dmean2": 1.0265339613,
        "dvar": 0.455443710089,
        "dvar2": 1.11491584778,
        "max": 5.81594514847,
        "mean": 1.89684617519,
        "median": 1.62950980663,
        "min": 0.557893812656,
        "var": 1.26899385452
    },
    "pitch_salience": {
        "dmean": 0.120043069124,
        "dmean2": 0.198544725776,
        "dvar": 0.00699498830363,
        "dvar2": 0.0187135506421,
        "max": 0.841718196869,
        "mean": 0.546136558056,
        "median": 0.551149845123,
        "min": 0.261023193598,
        "var": 0.0168277453631
    },
    "silence_rate_20dB": {
        "dmean": 0,
        "dmean2": 0,
        "dvar": 0,
        "dvar2": 0,
        "max": 1,
        "mean": 1,
        "median": 1,
        "min": 1,
        "var": 0
    },
    "silence_rate_30dB": {
        "dmean": 0.0111111113802,
        "dmean2": 0.0224719103426,
        "dvar": 0.0109876384959,
        "dvar2": 0.0219669081271,
        "max": 1,
        "mean": 0.978021979332,
        "median": 1,
        "min": 0,
        "var": 0.0214949920774
    },
    "silence_rate_60dB": {
        "dmean": 0.0111111113802,
        "dmean2": 0.0224719103426,
        "dvar": 0.0109876440838,
        "dvar2": 0.0219669118524,
        "max": 1,
        "mean": 0.593406617641,
        "median": 1,
        "min": 0,
        "var": 0.241275072098
    },
    "spectral_centroid": {
        "dmean": 23.2991600037,
        "dmean2": 35.9017562866,
        "dvar": 483.882293701,
        "dvar2": 1140.5916748,
        "max": 459.800292969,
        "mean": 298.74887085,
        "median": 283.918304443,
        "min": 212.765487671,
        "var": 4456.20214844
    },
    "spectral_complexity": {
        "dmean": 1.08888888359,
        "dmean2": 1.92134833336,
        "dvar": 1.45876562595,
        "dvar2": 3.55560922623,
        "max": 20,
        "mean": 5.23076915741,
        "median": 3,
        "min": 0,
        "var": 23.012676239
    },
    "spectral_decrease": {
        "dmean": 2.08476169661e-09,
        "dmean2": 3.2964233565e-09,
        "dvar": 1.76696217861e-17,
        "dvar2": 4.56218331225e-17,
        "max": -7.45386621892e-14,
        "mean": -4.05505584666e-09,
        "median": -3.3328639848e-10,
        "min": -4.08877944835e-08,
        "var": 5.61459958078e-17
    },
    "spectral_energy": {
        "dmean": 0.00812512263656,
        "dmean2": 0.0128469830379,
        "dvar": 0.000268721894827,
        "dvar2": 0.00069419137435,
        "max": 0.159476861358,
        "mean": 0.0158166661859,
        "median": 0.00129072309937,
        "min": 2.96226602359e-07,
        "var": 0.000855176185723
    },
    "spectral_energyband_high": {
        "dmean": 3.231845767e-06,
        "dmean2": 3.94838207285e-06,
        "dvar": 1.00507727141e-10,
        "dvar2": 1.3365651641e-10,
        "max": 0.000196431559743,
        "mean": 9.29583711695e-06,
        "median": 2.34810087818e-07,
        "min": 4.3335344202e-09,
        "var": 9.87727677426e-10
    },
    "spectral_energyband_low": {
        "dmean": 0.000385034363717,
        "dmean2": 0.00063459656667,
        "dvar": 9.06764114461e-07,
        "dvar2": 2.36397522713e-06,
        "max": 0.00782715156674,
        "mean": 0.000543847621884,
        "median": 8.75356272445e-06,
        "min": 1.1372023323e-07,
        "var": 1.70775285824e-06
    },
    "spectral_energyband_middle_high": {
        "dmean": 7.00776799931e-05,
        "dmean2": 0.000106350940769,
        "dvar": 2.5260355585e-08,
        "dvar2": 6.72167175253e-08,
        "max": 0.00242755794898,
        "mean": 0.000261043023784,
        "median": 6.02247610004e-07,
        "min": 2.6908715256e-09,
        "var": 3.36121701139e-07
    },
    "spectral_energyband_middle_low": {
        "dmean": 0.00812448654324,
        "dmean2": 0.0128981126472,
        "dvar": 0.000270125281531,
        "dvar2": 0.000702465011273,
        "max": 0.155830964446,
        "mean": 0.0153139838949,
        "median": 0.00128401734401,
        "min": 2.06619262144e-07,
        "var": 0.000806664756965
    },
    "spectral_entropy": {
        "dmean": 0.288346230984,
        "dmean2": 0.419296473265,
        "dvar": 0.11555121839,
        "dvar2": 0.169999152422,
        "max": 7.6611123085,
        "mean": 5.46057081223,
        "median": 5.28135633469,
        "min": 4.48120212555,
        "var": 0.575942099094
    },
    "spectral_flux": {
        "dmean": 0.013532823883,
        "dmean2": 0.0227935612202,
        "dvar": 0.000528788252268,
        "dvar2": 0.00143329415005,
        "max": 0.293000072241,
        "mean": 0.0485525503755,
        "median": 0.0190731119365,
        "min": 0.00166864064522,
        "var": 0.00352782639675
    },
    "spectral_kurtosis": {
        "dmean": 12.450510025,
        "dmean2": 18.6711883545,
        "dvar": 141.410644531,
        "dvar2": 350.80355835,
        "max": 156.841400146,
        "mean": 45.7928009033,
        "median": 36.6596183777,
        "min": 1.65211772919,
        "var": 1301.95690918
    },
    "spectral_rms": {
        "dmean": 0.000666942098178,
        "dmean2": 0.00104378745891,
        "dvar": 9.59271119427e-07,
        "dvar2": 2.65886387751e-06,
        "max": 0.0124734593555,
        "mean": 0.00262508098967,
        "median": 0.00112215953413,
        "min": 1.70000457729e-05,
        "var": 8.53984147398e-06
    },
    "spectral_rolloff": {
        "dmean": 49.0478515625,
        "dmean2": 85.6489181519,
        "dvar": 3410.90234375,
        "dvar2": 9523.41210938,
        "max": 753.662109375,
        "mean": 346.187652588,
        "median": 344.53125,
        "min": 215.33203125,
        "var": 9326.87695312
    },
    "spectral_skewness": {
        "dmean": 0.772605538368,
        "dmean2": 1.14440977573,
        "dvar": 0.457411825657,
        "dvar2": 0.966384112835,
        "max": 10.9586296082,
        "mean": 5.39466524124,
        "median": 5.25613355637,
        "min": 1.53857207298,
        "var": 5.07930278778
    },
    "spectral_spread": {
        "dmean": 847525.125,
        "dmean2": 1191143.5,
        "dvar": 3.19732344422e+12,
        "dvar2": 2.7091664896e+12,
        "max": 22541578,
        "mean": 3127894.75,
        "median": 2197660.5,
        "min": 713828.8125,
        "var": 8.65524252672e+12
    },
    "spectral_strongpeak": {
        "dmean": 0.256770342588,
        "dmean2": 0.429418921471,
        "dvar": 0.145317897201,
        "dvar2": 0.399970531464,
        "max": 3.24542832375,
        "mean": 0.473649442196,
        "median": 0.154814243317,
        "min": 0.00057447218569,
        "var": 0.394250899553
    },
    "zerocrossingrate": {
        "dmean": 0.0040744356811,
        "dmean2": 0.00478405877948,
        "dvar": 2.41129164351e-05,
        "dvar2": 3.7960417103e-05,
        "max": 0.06201171875,
        "mean": 0.0203146468848,
        "median": 0.01708984375,
        "min": 0.005859375,
        "var": 9.73894129856e-05
    },
    "barkbands": {
        "dmean": [5.84903943945e-07, 7.95053983893e-06, 0.000222760441829, 0.000374477822334, 0.00125794985797, 0.00710350694135, 0.000509223609697, 0.000243827802478, 0.000382355065085, 0.00013451842824, 2.11570622923e-05, 2.22665312322e-05, 2.23653696594e-05, 6.99623251421e-06, 3.15466309075e-06, 6.39234849587e-06, 3.44211980519e-06, 3.80536175726e-06, 2.59964576799e-06, 1.68660722011e-06, 1.46535035128e-06, 2.58398728192e-07, 3.77370156457e-07, 5.70116583276e-07, 4.08162378562e-07, 1.20579358054e-07, 4.36202434173e-08],
        "dmean2": [8.88373961061e-07, 7.20471143723e-06, 0.000363200728316, 0.000473569059977, 0.00211273343302, 0.0110689336434, 0.000917656696402, 0.00041596245137, 0.000694608606864, 0.000234022067161, 3.43777101079e-05, 3.71696150978e-05, 4.15942158725e-05, 1.1761811038e-05, 5.4238012126e-06, 9.06563400349e-06, 4.14740134147e-06, 6.16082115812e-06, 3.82817052014e-06, 2.22821859097e-06, 2.25921849051e-06, 2.34494180518e-07, 5.75537626446e-07, 1.01418038412e-06, 6.61465378471e-07, 1.40101391821e-07, 6.17880573373e-08],
        "dvar": [3.37717809447e-12, 5.70419655954e-10, 2.46661045367e-07, 8.86391433141e-07, 6.01481406193e-06, 0.000239999222686, 1.36992991884e-06, 3.28320624021e-07, 7.8715595464e-07, 1.02151737735e-07, 3.25443072491e-09, 3.68665564743e-09, 5.32108224149e-09, 4.21112505977e-10, 1.60047447517e-10, 7.07870095873e-10, 1.7710816147e-10, 3.33026078936e-10, 9.23470674929e-11, 5.61105814589e-11, 4.32746720402e-11, 6.74248851196e-13, 1.17659712268e-12, 2.98645635131e-12, 9.17255204083e-13, 1.70321046221e-13, 2.07652888347e-14],
        "dvar2": [4.00540494869e-12, 2.58567167677e-10, 7.17140778761e-07, 1.15575971904e-06, 1.43000243042e-05, 0.000630048161838, 4.16814646087e-06, 7.66108144035e-07, 2.66891652245e-06, 3.07130505917e-07, 9.15938969115e-09, 1.00777413081e-08, 1.66756883857e-08, 1.03676278673e-09, 3.7910910522e-10, 1.50949786004e-09, 3.03075703423e-10, 9.65548863086e-10, 1.70324060411e-10, 1.0552582419e-10, 9.08721778381e-11, 3.14614003252e-13, 2.54285091247e-12, 8.4624824509e-12, 1.78193722798e-12, 1.64405259697e-13, 2.20803888005e-14],
        "max": [1.71293995663e-05, 0.00047424051445, 0.00287956139073, 0.0103865442798, 0.0164678916335, 0.131883382797, 0.00883192010224, 0.00434487266466, 0.00535995978862, 0.00198195688426, 0.000638757599518, 0.000444838922704, 0.000452050473541, 0.000260865723249, 0.000153699118528, 0.000364999403246, 0.000244469731115, 0.000196879089344, 0.000154278270202, 9.64757200563e-05, 9.26698630792e-05, 1.9694738512e-05, 1.19941705634e-05, 2.10839771171e-05, 1.33576841108e-05, 5.75955937165e-06, 1.59078911111e-06],
        "mean": [5.3613956652e-07, 2.05001288123e-05, 0.000249377160799, 0.000705686514266, 0.00246491236612, 0.0103231454268, 0.0007126252749, 0.00047397374874, 0.000486510747578, 0.000199446469196, 4.22010671173e-05, 3.40096339642e-05, 2.9313723644e-05, 1.65389938047e-05, 8.73476801644e-06, 1.34998153953e-05, 9.99022267933e-06, 6.85889608576e-06, 7.35785761208e-06, 4.04154934586e-06, 3.30075363308e-06, 1.01528644336e-06, 7.68308836996e-07, 1.11712256512e-06, 7.87183068951e-07, 2.06461976404e-07, 1.7251009865e-07],
        "median": [2.331273663e-07, 8.64852012228e-08, 4.04753563998e-06, 0.00013427734666, 0.000839471875224, 0.000295267207548, 2.38273041759e-05, 1.57841295731e-05, 1.38279870043e-06, 2.36447704083e-07, 3.7050558177e-08, 3.26664419958e-08, 1.14595017919e-08, 1.10171773926e-08, 9.06948649515e-09, 1.30786634855e-08, 1.17684004763e-08, 9.56124068807e-09, 1.15926610533e-08, 1.05086677138e-08, 9.53439194262e-09, 6.68605615317e-09, 1.31618493882e-08, 2.02825471973e-08, 2.84162133823e-08, 2.14363335971e-08, 1.5219492866e-07],
        "min": [6.69094646355e-09, 2.8491937698e-09, 4.45606822552e-08, 8.80463986164e-08, 1.03777182403e-07, 4.22342916195e-09, 9.2355811887e-09, 7.61449070463e-10, 3.48517215087e-10, 7.23757886956e-10, 5.27459298461e-10, 2.21085857954e-10, 2.72325134665e-10, 3.00579922063e-10, 1.30865610015e-10, 9.82763939672e-11, 2.03393121789e-10, 1.22028442906e-10, 1.46096329479e-10, 1.98139324392e-10, 2.1808052586e-10, 1.16474579981e-10, 2.4828850087e-10, 3.0423039088e-10, 2.32847408022e-10, 3.66168317889e-10, 3.25586402283e-09],
        "var": [3.32676551237e-12, 4.62456339889e-09, 3.35860477207e-07, 3.02197327073e-06, 1.16892051665e-05, 0.000495797547046, 1.96734686142e-06, 9.08383242404e-07, 1.08676704258e-06, 1.83857025604e-07, 9.32976185197e-09, 7.03465063978e-09, 7.30048599351e-09, 2.1628923097e-09, 7.82046427616e-10, 2.5989910224e-09, 1.48126266808e-09, 7.1062034035e-10, 6.62838561816e-10, 2.2284674106e-10, 1.79324680105e-10, 1.221598777e-11, 5.26014214824e-12, 1.13196691603e-11, 4.45752375983e-12, 4.54345897927e-13, 2.39115266487e-14]
    },
    "erbbands": {
        "dmean": [0.000102274338133, 0.0042100478895, 0.146773561835, 0.798551261425, 2.40302968025, 4.1883225441, 39.4556846619, 54.471862793, 9.97232818604, 8.72957992554, 4.48136901855, 4.62332248688, 12.077999115, 1.18177103996, 1.03348231316, 0.672379612923, 1.02626502514, 0.404807329178, 0.18404635787, 0.185181364417, 0.421282082796, 0.16914281249, 0.238691732287, 0.148098781705, 0.0890162289143, 0.0827479213476, 0.0643846169114, 0.0394417643547, 0.0105055468157, 0.00814484059811, 0.0122698573396, 0.0129783991724, 0.00955163128674, 0.00527114188299, 0.00253177573904, 0.000935793854296, 0.000133017485496, 2.77585459116e-05, 8.24516064313e-06, 8.99015140021e-06],
        "dmean2": [0.000118674848636, 0.00507046980783, 0.233562663198, 1.11521220207, 2.87094569206, 6.72641801834, 66.6802062988, 79.7710342407, 16.377954483, 13.712395668, 7.56218242645, 7.42743825912, 21.3868846893, 2.05885052681, 1.68624711037, 1.0979360342, 1.88646411896, 0.614702045918, 0.280601620674, 0.243561372161, 0.59184294939, 0.143607333302, 0.332573145628, 0.219244346023, 0.116358689964, 0.119251661003, 0.100707061589, 0.0568324141204, 0.0124638574198, 0.0115371569991, 0.0208331383765, 0.0230526551604, 0.0166059490293, 0.00924681406468, 0.00354445516132, 0.00109994993545, 0.000143463868881, 3.46283122781e-05, 1.09586671897e-05, 1.43062852658e-05],
        "dvar": [1.29804774929e-07, 0.000111910274427, 0.111832417548, 3.80074858665, 17.9191188812, 73.1634216309, 7136.64111328, 14691.6865234, 491.623962402, 425.32913208, 109.530555725, 100.078147888, 909.398010254, 6.27482032776, 9.92818164825, 4.03611373901, 11.8539657593, 1.25828588009, 0.36543738842, 0.340192377567, 3.93931269646, 0.338133454323, 0.910878300667, 0.28071719408, 0.139995664358, 0.159340456128, 0.0831111148, 0.027894333005, 0.0014308487298, 0.00070337462239, 0.00148367322981, 0.00157376308925, 0.000848128751386, 0.000176039655344, 3.61343409168e-05, 9.20844377106e-06, 2.00897233071e-07, 9.50891365648e-09, 3.32184918461e-10, 2.97336960609e-10],
        "dvar2": [1.18156727069e-07, 0.000119048607303, 0.292064160109, 7.49212694168, 28.3208904266, 165.772918701, 19754.4550781, 36402.2734375, 1250.4197998, 1163.02294922, 232.078186035, 330.722900391, 3017.31811523, 15.6507663727, 26.3094387054, 11.249920845, 36.9951477051, 2.59787559509, 0.90295779705, 0.475875139236, 9.22969722748, 0.343385338783, 2.47567343712, 0.591712236404, 0.174333706498, 0.326392143965, 0.139174863696, 0.0591442994773, 0.00153507990763, 0.00107888085768, 0.00390488468111, 0.00448282668367, 0.00225844653323, 0.000443812721642, 4.92875260534e-05, 9.03182535694e-06, 1.6588745666e-07, 9.28090138075e-09, 2.93024410292e-10, 7.78919928557e-10],
        "max": [0.00599461654201, 0.172235578299, 2.4280693531, 20.4441146851, 50.1758995056, 61.7434082031, 695.361999512, 1011.80059814, 242.537918091, 156.970565796, 95.5240402222, 74.2431640625, 183.764770508, 24.3979911804, 33.8898544312, 17.5286464691, 22.2508239746, 14.9922151566, 8.72031211853, 10.4487714767, 22.1513595581, 12.1778974533, 10.8162269592, 7.09345054626, 6.56982326508, 4.9241361618, 4.41754722595, 2.45476579666, 0.735047161579, 0.483446806669, 0.313968926668, 0.45091047883, 0.337101489305, 0.158353626728, 0.0914689823985, 0.0424225665629, 0.00642607640475, 0.0011500432156, 0.000269699055934, 0.000180234579602],
        "mean": [0.000237101980019, 0.00995818153024, 0.206712782383, 1.40082418919, 4.40792703629, 8.3585062027, 49.2074241638, 86.1799850464, 19.3513431549, 11.6193199158, 9.7923002243, 8.19333267212, 14.1378498077, 2.30886173248, 1.98642992973, 1.38579976559, 1.40177130699, 1.01583313942, 0.534693360329, 0.543896615505, 0.699393570423, 0.545286595821, 0.427587240934, 0.365257054567, 0.313263684511, 0.203351706266, 0.168530628085, 0.0911197662354, 0.0382776595652, 0.0240650624037, 0.0235552806407, 0.0237198136747, 0.0177898500115, 0.0101374518126, 0.00489608524367, 0.00154220091645, 0.000246533367317, 6.19866914349e-05, 2.76590708381e-05, 2.07187331398e-05],
        "median": [1.19817323139e-05, 0.000130650383653, 0.00475105037913, 0.184737354517, 1.92726111412, 2.37711453438, 1.73799324036, 2.62005209923, 0.62674921751, 0.678994238377, 0.123321756721, 0.0304771512747, 0.0156420581043, 0.00276172836311, 0.0016328713391, 0.00157443899661, 0.000643418636173, 0.000567426672205, 0.000566471309867, 0.000560056825634, 0.000709061219823, 0.000641976192128, 0.000595993769821, 0.000562838104088, 0.000480081042042, 0.00054176535923, 0.000462384225102, 0.000334919983288, 0.000258164654952, 0.000238586988417, 0.000430868356489, 0.000369414192392, 0.000370281690266, 0.000299858336803, 0.000217895183596, 7.37225345802e-05, 4.19221141783e-05, 3.18502970913e-05, 1.85148055607e-05, 4.83377471028e-06],
        "min": [6.91256786922e-07, 5.38113226867e-06, 3.9631529944e-05, 0.000190600563656, 0.000413660367485, 0.000294724479318, 8.39178537717e-05, 2.66420502157e-05, 0.000106425453851, 9.93340800051e-05, 1.05068074845e-05, 7.61925457482e-06, 2.08562105399e-05, 1.96039782168e-05, 1.95950451598e-05, 9.2349237093e-06, 1.27195708046e-05, 1.24022726595e-05, 1.21781167763e-05, 5.54534699404e-06, 7.65518416301e-06, 1.17912895803e-05, 6.86858084009e-06, 6.7237415351e-06, 6.0420702539e-06, 9.50819958234e-06, 1.23773679661e-05, 6.15335329712e-06, 4.50041443401e-06, 7.28482245904e-06, 6.07898709859e-06, 6.00781049798e-06, 5.02691409565e-06, 2.54144083556e-06, 1.44672515034e-06, 6.83008352098e-07, 7.55777762151e-07, 6.17764271738e-07, 4.18560148319e-07, 6.20309634769e-08],
        "var": [5.73629790779e-07, 0.000683007296175, 0.215155631304, 10.8490352631, 51.0312538147, 160.385253906, 10561.0693359, 35956.8203125, 1478.73278809, 601.782714844, 384.186767578, 257.021942139, 1033.50476074, 21.997718811, 22.8845062256, 10.796957016, 16.7326087952, 7.8534526825, 2.62113714218, 3.43720054626, 7.86264419556, 4.26687669754, 2.63292908669, 1.54290640354, 1.36021232605, 0.597495555878, 0.467560321093, 0.119908288121, 0.0172710865736, 0.00674402387813, 0.00452939048409, 0.00501336250454, 0.00294565176591, 0.0007273015799, 0.000190685284906, 2.61030345428e-05, 5.5328672488e-07, 1.56245167915e-08, 9.41930089482e-10, 1.10009668042e-09]
    },
    "gfcc": {
        "mean": [-290.224273682, 130.037200928, -25.138130188, -9.05598735809, -79.6271591187, -44.803817749, -60.3024024963, -22.0111961365, -32.710647583, -17.0297031403, -15.5795145035, -16.0566291809, -8.96507835388],
        "cov": [[22924.3242188, 3702.72314453, -6401.24853516, -1269.4934082, -1660.72521973, 1204.79309082, 814.980529785, 1060.68554688, -252.835327148, 216.846176147, 731.375061035, 285.469116211, 841.026245117], [3702.72314453, 1798.53955078, -731.950256348, -780.864746094, -603.990539551, -62.7948684692, 444.708435059, 153.478775024, 35.3280982971, -26.2309303284, 92.808807373, 25.6030864716, 165.425994873], [-6401.24853516, -731.950256348, 2244.74047852, 279.046966553, 287.183410645, -503.328857422, -273.913513184, -291.664306641, 60.8991661072, -75.4968948364, -259.95300293, -88.0707550049, -251.182769775], [-1269.4934082, -780.864746094, 279.046966553, 441.201904297, 292.766448975, 39.2216911316, -223.862457275, -56.3114700317, -8.80653762817, 29.2206783295, -35.8645133972, -9.67950534821, -74.3419876099], [-1660.72521973, -603.990539551, 287.183410645, 292.766448975, 368.984771729, 45.2552833557, -105.129447937, -84.5103378296, 5.8146276474, 20.7781524658, -31.6964111328, -20.3698577881, -67.3953094482], [1204.79309082, -62.7948684692, -503.328857422, 39.2216911316, 45.2552833557, 227.500259399, 51.9258956909, 76.9901123047, -43.8922538757, 18.1445407867, 55.3176765442, 23.1663894653, 46.7639961243], [814.980529785, 444.708435059, -273.913513184, -223.862457275, -105.129447937, 51.9258956909, 212.611785889, 41.1799812317, 11.3441514969, -16.3264274597, 22.4684047699, 15.3983659744, 48.7717895508], [1060.68554688, 153.478775024, -291.664306641, -56.3114700317, -84.5103378296, 76.9901123047, 41.1799812317, 82.1644897461, -17.5996608734, 14.541469574, 34.1285629272, 14.8236541748, 39.395149231], [-252.835327148, 35.3280982971, 60.8991661072, -8.80653762817, 5.8146276474, -43.8922538757, 11.3441514969, -17.5996608734, 44.1163482666, 7.015645504, -1.30644261837, -0.678282260895, -9.25898838043], [216.846176147, -26.2309303284, -75.4968948364, 29.2206783295, 20.7781524658, 18.1445407867, -16.3264274597, 14.541469574, 7.015645504, 43.1288719177, 21.5119590759, 2.60078763962, 5.74485731125], [731.375061035, 92.808807373, -259.95300293, -35.8645133972, -31.6964111328, 55.3176765442, 22.4684047699, 34.1285629272, -1.30644261837, 21.5119590759, 55.2386665344, 17.2130355835, 31.1489448547], [285.469116211, 25.6030864716, -88.0707550049, -9.67950534821, -20.3698577881, 23.1663894653, 15.3983659744, 14.8236541748, -0.678282260895, 2.60078763962, 17.2130355835, 30.0719242096, 20.210351944], [841.026245117, 165.425994873, -251.182769775, -74.3419876099, -67.3953094482, 46.7639961243, 48.7717895508, 39.395149231, -9.25898838043, 5.74485731125, 31.1489448547, 20.210351944, 50.9751396179]],
        "icov": [[0.00163108040579, -0.0037162124645, 0.00358687737025, -0.00289032887667, 0.00225956272334, -0.00208861613646, 0.00438146200031, -0.00117060937919, 0.00331865460612, -0.00283559341915, 0.0042815390043, -0.00329263834283, -0.000163929507835], [-0.0037162124645, 0.0127392169088, -0.00796654075384, 0.00859804544598, -0.00335105205886, 0.00909887067974, -0.0152492607012, -0.00026327118394, -0.00738416751847, 0.00624803220853, -0.0130973951891, 0.0115747032687, -0.00336025143042], [0.00358687737025, -0.00796654075384, 0.0107070691884, -0.00526312831789, 0.00327908550389, -0.000110622888315, 0.0100726597011, -0.00265026791021, 0.00957544893026, -0.00669459812343, 0.0152023695409, -0.0112767200917, 0.00628102710471], [-0.00289032887667, 0.00859804544598, -0.00526312831789, 0.022136323154, -0.00959711056203, -0.00102350709494, 0.00399957969785, -0.000470012339065, -0.0112610226497, 0.00164100795519, 0.00319999898784, -0.00334522500634, 0.00806087534875], [0.00225956272334, -0.00335105205886, 0.00327908550389, -0.00959711056203, 0.0164559297264, -0.00985748507082, 0.000365282030543, 0.010121206753, 0.00222910032608, -0.00946324039251, 0.00212415517308, 0.00286805978976, -0.00257887737826], [-0.00208861613646, 0.00909887067974, -0.000110622888315, -0.00102350709494, -0.00985748507082, 0.0359686724842, -0.0213173348457, -0.0168978292495, 0.0146013321355, 0.00913253054023, -0.0160378143191, 0.00522747915238, -0.000330644164933], [0.00438146200031, -0.0152492607012, 0.0100726597011, 0.00399957969785, 0.000365282030543, -0.0213173348457, 0.039313685149, 0.000483130017528, -0.00434229848906, -0.00585001287982, 0.028515137732, -0.0211698357016, 0.00555606046692], [-0.00117060937919, -0.00026327118394, -0.00265026791021, -0.000470012339065, 0.010121206753, -0.0168978292495, 0.000483130017528, 0.0450462326407, -0.00133319431916, -0.0125785442069, 0.0030214546714, 0.000821576977614, -0.000965450424701], [0.00331865460612, -0.00738416751847, 0.00957544893026, -0.0112610226497, 0.00222910032608, 0.0146013321355, -0.00434229848906, -0.00133319431916, 0.0512193292379, -0.0142855616286, 0.000243121074163, -0.0123806670308, 0.0103805176914], [-0.00283559341915, 0.00624803220853, -0.00669459812343, 0.00164100795519, -0.00946324039251, 0.00913253054023, -0.00585001287982, -0.0125785442069, -0.0142855616286, 0.0470405779779, -0.0271331686527, 0.0137228993699, -0.0064156553708], [0.0042815390043, -0.0130973951891, 0.0152023695409, 0.00319999898784, 0.00212415517308, -0.0160378143191, 0.028515137732, 0.0030214546714, 0.000243121074163, -0.0271331686527, 0.0770118162036, -0.0338994637132, 0.00882835127413], [-0.00329263834283, 0.0115747032687, -0.0112767200917, -0.00334522500634, 0.00286805978976, 0.00522747915238, -0.0211698357016, 0.000821576977614, -0.0123806670308, 0.0137228993699, -0.0338994637132, 0.0713218078017, -0.0364252962172], [-0.000163929507835, -0.00336025143042, 0.00628102710471, 0.00806087534875, -0.00257887737826, -0.000330644164933, 0.00555606046692, -0.000965450424701, 0.0103805176914, -0.0064156553708, 0.00882835127413, -0.0364252962172, 0.0799124166369]]
    },
    "melbands": {
        "dmean": [1.3780683048e-06, 5.63311223232e-05, 0.000164949335158, 0.000209892648854, 0.00110400584526, 0.00123049831018, 0.000140181320603, 8.29355922178e-05, 3.50180816895e-05, 4.29074680142e-05, 5.89959126955e-05, 4.72112515126e-06, 2.80893641502e-06, 3.29830504597e-06, 2.05053947866e-06, 1.78965728992e-06, 8.30465978652e-07, 3.04346514213e-07, 2.27475482006e-07, 3.437565681e-07, 5.33040633854e-07, 2.42684507157e-07, 4.19658277906e-07, 8.01059059086e-08, 1.46500141796e-07, 9.92490356566e-08, 6.23797689059e-08, 5.12675484288e-08, 3.53048008606e-08, 5.0677389396e-08, 1.57490145369e-08, 6.68466215714e-09, 4.98155561246e-09, 4.67644767355e-09, 7.94041188357e-09, 8.04278066369e-09, 8.39956548759e-09, 7.97424259957e-09, 5.0384492134e-09, 5.07341280098e-09],
        "dmean2": [9.18382340842e-07, 8.85699482751e-05, 0.00021268670389, 0.00030789009179, 0.00184418878052, 0.00180327577982, 0.000242408612394, 0.000131025226437, 5.96559839323e-05, 7.2942020779e-05, 0.000104579434264, 8.43639281811e-06, 4.51495634479e-06, 5.4428733165e-06, 3.90417653762e-06, 3.32645754497e-06, 1.28490023599e-06, 5.12739291025e-07, 3.88668411233e-07, 5.36484037639e-07, 7.8600805864e-07, 3.39485694667e-07, 5.82270274663e-07, 9.99313627403e-08, 2.24530253945e-07, 8.91024569682e-08, 9.49787875015e-08, 7.69910073473e-08, 5.14672322538e-08, 7.84086608974e-08, 1.94081071214e-08, 9.78182601585e-09, 8.43418490604e-09, 5.44164269201e-09, 1.31528468117e-08, 1.30456134784e-08, 1.48092000885e-08, 1.40190534736e-08, 6.69782362905e-09, 8.77532713162e-09],
        "dvar": [1.8006866831e-11, 1.56933275264e-08, 1.2411557293e-07, 1.8224302778e-07, 5.36862398803e-06, 7.23989205653e-06, 9.51241290181e-08, 3.80953224521e-08, 6.73651978644e-09, 9.0608702763e-09, 2.17686437765e-08, 1.09238458557e-10, 6.25811139021e-11, 8.51280920755e-11, 4.42635858522e-11, 3.44389274043e-11, 5.72189778197e-12, 1.10051995728e-12, 7.39278159089e-13, 1.48861337753e-12, 7.16442530302e-12, 1.07232929134e-12, 3.2026247973e-12, 9.41220707059e-14, 2.66265606568e-13, 1.00945273462e-13, 1.02387147155e-13, 5.75941814314e-14, 2.01123331585e-14, 6.08468150539e-14, 2.977993142e-15, 8.38414122318e-16, 2.91555887285e-16, 2.76676641836e-16, 4.85916702637e-16, 6.20018164753e-16, 6.81564478673e-16, 5.92810301817e-16, 1.76449853696e-16, 1.57684672547e-16],
        "dvar2": [4.29073053129e-12, 4.26454604963e-08, 1.68857525296e-07, 3.33458785917e-07, 1.47627433762e-05, 1.82889452844e-05, 2.44060544219e-07, 1.02635702603e-07, 1.47336596257e-08, 3.04670990658e-08, 7.22885218352e-08, 2.80533596353e-10, 1.62828986405e-10, 2.39927189227e-10, 1.50710513513e-10, 1.04565765768e-10, 1.22312836942e-11, 2.76543458272e-12, 1.59435453121e-12, 3.03071370084e-12, 1.77271322621e-11, 2.45100077387e-12, 8.86652643667e-12, 1.68062490465e-13, 6.43825054034e-13, 1.19159930946e-13, 2.11417824436e-13, 1.2358733828e-13, 2.86022290921e-14, 1.44075560943e-13, 5.17330793546e-15, 1.44357389981e-15, 5.998958383e-16, 3.23786973236e-16, 1.32603357294e-15, 1.48195137446e-15, 2.09327972233e-15, 1.75303611654e-15, 1.78242241587e-16, 4.62704188234e-16],
        "max": [8.88110662345e-05, 0.000863298540935, 0.00444978382438, 0.00394937954843, 0.0196695514023, 0.0214200466871, 0.00328117609024, 0.00146775331814, 0.00074335525278, 0.000612524978351, 0.000901124440134, 9.12615505513e-05, 9.17471479625e-05, 7.08574079908e-05, 4.94900195918e-05, 4.18710296799e-05, 3.19691680488e-05, 1.36289518196e-05, 1.12118286779e-05, 1.84724958672e-05, 2.71846110991e-05, 1.454932044e-05, 1.69426439243e-05, 5.19159084433e-06, 5.84141116633e-06, 6.02129966865e-06, 4.10004849982e-06, 2.97748192679e-06, 2.44241323344e-06, 2.97008728012e-06, 9.69357984104e-07, 4.6244244345e-07, 2.87580689928e-07, 2.57973425732e-07, 1.89843319731e-07, 2.36962051758e-07, 2.78124929309e-07, 2.58998227309e-07, 2.33908423297e-07, 1.1712781145e-07],
        "mean": [3.48106595993e-06, 7.25564168533e-05, 0.000335390912369, 0.00040066591464, 0.0014583064476, 0.00190419855062, 0.00026319938479, 0.000116682393127, 7.43874552427e-05, 5.96858735662e-05, 6.92778703524e-05, 7.81422477303e-06, 6.12526309851e-06, 4.62448588223e-06, 3.31908904627e-06, 2.50378707278e-06, 1.8464236291e-06, 8.04606827387e-07, 6.78856906688e-07, 8.38225389543e-07, 7.90508579485e-07, 5.21509321061e-07, 5.93112758906e-07, 2.62830013753e-07, 3.00270357911e-07, 2.70876086006e-07, 1.70432173263e-07, 1.23815098618e-07, 9.80158532116e-08, 9.01510119888e-08, 4.24338253424e-08, 2.33550085937e-08, 1.48176138026e-08, 1.20872396536e-08, 1.27609549594e-08, 1.44696032933e-08, 1.43424916388e-08, 1.28843717917e-08, 1.04650776933e-08, 7.94001842053e-09],
        "median": [5.46023706249e-08, 9.41069856708e-07, 0.000100797093182, 0.00015995297872, 6.95407361491e-05, 5.73958786845e-05, 9.54120423557e-06, 6.68820712235e-06, 5.56731833967e-07, 1.51013679783e-07, 6.62389254558e-08, 8.57315729519e-09, 5.02730346241e-09, 4.61458116163e-09, 1.54326873503e-09, 1.18421628059e-09, 9.50750922435e-10, 9.90975523862e-10, 7.64659613406e-10, 9.11557329619e-10, 6.66764365942e-10, 6.02685290563e-10, 6.20455631317e-10, 4.79284500976e-10, 4.41230219028e-10, 4.10327688494e-10, 2.95192315036e-10, 3.73685027366e-10, 3.255055947e-10, 2.17980453132e-10, 1.87398888074e-10, 1.44244047262e-10, 1.29405194893e-10, 1.28945895628e-10, 2.58000204534e-10, 2.48874726383e-10, 2.29224417225e-10, 3.01826286186e-10, 2.74301720227e-10, 2.67025374034e-10],
        "min": [4.48439241296e-09, 1.5962079658e-08, 4.03338447086e-08, 2.79194836139e-08, 4.14233758406e-09, 6.5955552131e-10, 1.72392866649e-09, 8.75000460976e-10, 4.44909942221e-11, 4.99256989916e-11, 1.07443234865e-10, 8.07157118921e-11, 7.40501895913e-11, 2.94952430535e-11, 2.4918169958e-11, 2.53669047573e-11, 2.33963334817e-11, 2.34656183373e-11, 8.21017125813e-12, 5.45220812942e-12, 1.00295110758e-11, 1.37798982294e-11, 7.66999311286e-12, 5.09536683679e-12, 5.25734490664e-12, 6.43234684267e-12, 2.23290266485e-12, 7.58855044775e-12, 9.76103052552e-12, 3.92009168182e-12, 3.16972273082e-12, 2.66702502097e-12, 2.01737780127e-12, 5.14523319783e-12, 3.84952833499e-12, 2.67632877665e-12, 3.90177863976e-12, 3.90849548906e-12, 3.24219492399e-12, 1.67936628145e-12],
        "var": [1.48873677275e-10, 2.79439245077e-08, 4.6394248443e-07, 3.68076257473e-07, 8.69357154443e-06, 1.72724103322e-05, 2.74764886399e-07, 5.84576831386e-08, 2.23003855382e-08, 1.5512409135e-08, 2.48829863381e-08, 2.90242524459e-10, 1.97224708787e-10, 1.37744718409e-10, 7.16351492014e-11, 5.42714449769e-11, 2.79619313814e-11, 6.17207630491e-12, 4.82960980236e-12, 9.09857866133e-12, 1.08981721217e-11, 4.12425779292e-12, 6.11555250885e-12, 8.27636570389e-13, 1.04585014694e-12, 9.57582103889e-13, 4.32278155328e-13, 2.15560588043e-13, 1.47148772659e-13, 1.53000469282e-13, 2.23698707805e-14, 6.70642613505e-15, 2.46953366332e-15, 1.83081131703e-15, 1.37890441659e-15, 1.69311541766e-15, 1.93669763522e-15, 1.58479875019e-15, 1.01001828581e-15, 4.21759833174e-16]
    },
    "mfcc": {
        "mean": [-934.460144043, 158.006637573, 69.4003295898, 27.5397834778, -6.77674770355, -27.023317337, -25.5369720459, -28.0108203888, -23.8540382385, -18.4792613983, -17.5957145691, -12.9613924026, -13.9487810135],
        "cov": [[18667.8632812, 5027.59912109, -3630.33642578, -2298.68139648, -1844.18908691, -701.278137207, 817.971801758, 480.603515625, 374.841400146, 352.156677246, 40.268081665, 291.820861816, 97.7034912109], [5027.59912109, 2760.65820312, -496.908996582, -877.629943848, -1088.16687012, -501.101348877, 123.609069824, 108.702888489, 133.428329468, 107.858596802, 29.1700839996, -17.4095458984, -40.258605957], [-3630.33642578, -496.908996582, 1179.65344238, 471.67300415, 150.429214478, -60.3842544556, -311.575317383, -140.856231689, -88.6557769775, -92.1503677368, -44.1601600647, -98.1103210449, -63.3140563965], [-2298.68139648, -877.629943848, 471.67300415, 460.734863281, 374.859100342, 139.228240967, -149.147994995, -98.5978546143, -67.9456634521, -61.7974777222, -1.24982178211, -22.6024208069, 3.62035894394], [-1844.18908691, -1088.16687012, 150.429214478, 374.859100342, 525.328430176, 223.57220459, -17.4602375031, -64.8919296265, -59.0529937744, -43.4304351807, -2.16380786896, 23.5385475159, 35.0618515015], [-701.278137207, -501.101348877, -60.3842544556, 139.228240967, 223.57220459, 179.449783325, 54.7819862366, 14.0086145401, -5.57119941711, -7.71366691589, 19.0952033997, 13.1608781815, 22.4297790527], [817.971801758, 123.609069824, -311.575317383, -149.147994995, -17.4602375031, 54.7819862366, 164.954360962, 71.9600067139, 48.3858833313, 30.4212779999, 9.14510536194, 26.2392902374, 17.8708705902], [480.603515625, 108.702888489, -140.856231689, -98.5978546143, -64.8919296265, 14.0086145401, 71.9600067139, 69.5044555664, 38.9055519104, 21.2609481812, 0.46614548564, 6.69454622269, 2.8596842289], [374.841400146, 133.428329468, -88.6557769775, -67.9456634521, -59.0529937744, -5.57119941711, 48.3858833313, 38.9055519104, 42.5370559692, 21.3121299744, 8.46003246307, 3.5734910965, 2.84201431274], [352.156677246, 107.858596802, -92.1503677368, -61.7974777222, -43.4304351807, -7.71366691589, 30.4212779999, 21.2609481812, 21.3121299744, 24.4078712463, 14.6450157166, 11.0075912476, 4.0056180954], [40.268081665, 29.1700839996, -44.1601600647, -1.24982178211, -2.16380786896, 19.0952033997, 9.14510536194, 0.46614548564, 8.46003246307, 14.6450157166, 39.5209350586, 11.6711750031, 10.244099617], [291.820861816, -17.4095458984, -98.1103210449, -22.6024208069, 23.5385475159, 13.1608781815, 26.2392902374, 6.69454622269, 3.5734910965, 11.0075912476, 11.6711750031, 29.2499294281, 18.0907421112], [97.7034912109, -40.258605957, -63.3140563965, 3.62035894394, 35.0618515015, 22.4297790527, 17.8708705902, 2.8596842289, 2.84201431274, 4.0056180954, 10.244099617, 18.0907421112, 26.3619041443]],
