{
"lowlevel": {
    "average_loudness": 0.850120842457,
    "barkbands_crest": {
        "dmean": 0.697489440441,
        "dmean2": 0.94672191143,
        "dvar": 0.841355681419,
        "dvar2": 0.974431812763,
        "max": 20.2210788727,
        "mean": 17.9774303436,
        "median": 18.1135864258,
        "min": 8.54674720764,
        "var": 2.7993710041
    },
    "barkbands_flatness_db": {
        "dmean": 0.0113173639402,
        "dmean2": 0.0162652544677,
        "dvar": 8.41026412672e-05,
        "dvar2": 0.000136335962452,
        "max": 0.214491575956,
        "mean": 0.16951534152,
        "median": 0.170332029462,
        "min": 0.0619687996805,
        "var": 0.000512629281729
    },
    "barkbands_kurtosis": {
        "dmean": 2.43591165543,
        "dmean2": 3.9579231739,
        "dvar": 5.41267585754,
        "dvar2": 14.9048662186,
        "max": 29.8905067444,
        "mean": 12.1038722992,
        "median": 8.3517036438,
        "min": 0.463063955307,
        "var": 72.1286239624
    },
    "barkbands_skewness": {
        "dmean": 0.31728592515,
        "dmean2": 0.510046303272,
        "dvar": 0.0611951053143,
        "dvar2": 0.163715794683,
        "max": 5.24504709244,
        "mean": 3.34731411934,
        "median": 3.03296589851,
        "min": 1.31152057648,
        "var": 1.04910349846
    },
    "barkbands_spread": {
        "dmean": 2.14116430283,
        "dmean2": 3.55318164825,
        "dvar": 5.28463411331,
        "dvar2": 13.3595409393,
        "max": 34.354598999,
        "mean": 14.9818086624,
        "median": 14.4436101913,
        "min": 6.0408577919,
        "var": 44.4481391907
    },
    "dissonance": {
        "dmean": 0.00530534749851,
        "dmean2": 0.00888422410935,
        "dvar": 1.93566265807e-05,
        "dvar2": 5.35630351806e-05,
        "max": 0.494986921549,
        "mean": 0.482527196407,
        "median": 0.483101606369,
        "min": 0.464727848768,
        "var": 3.46387278114e-05
    },
    "dynamic_complexity": 6.31694173813,
    "erbbands_crest": {
        "dmean": 1.1232945919,
        "dmean2": 1.75723111629,
        "dvar": 0.786269783974,
        "dvar2": 1.73834753036,
        "max": 19.4326496124,
        "mean": 12.7332057953,
        "median": 11.5800247192,
        "min": 4.16687393188,
        "var": 15.835940361
    },
    "erbbands_flatness_db": {
        "dmean": 0.00580606563017,
        "dmean2": 0.00809761416167,
        "dvar": 4.04980273743e-05,
        "dvar2": 6.56515985611e-05,
        "max": 0.164369389415,
        "mean": 0.139233574271,
        "median": 0.139426976442,
        "min": 0.0802423655987,
        "var": 0.000121349614346
    },
    "erbbands_kurtosis": {
        "dmean": 0.142715543509,
        "dmean2": 0.232127130032,
        "dvar": 0.0172768030316,
        "dvar2": 0.0449671857059,
        "max": -0.44432258606,
        "mean": -1.271671772,
        "median": -1.42407822609,
        "min": -1.68197882175,
        "var": 0.108043536544
    },
    "erbbands_skewness": {
        "dmean": 0.150426656008,
        "dmean2": 0.250224471092,
        "dvar": 0.0119099495932,
        "dvar2": 0.0315907299519,
        "max": 1.07307624817,
        "mean": 0.267375648022,
        "median": 0.119282700121,
        "min": -0.531285822392,
        "var": 0.191710084677
    },
    "erbbands_spread": {
        "dmean": 4.45275354385,
        "dmean2": 7.46244239807,
        "dvar": 21.4297065735,
        "dvar2": 55.9220657349,
        "max": 91.9880523682,
        "mean": 73.1925506592,
        "median": 74.0083618164,
        "min": 58.2571640015,
        "var": 51.8185272217
    },
    "hfc": {
        "dmean": 1.2399469614,
        "dmean2": 1.7646958828,
        "dvar": 11.8627157211,
        "dvar2": 26.6590576172,
        "max": 67.311050415,
        "mean": 8.35710048676,
        "median": 2.1446928978,
        "min": 0.143893226981,
        "var": 177.274856567
    },
    "melbands_crest": {
        "dmean": 0.604822039604,
        "dmean2": 0.831740796566,
        "dvar": 0.431194990873,
        "dvar2": 0.578918814659,
        "max": 20.9013214111,
        "mean": 19.4623661041,
        "median": 19.6798858643,
        "min": 12.5095510483,
        "var": 1.12189340591
    },
    "melbands_flatness_db": {
        "dmean": 0.0105152754113,
        "dmean2": 0.0151984328404,
        "dvar": 7.93260842329e-05,
        "dvar2": 0.000153441098519,
        "max": 0.312659591436,
        "mean": 0.248921796679,
        "median": 0.242022007704,
        "min": 0.129369705915,
        "var": 0.0013188358862
    },
    "melbands_kurtosis": {
        "dmean": 8.2476606369,
        "dmean2": 13.71235466,
        "dvar": 43.6496124268,
        "dvar2": 110.215263367,
        "max": 111.206687927,
        "mean": 47.9082679749,
        "median": 37.7068824768,
        "min": 9.08312320709,
        "var": 562.044189453
    },
    "melbands_skewness": {
        "dmean": 0.519386589527,
        "dmean2": 0.865235924721,
        "dvar": 0.154033377767,
        "dvar2": 0.38386285305,
        "max": 9.62765598297,
        "mean": 6.31284809113,
        "median": 5.85800361633,
        "min": 2.89051508904,
        "var": 2.09817028046
    },
    "melbands_spread": {
        "dmean": 1.50274848938,
        "dmean2": 2.39908957481,
        "dvar": 2.59564065933,
        "dvar2": 6.1555685997,
        "max": 28.4920101166,
        "mean": 9.53594684601,
        "median": 9.30968284607,
        "min": 3.55897450447,
        "var": 25.2567691803
    },
    "pitch_salience": {
        "dmean": 0.0542596951127,
        "dmean2": 0.0820920839906,
        "dvar": 0.00247991224751,
        "dvar2": 0.00396901601925,
        "max": 0.646502614021,
        "mean": 0.267068743706,
        "median": 0.261385828257,
        "min": 0.138931944966,
        "var": 0.00568758556619
    },
    "silence_rate_20dB": {
        "dmean": 0,
        "dmean2": 0,
        "dvar": 0,
        "dvar2": 0,
        "max": 1,
        "mean": 1,
        "median": 1,
        "min": 1,
        "var": 0
    },
    "silence_rate_30dB": {
        "dmean": 0,
        "dmean2": 0,
        "dvar": 0,
        "dvar2": 0,
        "max": 1,
        "mean": 1,
        "median": 1,
        "min": 1,
        "var": 0
    },
    "silence_rate_60dB": {
        "dmean": 0.0101010100916,
        "dmean2": 0.0204081628472,
        "dvar": 0.00999898463488,
        "dvar2": 0.0199916809797,
        "max": 1,
        "mean": 0.430000007153,
        "median": 0,
        "min": 0,
        "var": 0.245099872351
    },
    "spectral_centroid": {
        "dmean": 97.9343338013,
        "dmean2": 155.83984375,
        "dvar": 8982.43261719,
        "dvar2": 26177.5527344,
        "max": 1850.69616699,
        "mean": 908.050170898,
        "median": 919.188476562,
        "min": 439.305023193,
        "var": 122316.90625
    },
    "spectral_complexity": {
        "dmean": 1.37373733521,
        "dmean2": 2.04081630707,
        "dvar": 7.52698993683,
        "dvar2": 12.5493450165,
        "max": 53,
        "mean": 9.84000015259,
        "median": 2,
        "min": 1,
        "var": 201.314605713
    },
    "spectral_decrease": {
        "dmean": 4.09958428316e-10,
        "dmean2": 5.64097990541e-10,
        "dvar": 8.9942201776e-19,
        "dvar2": 1.2194862175e-18,
        "max": -5.70982115755e-11,
        "mean": -3.02860958534e-09,
        "median": -1.16321985377e-09,
        "min": -1.67442166799e-08,
        "var": 1.57139368618e-17
    },
    "spectral_energy": {
        "dmean": 0.001583213103,
        "dmean2": 0.00217531016096,
        "dvar": 1.44458153954e-05,
        "dvar2": 1.97727185878e-05,
        "max": 0.0677060857415,
        "mean": 0.0121886869892,
        "median": 0.00459549482912,
        "min": 0.000228553355555,
        "var": 0.000260498200078
    },
    "spectral_energyband_high": {
        "dmean": 0.000100163510069,
        "dmean2": 0.000166596611962,
        "dvar": 6.78298732737e-08,
        "dvar2": 1.60331865118e-07,
        "max": 0.0044032423757,
        "mean": 0.000500012363773,
        "median": 6.89681619406e-05,
        "min": 3.42005205312e-06,
        "var": 8.41657481487e-07
    },
    "spectral_energyband_low": {
        "dmean": 4.29719111708e-05,
        "dmean2": 4.31013286288e-05,
        "dvar": 7.96888883769e-08,
        "dvar2": 5.91054245547e-08,
        "max": 0.0032895449549,
        "mean": 7.84882431617e-05,
        "median": 1.96114360733e-05,
        "min": 2.08096616916e-06,
        "var": 1.09516442137e-07
    },
    "spectral_energyband_middle_high": {
        "dmean": 0.00019932606665,
        "dmean2": 0.000329962291289,
        "dvar": 2.15395800751e-07,
        "dvar2": 5.36542302143e-07,
        "max": 0.0103256963193,
        "mean": 0.00125322805252,
        "median": 0.000365604588296,
        "min": 7.00178043189e-06,
        "var": 3.97492749471e-06
    },
    "spectral_energyband_middle_low": {
        "dmean": 0.00156570959371,
        "dmean2": 0.00212975079194,
        "dvar": 1.25363812913e-05,
        "dvar2": 1.61221905728e-05,
        "max": 0.0572457201779,
        "mean": 0.010428763926,
        "median": 0.00409934716299,
        "min": 0.000188761187019,
        "var": 0.000179091221071
    },
    "spectral_entropy": {
        "dmean": 0.0648357123137,
        "dmean2": 0.101630881429,
        "dvar": 0.00662456732243,
        "dvar2": 0.0144054060802,
        "max": 8.10830307007,
        "mean": 7.62506151199,
        "median": 7.65239286423,
        "min": 7.22574567795,
        "var": 0.0449125990272
    },
    "spectral_flux": {
        "dmean": 0.00321353180334,
        "dmean2": 0.00393438478932,
        "dvar": 5.10623976879e-05,
        "dvar2": 2.95412883133e-05,
        "max": 0.195436879992,
        "mean": 0.0260642077774,
        "median": 0.0156031250954,
        "min": 0.00332878530025,
        "var": 0.00088958122069
    },
    "spectral_kurtosis": {
        "dmean": 0.539614677429,
        "dmean2": 0.893471956253,
        "dvar": 0.413553595543,
        "dvar2": 1.14502942562,
        "max": 8.01269435883,
        "mean": 4.06533336639,
        "median": 3.65119385719,
        "min": 1.89421844482,
        "var": 2.19635748863
    },
    "spectral_rms": {
        "dmean": 0.000155980422278,
        "dmean2": 0.000215351290535,
        "dvar": 7.23314457218e-08,
        "dvar2": 1.01258500251e-07,
        "max": 0.00812740530819,
        "mean": 0.00278529757634,
        "median": 0.00211737025529,
        "min": 0.000472206389531,
        "var": 4.13351926909e-06
    },
    "spectral_rolloff": {
        "dmean": 137.02947998,
        "dmean2": 242.358398438,
        "dvar": 103118.851562,
        "dvar2": 259360.546875,
        "max": 2519.38476562,
        "mean": 427.649383545,
        "median": 215.33203125,
        "min": 215.33203125,
        "var": 230642.796875
    },
    "spectral_skewness": {
        "dmean": 0.0709915012121,
        "dmean2": 0.111812278628,
        "dvar": 0.00275817327201,
        "dvar2": 0.00741674285382,
        "max": 2.14710068703,
        "mean": 1.40246534348,
        "median": 1.30186152458,
        "min": 1.05293798447,
        "var": 0.0714096426964
    },
    "spectral_spread": {
        "dmean": 480016.78125,
        "dmean2": 791696.5,
        "dvar": 810903207936,
        "dvar2": 1.61111225139e+12,
        "max": 12953527,
        "mean": 5042350.5,
        "median": 4862081,
        "min": 4196062.5,
        "var": 1.04027933901e+12
    },
    "spectral_strongpeak": {
        "dmean": 0.0982080027461,
        "dmean2": 0.177148833871,
        "dvar": 0.0210021343082,
        "dvar2": 0.0396657288074,
        "max": 1.73611533642,
        "mean": 0.513656556606,
        "median": 0.411700248718,
        "min": 0.0402089133859,
        "var": 0.138927400112
    },
    "zerocrossingrate": {
        "dmean": 0.00449317414314,
        "dmean2": 0.00594905950129,
        "dvar": 1.51575395648e-05,
        "dvar2": 2.87481634587e-05,
        "max": 0.0712890625,
        "mean": 0.0355126969516,
        "median": 0.033203125,
        "min": 0.0166015625,
        "var": 9.43940030993e-05
    },
    "barkbands": {
        "dmean": [9.88313968264e-06, 7.76253364165e-06, 9.81669472822e-06, 0.000210813319427, 0.00146189227235, 0.000250699726166, 7.58481546654e-05, 3.69298395526e-05, 0.00011166841432, 3.72077593056e-05, 1.37298575282e-05, 3.76518764824e-05, 6.03278967901e-05, 6.11806390225e-05, 4.2763469537e-05, 6.41685983283e-05, 6.05556051596e-05, 5.49680553377e-05, 7.67951351008e-05, 8.78213686519e-05, 4.1645795136e-05, 2.49045933742e-05, 2.26620941248e-05, 1.42889339259e-05, 1.26704517243e-05, 2.15784507418e-06, 3.69243451814e-07],
        "dmean2": [1.25259784909e-05, 8.09024732007e-06, 8.24514700071e-06, 0.000283030734863, 0.00181751232594, 0.000375803909265, 0.000128107552882, 5.23917697137e-05, 0.000184702803381, 5.08866723976e-05, 1.93892028619e-05, 6.38656856609e-05, 9.28299486986e-05, 0.00010746656335, 7.27991355234e-05, 0.000106048013549, 0.000103055615909, 8.71550873853e-05, 0.000123219273519, 0.000143469733302, 7.49352766434e-05, 4.49278522865e-05, 3.60834128514e-05, 2.22334419959e-05, 2.09984191315e-05, 3.17113085657e-06, 6.41877420549e-07],
        "dvar": [1.75683412262e-09, 5.20610266008e-09, 4.72286743047e-09, 2.7144611181e-07, 9.87432031252e-06, 2.18125549623e-07, 2.75747140677e-08, 6.03506977725e-09, 2.34141026567e-07, 2.30074075347e-08, 1.87704141119e-09, 3.81728426646e-09, 1.33334641106e-08, 2.4468983284e-08, 6.37118047209e-09, 1.28657706711e-08, 2.10629647057e-08, 1.18951151151e-08, 2.91348491999e-08, 4.94741136947e-08, 9.22110299229e-09, 7.02426028454e-09, 7.71999797422e-09, 1.4574289553e-09, 1.44401113289e-09, 1.70444526548e-11, 2.63159692605e-13],
        "dvar2": [1.74293768307e-09, 5.22624299393e-09, 2.57765653267e-09, 3.80832460678e-07, 1.20842560136e-05, 5.28423527157e-07, 7.17900192626e-08, 1.24698065207e-08, 6.2454273575e-07, 2.2829588886e-08, 1.75444381245e-09, 1.16876970324e-08, 3.16459427552e-08, 6.85017838009e-08, 1.37497870867e-08, 4.33601137217e-08, 5.4205781197e-08, 2.82807768315e-08, 5.76375178696e-08, 1.22706993011e-07, 2.7795426405e-08, 2.15100950385e-08, 2.06245687195e-08, 3.76733133578e-09, 3.95729715663e-09, 3.41223056755e-11, 7.55957525311e-13],
        "max": [0.000426165643148, 0.000724280020222, 0.000909693771973, 0.0103797633201, 0.0444019772112, 0.00380519707687, 0.00151815451682, 0.00102717941627, 0.00382553576492, 0.00211473018862, 0.000620708218776, 0.000649614958093, 0.00110317964572, 0.00139075529296, 0.000788267236203, 0.00102567893919, 0.0015161811607, 0.0015850373311, 0.00190062599722, 0.00212745578028, 0.00148595392238, 0.000840067397803, 0.000800360459834, 0.000561607826967, 0.000572402437683, 0.000104366365122, 7.65572076489e-06],
        "mean": [1.17791860248e-05, 7.94720926933e-06, 1.41227792483e-05, 0.00210949475877, 0.00744327902794, 0.000469462596811, 0.000144413425005, 0.000111157205538, 0.00011114818335, 7.61814881116e-05, 2.97847764159e-05, 7.70043770899e-05, 8.58990024426e-05, 0.000100817924249, 9.51126421569e-05, 0.000139337062137, 0.000152207256178, 0.000168352635228, 0.000247799762292, 0.000205843243748, 0.000157981688972, 5.92673204665e-05, 4.94760097354e-05, 5.36585830559e-05, 5.19872592122e-05, 1.15079119496e-05, 2.49451250056e-06],
        "median": [4.28689691034e-06, 5.3759004004e-07, 4.60262128854e-07, 0.000850937562063, 0.00306572159752, 8.87638889253e-05, 2.36392570514e-05, 2.00089143618e-05, 1.50205032696e-05, 9.68876065599e-06, 7.04924877937e-06, 2.72541983577e-05, 2.56935327343e-05, 2.82920427708e-05, 2.96769194392e-05, 4.36040791101e-05, 3.75988529413e-05, 4.89669982926e-05, 5.78341932851e-05, 3.40975784638e-05, 2.23189545068e-05, 9.60120542004e-06, 6.29106489214e-06, 7.3290839282e-06, 6.44549572826e-06, 1.47718583321e-06, 2.19324601858e-06],
        "min": [1.69670517636e-08, 2.50714577987e-08, 2.09459720679e-08, 6.79916629451e-05, 0.000112512338092, 1.68872873019e-06, 4.52224099945e-07, 3.12704941052e-07, 3.81112243986e-07, 2.55634660107e-07, 2.84596808342e-07, 2.19662169343e-07, 9.5883206086e-07, 9.68866061157e-07, 3.8729635321e-07, 8.80749382759e-07, 1.27035866626e-06, 6.91641105277e-07, 3.10556089289e-07, 8.36042488572e-07, 4.52559220321e-07, 1.70035150404e-07, 1.55860703899e-07, 1.89043959153e-07, 1.84649408652e-07, 1.96496259264e-07, 1.21484561078e-06],
        "var": [1.83502135709e-09, 5.18371034985e-09, 8.75106742626e-09, 6.80001357978e-06, 8.95718840184e-05, 6.52587971217e-07, 7.18891612905e-08, 3.90609109502e-08, 1.59618522844e-07, 6.07132619734e-08, 5.03659869366e-09, 1.39223672591e-08, 2.70343054609e-08, 3.9052761025e-08, 2.03589909376e-08, 4.20002557178e-08, 6.42946886842e-08, 7.58811609103e-08, 1.74173905521e-07, 1.39691877621e-07, 9.49295113628e-08, 1.43985827705e-08, 1.24024790438e-08, 1.0647276838e-08, 1.09152873407e-08, 4.81189255108e-10, 9.91834652603e-13]
    },
    "erbbands": {
        "dmean": [0.000259859138168, 0.00184664991684, 0.0119228120893, 0.326989322901, 6.30403995514, 1.84871709347, 0.267542809248, 3.00500488281, 1.31642723083, 1.62323307991, 0.475893825293, 2.35540008545, 1.49743819237, 0.880296945572, 0.70364356041, 1.43108034134, 2.4889023304, 3.16431951523, 1.98227334023, 1.87793278694, 3.1765422821, 3.33145523071, 3.08919477463, 3.35643148422, 4.52469682693, 4.42528820038, 2.23508024216, 1.00236821175, 0.848366618156, 0.825773000717, 0.642683267593, 0.336440622807, 0.279266029596, 0.20021571219, 0.0831631571054, 0.0205211471766, 0.00321484729648, 0.00035832382855, 6.23623272986e-05, 6.64850449539e-06],
        "dmean2": [0.000281770131551, 0.00192415481433, 0.0117162587121, 0.436865270138, 7.78406620026, 2.46798610687, 0.415595620871, 4.54628133774, 2.10344004631, 2.85751819611, 0.813098192215, 3.89746570587, 2.77886390686, 1.13069689274, 1.2287324667, 2.36706733704, 4.06479263306, 5.53861284256, 3.10639429092, 3.2241153717, 4.88985347748, 5.55236959457, 4.88255977631, 5.73432779312, 6.64374446869, 7.26034498215, 4.09707593918, 1.70629894733, 1.47612524033, 1.45027422905, 1.0421500206, 0.510402858257, 0.482242673635, 0.346560150385, 0.120117790997, 0.0321962237358, 0.00501829199493, 0.000574771314859, 0.000108283449663, 1.07883042801e-05],
        "dvar": [4.94299638376e-06, 0.000259069580352, 0.00439932383597, 0.466705709696, 224.370620728, 10.9755363464, 0.365438401699, 31.6428585052, 12.6144418716, 17.2927932739, 0.733422279358, 88.6222381592, 27.7590675354, 11.8341407776, 2.76725053787, 4.36549472809, 22.9252910614, 67.4817276001, 9.33257007599, 10.3912887573, 29.8177223206, 84.1869735718, 40.515537262, 41.5950012207, 148.213165283, 118.16519928, 30.5051631927, 4.90735626221, 6.55980205536, 12.9176139832, 5.78193902969, 0.816608607769, 0.542449533939, 0.346591293812, 0.0400971621275, 0.0017404811224, 4.49202925665e-05, 5.87037561672e-07, 6.71567912391e-09, 5.83722029046e-11],
        "dvar2": [4.92667504659e-06, 0.000257232633885, 0.00318996421993, 0.693767249584, 243.048309326, 21.583530426, 0.806822121143, 78.3547439575, 26.1028213501, 53.7834968567, 2.13643717766, 234.386322021, 72.1033401489, 11.0281772614, 7.62617731094, 12.5834665298, 55.1718482971, 190.340881348, 18.523525238, 34.8642845154, 90.0079727173, 228.040893555, 104.415939331, 107.805435181, 253.351898193, 316.714874268, 94.5862426758, 13.0777311325, 19.5098400116, 36.8409156799, 16.2847576141, 1.88801932335, 1.56839668751, 1.09032225609, 0.0920246392488, 0.00412325048819, 0.000111563495011, 1.58977445608e-06, 1.83969888212e-08, 1.24109791888e-10],
        "max": [0.0228835940361, 0.169415235519, 0.990772128105, 14.726067543, 207.467971802, 51.0678749084, 6.6492857933, 45.88331604, 35.847328186, 41.8635902405, 10.9668626785, 76.8127059937, 64.1195831299, 46.0018959045, 19.1666164398, 21.195810318, 40.0783996582, 78.44972229, 40.1446685791, 34.4838218689, 59.0130500793, 98.8230514526, 82.905632019, 91.6134872437, 105.76234436, 99.3696289062, 74.9182815552, 37.0471572876, 27.8558368683, 34.1896018982, 20.9075508118, 10.6424036026, 10.4731645584, 7.55667543411, 3.22492003441, 0.89820599556, 0.112986132503, 0.0108083439991, 0.00141585094389, 0.000168497281265],
        "mean": [0.000362239516107, 0.00305360322818, 0.0521769635379, 2.92335605621, 35.8493919373, 8.41273784637, 0.906670928001, 5.73389339447, 2.46486854553, 3.73223423958, 1.40476059914, 2.46056389809, 3.20210146904, 1.55101490021, 1.70794951916, 3.27597689629, 4.01347732544, 5.55371952057, 4.74905252457, 5.20062828064, 8.1688117981, 8.97956180573, 8.84638595581, 12.213098526, 11.8340139389, 9.84502410889, 8.31024837494, 4.29201126099, 2.23173832893, 1.79268217087, 1.36670613289, 1.10251021385, 0.912666618824, 0.626785874367, 0.339575737715, 0.0960635840893, 0.012467478402, 0.00143704423681, 0.000330351118464, 5.7964152802e-05],
        "median": [8.97343270481e-05, 0.000698916381225, 0.0166148394346, 1.17000591755, 14.8253717422, 3.35173606873, 0.244640901685, 1.18103098869, 0.442324399948, 0.646556258202, 0.316253364086, 0.325257331133, 0.491634070873, 0.225907027721, 0.467079997063, 1.23743593693, 1.23835611343, 1.63523459435, 1.67318439484, 1.48435842991, 2.65235137939, 2.20709323883, 2.4462351799, 2.83803319931, 2.8836607933, 1.74439811707, 1.05429244041, 0.655504584312, 0.361748486757, 0.215082347393, 0.173904508352, 0.141216397285, 0.112948507071, 0.0784915834665, 0.043257445097, 0.0116428937763, 0.00184999720659, 0.000524010392837, 0.000251884572208, 4.69373117085e-05],
        "min": [1.04103955891e-05, 7.31113032089e-05, 0.00165581586771, 0.113091550767, 0.496116071939, 0.238862738013, 0.0146343875676, 0.0204896945506, 0.0112602878362, 0.00545452861115, 0.00832280609757, 0.00756265688688, 0.0086647067219, 0.00805624760687, 0.0174674186856, 0.0101896096021, 0.0444748215377, 0.0486612953246, 0.023093322292, 0.0305269453675, 0.0585200488567, 0.0629257410765, 0.0423829481006, 0.0173984896392, 0.0208476893604, 0.038018848747, 0.0267832912505, 0.0153960259631, 0.00800753477961, 0.00493859546259, 0.00448941159993, 0.00424101669341, 0.00246118335053, 0.00216252938844, 0.00118988729082, 0.000454922148492, 0.000334769429173, 0.000307646812871, 0.000164161159773, 2.17275101022e-05],
        "var": [5.13906661581e-06, 0.000282217224594, 0.0122802937403, 13.2957010269, 2052.0090332, 116.869979858, 2.19906258583, 93.7891082764, 24.2621212006, 45.1172065735, 5.797290802, 66.6483764648, 90.3046417236, 26.2922973633, 10.1443538666, 23.495973587, 48.820728302, 113.784049988, 52.9730072021, 59.6863021851, 139.733261108, 230.353012085, 206.868530273, 406.419494629, 470.803283691, 307.766448975, 254.453903198, 61.9573287964, 18.8434677124, 18.1687088013, 9.05726337433, 4.41685152054, 3.33202242851, 1.64749002457, 0.441509515047, 0.0349774695933, 0.000529522774741, 3.9316796574e-06, 4.50187052081e-08, 8.19572243405e-10]
    },
    "gfcc": {
        "mean": [-94.6854324341, 45.344581604, -110.424209595, 30.7446804047, -49.3783721924, -17.4314823151, -60.2058067322, -20.2541160583, -47.3389778137, -18.1558074951, -25.5544013977, -20.7766571045, -17.5250701904],
        "cov": [[9796.15625, -313.627105713, -1416.16394043, 723.658325195, -1776.48742676, 270.356445312, -627.506896973, 649.545471191, -383.520721436, 368.532196045, -321.87387085, 28.9065952301, -240.210662842], [-313.627105713, 66.125213623, 9.26905632019, -15.005317688, 60.3054008484, -29.8017349243, 38.9085464478, -33.0357589722, 22.9910869598, -18.4261703491, 16.5578804016, 0.73263657093, 17.6587467194], [-1416.16394043, 9.26905632019, 286.785308838, -112.809028625, 249.901580811, -16.0638561249, 83.945098877, -64.5851364136, 60.0347709656, -36.2819595337, 45.3985862732, 11.7899513245, 41.6969680786], [723.658325195, -15.005317688, -112.809028625, 72.9854202271, -132.094039917, 13.6122589111, -52.2840957642, 41.4175796509, -27.7942333221, 27.5693302155, -19.511932373, 0.606348574162, -18.5739841461], [-1776.48742676, 60.3054008484, 249.901580811, -132.094039917, 341.876708984, -42.8553657532, 117.967010498, -123.625762939, 70.0185470581, -64.7169723511, 59.0382995605, -3.03236055374, 45.5438957214], [270.356445312, -29.8017349243, -16.0638561249, 13.6122589111, -42.8553657532, 39.0638198853, -16.7388687134, 30.5207576752, -12.0134057999, 18.4530143738, -11.667131424, 4.06340646744, -4.78422784805], [-627.506896973, 38.9085464478, 83.945098877, -52.2840957642, 117.967010498, -16.7388687134, 69.1664123535, -33.8485298157, 27.3436565399, -32.6793212891, 18.1388111115, 1.70510482788, 23.1107616425], [649.545471191, -33.0357589722, -64.5851364136, 41.4175796509, -123.625762939, 30.5207576752, -33.8485298157, 74.9170913696, -21.0039653778, 26.3967018127, -25.1431446075, 6.96909856796, -10.16177845], [-383.520721436, 22.9910869598, 60.0347709656, -27.7942333221, 70.0185470581, -12.0134057999, 27.3436565399, -21.0039653778, 29.9875183105, -10.2427606583, 10.4401025772, 1.33800315857, 14.8923301697], [368.532196045, -18.4261703491, -36.2819595337, 27.5693302155, -64.7169723511, 18.4530143738, -32.6793212891, 26.3967018127, -10.2427606583, 32.6572494507, -10.3910150528, 1.87305426598, -8.11118793488], [-321.87387085, 16.5578804016, 45.3985862732, -19.511932373, 59.0382995605, -11.667131424, 18.1388111115, -25.1431446075, 10.4401025772, -10.3910150528, 22.0606136322, 3.03011202812, 6.76245975494], [28.9065952301, 0.73263657093, 11.7899513245, 0.606348574162, -3.03236055374, 4.06340646744, 1.70510482788, 6.96909856796, 1.33800315857, 1.87305426598, 3.03011202812, 16.8987941742, 6.74463701248], [-240.210662842, 17.6587467194, 41.6969680786, -18.5739841461, 45.5438957214, -4.78422784805, 23.1107616425, -10.16177845, 14.8923301697, -8.11118793488, 6.76245975494, 6.74463701248, 20.9364204407]],
        "icov": [[0.00640579452738, 0.000952288566623, 0.011118395254, -0.00532037951052, 0.0144635979086, -0.00412777857855, 1.47781511259e-05, -0.00584072154015, 0.00585331395268, -0.0125686172396, 0.00999605096877, -0.0146404728293, 0.003026321996], [0.000952288566623, 0.105303309858, 0.0346057340503, -0.0177742168307, 0.0146435741335, 0.0312872007489, -0.0660570934415, 0.0228146743029, -0.0624028667808, -0.0217560566962, -0.0604621171951, -7.44385324651e-05, -0.0477831587195], [0.011118395254, 0.0346057340503, 0.0465389490128, -0.00197834777646, 0.0166815333068, 0.00206357543357, -0.0122607080266, -0.0145326154307, -0.0157505758107, -0.0306582953781, -0.0100750345737, -0.0317064747214, -0.0126067269593], [-0.00532037951052, -0.0177742168307, -0.00197834777646, 0.0691498890519, -0.00117716507521, -0.000963169848546, 0.026593817398, -0.000463481032057, 0.00104934233241, 0.00865042861551, -0.0154687827453, 0.00939970090985, -0.00343049853109], [0.0144635979086, 0.0146435741335, 0.0166815333068, -0.00117716507521, 0.0788319930434, -0.0214163083583, -0.0245995763689, 0.0254337191582, -0.0126129984856, -0.0192948523909, -0.00655848393217, -0.0181388724595, -0.00809576082975], [-0.00412777857855, 0.0312872007489, 0.00206357543357, -0.000963169848546, -0.0214163083583, 0.0682104080915, -0.020880991593, -0.0129979494959, 0.00304125831462, -0.0269560813904, -0.00374288042076, -0.000679081305861, -0.0109761087224], [1.47781511259e-05, -0.0660570934415, -0.0122607080266, 0.026593817398, -0.0245995763689, -0.020880991593, 0.105664551258, -0.0344322472811, 0.0301862638444, 0.0439898446202, 0.0323037579656, -0.000275864294963, 0.00451255403459], [-0.00584072154015, 0.0228146743029, -0.0145326154307, -0.000463481032057, 0.0254337191582, -0.0129979494959, -0.0344322472811, 0.0752346217632, -0.0290747322142, 0.00763648189604, -0.012512518093, 0.00976264663041, -0.0169602148235], [0.00585331395268, -0.0624028667808, -0.0157505758107, 0.00104934233241, -0.0126129984856, 0.00304125831462, 0.0301862638444, -0.0290747322142, 0.135435342789, -0.0261461362243, 0.0655295103788, -0.0138161042705, 0.00960828457028], [-0.0125686172396, -0.0217560566962, -0.0306582953781, 0.00865042861551, -0.0192948523909, -0.0269560813904, 0.0439898446202, 0.00763648189604, -0.0261461362243, 0.114379696548, -0.0227688662708, 0.0353327319026, -0.00727635994554], [0.00999605096877, -0.0604621171951, -0.0100750345737, -0.0154687827453, -0.00655848393217, -0.00374288042076, 0.0323037579656, -0.012512518093, 0.0655295103788, -0.0227688662708, 0.16853941977, -0.0592816583812, 0.0529329106212], [-0.0146404728293, -7.44385324651e-05, -0.0317064747214, 0.00939970090985, -0.0181388724595, -0.000679081305861, -0.000275864294963, 0.00976264663041, -0.0138161042705, 0.0353327319026, -0.0592816583812, 0.126783415675, -0.0502595864236], [0.003026321996, -0.0477831587195, -0.0126067269593, -0.00343049853109, -0.00809576082975, -0.0109761087224, 0.00451255403459, -0.0169602148235, 0.00960828457028, -0.00727635994554, 0.0529329106212, -0.0502595864236, 0.136182397604]]
    },
    "melbands": {
        "dmean": [2.62008666141e-06, 3.99746295443e-06, 0.000236025283812, 0.000351465365384, 9.14746760827e-06, 6.00610837864e-05, 1.90254304471e-05, 1.54038443725e-05, 4.10826078223e-06, 1.76759313035e-05, 7.50490016799e-06, 3.72745739696e-06, 2.01902480512e-06, 4.90157890454e-06, 3.79368407266e-06, 6.04785964242e-06, 7.03868636265e-06, 2.89391255137e-06, 3.42313342117e-06, 4.07790366808e-06, 3.53495443051e-06, 4.04841875934e-06, 3.21165884998e-06, 2.38361189986e-06, 3.20463277603e-06, 3.53493851435e-06, 3.26653457705e-06, 3.12711927108e-06, 1.72747354554e-06, 1.0045654335e-06, 5.9089052229e-07, 5.27627719293e-07, 4.83479141167e-07, 4.79437858303e-07, 3.76366585897e-07, 2.98517022657e-07, 1.98851182631e-07, 1.94241621898e-07, 2.78671649312e-07, 1.53223140842e-07],
        "dmean2": [2.86588306153e-06, 3.65834307559e-06, 0.000293372519081, 0.000439501774963, 1.37118377097e-05, 8.99883016245e-05, 3.06301481032e-05, 2.69892298093e-05, 7.3094720392e-06, 2.91148517135e-05, 1.39585217767e-05, 4.76820696349e-06, 2.6811137559e-06, 8.27042458695e-06, 6.37934499537e-06, 9.62711965258e-06, 1.2100674212e-05, 4.52240647064e-06, 5.63961202715e-06, 7.48673755879e-06, 5.48741991224e-06, 6.86078055878e-06, 5.08385255671e-06, 3.82338703275e-06, 5.44612066733e-06, 5.2889699873e-06, 5.0322187235e-06, 5.18101660418e-06, 3.15841066367e-06, 1.68859594396e-06, 9.08715946935e-07, 9.13841404326e-07, 8.7127500592e-07, 8.27640974421e-07, 6.1077156488e-07, 4.83523308503e-07, 3.2061990396e-07, 3.04940215301e-07, 4.81098766159e-07, 2.65910387043e-07],
        "dvar": [4.79822293009e-10, 1.03687636255e-09, 3.39066190236e-07, 5.40197106602e-07, 7.13928749452e-10, 1.26693917579e-08, 2.43183184701e-09, 1.56364987625e-09, 6.44780964731e-11, 5.45376854788e-09, 7.12918446499e-10, 2.29637614479e-10, 1.98827031228e-11, 8.0633638655e-11, 4.83552503594e-11, 1.19357454476e-10, 3.34817923386e-10, 1.67749911184e-11, 3.83164264206e-11, 5.7816817306e-11, 3.30347416089e-11, 8.93965249049e-11, 9.34004540376e-11, 1.49402816507e-11, 3.98420116343e-11, 9.58165283227e-11, 7.10643419111e-11, 5.32001977194e-11, 1.81309880304e-11, 4.99421380987e-12, 1.24995955426e-12, 1.75181288746e-12, 3.87964400189e-12, 4.12821946766e-12, 2.02153701764e-12, 8.32697029819e-13, 2.67209865346e-13, 2.08501429013e-13, 6.41565088815e-13, 1.78656717783e-13],
        "dvar2": [4.7807824366e-10, 7.81365916414e-10, 3.73542292209e-07, 6.89604291892e-07, 1.17046294879e-09, 3.05545384549e-08, 5.21502396822e-09, 4.71234340438e-09, 2.03468880633e-10, 1.44375658095e-08, 1.84068360554e-09, 2.1678150941e-10, 2.57698255096e-11, 2.42234093895e-10, 1.35328123707e-10, 2.68088773403e-10, 9.40536981631e-10, 3.40423002287e-11, 9.49750139645e-11, 1.98253954919e-10, 8.66286833934e-11, 2.38098568639e-10, 2.62092875181e-10, 3.41640535306e-11, 1.02318535589e-10, 1.62908977974e-10, 1.66454405814e-10, 1.44503325972e-10, 5.46410416913e-11, 1.49635460273e-11, 2.89354022513e-12, 5.18171313149e-12, 1.21264881817e-11, 1.13103502258e-11, 5.68739673412e-12, 2.14452934577e-12, 6.03307497276e-13, 5.13101713895e-13, 2.17922641738e-12, 5.44279356827e-13],
        "max": [0.000220807880396, 0.000377426214982, 0.00887065380812, 0.0106319393963, 0.000269641488558, 0.000925811531488, 0.000502052600496, 0.000423728110036, 7.24371930119e-05, 0.000589723757003, 0.000324783293763, 0.000194535066839, 7.33492706786e-05, 8.60534419189e-05, 7.20358948456e-05, 9.57149022724e-05, 0.000164043463883, 6.00734783802e-05, 6.77080170135e-05, 7.12117107469e-05, 6.23206215096e-05, 9.61419864325e-05, 0.000100706150988, 5.81794301979e-05, 8.13256992842e-05, 8.59642241267e-05, 7.908144471e-05, 6.11977593508e-05, 5.08230295964e-05, 3.29286740453e-05, 1.66647860169e-05, 1.37646893563e-05, 1.88586345757e-05, 1.88428421097e-05, 1.21645380204e-05, 7.77616969572e-06, 6.20722539679e-06, 7.46626210457e-06, 7.65280765336e-06, 5.96980407863e-06],
        "mean": [2.8199387998e-06, 5.03046430822e-06, 0.00162475660909, 0.00179240922444, 1.96115743165e-05, 0.00011404214456, 3.69399422198e-05, 3.83423939638e-05, 8.82396761881e-06, 1.7352962459e-05, 1.60178497026e-05, 6.17498471911e-06, 4.71962857773e-06, 8.45158137963e-06, 8.49558000482e-06, 8.71615884535e-06, 1.05587041617e-05, 7.02052375345e-06, 7.39826373319e-06, 8.59154988575e-06, 9.28962526814e-06, 9.65329854807e-06, 7.67268647905e-06, 8.07993092167e-06, 1.01773148344e-05, 9.00085433386e-06, 7.24499068383e-06, 6.3918014348e-06, 5.63706635148e-06, 3.64104334949e-06, 2.07380435313e-06, 1.2395170188e-06, 1.09892516775e-06, 9.38381504056e-07, 7.94694358319e-07, 6.903915164e-07, 6.73396186812e-07, 6.30632143839e-07, 6.0705224314e-07, 5.08753885242e-07],
        "median": [4.47680093885e-07, 2.00667187755e-07, 0.000666112988256, 0.000738540256862, 3.74013416149e-06, 2.25270287046e-05, 6.53857568977e-06, 6.91134664521e-06, 2.08525898415e-06, 2.14608030547e-06, 2.36817049881e-06, 8.73599560691e-07, 1.05246510884e-06, 3.12972861138e-06, 3.07078676087e-06, 2.50015523307e-06, 2.65619382844e-06, 2.29444526667e-06, 2.18418881559e-06, 2.5029421522e-06, 3.32496188094e-06, 2.41606312557e-06, 1.79149219548e-06, 2.5259935228e-06, 2.14893543671e-06, 1.95006418835e-06, 1.47757305058e-06, 1.03319109712e-06, 7.87132421465e-07, 5.0268420182e-07, 3.10997222641e-07, 2.18853500655e-07, 1.5382364893e-07, 1.12772951866e-07, 9.73496767642e-08, 8.87361295554e-08, 8.54789874438e-08, 7.9566767397e-08, 7.78027953174e-08, 6.47917914876e-08],
        "min": [3.24640581084e-08, 1.497130242e-08, 3.27057932736e-05, 3.01642830891e-05, 1.22304669503e-07, 3.92653163317e-07, 1.53523984636e-07, 3.08116057113e-08, 4.8927915941e-08, 4.92889213888e-08, 3.97565003141e-08, 2.31173782339e-08, 4.67586929176e-08, 2.55573713304e-08, 5.25563095266e-08, 1.19883338812e-07, 7.56907923005e-08, 3.79784914628e-08, 2.80413026132e-08, 6.10210548757e-08, 7.13429599841e-08, 7.49785868948e-08, 3.33568266342e-08, 2.76876228611e-08, 1.21033369993e-08, 1.20635590406e-08, 1.6202816866e-08, 2.22898588476e-08, 1.77011152402e-08, 9.88217596642e-09, 7.07345471085e-09, 4.0086787223e-09, 2.8981954614e-09, 2.55884291533e-09, 2.07702255395e-09, 3.13218806447e-09, 2.16597229041e-09, 1.4643832813e-09, 2.18243889627e-09, 1.72168745927e-09],
        "var": [4.80302964068e-10, 1.43658440699e-09, 4.13268026023e-06, 5.17121634402e-06, 1.66816416236e-09, 3.80943880884e-08, 5.11396969216e-09, 4.75756189999e-09, 2.43125103383e-10, 3.82177178793e-09, 2.31353824987e-09, 4.56849780228e-10, 9.42950370564e-11, 1.93121116321e-10, 1.79904105502e-10, 2.4957955147e-10, 4.71201688779e-10, 1.24084853503e-10, 1.31475899612e-10, 1.74898179273e-10, 1.77385287015e-10, 2.57344923149e-10, 1.91331325783e-10, 1.59907767583e-10, 2.93109758687e-10, 2.81548923065e-10, 1.79807280176e-10, 1.27637886371e-10, 1.15737558426e-10, 5.03975611243e-11, 1.39007009028e-11, 5.30596530254e-12, 6.24937428195e-12, 5.32740778575e-12, 3.10830809876e-12, 1.88537401836e-12, 1.70052546263e-12, 1.59049260307e-12, 1.62886956527e-12, 1.08948906754e-12]
    },
    "mfcc": {
        "mean": [-748.455322266, 78.6717071533, -16.3574638367, 27.4930934906, 7.60313844681, -9.27282810211, -8.84390163422, -21.9060440063, -20.8872489929, -17.0944709778, -18.8041572571, -14.8809776306, -17.7065696716],
        "cov": [[11360.5078125, -1615.17175293, -340.802703857, -395.661590576, -1184.93322754, -844.338195801, -661.996826172, -427.836242676, -334.156616211, -215.667114258, -193.361984253, -195.859390259, -204.916397095], [-1615.17175293, 285.501251221, 49.8128700256, 74.0651168823, 166.839157104, 131.500244141, 104.920921326, 77.9335327148, 70.1582946777, 37.5935516357, 31.3663005829, 31.6476688385, 36.5812072754], [-340.802703857, 49.8128700256, 109.547843933, 9.15911769867, 62.9379425049, 27.9056873322, 35.7491607666, 31.1692504883, 38.5410003662, 20.9127597809, 16.9162158966, 20.3759880066, 12.619225502], [-395.661590576, 74.0651168823, 9.15911769867, 39.254447937, 41.0331726074, 31.3824691772, 22.1970386505, 18.2824802399, 15.4447565079, 8.72664642334, 7.81236314774, 10.0387887955, 13.2882413864], [-1184.93322754, 166.839157104, 62.9379425049, 41.0331726074, 157.281768799, 103.559738159, 77.8725891113, 48.2722816467, 46.5423851013, 32.874912262, 27.9863395691, 31.2755584717, 26.5868816376], [-844.338195801, 131.500244141, 27.9056873322, 31.3824691772, 103.559738159, 92.2650222778, 58.6494445801, 34.6044845581, 34.694316864, 22.3564529419, 20.5633525848, 17.5404758453, 19.0317993164], [-661.996826172, 104.920921326, 35.7491607666, 22.1970386505, 77.8725891113, 58.6494445801, 69.9504470825, 44.3235740662, 35.1684608459, 21.8749599457, 16.9151878357, 15.5630083084, 14.1878004074], [-427.836242676, 77.9335327148, 31.1692504883, 18.2824802399, 48.2722816467, 34.6044845581, 44.3235740662, 52.0175895691, 34.6061477661, 16.4735946655, 13.2201461792, 9.8755645752, 10.4745702744], [-334.156616211, 70.1582946777, 38.5410003662, 15.4447565079, 46.5423851013, 34.694316864, 35.1684608459, 34.6061477661, 50.130771637, 24.4651794434, 13.0070562363, 11.0290870667, 9.45103263855], [-215.667114258, 37.5935516357, 20.9127597809, 8.72664642334, 32.874912262, 22.3564529419, 21.8749599457, 16.4735946655, 24.4651794434, 28.3968486786, 11.9810523987, 4.6152715683, 2.4364066124], [-193.361984253, 31.3663005829, 16.9162158966, 7.81236314774, 27.9863395691, 20.5633525848, 16.9151878357, 13.2201461792, 13.0070562363, 11.9810523987, 22.6534061432, 8.16980552673, 0.116537846625], [-195.859390259, 31.6476688385, 20.3759880066, 10.0387887955, 31.2755584717, 17.5404758453, 15.5630083084, 9.8755645752, 11.0290870667, 4.6152715683, 8.16980552673, 20.2213554382, 10.423828125], [-204.916397095, 36.5812072754, 12.619225502, 13.2882413864, 26.5868816376, 19.0317993164, 14.1878004074, 10.4745702744, 9.45103263855, 2.4364066124, 0.116537846625, 10.423828125, 23.633808136]],
