{
"lowlevel": {
    "average_loudness": 0.937762796879,
    "barkbands_crest": {
        "dmean": 2.15610051155,
        "dmean2": 3.93485498428,
        "dvar": 4.07404184341,
        "dvar2": 12.7976446152,
        "max": 14.4024953842,
        "mean": 5.74785280228,
        "median": 5.43068027496,
        "min": 2.72675061226,
        "var": 6.41110277176
    },
    "barkbands_flatness_db": {
        "dmean": 0.0123050305992,
        "dmean2": 0.0219833850861,
        "dvar": 0.000121642326121,
        "dvar2": 0.000362503895303,
        "max": 0.115442842245,
        "mean": 0.0626215860248,
        "median": 0.0590830482543,
        "min": 0.0399721972644,
        "var": 0.000200341077289
    },
    "barkbands_kurtosis": {
        "dmean": 0.44446477294,
        "dmean2": 0.807534873486,
        "dvar": 0.36396509409,
        "dvar2": 1.02389907837,
        "max": 2.74168682098,
        "mean": -0.992790281773,
        "median": -1.20742619038,
        "min": -1.6686565876,
        "var": 0.377864807844
    },
    "barkbands_skewness": {
        "dmean": 0.35714828968,
        "dmean2": 0.642003893852,
        "dvar": 0.086852453649,
        "dvar2": 0.245511591434,
        "max": 1.66648972034,
        "mean": 0.21043522656,
        "median": 0.226314336061,
        "min": -1.63982462883,
        "var": 0.283498466015
    },
    "barkbands_spread": {
        "dmean": 5.1337890625,
        "dmean2": 8.74983310699,
        "dvar": 21.0563640594,
        "dvar2": 59.5407676697,
        "max": 63.1931762695,
        "mean": 40.0828094482,
        "median": 40.5494651794,
        "min": 16.3407897949,
        "var": 36.9528884888
    },
    "dissonance": {
        "dmean": 0.00511329714209,
        "dmean2": 0.0087471306324,
        "dvar": 2.36449013755e-05,
        "dvar2": 5.84864355915e-05,
        "max": 0.499700546265,
        "mean": 0.49048012495,
        "median": 0.491550564766,
        "min": 0.471416056156,
        "var": 3.47829554812e-05
    },
    "dynamic_complexity": 12.1163101196,
    "erbbands_crest": {
        "dmean": 0.982833743095,
        "dmean2": 1.74317216873,
        "dvar": 0.660630643368,
        "dvar2": 1.85521745682,
        "max": 7.83242845535,
        "mean": 4.5580830574,
        "median": 4.28219509125,
        "min": 3.14054656029,
        "var": 0.995860934258
    },
    "erbbands_flatness_db": {
        "dmean": 0.0100692845881,
        "dmean2": 0.0184603221714,
        "dvar": 0.000104114507849,
        "dvar2": 0.000287204631604,
        "max": 0.207005992532,
        "mean": 0.132861554623,
        "median": 0.130405649543,
        "min": 0.106756784022,
        "var": 0.000208262121305
    },
    "erbbands_kurtosis": {
        "dmean": 0.584627330303,
        "dmean2": 1.0356695652,
        "dvar": 0.300538957119,
        "dvar2": 0.87052822113,
        "max": 2.42127275467,
        "mean": -0.0415400378406,
        "median": -0.16358089447,
        "min": -1.31217956543,
        "var": 0.627144634724
    },
    "erbbands_skewness": {
        "dmean": 0.202839314938,
        "dmean2": 0.361653327942,
        "dvar": 0.0309803094715,
        "dvar2": 0.093454927206,
        "max": 0.136667966843,
        "mean": -0.547536790371,
        "median": -0.540582001209,
        "min": -1.56008243561,
        "var": 0.0690948441625
    },
    "erbbands_spread": {
        "dmean": 7.2573890686,
        "dmean2": 12.8896226883,
        "dvar": 36.4215698242,
        "dvar2": 110.421394348,
        "max": 66.5112075806,
        "mean": 41.8378601074,
        "median": 42.5985374451,
        "min": 17.183139801,
        "var": 99.6098098755
    },
    "hfc": {
        "dmean": 2.19715666771,
        "dmean2": 2.96926045418,
        "dvar": 24.2067775726,
        "dvar2": 48.6507301331,
        "max": 81.7630615234,
        "mean": 10.0977582932,
        "median": 0.613473832607,
        "min": 0.0278663728386,
        "var": 386.86138916
    },
    "melbands_crest": {
        "dmean": 2.79023528099,
        "dmean2": 4.96818828583,
        "dvar": 5.15347862244,
        "dvar2": 15.9216804504,
        "max": 17.309381485,
        "mean": 9.09281349182,
        "median": 9.14090824127,
        "min": 2.76361680031,
        "var": 9.65308856964
    },
    "melbands_flatness_db": {
        "dmean": 0.016687694937,
        "dmean2": 0.0296900235116,
        "dvar": 0.00016656939988,
        "dvar2": 0.000505168456584,
        "max": 0.148665368557,
        "mean": 0.0772321149707,
        "median": 0.0769190117717,
        "min": 0.0279742106795,
        "var": 0.000549539981876
    },
    "melbands_kurtosis": {
        "dmean": 1.57850241661,
        "dmean2": 2.91189908981,
        "dvar": 2.11046075821,
        "dvar2": 6.60528612137,
        "max": 11.617978096,
        "mean": 1.68985950947,
        "median": 1.2376203537,
        "min": -1.26267981529,
        "var": 5.45231962204
    },
    "melbands_skewness": {
        "dmean": 0.47027733922,
        "dmean2": 0.849529623985,
        "dvar": 0.132185474038,
        "dvar2": 0.363901168108,
        "max": 3.2394464016,
        "mean": 1.4288841486,
        "median": 1.46072554588,
        "min": -0.548535704613,
        "var": 0.450778990984
    },
    "melbands_spread": {
        "dmean": 11.7847852707,
        "dmean2": 21.3493728638,
        "dvar": 97.6406097412,
        "dvar2": 267.163665771,
        "max": 111.370849609,
        "mean": 60.6909751892,
        "median": 60.2821426392,
        "min": 21.5639533997,
        "var": 287.697052002
    },
    "pitch_salience": {
        "dmean": 0.0592002943158,
        "dmean2": 0.102869145572,
        "dvar": 0.0016116182087,
        "dvar2": 0.00489002233371,
        "max": 0.89596092701,
        "mean": 0.72219222784,
        "median": 0.728434324265,
        "min": 0.548341929913,
        "var": 0.00332848448306
    },
    "silence_rate_20dB": {
        "dmean": 0,
        "dmean2": 0,
        "dvar": 0,
        "dvar2": 0,
        "max": 1,
        "mean": 1,
        "median": 1,
        "min": 1,
        "var": 0
    },
    "silence_rate_30dB": {
        "dmean": 0,
        "dmean2": 0,
        "dvar": 0,
        "dvar2": 0,
        "max": 1,
        "mean": 1,
        "median": 1,
        "min": 1,
        "var": 0
    },
    "silence_rate_60dB": {
        "dmean": 0.0181818176061,
        "dmean2": 0.0366972461343,
        "dvar": 0.0178512316197,
        "dvar2": 0.0353505164385,
        "max": 1,
        "mean": 0.729729712009,
        "median": 1,
        "min": 0,
        "var": 0.197224035859
    },
    "spectral_centroid": {
        "dmean": 265.44708252,
        "dmean2": 478.937438965,
        "dvar": 47096.2851562,
        "dvar2": 146490.5,
        "max": 3846.28686523,
        "mean": 2572.44116211,
        "median": 2564.81665039,
        "min": 1495.56188965,
        "var": 145616.34375
    },
    "spectral_complexity": {
        "dmean": 2.05454540253,
        "dmean2": 2.93577980995,
        "dvar": 13.7788515091,
        "dvar2": 34.463809967,
        "max": 59,
        "mean": 10.9819822311,
        "median": 1,
        "min": 0,
        "var": 343.711914062
    },
    "spectral_decrease": {
        "dmean": 4.72099803694e-10,
        "dmean2": 8.51496761989e-10,
        "dvar": 1.58363200946e-18,
        "dvar2": 5.42040826135e-18,
        "max": -2.33643768395e-12,
        "mean": -1.22530685598e-09,
        "median": -6.88849602359e-11,
        "min": -1.21865912917e-08,
        "var": 6.33143396874e-18
    },
    "spectral_energy": {
        "dmean": 0.0019340349827,
        "dmean2": 0.00343082286417,
        "dvar": 2.54442893493e-05,
        "dvar2": 8.47503906698e-05,
        "max": 0.0523233115673,
        "mean": 0.00554049061611,
        "median": 0.000314771576086,
        "min": 1.23543177324e-05,
        "var": 0.000125950042275
    },
    "spectral_energyband_high": {
        "dmean": 0.000161561576533,
        "dmean2": 0.000195800879737,
        "dvar": 1.3719291303e-07,
        "dvar2": 1.89618575064e-07,
        "max": 0.00655634282157,
        "mean": 0.000704078993294,
        "median": 4.70785089419e-05,
        "min": 1.70671944488e-06,
        "var": 1.89694821984e-06
    },
    "spectral_energyband_low": {
        "dmean": 0.000574320903979,
        "dmean2": 0.00111088319682,
        "dvar": 3.16405476042e-06,
        "dvar2": 1.05211747723e-05,
        "max": 0.0131248421967,
        "mean": 0.000622046238277,
        "median": 2.12249415199e-06,
        "min": 2.24732037424e-08,
        "var": 3.45727653439e-06
    },
    "spectral_energyband_middle_high": {
        "dmean": 0.000534784805495,
        "dmean2": 0.000881421670783,
        "dvar": 1.80334745892e-06,
        "dvar2": 4.68100097351e-06,
        "max": 0.0176588892937,
        "mean": 0.0020596422255,
        "median": 0.000107842148282,
        "min": 5.4229340094e-06,
        "var": 1.74136330315e-05
    },
    "spectral_energyband_middle_low": {
        "dmean": 0.00137771014124,
        "dmean2": 0.00257958215661,
        "dvar": 1.29757600007e-05,
        "dvar2": 4.61222080048e-05,
        "max": 0.0307483077049,
        "mean": 0.0024722199887,
        "median": 0.000134774978505,
        "min": 1.3761957689e-06,
        "var": 2.78609295492e-05
    },
    "spectral_entropy": {
        "dmean": 0.0639219135046,
        "dmean2": 0.109075278044,
        "dvar": 0.00305125582963,
        "dvar2": 0.00828842353076,
        "max": 8.4088602066,
        "mean": 8.16954612732,
        "median": 8.16373062134,
        "min": 7.93369150162,
        "var": 0.00565298646688
    },
    "spectral_flux": {
        "dmean": 0.00504803005606,
        "dmean2": 0.00703025236726,
        "dvar": 6.02409418207e-05,
        "dvar2": 0.000122757905046,
        "max": 0.155879229307,
        "mean": 0.0308098830283,
        "median": 0.0114666977897,
        "min": 0.00266221514903,
        "var": 0.0014655336272
    },
    "spectral_kurtosis": {
        "dmean": 0.503742754459,
        "dmean2": 0.881970524788,
        "dvar": 0.420853883028,
        "dvar2": 0.819258272648,
        "max": 9.15072250366,
        "mean": 2.95619511604,
        "median": 2.84551239014,
        "min": 1.0506272316,
        "var": 0.600513279438
    },
    "spectral_rms": {
        "dmean": 0.000248182856012,
        "dmean2": 0.000409096363001,
        "dvar": 1.81407912692e-07,
        "dvar2": 5.72169312818e-07,
        "max": 0.00714472774416,
        "mean": 0.00146500137635,
        "median": 0.000554160797037,
        "min": 0.000109786124085,
        "var": 3.25912628796e-06
    },
    "spectral_rolloff": {
        "dmean": 702.76550293,
        "dmean2": 1260.77893066,
        "dvar": 841203.8125,
        "dvar2": 2237957.5,
        "max": 9216.2109375,
        "mean": 4074.23706055,
        "median": 3962.109375,
        "min": 1765.72265625,
        "var": 988380.4375
    },
    "spectral_skewness": {
        "dmean": 0.112388238311,
        "dmean2": 0.186968252063,
        "dvar": 0.022003615275,
        "dvar2": 0.0390792153776,
        "max": 2.72729325294,
        "mean": 1.27319848537,
        "median": 1.2691655159,
        "min": 0.793928146362,
        "var": 0.0331780388951
    },
    "spectral_spread": {
        "dmean": 426191.09375,
        "dmean2": 715362.625,
        "dvar": 536572493824,
        "dvar2": 877838270464,
        "max": 11075010,
        "mean": 5076043,
        "median": 5034291,
        "min": 3400817.25,
        "var": 618859397120
    },
    "spectral_strongpeak": {
        "dmean": 0.0903309881687,
        "dmean2": 0.163165420294,
        "dvar": 0.0212741289288,
        "dvar2": 0.0631879791617,
        "max": 1.06955730915,
        "mean": 0.161212384701,
        "median": 0.0695097222924,
        "min": 0.00186049623881,
        "var": 0.0382572226226
    },
    "zerocrossingrate": {
        "dmean": 0.0109330611303,
        "dmean2": 0.0141332782805,
        "dvar": 0.000117046591185,
        "dvar2": 0.000151476007886,
        "max": 0.1845703125,
        "mean": 0.131316870451,
        "median": 0.1318359375,
        "min": 0.06298828125,
        "var": 0.000403852231102
    },
    "barkbands": {
        "dmean": [5.31392458925e-07, 4.79417349197e-06, 0.000334674521582, 0.000377062533516, 0.000471386883873, 0.000675780582242, 0.000186405843124, 6.54027535347e-05, 0.000117770279758, 0.000130198008264, 3.488992661e-05, 0.00012103037443, 7.45990982978e-05, 8.33269805298e-05, 0.000108452652057, 0.000159374001669, 8.33202138892e-05, 0.000101968835224, 0.000148399340105, 8.60289583215e-05, 6.28091656836e-05, 3.08228700305e-05, 1.91858016478e-05, 2.7540821975e-05, 3.22560917994e-05, 7.72341718402e-06, 3.86329304547e-07],
        "dmean2": [1.05395326955e-06, 9.11962615646e-06, 0.000624060165137, 0.000704127829522, 0.000897772901226, 0.00126776075922, 0.000356168457074, 0.000114810987725, 0.000226804579142, 0.000211833161302, 5.50635886611e-05, 0.000201823597308, 0.000127518054796, 0.000145341298776, 0.000169182458194, 0.000283716915874, 0.000143448618473, 0.000178761198185, 0.000251026882324, 0.000134667745442, 0.000105792809336, 4.43526696472e-05, 2.97995557048e-05, 4.32506603829e-05, 4.76574823551e-05, 1.24577882161e-05, 5.22026311955e-07],
        "dvar": [6.77019638268e-13, 1.74817799126e-10, 9.16926580885e-07, 1.67518578564e-06, 1.55467660079e-06, 2.21961340685e-06, 2.95350275792e-07, 1.68933578237e-08, 8.90828033562e-08, 1.69370167669e-07, 7.54856355201e-09, 1.28894455997e-07, 3.90169496711e-08, 6.07546866149e-08, 8.25190440423e-08, 1.71790645709e-07, 3.79261066996e-08, 6.45293241064e-08, 1.19902225038e-07, 3.54224418686e-08, 2.17966587002e-08, 6.14492012829e-09, 1.62888358357e-09, 3.38680483658e-09, 4.95307705961e-09, 3.28220478574e-10, 7.1011827061e-13],
        "dvar2": [2.40642553627e-12, 5.45949618846e-10, 3.00273381981e-06, 5.35784647582e-06, 5.64671381653e-06, 7.00448390489e-06, 9.75590410235e-07, 5.39858646675e-08, 3.26480687818e-07, 3.79370135306e-07, 1.84984365603e-08, 2.94334427053e-07, 1.02207579289e-07, 1.77257874157e-07, 2.20978407128e-07, 5.11644486778e-07, 1.0439663356e-07, 1.66480404573e-07, 3.67889640529e-07, 8.32471940271e-08, 5.26641166232e-08, 1.59356350338e-08, 4.80548756343e-09, 6.40900355009e-09, 1.10661355635e-08, 8.57214743633e-10, 1.46039549811e-12],
        "max": [4.8559672905e-06, 9.00403174455e-05, 0.00649864692241, 0.00927155651152, 0.00847198162228, 0.0102460151538, 0.00437113828957, 0.00105641002301, 0.00202999869362, 0.00375096476637, 0.000703165947925, 0.00305195618421, 0.00171701982617, 0.00260074622929, 0.00261716591194, 0.00342170149088, 0.00214791344479, 0.00215677311644, 0.00332238641568, 0.00222034240142, 0.00167554058135, 0.00104488595389, 0.000509307719767, 0.000854216748849, 0.000953508832026, 0.000244853988988, 1.22426627058e-05],
        "mean": [5.21809681686e-07, 4.41613701696e-06, 0.000348687695805, 0.000379687378881, 0.000547267554794, 0.000953032111283, 0.000225797411986, 9.17447323445e-05, 0.000171356572537, 0.000200113514438, 6.7811444751e-05, 0.000187389159692, 0.000157354050316, 0.00017538938846, 0.000216975109652, 0.000260433764197, 0.00018757241196, 0.000230293255299, 0.000333062780555, 0.000229181634495, 0.000189797807252, 8.48365889397e-05, 6.46938933642e-05, 0.000102126330603, 0.000103698010207, 2.58162890532e-05, 1.39530436627e-06],
        "median": [1.70484696582e-07, 7.40102876762e-08, 1.08618428385e-06, 1.11216440928e-05, 4.36691771029e-05, 5.37638698006e-05, 8.81154937815e-06, 5.47574927623e-06, 6.91924424245e-06, 5.5091250033e-06, 2.63357378572e-06, 6.56306292512e-06, 6.09262860962e-06, 7.7107697507e-06, 1.04656164694e-05, 1.31350416268e-05, 1.0893207218e-05, 1.46974198287e-05, 1.92448533198e-05, 1.56318383233e-05, 1.1843779248e-05, 5.49503647562e-06, 5.27416705154e-06, 6.42559552944e-06, 5.82298525842e-06, 1.35120581035e-06, 5.78985748234e-08],
        "min": [1.3716092151e-10, 1.17864329408e-09, 2.41086217656e-09, 1.42190712538e-08, 1.85041784562e-07, 5.35642527666e-07, 1.77959350367e-07, 1.39589502623e-07, 8.31283415437e-08, 9.51654044457e-08, 8.44938483624e-08, 2.01812454748e-07, 9.65328936786e-08, 1.27812043615e-07, 3.32977464268e-07, 2.40112825622e-07, 3.45643854871e-07, 6.02447926212e-07, 1.35995423989e-06, 7.14856696504e-07, 4.2426486857e-07, 2.14052434444e-07, 1.7947856179e-07, 1.78038362719e-07, 1.28672255073e-07, 2.68517155178e-08, 5.80567594e-09],
        "var": [6.6230847846e-13, 1.54830648302e-10, 1.00300053418e-06, 1.61609682436e-06, 1.65212088632e-06, 3.87133741242e-06, 3.3848550629e-07, 3.40320944758e-08, 1.37653103138e-07, 2.91755895887e-07, 2.23584368797e-08, 2.42690134655e-07, 1.1693062163e-07, 1.55272459779e-07, 2.29628071224e-07, 3.63427886896e-07, 1.49633024193e-07, 2.22961901386e-07, 4.65378406034e-07, 1.94359955685e-07, 1.49578383457e-07, 2.97503071067e-08, 1.49238488234e-08, 4.08539726493e-08, 4.18803516311e-08, 2.61782728828e-09, 7.73483100486e-12]
    },
    "erbbands": {
        "dmean": [7.67345845816e-05, 0.00467895902693, 0.221767559648, 1.09182679653, 1.1194473505, 1.90132653713, 3.44291687012, 6.52510929108, 2.68894577026, 2.2605175972, 1.37290155888, 2.25229167938, 4.93184757233, 3.07635569572, 2.07456827164, 5.00672054291, 3.59814858437, 5.32667922974, 4.03478050232, 5.09685850143, 8.23122692108, 4.86227464676, 5.37432956696, 8.20863628387, 4.44809484482, 4.50831890106, 3.18840575218, 1.76098620892, 1.28206110001, 0.652093112469, 0.475376278162, 0.623489558697, 0.52187359333, 0.445803314447, 0.205640688539, 0.0620454438031, 0.00876997131854, 0.000613549491391, 7.16776412446e-05, 5.01710292156e-06],
        "dmean2": [0.000142003686051, 0.00853579770774, 0.414056479931, 2.10007452965, 2.15072488785, 3.62947916985, 6.3509683609, 11.14569664, 5.00162315369, 4.09067964554, 2.20578312874, 4.24844121933, 8.43238735199, 5.03699016571, 3.36046743393, 8.91520404816, 6.23028182983, 9.16259288788, 6.32953166962, 8.0386800766, 14.4986639023, 8.69173622131, 8.71953487396, 15.3073062897, 6.74594831467, 7.0612783432, 5.34080171585, 2.78807020187, 1.91124653816, 1.02511644363, 0.741896867752, 1.06978714466, 0.794138908386, 0.701952517033, 0.309225767851, 0.0970199331641, 0.0140947541222, 0.000859586521983, 9.80608965619e-05, 7.04993362888e-06],
        "dvar": [4.10464657818e-08, 0.000153541885084, 0.390554845333, 12.2839488983, 12.2363138199, 24.390335083, 55.199962616, 218.999816895, 62.2584838867, 30.6258869171, 7.17956161499, 30.9718875885, 206.274810791, 99.4081344604, 25.416009903, 218.270629883, 90.7440338135, 244.592544556, 107.941352844, 240.795394897, 445.094146729, 130.19291687, 162.64225769, 401.852172852, 121.207206726, 94.4131469727, 47.3975524902, 21.5030670166, 14.3934106827, 2.21754646301, 1.12966740131, 2.10776495934, 1.22276449203, 1.04143440723, 0.223179996014, 0.0188042968512, 0.00060991209466, 1.93759706235e-06, 3.01169791328e-08, 1.47759721125e-10],
        "dvar2": [1.39821608514e-07, 0.000509741774295, 1.28762865067, 40.2518539429, 43.365486145, 89.2440719604, 166.491134644, 585.188232422, 200.729095459, 86.33618927, 20.1187152863, 111.327590942, 483.054870605, 257.734771729, 58.5405349731, 537.160522461, 258.107025146, 691.828369141, 280.389678955, 624.475280762, 1469.27685547, 361.026489258, 398.387878418, 1255.29309082, 328.354156494, 219.874710083, 117.887008667, 42.5173683167, 37.8401985168, 5.9369187355, 2.74941897392, 5.90224742889, 2.30546236038, 2.50093650818, 0.438386023045, 0.0462322644889, 0.00150766433217, 3.39638472724e-06, 5.99821845526e-08, 3.36018879388e-10],
        "max": [0.00137089262716, 0.0677920952439, 4.12502813339, 24.7663936615, 25.8643779755, 31.9503479004, 64.8389205933, 97.9180755615, 58.4447975159, 54.3619995117, 28.281080246, 41.0632019043, 121.558929443, 92.2152023315, 47.81092453, 122.644203186, 90.736656189, 150.262496948, 98.0156707764, 158.723739624, 196.741348267, 118.820259094, 126.198097229, 171.00378418, 135.555496216, 107.533973694, 76.8538131714, 60.7964363098, 48.1726531982, 16.9125976562, 16.9177284241, 15.7366600037, 15.8408823013, 13.1536493301, 5.99902296066, 1.74414348602, 0.305734187365, 0.0221298746765, 0.00260892463848, 0.000177621288458],
        "mean": [0.000107977211883, 0.00563958054408, 0.238121792674, 1.1535731554, 1.1867043972, 2.20461058617, 4.74242162704, 8.0224943161, 3.47781348228, 3.46684908867, 2.17050099373, 3.46424913406, 7.16420459747, 4.45866060257, 3.81258058548, 7.53722715378, 7.28979730606, 10.0480518341, 9.65511035919, 11.0502939224, 13.5955810547, 11.3794002533, 12.7715988159, 16.5535373688, 13.9720096588, 11.2701158524, 8.9842634201, 6.28342294693, 3.30683088303, 2.06164216995, 1.8440554142, 1.90378904343, 1.8021556139, 1.27187716961, 0.676472783089, 0.206893727183, 0.0294081009924, 0.00258193491027, 0.000280345819192, 2.07745433727e-05],
        "median": [3.40114866049e-06, 4.13759589719e-05, 0.00105116248596, 0.0184784419835, 0.124252744019, 0.0737062469125, 0.297282606363, 0.507149755955, 0.194705560803, 0.139220014215, 0.115353085101, 0.133659094572, 0.193957492709, 0.12642493844, 0.156637966633, 0.260750740767, 0.286275535822, 0.447998940945, 0.477481812239, 0.476634204388, 0.762052774429, 0.634214162827, 0.756163597107, 1.08455216885, 0.90478092432, 0.72484600544, 0.61951392889, 0.422606110573, 0.211464971304, 0.154847130179, 0.154957592487, 0.112762033939, 0.116686880589, 0.0704255476594, 0.0364853218198, 0.0100972587243, 0.00116341153625, 0.000115359674965, 1.09957527457e-05, 1.22634025956e-06],
        "min": [1.18169765528e-07, 6.75864271216e-07, 4.5162250899e-06, 6.8852561526e-05, 0.000477607653011, 0.000417456758441, 0.00131041242275, 0.00330710946582, 0.00327308708802, 0.00262461765669, 0.00192366004921, 0.00132334593218, 0.00386470532976, 0.00379113573581, 0.00744925485924, 0.0098869856447, 0.00562827754766, 0.00635954737663, 0.0162778329104, 0.0123962983489, 0.0237443260849, 0.0218687262386, 0.0292831137776, 0.0759201198816, 0.0648738741875, 0.0432109087706, 0.0178394410759, 0.0141111696139, 0.00951781868935, 0.00491167418659, 0.00476773595437, 0.00431942660362, 0.00261375610717, 0.00187479075976, 0.000748804653995, 0.000222014554311, 3.34897922585e-05, 3.26889835378e-06, 7.90466287981e-07, 1.30943419663e-07],
        "var": [6.78712481772e-08, 0.00020941683033, 0.442524552345, 12.9911670685, 9.50407981873, 28.5205230713, 99.4077072144, 330.279083252, 70.8338546753, 69.3628311157, 19.4955673218, 53.6762771606, 339.568023682, 141.994857788, 75.6628799438, 387.464782715, 254.660171509, 549.967163086, 431.0184021, 607.029785156, 934.828552246, 540.987976074, 683.075073242, 1175.88244629, 767.323425293, 480.432037354, 319.720336914, 168.645294189, 49.7940788269, 15.6787414551, 12.3240346909, 13.9840326309, 13.1227073669, 6.53187131882, 1.78806185722, 0.163207694888, 0.00379436113872, 2.73309124168e-05, 3.15478615676e-07, 1.69178571152e-09]
    },
    "gfcc": {
        "mean": [-137.901809692, 18.693819046, -144.515029907, 25.8055953979, -79.7816314697, -7.1611661911, -66.6174468994, -1.54169929028, -46.4115142822, -1.80675888062, -22.5856380463, -7.02300310135, -12.3253087997],
        "cov": [[18082.5097656, 852.53894043, 831.541137695, -151.730422974, 166.357849121, 259.46673584, -74.73021698, 200.983322144, -146.481277466, 46.9442558289, -196.153686523, 0.297953665257, -118.833259583], [852.53894043, 221.087677002, 111.869537354, -7.01350545883, 30.7847595215, -4.28464603424, 20.5297832489, 13.8259592056, -14.022061348, 3.79483246803, -5.9661026001, -13.7462110519, -11.2613306046], [831.541137695, 111.869537354, 116.064949036, 4.07669782639, 21.3734493256, 11.6609201431, -4.98878526688, 23.3427333832, -12.9080181122, 3.59051346779, -11.3252277374, -9.75334072113, -9.76858329773], [-151.730422974, -7.01350545883, 4.07669782639, 56.1012382507, 23.7893733978, 17.1088199615, 17.5720176697, -5.71637105942, 9.21065711975, -1.4957562685, -0.601729750633, -3.96150779724, -4.65075206757], [166.357849121, 30.7847595215, 21.3734493256, 23.7893733978, 61.8712730408, 35.4676704407, 23.1657028198, 10.7769441605, 1.20425856113, -0.0416194573045, -1.81581091881, -4.22282123566, -6.13701057434], [259.46673584, -4.28464603424, 11.6609201431, 17.1088199615, 35.4676704407, 49.8837623596, 25.499994278, 13.9639940262, -1.57254934311, -6.65852069855, -11.4464530945, -7.25112485886, -12.2708053589], [-74.73021698, 20.5297832489, -4.98878526688, 17.5720176697, 23.1657028198, 25.499994278, 59.3494682312, 19.3181648254, 9.16969680786, -3.08091807365, 1.90177679062, -4.74688339233, -4.54974508286], [200.983322144, 13.8259592056, 23.3427333832, -5.71637105942, 10.7769441605, 13.9639940262, 19.3181648254, 39.8092079163, 17.3217468262, 7.67795419693, 0.243508771062, -3.46347594261, -7.42643165588], [-146.481277466, -14.022061348, -12.9080181122, 9.21065711975, 1.20425856113, -1.57254934311, 9.16969680786, 17.3217468262, 39.2785186768, 20.5621356964, 12.7935161591, 3.48378944397, 1.29999363422], [46.9442558289, 3.79483246803, 3.59051346779, -1.4957562685, -0.0416194573045, -6.65852069855, -3.08091807365, 7.67795419693, 20.5621356964, 31.8182411194, 21.9022922516, 7.31898069382, 3.85763001442], [-196.153686523, -5.9661026001, -11.3252277374, -0.601729750633, -1.81581091881, -11.4464530945, 1.90177679062, 0.243508771062, 12.7935161591, 21.9022922516, 36.0601921082, 18.0387248993, 9.2880191803], [0.297953665257, -13.7462110519, -9.75334072113, -3.96150779724, -4.22282123566, -7.25112485886, -4.74688339233, -3.46347594261, 3.48378944397, 7.31898069382, 18.0387248993, 24.2601146698, 15.4852685928], [-118.833259583, -11.2613306046, -9.76858329773, -4.65075206757, -6.13701057434, -12.2708053589, -4.54974508286, -7.42643165588, 1.29999363422, 3.85763001442, 9.2880191803, 15.4852685928, 26.4406929016]],
        "icov": [[0.000135329129989, -0.000371380447177, -0.000389735156205, 0.000242442387389, 0.000295656820526, -0.000889774702955, 0.000219227717025, -0.000150490857777, 0.000448660226539, -0.00133450084832, 0.00169317936525, -0.00187409669161, 0.000675289542414], [-0.000371380447177, 0.0234710071236, -0.0277986843139, 0.0179416686296, -0.0151277258992, 0.0235157180578, -0.0262232422829, 0.0287756677717, -0.0145549261943, 0.00513664726168, -0.000710171239916, 0.00252828211524, 0.0109199527651], [-0.000389735156205, -0.0277986843139, 0.0558647178113, -0.0339337661862, 0.0130202667788, -0.0187844634056, 0.0386721566319, -0.0583522170782, 0.037715755403, -0.0130095575005, -0.00179108127486, 0.0089933462441, -0.0189454313368], [0.000242442387389, 0.0179416686296, -0.0339337661862, 0.0510919205844, -0.0180384963751, 0.0081762354821, -0.0302005764097, 0.0535983890295, -0.0387596040964, 0.0127993403003, 0.000929732050281, -0.00357917649671, 0.016454031691], [0.000295656820526, -0.0151277258992, 0.0130202667788, -0.0180384963751, 0.0427366867661, -0.0371455363929, 0.0149401864037, -0.0180573053658, 0.0103695355356, -0.00382893159986, -0.00730203138664, 0.00368945579976, -0.0128440456465], [-0.000889774702955, 0.0235157180578, -0.0187844634056, 0.0081762354821, -0.0371455363929, 0.078033208847, -0.0359565764666, 0.0132283996791, -0.00101551250555, -0.0018664324889, 0.0179832484573, -0.0101731251925, 0.0255988296121], [0.000219227717025, -0.0262232422829, 0.0386721566319, -0.0302005764097, 0.0149401864037, -0.0359565764666, 0.063115850091, -0.054166868329, 0.019766388461, 0.00828330870718, -0.0192375574261, 0.0163810811937, -0.0237970538437], [-0.000150490857777, 0.0287756677717, -0.0583522170782, 0.0535983890295, -0.0180573053658, 0.0132283996791, -0.054166868329, 0.116047009826, -0.0693043619394, 0.0166379697621, 0.00235049799085, -0.00683783134446, 0.0288292188197], [0.000448660226539, -0.0145549261943, 0.037715755403, -0.0387596040964, 0.0103695355356, -0.00101551250555, 0.019766388461, -0.0693043619394, 0.0938256680965, -0.057083375752, 0.0187366493046, -0.00822849199176, -0.00924224406481], [-0.00133450084832, 0.00513664726168, -0.0130095575005, 0.0127993403003, -0.00382893159986, -0.0018664324889, 0.00828330870718, 0.0166379697621, -0.057083375752, 0.114186368883, -0.0791672468185, 0.0440037623048, -0.0138359861448], [0.00169317936525, -0.000710171239916, -0.00179108127486, 0.000929732050281, -0.00730203138664, 0.0179832484573, -0.0192375574261, 0.00235049799085, 0.0187366493046, -0.0791672468185, 0.120240651071, -0.0882384330034, 0.0308789592236], [-0.00187409669161, 0.00252828211524, 0.0089933462441, -0.00357917649671, 0.00368945579976, -0.0101731251925, 0.0163810811937, -0.00683783134446, -0.00822849199176, 0.0440037623048, -0.0882384330034, 0.140491694212, -0.0649193525314], [0.000675289542414, 0.0109199527651, -0.0189454313368, 0.016454031691, -0.0128440456465, 0.0255988296121, -0.0237970538437, 0.0288292188197, -0.00924224406481, -0.0138359861448, 0.0308789592236, -0.0649193525314, 0.0839491561055]]
    },
    "melbands": {
        "dmean": [7.03085845544e-07, 8.50392389111e-05, 0.000175968700205, 0.000117681112897, 9.73789865384e-05, 0.000136032438604, 4.288585842e-05, 1.97159006348e-05, 1.20269523904e-05, 1.57060167112e-05, 2.46804538619e-05, 1.28536175907e-05, 4.63903870696e-06, 1.22464534797e-05, 1.26106979224e-05, 6.93493802828e-06, 1.11278250188e-05, 5.12166843691e-06, 9.82288929663e-06, 1.00653996924e-05, 8.60353793541e-06, 5.2626296565e-06, 5.26139456269e-06, 5.24038023286e-06, 8.07959168014e-06, 4.51506866739e-06, 3.18745628647e-06, 3.35441222887e-06, 2.16806756725e-06, 1.87984312561e-06, 8.82319511675e-07, 8.91999206942e-07, 4.25949338023e-07, 4.36090147105e-07, 3.62106277407e-07, 4.31583060845e-07, 3.8577869077e-07, 3.54943381353e-07, 3.84315114843e-07, 4.25947717986e-07],
        "dmean2": [1.34186109335e-06, 0.000156559515744, 0.000336846656865, 0.000224821924348, 0.000189494181541, 0.000237787346123, 8.07302640169e-05, 3.54269395757e-05, 1.95085449377e-05, 2.99181901937e-05, 4.18427225668e-05, 2.16947173612e-05, 7.19226227375e-06, 2.00838130695e-05, 2.21836780838e-05, 1.21321236293e-05, 1.92571005755e-05, 7.83245468483e-06, 1.60331001098e-05, 1.684587005e-05, 1.5211587197e-05, 9.15794498724e-06, 8.37566858536e-06, 9.0102203103e-06, 1.51435024236e-05, 6.82147037878e-06, 5.49368905922e-06, 5.10214340466e-06, 3.61364550372e-06, 3.20683511745e-06, 1.44918692513e-06, 1.41112218444e-06, 7.12243718226e-07, 6.95650726357e-07, 5.97299958827e-07, 7.23447556084e-07, 6.80534924413e-07, 5.73914576307e-07, 5.44904366961e-07, 6.93886192948e-07],
        "dvar": [3.51709308379e-12, 5.54520980245e-08, 2.95413911999e-07, 1.00049938112e-07, 4.57586395441e-08, 9.47829903453e-08, 1.53306292106e-08, 1.99231720011e-09, 5.7938626119e-10, 1.61713686886e-09, 5.13532416591e-09, 1.66600544471e-09, 1.06284626933e-10, 1.20889009914e-09, 1.18353937761e-09, 3.52484819111e-10, 1.10933429109e-09, 1.35890923514e-10, 6.86861290067e-10, 9.0938462316e-10, 5.38600886113e-10, 1.54663129526e-10, 1.37782410481e-10, 1.72998046444e-10, 3.98593297257e-10, 1.15589697536e-10, 4.71998343188e-11, 5.64012725413e-11, 2.12324480914e-11, 1.76885155828e-11, 6.36274409896e-12, 7.9131874664e-12, 1.05849389583e-12, 1.23618888563e-12, 6.21993504878e-13, 8.66038469237e-13, 8.34236325853e-13, 5.40956168749e-13, 9.38030035591e-13, 8.74829288872e-13],
        "dvar2": [1.08249537806e-11, 1.81793723186e-07, 9.82114215731e-07, 3.69759021623e-07, 1.38734591815e-07, 2.66873371402e-07, 4.98958314665e-08, 5.14724307621e-09, 1.58388857585e-09, 5.84491521849e-09, 1.21605019388e-08, 4.38570957328e-09, 2.22538432126e-10, 2.57671795012e-09, 3.65088559384e-09, 7.90388532401e-10, 3.29582805492e-09, 3.42734063352e-10, 1.81897652496e-09, 2.35943398152e-09, 1.85508752804e-09, 4.07656464141e-10, 3.80470127626e-10, 4.4349587891e-10, 1.25039167909e-09, 3.01328212382e-10, 1.44524864298e-10, 1.17179044246e-10, 5.20428838913e-11, 4.89316677454e-11, 1.14526443884e-11, 2.13334610394e-11, 2.50385259401e-12, 3.8861656948e-12, 1.85468068854e-12, 2.49957953641e-12, 2.2700797405e-12, 1.13878806558e-12, 1.54579810323e-12, 2.47175478869e-12],
        "max": [1.28011088236e-05, 0.00155029888265, 0.00366499181837, 0.00207115663216, 0.00194707873743, 0.00213290355168, 0.000940723519307, 0.000461301911855, 0.000258769607171, 0.000268802948995, 0.000609714654274, 0.00037172602606, 0.000101973477285, 0.000282103690552, 0.000268891017186, 0.000184408330824, 0.000301684893202, 0.000132835280965, 0.000230110556004, 0.000299280625768, 0.000219583351281, 0.000128596802824, 0.000118900221423, 0.00010912430298, 0.000160269613843, 0.000121077580843, 6.7220928031e-05, 8.59676219989e-05, 5.14297062182e-05, 4.18375784648e-05, 3.16074256261e-05, 3.36197990691e-05, 1.08194926725e-05, 1.08847525553e-05, 9.98388350126e-06, 8.91011404747e-06, 1.0549812032e-05, 9.76549472398e-06, 1.33433049996e-05, 1.03508291431e-05],
        "mean": [7.12232349542e-07, 8.88000577106e-05, 0.000187531986739, 0.000122622805065, 0.00014804622333, 0.000177319976501, 5.33244310645e-05, 3.35855074809e-05, 1.76108260348e-05, 2.4184515496e-05, 3.55296324415e-05, 1.78202517418e-05, 1.00863935586e-05, 2.00140020752e-05, 1.78963800863e-05, 1.6065341697e-05, 1.89177189895e-05, 1.29831614686e-05, 1.78006594069e-05, 1.75632540049e-05, 1.42235439853e-05, 1.18250773085e-05, 1.04609007394e-05, 1.17408844744e-05, 1.39140474857e-05, 1.1574524251e-05, 7.8598568507e-06, 7.54036364015e-06, 5.87771819482e-06, 4.43802036898e-06, 3.35612162417e-06, 2.04031834983e-06, 1.23648885619e-06, 1.09765153411e-06, 1.05183619326e-06, 1.08023596113e-06, 1.17544482237e-06, 1.2282798707e-06, 1.26513873511e-06, 1.00791669411e-06],
        "median": [4.56300668361e-08, 3.03402373447e-07, 7.21009473637e-06, 8.58830117068e-06, 7.9978553913e-06, 1.21914545161e-05, 2.88560227091e-06, 1.47368484704e-06, 9.36340597946e-07, 8.18236742361e-07, 1.01016325971e-06, 4.43899580205e-07, 3.9896593762e-07, 6.60781040551e-07, 7.53270626319e-07, 5.71379530356e-07, 7.87624799159e-07, 7.59718489007e-07, 7.57865961987e-07, 6.92577486916e-07, 8.72232590154e-07, 6.8209908477e-07, 6.64160552333e-07, 6.43165549263e-07, 9.22322556107e-07, 6.85824488755e-07, 4.79767834349e-07, 4.37697082134e-07, 3.79961079489e-07, 3.40518852227e-07, 2.09233263604e-07, 1.24268467516e-07, 8.90182363378e-08, 8.4600017658e-08, 7.17910282333e-08, 7.37341423473e-08, 6.86902694724e-08, 7.68591874589e-08, 7.20404926824e-08, 5.82932671023e-08],
        "min": [1.14931519857e-09, 2.19318652128e-09, 1.17011174083e-08, 3.15593666755e-08, 4.31916866717e-08, 8.33166282632e-08, 5.22609724385e-08, 2.88046742014e-08, 1.1036997094e-08, 1.03680672936e-08, 1.93646805258e-08, 1.21283578736e-08, 1.82255153192e-08, 2.16962128263e-08, 3.25861115869e-08, 8.58330118092e-09, 1.20331087317e-08, 2.36159856115e-08, 2.33833059582e-08, 1.71257550363e-08, 2.62302570775e-08, 2.29534364848e-08, 2.07655457274e-08, 2.48533797986e-08, 5.45129701379e-08, 4.52994228795e-08, 2.90859922814e-08, 2.533556831e-08, 1.06970832192e-08, 1.04738404616e-08, 4.89441598361e-09, 4.7507335843e-09, 2.01236116659e-09, 3.25608739971e-09, 2.96018876078e-09, 2.39013564496e-09, 2.48743003972e-09, 1.72239422724e-09, 1.59530666455e-09, 1.55297108506e-09],
        "var": [3.34805772516e-12, 6.23590565851e-08, 3.12081283482e-07, 8.93005704938e-08, 9.66056816765e-08, 1.51139516902e-07, 1.69386797921e-08, 5.94457461034e-09, 1.38032818509e-09, 2.66961985851e-09, 8.43279579499e-09, 2.30615437857e-09, 4.72918315619e-10, 2.63948352064e-09, 1.87286719466e-09, 1.23409682473e-09, 2.03673367061e-09, 7.39436623043e-10, 1.60092372692e-09, 1.83002557552e-09, 1.01598074398e-09, 6.04801042581e-10, 4.55502996433e-10, 6.03264216359e-10, 8.84301187831e-10, 5.55988532991e-10, 2.32082186802e-10, 2.29655697237e-10, 1.37183334137e-10, 8.1544750119e-11, 4.9431566479e-11, 2.06749860288e-11, 5.73781777299e-12, 4.62492674366e-12, 4.1309932905e-12, 4.57566927056e-12, 5.31869557077e-12, 5.96952305296e-12, 7.12333100492e-12, 3.97926700271e-12]
    },
    "mfcc": {
        "mean": [-769.530639648, 54.5775032043, -20.4400806427, 14.5375452042, -4.55681180954, -15.6861009598, -10.6109390259, -20.1072216034, -15.8918228149, -12.5656061172, -13.548251152, -10.2574043274, -11.0549860001],
        "cov": [[17288.5546875, 797.695373535, 487.308441162, -219.726104736, 163.964447021, -58.8729019165, 51.8185920715, -49.1754608154, 35.3470153809, -36.8938026428, -115.829177856, -189.94380188, -152.342544556], [797.695373535, 216.234085083, 64.9728622437, 6.53061199188, 7.09426498413, -20.6448001862, 19.2371692657, -10.966340065, -4.49814081192, 7.03517723083, -8.71545505524, -16.7321662903, -13.0374765396], [487.308441162, 64.9728622437, 74.4303894043, 9.56581783295, 10.2199707031, -12.7204141617, -0.293984860182, -6.11831998825, 0.255670487881, 4.53101062775, -2.09584498405, -10.2655687332, -8.45997619629], [-219.726104736, 6.53061199188, 9.56581783295, 45.9399642944, 7.83144235611, 16.6455936432, 5.24046468735, 3.02101922035, 4.91910743713, 6.50789022446, 3.40860128403, 9.31993961334, 10.7229537964], [163.964447021, 7.09426498413, 10.2199707031, 7.83144235611, 49.3970985413, 16.9586181641, 5.75351715088, 3.14999055862, 6.18039512634, 4.37445878983, 4.16844558716, -0.429035186768, 2.94765329361], [-58.8729019165, -20.6448001862, -12.7204141617, 16.6455936432, 16.9586181641, 45.4357719421, 22.6280155182, 13.2405080795, 9.28491401672, -0.00198473921046, 4.29136562347, 5.03233766556, 3.4754345417], [51.8185920715, 19.2371692657, -0.293984860182, 5.24046468735, 5.75351715088, 22.6280155182, 46.2696838379, 24.3424053192, 10.1847867966, 3.95005869865, 1.31376171112, 2.50665283203, 2.42364001274], [-49.1754608154, -10.966340065, -6.11831998825, 3.02101922035, 3.14999055862, 13.2405080795, 24.3424053192, 39.7043113708, 20.0687904358, 7.26594257355, 7.01483201981, 2.89720988274, 2.76478266716], [35.3470153809, -4.49814081192, 0.255670487881, 4.91910743713, 6.18039512634, 9.28491401672, 10.1847867966, 20.0687904358, 34.2243080139, 18.4824714661, 8.06604290009, 5.89773273468, 4.4495139122], [-36.8938026428, 7.03517723083, 4.53101062775, 6.50789022446, 4.37445878983, -0.00198473921046, 3.95005869865, 7.26594257355, 18.4824714661, 30.0064544678, 16.7949771881, 11.3070363998, 10.1386804581], [-115.829177856, -8.71545505524, -2.09584498405, 3.40860128403, 4.16844558716, 4.29136562347, 1.31376171112, 7.01483201981, 8.06604290009, 16.7949771881, 30.2422199249, 17.806936264, 10.8855905533], [-189.94380188, -16.7321662903, -10.2655687332, 9.31993961334, -0.429035186768, 5.03233766556, 2.50665283203, 2.89720988274, 5.89773273468, 11.3070363998, 17.806936264, 37.4191322327, 24.6068286896], [-152.342544556, -13.0374765396, -8.45997619629, 10.7229537964, 2.94765329361, 3.4754345417, 2.42364001274, 2.76478266716, 4.4495139122, 10.1386804581, 10.8855905533, 24.6068286896, 40.2592506409]],
