{
"lowlevel": {
    "average_loudness": 0.950329244137,
    "barkbands_crest": {
        "dmean": 3.00378203392,
        "dmean2": 5.09846353531,
        "dvar": 5.19194030762,
        "dvar2": 16.1933841705,
        "max": 21.7122955322,
        "mean": 11.2270002365,
        "median": 10.8555984497,
        "min": 3.94418478012,
        "var": 9.31360340118
    },
    "barkbands_flatness_db": {
        "dmean": 0.04350637272,
        "dmean2": 0.0724778696895,
        "dvar": 0.00121689937077,
        "dvar2": 0.00320275546983,
        "max": 0.331759154797,
        "mean": 0.191620826721,
        "median": 0.193542644382,
        "min": 0.0384458824992,
        "var": 0.00446053734049
    },
    "barkbands_kurtosis": {
        "dmean": 16.5335979462,
        "dmean2": 27.6354293823,
        "dvar": 225.72354126,
        "dvar2": 610.210205078,
        "max": 145.475524902,
        "mean": 31.1215877533,
        "median": 27.7421779633,
        "min": -1.82357370853,
        "var": 473.557983398
    },
    "barkbands_skewness": {
        "dmean": 1.19770133495,
        "dmean2": 2.01656770706,
        "dvar": 0.97490721941,
        "dvar2": 2.91482210159,
        "max": 8.33807277679,
        "mean": 3.87795853615,
        "median": 3.92338180542,
        "min": 0.108449354768,
        "var": 1.86914348602
    },
    "barkbands_spread": {
        "dmean": 6.14982128143,
        "dmean2": 11.0254068375,
        "dvar": 124.238578796,
        "dvar2": 359.901062012,
        "max": 79.0952148438,
        "mean": 8.11213874817,
        "median": 4.4256644249,
        "min": 0.914524674416,
        "var": 106.710037231
    },
    "dissonance": {
        "dmean": 0.0287685804069,
        "dmean2": 0.0490949787199,
        "dvar": 0.000698216143064,
        "dvar2": 0.00202845432796,
        "max": 0.499999940395,
        "mean": 0.449784845114,
        "median": 0.457025796175,
        "min": 0.311524778605,
        "var": 0.00114191346802
    },
    "dynamic_complexity": 2.92897081375,
    "erbbands_crest": {
        "dmean": 3.35878658295,
        "dmean2": 5.7030673027,
        "dvar": 8.12767028809,
        "dvar2": 22.6100959778,
        "max": 24.1703014374,
        "mean": 10.6644067764,
        "median": 10.2643642426,
        "min": 3.33805131912,
        "var": 13.9322862625
    },
    "erbbands_flatness_db": {
        "dmean": 0.0327233970165,
        "dmean2": 0.0561566799879,
        "dvar": 0.000761904055253,
        "dvar2": 0.00191492761951,
        "max": 0.290265828371,
        "mean": 0.164616137743,
        "median": 0.157899945974,
        "min": 0.0696979910135,
        "var": 0.00241358135827
    },
    "erbbands_kurtosis": {
        "dmean": 5.31846761703,
        "dmean2": 9.28558349609,
        "dvar": 52.3727073669,
        "dvar2": 158.934997559,
        "max": 81.4511032104,
        "mean": 6.94367265701,
        "median": 4.18683242798,
        "min": -1.59923815727,
        "var": 76.9939041138
    },
    "erbbands_skewness": {
        "dmean": 0.817193686962,
        "dmean2": 1.38565719128,
        "dvar": 0.496830701828,
        "dvar2": 1.46120381355,
        "max": 6.35303783417,
        "mean": 1.95669364929,
        "median": 1.95471131802,
        "min": -1.20851564407,
        "var": 1.18144655228
    },
    "erbbands_spread": {
        "dmean": 14.9755325317,
        "dmean2": 26.3543872833,
        "dvar": 242.874008179,
        "dvar2": 607.881530762,
        "max": 104.007225037,
        "mean": 30.8504524231,
        "median": 24.7375183105,
        "min": 2.65868711472,
        "var": 444.511566162
    },
    "hfc": {
        "dmean": 3.83450436592,
        "dmean2": 6.43615865707,
        "dvar": 26.5138206482,
        "dvar2": 72.4886627197,
        "max": 40.7911491394,
        "mean": 7.84310436249,
        "median": 5.97416877747,
        "min": 0.0414056293666,
        "var": 39.8001441956
    },
    "melbands_crest": {
        "dmean": 3.99274992943,
        "dmean2": 6.79827308655,
        "dvar": 9.25578975677,
        "dvar2": 26.447095871,
        "max": 30.5815944672,
        "mean": 15.8836088181,
        "median": 15.235663414,
        "min": 7.07327413559,
        "var": 21.1570224762
    },
    "melbands_flatness_db": {
        "dmean": 0.0539598912001,
        "dmean2": 0.0903610885143,
        "dvar": 0.00200723274611,
        "dvar2": 0.00543421879411,
        "max": 0.464426964521,
        "mean": 0.296870589256,
        "median": 0.302336484194,
        "min": 0.0954023301601,
        "var": 0.00659157522023
    },
    "melbands_kurtosis": {
        "dmean": 18.3511009216,
        "dmean2": 31.7125873566,
        "dvar": 335.434509277,
        "dvar2": 943.554992676,
        "max": 132.598464966,
        "mean": 35.484790802,
        "median": 31.1169700623,
        "min": 2.4272146225,
        "var": 555.37902832
    },
    "melbands_skewness": {
        "dmean": 1.23129141331,
        "dmean2": 2.13411188126,
        "dvar": 1.18057835102,
        "dvar2": 3.23948979378,
        "max": 9.02241611481,
        "mean": 3.83346319199,
        "median": 3.68670105934,
        "min": 0.0499567240477,
        "var": 2.56325221062
    },
    "melbands_spread": {
        "dmean": 4.46920347214,
        "dmean2": 8.02819252014,
        "dvar": 89.3386383057,
        "dvar2": 262.024993896,
        "max": 77.4194412231,
        "mean": 6.36044073105,
        "median": 3.77208471298,
        "min": 0.982079327106,
        "var": 68.7019500732
    },
    "pitch_salience": {
        "dmean": 0.0954108983278,
        "dmean2": 0.160106152296,
        "dvar": 0.0062340637669,
        "dvar2": 0.0166840106249,
        "max": 0.845569133759,
        "mean": 0.588635087013,
        "median": 0.599059760571,
        "min": 0.214454010129,
        "var": 0.0128255728632
    },
    "silence_rate_20dB": {
        "dmean": 0,
        "dmean2": 0,
        "dvar": 0,
        "dvar2": 0,
        "max": 1,
        "mean": 1,
        "median": 1,
        "min": 1,
        "var": 0
    },
    "silence_rate_30dB": {
        "dmean": 0.0066666668281,
        "dmean2": 0.0133779263124,
        "dvar": 0.00662224087864,
        "dvar2": 0.0198877807707,
        "max": 1,
        "mean": 0.99667775631,
        "median": 1,
        "min": 0,
        "var": 0.00331121217459
    },
    "silence_rate_60dB": {
        "dmean": 0.0166666675359,
        "dmean2": 0.0301003344357,
        "dvar": 0.0163888726383,
        "dvar2": 0.0358832329512,
        "max": 1,
        "mean": 0.0332225896418,
        "median": 0,
        "min": 0,
        "var": 0.0321186408401
    },
    "spectral_centroid": {
        "dmean": 226.276748657,
        "dmean2": 399.549163818,
        "dvar": 144996.0625,
        "dvar2": 413622.21875,
        "max": 2721.34375,
        "mean": 498.797546387,
        "median": 360.469299316,
        "min": 211.190063477,
        "var": 141591.65625
    },
    "spectral_complexity": {
        "dmean": 2.19333338737,
        "dmean2": 3.44147157669,
        "dvar": 5.52262306213,
        "dvar2": 12.8084535599,
        "max": 35,
        "mean": 8.08305644989,
        "median": 7,
        "min": 0,
        "var": 15.3186903
    },
    "spectral_decrease": {
        "dmean": 2.78031686562e-09,
        "dmean2": 4.44347536543e-09,
        "dvar": 1.46286858243e-17,
        "dvar2": 3.65137672501e-17,
        "max": -1.74067687347e-11,
        "mean": -6.25441520796e-09,
        "median": -4.43561676278e-09,
        "min": -4.13986214198e-08,
        "var": 3.2360188992e-17
    },
    "spectral_energy": {
        "dmean": 0.01073658932,
        "dmean2": 0.0171717200428,
        "dvar": 0.000216028274735,
        "dvar2": 0.000538808759302,
        "max": 0.159524843097,
        "mean": 0.0243170037866,
        "median": 0.0172799248248,
        "min": 6.94528062013e-05,
        "var": 0.000480492453789
    },
    "spectral_energyband_high": {
        "dmean": 0.000193211613805,
        "dmean2": 0.000360162579454,
        "dvar": 2.55045534914e-07,
        "dvar2": 7.36501647225e-07,
        "max": 0.00456019677222,
        "mean": 0.000165863821167,
        "median": 5.71045566176e-05,
        "min": 1.2762317283e-06,
        "var": 1.57768468512e-07
    },
    "spectral_energyband_low": {
        "dmean": 0.0043064118363,
        "dmean2": 0.00728437490761,
        "dvar": 4.6153418225e-05,
        "dvar2": 0.000112850480946,
        "max": 0.0593722835183,
        "mean": 0.00708089023829,
        "median": 0.00425905035809,
        "min": 1.7520160327e-05,
        "var": 6.81009332766e-05
    },
    "spectral_energyband_middle_high": {
        "dmean": 0.000383638194762,
        "dmean2": 0.000645979540423,
        "dvar": 5.37222831554e-07,
        "dvar2": 1.38329903621e-06,
        "max": 0.00778914289549,
        "mean": 0.000549978518393,
        "median": 0.000302025611745,
        "min": 3.19336209031e-06,
        "var": 6.74082286878e-07
    },
    "spectral_energyband_middle_low": {
        "dmean": 0.00975644960999,
        "dmean2": 0.0157021656632,
        "dvar": 0.000187521422049,
        "dvar2": 0.000476231682114,
        "max": 0.148320406675,
        "mean": 0.0203961282969,
        "median": 0.0143161648884,
        "min": 5.1527415053e-05,
        "var": 0.00039921599091
    },
    "spectral_entropy": {
        "dmean": 0.473718911409,
        "dmean2": 0.807896196842,
        "dvar": 0.158462822437,
        "dvar2": 0.418275028467,
        "max": 8.49579524994,
        "mean": 6.90122365952,
        "median": 6.93716001511,
        "min": 5.41637659073,
        "var": 0.4765214324
    },
    "spectral_flux": {
        "dmean": 0.0247015561908,
        "dmean2": 0.0397569648921,
        "dvar": 0.000795227009803,
        "dvar2": 0.00203439197503,
        "max": 0.327756464481,
        "mean": 0.08195836097,
        "median": 0.0746618360281,
        "min": 0.0227332264185,
        "var": 0.00154962239321
    },
    "spectral_kurtosis": {
        "dmean": 4.87959003448,
        "dmean2": 8.10605621338,
        "dvar": 29.8146915436,
        "dvar2": 82.5852127075,
        "max": 50.1811332703,
        "mean": 10.0038480759,
        "median": 7.52587032318,
        "min": 0.271106481552,
        "var": 57.4157752991
    },
    "spectral_rms": {
        "dmean": 0.00100829743315,
        "dmean2": 0.0016117504565,
        "dvar": 9.91162096398e-07,
        "dvar2": 2.21245204557e-06,
        "max": 0.0124753359705,
        "mean": 0.00445412425324,
        "median": 0.00410590600222,
        "min": 0.000260305270785,
        "var": 3.8846874304e-06
    },
    "spectral_rolloff": {
        "dmean": 343.023406982,
        "dmean2": 648.731994629,
        "dvar": 1227917,
        "dvar2": 3637979.5,
        "max": 8505.61523438,
        "mean": 521.160827637,
        "median": 344.53125,
        "min": 172.265625,
        "var": 701455.5
    },
    "spectral_skewness": {
        "dmean": 0.617901682854,
        "dmean2": 1.03178870678,
        "dvar": 0.326491773129,
        "dvar2": 0.904350757599,
        "max": 5.7314119339,
        "mean": 2.50423407555,
        "median": 2.28973054886,
        "min": 0.72677719593,
        "var": 0.852371394634
    },
    "spectral_spread": {
        "dmean": 1076282.5,
        "dmean2": 1863747.25,
        "dvar": 1.00582935757e+12,
        "dvar2": 2.64638116659e+12,
        "max": 10313037,
        "mean": 4740695,
        "median": 4686801,
        "min": 2058209,
        "var": 1.85692703949e+12
    },
    "spectral_strongpeak": {
        "dmean": 0.263661026955,
        "dmean2": 0.448617190123,
        "dvar": 0.0669663622975,
        "dvar2": 0.195163950324,
        "max": 1.80383324623,
        "mean": 0.532403469086,
        "median": 0.466427892447,
        "min": 0.00352832931094,
        "var": 0.11775559932
    },
    "zerocrossingrate": {
        "dmean": 0.00826497375965,
        "dmean2": 0.011666492559,
        "dvar": 5.87387075939e-05,
        "dvar2": 0.000109508699097,
        "max": 0.12158203125,
        "mean": 0.0353833585978,
        "median": 0.0302734375,
        "min": 0.0107421875,
        "var": 0.0003614621819
    },
    "barkbands": {
        "dmean": [7.21976830391e-05, 0.000125746344565, 0.00204139854759, 0.00527912797406, 0.00364021980204, 0.00371814961545, 0.000479041977087, 0.000227688477025, 0.000139076306368, 6.7514636612e-05, 4.82393443235e-05, 8.0401514424e-05, 7.30752726668e-05, 3.9936061512e-05, 3.34203832608e-05, 4.41773772764e-05, 3.57473290933e-05, 2.6699341106e-05, 4.72747160529e-05, 3.45922308043e-05, 2.73714085779e-05, 1.67127163877e-05, 4.36524533143e-05, 5.00106143591e-05, 3.42949497281e-05, 6.5901558628e-06, 1.92559559764e-06],
        "dmean2": [0.000127475213958, 0.000199150032131, 0.00343426503241, 0.00860657170415, 0.00571443373337, 0.00645217299461, 0.00084452086594, 0.000384215585655, 0.000240629975451, 0.000112660913146, 8.56946135173e-05, 0.000132102068164, 0.000114731665235, 6.54894902254e-05, 5.79318511882e-05, 7.70910264691e-05, 6.34537209407e-05, 4.67967038276e-05, 8.35303071653e-05, 6.03154949204e-05, 4.83501244162e-05, 2.98665800074e-05, 8.38993073558e-05, 9.59629396675e-05, 6.49223002256e-05, 1.20617532957e-05, 3.36605899065e-06],
        "dvar": [8.55109139053e-09, 2.9786020761e-08, 8.36922845338e-06, 9.49086461333e-05, 3.14012540912e-05, 1.85251283256e-05, 5.60894079626e-07, 1.69047581267e-07, 3.93099810481e-08, 7.88353382575e-09, 1.91248084036e-08, 6.1249572525e-08, 6.89042067847e-08, 6.85188394911e-09, 5.06992270388e-09, 1.02537960345e-08, 7.21932558179e-09, 2.48328246855e-09, 9.70565672276e-09, 5.00054575525e-09, 5.59315838089e-09, 1.4427646855e-09, 2.25205738502e-08, 1.96685849829e-08, 9.23336784808e-09, 3.56197016327e-10, 8.09139821117e-12],
        "dvar2": [2.46419045169e-08, 7.14211907393e-08, 2.24386476475e-05, 0.000244990573265, 8.12401704025e-05, 5.33074598934e-05, 1.59013256962e-06, 4.71516216294e-07, 1.15098799824e-07, 2.16146318621e-08, 5.74872203174e-08, 1.55536497459e-07, 1.58930404837e-07, 1.33806992153e-08, 1.34265079055e-08, 2.77644343072e-08, 1.97518943423e-08, 6.72196653895e-09, 2.6364133987e-08, 1.32718849244e-08, 1.61479896121e-08, 4.09811162783e-09, 6.60517400775e-08, 5.71774911862e-08, 2.66985082931e-08, 1.02301733751e-09, 2.13260520354e-11],
        "max": [0.00058646989055, 0.00172045896761, 0.0214930586517, 0.104797363281, 0.0551079958677, 0.0335023738444, 0.00597476540133, 0.00519931409508, 0.0020597956609, 0.000805085059255, 0.00171207694802, 0.0035166691523, 0.00306177511811, 0.00103934842627, 0.000688832777087, 0.00110567477532, 0.00100360042416, 0.000366325577488, 0.000754786538891, 0.00057790603023, 0.000809004413895, 0.00030704549863, 0.0015864308225, 0.00097239529714, 0.000820640299935, 0.000201533432119, 3.39095568052e-05],
        "mean": [6.6526386945e-05, 0.000232216450968, 0.002915318124, 0.0074396491982, 0.00643790559843, 0.00524424947798, 0.000686985615175, 0.000335876073223, 0.000201244009077, 9.30483438424e-05, 6.10929564573e-05, 0.000102796635474, 7.81376293162e-05, 5.25176765223e-05, 3.57865865226e-05, 4.13124107581e-05, 3.33874377247e-05, 2.79810974462e-05, 4.2421699618e-05, 3.23439926433e-05, 2.52625995927e-05, 1.55674497364e-05, 3.04230961774e-05, 3.59512087016e-05, 2.57892625086e-05, 6.32645287624e-06, 1.10049686555e-05],
        "median": [3.48167232005e-05, 0.000102296449768, 0.00141124415677, 0.0036207549274, 0.00317756878212, 0.00349297327921, 0.000316855759593, 0.000143858254887, 9.83246354735e-05, 4.67354329885e-05, 2.92937547783e-05, 4.01989054808e-05, 2.88602805085e-05, 1.75922177732e-05, 1.47831469803e-05, 1.67892467289e-05, 1.23576646729e-05, 1.19682854347e-05, 1.50720989041e-05, 1.1725594959e-05, 8.95333778317e-06, 6.02249610893e-06, 6.41537099e-06, 7.87362569099e-06, 5.95223127675e-06, 2.60855222223e-06, 1.04922801256e-05],
        "min": [6.56434053781e-07, 7.07260426225e-07, 6.31169450571e-06, 9.17120996746e-06, 1.23923755382e-05, 2.26808951993e-05, 3.40664405485e-06, 2.27893201554e-06, 1.32382319862e-06, 5.66334165342e-07, 4.17132895336e-07, 4.25136505555e-07, 1.52449743496e-07, 1.62908790458e-07, 2.35641167023e-07, 4.47528066161e-07, 3.87534839774e-07, 1.76960128329e-07, 3.00760916616e-07, 1.11749137943e-07, 1.5434955003e-07, 2.84392996264e-07, 2.17782542222e-07, 1.52543208287e-07, 8.90804656706e-08, 9.00311363239e-08, 2.66703295893e-07],
        "var": [8.36132318938e-09, 9.64954693927e-08, 1.37614360938e-05, 0.000109302316559, 7.52988562454e-05, 2.56473213085e-05, 8.34912100345e-07, 3.06160160335e-07, 6.43256328203e-08, 1.35673445811e-08, 1.51858099429e-08, 6.34612291606e-08, 6.54195346783e-08, 1.38167983721e-08, 4.74969086284e-09, 8.14040301833e-09, 5.71174485486e-09, 2.29712959765e-09, 7.65913643619e-09, 4.39782521511e-09, 3.6430818362e-09, 1.0325322819e-09, 1.25133885476e-08, 1.12349303194e-08, 5.48306822168e-09, 2.2928373089e-10, 7.81316764759e-12]
    },
    "erbbands": {
        "dmean": [0.00111260451376, 0.0563956573606, 1.49866163731, 10.4549312592, 17.292093277, 14.3347787857, 24.1007995605, 27.6604290009, 10.7044773102, 6.02904748917, 3.36710548401, 3.12313580513, 3.12285900116, 1.71702921391, 2.17923045158, 3.0448641777, 3.00368595123, 2.4144423008, 1.70286178589, 1.88916814327, 2.28012347221, 2.12809920311, 1.48570930958, 2.16481256485, 2.09747409821, 1.69074559212, 1.33117210865, 0.913674533367, 0.604965746403, 0.674601614475, 1.45239567757, 1.08422541618, 0.821165204048, 0.447989404202, 0.216379165649, 0.0586610175669, 0.00538308825344, 0.00144904467743, 0.000300937215798, 3.55917836714e-05],
        "dmean2": [0.00182218290865, 0.0949784889817, 2.56368017197, 17.2846469879, 28.4272289276, 22.9169654846, 41.0855140686, 47.9820747375, 19.2010993958, 10.163901329, 5.4153046608, 5.30871629715, 5.26642465591, 2.96345233917, 3.73553442955, 5.01849985123, 4.72064065933, 3.79410004616, 2.87073349953, 3.38406181335, 3.97901248932, 3.75316643715, 2.60928964615, 3.79923677444, 3.71357655525, 2.95179319382, 2.35967540741, 1.62084925175, 1.0752106905, 1.24625778198, 2.79916524887, 2.08814764023, 1.56985938549, 0.850177109241, 0.411350309849, 0.110529541969, 0.00947427749634, 0.00259722629562, 0.000531306723133, 5.94852790528e-05],
        "dvar": [1.5506489035e-06, 0.0056196465157, 4.09919786453, 335.274505615, 884.832092285, 661.630249023, 1035.49401855, 1224.67578125, 273.487792969, 95.1483917236, 34.2521591187, 23.7394371033, 15.2476739883, 27.1773471832, 21.3751964569, 122.363945007, 98.3431091309, 29.8614120483, 8.67570877075, 17.6298007965, 29.8467388153, 30.0304946899, 8.52382183075, 18.5204105377, 18.2164993286, 11.488699913, 10.2042074203, 6.31254386902, 2.00377869606, 3.45809531212, 27.5002536774, 9.31429481506, 6.35045814514, 2.02287936211, 0.294387102127, 0.0270683765411, 0.00013090572611, 1.51125559569e-05, 2.01368393959e-07, 1.36670375017e-09],
        "dvar2": [3.9348469727e-06, 0.0139927575365, 10.7673425674, 825.282592773, 2396.14038086, 1735.98071289, 3073.19604492, 3454.33618164, 751.763366699, 288.183044434, 83.453704834, 72.0141067505, 39.1413459778, 83.2057037354, 59.8721847534, 316.680114746, 229.239395142, 56.1500587463, 21.9551753998, 47.2735404968, 81.0549240112, 82.2296905518, 23.4266319275, 50.2615242004, 49.5649261475, 29.7304859161, 29.1191234589, 18.1157455444, 5.69271278381, 9.9650850296, 80.9223022461, 27.1631832123, 18.5420322418, 5.88331079483, 0.841681182384, 0.0778745859861, 0.000337702484103, 4.3134954467e-05, 5.56612803848e-07, 3.06769765146e-09],
        "max": [0.0121441418305, 0.651803076267, 14.616522789, 185.317749023, 265.626800537, 266.214569092, 302.919647217, 348.568145752, 132.999099731, 94.6894683838, 98.1224746704, 49.3708457947, 31.4422969818, 69.8783569336, 55.1630935669, 156.558578491, 119.047332764, 78.9865493774, 26.0698623657, 43.4083709717, 66.1599884033, 67.2094039917, 23.7459354401, 37.7128105164, 29.4733467102, 30.8195972443, 30.9210395813, 25.4529380798, 10.3185777664, 14.5947322845, 57.6029701233, 25.2191810608, 18.2259845734, 12.1197519302, 4.59016275406, 1.70721805096, 0.10091663152, 0.0438686534762, 0.00457589467987, 0.000660931749735],
        "mean": [0.00240507209674, 0.106443345547, 2.29465556145, 16.4475879669, 24.9271030426, 21.3337459564, 31.2426815033, 39.2787246704, 15.4558944702, 9.09130573273, 5.72270059586, 4.58664274216, 4.19524145126, 2.38528990746, 3.07846474648, 3.8765232563, 3.42002081871, 3.31948256493, 2.1200428009, 1.85987687111, 2.1361913681, 1.99465787411, 1.56346106529, 2.03937554359, 1.90392458439, 1.58999121189, 1.22346735001, 0.844297885895, 0.576791882515, 0.547097086906, 0.989787042141, 0.75836288929, 0.600654304028, 0.336564213037, 0.161218240857, 0.0471431426704, 0.00698670372367, 0.0030410841573, 0.00126353290398, 0.000233578874031],
        "median": [0.0017960324185, 0.060762681067, 1.42233610153, 8.42680740356, 11.5447320938, 9.23956680298, 18.1906719208, 24.4879665375, 7.45990896225, 3.77084136009, 2.74431467056, 2.31121230125, 2.25808405876, 1.24634563923, 1.46479701996, 1.53875923157, 1.35038423538, 1.02482926846, 0.996444046497, 0.799071788788, 0.891689658165, 0.750198066235, 0.665978372097, 0.730690419674, 0.632813692093, 0.554098308086, 0.441862732172, 0.312033712864, 0.218184515834, 0.167257919908, 0.182420164347, 0.155344054103, 0.134076908231, 0.0748999789357, 0.0384332984686, 0.0140698710456, 0.00377947441302, 0.0022983502131, 0.00117347424384, 0.000227608135901],
        "min": [8.974566299e-05, 0.000754258246161, 0.00733115989715, 0.0232079718262, 0.0312069170177, 0.0397952273488, 0.122913531959, 0.192603111267, 0.0680911839008, 0.0584014765918, 0.042466070503, 0.0294130444527, 0.0236704275012, 0.0192837622017, 0.0135793294758, 0.0154883190989, 0.00729836337268, 0.00972603354603, 0.00674614915624, 0.014961653389, 0.0343260280788, 0.0202311184257, 0.0100003452972, 0.0101843029261, 0.0156394951046, 0.00504823448136, 0.00467126676813, 0.00777244800702, 0.00592685490847, 0.00901183206588, 0.00639708247036, 0.00401767902076, 0.00190046359785, 0.00131110579241, 0.000501130241901, 0.000403156067478, 0.000107156251033, 6.74292314216e-05, 3.11450748995e-05, 5.93208096689e-06],
        "var": [3.98379643229e-06, 0.0153011670336, 6.83657264709, 442.555023193, 1378.06481934, 1200.4375, 1284.6171875, 1630.54382324, 420.510772705, 160.238098145, 81.0723342896, 36.9958610535, 26.1718578339, 22.7366943359, 24.6135730743, 110.436096191, 99.3242416382, 69.8197479248, 11.2819166183, 14.7757930756, 23.4128608704, 23.1439361572, 7.60897111893, 15.1513462067, 14.7131290436, 10.8395614624, 7.16429758072, 4.07851362228, 1.46066951752, 2.12509274483, 15.1369543076, 5.31878709793, 3.55858039856, 1.17131841183, 0.17908218503, 0.0165900886059, 0.000127620864077, 1.018794228e-05, 1.79549601853e-07, 2.27750307502e-09]
    },
    "gfcc": {
        "mean": [-50.1716918945, 96.2926177979, -61.7598228455, 12.3562259674, -58.5528907776, -15.9740905762, -48.0253868103, -16.3533744812, -32.6490402222, -13.8526916504, -12.8036298752, -12.3278169632, -11.5977878571],
        "cov": [[1853.69104004, -435.092834473, -557.540893555, 250.831634521, -149.055038452, 227.463043213, -218.46697998, 128.172180176, -76.4172668457, 53.6051025391, 5.11529254913, -19.2252311707, -7.7962012291], [-435.092834473, 764.835754395, 375.977600098, -252.392272949, 61.0506782532, -145.578735352, 92.9017715454, -125.669868469, -0.781735777855, -64.3829956055, -9.93126583099, -54.7920570374, -46.8573646545], [-557.540893555, 375.977600098, 535.183044434, -9.25720500946, 37.9354171753, -102.177009583, 59.4824142456, -48.6859817505, -7.08054590225, -44.5915718079, -12.6820840836, -7.58860826492, -2.26163196564], [250.831634521, -252.392272949, -9.25720500946, 319.922241211, 59.417552948, 60.5880393982, -35.5396308899, 46.6625671387, -7.61253070831, 17.7287406921, 6.70684480667, 26.2722587585, 33.1093025208], [-149.055038452, 61.0506782532, 37.9354171753, 59.417552948, 135.813781738, -0.206688597798, 26.1899909973, -20.4316730499, 6.52611351013, 8.29297161102, 5.73932027817, -3.20917916298, -2.50275540352], [227.463043213, -145.578735352, -102.177009583, 60.5880393982, -0.206688597798, 95.4549713135, -15.8139047623, 29.4411430359, -0.916522741318, 23.0552310944, 4.75048160553, -3.98627686501, -5.83430767059], [-218.46697998, 92.9017715454, 59.4824142456, -35.5396308899, 26.1899909973, -15.8139047623, 85.0472183228, -13.0551691055, 13.0292987823, -2.00046110153, -1.53433179855, 2.10361766815, -2.74053502083], [128.172180176, -125.669868469, -48.6859817505, 46.6625671387, -20.4316730499, 29.4411430359, -13.0551691055, 73.2126083374, 14.0710191727, 17.4326000214, 4.14512491226, 11.8346662521, 10.1238098145], [-76.4172668457, -0.781735777855, -7.08054590225, -7.61253070831, 6.52611351013, -0.916522741318, 13.0292987823, 14.0710191727, 47.8325920105, 17.8926944733, 4.99872684479, 6.82082128525, -0.0661347731948], [53.6051025391, -64.3829956055, -44.5915718079, 17.7287406921, 8.29297161102, 23.0552310944, -2.00046110153, 17.4326000214, 17.8926944733, 54.4526405334, 22.5407733917, 7.20054864883, -2.11078810692], [5.11529254913, -9.93126583099, -12.6820840836, 6.70684480667, 5.73932027817, 4.75048160553, -1.53433179855, 4.14512491226, 4.99872684479, 22.5407733917, 34.6820869446, 9.57490634918, -0.0736208632588], [-19.2252311707, -54.7920570374, -7.58860826492, 26.2722587585, -3.20917916298, -3.98627686501, 2.10361766815, 11.8346662521, 6.82082128525, 7.20054864883, 9.57490634918, 45.1776542664, 28.1055335999], [-7.7962012291, -46.8573646545, -2.26163196564, 33.1093025208, -2.50275540352, -5.83430767059, -2.74053502083, 10.1238098145, -0.0661347731948, -2.11078810692, -0.0736208632588, 28.1055335999, 41.26745224]],
        "icov": [[0.00515442481264, -0.00718476623297, 0.0067624100484, -0.00747814262286, 0.00758783193305, -0.00668766908348, 0.00742257572711, -0.00633885106072, 0.00878124497831, -0.00631044851616, 0.00541603798047, -0.00263670319691, 0.00224557123147], [-0.00718476623297, 0.0150927742943, -0.011885159649, 0.0134866936132, -0.012812897563, 0.0110876690596, -0.0113225318491, 0.0115814432502, -0.0134815080091, 0.0116333607584, -0.0104343527928, 0.00708043342456, -0.00276202033274], [0.0067624100484, -0.011885159649, 0.0127943325788, -0.0121820308268, 0.0110186515376, -0.00673655187711, 0.00854199193418, -0.00920433271676, 0.0122978948057, -0.00855916924775, 0.0082483291626, -0.00449105957523, 0.00345387193374], [-0.00747814262286, 0.0134866936132, -0.0121820308268, 0.0182506218553, -0.0156343318522, 0.00733841350302, -0.00876062083989, 0.00808939989656, -0.0120110036805, 0.0106981694698, -0.00922617223114, 0.00434496579692, -0.00633417116478], [0.00758783193305, -0.012812897563, 0.0110186515376, -0.0156343318522, 0.022619407624, -0.00998761877418, 0.00777598796412, -0.00605835486203, 0.0115705719218, -0.0120570948347, 0.00800382066518, -0.00315254670568, 0.00355806108564], [-0.00668766908348, 0.0110876690596, -0.00673655187711, 0.00733841350302, -0.00998761877418, 0.027503862977, -0.0112638864666, 0.00542708858848, -0.00887075904757, 0.00420271093026, -0.00635714503005, 0.0069739758037, 0.00171228765976], [0.00742257572711, -0.0113225318491, 0.00854199193418, -0.00876062083989, 0.00777598796412, -0.0112638864666, 0.0265073943883, -0.00913373660296, 0.00928838830441, -0.00934344809502, 0.0098402230069, -0.00759797310457, 0.0036522638984], [-0.00633885106072, 0.0115814432502, -0.00920433271676, 0.00808939989656, -0.00605835486203, 0.00542708858848, -0.00913373660296, 0.030188722536, -0.0177169833332, 0.00645941216499, -0.0071913166903, 0.00399959273636, -0.00508941384032], [0.00878124497831, -0.0134815080091, 0.0122978948057, -0.0120110036805, 0.0115705719218, -0.00887075904757, 0.00928838830441, -0.0177169833332, 0.0433231964707, -0.0208994038403, 0.0134496120736, -0.00943268556148, 0.00652125477791], [-0.00631044851616, 0.0116333607584, -0.00855916924775, 0.0106981694698, -0.0120570948347, 0.00420271093026, -0.00934344809502, 0.00645941216499, -0.0208994038403, 0.0428555756807, -0.0266413837671, 0.00397826125845, 2.40586214204e-05], [0.00541603798047, -0.0104343527928, 0.0082483291626, -0.00922617223114, 0.00800382066518, -0.00635714503005, 0.0098402230069, -0.0071913166903, 0.0134496120736, -0.0266413837671, 0.0505286753178, -0.016103092581, 0.0087502207607], [-0.00263670319691, 0.00708043342456, -0.00449105957523, 0.00434496579692, -0.00315254670568, 0.0069739758037, -0.00759797310457, 0.00399959273636, -0.00943268556148, 0.00397826125845, -0.016103092581, 0.0488978214562, -0.0300243534148], [0.00224557123147, -0.00276202033274, 0.00345387193374, -0.00633417116478, 0.00355806108564, 0.00171228765976, 0.0036522638984, -0.00508941384032, 0.00652125477791, 2.40586214204e-05, 0.0087502207607, -0.0300243534148, 0.0492160841823]]
    },
    "melbands": {
        "dmean": [2.02687260753e-05, 0.000542743247934, 0.00200609699823, 0.000960983743425, 0.000713167653885, 0.000626744644251, 0.000148673803778, 6.27843983239e-05, 2.43387821683e-05, 2.03671988857e-05, 1.51532112795e-05, 6.72173837302e-06, 6.28846009931e-06, 1.03553247754e-05, 5.57983457838e-06, 8.27997610031e-06, 4.20748119723e-06, 2.66403299065e-06, 2.68238841272e-06, 2.86889394374e-06, 2.65073185801e-06, 2.32483580476e-06, 1.50986795688e-06, 1.33632522648e-06, 1.81384348252e-06, 1.82466965271e-06, 1.19313108371e-06, 1.11344479592e-06, 8.93560525128e-07, 6.10165216131e-07, 5.23098037775e-07, 3.27932298205e-07, 3.3451277659e-07, 3.90720686028e-07, 8.8818291033e-07, 7.18334945304e-07, 6.6509375074e-07, 6.39301617866e-07, 4.16932635972e-07, 3.66140767483e-07],
        "dmean2": [3.24733882735e-05, 0.000919348211028, 0.00330105144531, 0.00154238252435, 0.00121231330559, 0.0010994108161, 0.000265083945123, 0.000106626132037, 3.80222481908e-05, 3.50356385752e-05, 2.55872128037e-05, 1.14901004054e-05, 1.10093687908e-05, 1.72378695424e-05, 8.93846117833e-06, 1.28523406602e-05, 6.78395599607e-06, 4.56866109744e-06, 4.77247840536e-06, 5.07671893502e-06, 4.68828329758e-06, 4.14021133111e-06, 2.62422804553e-06, 2.40287113229e-06, 3.19918581226e-06, 3.28512669512e-06, 2.05711830858e-06, 1.9403951228e-06, 1.59664386956e-06, 1.07084531464e-06, 9.24899381971e-07, 5.80889263802e-07, 6.06982666795e-07, 7.23830055449e-07, 1.71462113485e-06, 1.38089922075e-06, 1.2810806993e-06, 1.22589051443e-06, 7.95624089278e-07, 6.97233701885e-07],
        "dvar": [5.88791293499e-10, 5.60467697142e-07, 1.24190737552e-05, 2.46335912379e-06, 8.65265519678e-07, 5.83247981467e-07, 5.25418784036e-08, 1.10418660881e-08, 1.68823743874e-09, 8.7110552105e-10, 3.6196945441e-10, 4.02690103485e-10, 1.81457349147e-10, 1.11400011438e-09, 1.90092733221e-10, 1.21599463832e-09, 8.90957169153e-11, 2.09837980325e-11, 4.06162325994e-11, 3.71448427572e-11, 4.91947975412e-11, 4.48618538151e-11, 7.50236418129e-12, 7.79220785119e-12, 1.38535424452e-11, 1.54111272355e-11, 6.26323732461e-12, 5.21710105672e-12, 4.85668536637e-12, 2.23303320279e-12, 2.25088979573e-12, 5.81077503822e-13, 7.48480975549e-13, 1.52098179971e-12, 1.237760415e-11, 4.21062663902e-12, 4.06956369645e-12, 4.97320370649e-12, 1.70826720824e-12, 1.38912514304e-12],
        "dvar2": [1.43451817092e-09, 1.51193444253e-06, 3.13876043947e-05, 6.48816603643e-06, 2.51234359894e-06, 1.61800858223e-06, 1.44363980326e-07, 3.28988498666e-08, 3.84754628158e-09, 2.65288901957e-09, 9.27082965951e-10, 1.23379761963e-09, 5.30601784732e-10, 2.8712912048e-09, 4.83139972474e-10, 2.79231060496e-09, 1.47791348604e-10, 5.38664807204e-11, 1.08671585619e-10, 1.00402228198e-10, 1.34241964767e-10, 1.23989027379e-10, 2.04569972073e-11, 2.16221502508e-11, 3.75463479751e-11, 4.23815947614e-11, 1.69515651516e-11, 1.3544952486e-11, 1.38756523632e-11, 6.41377272473e-12, 6.45155196627e-12, 1.65212602713e-12, 2.15675307474e-12, 4.41295914741e-12, 3.65322772033e-11, 1.22765617117e-11, 1.19174175736e-11, 1.46217916247e-11, 4.96186945698e-12, 4.03476861296e-12],
        "max": [0.000238044740399, 0.00523363705724, 0.037634011358, 0.0157761089504, 0.00845319870859, 0.00736965844408, 0.00184172124136, 0.000988779123873, 0.000704860431142, 0.000276947888779, 0.00015321081446, 0.000269718060736, 0.000145729049109, 0.000470233819215, 0.000173721389729, 0.000416908063926, 0.00013688315812, 4.50791267212e-05, 6.48710411042e-05, 5.72904173168e-05, 8.84167748154e-05, 8.4618353867e-05, 2.33442951867e-05, 2.25292751566e-05, 3.49277797795e-05, 3.16741279676e-05, 2.31453868764e-05, 2.21956779569e-05, 1.88826834346e-05, 1.51236654347e-05, 1.54432600539e-05, 5.34074706593e-06, 7.95958294475e-06, 1.08707718027e-05, 3.91851062886e-05, 1.86347133422e-05, 1.78163245437e-05, 1.79252983799e-05, 1.07384757939e-05, 1.07455498437e-05],
        "mean": [3.93102454836e-05, 0.000817855529021, 0.00314416107722, 0.00164401496295, 0.00101173878647, 0.000906615343411, 0.000212667815504, 9.31973045226e-05, 4.195477959e-05, 2.84678972093e-05, 2.00573922484e-05, 9.06385139388e-06, 8.73809403856e-06, 1.2701223568e-05, 7.0134183261e-06, 8.4957382569e-06, 5.81742096983e-06, 3.28237911162e-06, 2.65344465333e-06, 2.68266535386e-06, 2.4001312795e-06, 2.11561905417e-06, 1.52654001795e-06, 1.34618585435e-06, 1.68984342963e-06, 1.5678311911e-06, 1.14893930458e-06, 1.02468675323e-06, 8.07595711194e-07, 5.62176296626e-07, 4.68548364552e-07, 3.20825051858e-07, 2.88212476107e-07, 3.07047457682e-07, 5.95081758092e-07, 5.02184093421e-07, 4.56618693079e-07, 4.54833127606e-07, 3.16215420071e-07, 2.74545243428e-07],
        "median": [2.33048558584e-05, 0.000438582675997, 0.00166565878317, 0.000775511492975, 0.000606764573604, 0.000571589160245, 9.62347039604e-05, 3.81050922442e-05, 2.03677755053e-05, 1.4597975678e-05, 1.06537700049e-05, 4.50654761153e-06, 4.35654374087e-06, 4.75230535812e-06, 3.3028713915e-06, 2.62453750111e-06, 1.74381011675e-06, 1.53965993377e-06, 1.05705089481e-06, 1.08488870865e-06, 9.52202810822e-07, 7.69072926232e-07, 6.51426773857e-07, 5.51791004e-07, 5.66216328934e-07, 5.53081122234e-07, 4.02598573146e-07, 3.5625797068e-07, 2.75920058357e-07, 2.02441199804e-07, 1.69362905922e-07, 1.14048091859e-07, 1.09073290844e-07, 8.58942499349e-08, 1.07868778798e-07, 9.77777858679e-08, 9.45067100133e-08, 9.79458860684e-08, 7.76699380367e-08, 5.79486254537e-08],
        "min": [6.2118454025e-07, 1.91211552192e-06, 4.30080899605e-06, 2.35173752117e-06, 3.82997905035e-06, 4.23652954851e-06, 9.75030388872e-07, 6.21765366304e-07, 3.24027780607e-07, 1.73781984358e-07, 1.12082155113e-07, 7.42862482639e-08, 4.91808123115e-08, 5.24719325767e-08, 1.98362322124e-08, 1.7211325698e-08, 1.79834049874e-08, 8.4321118976e-09, 1.97982839012e-08, 1.62663269521e-08, 4.55500490659e-08, 2.44712285991e-08, 1.11801430336e-08, 6.20838669363e-09, 8.247259764e-09, 1.26744561513e-08, 7.17532921968e-09, 2.9274558333e-09, 2.88381030167e-09, 3.01743674491e-09, 4.90178431178e-09, 2.81667000834e-09, 5.68119329358e-09, 4.70835148647e-09, 4.12327905153e-09, 2.05019401456e-09, 3.11073056203e-09, 1.69368108427e-09, 7.02285896104e-10, 1.23622856396e-09],
        "var": [1.85247528428e-09, 9.57550355452e-07, 1.60582858371e-05, 5.52852679903e-06, 1.20900085676e-06, 8.02960300916e-07, 8.35813906974e-08, 1.84833233163e-08, 4.40980540972e-09, 1.34643707295e-09, 6.1029314935e-10, 3.4273275884e-10, 1.87815318853e-10, 1.08125697285e-09, 2.03445593705e-10, 1.13054099415e-09, 2.17457232776e-10, 2.75158680563e-11, 3.44637235417e-11, 3.01314528883e-11, 3.67754715569e-11, 3.27452995275e-11, 7.12151127999e-12, 6.29113514755e-12, 1.10864017619e-11, 1.13855617642e-11, 5.42932972886e-12, 4.87266390431e-12, 3.34551700579e-12, 1.52457191836e-12, 1.43969374183e-12, 4.30169517628e-13, 4.8803664018e-13, 8.93177946968e-13, 6.73066246834e-12, 2.41663460077e-12, 2.26532876658e-12, 2.69766522489e-12, 9.82555074629e-13, 8.09542537172e-13]
    },
    "mfcc": {
        "mean": [-715.528503418, 144.807540894, 37.7532424927, 25.2659912109, 5.69430208206, -6.48804569244, -6.02874183655, -13.2825756073, -17.0140895844, -10.6478481293, -13.3414754868, -7.25745248795, -8.49420452118],
        "cov": [[2483.60498047, -879.117797852, -436.064849854, -119.11630249, 83.0906829834, -8.30474853516, -13.0447397232, -9.7283744812, -39.5211143494, 55.0161323547, -29.360918045, 27.6664905548, 17.0652179718], [-879.117797852, 1001.26544189, 246.260650635, -58.9952278137, -94.5782394409, -35.6973152161, -4.28691959381, -53.0892295837, -27.0562858582, -60.3714904785, 16.6347084045, -29.696269989, -44.0365638733], [-436.064849854, 246.260650635, 362.263397217, 94.0475082397, -1.51517927647, -18.7540683746, 6.38932609558, 5.97320890427, -1.56552863121, -17.7682723999, -13.0648031235, -22.9480552673, -19.842880249], [-119.11630249, -58.9952278137, 94.0475082397, 217.077438354, 86.8026504517, 42.8812675476, 29.088760376, 23.1835403442, 15.2268600464, 5.3904876709, -12.1910543442, -13.635602951, 5.48900270462], [83.0906829834, -94.5782394409, -1.51517927647, 86.8026504517, 122.173400879, 34.1854782104, 16.1514835358, 5.06341362, -0.326904028654, 18.1359500885, -2.55754470825, 7.24249982834, 1.53591275215], [-8.30474853516, -35.6973152161, -18.7540683746, 42.8812675476, 34.1854782104, 81.5948638916, 24.9394111633, 4.80971574783, 3.12047433853, 10.872672081, 9.78878211975, 4.35805273056, -1.44591581821], [-13.0447397232, -4.28691959381, 6.38932609558, 29.088760376, 16.1514835358, 24.9394111633, 54.5522537231, 5.99012756348, -0.0547163635492, 6.73519277573, 5.8570098877, 0.930278003216, -1.42162775993], [-9.7283744812, -53.0892295837, 5.97320890427, 23.1835403442, 5.06341362, 4.80971574783, 5.99012756348, 46.1955947876, 20.692358017, 5.73620128632, -7.70937013626, 0.483733415604, 6.87927246094], [-39.5211143494, -27.0562858582, -1.56552863121, 15.2268600464, -0.326904028654, 3.12047433853, -0.0547163635492, 20.692358017, 45.3695526123, 9.80112457275, -0.252784997225, 4.97047424316, 9.44095420837], [55.0161323547, -60.3714904785, -17.7682723999, 5.3904876709, 18.1359500885, 10.872672081, 6.73519277573, 5.73620128632, 9.80112457275, 49.6125183105, 17.2331371307, 12.8912343979, 6.98032236099], [-29.360918045, 16.6347084045, -13.0648031235, -12.1910543442, -2.55754470825, 9.78878211975, 5.8570098877, -7.70937013626, -0.252784997225, 17.2331371307, 44.5916938782, 20.9765224457, 5.8387670517], [27.6664905548, -29.696269989, -22.9480552673, -13.635602951, 7.24249982834, 4.35805273056, 0.930278003216, 0.483733415604, 4.97047424316, 12.8912343979, 20.9765224457, 46.4357070923, 15.5930776596], [17.0652179718, -44.0365638733, -19.842880249, 5.48900270462, 1.53591275215, -1.44591581821, -1.42162775993, 6.87927246094, 9.44095420837, 6.98032236099, 5.8387670517, 15.5930776596, 47.1187553406]],
