{
"lowlevel": {
    "average_loudness": 0.99068403244,
    "barkbands_crest": {
        "dmean": 3.39476585388,
        "dmean2": 5.01781892776,
        "dvar": 5.84103775024,
        "dvar2": 14.2636442184,
        "max": 26.3792095184,
        "mean": 14.2705965042,
        "median": 13.1022357941,
        "min": 6.23820734024,
        "var": 29.3015441895
    },
    "barkbands_flatness_db": {
        "dmean": 0.0395919755101,
        "dmean2": 0.0564017519355,
        "dvar": 0.00104789016768,
        "dvar2": 0.00227963272482,
        "max": 0.396846652031,
        "mean": 0.20581009984,
        "median": 0.193502798676,
        "min": 0.058395896107,
        "var": 0.00602326402441
    },
    "barkbands_kurtosis": {
        "dmean": 13.0790433884,
        "dmean2": 19.6025276184,
        "dvar": 650.983154297,
        "dvar2": 1514.78747559,
        "max": 181.947143555,
        "mean": 17.9586620331,
        "median": 8.73319149017,
        "min": -1.87661314011,
        "var": 932.093200684
    },
    "barkbands_skewness": {
        "dmean": 1.0563300848,
        "dmean2": 1.57315957546,
        "dvar": 1.31565821171,
        "dvar2": 3.13495564461,
        "max": 5.29637622833,
        "mean": 0.180703863502,
        "median": 0.953119039536,
        "min": -9.24274158478,
        "var": 9.75815582275
    },
    "barkbands_spread": {
        "dmean": 4.66640281677,
        "dmean2": 7.11791372299,
        "dvar": 32.4402809143,
        "dvar2": 77.0634384155,
        "max": 50.9039115906,
        "mean": 12.116645813,
        "median": 8.46618366241,
        "min": 0.452381193638,
        "var": 97.8004379272
    },
    "dissonance": {
        "dmean": 0.0174506902695,
        "dmean2": 0.0290669314563,
        "dvar": 0.000363321596524,
        "dvar2": 0.000905928260181,
        "max": 0.499804019928,
        "mean": 0.469476014376,
        "median": 0.476967692375,
        "min": 0.374324530363,
        "var": 0.000738650152925
    },
    "dynamic_complexity": 6.2751288414,
    "erbbands_crest": {
        "dmean": 4.49907207489,
        "dmean2": 6.92267847061,
        "dvar": 16.9567527771,
        "dvar2": 40.3118934631,
        "max": 34.594039917,
        "mean": 17.7052612305,
        "median": 15.9328575134,
        "min": 5.87295722961,
        "var": 72.4158554077
    },
    "erbbands_flatness_db": {
        "dmean": 0.0391898453236,
        "dmean2": 0.0574864186347,
        "dvar": 0.00131942681037,
        "dvar2": 0.00266954791732,
        "max": 0.493868082762,
        "mean": 0.260260999203,
        "median": 0.229118600488,
        "min": 0.113045841455,
        "var": 0.010870160535
    },
    "erbbands_kurtosis": {
        "dmean": 10.408952713,
        "dmean2": 15.4788103104,
        "dvar": 320.291900635,
        "dvar2": 731.419311523,
        "max": 142.959503174,
        "mean": 18.351272583,
        "median": 5.63590431213,
        "min": -1.57787132263,
        "var": 788.241821289
    },
    "erbbands_skewness": {
        "dmean": 1.18324863911,
        "dmean2": 1.87520956993,
        "dvar": 1.49898934364,
        "dvar2": 3.38421368599,
        "max": 3.41242623329,
        "mean": -0.581517279148,
        "median": -0.165201485157,
        "min": -5.49149465561,
        "var": 5.32846498489
    },
    "erbbands_spread": {
        "dmean": 7.58351612091,
        "dmean2": 11.9224805832,
        "dvar": 103.044250488,
        "dvar2": 257.573608398,
        "max": 74.8834991455,
        "mean": 18.3398399353,
        "median": 15.3614463806,
        "min": 0.394113391638,
        "var": 250.245422363
    },
    "hfc": {
        "dmean": 4.77835416794,
        "dmean2": 7.77513551712,
        "dvar": 221.3984375,
        "dvar2": 646.926696777,
        "max": 133.739105225,
        "mean": 7.27579164505,
        "median": 0.722799539566,
        "min": 0.0468041412532,
        "var": 372.933898926
    },
    "melbands_crest": {
        "dmean": 4.30350589752,
        "dmean2": 6.47790575027,
        "dvar": 10.4315090179,
        "dvar2": 22.993970871,
        "max": 30.5192165375,
        "mean": 16.3713626862,
        "median": 14.7165603638,
        "min": 7.94270467758,
        "var": 33.4047164917
    },
    "melbands_flatness_db": {
        "dmean": 0.0428443551064,
        "dmean2": 0.063571870327,
        "dvar": 0.00104164844379,
        "dvar2": 0.0026861759834,
        "max": 0.407331854105,
        "mean": 0.263718426228,
        "median": 0.26473659277,
        "min": 0.122964739799,
        "var": 0.00409822771326
    },
    "melbands_kurtosis": {
        "dmean": 9.06296062469,
        "dmean2": 14.3237276077,
        "dvar": 170.096954346,
        "dvar2": 341.445251465,
        "max": 82.8074035645,
        "mean": 14.0288887024,
        "median": 8.87665843964,
        "min": -1.86230015755,
        "var": 313.810180664
    },
    "melbands_skewness": {
        "dmean": 1.07696557045,
        "dmean2": 1.50729107857,
        "dvar": 0.960300922394,
        "dvar2": 2.01848244667,
        "max": 4.90273952484,
        "mean": 0.701712548733,
        "median": 1.70585918427,
        "min": -7.54637622833,
        "var": 8.56335830688
    },
    "melbands_spread": {
        "dmean": 7.01531600952,
        "dmean2": 10.2010011673,
        "dvar": 81.4391937256,
        "dvar2": 120.459388733,
        "max": 64.7494888306,
        "mean": 20.6215305328,
        "median": 12.1873579025,
        "min": 2.21610164642,
        "var": 325.213195801
    },
    "pitch_salience": {
        "dmean": 0.0916349887848,
        "dmean2": 0.129223078489,
        "dvar": 0.00491875642911,
        "dvar2": 0.0113928643987,
        "max": 0.835059344769,
        "mean": 0.55992269516,
        "median": 0.580227911472,
        "min": 0.19318138063,
        "var": 0.0218928325921
    },
    "silence_rate_20dB": {
        "dmean": 0,
        "dmean2": 0,
        "dvar": 0,
        "dvar2": 0,
        "max": 1,
        "mean": 1,
        "median": 1,
        "min": 1,
        "var": 0
    },
    "silence_rate_30dB": {
        "dmean": 0,
        "dmean2": 0,
        "dvar": 0,
        "dvar2": 0,
        "max": 1,
        "mean": 1,
        "median": 1,
        "min": 1,
        "var": 0
    },
    "silence_rate_60dB": {
        "dmean": 0.0750000029802,
        "dmean2": 0.139240503311,
        "dvar": 0.0693749636412,
        "dvar2": 0.1451690346,
        "max": 1,
        "mean": 0.753086447716,
        "median": 1,
        "min": 0,
        "var": 0.185947433114
    },
    "spectral_centroid": {
        "dmean": 148.454986572,
        "dmean2": 219.25163269,
        "dvar": 26295.2597656,
        "dvar2": 45552.3476562,
        "max": 2310.56591797,
        "mean": 1210.04016113,
        "median": 1157.3605957,
        "min": 262.009490967,
        "var": 454392.0625
    },
    "spectral_complexity": {
        "dmean": 1.07500004768,
        "dmean2": 1.77215194702,
        "dvar": 0.894375324249,
        "dvar2": 1.99871921539,
        "max": 8,
        "mean": 3.25925922394,
        "median": 3,
        "min": 0,
        "var": 3.69821763039
    },
    "spectral_decrease": {
        "dmean": 5.02945518566e-10,
        "dmean2": 7.51792739173e-10,
        "dvar": 1.71931248078e-18,
        "dvar2": 4.7683748717e-18,
        "max": -1.74514673545e-11,
        "mean": -8.30733426493e-10,
        "median": -2.13675077632e-10,
        "min": -1.28400259314e-08,
        "var": 3.49138047308e-18
    },
    "spectral_energy": {
        "dmean": 0.00232504261658,
        "dmean2": 0.00353466509841,
        "dvar": 3.95410388592e-05,
        "dvar2": 0.000110991713882,
        "max": 0.0605917163193,
        "mean": 0.00379531178623,
        "median": 0.000860146654304,
        "min": 7.01112876413e-05,
        "var": 7.73410138208e-05
    },
    "spectral_energyband_high": {
        "dmean": 7.14523339411e-05,
        "dmean2": 0.000138681847602,
        "dvar": 1.1038115133e-07,
        "dvar2": 3.35212206437e-07,
        "max": 0.00223970320076,
        "mean": 4.91281462018e-05,
        "median": 3.43286387761e-06,
        "min": 3.12005653313e-07,
        "var": 6.25427389878e-08
    },
    "spectral_energyband_low": {
        "dmean": 4.93944389746e-05,
        "dmean2": 7.13123663445e-05,
        "dvar": 2.1793292504e-08,
        "dvar2": 3.50304816266e-08,
        "max": 0.00136653601658,
        "mean": 7.51841289457e-05,
        "median": 6.32416504232e-06,
        "min": 1.08792633569e-07,
        "var": 5.06503781139e-08
    },
    "spectral_energyband_middle_high": {
        "dmean": 0.00197241920978,
        "dmean2": 0.00314682582393,
        "dvar": 3.14416029141e-05,
        "dvar2": 8.91279269126e-05,
        "max": 0.0519935265183,
        "mean": 0.00316469324753,
        "median": 0.000254531798419,
        "min": 5.65045274925e-06,
        "var": 6.38077108306e-05
    },
    "spectral_energyband_middle_low": {
        "dmean": 0.000355755561031,
        "dmean2": 0.000559719046578,
        "dvar": 7.96975029971e-07,
        "dvar2": 1.43943282183e-06,
        "max": 0.00701128039509,
        "mean": 0.000545527669601,
        "median": 0.000201599599677,
        "min": 1.69999348145e-05,
        "var": 1.18601394661e-06
    },
    "spectral_entropy": {
        "dmean": 0.420231103897,
        "dmean2": 0.643682599068,
        "dvar": 0.136317297816,
        "dvar2": 0.316158771515,
        "max": 8.19944858551,
        "mean": 6.77331399918,
        "median": 6.77293777466,
        "min": 5.2657752037,
        "var": 0.433958262205
    },
    "spectral_flux": {
        "dmean": 0.00997434463352,
        "dmean2": 0.0171508193016,
        "dvar": 0.000224764546147,
        "dvar2": 0.000634093245026,
        "max": 0.129723668098,
        "mean": 0.0255348421633,
        "median": 0.0159883163869,
        "min": 0.00431172456592,
        "var": 0.000593685137574
    },
    "spectral_kurtosis": {
        "dmean": 5.72730255127,
        "dmean2": 9.07861042023,
        "dvar": 34.987739563,
        "dvar2": 84.801322937,
        "max": 39.2410049438,
        "mean": 12.5749492645,
        "median": 10.2887182236,
        "min": 0.693165540695,
        "var": 73.4235839844
    },
    "spectral_rms": {
        "dmean": 0.000395959417801,
        "dmean2": 0.000570295203943,
        "dvar": 3.60319660331e-07,
        "dvar2": 7.97056998181e-07,
        "max": 0.0076885544695,
        "mean": 0.00137197400909,
        "median": 0.000916060816962,
        "min": 0.00026153633371,
        "var": 1.82043106634e-06
    },
    "spectral_rolloff": {
        "dmean": 212.640380859,
        "dmean2": 376.149627686,
        "dvar": 246287.375,
        "dvar2": 656508.3125,
        "max": 5038.76953125,
        "mean": 1467.97973633,
        "median": 1744.18945312,
        "min": 301.46484375,
        "var": 722901.4375
    },
    "spectral_skewness": {
        "dmean": 0.535098195076,
        "dmean2": 0.847265899181,
        "dvar": 0.211439341307,
        "dvar2": 0.515391170979,
        "max": 4.38915061951,
        "mean": 2.58857321739,
        "median": 2.55357217789,
        "min": 1.11662173271,
        "var": 0.543308317661
    },
    "spectral_spread": {
        "dmean": 1221557.875,
        "dmean2": 1856834.375,
        "dvar": 4.32655459942e+12,
        "dvar2": 6.45606408192e+12,
        "max": 18857226,
        "mean": 3950858.25,
        "median": 3671574.5,
        "min": 1432873.375,
        "var": 5.41920906445e+12
    },
    "spectral_strongpeak": {
        "dmean": 0.955729842186,
        "dmean2": 1.4750494957,
        "dvar": 2.94444346428,
        "dvar2": 6.10015678406,
        "max": 18.156747818,
        "mean": 1.88570451736,
        "median": 0.210538432002,
        "min": 0.0209346022457,
        "var": 12.2744579315
    },
    "zerocrossingrate": {
        "dmean": 0.00734863290563,
        "dmean2": 0.00928970519453,
        "dvar": 5.41442786925e-05,
        "dvar2": 7.01854369254e-05,
        "max": 0.10888671875,
        "mean": 0.0626929029822,
        "median": 0.06298828125,
        "min": 0.01904296875,
        "var": 0.000636087206658
    },
    "barkbands": {
        "dmean": [2.17938918468e-06, 2.86512113234e-06, 1.92051829799e-05, 5.13671911904e-05, 0.000187290279428, 0.000115685499622, 7.77895184001e-05, 2.14097108255e-05, 8.26917857921e-06, 3.75690387955e-06, 2.23328561333e-06, 3.57835597242e-06, 6.27851977697e-06, 2.45061910391e-05, 0.00027598332963, 0.00170258397702, 0.000199517657165, 1.6425474314e-06, 5.35546178071e-06, 9.15181772143e-06, 5.56027907805e-06, 1.56919691108e-06, 3.23535787174e-05, 2.16392982111e-05, 6.12524900134e-06, 6.83892892539e-07, 3.71412696154e-08],
        "dmean2": [3.74397905034e-06, 4.03250169256e-06, 2.94375331578e-05, 8.5915235104e-05, 0.000262048561126, 0.000183265874512, 0.000134273082949, 3.65531632269e-05, 1.38904297273e-05, 6.17265277469e-06, 3.8492735257e-06, 6.28078214504e-06, 9.24896994547e-06, 2.72666529781e-05, 0.000397840485675, 0.0027278943453, 0.000284814537736, 3.07664322463e-06, 7.58556643632e-06, 1.62817032106e-05, 9.24564847082e-06, 2.97217115985e-06, 6.45070176688e-05, 4.33664172306e-05, 1.22149531308e-05, 1.35458014938e-06, 6.41248192323e-08],
        "dvar": [3.97101275473e-12, 4.21673113093e-11, 2.84716938914e-09, 2.93185102862e-08, 4.09550921177e-07, 2.66524757819e-08, 5.31303854245e-08, 2.9493740783e-09, 4.55471660388e-10, 7.85160339523e-11, 1.64028530342e-11, 6.67288030387e-11, 1.37188607696e-10, 4.80610884424e-09, 4.96294205732e-07, 2.98764880426e-05, 6.08306322647e-07, 1.68853646343e-11, 1.54634610672e-10, 3.79414943907e-10, 3.26222771019e-10, 5.01946470499e-11, 3.14746202434e-08, 1.26842651937e-08, 4.96609031675e-10, 9.27683797836e-12, 1.47785025269e-15],
        "dvar2": [1.0870485935e-11, 7.1913197619e-11, 6.19349416198e-09, 5.38196012201e-08, 7.9591092117e-07, 6.74474449625e-08, 1.45534940543e-07, 8.46373460206e-09, 1.20518850455e-09, 2.14516154839e-10, 4.35210444072e-11, 1.99727193118e-10, 3.93944321608e-10, 6.28087848398e-09, 9.37117818012e-07, 8.5077888798e-05, 9.77284798864e-07, 5.63658703046e-11, 3.40724282122e-10, 1.25275789742e-09, 7.36750549457e-10, 1.50795778642e-10, 9.49669427541e-08, 3.82487961303e-08, 1.48692325119e-09, 2.78029335665e-11, 3.37735181246e-15],
        "max": [9.59405952017e-06, 7.08584411768e-05, 0.000449658225989, 0.00143343734089, 0.00593011267483, 0.000872450880706, 0.00167595443781, 0.000349098438164, 0.000159181974595, 6.6274566052e-05, 3.03117230942e-05, 5.66974958929e-05, 8.30590142868e-05, 0.000755736837164, 0.00598384579644, 0.0501819811761, 0.00685739889741, 2.83205336018e-05, 9.92627537926e-05, 0.000119016476674, 0.000138677321956, 4.84808624606e-05, 0.0011489612516, 0.000725981080905, 0.000109338892798, 1.94555505004e-05, 4.30008782359e-07],
        "mean": [2.05216224458e-06, 4.25745429311e-06, 3.07843838527e-05, 5.78085200686e-05, 0.000248410360655, 0.00013224533177, 7.41371113691e-05, 2.09644167626e-05, 9.71696681518e-06, 5.07600407218e-06, 2.94479900731e-06, 5.09289793627e-06, 8.36277922645e-06, 3.65345840692e-05, 0.000550211872905, 0.00230480288155, 0.000241016299697, 1.54128940721e-06, 5.75896046939e-06, 9.00626037037e-06, 1.04208493212e-05, 1.19484491279e-06, 1.73671724042e-05, 1.14319154818e-05, 3.41306144946e-06, 4.35669534227e-07, 2.16303504885e-07],
        "median": [1.13538749247e-06, 1.40731879128e-06, 1.12986958811e-06, 4.80102380607e-06, 5.02776529174e-05, 6.75928095006e-05, 1.94474832824e-05, 6.82110703565e-06, 4.30371528637e-06, 2.87751504402e-06, 1.32789227791e-06, 3.25744463225e-06, 2.43646400122e-06, 2.67717678071e-06, 2.75545353361e-05, 1.45148342199e-05, 1.00203465081e-06, 4.77751882499e-07, 1.25656072214e-06, 8.53684980484e-07, 4.37539171116e-07, 2.74398075817e-07, 2.40234413695e-07, 3.48141412587e-07, 2.84962510477e-07, 1.03180475719e-07, 2.04577560226e-07],
        "min": [4.46297843126e-09, 1.79332229067e-08, 1.32342021786e-08, 1.38386777593e-08, 2.6895550036e-06, 2.41969496528e-06, 1.94631456907e-06, 7.68529503148e-07, 3.74302373984e-07, 1.87145985819e-07, 1.17949483069e-07, 9.62434540952e-08, 1.27599875555e-07, 9.82999139865e-08, 1.15195639694e-07, 9.32006614107e-08, 3.1424658431e-08, 3.31050564739e-08, 2.42615776358e-08, 2.99362845624e-08, 2.74932325794e-08, 1.39980418368e-08, 1.04534851886e-08, 8.62818438918e-09, 1.00649657497e-08, 1.63037796597e-08, 1.62076631227e-07],
        "var": [4.74991964164e-12, 1.118506468e-10, 7.53977058565e-09, 4.08373423966e-08, 6.12332087258e-07, 2.96149238466e-08, 3.93951822275e-08, 2.01691641166e-09, 3.7505584749e-10, 7.45167955118e-11, 2.06536333175e-11, 4.85655890503e-11, 2.3395421711e-10, 1.3114821229e-08, 1.55391103362e-06, 5.47508570889e-05, 1.05928165794e-06, 1.18611882469e-11, 2.03606173588e-10, 3.69836522518e-10, 9.63087165573e-10, 2.87437885993e-11, 1.61207669436e-08, 6.44788666904e-09, 2.60694882348e-10, 4.79182709137e-12, 2.02000734899e-15]
    },
    "erbbands": {
        "dmean": [3.7357727706e-05, 0.00101407617331, 0.0153551790863, 0.115961074829, 0.224988371134, 1.03703784943, 0.723850429058, 1.0048302412, 1.26813900471, 0.769481003284, 0.338297128677, 0.179961264133, 0.191512435675, 0.0644385516644, 0.12024333328, 0.141205340624, 0.236144036055, 1.31635785103, 9.59801769257, 21.9772930145, 108.44783783, 10.6114692688, 0.419500440359, 0.171318531036, 0.367861032486, 0.436018139124, 0.361279696226, 0.110204830766, 0.0423607565463, 0.22196047008, 1.10073173046, 0.830371379852, 0.164728969336, 0.0679329782724, 0.0490556098521, 0.00695774983615, 0.000631110917311, 5.14868588652e-05, 7.95882260718e-06, 3.76243360733e-06],
        "dmean2": [6.04474153079e-05, 0.00151646963786, 0.0233454331756, 0.188349947333, 0.35764464736, 1.39002513885, 1.10375106335, 1.69136297703, 2.10718894005, 1.36430895329, 0.59775865078, 0.30846080184, 0.338669061661, 0.0991314724088, 0.204707786441, 0.24295835197, 0.351253509521, 1.61037969589, 14.1736307144, 30.5750370026, 179.1378479, 16.5815124512, 0.695396184921, 0.297330647707, 0.557447910309, 0.753443777561, 0.521494567394, 0.196826606989, 0.079012863338, 0.43384963274, 2.20048308372, 1.67061543465, 0.326976031065, 0.13446521759, 0.0984582751989, 0.0138549078256, 0.00123633048497, 9.47335865931e-05, 1.36481712616e-05, 6.0055413087e-06],
        "dvar": [2.65119082243e-09, 7.18335013516e-06, 0.00187340436969, 0.160285100341, 0.240480467677, 13.1691188812, 2.09556055069, 2.01990222931, 13.5749998093, 3.75936508179, 0.918574810028, 0.238739103079, 0.318583637476, 0.0120461005718, 0.0665890946984, 0.0891724154353, 0.166625455022, 12.3174791336, 1230.61425781, 2256.97802734, 141306.5, 1268.80249023, 1.73332083225, 0.146630063653, 0.546806693077, 1.07058632374, 1.0208851099, 0.114564791322, 0.0273784603924, 1.21697437763, 38.0840530396, 21.2363529205, 0.493162095547, 0.0565117709339, 0.0353676378727, 0.000791799568105, 6.26163000561e-06, 1.34359350312e-08, 1.66490779496e-10, 1.02932676271e-10],
        "dvar2": [7.93355070527e-09, 1.36161779665e-05, 0.00404686015099, 0.27654081583, 0.445780605078, 25.9867515564, 4.82968473434, 5.01718330383, 37.0237884521, 10.6398544312, 2.57307624817, 0.645299315453, 0.931682348251, 0.0298157967627, 0.183334827423, 0.266162842512, 0.511372745037, 17.2448425293, 1947.03918457, 4364.62792969, 404522.59375, 2833.39794922, 4.27830934525, 0.454137295485, 1.36524176598, 3.21853780746, 2.35571408272, 0.334866821766, 0.0825945958495, 3.71419119835, 114.70941925, 63.8926353455, 1.49525105953, 0.170046567917, 0.105556219816, 0.00236735842191, 1.87330551853e-05, 4.09568912119e-08, 4.68282690402e-10, 2.98921470909e-10],
        "max": [0.00039129218203, 0.0291515532881, 0.403414428234, 3.48949885368, 4.13763380051, 34.1313438416, 11.0096149445, 7.32115983963, 26.9262294769, 12.7083873749, 6.52679824829, 3.58657336235, 4.01661539078, 0.891160905361, 1.82081818581, 2.14070701599, 3.03362584114, 38.675403595, 295.71182251, 363.337524414, 3434.7421875, 267.161621094, 9.23653507233, 2.69853019714, 5.65750837326, 6.80132389069, 9.52167224884, 2.04444503784, 1.16498708725, 7.29322004318, 39.8920974731, 29.6649131775, 4.49047327042, 1.23305034637, 0.927322387695, 0.171762898564, 0.0148381534964, 0.000713921152055, 0.000127402046928, 9.83509307844e-05],
        "mean": [5.78496292292e-05, 0.00163793400861, 0.0258565470576, 0.14972768724, 0.285576730967, 1.29669296741, 0.860638737679, 1.13020467758, 1.21774983406, 0.797280490398, 0.348338127136, 0.216101542115, 0.216418981552, 0.114999853075, 0.139451295137, 0.219307601452, 0.381324142218, 2.35480475426, 18.8171920776, 38.7761688232, 151.376663208, 16.0370159149, 0.624987125397, 0.189819186926, 0.398892074823, 0.462686002254, 0.633018553257, 0.122678630054, 0.0378450863063, 0.13977958262, 0.579720675945, 0.427497774363, 0.0929513573647, 0.0390353016555, 0.0264157187194, 0.00406170776114, 0.000441627315013, 7.98267647042e-05, 2.8924567232e-05, 9.20619731914e-06],
        "median": [3.46621127392e-05, 0.000371935922885, 0.0016797677381, 0.0122901974246, 0.116855554283, 0.144714877009, 0.250523149967, 0.601327180862, 0.325541645288, 0.246399059892, 0.134587034583, 0.0917919501662, 0.11472325027, 0.0632423684001, 0.0656437799335, 0.144789144397, 0.138950169086, 0.307979851961, 0.84986114502, 1.41255116463, 0.597837626934, 0.0905978158116, 0.0373783521354, 0.053231626749, 0.0774442106485, 0.0490548014641, 0.0246998183429, 0.0151177886873, 0.00933831557631, 0.00837042741477, 0.0076039461419, 0.00737035833299, 0.00542900525033, 0.004084889777, 0.00165194203146, 0.000725485384464, 0.000137955241371, 5.78032922931e-05, 2.5487595849e-05, 5.21076981386e-06],
        "min": [1.51326707964e-06, 8.79933850229e-06, 7.86760647316e-05, 0.000543521891814, 0.0029130326584, 0.0081671429798, 0.0117103587836, 0.029188124463, 0.0468477196991, 0.0134628955275, 0.0129375811666, 0.00868463888764, 0.0084262508899, 0.00454945396632, 0.00515557639301, 0.0193802248687, 0.016815200448, 0.00686607602984, 0.00630948645994, 0.00517264381051, 0.00422604288906, 0.0024330727756, 0.00197984371334, 0.00154804915655, 0.00146173906978, 0.00116971414536, 0.00121598504484, 0.000909778173082, 0.000496916531119, 0.000363365339581, 0.000283854315057, 0.000269447162282, 0.000112968031317, 9.48219894781e-05, 9.09085356398e-05, 3.85643688787e-05, 2.74779486062e-05, 2.55646773439e-05, 1.54536701302e-05, 3.03672209157e-06],
        "var": [5.11755215982e-09, 1.90261453099e-05, 0.00523109221831, 0.255356669426, 0.345169574022, 19.9854793549, 2.59769868851, 2.0790784359, 10.2168827057, 2.63995432854, 0.638205707073, 0.186269760132, 0.212656706572, 0.0236960537732, 0.0577555298805, 0.0713070631027, 0.309434205294, 35.4806404114, 2463.69116211, 5692.35791016, 263408.5625, 2897.81201172, 3.6641356945, 0.13567815721, 0.71107006073, 1.06352961063, 3.43472933769, 0.130435079336, 0.0169300436974, 0.655413210392, 19.409444809, 10.7391824722, 0.257125347853, 0.0300557967275, 0.0183245856315, 0.000410362670664, 3.30178204422e-06, 8.5021074625e-09, 2.04505051782e-10, 1.72354672201e-10]
    },
    "gfcc": {
        "mean": [-212.58102417, 76.5307388306, -119.730758667, 1.44166123867, -47.7595252991, -14.9966659546, -68.7032089233, -18.2161769867, -15.0985450745, 1.15073406696, -13.9085245132, -13.0625619888, 1.68723905087],
        "cov": [[2914.15527344, -1133.77758789, -1366.71801758, 674.745910645, -50.5255279541, -228.770187378, -854.483703613, 141.749633789, 421.445465088, -130.150482178, -369.888366699, -36.2489624023, 407.943145752], [-1133.77758789, 1344.00415039, 971.967773438, -425.363952637, 146.072784424, 156.88760376, 402.330841064, -283.492340088, -261.843902588, 102.290733337, 260.456359863, -89.6569213867, -396.575500488], [-1366.71801758, 971.967773438, 1559.17712402, -555.551574707, -491.649902344, 322.166778564, 563.54309082, 15.8090114594, -536.144897461, -44.7195358276, 381.483917236, 176.324920654, -383.878234863], [674.745910645, -425.363952637, -555.551574707, 487.958007812, 316.599121094, -33.0193634033, -237.836303711, -100.171966553, 203.260147095, 5.84717845917, -182.375305176, -128.523086548, 111.175865173], [-50.5255279541, 146.072784424, -491.649902344, 316.599121094, 790.983520508, -20.1045608521, -109.841003418, -314.614013672, 258.096466064, 176.775360107, -144.76020813, -310.896820068, -42.7891693115], [-228.770187378, 156.88760376, 322.166778564, -33.0193634033, -20.1045608521, 174.099945068, 114.339172363, -19.7517299652, -99.8825531006, 13.214053154, 77.8405532837, -2.91334414482, -115.001647949], [-854.483703613, 402.330841064, 563.54309082, -237.836303711, -109.841003418, 114.339172363, 349.137908936, -7.10406208038, -187.981552124, 6.31326627731, 158.654373169, 64.5813751221, -168.686325073], [141.749633789, -283.492340088, 15.8090114594, -100.171966553, -314.614013672, -19.7517299652, -7.10406208038, 264.232330322, -1.1138458252, -68.906791687, 18.2793083191, 160.778869629, 108.166152954], [421.445465088, -261.843902588, -536.144897461, 203.260147095, 258.096466064, -99.8825531006, -187.981552124, -1.1138458252, 288.163208008, 50.8897361755, -126.366409302, -53.6220016479, 142.211334229], [-130.150482178, 102.290733337, -44.7195358276, 5.84717845917, 176.775360107, 13.214053154, 6.31326627731, -68.906791687, 50.8897361755, 124.909164429, 24.1061763763, -100.955451965, -61.0779495239], [-369.888366699, 260.456359863, 381.483917236, -182.375305176, -144.76020813, 77.8405532837, 158.654373169, 18.2793083191, -126.366409302, 24.1061763763, 158.15032959, 51.918712616, -120.994186401], [-36.2489624023, -89.6569213867, 176.324920654, -128.523086548, -310.896820068, -2.91334414482, 64.5813751221, 160.778869629, -53.6220016479, -100.955451965, 51.918712616, 219.493408203, 80.2597122192], [407.943145752, -396.575500488, -383.878234863, 111.175865173, -42.7891693115, -115.001647949, -168.686325073, 108.166152954, 142.211334229, -61.0779495239, -120.994186401, 80.2597122192, 228.780517578]],
        "icov": [[0.00489994883537, -0.00514141051099, 0.00625946559012, -0.00630241818726, 0.00743538234383, -0.00491642998531, 0.00946437567472, -0.00294396863319, 0.000262226414634, -0.00133640714921, 0.00420743320137, -0.00403002463281, 0.00632485281676], [-0.00514141051099, 0.0122433118522, -0.0119257811457, 0.0113563379273, -0.0109844673425, 0.00894634984434, -0.00871370919049, 0.0082861315459, -0.00535670015961, 0.00598178850487, -0.00745496572927, 0.00618709158152, -0.0042248996906], [0.00625946559012, -0.0119257811457, 0.0171650536358, -0.0101842610165, 0.0124274753034, -0.0130653697997, 0.00937892403454, -0.00647179130465, 0.00739708216861, -0.00487266434357, 0.00619211001322, -0.00908077694476, 0.00821036566049], [-0.00630241818726, 0.0113563379273, -0.0101842610165, 0.0175132695585, -0.011876616627, 0.00458156690001, -0.0103843677789, 0.00935113895684, -0.0051937494427, 0.00766004435718, -0.00585370045155, 0.0077552748844, -0.00721480092034], [0.00743538234383, -0.0109844673425, 0.0124274753034, -0.011876616627, 0.0229119118303, -0.0120661575347, 0.00960644055158, 0.000636530516203, -0.00511079188436, -0.0073882653378, 0.0124356495216, -0.00158742675558, 0.0076650949195], [-0.00491642998531, 0.00894634984434, -0.0130653697997, 0.00458156690001, -0.0120661575347, 0.0217449963093, -0.00761909130961, 0.00116018485278, -0.00143189087976, 0.00267373165116, -0.00644778972492, 0.0031126816757, -0.000265293434495], [0.00946437567472, -0.00871370919049, 0.00937892403454, -0.0103843677789, 0.00960644055158, -0.00761909130961, 0.0284010376781, -0.00715762330219, 0.00266052247025, -0.00221770186909, 0.00677648140118, -0.0134651903063, 0.0171562954783], [-0.00294396863319, 0.0082861315459, -0.00647179130465, 0.00935113895684, 0.000636530516203, 0.00116018485278, -0.00715762330219, 0.0198616813868, -0.009610760957, 0.00226020114496, -0.00331446691416, 0.0038156923838, -0.00627027731389], [0.000262226414634, -0.00535670015961, 0.00739708216861, -0.0051937494427, -0.00511079188436, -0.00143189087976, 0.00266052247025, -0.009610760957, 0.0232108049095, -0.0100736198947, 0.0017656381242, -0.0106150154024, -0.00244706240483], [-0.00133640714921, 0.00598178850487, -0.00487266434357, 0.00766004435718, -0.0073882653378, 0.00267373165116, -0.00221770186909, 0.00226020114496, -0.0100736198947, 0.0309845283628, -0.019769847393, 0.017041599378, -0.00378824397922], [0.00420743320137, -0.00745496572927, 0.00619211001322, -0.00585370045155, 0.0124356495216, -0.00644778972492, 0.00677648140118, -0.00331446691416, 0.0017656381242, -0.019769847393, 0.0407628789544, -0.0184474270791, 0.0201120041311], [-0.00403002463281, 0.00618709158152, -0.00908077694476, 0.0077552748844, -0.00158742675558, 0.0031126816757, -0.0134651903063, 0.0038156923838, -0.0106150154024, 0.017041599378, -0.0184474270791, 0.0350336618721, -0.0224577989429], [0.00632485281676, -0.0042248996906, 0.00821036566049, -0.00721480092034, 0.0076650949195, -0.000265293434495, 0.0171562954783, -0.00627027731389, -0.00244706240483, -0.00378824397922, 0.0201120041311, -0.0224577989429, 0.0389913991094]]
    },
    "melbands": {
        "dmean": [5.65662958252e-07, 5.95755955146e-06, 1.95202719624e-05, 4.62895659439e-05, 2.79347204923e-05, 2.31141857512e-05, 1.76323646883e-05, 7.48570755604e-06, 2.26083034249e-06, 1.19690389511e-06, 9.45616989156e-07, 2.64642437742e-07, 3.43498498978e-07, 3.79189600608e-07, 3.35427642995e-07, 7.7023224776e-07, 2.45519345299e-06, 1.28592491819e-05, 2.31778521993e-05, 6.12863950664e-05, 0.00012679232168, 1.0058170119e-05, 2.60149761289e-07, 8.1550965092e-08, 1.05229062797e-07, 3.1177648907e-07, 2.93288110242e-07, 3.20605437309e-07, 2.16185298996e-07, 1.98539197527e-07, 3.26076907697e-08, 2.02983869713e-08, 3.21711155493e-08, 1.47667307715e-07, 6.01071235451e-07, 7.17490650004e-07, 4.44625982254e-07, 9.12513229423e-08, 8.03120201454e-08, 4.84859654648e-08],
        "dmean2": [9.05048068489e-07, 9.14966494747e-06, 3.24371758325e-05, 6.26245237072e-05, 4.20405449404e-05, 3.82347534469e-05, 2.96261696349e-05, 1.2972782315e-05, 3.97481289838e-06, 2.05666583497e-06, 1.68748022134e-06, 3.85453347462e-07, 5.87148292652e-07, 6.68971267714e-07, 5.40711880603e-07, 1.17957415569e-06, 2.86437807517e-06, 1.80360984814e-05, 3.27468551404e-05, 9.00244776858e-05, 0.000210743019124, 1.4410183212e-05, 4.24722571779e-07, 1.53682762516e-07, 1.98244407557e-07, 4.08612152114e-07, 5.49782271264e-07, 5.48266086753e-07, 2.83460792616e-07, 3.50025771922e-07, 5.96043854273e-08, 3.68763508618e-08, 6.22115905458e-08, 2.85387727672e-07, 1.1952015484e-06, 1.44443765748e-06, 8.94532945495e-07, 1.7990868173e-07, 1.58795828042e-07, 9.60015213991e-08],
        "dvar": [9.72269682299e-13, 2.63429306147e-10, 3.42955486232e-09, 2.31092904812e-08, 5.29359400758e-09, 1.15096610021e-09, 2.74511635645e-09, 3.4956729178e-10, 3.59923341131e-11, 1.07896495558e-11, 7.78183940897e-12, 1.57203379004e-13, 5.18915856465e-13, 1.03176516809e-12, 1.8507404268e-13, 2.21699611794e-12, 6.27360108307e-11, 2.65596500348e-09, 2.88457990827e-09, 2.73221782976e-08, 1.96663222596e-07, 1.55142543257e-09, 7.48451973141e-13, 4.42312270252e-14, 6.15605656729e-14, 6.78892597521e-13, 4.40885907426e-13, 6.1647968631e-13, 3.40147587831e-13, 5.04469187777e-13, 1.35937039687e-14, 5.6669761013e-15, 2.18008916448e-14, 4.80962329425e-13, 1.13064601084e-11, 1.59610224343e-11, 6.09051697964e-12, 1.14128582344e-13, 1.12236500475e-13, 2.96957113576e-14],
        "dvar2": [1.98335510342e-12, 5.98059879398e-10, 5.88988458006e-09, 4.58136142356e-08, 1.08987494585e-08, 2.96897728624e-09, 7.5109918285e-09, 1.00341635001e-09, 9.73437788709e-11, 2.98518015862e-11, 2.28148420295e-11, 3.74780772822e-13, 1.40672423796e-12, 3.08408810643e-12, 4.90917582193e-13, 6.52903902817e-12, 8.51691286941e-11, 3.76136455316e-09, 4.98107999292e-09, 6.98435727031e-08, 5.68518942146e-07, 2.44981324116e-09, 1.32129170886e-12, 1.49051249316e-13, 1.94483982413e-13, 1.36131524889e-12, 1.46270701714e-12, 1.77477498843e-12, 6.12062755079e-13, 1.34791006481e-12, 4.07190862246e-14, 1.69183464032e-14, 6.54716894848e-14, 1.47923394454e-12, 3.41307954121e-11, 4.79368766904e-11, 1.83367557249e-11, 3.46568233096e-13, 3.40331305889e-13, 8.93692671949e-14],
        "max": [1.0050534911e-05, 0.000153594941366, 0.000501763250213, 0.00142288347706, 0.000639659003355, 0.000190341292182, 0.000381981168175, 0.000120544369565, 4.16219445469e-05, 2.38016327785e-05, 1.97576282517e-05, 3.11915073326e-06, 5.28156942892e-06, 7.0284031608e-06, 2.80323820334e-06, 9.75349848886e-06, 8.59872088768e-05, 0.00044739904115, 0.000575974176172, 0.0015034545213, 0.00396645301953, 0.000346743792761, 7.0411829256e-06, 1.43240515627e-06, 1.68735402895e-06, 6.8945687417e-06, 3.08006451633e-06, 4.53677785117e-06, 6.63957280267e-06, 5.19184686709e-06, 8.28498059491e-07, 5.35278672942e-07, 1.0012064422e-06, 4.60516503153e-06, 2.18089026021e-05, 2.56758812611e-05, 1.58901748364e-05, 2.11145606954e-06, 2.13496514334e-06, 9.89595150713e-07],
        "mean": [8.74678335094e-07, 9.3730423032e-06, 2.51455821854e-05, 5.70932461414e-05, 3.66984277207e-05, 2.58960371866e-05, 1.74139913725e-05, 7.65538516134e-06, 2.35405127569e-06, 1.34325182444e-06, 1.06594688987e-06, 4.5978555363e-07, 4.25342051358e-07, 4.99195209613e-07, 5.65864866076e-07, 9.36607420954e-07, 3.55166366717e-06, 2.31993053603e-05, 4.50921106676e-05, 8.76997437445e-05, 0.000174964894541, 1.23509416881e-05, 3.44200969948e-07, 7.31615870109e-08, 9.39906357189e-08, 3.31941521381e-07, 2.77582245189e-07, 2.96661482935e-07, 4.24891936746e-07, 2.24279176564e-07, 2.89275927656e-08, 1.83547843591e-08, 2.33583765663e-08, 9.69636673176e-08, 3.23575648054e-07, 3.65849217587e-07, 2.29318956713e-07, 5.30306714097e-08, 4.62422526937e-08, 2.79545382398e-08],
        "median": [4.06382753226e-07, 8.42425606606e-07, 3.2502225622e-06, 1.08581270979e-05, 9.36712513067e-06, 1.36192957143e-05, 4.99475572724e-06, 2.13536895899e-06, 8.05896149814e-07, 5.66413405068e-07, 5.65173934319e-07, 2.21254992994e-07, 1.8791696732e-07, 3.18157759693e-07, 4.27011059401e-07, 1.94315020963e-07, 2.04296767947e-07, 4.56503187252e-07, 2.24207201427e-06, 1.25481665236e-06, 2.50368060506e-07, 6.41642969867e-08, 3.54904230448e-08, 2.31625776337e-08, 2.93388424666e-08, 5.42370628409e-08, 3.69401682576e-08, 2.77260649995e-08, 1.64618363385e-08, 8.45540526484e-09, 6.09835293375e-09, 4.46066428239e-09, 5.50991741122e-09, 3.42097083994e-09, 4.29267599245e-09, 4.26888968619e-09, 3.8698813043e-09, 3.76893938281e-09, 3.6585405816e-09, 2.88811263793e-09],
        "min": [1.05333750611e-08, 4.80598139063e-09, 1.11596591523e-07, 5.10538882281e-07, 4.14296124518e-07, 6.97220116308e-07, 6.0866068452e-07, 1.16926564431e-07, 8.69247358537e-08, 4.52565132036e-08, 3.7148669918e-08, 1.18813270333e-08, 1.48793537491e-08, 8.82626416399e-09, 1.98793284056e-08, 1.29396404702e-08, 9.89558746056e-09, 1.01711945533e-08, 6.71031585853e-09, 7.62383844943e-09, 2.76436584734e-09, 1.96243199468e-09, 1.40671119198e-09, 1.47717127419e-09, 1.09592424025e-09, 1.00288788385e-09, 1.14663645245e-09, 5.53389889468e-10, 6.53348097845e-10, 6.71550925979e-10, 4.96949426054e-10, 3.09547582011e-10, 2.1004434303e-10, 1.96328939217e-10, 1.46867032425e-10, 2.0660813338e-10, 1.31525665359e-10, 6.72227204457e-11, 7.95783924867e-11, 7.69601465889e-11],
        "var": [2.40584765651e-12, 6.91668999853e-10, 5.47028022879e-09, 3.44510517891e-08, 7.39493799529e-09, 1.14308462695e-09, 2.04279326788e-09, 2.41571512793e-10, 2.72621647479e-11, 7.97001527275e-12, 5.15930310627e-12, 3.75000730338e-13, 5.14849230956e-13, 6.63539752657e-13, 2.77485499856e-13, 3.35211892966e-12, 1.57953039537e-10, 5.11105602286e-09, 1.08223625617e-08, 5.51167929075e-08, 3.64765185168e-07, 2.75129985461e-09, 1.41461376033e-12, 3.05792920824e-14, 4.21656490919e-14, 9.08478804337e-13, 4.16842829785e-13, 5.65957816636e-13, 1.59329819303e-12, 6.60709984987e-13, 8.81348793046e-15, 3.62320206661e-15, 1.22255399299e-14, 2.68483071062e-13, 5.79706378387e-12, 8.075280028e-12, 3.07693367313e-12, 6.11134000393e-14, 5.83135834542e-14, 1.57994107977e-14]
    },
    "mfcc": {
        "mean": [-866.647277832, 124.95098877, -8.79546356201, 5.74208164215, 16.9798278809, -5.77087306976, -26.9836997986, -30.639169693, -8.18915462494, 2.61032867432, -21.7905368805, -9.86239528656, 5.77970314026],
        "cov": [[3671.77539062, -1671.5045166, -1131.03637695, 233.780670166, 453.9246521, -282.895904541, -935.258666992, -183.913772583, 430.201751709, 159.480667114, -851.09375, 104.700454712, 347.019195557], [-1671.5045166, 1495.10217285, 799.420776367, -231.003005981, -226.555389404, 184.070724487, 516.378479004, 35.2021408081, -428.880279541, -87.1285705566, 657.790771484, -117.745529175, -399.288879395], [-1131.03637695, 799.420776367, 1224.57836914, -310.462097168, -455.304779053, -45.0618972778, 577.814331055, 283.124053955, -457.993560791, -301.157409668, 504.979248047, 83.853805542, -339.129119873], [233.780670166, -231.003005981, -310.462097168, 233.887527466, 219.957794189, 154.300140381, -130.655426025, -129.169754028, 113.573135376, 136.360656738, -106.75201416, -115.202987671, 42.7041053772], [453.9246521, -226.555389404, -455.304779053, 219.957794189, 454.373352051, 253.876983643, -207.062988281, -213.844451904, 148.235458374, 259.846954346, -90.0815048218, -146.906341553, 37.7259140015], [-282.895904541, 184.070724487, -45.0618972778, 154.300140381, 253.876983643, 380.521057129, 76.7642364502, -141.403366089, -56.9902839661, 176.423706055, 162.182434082, -189.852050781, -141.130157471], [-935.258666992, 516.378479004, 577.814331055, -130.655426025, -207.062988281, 76.7642364502, 420.30581665, 118.805015564, -263.582702637, -112.339515686, 361.759918213, -11.022644043, -212.242156982], [-183.913772583, 35.2021408081, 283.124053955, -129.169754028, -213.844451904, -141.403366089, 118.805015564, 219.056793213, -33.1933479309, -178.296798706, 23.2730712891, 149.475570679, -11.0936079025], [430.201751709, -428.880279541, -457.993560791, 113.573135376, 148.235458374, -56.9902839661, -263.582702637, -33.1933479309, 300.61529541, 72.243309021, -286.759368896, 50.9432449341, 201.913665771], [159.480667114, -87.1285705566, -301.157409668, 136.360656738, 259.846954346, 176.423706055, -112.339515686, -178.296798706, 72.243309021, 272.548309326, 16.9491596222, -176.087936401, 16.6641540527], [-851.09375, 657.790771484, 504.979248047, -106.75201416, -90.0815048218, 162.182434082, 361.759918213, 23.2730712891, -286.759368896, 16.9491596222, 487.563171387, -72.9636993408, -271.133239746], [104.700454712, -117.745529175, 83.853805542, -115.202987671, -146.906341553, -189.852050781, -11.022644043, 149.475570679, 50.9432449341, -176.087936401, -72.9636993408, 261.418548584, 73.9609527588], [347.019195557, -399.288879395, -339.129119873, 42.7041053772, 37.7259140015, -141.130157471, -212.242156982, -11.0936079025, 201.913665771, 16.6641540527, -271.133239746, 73.9609527588, 242.554855347]],
