{
"lowlevel": {
    "average_loudness": 0.738453507423,
    "barkbands_crest": {
        "dmean": 3.09033298492,
        "dmean2": 5.37912559509,
        "dvar": 6.289478302,
        "dvar2": 17.3812675476,
        "max": 24.7439746857,
        "mean": 10.5744094849,
        "median": 10.2342643738,
        "min": 2.19429206848,
        "var": 13.079284668
    },
    "barkbands_flatness_db": {
        "dmean": 0.0355156809092,
        "dmean2": 0.0591632016003,
        "dvar": 0.00090618734248,
        "dvar2": 0.00233375607058,
        "max": 0.402178317308,
        "mean": 0.155365824699,
        "median": 0.150905758142,
        "min": 0.0217456500977,
        "var": 0.0047038984485
    },
    "barkbands_kurtosis": {
        "dmean": 13.073425293,
        "dmean2": 21.7621650696,
        "dvar": 287.37612915,
        "dvar2": 814.156005859,
        "max": 336.620452881,
        "mean": 24.5476264954,
        "median": 16.5783843994,
        "min": -1.86776578426,
        "var": 805.817077637
    },
    "barkbands_skewness": {
        "dmean": 1.08434677124,
        "dmean2": 1.80140960217,
        "dvar": 0.893833041191,
        "dvar2": 2.44737362862,
        "max": 11.7618160248,
        "mean": 3.36255908012,
        "median": 3.21560096741,
        "min": -1.29756677151,
        "var": 3.19574308395
    },
    "barkbands_spread": {
        "dmean": 7.46380758286,
        "dmean2": 13.0236120224,
        "dvar": 110.96408844,
        "dvar2": 301.921234131,
        "max": 91.0371856689,
        "mean": 14.4197845459,
        "median": 9.96929550171,
        "min": 0.544560551643,
        "var": 174.705337524
    },
    "dissonance": {
        "dmean": 0.0275947190821,
        "dmean2": 0.0478811264038,
        "dvar": 0.000710773281753,
        "dvar2": 0.00203881552443,
        "max": 0.499999910593,
        "mean": 0.456923812628,
        "median": 0.466292709112,
        "min": 0.254074215889,
        "var": 0.0011554453522
    },
    "dynamic_complexity": 4.87852573395,
    "erbbands_crest": {
        "dmean": 3.21780276299,
        "dmean2": 5.44520568848,
        "dvar": 7.56685447693,
        "dvar2": 21.8702774048,
        "max": 23.056552887,
        "mean": 9.7686624527,
        "median": 9.23334121704,
        "min": 2.77061676979,
        "var": 17.5972328186
    },
    "erbbands_flatness_db": {
        "dmean": 0.0274177715182,
        "dmean2": 0.0465980023146,
        "dvar": 0.00063563947333,
        "dvar2": 0.00167679367587,
        "max": 0.331562191248,
        "mean": 0.147214606404,
        "median": 0.139103651047,
        "min": 0.0430956706405,
        "var": 0.00211996980943
    },
    "erbbands_kurtosis": {
        "dmean": 4.15459442139,
        "dmean2": 7.01620578766,
        "dvar": 28.9325771332,
        "dvar2": 78.0908966064,
        "max": 76.8816070557,
        "mean": 5.93137836456,
        "median": 2.944470644,
        "min": -1.73583436012,
        "var": 75.6019439697
    },
    "erbbands_skewness": {
        "dmean": 0.694734156132,
        "dmean2": 1.13732147217,
        "dvar": 0.404125154018,
        "dvar2": 1.02704739571,
        "max": 5.93530035019,
        "mean": 1.65240573883,
        "median": 1.69593691826,
        "min": -1.59474337101,
        "var": 1.65456187725
    },
    "erbbands_spread": {
        "dmean": 14.6677885056,
        "dmean2": 25.4018383026,
        "dvar": 284.350494385,
        "dvar2": 758.489929199,
        "max": 154.04624939,
        "mean": 33.337223053,
        "median": 28.2620162964,
        "min": 2.38326573372,
        "var": 464.196411133
    },
    "hfc": {
        "dmean": 5.45360136032,
        "dmean2": 8.87338638306,
        "dvar": 299.395080566,
        "dvar2": 711.632446289,
        "max": 216.533309937,
        "mean": 8.24510574341,
        "median": 3.19678282738,
        "min": 0.482568919659,
        "var": 398.674926758
    },
    "melbands_crest": {
        "dmean": 3.37635040283,
        "dmean2": 5.69871664047,
        "dvar": 8.15307426453,
        "dvar2": 22.3361053467,
        "max": 32.1378440857,
        "mean": 13.8231725693,
        "median": 13.413599968,
        "min": 3.3735127449,
        "var": 18.666097641
    },
    "melbands_flatness_db": {
        "dmean": 0.046377453953,
        "dmean2": 0.0768706128001,
        "dvar": 0.00151510525029,
        "dvar2": 0.00386898778379,
        "max": 0.536816954613,
        "mean": 0.254693090916,
        "median": 0.25508967042,
        "min": 0.033966306597,
        "var": 0.00827641971409
    },
    "melbands_kurtosis": {
        "dmean": 15.7815771103,
        "dmean2": 26.9649486542,
        "dvar": 369.209411621,
        "dvar2": 1028.54785156,
        "max": 251.52281189,
        "mean": 28.7514324188,
        "median": 21.6507358551,
        "min": -1.28133046627,
        "var": 734.612731934
    },
    "melbands_skewness": {
        "dmean": 1.17686927319,
        "dmean2": 1.98279321194,
        "dvar": 1.11356210709,
        "dvar2": 3.11135697365,
        "max": 11.6755838394,
        "mean": 3.35765480995,
        "median": 3.21812582016,
        "min": -0.36110752821,
        "var": 2.58140683174
    },
    "melbands_spread": {
        "dmean": 6.23876953125,
        "dmean2": 10.7251796722,
        "dvar": 141.271728516,
        "dvar2": 353.450256348,
        "max": 129.602630615,
        "mean": 11.5607061386,
        "median": 6.07481861115,
        "min": 0.696556985378,
        "var": 238.692901611
    },
    "pitch_salience": {
        "dmean": 0.0879517272115,
        "dmean2": 0.151729881763,
        "dvar": 0.00536747975275,
        "dvar2": 0.0144603503868,
        "max": 0.904200434685,
        "mean": 0.624922990799,
        "median": 0.632683038712,
        "min": 0.125391155481,
        "var": 0.0110625075176
    },
    "silence_rate_20dB": {
        "dmean": 0,
        "dmean2": 0,
        "dvar": 0,
        "dvar2": 0,
        "max": 1,
        "mean": 1,
        "median": 1,
        "min": 1,
        "var": 0
    },
    "silence_rate_30dB": {
        "dmean": 0.00760456267744,
        "dmean2": 0.0152284260839,
        "dvar": 0.00754665955901,
        "dvar2": 0.020072510466,
        "max": 1,
        "mean": 0.992405056953,
        "median": 1,
        "min": 0,
        "var": 0.00753726763651
    },
    "silence_rate_60dB": {
        "dmean": 0.0937896072865,
        "dmean2": 0.187817260623,
        "dvar": 0.0849932357669,
        "dvar2": 0.193151429296,
        "max": 1,
        "mean": 0.277215182781,
        "median": 0,
        "min": 0,
        "var": 0.200366541743
    },
    "spectral_centroid": {
        "dmean": 268.579833984,
        "dmean2": 462.388793945,
        "dvar": 154744.25,
        "dvar2": 380533.46875,
        "max": 3747.63061523,
        "mean": 730.063781738,
        "median": 473.538391113,
        "min": 197.262557983,
        "var": 386821.75
    },
    "spectral_complexity": {
        "dmean": 2.67680597305,
        "dmean2": 4.0761423111,
        "dvar": 17.4126052856,
        "dvar2": 33.1897125244,
        "max": 62,
        "mean": 8.64556980133,
        "median": 6,
        "min": 0,
        "var": 72.5199890137
    },
    "spectral_decrease": {
        "dmean": 1.50910861585e-09,
        "dmean2": 2.47598253011e-09,
        "dvar": 9.09954260345e-18,
        "dvar2": 2.15927160926e-17,
        "max": -5.00961529204e-11,
        "mean": -3.45940565083e-09,
        "median": -1.45979472954e-09,
        "min": -5.85835771005e-08,
        "var": 2.72317701102e-17
    },
    "spectral_energy": {
        "dmean": 0.00604500249028,
        "dmean2": 0.00978648848832,
        "dvar": 0.000138142058859,
        "dvar2": 0.000327437446686,
        "max": 0.225149691105,
        "mean": 0.0138044478372,
        "median": 0.00581174064428,
        "min": 0.000232845079154,
        "var": 0.000427092163591
    },
    "spectral_energyband_high": {
        "dmean": 0.000404199003242,
        "dmean2": 0.000691361667123,
        "dvar": 2.8752695016e-06,
        "dvar2": 7.25023937775e-06,
        "max": 0.0226305872202,
        "mean": 0.000382260215702,
        "median": 4.98742883792e-05,
        "min": 1.41123418871e-05,
        "var": 2.6765644634e-06
    },
    "spectral_energyband_low": {
        "dmean": 0.00198327051476,
        "dmean2": 0.00335708027706,
        "dvar": 3.30053153448e-05,
        "dvar2": 7.8049764852e-05,
        "max": 0.116117782891,
        "mean": 0.0028459248133,
        "median": 0.000708077568561,
        "min": 1.54795870912e-05,
        "var": 5.96316895098e-05
    },
    "spectral_energyband_middle_high": {
        "dmean": 0.000858237966895,
        "dmean2": 0.00129317434039,
        "dvar": 1.5666739273e-05,
        "dvar2": 3.22201958625e-05,
        "max": 0.0924501642585,
        "mean": 0.00111747568008,
        "median": 0.000222175498493,
        "min": 2.28950602832e-06,
        "var": 2.57720930676e-05
    },
    "spectral_energyband_middle_low": {
        "dmean": 0.00479545956478,
        "dmean2": 0.00815701391548,
        "dvar": 0.000115138107503,
        "dvar2": 0.000276915554423,
        "max": 0.192328438163,
        "mean": 0.0102781718597,
        "median": 0.00424772873521,
        "min": 9.15917771636e-05,
        "var": 0.000263016467215
    },
    "spectral_entropy": {
        "dmean": 0.387061327696,
        "dmean2": 0.655586659908,
        "dvar": 0.122756466269,
        "dvar2": 0.326128810644,
        "max": 8.54925060272,
        "mean": 7.1744222641,
        "median": 7.26474285126,
        "min": 4.74877071381,
        "var": 0.488713592291
    },
    "spectral_flux": {
        "dmean": 0.0171077381819,
        "dmean2": 0.0281429290771,
        "dvar": 0.000529611192178,
        "dvar2": 0.00150834012311,
        "max": 0.351125985384,
        "mean": 0.0593869164586,
        "median": 0.045543204993,
        "min": 0.00557379145175,
        "var": 0.00179422274232
    },
    "spectral_kurtosis": {
        "dmean": 4.0610666275,
        "dmean2": 6.79339122772,
        "dvar": 19.5073070526,
        "dvar2": 56.0428009033,
        "max": 43.9092483521,
        "mean": 9.17082500458,
        "median": 7.51093101501,
        "min": -0.629395246506,
        "var": 47.5903663635
    },
    "spectral_rms": {
        "dmean": 0.000669560045935,
        "dmean2": 0.00108030613046,
        "dvar": 6.51984464639e-07,
        "dvar2": 1.60287618201e-06,
        "max": 0.0148208718747,
        "mean": 0.00306752300821,
        "median": 0.00238117389381,
        "min": 0.000476619257824,
        "var": 4.05804757975e-06
    },
    "spectral_rolloff": {
        "dmean": 479.078491211,
        "dmean2": 868.023071289,
        "dvar": 1521112.875,
        "dvar2": 4173830.25,
        "max": 12338.5253906,
        "mean": 833.689575195,
        "median": 409.130859375,
        "min": 21.533203125,
        "var": 1430169.875
    },
    "spectral_skewness": {
        "dmean": 0.557366609573,
        "dmean2": 0.924471378326,
        "dvar": 0.272052705288,
        "dvar2": 0.780804991722,
        "max": 5.7714805603,
        "mean": 2.35975766182,
        "median": 2.26249408722,
        "min": 0.453205138445,
        "var": 0.835952699184
    },
    "spectral_spread": {
        "dmean": 1011115,
        "dmean2": 1731838.5,
        "dvar": 1.35153188864e+12,
        "dvar2": 3.46840707891e+12,
        "max": 17827924,
        "mean": 5273619,
        "median": 5104088.5,
        "min": 1966903.75,
        "var": 2.6118193152e+12
    },
    "spectral_strongpeak": {
        "dmean": 0.224811047316,
        "dmean2": 0.382954627275,
        "dvar": 0.0820692107081,
        "dvar2": 0.204909354448,
        "max": 3.36490488052,
        "mean": 0.387620747089,
        "median": 0.272739946842,
        "min": 0,
        "var": 0.16107788682
    },
    "zerocrossingrate": {
        "dmean": 0.0121897030622,
        "dmean2": 0.0157923046499,
        "dvar": 0.000127455961774,
        "dvar2": 0.000232109436183,
        "max": 0.2265625,
        "mean": 0.0618151687086,
        "median": 0.056640625,
        "min": 0.01318359375,
        "var": 0.00100567028858
    },
    "barkbands": {
        "dmean": [0.00036084241583, 5.96141399001e-05, 0.00123675365467, 0.00168118113652, 0.00189904950093, 0.00245099538006, 0.00034991998109, 0.000134658068419, 0.000121833159938, 8.24862727313e-05, 8.09522680356e-05, 7.96727981651e-05, 8.46963885124e-05, 0.000107231819129, 6.23715895927e-05, 8.40957800392e-05, 0.000130360203912, 0.000109509768663, 0.000150969950482, 9.32735347305e-05, 9.3170281616e-05, 6.93782567396e-05, 7.1559807111e-05, 7.64892174629e-05, 5.46908777324e-05, 1.1247524526e-05, 2.70184273177e-06],
        "dmean2": [0.000664819846861, 9.81543489615e-05, 0.0021885856986, 0.0026802609209, 0.0031916082371, 0.00428093131632, 0.000575222482439, 0.000231073485338, 0.000203138857614, 0.000135972484713, 0.000127662045998, 0.000117335090181, 0.000135970694828, 0.000174426430021, 0.000105425628135, 0.000137761162478, 0.00022427784279, 0.000177887210157, 0.000265734037384, 0.000158005641424, 0.000147684433614, 0.000112132962386, 0.000124349229736, 0.000138849267387, 0.000100437013316, 1.99662281375e-05, 4.65712446385e-06],
        "dvar": [7.93808055732e-07, 3.69090074059e-08, 1.14881740956e-05, 5.13916529599e-05, 1.96150831471e-05, 2.51304845733e-05, 4.84178940496e-07, 7.40645518249e-08, 1.08062799598e-07, 6.74804283562e-08, 3.40064161719e-07, 1.39397187127e-07, 1.87971195942e-07, 3.2149779372e-07, 8.28659381114e-08, 1.51373185986e-07, 7.96834399353e-07, 3.51253845565e-07, 4.60690330328e-07, 1.56036279009e-07, 2.19512045874e-07, 1.42140706316e-07, 1.38275240147e-07, 1.1598491767e-07, 4.64991387616e-08, 2.92527357892e-09, 1.4894039127e-11],
        "dvar2": [2.65470612248e-06, 9.11929163294e-08, 3.26135304931e-05, 0.00010450402624, 5.6036242313e-05, 7.26659127395e-05, 1.20151912597e-06, 2.22281727247e-07, 2.84890575131e-07, 1.34408281838e-07, 7.80413984103e-07, 2.23304510882e-07, 3.86526153306e-07, 7.46043099298e-07, 2.16660254182e-07, 3.44722167256e-07, 2.1426449166e-06, 8.6276759248e-07, 1.15072464268e-06, 3.65453814766e-07, 5.51155892481e-07, 3.42776246498e-07, 3.6993719732e-07, 3.27588139726e-07, 1.30332978188e-07, 8.2756335118e-09, 4.11429362801e-11],
        "max": [0.0143400318921, 0.00298008625396, 0.0471608713269, 0.162197157741, 0.0788547694683, 0.0602650381625, 0.0112776402384, 0.00385302864015, 0.00697317626327, 0.00633565802127, 0.0151316588745, 0.011003789492, 0.0111766848713, 0.0131994169205, 0.00456857634708, 0.00680167926475, 0.013068491593, 0.0117466719821, 0.00762447854504, 0.00497642206028, 0.00855919066817, 0.00611188448966, 0.00460381293669, 0.00468762777746, 0.00285526760854, 0.000693970534485, 6.53106544632e-05],
        "mean": [0.000318887032336, 8.79444633028e-05, 0.00162724533584, 0.00257363310084, 0.00354796391912, 0.00317221903242, 0.000560839253012, 0.000201676331926, 0.000174560118467, 0.000112031804747, 0.000100905250292, 0.000109582237201, 9.90677071968e-05, 0.000111823937914, 6.76910203765e-05, 9.3158960226e-05, 0.000133408524562, 0.00011899411038, 0.000149121769937, 9.8206284747e-05, 9.31315153139e-05, 6.32137307548e-05, 5.50158219994e-05, 5.70970114495e-05, 4.05630744353e-05, 9.94821402855e-06, 1.70172752405e-05],
        "median": [0.000113057227281, 2.35516818066e-05, 0.000273077515885, 0.000746907782741, 0.00119634554721, 0.00114460324403, 0.000215868873056, 8.32606383483e-05, 8.90087685548e-05, 4.52762542409e-05, 2.40889366978e-05, 3.38141799148e-05, 1.80648094101e-05, 1.50816795212e-05, 1.00613378891e-05, 1.05160734165e-05, 7.93440540292e-06, 8.85439476406e-06, 1.01414761957e-05, 8.59582542034e-06, 5.98860242462e-06, 3.77826972908e-06, 4.35975380242e-06, 5.14235034643e-06, 3.96102905142e-06, 2.13373232327e-06, 1.6464793589e-05],
        "min": [4.17940782427e-07, 8.05368301826e-07, 6.38174469714e-07, 3.72076783606e-06, 5.53457448405e-06, 1.35091240736e-05, 4.64455752081e-06, 3.58242431275e-07, 3.82081651651e-07, 1.72595122194e-07, 1.33752251941e-07, 2.09071316704e-07, 1.72490516093e-07, 7.2205004642e-08, 1.16653588123e-07, 9.50107406084e-08, 8.03803246185e-08, 8.29830568705e-08, 1.69388414406e-07, 1.4546589e-07, 1.41887099403e-07, 1.77847354621e-07, 2.09822246688e-07, 3.51989172032e-07, 4.85378620851e-07, 1.00751708487e-06, 7.87402223068e-06],
        "var": [6.32190904071e-07, 5.70013085621e-08, 2.1339592422e-05, 6.33829695289e-05, 3.96998293581e-05, 3.3911306673e-05, 9.40420306961e-07, 1.07657960768e-07, 1.25261024664e-07, 1.18491620071e-07, 4.33851027992e-07, 2.62005642071e-07, 2.94006952117e-07, 3.74751664367e-07, 1.02201759944e-07, 2.00813431661e-07, 7.6976488117e-07, 4.20345713792e-07, 4.75540929301e-07, 1.85933629382e-07, 2.19813784952e-07, 1.39752373229e-07, 1.01151570675e-07, 7.88892009496e-08, 3.15790416039e-08, 1.93142613014e-09, 1.45126202722e-11]
    },
    "erbbands": {
        "dmean": [0.00177563389298, 0.0287994034588, 0.858779430389, 3.72245025635, 9.01940155029, 4.05444192886, 15.937666893, 19.4983940125, 7.17193126678, 3.74274563789, 2.26309776306, 2.34267401695, 3.33798694611, 2.41618061066, 2.93559145927, 3.23061966896, 4.05570602417, 5.71929073334, 3.60477304459, 3.47042298317, 5.0277557373, 7.44827365875, 6.22523641586, 8.24861240387, 6.10683631897, 4.61976671219, 3.7540910244, 3.65094852448, 2.4606320858, 1.84517896175, 2.1400103569, 1.56571495533, 1.35100054741, 0.790406525135, 0.281481981277, 0.0938061624765, 0.0101418774575, 0.00220691645518, 0.000388000829844, 5.20111207152e-05],
        "dmean2": [0.00314679485746, 0.0480398349464, 1.53431200981, 6.0216460228, 14.7772684097, 6.91481113434, 27.3917274475, 34.1620521545, 11.9654102325, 6.33896684647, 3.91949272156, 3.93543601036, 5.59898424149, 3.61103129387, 4.41417121887, 4.77513122559, 6.40090322495, 9.4198923111, 5.87433576584, 6.11003303528, 7.70308828354, 13.1211652756, 10.1020336151, 14.3904542923, 10.4247989655, 7.83756971359, 6.0277428627, 6.03325271606, 3.89607858658, 3.21441745758, 3.79603290558, 2.81349945068, 2.48752737045, 1.46853673458, 0.507653236389, 0.168945357203, 0.01774138771, 0.00390345253982, 0.000657030905131, 8.8333072199e-05],
        "dvar": [1.2477126802e-05, 0.00813169497997, 5.6970205307, 207.006469727, 489.914123535, 74.4847640991, 963.655944824, 2123.27050781, 192.292205811, 46.2631835938, 15.4537343979, 46.4218254089, 73.0331115723, 134.577850342, 306.647094727, 287.341400146, 608.49597168, 1151.84020996, 264.737548828, 309.354675293, 565.683166504, 2589.19897461, 1028.54248047, 1869.16711426, 689.954711914, 390.011322021, 362.467041016, 347.260345459, 158.222122192, 148.73260498, 131.296722412, 41.6758460999, 43.6588058472, 12.6160860062, 0.870939671993, 0.189874991775, 0.00213738135062, 7.19911186025e-05, 3.46536751294e-07, 2.25155405431e-09],
        "dvar2": [4.13070119976e-05, 0.0204921197146, 15.9168767929, 418.212158203, 1305.22363281, 189.593826294, 2618.52197266, 6439.96191406, 500.334838867, 116.548652649, 45.3581008911, 125.826339722, 183.683746338, 204.844345093, 641.831848145, 514.188293457, 1305.27099609, 2811.49902344, 626.13684082, 890.265625, 1268.72338867, 6979.77832031, 2398.10131836, 4645.64990234, 1792.81481934, 891.402526855, 841.112915039, 874.332824707, 374.146148682, 404.723297119, 357.831420898, 114.178596497, 124.553901672, 35.7070045471, 2.3822453022, 0.539633870125, 0.00590378325433, 0.000206111551961, 9.44021280702e-07, 6.2417577773e-09],
        "max": [0.0472353696823, 1.27011120319, 30.4493331909, 325.47857666, 299.777587891, 149.104156494, 343.822021484, 620.889465332, 148.804382324, 119.215270996, 44.2964439392, 150.024276733, 180.468734741, 347.527801514, 476.200622559, 489.381286621, 651.449401855, 788.571838379, 321.112670898, 280.367279053, 425.092437744, 751.76373291, 570.057006836, 642.081726074, 302.200286865, 257.34854126, 358.91418457, 255.070602417, 220.771987915, 201.412414551, 157.525177002, 79.5651779175, 94.4043273926, 48.344783783, 11.8021001816, 5.32976007462, 0.68456864357, 0.14097212255, 0.00843318831176, 0.000899040780496],
        "mean": [0.00255849934183, 0.0518086701632, 1.32964575291, 5.61149358749, 13.8029060364, 7.70971536636, 20.3986682892, 24.7366008759, 11.4347915649, 5.9070057869, 3.84319806099, 3.5711209774, 4.43768787384, 3.63971734047, 3.94510412216, 4.48623466492, 4.68735456467, 6.01390075684, 4.24555587769, 3.62375211716, 5.61190462112, 7.60335683823, 6.91742801666, 7.96913051605, 6.06675434113, 4.93234443665, 4.02074432373, 3.42086219788, 2.3035132885, 1.59573721886, 1.62601411343, 1.18304252625, 0.993790328503, 0.578316926956, 0.215841814876, 0.0726602226496, 0.0111757675186, 0.00446778349578, 0.00191367731895, 0.000341072794981],
        "median": [0.00128816242795, 0.00931840576231, 0.230290368199, 1.52453446388, 3.94527411461, 3.22393655777, 6.33460140228, 9.05366134644, 4.30079317093, 2.6274433136, 1.8090596199, 1.79101240635, 1.98258876801, 1.1089515686, 1.27282381058, 1.29444563389, 0.906247377396, 0.848066151142, 0.664312243462, 0.498156070709, 0.609888792038, 0.453790903091, 0.478412747383, 0.552030205727, 0.453854292631, 0.407366007566, 0.300095915794, 0.209971278906, 0.146104931831, 0.0996490642428, 0.134725034237, 0.111695289612, 0.0846851170063, 0.0519403368235, 0.0255195237696, 0.00912746880203, 0.0036664865911, 0.00327239604667, 0.00181031657849, 0.000333890726324],
        "min": [7.40901159588e-05, 0.000310140399961, 0.00340621336363, 0.0202451348305, 0.0236634444445, 0.0130237434059, 0.0276633258909, 0.0914650112391, 0.0876876488328, 0.0536841340363, 0.0159183591604, 0.0117614166811, 0.00683322129771, 0.00467956671491, 0.00616701832041, 0.0090798465535, 0.00763591984287, 0.00779214920476, 0.00516812084243, 0.00660417508334, 0.00483496068045, 0.0053100688383, 0.00592865236104, 0.00771946739405, 0.00762133300304, 0.00777285778895, 0.00527322711423, 0.00603208923712, 0.00618957728148, 0.00500611122698, 0.00609664572403, 0.00729827210307, 0.00573961576447, 0.0050740535371, 0.00292302295566, 0.00184804084711, 0.0014633515384, 0.00177059450652, 0.00078073865734, 0.000157420581672],
        "var": [1.62059859576e-05, 0.020749418065, 13.4954957962, 280.566345215, 775.53692627, 164.860549927, 1398.65136719, 2358.15209961, 360.13973999, 90.0941238403, 29.7091579437, 51.9720726013, 98.8373184204, 318.809326172, 429.362182617, 488.765075684, 802.31640625, 1228.11572266, 382.653625488, 343.967376709, 756.621887207, 2461.72314453, 1388.57373047, 1860.56213379, 707.340087891, 476.146057129, 420.05090332, 317.62008667, 164.883026123, 110.335876465, 91.8582077026, 30.7822380066, 28.0652961731, 8.19994163513, 0.648099243641, 0.12453109026, 0.00154057471082, 4.57342393929e-05, 3.43123417679e-07, 3.50214612865e-09]
    },
    "gfcc": {
        "mean": [-74.0981292725, 78.502746582, -65.6753082275, 2.53426814079, -56.5595932007, -18.0404167175, -41.7702827454, -15.2548694611, -28.9282512665, -12.1534414291, -10.164305687, -9.4094209671, -9.36445236206],
        "cov": [[4406.17626953, -536.390075684, -1526.83654785, 826.678222656, -349.373291016, 321.097595215, -309.450561523, 204.616073608, -195.946868896, 38.8987236023, -87.0371932983, -87.4479370117, -15.7597894669], [-536.390075684, 822.458679199, 511.489654541, -232.544342041, 58.465221405, -201.861038208, 38.9795188904, -145.132995605, 14.3474082947, -63.253528595, -15.2429647446, -38.8467979431, -33.2838401794], [-1526.83654785, 511.489654541, 1133.3302002, -201.118835449, 36.3673324585, -154.164169312, -14.7700605392, -104.338287354, 15.4982633591, -38.2538719177, 1.24453341961, 3.30112743378, -26.0744781494], [826.678222656, -232.544342041, -201.118835449, 394.575256348, -30.9361228943, 80.0878372192, -65.7243728638, 35.8051261902, -44.1018829346, -0.311394006014, -36.5876426697, -45.6294059753, -25.1524429321], [-349.373291016, 58.465221405, 36.3673324585, -30.9361228943, 160.621932983, -0.539377748966, 60.0739059448, -14.5756444931, 19.8714027405, -14.9452791214, -8.01788139343, -1.95125389099, -9.89498710632], [321.097595215, -201.861038208, -154.164169312, 80.0878372192, -0.539377748966, 141.868728638, -3.74653434753, 53.5956954956, -9.88685321808, 9.98748016357, 1.65988147259, 4.17253112793, -0.185568779707], [-309.450561523, 38.9795188904, -14.7700605392, -65.7243728638, 60.0739059448, -3.74653434753, 127.184272766, -6.14012479782, 29.6786956787, -2.47004580498, 2.61514925957, 3.56691145897, -10.2209672928], [204.616073608, -145.132995605, -104.338287354, 35.8051261902, -14.5756444931, 53.5956954956, -6.14012479782, 86.5536193848, 8.38822460175, 12.5939302444, 5.3681602478, 9.91567230225, 7.29572629929], [-195.946868896, 14.3474082947, 15.4982633591, -44.1018829346, 19.8714027405, -9.88685321808, 29.6786956787, 8.38822460175, 64.5801696777, 15.916431427, 13.1186246872, 4.77872133255, 1.09483885765], [38.8987236023, -63.253528595, -38.2538719177, -0.311394006014, -14.9452791214, 9.98748016357, -2.47004580498, 12.5939302444, 15.916431427, 55.847328186, 22.6528568268, 12.0213880539, 7.27654647827], [-87.0371932983, -15.2429647446, 1.24453341961, -36.5876426697, -8.01788139343, 1.65988147259, 2.61514925957, 5.3681602478, 13.1186246872, 22.6528568268, 53.8437042236, 24.6227970123, 8.05359649658], [-87.4479370117, -38.8467979431, 3.30112743378, -45.6294059753, -1.95125389099, 4.17253112793, 3.56691145897, 9.91567230225, 4.77872133255, 12.0213880539, 24.6227970123, 50.8449325562, 21.5784835815], [-15.7597894669, -33.2838401794, -26.0744781494, -25.1524429321, -9.89498710632, -0.185568779707, -10.2209672928, 7.29572629929, 1.09483885765, 7.27654647827, 8.05359649658, 21.5784835815, 47.8773078918]],
        "icov": [[0.0120800873265, -0.0168953761458, 0.0166759826243, -0.0163723379374, 0.0158872846514, -0.0153814740479, 0.0164457540959, -0.0162094011903, 0.0136715499684, -0.0123983221129, 0.0130398506299, -0.0114329513162, 0.00644747540355], [-0.0168953761458, 0.0267493966967, -0.0239717140794, 0.0240073725581, -0.0225453302264, 0.0236434321851, -0.0230786204338, 0.0247255600989, -0.019221143797, 0.0191643107682, -0.0188512504101, 0.0183806847781, -0.00825732853264], [0.0166759826243, -0.0239717140794, 0.0243540089577, -0.0223503019661, 0.0217644777149, -0.0209474395961, 0.0234580039978, -0.0220790971071, 0.0185587219894, -0.016952008009, 0.0181739125401, -0.0167453922331, 0.00977747794241], [-0.0163723379374, 0.0240073725581, -0.0223503019661, 0.026694977656, -0.0217865277082, 0.0201832056046, -0.0204763002694, 0.0220519062132, -0.0170779824257, 0.0164934936911, -0.0164364501834, 0.0187975298613, -0.00682719238102], [0.0158872846514, -0.0225453302264, 0.0217644777149, -0.0217865277082, 0.0290713105351, -0.021500017494, 0.0182705391198, -0.0200852584094, 0.0159846041352, -0.0145443249494, 0.0183390136808, -0.0160477887839, 0.00884284451604], [-0.0153814740479, 0.0236434321851, -0.0209474395961, 0.0201832056046, -0.021500017494, 0.0320099554956, -0.0214938949794, 0.0165023542941, -0.0152722448111, 0.0163111183792, -0.0177286341786, 0.0149436565116, -0.00673677586019], [0.0164457540959, -0.0230786204338, 0.0234580039978, -0.0204763002694, 0.0182705391198, -0.0214938949794, 0.0340631976724, -0.0213569626212, 0.0149167878553, -0.0163323692977, 0.0184892341495, -0.016654336825, 0.0121438838542], [-0.0162094011903, 0.0247255600989, -0.0220790971071, 0.0220519062132, -0.0200852584094, 0.0165023542941, -0.0213569626212, 0.0403680428863, -0.0227701887488, 0.0174864474684, -0.01694701612, 0.0137037644163, -0.00884665641934], [0.0136715499684, -0.019221143797, 0.0185587219894, -0.0170779824257, 0.0159846041352, -0.0152722448111, 0.0149167878553, -0.0227701887488, 0.0371014140546, -0.0200392659754, 0.0118941981345, -0.00983809772879, 0.00680243968964], [-0.0123983221129, 0.0191643107682, -0.016952008009, 0.0164934936911, -0.0145443249494, 0.0163111183792, -0.0163323692977, 0.0174864474684, -0.0200392659754, 0.0383892133832, -0.0221638157964, 0.0117186773568, -0.00734937284142], [0.0130398506299, -0.0188512504101, 0.0181739125401, -0.0164364501834, 0.0183390136808, -0.0177286341786, 0.0184892341495, -0.01694701612, 0.0118941981345, -0.0221638157964, 0.0429956205189, -0.0245198346674, 0.00961624737829], [-0.0114329513162, 0.0183806847781, -0.0167453922331, 0.0187975298613, -0.0160477887839, 0.0149436565116, -0.016654336825, 0.0137037644163, -0.00983809772879, 0.0117186773568, -0.0245198346674, 0.046032525599, -0.0173106268048], [0.00644747540355, -0.00825732853264, 0.00977747794241, -0.00682719238102, 0.00884284451604, -0.00673677586019, 0.0121438838542, -0.00884665641934, 0.00680243968964, -0.00734937284142, 0.00961624737829, -0.0173106268048, 0.0318947397172]]
    },
    "melbands": {
        "dmean": [2.62664270849e-05, 0.000328584632371, 0.000772165192757, 0.000462563009933, 0.000452121108538, 0.000433179840911, 9.89033142105e-05, 3.79912853532e-05, 1.73453590833e-05, 1.65474048117e-05, 1.67746911757e-05, 9.7444462881e-06, 1.08853346319e-05, 8.18255557533e-06, 9.63644743024e-06, 9.573574971e-06, 1.05429116957e-05, 5.97701182414e-06, 4.59456123281e-06, 5.04581703353e-06, 6.30327986073e-06, 7.31769796403e-06, 7.35225012249e-06, 5.20929143022e-06, 7.13295457899e-06, 5.05717844135e-06, 3.71529426957e-06, 2.8940919492e-06, 2.2140479814e-06, 2.43608133133e-06, 2.07980019695e-06, 1.54197800839e-06, 1.03508841676e-06, 1.06581751425e-06, 1.22890082821e-06, 1.15402940537e-06, 8.54305255871e-07, 9.5739403605e-07, 8.7694826334e-07, 6.10105587384e-07],
        "dmean2": [4.66228339064e-05, 0.000584952242207, 0.0012144051725, 0.000771860126406, 0.000774055544753, 0.000756239402108, 0.000164890676388, 6.5247186285e-05, 2.98968807328e-05, 2.79034811683e-05, 2.81472566712e-05, 1.44665718835e-05, 1.69205304701e-05, 1.32236646095e-05, 1.51433696374e-05, 1.54700428538e-05, 1.77242691279e-05, 1.01345494841e-05, 7.83400992077e-06, 8.83525717654e-06, 9.67087362369e-06, 1.29596492116e-05, 1.25928136185e-05, 8.44368241815e-06, 1.24825373859e-05, 8.73155113368e-06, 6.18978629063e-06, 4.9890199989e-06, 3.652564601e-06, 4.08352480008e-06, 3.51152243638e-06, 2.43496333496e-06, 1.71267015503e-06, 1.81932330179e-06, 2.184440973e-06, 2.0573729671e-06, 1.53599626174e-06, 1.76813432518e-06, 1.6238865328e-06, 1.11698477667e-06],
        "dvar": [3.12561132532e-09, 8.32408375118e-07, 6.6326160777e-06, 1.23088852888e-06, 7.28837392217e-07, 9.41052007875e-07, 3.56363365484e-08, 5.02009944725e-09, 7.73018260514e-10, 2.55629872825e-09, 2.01520933274e-09, 2.11753237167e-09, 6.51394982398e-09, 6.73473110613e-10, 4.51703074944e-09, 3.30212945876e-09, 3.78509223964e-09, 7.41952888017e-10, 4.86824636159e-10, 5.78950498653e-10, 1.03979280741e-09, 2.38743580461e-09, 2.27065655167e-09, 8.32361291003e-10, 1.42783718182e-09, 5.06399311373e-10, 2.85861390115e-10, 1.53565507532e-10, 1.18074744426e-10, 2.02148686679e-10, 1.25359375658e-10, 6.64207300272e-11, 3.76697666116e-11, 5.39543201783e-11, 4.90522414354e-11, 3.01205067832e-11, 1.12043031103e-11, 2.30778261084e-11, 1.99672813006e-11, 6.91075235232e-12],
        "dvar2": [9.88218484821e-09, 2.35493212131e-06, 1.38525792863e-05, 3.33543016495e-06, 1.97333997676e-06, 2.81153347714e-06, 9.31122698944e-08, 1.32546933429e-08, 2.27315277712e-09, 6.89317136704e-09, 5.09175368535e-09, 3.25303117776e-09, 1.50146028943e-08, 1.04858077776e-09, 1.00230215239e-08, 6.79155354177e-09, 9.58161994191e-09, 1.82157222639e-09, 1.30904409534e-09, 1.68687563917e-09, 2.33119124005e-09, 6.32988061966e-09, 6.03770988761e-09, 1.93018556693e-09, 3.59060026156e-09, 1.35492161935e-09, 7.20217219197e-10, 3.45270867452e-10, 2.74083256091e-10, 5.32337451897e-10, 3.01267927272e-10, 1.56777535398e-10, 9.93965326712e-11, 1.49364187685e-10, 1.33722616313e-10, 8.30496088566e-11, 3.05452364791e-11, 6.5601843402e-11, 5.80830349095e-11, 1.93233814366e-11],
        "max": [0.000826179923024, 0.011914703995, 0.0575927197933, 0.0197508390993, 0.00974080525339, 0.0125542758033, 0.00221810652874, 0.00106601300649, 0.000281638960587, 0.00111194560304, 0.000964894075878, 0.0013791474048, 0.00209682481363, 0.000690059387125, 0.00168955407571, 0.0014320773771, 0.001384807867, 0.00056196335936, 0.000318827835144, 0.000381744815968, 0.000625542597845, 0.00069275056012, 0.000734018161893, 0.000526513322257, 0.000560458924156, 0.000312144344207, 0.000222310292884, 0.000170174738741, 0.000182647578185, 0.000274843914667, 0.000168564060004, 0.000148350925883, 9.38604280236e-05, 0.000119751304737, 9.96536255116e-05, 7.40595933166e-05, 3.40438891726e-05, 6.38024139334e-05, 7.30828178348e-05, 3.27685484081e-05],
        "mean": [3.54445837729e-05, 0.000474817643408, 0.00128541945014, 0.000778259127401, 0.000615241646301, 0.000562085071579, 0.000157180780661, 5.81650310778e-05, 2.88333903882e-05, 2.36127671087e-05, 2.18981313083e-05, 1.41934597195e-05, 1.35545642479e-05, 1.1997333786e-05, 1.11199406092e-05, 1.09719394459e-05, 1.08419808384e-05, 6.90517435942e-06, 4.82264113089e-06, 5.1603542488e-06, 6.91462764735e-06, 7.6797678048e-06, 7.36545780455e-06, 5.68670702705e-06, 6.66298001306e-06, 4.87711122332e-06, 3.73524107999e-06, 3.11904568662e-06, 2.35305310525e-06, 2.38313577938e-06, 1.92935453924e-06, 1.42883982335e-06, 9.21281809951e-07, 8.5994724941e-07, 9.42962856243e-07, 8.5007781081e-07, 6.54990969906e-07, 7.04134549778e-07, 6.26315966201e-07, 4.41386191596e-07],
        "median": [1.66612771864e-05, 7.72867642809e-05, 0.000378375640139, 0.000268911127932, 0.000195525150048, 0.000212102022488, 6.01546926191e-05, 2.49746444752e-05, 1.39370467878e-05, 1.16307546705e-05, 9.77351373876e-06, 4.16970215156e-06, 3.66060930901e-06, 4.27710619988e-06, 2.27404734687e-06, 1.74775982487e-06, 1.46256729749e-06, 1.03192962797e-06, 6.94130335432e-07, 7.11725192559e-07, 6.32761555153e-07, 4.52785286598e-07, 4.25015741712e-07, 4.00358914021e-07, 4.29443900885e-07, 3.48046654608e-07, 3.04801460516e-07, 2.53707185038e-07, 1.83809191867e-07, 1.34886377623e-07, 1.08999572035e-07, 8.51866559515e-08, 6.01965339797e-08, 5.05306871901e-08, 7.25293176629e-08, 7.21221695699e-08, 6.35306278696e-08, 5.76453373924e-08, 5.04421535652e-08, 3.9936828955e-08],
        "min": [8.43240343329e-07, 3.67481277408e-07, 3.84919940188e-06, 8.94056938705e-07, 8.995874623e-07, 2.31907006309e-06, 1.23336656088e-06, 4.21531694883e-07, 1.17536778532e-07, 5.49613226042e-08, 2.99792404235e-08, 1.86519439893e-08, 2.27163727828e-08, 2.48772593636e-08, 1.5810787346e-08, 1.6329149588e-08, 7.81027065244e-09, 7.49706519088e-09, 8.68530847242e-09, 6.75805722494e-09, 5.33163291294e-09, 4.8615982351e-09, 5.63882318616e-09, 4.36592095809e-09, 5.02919528245e-09, 5.88033577387e-09, 4.07655509349e-09, 4.074427018e-09, 2.82935608276e-09, 3.30833671569e-09, 3.55329721202e-09, 3.12920778178e-09, 3.48923978599e-09, 2.41825404146e-09, 3.31172156365e-09, 3.13633430338e-09, 3.40376504759e-09, 4.37477698512e-09, 3.56789042755e-09, 3.83301035356e-09],
        "var": [3.83714793273e-09, 1.79259359356e-06, 9.86078703136e-06, 2.15420004679e-06, 1.16323906241e-06, 1.12698603516e-06, 6.75108395853e-08, 8.9495530986e-09, 1.59704272029e-09, 2.69540634257e-09, 2.59700594363e-09, 4.90955143206e-09, 7.74674457915e-09, 1.64087121668e-09, 5.17808596001e-09, 4.57654847352e-09, 3.82155729284e-09, 1.03356700976e-09, 5.58081914015e-10, 6.41402486679e-10, 1.30504229645e-09, 2.34823338552e-09, 2.29480345837e-09, 1.02630226539e-09, 1.36460887035e-09, 4.7370429801e-10, 2.9496080578e-10, 1.91156909746e-10, 1.37864428207e-10, 1.80509732162e-10, 1.15805823264e-10, 6.7923937308e-11, 3.17212749124e-11, 3.72327446652e-11, 3.41708883411e-11, 2.0731262193e-11, 8.56369402474e-12, 1.47543158246e-11, 1.2191223725e-11, 4.59461461932e-12]
    },
    "mfcc": {
        "mean": [-740.404846191, 135.773956299, 30.9897575378, 20.0066566467, 1.73099660873, -7.39650297165, -4.63391542435, -11.2641239166, -14.5166740417, -9.17066383362, -10.5190629959, -5.49552822113, -7.30042076111],
        "cov": [[6124.64697266, -1604.62731934, -1199.1036377, 139.916900635, -69.0639953613, 19.5510044098, 2.90439653397, 5.38885736465, -18.8266181946, 26.8216285706, -16.0488967896, -40.9807128906, -122.463294983], [-1604.62731934, 1189.82946777, 447.653045654, -38.741733551, -26.8755245209, -53.5340766907, -55.6331176758, -63.388092041, -44.9644165039, -40.729473114, -40.9589958191, -29.5007667542, -4.06466245651], [-1199.1036377, 447.653045654, 759.176391602, 64.0853042603, 66.4195251465, -42.1173171997, -45.9379043579, -55.3411254883, -52.9251213074, -33.6108512878, -34.3898200989, -17.3338470459, -2.82581424713], [139.916900635, -38.741733551, 64.0853042603, 196.62713623, 34.8628959656, 22.5822734833, -3.35479307175, -18.5528869629, -3.43020677567, -13.5033454895, 2.52612876892, -19.2522563934, -32.714630127], [-69.0639953613, -26.8755245209, 66.4195251465, 34.8628959656, 121.175453186, 13.1177349091, 5.2698302269, 7.58662652969, -1.14148128033, 4.27503204346, -9.43147087097, -5.95140695572, -5.20151042938], [19.5510044098, -53.5340766907, -42.1173171997, 22.5822734833, 13.1177349091, 85.5451126099, 27.1675434113, 13.498632431, 10.5709457397, 4.1063337326, 16.3651008606, 0.559348940849, -7.77163171768], [2.90439653397, -55.6331176758, -45.9379043579, -3.35479307175, 5.2698302269, 27.1675434113, 68.0871963501, 29.2572135925, 10.1379728317, 3.16233682632, 12.9121961594, 4.29172134399, 0.654604434967], [5.38885736465, -63.388092041, -55.3411254883, -18.5528869629, 7.58662652969, 13.498632431, 29.2572135925, 75.7854003906, 22.2186603546, 10.8511829376, 9.35916805267, 8.83883476257, 6.2051024437], [-18.8266181946, -44.9644165039, -52.9251213074, -3.43020677567, -1.14148128033, 10.5709457397, 10.1379728317, 22.2186603546, 58.3246688843, 15.9120559692, 5.17859554291, 4.12104463577, 2.30265665054], [26.8216285706, -40.729473114, -33.6108512878, -13.5033454895, 4.27503204346, 4.1063337326, 3.16233682632, 10.8511829376, 15.9120559692, 54.3759803772, 14.1517333984, 9.05827236176, 4.77528810501], [-16.0488967896, -40.9589958191, -34.3898200989, 2.52612876892, -9.43147087097, 16.3651008606, 12.9121961594, 9.35916805267, 5.17859554291, 14.1517333984, 58.0373840332, 17.4933662415, 6.62825202942], [-40.9807128906, -29.5007667542, -17.3338470459, -19.2522563934, -5.95140695572, 0.559348940849, 4.29172134399, 8.83883476257, 4.12104463577, 9.05827236176, 17.4933662415, 45.5924491882, 22.8409824371], [-122.463294983, -4.06466245651, -2.82581424713, -32.714630127, -5.20151042938, -7.77163171768, 0.654604434967, 6.2051024437, 2.30265665054, 4.77528810501, 6.62825202942, 22.8409824371, 48.2453613281]],
