{
"lowlevel": {
    "average_loudness": 0.951319277287,
    "barkbands_crest": {
        "dmean": 3.16394329071,
        "dmean2": 5.41806221008,
        "dvar": 5.71392536163,
        "dvar2": 14.5668287277,
        "max": 21.2826881409,
        "mean": 11.196762085,
        "median": 10.7770051956,
        "min": 5.34193468094,
        "var": 10.6706037521
    },
    "barkbands_flatness_db": {
        "dmean": 0.0371942855418,
        "dmean2": 0.0634337589145,
        "dvar": 0.000888403737918,
        "dvar2": 0.0024992688559,
        "max": 0.2739777565,
        "mean": 0.171092584729,
        "median": 0.169630229473,
        "min": 0.0625637695193,
        "var": 0.00217124260962
    },
    "barkbands_kurtosis": {
        "dmean": 9.41035366058,
        "dmean2": 16.0001583099,
        "dvar": 83.5736999512,
        "dvar2": 218.257949829,
        "max": 65.9736480713,
        "mean": 16.0970458984,
        "median": 12.7399492264,
        "min": -1.62036824226,
        "var": 210.160842896
    },
    "barkbands_skewness": {
        "dmean": 0.947864890099,
        "dmean2": 1.54644370079,
        "dvar": 0.530536830425,
        "dvar2": 1.22286319733,
        "max": 5.97722911835,
        "mean": 2.71309065819,
        "median": 2.94354963303,
        "min": -2.35942959785,
        "var": 2.61646008492
    },
    "barkbands_spread": {
        "dmean": 5.00430393219,
        "dmean2": 8.37503814697,
        "dvar": 38.8545455933,
        "dvar2": 97.7761306763,
        "max": 55.1718826294,
        "mean": 11.086186409,
        "median": 8.78028392792,
        "min": 1.97986137867,
        "var": 58.7351913452
    },
    "dissonance": {
        "dmean": 0.0340507403016,
        "dmean2": 0.0579759813845,
        "dvar": 0.00110804534052,
        "dvar2": 0.00246961647645,
        "max": 0.499999910593,
        "mean": 0.449720203876,
        "median": 0.455392003059,
        "min": 0.239888206124,
        "var": 0.00144797982648
    },
    "dynamic_complexity": 3.67056274414,
    "erbbands_crest": {
        "dmean": 3.68814134598,
        "dmean2": 5.98333883286,
        "dvar": 11.0083532333,
        "dvar2": 24.9620456696,
        "max": 27.9730949402,
        "mean": 11.5118188858,
        "median": 10.1249847412,
        "min": 3.40309619904,
        "var": 28.0155506134
    },
    "erbbands_flatness_db": {
        "dmean": 0.0305670443922,
        "dmean2": 0.0517521575093,
        "dvar": 0.000662321981508,
        "dvar2": 0.00169736368116,
        "max": 0.359875738621,
        "mean": 0.178010195494,
        "median": 0.176563158631,
        "min": 0.0878096371889,
        "var": 0.00266387755983
    },
    "erbbands_kurtosis": {
        "dmean": 4.04867839813,
        "dmean2": 6.64542341232,
        "dvar": 34.5297279358,
        "dvar2": 87.638381958,
        "max": 55.512878418,
        "mean": 5.01912069321,
        "median": 2.61786365509,
        "min": -1.46731305122,
        "var": 58.0004920959
    },
    "erbbands_skewness": {
        "dmean": 0.794424295425,
        "dmean2": 1.23978102207,
        "dvar": 0.491884320974,
        "dvar2": 0.999394536018,
        "max": 4.91239976883,
        "mean": 1.06236827374,
        "median": 1.3752450943,
        "min": -5.25070047379,
        "var": 2.87760901451
    },
    "erbbands_spread": {
        "dmean": 9.71890258789,
        "dmean2": 16.0539588928,
        "dvar": 111.654502869,
        "dvar2": 289.797851562,
        "max": 77.4056396484,
        "mean": 26.4323654175,
        "median": 24.7163009644,
        "min": 2.34298968315,
        "var": 196.709899902
    },
    "hfc": {
        "dmean": 9.79436588287,
        "dmean2": 16.8904895782,
        "dvar": 878.248779297,
        "dvar2": 2223.70239258,
        "max": 216.801208496,
        "mean": 15.6154174805,
        "median": 6.62705135345,
        "min": 1.11525523663,
        "var": 1161.34631348
    },
    "melbands_crest": {
        "dmean": 3.25078940392,
        "dmean2": 5.58862066269,
        "dvar": 7.51783370972,
        "dvar2": 19.7124042511,
        "max": 27.749376297,
        "mean": 13.6951541901,
        "median": 13.1235332489,
        "min": 6.98725509644,
        "var": 12.9675474167
    },
    "melbands_flatness_db": {
        "dmean": 0.045545630157,
        "dmean2": 0.0763614624739,
        "dvar": 0.00137434795033,
        "dvar2": 0.00377964857034,
        "max": 0.39393389225,
        "mean": 0.268082261086,
        "median": 0.262725681067,
        "min": 0.0677326768637,
        "var": 0.00328759849072
    },
    "melbands_kurtosis": {
        "dmean": 11.215306282,
        "dmean2": 19.1741142273,
        "dvar": 114.779960632,
        "dvar2": 305.521240234,
        "max": 71.3175430298,
        "mean": 21.0966453552,
        "median": 17.9343223572,
        "min": -1.86458480358,
        "var": 289.754364014
    },
    "melbands_skewness": {
        "dmean": 0.935653150082,
        "dmean2": 1.53854978085,
        "dvar": 0.495990037918,
        "dvar2": 1.17268693447,
        "max": 6.15964651108,
        "mean": 2.96556687355,
        "median": 3.02102446556,
        "min": -1.10416555405,
        "var": 1.9626891613
    },
    "melbands_spread": {
        "dmean": 5.47840929031,
        "dmean2": 9.11608600616,
        "dvar": 76.687789917,
        "dvar2": 182.378036499,
        "max": 77.9192657471,
        "mean": 11.9785385132,
        "median": 6.92528676987,
        "min": 1.94471633434,
        "var": 165.103988647
    },
    "pitch_salience": {
        "dmean": 0.0762846022844,
        "dmean2": 0.123193599284,
        "dvar": 0.00417661108077,
        "dvar2": 0.0102464668453,
        "max": 0.85478669405,
        "mean": 0.617803812027,
        "median": 0.631166696548,
        "min": 0.312197983265,
        "var": 0.0102915987372
    },
    "silence_rate_20dB": {
        "dmean": 0,
        "dmean2": 0,
        "dvar": 0,
        "dvar2": 0,
        "max": 1,
        "mean": 1,
        "median": 1,
        "min": 1,
        "var": 0
    },
    "silence_rate_30dB": {
        "dmean": 0.0133333336562,
        "dmean2": 0.0268456377089,
        "dvar": 0.0131555385888,
        "dvar2": 0.0261249728501,
        "max": 1,
        "mean": 0.986754953861,
        "median": 1,
        "min": 0,
        "var": 0.0130696240813
    },
    "silence_rate_60dB": {
        "dmean": 0.0533333346248,
        "dmean2": 0.107382550836,
        "dvar": 0.0504888147116,
        "dvar2": 0.122697420418,
        "max": 1,
        "mean": 0.145695358515,
        "median": 0,
        "min": 0,
        "var": 0.124468229711
    },
    "spectral_centroid": {
        "dmean": 183.834960938,
        "dmean2": 302.027770996,
        "dvar": 71513.6015625,
        "dvar2": 167578.171875,
        "max": 2655.8347168,
        "mean": 608.705078125,
        "median": 484.1769104,
        "min": 226.418533325,
        "var": 140988.03125
    },
    "spectral_complexity": {
        "dmean": 2.15333342552,
        "dmean2": 3.52348995209,
        "dvar": 10.303153038,
        "dvar2": 26.4239406586,
        "max": 40,
        "mean": 9.46357631683,
        "median": 9,
        "min": 2,
        "var": 19.1890659332
    },
    "spectral_decrease": {
        "dmean": 2.79936696046e-09,
        "dmean2": 4.82246953482e-09,
        "dvar": 1.60572846448e-17,
        "dvar2": 4.28738597183e-17,
        "max": -3.23343546382e-10,
        "mean": -5.5527253906e-09,
        "median": -4.24113544284e-09,
        "min": -3.28336930977e-08,
        "var": 3.15731498002e-17
    },
    "spectral_energy": {
        "dmean": 0.0113647691905,
        "dmean2": 0.0196112133563,
        "dvar": 0.000290427589789,
        "dvar2": 0.000763928983361,
        "max": 0.143518149853,
        "mean": 0.0223736371845,
        "median": 0.0166801437736,
        "min": 0.00132394232787,
        "var": 0.000556321057957
    },
    "spectral_energyband_high": {
        "dmean": 0.000346979300957,
        "dmean2": 0.000674759910908,
        "dvar": 4.87295619678e-06,
        "dvar2": 1.44582782013e-05,
        "max": 0.0198653452098,
        "mean": 0.000244316150201,
        "median": 5.91777716181e-05,
        "min": 8.13287351775e-06,
        "var": 2.60180377154e-06
    },
    "spectral_energyband_low": {
        "dmean": 0.00285467877984,
        "dmean2": 0.00503648538142,
        "dvar": 3.8735979615e-05,
        "dvar2": 0.000115117509267,
        "max": 0.0476584583521,
        "mean": 0.00348924123682,
        "median": 0.000970187364146,
        "min": 1.31147407956e-05,
        "var": 4.1913575842e-05
    },
    "spectral_energyband_middle_high": {
        "dmean": 0.00338568608277,
        "dmean2": 0.00539996149018,
        "dvar": 0.000134650996188,
        "dvar2": 0.000279189960565,
        "max": 0.117787025869,
        "mean": 0.00502143800259,
        "median": 0.000726545695215,
        "min": 3.82732359867e-05,
        "var": 0.000265220267465
    },
    "spectral_energyband_middle_low": {
        "dmean": 0.00812531542033,
        "dmean2": 0.0138733480126,
        "dvar": 9.4265815278e-05,
        "dvar2": 0.00027292672894,
        "max": 0.057071749121,
        "mean": 0.0151376025751,
        "median": 0.0110805090517,
        "min": 0.00111930421554,
        "var": 0.000189083599253
    },
    "spectral_entropy": {
        "dmean": 0.404339492321,
        "dmean2": 0.679038465023,
        "dvar": 0.109687045217,
        "dvar2": 0.313420146704,
        "max": 8.44044208527,
        "mean": 6.97482585907,
        "median": 7.00093460083,
        "min": 5.93516921997,
        "var": 0.251389712095
    },
    "spectral_flux": {
        "dmean": 0.0221679918468,
        "dmean2": 0.0354322455823,
        "dvar": 0.000494897074532,
        "dvar2": 0.00129757751711,
        "max": 0.220527887344,
        "mean": 0.0804224610329,
        "median": 0.071843534708,
        "min": 0.0189662259072,
        "var": 0.00208372762427
    },
    "spectral_kurtosis": {
        "dmean": 4.14583587646,
        "dmean2": 7.28369951248,
        "dvar": 13.0304927826,
        "dvar2": 40.1803092957,
        "max": 25.9457912445,
        "mean": 9.63663101196,
        "median": 9.32050895691,
        "min": 0.615517616272,
        "var": 23.6453208923
    },
    "spectral_rms": {
        "dmean": 0.00105675822124,
        "dmean2": 0.00180045585148,
        "dvar": 1.45157059706e-06,
        "dvar2": 3.93325490222e-06,
        "max": 0.0118329077959,
        "mean": 0.00413582846522,
        "median": 0.00403401907533,
        "min": 0.00113650830463,
        "var": 4.72286274089e-06
    },
    "spectral_rolloff": {
        "dmean": 307.637695312,
        "dmean2": 551.192138672,
        "dvar": 650401.25,
        "dvar2": 1702634.25,
        "max": 8053.41796875,
        "mean": 774.197021484,
        "median": 473.73046875,
        "min": 215.33203125,
        "var": 634320.875
    },
    "spectral_skewness": {
        "dmean": 0.515843749046,
        "dmean2": 0.891523241997,
        "dvar": 0.174343243241,
        "dvar2": 0.514189064503,
        "max": 4.18688726425,
        "mean": 2.55981731415,
        "median": 2.53680825233,
        "min": 0.855576097965,
        "var": 0.365807235241
    },
    "spectral_spread": {
        "dmean": 1050002.375,
        "dmean2": 1724550.75,
        "dvar": 1.83693869056e+12,
        "dvar2": 2.29754614579e+12,
        "max": 23929082,
        "mean": 5044910,
        "median": 4683182,
        "min": 2077925.375,
        "var": 4.57376215859e+12
    },
    "spectral_strongpeak": {
        "dmean": 0.828642368317,
        "dmean2": 1.35386049747,
        "dvar": 2.4848754406,
        "dvar2": 5.67031860352,
        "max": 21.088262558,
        "mean": 1.3298214674,
        "median": 0.458642721176,
        "min": 0,
        "var": 8.16357421875
    },
    "zerocrossingrate": {
        "dmean": 0.00845052115619,
        "dmean2": 0.0115581741557,
        "dvar": 5.75667727389e-05,
        "dvar2": 0.000102134174085,
        "max": 0.1015625,
        "mean": 0.0512986332178,
        "median": 0.04833984375,
        "min": 0.00439453125,
        "var": 0.000432883709436
    },
    "barkbands": {
        "dmean": [0.000314673961839, 3.74528972316e-05, 0.00155180203728, 0.0026946249418, 0.00258132419549, 0.00437444169074, 0.000596023921389, 0.000277857645415, 0.000157483969815, 9.33346527745e-05, 5.4160853324e-05, 0.000175186229171, 0.000507894088514, 0.000508847413585, 0.00154898269102, 0.000707713654265, 2.85426685878e-05, 7.27887163521e-05, 6.38875062577e-05, 4.89909471071e-05, 4.68111575174e-05, 4.58252397948e-05, 4.92610051879e-05, 0.000117793642858, 5.96377794864e-05, 5.11340113007e-06, 2.35369884649e-06],
        "dmean2": [0.000585223315284, 6.52703020023e-05, 0.00260697444901, 0.00456085661426, 0.00419920822605, 0.00770176993683, 0.000974029884674, 0.000496500579175, 0.000256639614236, 0.000151464424562, 9.98851464828e-05, 0.000298835715512, 0.000746457546484, 0.000681277364492, 0.00265004858375, 0.000963632599451, 5.26653093402e-05, 0.000141076627187, 0.000117833697004, 9.18497971725e-05, 9.0296867711e-05, 8.7811575213e-05, 9.35747448239e-05, 0.000230266712606, 0.0001178680468, 9.59419412538e-06, 4.1027565203e-06],
        "dvar": [2.06035963402e-07, 5.8968958605e-09, 1.75257137016e-05, 1.67063317349e-05, 1.11416820801e-05, 4.26570150012e-05, 4.53630008224e-07, 1.65703085031e-07, 5.44070815067e-08, 2.22018758933e-08, 1.86192856688e-08, 2.48073718012e-07, 1.82859639608e-06, 1.92364495888e-06, 8.67109774845e-05, 1.8950076992e-05, 1.16672271844e-08, 2.36525053765e-07, 7.79776101467e-08, 6.82605261204e-08, 1.01312203071e-07, 1.00379658363e-07, 6.09963208831e-08, 6.17018940829e-07, 1.30080692884e-07, 5.32054456048e-10, 5.40248444938e-12],
        "dvar2": [6.76664797084e-07, 1.58956261487e-08, 4.79653754155e-05, 4.96398679388e-05, 3.03483775497e-05, 0.000116823714052, 1.23651898321e-06, 5.27142276496e-07, 1.31977145656e-07, 5.5621264039e-08, 5.73656713243e-08, 6.95330015787e-07, 4.15964768763e-06, 3.94913331547e-06, 0.000159326256835, 3.82821235689e-05, 3.39257191229e-08, 7.0559156029e-07, 2.28968360716e-07, 2.02665518145e-07, 3.00852150303e-07, 2.95470755418e-07, 1.77178648642e-07, 1.83716576885e-06, 3.8894768295e-07, 1.56946589058e-09, 1.26207646764e-11],
        "max": [0.00278302002698, 0.000627540634014, 0.0312220510095, 0.0347019731998, 0.036717645824, 0.0395222231746, 0.00544821703807, 0.00261551653966, 0.00199298211373, 0.00112625025213, 0.00115747086238, 0.00418904889375, 0.0138960685581, 0.015013997443, 0.107586607337, 0.0499172359705, 0.00100254861172, 0.00433273846284, 0.00246527837589, 0.00234478386119, 0.00286916573532, 0.00288801523857, 0.00228351657279, 0.00701419264078, 0.00314980116673, 0.000210766782402, 2.86414633592e-05],
        "mean": [0.000291394331725, 4.87035249535e-05, 0.00164261879399, 0.00335712707601, 0.00432555284351, 0.00582012627274, 0.000968751031905, 0.000368063774658, 0.000233384300373, 0.000118563038995, 6.20213686489e-05, 0.000210539219552, 0.000554245896637, 0.000756738882046, 0.00256251730025, 0.00065338233253, 2.78479055851e-05, 4.86521457788e-05, 4.76270179206e-05, 3.63040089724e-05, 3.19216560456e-05, 3.04759432765e-05, 3.30559269059e-05, 7.19310628483e-05, 3.80842611776e-05, 6.13854717813e-06, 1.75190943992e-05],
        "median": [0.00013251506607, 1.2685342881e-05, 0.000200613692869, 0.00127139198594, 0.00262153847143, 0.00334950047545, 0.000589155009948, 0.000208262354136, 0.000146045698784, 6.7708111601e-05, 3.70250090782e-05, 6.85286941007e-05, 5.23381750099e-05, 2.9541180993e-05, 1.5366675143e-05, 1.31226288431e-05, 9.07724188437e-06, 7.12562223271e-06, 8.52582434163e-06, 6.24720269116e-06, 5.76369347982e-06, 4.07930428992e-06, 6.01680631007e-06, 1.01357409221e-05, 7.51957031753e-06, 3.86863166568e-06, 1.76106659637e-05],
        "min": [1.33839478167e-06, 1.7336323026e-06, 2.75807201433e-06, 1.734729085e-05, 7.96693639131e-05, 8.30479402794e-05, 1.85540757229e-05, 8.20317927719e-06, 3.29833460455e-06, 2.89101717499e-06, 2.63316201199e-06, 6.46469652565e-06, 2.31297190112e-06, 2.0448385385e-06, 5.13554994086e-07, 1.15516559163e-06, 1.08240169538e-06, 1.01361615634e-06, 8.35727519188e-07, 1.02422268355e-06, 9.14774261673e-07, 8.29477869502e-07, 6.1051036937e-07, 6.87550766543e-07, 1.02601291019e-06, 9.20072864119e-07, 1.22820176784e-06],
        "var": [1.74582325485e-07, 8.65469562683e-09, 1.73519929376e-05, 2.10504385905e-05, 3.08343987854e-05, 4.4527459977e-05, 8.83499978954e-07, 1.90790430565e-07, 7.57589120326e-08, 2.43217552764e-08, 1.16591172272e-08, 2.06174206596e-07, 2.35554830397e-06, 5.0458916121e-06, 0.000175885812496, 2.15894924622e-05, 7.4277188844e-09, 1.2397524074e-07, 4.42023022629e-08, 3.71691086798e-08, 5.40598961152e-08, 5.49964447316e-08, 3.51615128125e-08, 3.24557618114e-07, 6.73412827723e-08, 2.9553318126e-10, 6.44116314105e-12]
    },
    "erbbands": {
        "dmean": [0.00123229622841, 0.0265613794327, 1.05191576481, 6.19725847244, 9.72015476227, 9.03487682343, 22.2452983856, 36.6652870178, 15.122379303, 8.30599975586, 4.48109436035, 3.41695713997, 4.19160366058, 1.85618102551, 3.48802113533, 7.22682952881, 19.3811283112, 24.5757064819, 76.9270935059, 88.1934280396, 10.9821014404, 1.93412840366, 3.94982171059, 4.44146871567, 1.84167969227, 2.46630525589, 1.75076436996, 1.95731317997, 1.71316957474, 1.52163505554, 1.5004632473, 2.90921163559, 1.54744946957, 0.927319824696, 0.288379073143, 0.0473324880004, 0.00409402651712, 0.00136909866706, 0.000349170994014, 5.53666177439e-05],
        "dmean2": [0.00198099110276, 0.0420548729599, 1.74163734913, 10.9207029343, 16.2368583679, 14.9572935104, 38.3105812073, 63.25258255, 25.7794036865, 13.8095312119, 8.00831317902, 5.7478427887, 6.75994920731, 3.34105730057, 5.79469633102, 12.2974882126, 28.8489246368, 35.3793067932, 101.644683838, 127.627441406, 15.5177240372, 3.40888690948, 7.62180566788, 8.44556617737, 3.3453347683, 4.65819168091, 3.39884972572, 3.74097013474, 3.29342579842, 2.92894339561, 2.84032201767, 5.7051858902, 3.01154518127, 1.83286488056, 0.564345121384, 0.0903583019972, 0.00745905097574, 0.00247683236375, 0.000612939067651, 9.50039975578e-05],
        "dvar": [1.69448162524e-06, 0.0032661545556, 7.33762836456, 120.295211792, 155.320114136, 180.828033447, 731.897888184, 4898.37695312, 464.300048828, 106.296447754, 37.4680480957, 34.7936134338, 35.2630004883, 12.9608011246, 58.0726051331, 499.682098389, 2664.85766602, 3087.39892578, 161192.75, 171117.203125, 3164.80737305, 55.6023445129, 717.486755371, 682.241943359, 32.450012207, 204.890487671, 116.527435303, 192.795257568, 140.305831909, 97.6208496094, 51.2468757629, 380.324279785, 103.40234375, 40.2757568359, 1.94883608818, 0.0438583232462, 0.000239977016463, 1.39658168337e-05, 9.29612085088e-08, 2.53659426797e-09],
        "dvar2": [4.84721431349e-06, 0.00789719633758, 19.895816803, 369.136627197, 435.775756836, 495.106170654, 2240.98291016, 12999.1630859, 1359.18457031, 323.332489014, 116.018562317, 89.3452606201, 79.924987793, 37.7449417114, 158.371704102, 1446.35888672, 6157.140625, 6046.46240234, 308849.4375, 405830.53125, 6295.33300781, 160.067947388, 2137.73339844, 2033.20727539, 90.5184631348, 610.211791992, 348.249786377, 568.848022461, 414.373962402, 287.650024414, 147.958358765, 1134.68359375, 307.40802002, 120.532623291, 5.79604101181, 0.12946587801, 0.000705251120962, 4.08959422202e-05, 2.05981336876e-07, 6.31307672805e-09],
        "max": [0.0110592870042, 0.411631256342, 20.0473022461, 77.9542312622, 86.941734314, 157.4400177, 179.79776001, 465.950561523, 132.993377686, 67.1310882568, 40.3211975098, 49.9535980225, 36.6020317078, 31.2867183685, 58.9915428162, 199.766357422, 570.257995605, 653.656677246, 5191.94384766, 4159.02294922, 666.588867188, 67.7615890503, 239.218078613, 233.602249146, 44.4346466064, 128.443695068, 96.5542449951, 126.182495117, 107.411766052, 89.8242797852, 66.4419631958, 173.438583374, 91.1052780151, 56.1246871948, 10.7852926254, 1.85777294636, 0.142831683159, 0.0355057641864, 0.00381670799106, 0.000550842727534],
        "mean": [0.00216822652146, 0.0341448187828, 1.19877576828, 7.68871688843, 12.9977397919, 15.1349887848, 29.7334671021, 47.982509613, 21.9961948395, 11.3031187057, 6.64422798157, 5.14918088913, 5.35547018051, 2.53909850121, 4.81978559494, 8.50595188141, 21.5742740631, 40.7835578918, 102.853897095, 102.638969421, 12.3303823471, 1.87158894539, 2.68014645576, 3.07228899002, 1.70811653137, 1.7713586092, 1.26913225651, 1.2921077013, 1.13166534901, 0.987507283688, 1.00337660313, 1.72010588646, 0.978875756264, 0.569720685482, 0.196463882923, 0.0415943935513, 0.00756626436487, 0.00414676871151, 0.0019833126571, 0.000364267150871],
        "median": [0.00133566767909, 0.00571528077126, 0.187209889293, 2.88394784927, 6.63874721527, 7.7962231636, 16.3028030396, 24.0815162659, 11.8173179626, 7.27671575546, 4.23919630051, 2.9202208519, 2.90027070045, 1.44393217564, 2.25877356529, 3.20713376999, 3.2281525135, 2.83105397224, 1.96945679188, 0.865429639816, 0.793855786324, 0.537908494473, 0.418032974005, 0.426335930824, 0.380286753178, 0.28546538949, 0.303021281958, 0.192264020443, 0.137334868312, 0.159511178732, 0.157388627529, 0.193838953972, 0.176334679127, 0.0976883918047, 0.0473165698349, 0.0182965733111, 0.00592947239056, 0.00372663722374, 0.00199336768128, 0.000360943609849],
        "min": [0.000104454673419, 0.00038280049921, 0.00457987422124, 0.0430679991841, 0.0493325926363, 0.29497641325, 1.14184451103, 1.04552364349, 0.421369671822, 0.221752911806, 0.146037474275, 0.0969870835543, 0.147093802691, 0.120655067265, 0.277010679245, 0.258766621351, 0.120127424598, 0.148263290524, 0.0560446679592, 0.0301682241261, 0.0593055188656, 0.0605998300016, 0.0534795075655, 0.0503448881209, 0.0397563129663, 0.0438594780862, 0.049369558692, 0.033096011728, 0.0315486527979, 0.0260635260493, 0.0190426353365, 0.0136768203229, 0.0166441760957, 0.0129591589794, 0.00670404592529, 0.00341485999525, 0.00147232995369, 0.000503856572323, 0.000173999738763, 2.18025979848e-05],
        "var": [4.86538738187e-06, 0.00473153730854, 7.89862966537, 139.781509399, 272.799621582, 432.692169189, 1093.04663086, 4178.33691406, 579.565734863, 146.632720947, 52.2696838379, 40.8616065979, 43.4006614685, 11.7587451935, 62.4574966431, 346.718414307, 3459.44897461, 10095.1835938, 280585.25, 264054.03125, 4218.83203125, 36.4823875427, 376.515930176, 362.563140869, 23.777009964, 109.562759399, 61.3191757202, 104.844703674, 76.0035934448, 53.2007293701, 30.1762046814, 198.946990967, 54.5523414612, 20.7414608002, 1.02502691746, 0.024008307606, 0.000143983808812, 8.49413027026e-06, 1.30346805349e-07, 3.55536311503e-09]
    },
    "gfcc": {
        "mean": [-47.9020881653, 86.8946075439, -74.9868927002, -10.4615764618, -59.4793434143, -12.0622282028, -54.5005302429, -24.2746219635, -28.1545810699, -6.81363344193, -6.97453975677, -12.7170143127, -11.1284255981],
        "cov": [[2158.36962891, 122.161758423, -633.993713379, 349.129272461, 84.3760299683, 165.857192993, -273.787902832, -137.484329224, -38.9436035156, 92.9406738281, -120.92489624, -152.176361084, -3.22553277016], [122.161758423, 550.219421387, 123.832633972, -52.4862632751, 150.264678955, -33.4909820557, 19.7249526978, -124.505325317, -17.4408931732, -9.43383979797, -55.1548423767, -76.4398803711, -32.7889671326], [-633.993713379, 123.832633972, 543.386657715, -33.2622833252, -129.418640137, -46.9423828125, 134.964950562, 114.626457214, -37.8454093933, -108.866546631, 30.3321609497, 56.2917823792, -17.0077857971], [349.129272461, -52.4862632751, -33.2622833252, 340.52041626, 157.571212769, 36.6718444824, -20.56914711, 42.363822937, 31.3513774872, -39.8150482178, -67.2466125488, -4.97610044479, 46.6463890076], [84.3760299683, 150.264678955, -129.418640137, 157.571212769, 377.700531006, 20.7796459198, -46.1791381836, -90.316116333, 78.943687439, 43.7236938477, -85.8105697632, -78.1172027588, 25.3094596863], [165.857192993, -33.4909820557, -46.9423828125, 36.6718444824, 20.7796459198, 87.0060043335, -12.8976154327, -12.2617254257, -14.6682405472, 14.309179306, 7.17091655731, -21.8746833801, -23.4645080566], [-273.787902832, 19.7249526978, 134.964950562, -20.56914711, -46.1791381836, -12.8976154327, 113.711898804, 46.9945716858, -29.811624527, -55.1015892029, 24.6678962708, 49.4510955811, -0.0272215940058], [-137.484329224, -124.505325317, 114.626457214, 42.363822937, -90.316116333, -12.2617254257, 46.9945716858, 144.283905029, 20.8832492828, -43.1579017639, 5.16802453995, 48.6804542542, 24.3404426575], [-38.9436035156, -17.4408931732, -37.8454093933, 31.3513774872, 78.943687439, -14.6682405472, -29.811624527, 20.8832492828, 91.6624450684, 47.5184326172, -28.5156021118, -18.8938179016, 26.918296814], [92.9406738281, -9.43383979797, -108.866546631, -39.8150482178, 43.7236938477, 14.309179306, -55.1015892029, -43.1579017639, 47.5184326172, 121.486618042, 10.4639034271, -42.2360916138, -7.16846990585], [-120.92489624, -55.1548423767, 30.3321609497, -67.2466125488, -85.8105697632, 7.17091655731, 24.6678962708, 5.16802453995, -28.5156021118, 10.4639034271, 73.6631851196, 32.7481269836, -21.8058223724], [-152.176361084, -76.4398803711, 56.2917823792, -4.97610044479, -78.1172027588, -21.8746833801, 49.4510955811, 48.6804542542, -18.8938179016, -42.2360916138, 32.7481269836, 86.9607391357, 31.4541473389], [-3.22553277016, -32.7889671326, -17.0077857971, 46.6463890076, 25.3094596863, -23.4645080566, -0.0272215940058, 24.3404426575, 26.918296814, -7.16846990585, -21.8058223724, 31.4541473389, 67.1533126831]],
        "icov": [[0.00703449035063, -0.00876590237021, 0.00936722941697, -0.0104179633781, 0.00988800451159, -0.00750274583697, 0.00934622529894, -0.00540144136176, 0.00732711236924, -0.00410106778145, 0.00323618086986, 0.00169501767959, -0.00183786381967], [-0.00876590237021, 0.015129356645, -0.0134229920805, 0.0136812543496, -0.0132931824774, 0.0107230236754, -0.0134133528918, 0.0106661217287, -0.00840120576322, 0.00506627326831, -0.00101963314228, -6.0847523855e-05, 0.00255443528295], [0.00936722941697, -0.0134229920805, 0.0164823196828, -0.0141851846129, 0.0138240950182, -0.00901138596237, 0.0104448515922, -0.0104081286117, 0.00916078314185, -0.00373113621026, 0.00205034948885, 0.00310523970984, -0.0015174834989], [-0.0104179633781, 0.0136812543496, -0.0141851846129, 0.0216974690557, -0.0182881187648, 0.00845862459391, -0.0113896112889, 0.00445328792557, -0.00846650078893, 0.00773694040254, -0.0023283988703, -0.00363133987412, 0.000909445632715], [0.00988800451159, -0.0132931824774, 0.0138240950182, -0.0182881187648, 0.0228030644357, -0.0122200921178, 0.00885978154838, -0.000297008780763, 0.00174301490188, -0.00466418871656, 0.00639373343438, 0.00538953533396, -0.00420890003443], [-0.00750274583697, 0.0107230236754, -0.00901138596237, 0.00845862459391, -0.0122200921178, 0.0257386155427, -0.0106860361993, 0.00379223725758, -0.00164948753081, 0.00156695232727, -0.00629428680986, 0.00246136961505, 0.00656948098913], [0.00934622529894, -0.0134133528918, 0.0104448515922, -0.0113896112889, 0.00885978154838, -0.0106860361993, 0.0325563214719, -0.014394108206, 0.0147413266823, -0.0030484511517, 0.00116591667756, -0.00671492749825, -9.67509186012e-05], [-0.00540144136176, 0.0106661217287, -0.0104081286117, 0.00445328792557, -0.000297008780763, 0.00379223725758, -0.014394108206, 0.0283859912306, -0.0203486476094, 0.00761906802654, 0.00149843969848, -0.00159081688616, 0.000563200039323], [0.00732711236924, -0.00840120576322, 0.00916078314185, -0.00846650078893, 0.00174301490188, -0.00164948753081, 0.0147413266823, -0.0203486476094, 0.0411479398608, -0.0182397384197, 0.00867918413132, 0.0021813379135, -0.00604524696246], [-0.00410106778145, 0.00506627326831, -0.00373113621026, 0.00773694040254, -0.00466418871656, 0.00156695232727, -0.0030484511517, 0.00761906802654, -0.0182397384197, 0.025203930214, -0.0152946151793, 0.00921265035868, -0.00377969420515], [0.00323618086986, -0.00101963314228, 0.00205034948885, -0.0023283988703, 0.00639373343438, -0.00629428680986, 0.00116591667756, 0.00149843969848, 0.00867918413132, -0.0152946151793, 0.0418292507529, -0.0206841565669, 0.0148017965257], [0.00169501767959, -6.0847523855e-05, 0.00310523970984, -0.00363133987412, 0.00538953533396, 0.00246136961505, -0.00671492749825, -0.00159081688616, 0.0021813379135, 0.00921265035868, -0.0206841565669, 0.0439357496798, -0.0244234055281], [-0.00183786381967, 0.00255443528295, -0.0015174834989, 0.000909445632715, -0.00420890003443, 0.00656948098913, -9.67509186012e-05, 0.000563200039323, -0.00604524696246, -0.00377969420515, 0.0148017965257, -0.0244234055281, 0.0369777306914]]
    },
    "melbands": {
        "dmean": [1.89120728464e-05, 0.000397153780796, 0.00112191983499, 0.000682971440256, 0.000609436770901, 0.00080113101285, 0.000212945684325, 8.57589257066e-05, 3.15524775942e-05, 2.19528737944e-05, 2.09165373235e-05, 7.44495673644e-06, 9.01453404367e-06, 1.83800693776e-05, 2.50080265687e-05, 5.64899091842e-05, 4.0013823309e-05, 0.000127620965941, 0.000162467738846, 6.45636755507e-05, 2.59140551861e-06, 1.64419566318e-06, 2.54300175584e-06, 3.98550082537e-06, 3.79652442462e-06, 1.55839461513e-06, 1.40796009873e-06, 1.66356346654e-06, 9.74464455794e-07, 1.28404087718e-06, 1.03126660633e-06, 9.63831212175e-07, 8.71030124472e-07, 8.30803173812e-07, 7.97860479906e-07, 9.62729927778e-07, 2.21878303819e-06, 1.04713433302e-06, 7.91847696746e-07, 7.72083751599e-07],
        "dmean2": [3.19685896102e-05, 0.000651733134873, 0.00190468365327, 0.00112209783401, 0.00105325272307, 0.00140349834692, 0.000365981104551, 0.000144864257891, 5.72258213651e-05, 3.61730708391e-05, 3.39790676662e-05, 1.35526433951e-05, 1.56898458954e-05, 3.0450279155e-05, 3.98396477976e-05, 8.42548615765e-05, 5.54787184228e-05, 0.000168283906532, 0.000248313590419, 8.85211557033e-05, 4.04202364734e-06, 3.07524851451e-06, 4.872489626e-06, 7.68956761021e-06, 7.2521797847e-06, 2.68939766102e-06, 2.5966346584e-06, 3.18001275446e-06, 1.89331080946e-06, 2.48765263677e-06, 1.95716393137e-06, 1.84197870112e-06, 1.68190865679e-06, 1.59856722348e-06, 1.50084622419e-06, 1.83124450359e-06, 4.38433607997e-06, 2.02698720386e-06, 1.54994427248e-06, 1.52921006702e-06],
        "dvar": [5.13060038898e-10, 1.1043325685e-06, 2.9016962344e-06, 9.43752354488e-07, 5.43791998098e-07, 2.02163255381e-06, 8.95821870017e-08, 1.23895809168e-08, 1.75176806394e-09, 1.27967147989e-09, 8.86772877351e-10, 2.13640050095e-10, 3.97241906036e-10, 2.3899591195e-09, 4.01085742396e-09, 3.19202690946e-08, 1.16448592991e-08, 4.39721958401e-07, 6.58540500353e-07, 1.63920660157e-07, 2.79405335674e-11, 4.18605324015e-11, 2.3932267279e-10, 6.97257029891e-10, 5.03628694304e-10, 1.91890097562e-11, 2.67117526015e-11, 1.03865291368e-10, 3.05908944009e-11, 8.18781639711e-11, 5.12752271198e-11, 4.24533776189e-11, 3.74084860311e-11, 2.61691970177e-11, 1.18065505289e-11, 2.35537023913e-11, 2.52984994065e-10, 4.49661453905e-11, 2.55924621773e-11, 2.98411365063e-11],
        "dvar2": [1.44170642091e-09, 2.9695449939e-06, 8.93203832675e-06, 2.73102591564e-06, 1.60876265909e-06, 5.37564937986e-06, 2.61738847485e-07, 3.85795502211e-08, 5.13537878888e-09, 3.16589821026e-09, 2.02391192694e-09, 6.18163464861e-10, 1.13768239274e-09, 6.71896671633e-09, 1.04737836182e-08, 7.04416862618e-08, 2.02626466717e-08, 9.43991608437e-07, 1.52980146595e-06, 3.2764208413e-07, 5.58568608033e-11, 1.23078769398e-10, 7.05589919825e-10, 2.08456407691e-09, 1.50122259068e-09, 5.26296436987e-11, 7.57196874646e-11, 3.10157788341e-10, 9.15625492093e-11, 2.4359800288e-10, 1.50308890334e-10, 1.25216628732e-10, 1.10314098134e-10, 7.70238317571e-11, 3.35170814714e-11, 6.91298268629e-11, 7.56719964468e-10, 1.33282926362e-10, 7.62934229681e-11, 8.94471233193e-11],
        "max": [0.000187975500012, 0.0077597014606, 0.0124199772254, 0.00997191946954, 0.00500149652362, 0.00931975711137, 0.00187813933007, 0.000660089950543, 0.000278139457805, 0.00029004222597, 0.000182489486178, 0.000129075968289, 0.000163777251146, 0.000410565960919, 0.000490036269184, 0.00189553713426, 0.00153426954057, 0.00832218490541, 0.00928269419819, 0.00469356309623, 5.70752854401e-05, 5.95977871853e-05, 0.000140640346217, 0.00023428699933, 0.000200545880944, 2.99676848954e-05, 4.52320891782e-05, 9.11652678042e-05, 4.9423539167e-05, 8.12060752651e-05, 6.56182237435e-05, 5.92565629631e-05, 5.54848011234e-05, 4.65237753815e-05, 3.21849474858e-05, 4.41452830273e-05, 0.000140705014928, 6.03726075497e-05, 4.50572078989e-05, 4.82237010146e-05],
        "mean": [2.76587161352e-05, 0.000429202627856, 0.0014935657382, 0.00101547816303, 0.000929933681618, 0.00107995222788, 0.000305896304781, 0.000111115848995, 4.85996752104e-05, 3.20949839079e-05, 2.59108892351e-05, 9.69305528997e-06, 1.17876206787e-05, 2.28961325774e-05, 2.72995966952e-05, 5.96858481003e-05, 7.16791691957e-05, 0.000143746379763, 0.000214114887058, 6.4613923314e-05, 3.18782940667e-06, 1.56115856953e-06, 1.79667176781e-06, 2.61811533164e-06, 2.57481042354e-06, 1.33411276693e-06, 1.17089393825e-06, 1.13450005301e-06, 7.31479076421e-07, 8.47448120567e-07, 6.87956969614e-07, 6.44544968509e-07, 5.64101469536e-07, 5.38898689229e-07, 5.41002350474e-07, 6.45108400477e-07, 1.26510462906e-06, 6.74210980378e-07, 5.08019923018e-07, 4.67695087991e-07],
        "median": [1.58757611644e-05, 4.97325236211e-05, 0.000713336514309, 0.00061608053511, 0.000515966676176, 0.00059917132603, 0.000172328247572, 6.46446133032e-05, 3.1893432606e-05, 1.94457297766e-05, 1.41019800139e-05, 5.15953752256e-06, 5.85304132983e-06, 8.11604695627e-06, 5.04144418301e-06, 4.59645571027e-06, 4.0781910684e-06, 2.67220821115e-06, 9.9090027561e-07, 8.81096809735e-07, 8.58182204411e-07, 5.5667834431e-07, 3.41240280477e-07, 3.67372990695e-07, 3.32458768071e-07, 2.61191217987e-07, 2.04773471069e-07, 1.97243423372e-07, 2.02974959507e-07, 1.47985986132e-07, 9.39486000107e-08, 7.50411075501e-08, 7.76343540565e-08, 9.28632175601e-08, 8.83000836893e-08, 9.7858325887e-08, 1.2261470772e-07, 1.25050263478e-07, 1.09319728381e-07, 7.1843729188e-08],
        "min": [8.04805836196e-07, 2.04261232284e-06, 7.9173632912e-06, 8.80578045326e-06, 4.73831423733e-05, 2.17669185076e-05, 5.1452311709e-06, 1.22898563859e-06, 1.0214462236e-06, 6.03822115863e-07, 7.07012645762e-07, 4.03303289431e-07, 7.25113011413e-07, 5.85508018958e-07, 2.94555292157e-07, 2.43787013687e-07, 2.32719528981e-07, 9.59018393587e-08, 2.84040915233e-08, 6.75930067473e-08, 5.42856994912e-08, 5.31088346634e-08, 5.33679163084e-08, 3.97502866178e-08, 3.70530806038e-08, 2.69016293686e-08, 1.59815893852e-08, 2.3640529534e-08, 2.68437805317e-08, 1.71626286516e-08, 1.8180084993e-08, 1.57267248113e-08, 1.54228434468e-08, 1.38280178419e-08, 9.79959668967e-09, 9.72028413315e-09, 4.54769155667e-09, 1.00834078864e-08, 1.17990452964e-08, 1.15082912089e-08],
        "var": [1.03920139161e-09, 1.14900410608e-06, 3.87244199374e-06, 1.91629419533e-06, 9.55757059273e-07, 1.82930546089e-06, 1.10036438628e-07, 1.56541304364e-08, 2.76739098304e-09, 1.57741608664e-09, 1.06279451906e-09, 1.92432389468e-10, 3.48454709531e-10, 2.20610152368e-09, 4.16923162661e-09, 3.91523826693e-08, 4.72314596323e-08, 6.06748358223e-07, 1.14156171094e-06, 1.95816468818e-07, 6.10231934428e-11, 2.52559292924e-11, 1.30245855767e-10, 3.63534952141e-10, 2.67458805103e-10, 1.46206224211e-11, 1.76307527605e-11, 5.48133899381e-11, 1.61781508329e-11, 4.32751022517e-11, 2.84524608735e-11, 2.31887894303e-11, 2.02604651806e-11, 1.43104634046e-11, 7.26966967526e-12, 1.3454961971e-11, 1.30378985386e-10, 2.39711289013e-11, 1.34343838137e-11, 1.52727188535e-11]
    },
    "mfcc": {
        "mean": [-713.881652832, 144.991043091, 27.8909873962, 3.23785805702, 4.66992759705, -3.68271255493, -11.0653858185, -21.7303676605, -22.1996650696, -7.76758289337, -8.97582626343, -5.57835912704, -8.73366355896],
        "cov": [[2670.04492188, -312.018005371, -501.794799805, 86.3886947632, 134.840209961, 224.554428101, -121.722579956, -178.62020874, -79.9583587646, 136.873580933, -57.2395973206, -245.184844971, -105.634719849], [-312.018005371, 627.201538086, 75.5746688843, -10.9624938965, -2.64232993126, 54.37134552, 17.3272972107, -70.326210022, -22.1490020752, -10.3536720276, 19.517118454, -18.5233879089, -75.3329772949], [-501.794799805, 75.5746688843, 448.770721436, -28.9736919403, -124.574195862, -149.315200806, 74.4354782104, 120.943336487, -12.9509305954, -82.6084213257, -12.9647912979, 99.9362640381, 13.4117231369], [86.3886947632, -10.9624938965, -28.9736919403, 248.597106934, 145.937072754, 63.5244216919, 3.05731534958, 44.4439697266, 89.5630722046, 37.8626594543, -86.1707305908, -58.6762123108, 71.9328308105], [134.840209961, -2.64232993126, -124.574195862, 145.937072754, 213.849197388, 116.057106018, -27.5202827454, -24.7570972443, 59.1594810486, 89.7249221802, -33.2368354797, -74.0311431885, 27.6176071167], [224.554428101, 54.37134552, -149.315200806, 63.5244216919, 116.057106018, 166.759399414, 4.93773508072, -64.9953384399, -8.55810165405, 51.8470916748, 0.922648906708, -46.9187660217, -11.0757389069], [-121.722579956, 17.3272972107, 74.4354782104, 3.05731534958, -27.5202827454, 4.93773508072, 89.4138717651, 55.330619812, -24.170337677, -47.4990959167, -0.0176190249622, 41.7505302429, 2.56665945053], [-178.62020874, -70.326210022, 120.943336487, 44.4439697266, -24.7570972443, -64.9953384399, 55.330619812, 153.158782959, 33.8349342346, -62.2952461243, -46.2355117798, 48.6443824768, 44.6758003235], [-79.9583587646, -22.1490020752, -12.9509305954, 89.5630722046, 59.1594810486, -8.55810165405, -24.170337677, 33.8349342346, 113.844802856, 38.0625724792, -53.7209358215, -31.561164856, 64.4862518311], [136.873580933, -10.3536720276, -82.6084213257, 37.8626594543, 89.7249221802, 51.8470916748, -47.4990959167, -62.2952461243, 38.0625724792, 121.137237549, 12.7494478226, -66.7155151367, 5.30668640137], [-57.2395973206, 19.517118454, -12.9647912979, -86.1707305908, -33.2368354797, 0.922648906708, -0.0176190249622, -46.2355117798, -53.7209358215, 12.7494478226, 110.817893982, 36.0160369873, -60.0660667419], [-245.184844971, -18.5233879089, 99.9362640381, -58.6762123108, -74.0311431885, -46.9187660217, 41.7505302429, 48.6443824768, -31.561164856, -66.7155151367, 36.0160369873, 117.707748413, 7.21436786652], [-105.634719849, -75.3329772949, 13.4117231369, 71.9328308105, 27.6176071167, -11.0757389069, 2.56665945053, 44.6758003235, 64.4862518311, 5.30668640137, -60.0660667419, 7.21436786652, 115.094429016]],
