{
"lowlevel": {
    "average_loudness": 0.772693574429,
    "barkbands_crest": {
        "dmean": 2.92353892326,
        "dmean2": 4.81450176239,
        "dvar": 6.14432954788,
        "dvar2": 16.0761013031,
        "max": 21.0389881134,
        "mean": 8.89041423798,
        "median": 8.56711483002,
        "min": 2.55566883087,
        "var": 15.3597478867
    },
    "barkbands_flatness_db": {
        "dmean": 0.0198106728494,
        "dmean2": 0.0304430965334,
        "dvar": 0.000280907377601,
        "dvar2": 0.000756096036639,
        "max": 0.218003600836,
        "mean": 0.0971264615655,
        "median": 0.0910075977445,
        "min": 0.0279101543128,
        "var": 0.00162757292856
    },
    "barkbands_kurtosis": {
        "dmean": 3.01640892029,
        "dmean2": 4.7624707222,
        "dvar": 26.4210014343,
        "dvar2": 63.4835243225,
        "max": 56.8107566833,
        "mean": 4.45846605301,
        "median": 1.94827747345,
        "min": -1.62359368801,
        "var": 62.3726005554
    },
    "barkbands_skewness": {
        "dmean": 0.525746464729,
        "dmean2": 0.813847482204,
        "dvar": 0.273877024651,
        "dvar2": 0.62713688612,
        "max": 6.35473203659,
        "mean": 1.60535371304,
        "median": 1.49186933041,
        "min": -0.902037024498,
        "var": 1.51794970036
    },
    "barkbands_spread": {
        "dmean": 8.91633605957,
        "dmean2": 14.0269184113,
        "dvar": 97.8633117676,
        "dvar2": 208.154785156,
        "max": 125.105445862,
        "mean": 39.2112312317,
        "median": 28.7768535614,
        "min": 3.2120718956,
        "var": 824.43927002
    },
    "dissonance": {
        "dmean": 0.0164358783513,
        "dmean2": 0.0281008984894,
        "dvar": 0.000259818916675,
        "dvar2": 0.000687138584908,
        "max": 0.499486386776,
        "mean": 0.469904363155,
        "median": 0.474992901087,
        "min": 0.356509774923,
        "var": 0.00047092809109
    },
    "dynamic_complexity": 9.66351413727,
    "erbbands_crest": {
        "dmean": 2.62265896797,
        "dmean2": 4.18992090225,
        "dvar": 5.80381917953,
        "dvar2": 13.1534233093,
        "max": 23.5403556824,
        "mean": 7.70395755768,
        "median": 6.64183712006,
        "min": 2.92826700211,
        "var": 13.2265052795
    },
    "erbbands_flatness_db": {
        "dmean": 0.0145180271938,
        "dmean2": 0.0216741636395,
        "dvar": 0.000172410422238,
        "dvar2": 0.000360970268957,
        "max": 0.317642599344,
        "mean": 0.123699679971,
        "median": 0.125349387527,
        "min": 0.0295159388334,
        "var": 0.0027895278763
    },
    "erbbands_kurtosis": {
        "dmean": 0.913138568401,
        "dmean2": 1.45969521999,
        "dvar": 1.08379435539,
        "dvar2": 2.88980698586,
        "max": 9.97308731079,
        "mean": 0.789046168327,
        "median": 0.0924174785614,
        "min": -1.40452754498,
        "var": 4.34717226028
    },
    "erbbands_skewness": {
        "dmean": 0.373286366463,
        "dmean2": 0.579305410385,
        "dvar": 0.101120203733,
        "dvar2": 0.24579192698,
        "max": 2.57842278481,
        "mean": 0.652868688107,
        "median": 0.635900199413,
        "min": -0.760560870171,
        "var": 0.566371202469
    },
    "erbbands_spread": {
        "dmean": 6.288585186,
        "dmean2": 9.90671825409,
        "dvar": 40.1270751953,
        "dvar2": 87.3806838989,
        "max": 102.783760071,
        "mean": 39.590385437,
        "median": 38.8274230957,
        "min": 3.76167654991,
        "var": 341.984344482
    },
    "hfc": {
        "dmean": 9.06802272797,
        "dmean2": 9.76136684418,
        "dvar": 2441.1784668,
        "dvar2": 3118.58764648,
        "max": 906.221557617,
        "mean": 17.9668502808,
        "median": 1.75594043732,
        "min": 0.643959224224,
        "var": 7203.21435547
    },
    "melbands_crest": {
        "dmean": 3.58065128326,
        "dmean2": 5.89407777786,
        "dvar": 8.99775123596,
        "dvar2": 23.2154026031,
        "max": 28.2606334686,
        "mean": 11.9174070358,
        "median": 11.4426231384,
        "min": 3.11243128777,
        "var": 23.521987915
    },
    "melbands_flatness_db": {
        "dmean": 0.022376511246,
        "dmean2": 0.0340368188918,
        "dvar": 0.000365988409612,
        "dvar2": 0.000922015751712,
        "max": 0.326686054468,
        "mean": 0.169532716274,
        "median": 0.169649735093,
        "min": 0.040839549154,
        "var": 0.003693951061
    },
    "melbands_kurtosis": {
        "dmean": 5.36409950256,
        "dmean2": 8.57238769531,
        "dvar": 39.3479614258,
        "dvar2": 103.054740906,
        "max": 59.6964073181,
        "mean": 11.8855810165,
        "median": 10.7549238205,
        "min": -1.07081401348,
        "var": 101.368728638
    },
    "melbands_skewness": {
        "dmean": 0.573317229748,
        "dmean2": 0.914949476719,
        "dvar": 0.305583000183,
        "dvar2": 0.74583286047,
        "max": 6.29669761658,
        "mean": 2.45644831657,
        "median": 2.65028762817,
        "min": -0.674540162086,
        "var": 1.58880090714
    },
    "melbands_spread": {
        "dmean": 5.54625177383,
        "dmean2": 8.68904685974,
        "dvar": 42.8752059937,
        "dvar2": 98.5115585327,
        "max": 81.6872253418,
        "mean": 21.6293563843,
        "median": 15.3590154648,
        "min": 2.58637022972,
        "var": 275.567382812
    },
    "pitch_salience": {
        "dmean": 0.0841372534633,
        "dmean2": 0.140340611339,
        "dvar": 0.0052268509753,
        "dvar2": 0.014052961953,
        "max": 0.854759991169,
        "mean": 0.666233181953,
        "median": 0.68221360445,
        "min": 0.197225600481,
        "var": 0.00918017141521
    },
    "silence_rate_20dB": {
        "dmean": 0.00740740727633,
        "dmean2": 0.0148698883131,
        "dvar": 0.00735252723098,
        "dvar2": 0.0146487457678,
        "max": 1,
        "mean": 0.992619931698,
        "median": 1,
        "min": 0,
        "var": 0.00732561247423
    },
    "silence_rate_30dB": {
        "dmean": 0.00740740727633,
        "dmean2": 0.0148698883131,
        "dvar": 0.00735252769664,
        "dvar2": 0.0146487457678,
        "max": 1,
        "mean": 0.981549799442,
        "median": 1,
        "min": 0,
        "var": 0.0181097891182
    },
    "silence_rate_60dB": {
        "dmean": 0.0851851850748,
        "dmean2": 0.167286247015,
        "dvar": 0.0779290124774,
        "dvar2": 0.17647626996,
        "max": 1,
        "mean": 0.634686350822,
        "median": 1,
        "min": 0,
        "var": 0.23185941577
    },
    "spectral_centroid": {
        "dmean": 216.211227417,
        "dmean2": 333.707763672,
        "dvar": 56760.8007812,
        "dvar2": 148607.3125,
        "max": 3138.4440918,
        "mean": 1221.45117188,
        "median": 970.361816406,
        "min": 369.752868652,
        "var": 456076.375
    },
    "spectral_complexity": {
        "dmean": 2.73333334923,
        "dmean2": 3.30483269691,
        "dvar": 28.3437042236,
        "dvar2": 32.5613327026,
        "max": 61,
        "mean": 10.4612550735,
        "median": 3,
        "min": 0,
        "var": 239.045608521
    },
    "spectral_decrease": {
        "dmean": 1.45185974354e-09,
        "dmean2": 1.88920012967e-09,
        "dvar": 6.96943738259e-17,
        "dvar2": 1.50266066828e-16,
        "max": -6.77344812183e-12,
        "mean": -2.42583864107e-09,
        "median": -3.24642590588e-10,
        "min": -1.32064613467e-07,
        "var": 1.03535808376e-16
    },
    "spectral_energy": {
        "dmean": 0.00611455412582,
        "dmean2": 0.00776041764766,
        "dvar": 0.00122933415696,
        "dvar2": 0.00252303644083,
        "max": 0.560350179672,
        "mean": 0.0107853189111,
        "median": 0.0013937947806,
        "min": 0.000104065795313,
        "var": 0.00206683855504
    },
    "spectral_energyband_high": {
        "dmean": 0.000632134499028,
        "dmean2": 0.000605599256232,
        "dvar": 1.36913113238e-05,
        "dvar2": 1.62413070939e-05,
        "max": 0.0715145990252,
        "mean": 0.00111106876284,
        "median": 3.57690587407e-05,
        "min": 2.53029647865e-05,
        "var": 4.23198289354e-05
    },
    "spectral_energyband_low": {
        "dmean": 0.00176217197441,
        "dmean2": 0.00281634670682,
        "dvar": 0.000244134440436,
        "dvar2": 0.000598157464992,
        "max": 0.217505186796,
        "mean": 0.00132183462847,
        "median": 3.74644041585e-05,
        "min": 4.56856014353e-06,
        "var": 0.000198196328711
    },
    "spectral_energyband_middle_high": {
        "dmean": 0.00217771809548,
        "dmean2": 0.00269041629508,
        "dvar": 0.000126546437968,
        "dvar2": 0.000195397529751,
        "max": 0.182843476534,
        "mean": 0.00423258543015,
        "median": 0.000169859034941,
        "min": 4.43808994532e-06,
        "var": 0.000326797598973
    },
    "spectral_energyband_middle_low": {
        "dmean": 0.00354166398756,
        "dmean2": 0.00528667401522,
        "dvar": 0.000391283392673,
        "dvar2": 0.000917259661946,
        "max": 0.297125458717,
        "mean": 0.00507179228589,
        "median": 0.000869900395628,
        "min": 2.01571347134e-05,
        "var": 0.000418455194449
    },
    "spectral_entropy": {
        "dmean": 0.130850806832,
        "dmean2": 0.204082146287,
        "dvar": 0.0150951473042,
        "dvar2": 0.0334970057011,
        "max": 8.54430389404,
        "mean": 7.75116825104,
        "median": 7.86648416519,
        "min": 6.4938621521,
        "var": 0.186449274421
    },
    "spectral_flux": {
        "dmean": 0.0120195578784,
        "dmean2": 0.0178397875279,
        "dvar": 0.00115421495866,
        "dvar2": 0.00231690239161,
        "max": 0.598211944103,
        "mean": 0.0410326942801,
        "median": 0.0205593146384,
        "min": 0.00622410979122,
        "var": 0.00378760718741
    },
    "spectral_kurtosis": {
        "dmean": 1.13872206211,
        "dmean2": 1.83950185776,
        "dvar": 1.63600373268,
        "dvar2": 3.70823669434,
        "max": 26.710477829,
        "mean": 8.54112434387,
        "median": 7.28429412842,
        "min": 2.72264671326,
        "var": 23.6862773895
    },
    "spectral_rms": {
        "dmean": 0.000487815996166,
        "dmean2": 0.000605470209848,
        "dvar": 1.62794265179e-06,
        "dvar2": 2.52180757343e-06,
        "max": 0.0233812555671,
        "mean": 0.00198897416703,
        "median": 0.00116610457189,
        "min": 0.00031863397453,
        "var": 6.56624479234e-06
    },
    "spectral_rolloff": {
        "dmean": 2180.35742188,
        "dmean2": 3838.19311523,
        "dvar": 19269588,
        "dvar2": 47825260,
        "max": 20542.6757812,
        "mean": 5620.96240234,
        "median": 2196.38671875,
        "min": 322.998046875,
        "var": 50223568
    },
    "spectral_skewness": {
        "dmean": 0.152096137404,
        "dmean2": 0.241699382663,
        "dvar": 0.0257065035403,
        "dvar2": 0.0583041086793,
        "max": 4.12721538544,
        "mean": 2.20131230354,
        "median": 2.11010146141,
        "min": 1.13813400269,
        "var": 0.429099738598
    },
    "spectral_spread": {
        "dmean": 468999.96875,
        "dmean2": 700542.4375,
        "dvar": 669206970368,
        "dvar2": 814120566784,
        "max": 14709527,
        "mean": 6021909.5,
        "median": 5028221.5,
        "min": 2005155.75,
        "var": 6.10610446336e+12
    },
    "spectral_strongpeak": {
        "dmean": 0.266875177622,
        "dmean2": 0.450934737921,
        "dvar": 0.530406534672,
        "dvar2": 1.5940117836,
        "max": 8.8457775116,
        "mean": 0.396966010332,
        "median": 0.205496490002,
        "min": 0,
        "var": 0.523654341698
    },
    "zerocrossingrate": {
        "dmean": 0.0248806420714,
        "dmean2": 0.0311537962407,
        "dvar": 0.000678957207128,
        "dvar2": 0.00128081708681,
        "max": 0.42333984375,
        "mean": 0.158365279436,
        "median": 0.13525390625,
        "min": 0.02294921875,
        "var": 0.00749508384615
    },
    "barkbands": {
        "dmean": [6.02732179686e-05, 8.36662638903e-06, 0.000456107023638, 0.00188421236817, 0.000543275440577, 0.000791513361037, 0.000442844087956, 0.000220369940507, 0.00030276022153, 0.000266595219728, 0.000205037955311, 0.000378133583581, 0.000181563082151, 0.000341038859915, 0.000313273689244, 0.000316431454848, 0.000218406799831, 0.000263871683273, 0.000320118793752, 0.000273877783911, 0.000156250127475, 7.91997663327e-05, 5.93014810875e-05, 7.0999165473e-05, 7.38076269045e-05, 2.19265311898e-05, 4.02074056183e-06],
        "dmean2": [0.000104375329101, 1.44683999679e-05, 0.000719428062439, 0.00298421387561, 0.000838929961901, 0.0011399773648, 0.000785559823271, 0.000366264110198, 0.000503996212501, 0.000462242460344, 0.000328077090671, 0.000484577496536, 0.000285009969957, 0.00053446990205, 0.000511093181558, 0.000411964254454, 0.000380304903956, 0.000400332879508, 0.000357407378033, 0.000403234938858, 0.000180400573299, 9.08481524675e-05, 6.61687736283e-05, 7.36745496397e-05, 7.75178705226e-05, 2.25028416025e-05, 6.42664463157e-06],
        "dvar": [2.87346657579e-09, 5.40414879513e-10, 1.53725268319e-05, 0.000276356528047, 3.29315321324e-06, 2.55023019236e-06, 3.23034760186e-06, 3.20661769138e-07, 8.85334088707e-07, 8.06858452052e-07, 9.13536496228e-07, 2.49812478614e-06, 7.72765474721e-07, 3.1720824154e-06, 3.83510268875e-06, 2.44143802774e-06, 1.96240466721e-06, 2.35662969317e-06, 2.76583841696e-06, 3.07747677653e-06, 7.6227684076e-07, 2.16829249666e-07, 1.31960661065e-07, 2.03923804065e-07, 2.29430426657e-07, 2.18220215231e-08, 4.67576914687e-11],
        "dvar2": [7.33170635314e-09, 1.54497337146e-09, 3.73048133042e-05, 0.000675061601214, 6.99895645084e-06, 5.34621085535e-06, 9.39810524869e-06, 8.56358838064e-07, 2.28298358707e-06, 2.34286994782e-06, 2.1277974156e-06, 3.39322355103e-06, 1.41340387927e-06, 8.08499316918e-06, 8.23227492219e-06, 4.27104851042e-06, 3.99764849135e-06, 4.94170717502e-06, 3.31069395543e-06, 5.26742223883e-06, 9.90271018964e-07, 3.19149989991e-07, 2.17211820086e-07, 2.6407826681e-07, 2.84576231024e-07, 3.30803580084e-08, 6.81297310234e-11],
        "max": [0.000304098182824, 0.000258055632003, 0.0552394427359, 0.23361441493, 0.0207879245281, 0.0180174559355, 0.0215203799307, 0.00465568946674, 0.0114122945815, 0.00764610152692, 0.0180340409279, 0.0265744291246, 0.0134626235813, 0.0240531824529, 0.0287089589983, 0.0286067910492, 0.0193722974509, 0.0260110702366, 0.0300207901746, 0.0291343331337, 0.0162408873439, 0.00889035966247, 0.00681903678924, 0.00832591112703, 0.00887917447835, 0.00267755193636, 0.000139188268804],
        "mean": [5.40423825441e-05, 9.5707600849e-06, 0.000335867283866, 0.00144319888204, 0.000920301070437, 0.00120385293849, 0.00064070452936, 0.000356701202691, 0.000370091205696, 0.000307193724439, 0.000324520922732, 0.000578132516239, 0.000294801429845, 0.000370163819753, 0.000434069283074, 0.000480410963064, 0.000373695831513, 0.000413371715695, 0.000540432520211, 0.000517186592333, 0.000298121332889, 0.000129795022076, 8.85195549927e-05, 0.000114582202514, 0.000112550100312, 2.86579670501e-05, 2.85567348328e-05],
        "median": [3.68175424228e-05, 6.33810441286e-06, 5.82764278079e-06, 1.48685994645e-05, 0.000194791675312, 0.000319891289109, 9.71617992036e-05, 3.45535590895e-05, 3.62458304153e-05, 2.25483181566e-05, 1.46881347973e-05, 2.56572729995e-05, 1.39422700158e-05, 1.09718175736e-05, 1.0135593584e-05, 9.02498504729e-06, 6.33837316855e-06, 4.67716245112e-06, 6.44786359771e-06, 4.16421380578e-06, 1.68963742908e-06, 1.01852754142e-06, 1.26807003653e-06, 1.747114311e-06, 1.88920296296e-06, 2.47962930189e-06, 2.7510943255e-05],
        "min": [2.66433914931e-07, 5.57973237392e-07, 8.11688778413e-08, 4.09062209883e-07, 2.47039406531e-06, 2.67964924205e-06, 1.62598087172e-06, 3.76480414843e-07, 4.40850811856e-07, 2.95050512022e-07, 2.49682443609e-07, 1.76324775225e-07, 1.20448333973e-07, 1.98513717464e-07, 2.07840557209e-07, 2.29375416438e-07, 1.85351382243e-07, 2.63023338221e-07, 2.67239329332e-07, 2.54002912925e-07, 2.96040894909e-07, 2.58359364125e-07, 2.85683796619e-07, 6.69585801916e-07, 8.14823863493e-07, 1.03707827748e-06, 8.36906963286e-07],
        "var": [2.86472379152e-09, 3.3539648836e-10, 1.26363947857e-05, 0.000228994860663, 5.40497148904e-06, 5.24493725607e-06, 4.02666137234e-06, 7.01775093148e-07, 9.6097221558e-07, 7.22945969756e-07, 2.03142349164e-06, 5.49987089471e-06, 1.42556621086e-06, 3.37980350196e-06, 5.84505278312e-06, 5.46756518816e-06, 3.46206138602e-06, 4.965572316e-06, 8.05155286798e-06, 8.60833279148e-06, 2.63162860392e-06, 5.79856362037e-07, 2.98016175293e-07, 5.55601388896e-07, 5.83028736401e-07, 4.11389180499e-08, 1.05610103995e-10]
    },
    "erbbands": {
        "dmean": [0.000505573174451, 0.00567001337186, 0.329143851995, 4.4355802536, 2.91709017754, 1.40675091743, 5.75612640381, 5.67557287216, 4.84837150574, 9.02860927582, 4.22902107239, 6.56361341476, 9.16673946381, 8.00225543976, 10.2260313034, 15.9893627167, 9.55681419373, 15.9293365479, 17.8887042999, 15.2364873886, 16.9981746674, 12.1622056961, 14.2721843719, 16.2223815918, 14.8885412216, 13.1698980331, 9.15807151794, 4.76619720459, 3.46440005302, 1.70111548901, 1.67049515247, 1.24324250221, 1.29903697968, 1.01369416714, 0.446110874414, 0.184613883495, 0.0190220028162, 0.00247929128818, 0.000537049432751, 8.49942080094e-05],
        "dmean2": [0.000822006899398, 0.00842532329261, 0.51558303833, 7.07592439651, 4.54435396194, 2.38310027122, 8.22359085083, 8.42370510101, 8.13935089111, 16.2524013519, 6.51524448395, 10.9914999008, 15.4837255478, 12.9209880829, 17.0768413544, 18.7063579559, 13.5474290848, 24.7013130188, 29.6823787689, 25.1887607574, 19.1672744751, 19.1269321442, 23.3730487823, 23.7324962616, 15.7200078964, 18.3550758362, 13.4986562729, 4.98958015442, 4.26026678085, 1.8855856657, 1.84727811813, 1.51609647274, 1.34527647495, 0.968430519104, 0.551055371761, 0.177249908447, 0.0189619790763, 0.00300739123486, 0.000808152195532, 0.000139764830237],
        "dvar": [1.00742852283e-06, 0.00123479601461, 7.87209749222, 1564.60253906, 325.605041504, 19.7513847351, 332.132110596, 125.615333557, 195.565292358, 1548.65600586, 137.320419312, 542.061523438, 696.546142578, 1337.5255127, 1327.42712402, 5596.14111328, 1965.50415039, 6894.54394531, 11917.5986328, 7199.33984375, 6779.83740234, 5703.43164062, 7153.57275391, 9035.46484375, 6123.30126953, 6419.35449219, 4274.80810547, 664.10534668, 467.832305908, 100.859870911, 107.850166321, 62.6988945007, 68.9552078247, 43.6283721924, 9.03305625916, 1.55900251865, 0.0140388775617, 0.000126332888613, 1.47914727222e-06, 1.44021718995e-08],
        "dvar2": [2.12186819226e-06, 0.00264802458696, 18.9730434418, 3834.20678711, 745.460083008, 48.0322380066, 686.316345215, 250.31262207, 550.372131348, 4493.31494141, 338.22958374, 1497.63891602, 1861.49255371, 3735.27807617, 3648.30664062, 8498.984375, 3423.76855469, 17005.6933594, 29195.7636719, 14663.0058594, 10337.3076172, 10283.8388672, 17929.6523438, 16179.2304688, 8326.64746094, 8976.13867188, 8026.29833984, 574.315368652, 830.608947754, 114.467460632, 177.212188721, 75.4122161865, 93.0314559937, 63.7721099854, 11.896033287, 2.18027377129, 0.0175912156701, 0.000152037842781, 2.17226283894e-06, 2.51008458463e-08],
        "max": [0.0152228632942, 0.541176080704, 39.7956008911, 551.893981934, 272.427062988, 43.8384742737, 221.032363892, 165.242523193, 211.493789673, 460.889953613, 121.682868958, 279.387756348, 231.263748169, 488.655700684, 491.27633667, 1307.13085938, 740.500061035, 1147.48278809, 1559.42468262, 1274.73669434, 1533.65576172, 1165.66625977, 1379.65185547, 1501.6060791, 1495.74157715, 1387.20288086, 991.912109375, 505.067810059, 392.993560791, 192.485992432, 191.892547607, 141.939498901, 153.363571167, 124.088546753, 52.4580841064, 22.7765274048, 2.21115899086, 0.214275956154, 0.0231088772416, 0.00217872671783],
        "mean": [0.000618265185039, 0.00513517484069, 0.247466653585, 3.36875534058, 3.59765458107, 2.12167811394, 7.88672494888, 8.5221414566, 7.22188282013, 11.926700592, 8.07813453674, 7.75028991699, 11.8172626495, 11.4256658554, 14.9596805573, 22.7286148071, 14.8944292068, 18.8385257721, 22.0374393463, 21.9858951569, 25.5264778137, 21.876909256, 21.5090408325, 28.0947856903, 24.0050945282, 24.7233829498, 16.933637619, 9.20734596252, 5.21446323395, 3.07909750938, 2.44683623314, 2.16331768036, 2.00907230377, 1.40198659897, 0.727314174175, 0.239596128464, 0.0293053854257, 0.0074611986056, 0.00324553740211, 0.0005651548272],
        "median": [0.000394995877286, 0.00104201212525, 0.00589827634394, 0.0423803366721, 0.247203364968, 0.450350105762, 0.503403782845, 2.40096282959, 1.85315918922, 1.19829654694, 0.715284824371, 0.711327075958, 1.20406866074, 0.43978407979, 0.728497087955, 0.957458615303, 0.670699417591, 0.648627460003, 0.563106417656, 0.44317188859, 0.533156394958, 0.351035177708, 0.266893804073, 0.32308319211, 0.330201625824, 0.185425922275, 0.098735332489, 0.0562753342092, 0.0378361456096, 0.0351749882102, 0.0362694114447, 0.0333478190005, 0.0307390410453, 0.0214100833982, 0.0125122852623, 0.00603432068601, 0.00480939215049, 0.00510294456035, 0.00301388395019, 0.000551635748707],
        "min": [3.35658733093e-05, 0.000110459972348, 0.000243331480306, 0.00171500374563, 0.00420293305069, 0.0077157644555, 0.00952236261219, 0.0264274645597, 0.0344788171351, 0.0196249838918, 0.0138713875785, 0.00835423544049, 0.0152609730139, 0.00932609010488, 0.0110125094652, 0.00882826093584, 0.00531390076503, 0.0109039535746, 0.00961007922888, 0.013701852411, 0.0133780352771, 0.010947747156, 0.015098801814, 0.011991713196, 0.0149100264534, 0.0128279514611, 0.0118525093421, 0.0104870134965, 0.00909349694848, 0.00979163497686, 0.00861350912601, 0.0130778243765, 0.010638310574, 0.00831835065037, 0.00519838230684, 0.00326684187166, 0.00113224820234, 0.000237003157963, 8.62814267748e-05, 1.94808235392e-05],
        "var": [1.19381661534e-06, 0.00127358268946, 6.59306716919, 1277.40539551, 329.491607666, 28.2828769684, 483.366363525, 303.043243408, 326.356445312, 1483.38269043, 353.779876709, 503.810699463, 830.461486816, 1855.67236328, 2466.97265625, 10702.2783203, 3872.58496094, 8041.39501953, 14892.2900391, 13013.7089844, 15429.3134766, 11661.9863281, 12819.1777344, 21695.484375, 16809.5175781, 19697.59375, 9388.49707031, 2703.74755859, 983.697387695, 331.029968262, 233.949493408, 183.837722778, 177.180526733, 95.2388458252, 23.6710700989, 3.17392325401, 0.032529797405, 0.000313466705848, 3.36582593263e-06, 2.90125861113e-08]
    },
    "gfcc": {
        "mean": [-107.441421509, 42.8948287964, -93.4197616577, -18.1535243988, -50.020690918, -23.8391666412, -37.1958999634, -11.6711244583, -20.763589859, -5.45133686066, -4.80683135986, -4.26696109772, -4.57171726227],
        "cov": [[9375.375, 356.941040039, -3446.40576172, 620.951049805, -947.591247559, 43.4615364075, -641.985351562, 86.720161438, -733.508422852, -143.773086548, -380.851043701, -315.524017334, -83.9066467285], [356.941040039, 598.469665527, -109.102310181, -375.704681396, -104.959587097, -102.355484009, 3.82704615593, -61.8129692078, -80.7479324341, -88.34790802, 28.2147045135, 18.1082458496, 42.098110199], [-3446.40576172, -109.102310181, 1557.34069824, -168.507858276, 324.841674805, 13.999625206, 195.193618774, -31.3268947601, 250.627349854, 41.891078949, 93.2549819946, 95.5062942505, -8.76072025299], [620.951049805, -375.704681396, -168.507858276, 507.807189941, 62.1321754456, 39.5915260315, -107.853622437, 29.8707427979, -14.1310958862, 25.548833847, -96.8916015625, -63.5622749329, -50.6504936218], [-947.591247559, -104.959587097, 324.841674805, 62.1321754456, 224.888931274, 17.0903968811, 48.9749107361, -14.7371673584, 75.9010467529, 20.2066707611, 25.0833377838, 22.8765830994, -1.13992416859], [43.4615364075, -102.355484009, 13.999625206, 39.5915260315, 17.0903968811, 112.554122925, 31.6793937683, 35.4038124084, 3.14445900917, 23.9115352631, 4.23018693924, -4.05170440674, -14.6866474152], [-641.985351562, 3.82704615593, 195.193618774, -107.853622437, 48.9749107361, 31.6793937683, 124.372467041, 32.4431648254, 55.3514442444, 13.1454181671, 47.6920547485, 24.8010959625, 11.4158678055], [86.720161438, -61.8129692078, -31.3268947601, 29.8707427979, -14.7371673584, 35.4038124084, 32.4431648254, 61.6660881042, 18.4040184021, 16.2687587738, -2.45880866051, -10.098991394, -9.6498336792], [-733.508422852, -80.7479324341, 250.627349854, -14.1310958862, 75.9010467529, 3.14445900917, 55.3514442444, 18.4040184021, 106.128097534, 39.5144195557, 33.0213088989, 26.4525947571, 6.51420593262], [-143.773086548, -88.34790802, 41.891078949, 25.548833847, 20.2066707611, 23.9115352631, 13.1454181671, 16.2687587738, 39.5144195557, 49.8803024292, 26.0617542267, 16.1221904755, -0.016414007172], [-380.851043701, 28.2147045135, 93.2549819946, -96.8916015625, 25.0833377838, 4.23018693924, 47.6920547485, -2.45880866051, 33.0213088989, 26.0617542267, 76.3153152466, 50.1094932556, 24.1547870636], [-315.524017334, 18.1082458496, 95.5062942505, -63.5622749329, 22.8765830994, -4.05170440674, 24.8010959625, -10.098991394, 26.4525947571, 16.1221904755, 50.1094932556, 53.6201820374, 29.3933506012], [-83.9066467285, 42.098110199, -8.76072025299, -50.6504936218, -1.13992416859, -14.6866474152, 11.4158678055, -9.6498336792, 6.51420593262, -0.016414007172, 24.1547870636, 29.3933506012, 42.1365585327]],
        "icov": [[0.00464067654684, -0.00558398943394, 0.00606613745913, -0.00466644531116, 0.0056927157566, -0.00537181133404, 0.0063394876197, -0.00601874478161, 0.00811988301575, -0.00730753131211, 0.0066216676496, -0.00383902830072, 0.00328152324073], [-0.00558398943394, 0.0124651137739, -0.00702719250694, 0.00986177287996, -0.00745910452679, 0.00870656035841, -0.00583712477237, 0.00671588722616, -0.00778781296685, 0.0141923669726, -0.00936415046453, 0.00587063934654, -0.00474516954273], [0.00606613745913, -0.00702719250694, 0.00971730425954, -0.0055154110305, 0.00648636929691, -0.00739819183946, 0.00692547904328, -0.00570118846372, 0.00712801609188, -0.00767489941791, 0.0105765480548, -0.00878582429141, 0.00786651205271], [-0.00466644531116, 0.00986177287996, -0.0055154110305, 0.0128532042727, -0.00965132284909, 0.00659186998382, -0.00078027008567, 0.00178654387128, -0.00596454367042, 0.00694051804021, -0.00186798744835, 0.00370540563017, -0.00277366861701], [0.0056927157566, -0.00745910452679, 0.00648636929691, -0.00965132284909, 0.0168983135372, -0.00858220737427, 0.00366026256233, -0.000110736225906, 0.00480896700174, -0.0060376743786, 0.00486994860694, -0.00396656850353, 0.00421367259696], [-0.00537181133404, 0.00870656035841, -0.00739819183946, 0.00659186998382, -0.00858220737427, 0.0218621119857, -0.0114936837927, 0.000662569189444, 0.00014006345009, 0.000432563247159, -0.0054097562097, 0.00268062017858, -0.00114666472655], [0.0063394876197, -0.00583712477237, 0.00692547904328, -0.00078027008567, 0.00366026256233, -0.0114936837927, 0.034943189472, -0.0236149728298, 0.00661904690787, 0.000648776069283, -0.00426611676812, 0.00425088778138, -0.00136741844472], [-0.00601874478161, 0.00671588722616, -0.00570118846372, 0.00178654387128, -0.000110736225906, 0.000662569189444, -0.0236149728298, 0.0451487600803, -0.020866509527, 0.00655716611072, -0.00479750847444, 0.00657424610108, 0.000625397951808], [0.00811988301575, -0.00778781296685, 0.00712801609188, -0.00596454367042, 0.00480896700174, 0.00014006345009, 0.00661904690787, -0.020866509527, 0.048354614526, -0.0348538421094, 0.0162718910724, -0.00689424388111, -0.00013861800835], [-0.00730753131211, 0.0141923669726, -0.00767489941791, 0.00694051804021, -0.0060376743786, 0.000432563247159, 0.000648776069283, 0.00655716611072, -0.0348538421094, 0.070941157639, -0.0348827578127, 0.00568541977555, 0.000776095781475], [0.0066216676496, -0.00936415046453, 0.0105765480548, -0.00186798744835, 0.00486994860694, -0.0054097562097, -0.00426611676812, -0.00479750847444, 0.0162718910724, -0.0348827578127, 0.0684631019831, -0.0491624139249, 0.0133169498295], [-0.00383902830072, 0.00587063934654, -0.00878582429141, 0.00370540563017, -0.00396656850353, 0.00268062017858, 0.00425088778138, 0.00657424610108, -0.00689424388111, 0.00568541977555, -0.0491624139249, 0.084526412189, -0.0394145809114], [0.00328152324073, -0.00474516954273, 0.00786651205271, -0.00277366861701, 0.00421367259696, -0.00114666472655, -0.00136741844472, 0.000625397951808, -0.00013861800835, 0.000776095781475, 0.0133169498295, -0.0394145809114, 0.0534195266664]]
    },
    "melbands": {
        "dmean": [5.19887726114e-06, 0.000104091392132, 0.000692679081112, 0.000131519293063, 0.000160826413776, 0.000130130705656, 8.3294333308e-05, 9.01435560081e-05, 3.00103874906e-05, 4.50633051514e-05, 4.49382059742e-05, 3.22337618854e-05, 3.05863977701e-05, 3.59009645763e-05, 4.13178640883e-05, 1.56757851073e-05, 3.10598661599e-05, 2.9622891816e-05, 2.05365558941e-05, 2.31850917771e-05, 1.91119706869e-05, 1.37190481837e-05, 1.02917911136e-05, 1.58041402756e-05, 1.40490601552e-05, 1.18274074339e-05, 9.98963150778e-06, 9.47871649259e-06, 7.52704545448e-06, 3.17842000186e-06, 2.5236233796e-06, 2.12607506e-06, 1.21818015941e-06, 8.81931782715e-07, 9.55794121182e-07, 9.21277887755e-07, 7.21486230759e-07, 8.14305678887e-07, 1.12270197405e-06, 7.2944214935e-07],
        "dmean2": [9.00217128219e-06, 0.000163090808201, 0.00109555514064, 0.000193560292246, 0.000229939178098, 0.00019744662859, 0.000138473202242, 0.000162018855917, 4.74940170534e-05, 7.55020155339e-05, 7.57690577302e-05, 5.21648762515e-05, 5.04740928591e-05, 5.24423376191e-05, 5.16866020916e-05, 2.60531396634e-05, 4.86038807139e-05, 4.97918372275e-05, 3.34032556566e-05, 3.58281904482e-05, 2.20403762796e-05, 2.39225519181e-05, 1.21977500385e-05, 2.77775907307e-05, 2.1417878088e-05, 1.48036460814e-05, 1.40773590829e-05, 1.17855170174e-05, 1.15376096801e-05, 4.0848599383e-06, 2.49975755651e-06, 2.59650619228e-06, 1.54039230438e-06, 9.76556293608e-07, 1.0799735719e-06, 1.30690318656e-06, 7.28541351691e-07, 8.887942613e-07, 1.28189515181e-06, 7.65193590269e-07],
        "dvar": [4.07191468044e-11, 7.65507877531e-07, 3.56712916982e-05, 2.16100275452e-07, 2.6377534823e-07, 6.44645439252e-08, 6.42656132754e-08, 1.33514745926e-07, 8.19790102469e-09, 2.28650307577e-08, 1.64065205865e-08, 2.04870360676e-08, 1.38817073392e-08, 1.7253215745e-08, 5.51474030885e-08, 4.50371917537e-09, 2.64680792839e-08, 3.05241556475e-08, 1.456028631e-08, 1.49372869629e-08, 8.77863204352e-09, 8.23460322152e-09, 2.15664019976e-09, 1.00403063641e-08, 6.66551036588e-09, 4.01914324044e-09, 3.04507774551e-09, 3.18386095266e-09, 3.13303694099e-09, 3.6182867813e-10, 1.78903350467e-10, 1.72946559851e-10, 5.61850808933e-11, 2.55352874262e-11, 3.45695347348e-11, 3.66090907589e-11, 1.99588331973e-11, 2.59354291515e-11, 6.0589568085e-11, 2.20614481544e-11],
        "dvar2": [1.13160043835e-10, 1.83919087249e-06, 8.67838534759e-05, 4.08809597729e-07, 5.36127856776e-07, 1.33003496217e-07, 1.89568197584e-07, 3.86480706993e-07, 2.12448743042e-08, 6.14871993321e-08, 4.37948841636e-08, 5.74769352113e-08, 3.50146791561e-08, 2.79282357241e-08, 9.65479358683e-08, 9.13239617262e-09, 6.59308057038e-08, 7.7445768909e-08, 2.75780891457e-08, 3.03295273341e-08, 1.42771900968e-08, 1.62509117274e-08, 2.34529551335e-09, 2.8141364794e-08, 1.22922392265e-08, 6.98100777186e-09, 5.33814281667e-09, 3.94784382962e-09, 6.50440457051e-09, 4.54613374723e-10, 1.5236317763e-10, 3.13462755752e-10, 8.44571981795e-11, 2.8537743349e-11, 5.89061091572e-11, 5.77380435129e-11, 2.23859958348e-11, 2.9530232426e-11, 1.08462398785e-10, 2.97616549461e-11],
        "max": [5.15677675139e-05, 0.0124427275732, 0.0844540148973, 0.00710610067472, 0.00625588884577, 0.00355048757046, 0.0033177502919, 0.00424459064379, 0.000958645774517, 0.00186239439063, 0.00108579755761, 0.00180584785994, 0.00210774131119, 0.00171509932261, 0.0039463606663, 0.000885161571205, 0.00223960517906, 0.00243273959495, 0.00173626432661, 0.00202543870546, 0.00171033653896, 0.00126917031594, 0.000877429847606, 0.00148545578122, 0.00125001720153, 0.00117412034888, 0.000985377118923, 0.00100735819433, 0.000837580417283, 0.000327524496242, 0.000262031622697, 0.000237110536546, 0.000139428753755, 9.7557749541e-05, 0.000109134874947, 0.000103294856672, 8.32829027786e-05, 9.35189746087e-05, 0.000139188807225, 8.78822611412e-05],
        "mean": [6.12077155893e-06, 7.79247857281e-05, 0.000564879388548, 0.000199103378691, 0.000220085290493, 0.000199816568056, 0.000122757366626, 0.000120173150208, 5.7197696151e-05, 5.2659677749e-05, 5.73935831198e-05, 4.39814721176e-05, 4.78982110508e-05, 5.9114445321e-05, 5.3240921261e-05, 2.62185112661e-05, 3.52786082658e-05, 3.32412892021e-05, 3.1051778933e-05, 3.35281656589e-05, 2.80906097032e-05, 2.34613671637e-05, 1.83483425644e-05, 2.05769556487e-05, 2.36568830587e-05, 1.77194324351e-05, 1.59114697453e-05, 1.71321917151e-05, 1.1874336451e-05, 7.00213240634e-06, 4.67094787382e-06, 3.14110479849e-06, 2.00739555112e-06, 1.58601449129e-06, 1.37988854476e-06, 1.38599034472e-06, 1.27360021906e-06, 1.36525636663e-06, 1.42113776747e-06, 1.07886967271e-06],
        "median": [4.75806655231e-06, 2.35818924921e-06, 1.22967758216e-05, 2.37886270043e-05, 1.35803002195e-05, 5.81705644436e-05, 2.85076202999e-05, 1.10098981168e-05, 4.89608009957e-06, 5.05864136358e-06, 5.94882521909e-06, 1.75791046786e-06, 2.17827664528e-06, 2.54367000707e-06, 2.34405706578e-06, 1.2284301647e-06, 1.09327550035e-06, 8.36229787637e-07, 6.642960102e-07, 6.0459950646e-07, 5.99808060997e-07, 3.9156435605e-07, 2.59971926653e-07, 2.10291076996e-07, 2.6133673714e-07, 2.32246932796e-07, 1.93443341345e-07, 9.92466127059e-08, 6.2563010772e-08, 4.15821261868e-08, 2.86055428234e-08, 2.28898144883e-08, 1.75325816087e-08, 2.05302974621e-08, 2.02572891794e-08, 2.08143102753e-08, 2.08591970363e-08, 2.23529763588e-08, 1.97245313416e-08, 1.82571131546e-08],
        "min": [2.88529406589e-07, 7.78269608759e-08, 4.85077919166e-07, 4.25523353442e-07, 3.42087162153e-07, 5.26668202383e-07, 5.00721682783e-07, 1.39416954426e-07, 9.0677474418e-08, 5.17564657798e-08, 7.41852730357e-08, 2.81142860104e-08, 4.16397227809e-08, 2.36681767518e-08, 1.38326612387e-08, 1.4508047208e-08, 1.85331785474e-08, 1.32757191906e-08, 1.25887709146e-08, 8.64458371552e-09, 9.33751564958e-09, 9.62177182373e-09, 1.06530304578e-08, 1.16703793296e-08, 8.27328516806e-09, 9.89565407394e-09, 6.02458039012e-09, 7.4502728431e-09, 6.91806123498e-09, 6.7318213226e-09, 5.42513456381e-09, 4.96036056674e-09, 5.1287765146e-09, 4.82439510563e-09, 5.03831909526e-09, 3.99036892418e-09, 7.40971373148e-09, 7.1159349524e-09, 4.92325602508e-09, 6.91427759492e-09],
        "var": [3.44697569099e-11, 6.42240024717e-07, 2.9819952033e-05, 3.55447326683e-07, 3.88012921348e-07, 1.51819577354e-07, 9.98288243181e-08, 1.33350411602e-07, 1.75644263578e-08, 2.23200196103e-08, 1.95701890249e-08, 2.72603077889e-08, 3.26651736771e-08, 4.16618490817e-08, 8.57225188611e-08, 9.11671538262e-09, 2.96723250415e-08, 3.48852289278e-08, 2.63136925582e-08, 3.00171514311e-08, 1.82188824027e-08, 1.40821576622e-08, 7.62712115687e-09, 1.40295401962e-08, 1.54262238539e-08, 8.73196537299e-09, 7.73934516474e-09, 1.00810790826e-08, 5.20966558781e-09, 1.45779477378e-09, 7.00304592094e-10, 3.55356827297e-10, 1.45074119384e-10, 8.60493898358e-11, 7.31769714268e-11, 7.92657259274e-11, 6.33539054551e-11, 7.67565108695e-11, 1.08002558286e-10, 5.28566773683e-11]
    },
    "mfcc": {
        "mean": [-770.30267334, 113.783660889, -3.07770824432, 5.58135843277, -3.34002637863, -13.5156850815, -7.769926548, -13.1443538666, -11.3508853912, -5.76654863358, -7.26240491867, -1.62401282787, 0.0403612069786],
        "cov": [[12644.3730469, -998.951721191, -2672.60498047, -110.991317749, -725.914916992, -427.15737915, -178.729217529, -355.18270874, -268.828796387, -258.161437988, -430.449859619, -320.06237793, -325.979095459], [-998.951721191, 925.460083008, 178.344421387, -325.595916748, -138.709228516, -111.089546204, 20.6080493927, 17.6633014679, -76.056930542, -32.2465934753, -70.3400268555, -38.5719985962, 72.8636245728], [-2672.60498047, 178.344421387, 812.509460449, 44.2329559326, 161.040222168, 94.0478668213, 20.6784591675, 75.4436569214, 59.9583511353, 50.7260055542, 94.0364227295, 56.8265686035, 44.4673347473], [-110.991317749, -325.595916748, 44.2329559326, 304.945159912, 158.869537354, 61.8222732544, -34.4749832153, -11.5871286392, 43.4538612366, 0.599382400513, 32.5278701782, 15.5398616791, -61.9760360718], [-725.914916992, -138.709228516, 161.040222168, 158.869537354, 197.77532959, 94.7096481323, -0.305795162916, 8.32388496399, 35.7319564819, 7.45730304718, 44.7566604614, 32.2410545349, -14.6879634857], [-427.15737915, -111.089546204, 94.0478668213, 61.8222732544, 94.7096481323, 89.5780258179, 23.2457389832, 14.288567543, 23.1021785736, 12.6518154144, 33.0614433289, 23.716594696, 4.3828754425], [-178.729217529, 20.6080493927, 20.6784591675, -34.4749832153, -0.305795162916, 23.2457389832, 69.1026306152, 36.1154212952, 3.81206178665, 17.704372406, 6.3082408905, 1.38098526001, 26.2808113098], [-355.18270874, 17.6633014679, 75.4436569214, -11.5871286392, 8.32388496399, 14.288567543, 36.1154212952, 51.6192207336, 23.1322612762, 23.1140460968, 19.3940181732, 11.4323740005, 18.2406749725], [-268.828796387, -76.056930542, 59.9583511353, 43.4538612366, 35.7319564819, 23.1021785736, 3.81206178665, 23.1322612762, 59.8781356812, 29.2268276215, 25.3194065094, 16.4297065735, -4.22443819046], [-258.161437988, -32.2465934753, 50.7260055542, 0.599382400513, 7.45730304718, 12.6518154144, 17.704372406, 23.1140460968, 29.2268276215, 48.4490318298, 31.1149349213, 15.2820224762, 17.4177341461], [-430.449859619, -70.3400268555, 94.0364227295, 32.5278701782, 44.7566604614, 33.0614433289, 6.3082408905, 19.3940181732, 25.3194065094, 31.1149349213, 60.0810203552, 32.9212684631, 11.9798841476], [-320.06237793, -38.5719985962, 56.8265686035, 15.5398616791, 32.2410545349, 23.716594696, 1.38098526001, 11.4323740005, 16.4297065735, 15.2820224762, 32.9212684631, 41.0063705444, 19.6706066132], [-325.979095459, 72.8636245728, 44.4673347473, -61.9760360718, -14.6879634857, 4.3828754425, 26.2808113098, 18.2406749725, -4.22443819046, 17.4177341461, 11.9798841476, 19.6706066132, 62.866317749]],
