{
"lowlevel": {
    "average_loudness": 0.969584643841,
    "barkbands_crest": {
        "dmean": 3.51331186295,
        "dmean2": 6.02950572968,
        "dvar": 7.76654338837,
        "dvar2": 18.3610839844,
        "max": 25.0823135376,
        "mean": 12.7428884506,
        "median": 11.569981575,
        "min": 4.28737878799,
        "var": 21.0209903717
    },
    "barkbands_flatness_db": {
        "dmean": 0.0392199680209,
        "dmean2": 0.0676246955991,
        "dvar": 0.0010669187177,
        "dvar2": 0.00244994694367,
        "max": 0.33853033185,
        "mean": 0.177915886045,
        "median": 0.178641796112,
        "min": 0.0577710717916,
        "var": 0.00313857849687
    },
    "barkbands_kurtosis": {
        "dmean": 9.35515022278,
        "dmean2": 15.7424325943,
        "dvar": 121.333580017,
        "dvar2": 289.643127441,
        "max": 84.2608642578,
        "mean": 14.7507591248,
        "median": 8.63656425476,
        "min": -1.76897001266,
        "var": 293.383300781
    },
    "barkbands_skewness": {
        "dmean": 1.01398837566,
        "dmean2": 1.62876999378,
        "dvar": 0.850701332092,
        "dvar2": 1.98234927654,
        "max": 6.99864530563,
        "mean": 2.02652001381,
        "median": 2.39943099022,
        "min": -4.27944803238,
        "var": 5.15888261795
    },
    "barkbands_spread": {
        "dmean": 5.84497928619,
        "dmean2": 9.91676616669,
        "dvar": 52.990398407,
        "dvar2": 143.67855835,
        "max": 64.4720077515,
        "mean": 11.4285945892,
        "median": 8.38582992554,
        "min": 1.32344007492,
        "var": 87.2913131714
    },
    "dissonance": {
        "dmean": 0.0295008402318,
        "dmean2": 0.0502259284258,
        "dvar": 0.000904487504158,
        "dvar2": 0.0024669773411,
        "max": 0.499999880791,
        "mean": 0.454298704863,
        "median": 0.466649889946,
        "min": 0.28291991353,
        "var": 0.00140619440936
    },
    "dynamic_complexity": 3.59840321541,
    "erbbands_crest": {
        "dmean": 4.008436203,
        "dmean2": 6.46655225754,
        "dvar": 10.7496137619,
        "dvar2": 24.9790420532,
        "max": 29.6694602966,
        "mean": 12.2886419296,
        "median": 10.6391038895,
        "min": 3.76428151131,
        "var": 37.6274909973
    },
    "erbbands_flatness_db": {
        "dmean": 0.0332831814885,
        "dmean2": 0.0551749281585,
        "dvar": 0.000970699242316,
        "dvar2": 0.00189867976587,
        "max": 0.37041670084,
        "mean": 0.19983021915,
        "median": 0.188159257174,
        "min": 0.0910763293505,
        "var": 0.00389118446037
    },
    "erbbands_kurtosis": {
        "dmean": 4.51416540146,
        "dmean2": 7.36677503586,
        "dvar": 43.6255760193,
        "dvar2": 95.9616699219,
        "max": 60.8238983154,
        "mean": 5.6626291275,
        "median": 3.34840488434,
        "min": -1.45995020866,
        "var": 85.4112548828
    },
    "erbbands_skewness": {
        "dmean": 0.80738145113,
        "dmean2": 1.30415451527,
        "dvar": 0.64644920826,
        "dvar2": 1.48057544231,
        "max": 3.1663749218,
        "mean": 0.427408754826,
        "median": 0.955273449421,
        "min": -5.19894933701,
        "var": 3.2031648159
    },
    "erbbands_spread": {
        "dmean": 9.35391807556,
        "dmean2": 15.2413730621,
        "dvar": 115.809356689,
        "dvar2": 306.735626221,
        "max": 85.8502426147,
        "mean": 23.4836864471,
        "median": 22.3218231201,
        "min": 1.07532250881,
        "var": 217.54107666
    },
    "hfc": {
        "dmean": 6.24864864349,
        "dmean2": 8.74109268188,
        "dvar": 276.368713379,
        "dvar2": 505.20401001,
        "max": 179.67048645,
        "mean": 10.9201850891,
        "median": 2.86997914314,
        "min": 0.0766237750649,
        "var": 559.073913574
    },
    "melbands_crest": {
        "dmean": 3.93990373611,
        "dmean2": 6.60927057266,
        "dvar": 11.5065412521,
        "dvar2": 28.0292453766,
        "max": 31.9979000092,
        "mean": 15.3506422043,
        "median": 14.015130043,
        "min": 6.82382488251,
        "var": 27.0225048065
    },
    "melbands_flatness_db": {
        "dmean": 0.0466047227383,
        "dmean2": 0.0802720859647,
        "dvar": 0.00137435260694,
        "dvar2": 0.00334320752881,
        "max": 0.462796002626,
        "mean": 0.26091209054,
        "median": 0.251829952002,
        "min": 0.110633306205,
        "var": 0.00485184090212
    },
    "melbands_kurtosis": {
        "dmean": 9.32857704163,
        "dmean2": 15.8924760818,
        "dvar": 123.900772095,
        "dvar2": 293.767364502,
        "max": 84.7269973755,
        "mean": 15.437210083,
        "median": 11.3841190338,
        "min": -1.83272755146,
        "var": 259.391418457
    },
    "melbands_skewness": {
        "dmean": 0.941027164459,
        "dmean2": 1.47549390793,
        "dvar": 0.626405358315,
        "dvar2": 1.22612309456,
        "max": 7.83236885071,
        "mean": 2.34627199173,
        "median": 2.58134961128,
        "min": -4.42434358597,
        "var": 3.78062772751
    },
    "melbands_spread": {
        "dmean": 6.17208242416,
        "dmean2": 9.89748096466,
        "dvar": 57.3767433167,
        "dvar2": 141.633834839,
        "max": 67.4759063721,
        "mean": 15.8593130112,
        "median": 8.5622549057,
        "min": 1.3268352747,
        "var": 246.460662842
    },
    "pitch_salience": {
        "dmean": 0.0966112315655,
        "dmean2": 0.161077529192,
        "dvar": 0.00653525721282,
        "dvar2": 0.0170683972538,
        "max": 0.86681419611,
        "mean": 0.557707130909,
        "median": 0.583899021149,
        "min": 0.1854031533,
        "var": 0.0175656750798
    },
    "silence_rate_20dB": {
        "dmean": 0,
        "dmean2": 0,
        "dvar": 0,
        "dvar2": 0,
        "max": 1,
        "mean": 1,
        "median": 1,
        "min": 1,
        "var": 0
    },
    "silence_rate_30dB": {
        "dmean": 0,
        "dmean2": 0,
        "dvar": 0,
        "dvar2": 0,
        "max": 1,
        "mean": 1,
        "median": 1,
        "min": 1,
        "var": 0
    },
    "silence_rate_60dB": {
        "dmean": 0.138888895512,
        "dmean2": 0.273743003607,
        "dvar": 0.119599096477,
        "dvar2": 0.243500977755,
        "max": 1,
        "mean": 0.23204420507,
        "median": 0,
        "min": 0,
        "var": 0.178199648857
    },
    "spectral_centroid": {
        "dmean": 208.745513916,
        "dmean2": 334.84185791,
        "dvar": 62737.484375,
        "dvar2": 150375.875,
        "max": 2201.19140625,
        "mean": 810.479431152,
        "median": 548.233093262,
        "min": 217.42515564,
        "var": 309801.40625
    },
    "spectral_complexity": {
        "dmean": 1.6833332777,
        "dmean2": 2.72067046165,
        "dvar": 1.66083526611,
        "dvar2": 3.86610412598,
        "max": 17,
        "mean": 7.36464071274,
        "median": 7,
        "min": 0,
        "var": 7.7233915329
    },
    "spectral_decrease": {
        "dmean": 1.46611056628e-09,
        "dmean2": 2.23313545433e-09,
        "dvar": 4.97847337061e-18,
        "dvar2": 1.21707542028e-17,
        "max": -2.64176042153e-11,
        "mean": -2.78009792964e-09,
        "median": -1.62236912793e-09,
        "min": -1.9071659807e-08,
        "var": 1.01453205821e-17
    },
    "spectral_energy": {
        "dmean": 0.00608833413571,
        "dmean2": 0.00917108077556,
        "dvar": 9.15456548682e-05,
        "dvar2": 0.000212465165532,
        "max": 0.0882775560021,
        "mean": 0.0114832250401,
        "median": 0.00653026625514,
        "min": 0.000106656283606,
        "var": 0.000188214718946
    },
    "spectral_energyband_high": {
        "dmean": 6.34934767731e-05,
        "dmean2": 0.000102679601696,
        "dvar": 1.98121004047e-08,
        "dvar2": 5.60934907412e-08,
        "max": 0.00116363819689,
        "mean": 7.45414072298e-05,
        "median": 2.27089785767e-05,
        "min": 3.72744011656e-06,
        "var": 2.41705873094e-08
    },
    "spectral_energyband_low": {
        "dmean": 0.000621267943643,
        "dmean2": 0.00106122472789,
        "dvar": 2.36621326621e-06,
        "dvar2": 6.93681113262e-06,
        "max": 0.0141110615805,
        "mean": 0.000913798750844,
        "median": 0.000111555513286,
        "min": 6.74920875099e-06,
        "var": 5.00979376739e-06
    },
    "spectral_energyband_middle_high": {
        "dmean": 0.00275332503952,
        "dmean2": 0.00386523199268,
        "dvar": 6.53229726595e-05,
        "dvar2": 0.000116478127893,
        "max": 0.0868683457375,
        "mean": 0.0044460427016,
        "median": 0.00043374064262,
        "min": 1.08884732981e-05,
        "var": 0.000129147651023
    },
    "spectral_energyband_middle_low": {
        "dmean": 0.00381308072247,
        "dmean2": 0.0062974318862,
        "dvar": 3.80047895305e-05,
        "dvar2": 0.000112372923468,
        "max": 0.0493810661137,
        "mean": 0.00647241901606,
        "median": 0.0040036663413,
        "min": 7.40284449421e-05,
        "var": 6.53858223814e-05
    },
    "spectral_entropy": {
        "dmean": 0.409431546926,
        "dmean2": 0.708633840084,
        "dvar": 0.109376057982,
        "dvar2": 0.261032015085,
        "max": 8.43987560272,
        "mean": 6.97121286392,
        "median": 7.01426696777,
        "min": 5.36897754669,
        "var": 0.314289480448
    },
    "spectral_flux": {
        "dmean": 0.0198535621166,
        "dmean2": 0.0310979690403,
        "dvar": 0.000524776056409,
        "dvar2": 0.00108618405648,
        "max": 0.297115385532,
        "mean": 0.0583333745599,
        "median": 0.0480638332665,
        "min": 0.0154628781602,
        "var": 0.00143735529855
    },
    "spectral_kurtosis": {
        "dmean": 4.97029972076,
        "dmean2": 8.79462528229,
        "dvar": 23.8765983582,
        "dvar2": 60.5661735535,
        "max": 52.0661811829,
        "mean": 10.9943857193,
        "median": 8.92499732971,
        "min": 0.0866079330444,
        "var": 48.481174469
    },
    "spectral_rms": {
        "dmean": 0.000811389822047,
        "dmean2": 0.00120610743761,
        "dvar": 7.13965164323e-07,
        "dvar2": 1.67522091488e-06,
        "max": 0.00928032584488,
        "mean": 0.00293014850467,
        "median": 0.00252408231609,
        "min": 0.000322575448081,
        "var": 2.61738159679e-06
    },
    "spectral_rolloff": {
        "dmean": 311.872528076,
        "dmean2": 581.516662598,
        "dvar": 686370.6875,
        "dvar2": 1917591,
        "max": 8807.08007812,
        "mean": 972.562988281,
        "median": 538.330078125,
        "min": 215.33203125,
        "var": 815872.4375
    },
    "spectral_skewness": {
        "dmean": 0.559683561325,
        "dmean2": 0.977043628693,
        "dvar": 0.20660148561,
        "dvar2": 0.553171157837,
        "max": 5.78000020981,
        "mean": 2.60156750679,
        "median": 2.43848729134,
        "min": 1.04478192329,
        "var": 0.564521729946
    },
    "spectral_spread": {
        "dmean": 1036121.25,
        "dmean2": 1787517.125,
        "dvar": 1.70005325414e+12,
        "dvar2": 2.90188427264e+12,
        "max": 20659300,
        "mean": 4337615,
        "median": 4089914.5,
        "min": 1336223.625,
        "var": 3.26718141235e+12
    },
    "spectral_strongpeak": {
        "dmean": 0.866677105427,
        "dmean2": 1.23913705349,
        "dvar": 3.58675885201,
        "dvar2": 7.24422168732,
        "max": 21.152715683,
        "mean": 1.67533326149,
        "median": 0.419169098139,
        "min": 0,
        "var": 8.92986106873
    },
    "zerocrossingrate": {
        "dmean": 0.008550346829,
        "dmean2": 0.0107503710315,
        "dvar": 5.53303070774e-05,
        "dvar2": 7.15561182005e-05,
        "max": 0.099609375,
        "mean": 0.0497318506241,
        "median": 0.04833984375,
        "min": 0.0048828125,
        "var": 0.000539396249224
    },
    "barkbands": {
        "dmean": [9.76542432909e-05, 1.12332272693e-05, 0.000250573328231, 0.000875086116139, 0.00206807395443, 0.00166717648972, 0.00026324915234, 0.000136864968226, 5.51046505279e-05, 3.97110015911e-05, 1.68072037923e-05, 4.18904819526e-05, 0.000537539890502, 5.12921506015e-05, 0.00029151167837, 0.00188683124725, 0.000158770460985, 1.19541809909e-05, 1.57471658895e-05, 2.39035598497e-05, 1.29534500957e-05, 2.91391074825e-06, 7.21141168469e-06, 1.45041012729e-05, 1.20359818538e-05, 1.17837180369e-06, 7.08161280727e-07],
        "dmean2": [0.000182412462891, 1.6121128283e-05, 0.000416201626649, 0.00144443032332, 0.00348702049814, 0.0029621317517, 0.000438041781308, 0.000235801926465, 9.41728721955e-05, 6.87321589794e-05, 2.70768377959e-05, 7.03897021594e-05, 0.000864949077368, 6.56721094856e-05, 0.000312885269523, 0.00268620345742, 0.000221869326197, 1.99997666641e-05, 2.7301690352e-05, 3.45453336195e-05, 1.8706492483e-05, 4.63434707854e-06, 1.295511629e-05, 2.73300884146e-05, 2.30701461987e-05, 2.0915076675e-06, 1.19931530662e-06],
        "dvar": [1.4455210362e-08, 4.64382199361e-10, 6.00375585691e-07, 3.44577802025e-06, 9.82452365861e-06, 9.77139188763e-06, 1.23821166653e-07, 4.33506492925e-08, 3.14737746976e-09, 3.49590023596e-09, 3.51666890053e-10, 3.03962233161e-09, 3.72854083253e-06, 1.79277641621e-08, 1.18180025765e-06, 5.43766655028e-05, 6.20004072971e-07, 2.96613650308e-10, 8.80398143277e-10, 7.38587502269e-09, 2.39744801789e-09, 1.42287553268e-11, 1.5951150123e-10, 1.64895530563e-09, 3.82732201487e-09, 6.65650997864e-12, 8.99397743781e-13],
        "dvar2": [4.47710242213e-08, 9.2911339733e-10, 1.88491299014e-06, 9.77512900135e-06, 2.62247540377e-05, 3.14441022056e-05, 3.03265551338e-07, 1.24852462591e-07, 8.07990385709e-09, 1.00525463509e-08, 1.01331376623e-09, 8.05558997286e-09, 6.52306653137e-06, 1.8954755987e-08, 1.10299060907e-06, 0.000104671846202, 9.43383497543e-07, 7.232199839e-10, 2.39184227979e-09, 1.47296201902e-08, 4.92485474624e-09, 2.86745505812e-11, 4.44937531263e-10, 4.76295358709e-09, 1.13962252968e-08, 1.8884378436e-11, 2.22750485591e-12],
        "max": [0.000770588638261, 0.000235414103372, 0.00707624200732, 0.0161824785173, 0.0214818902314, 0.0230781640857, 0.00256626261398, 0.0020833616145, 0.000390602916013, 0.000383884704206, 0.000169527746039, 0.000426653306931, 0.0223626475781, 0.00208255276084, 0.0152061628178, 0.0739873126149, 0.0114453574643, 0.000154643086717, 0.000219362613279, 0.00107907725032, 0.000650657108054, 4.96692555316e-05, 9.6351846878e-05, 0.0003342142154, 0.000598282320425, 2.37020994973e-05, 1.25806482174e-05],
        "mean": [9.28790905164e-05, 1.70444982359e-05, 0.000388347922126, 0.0011864870321, 0.00262829172425, 0.0019622608088, 0.000393773923861, 0.000172566549736, 0.000100543576991, 4.91828468512e-05, 2.72025354207e-05, 5.81477106607e-05, 0.000931536138523, 7.9206591181e-05, 0.000539127271622, 0.00244887499139, 0.000290654366836, 1.35424925247e-05, 1.75507793756e-05, 2.79961532215e-05, 1.554262235e-05, 4.18711579186e-06, 7.54510347178e-06, 1.11162826215e-05, 1.00725537777e-05, 2.33523496718e-06, 4.72590363643e-06],
        "median": [4.5961503929e-05, 5.48400112166e-06, 1.08173226181e-05, 0.000209194069612, 0.00125067157205, 0.000934546056669, 0.000262860034127, 0.000109133536171, 7.77638560976e-05, 3.08988892357e-05, 1.99652204174e-05, 3.62307146133e-05, 3.13159798679e-05, 1.52547272592e-05, 1.65087931236e-05, 1.56574387802e-05, 7.00460577718e-06, 5.22603431818e-06, 5.7795587054e-06, 5.0962826208e-06, 2.92147024084e-06, 2.00791237148e-06, 2.67353925665e-06, 2.88477326649e-06, 3.36855191563e-06, 1.34527442697e-06, 4.46760986961e-06],
        "min": [5.34315461209e-07, 2.85913216658e-07, 2.90665525426e-07, 5.17199396199e-07, 1.66116733453e-05, 8.84843666427e-06, 1.99713995244e-05, 4.04557295042e-06, 7.19446825315e-06, 2.71143289865e-06, 2.44026159635e-06, 7.19957540696e-07, 1.1801060964e-06, 5.06387607402e-07, 4.26112478635e-07, 1.1918989884e-07, 4.81105985273e-07, 4.66999154014e-07, 2.72804726364e-07, 1.53299794192e-07, 4.24547266675e-07, 3.15856794941e-07, 2.4394250886e-07, 4.15813673271e-07, 3.00312024137e-07, 8.74946124441e-08, 1.92250581676e-07],
        "var": [1.50412002853e-08, 1.2629901569e-09, 1.14470299195e-06, 6.07266565567e-06, 1.27363846332e-05, 1.08205022116e-05, 2.07381148698e-07, 4.54858408716e-08, 6.44975450825e-09, 3.33185878887e-09, 5.19540577226e-10, 4.26408819365e-09, 9.47485477809e-06, 5.68086626629e-08, 3.45544412994e-06, 8.76165868249e-05, 2.08139840652e-06, 5.0359716397e-10, 9.37844690796e-10, 1.05157136332e-08, 3.51295947887e-09, 4.02418549872e-11, 1.57617530139e-10, 9.67396496243e-10, 2.01327132743e-09, 1.12632620244e-11, 1.86747297314e-12]
    },
    "erbbands": {
        "dmean": [0.000489328987896, 0.00413460843265, 0.177140235901, 1.58548748493, 5.67002105713, 7.76806592941, 8.41882896423, 14.7957258224, 5.13383769989, 3.97121286392, 1.86512839794, 1.12616682053, 1.80892813206, 0.609046399593, 1.02386271954, 2.07676148415, 19.4905071259, 9.76209640503, 10.8706912994, 79.7700271606, 54.9182014465, 7.27552223206, 1.05570268631, 0.736071586609, 0.724460363388, 1.35500919819, 0.746888041496, 0.271838635206, 0.104019522667, 0.128966629505, 0.230290561914, 0.297009259462, 0.221728771925, 0.138216510415, 0.090570025146, 0.0119171962142, 0.00131565751508, 0.000340923550539, 0.000101978395833, 1.64036391652e-05],
        "dmean2": [0.000819425855298, 0.00601573754102, 0.296028614044, 2.71782279015, 9.77310276031, 13.5534725189, 14.5851488113, 27.0838832855, 8.79363059998, 6.41423225403, 3.2120347023, 1.9254566431, 3.16073489189, 1.02698397636, 1.72363686562, 3.258903265, 31.3927364349, 14.7088766098, 13.0460824966, 107.084182739, 83.8709945679, 11.3659200668, 1.71650671959, 1.27806711197, 1.19373261929, 1.95634329319, 1.06516110897, 0.389417886734, 0.163466870785, 0.232574924827, 0.414016246796, 0.554266035557, 0.416670978069, 0.26194870472, 0.174371823668, 0.0218956582248, 0.00234057474881, 0.000550393539015, 0.000175096967723, 2.61052136921e-05],
        "dvar": [4.5776494062e-07, 0.000104626218672, 0.281353503466, 12.45652771, 116.922721863, 177.201629639, 340.464660645, 816.438354492, 96.4781341553, 25.0267982483, 10.2640218735, 1.41295826435, 7.18464565277, 0.518794119358, 1.98866665363, 15.2872123718, 4948.69091797, 925.583129883, 1470.5994873, 120358.054688, 55447.2070312, 1681.89648438, 9.21100521088, 2.31523752213, 1.47112822533, 29.8275032043, 5.66252374649, 0.446284979582, 0.0177511200309, 0.0590501464903, 0.162187814713, 0.751087963581, 0.31302434206, 0.330791652203, 0.286496371031, 0.00129888020456, 1.56737314683e-05, 3.94638959733e-07, 2.88404198301e-08, 2.90525048463e-10],
        "dvar2": [1.0898797882e-06, 0.000250144395977, 0.8986287117, 34.1139793396, 322.339202881, 477.097381592, 826.569458008, 2656.58374023, 265.981323242, 62.635269165, 28.532371521, 3.27949666977, 20.1408615112, 1.36569213867, 5.01603603363, 35.5278434753, 8995.76464844, 1510.40539551, 1592.98779297, 186709.140625, 142074.109375, 2951.98852539, 17.9877929688, 6.3355717659, 3.88664364815, 58.8178787231, 11.1887798309, 0.859394013882, 0.0361127443612, 0.164557695389, 0.452734827995, 2.16983914375, 0.901725649834, 0.981004059315, 0.855028986931, 0.00375994527712, 4.58996000816e-05, 1.0003867601e-06, 7.98355088705e-08, 5.92223603491e-10],
        "max": [0.00549295451492, 0.158870652318, 5.32922649384, 35.9466285706, 90.8239212036, 111.157089233, 189.658096313, 258.80279541, 95.7273101807, 47.9092483521, 31.636177063, 8.97925758362, 16.220539093, 5.17911529541, 11.3211574554, 41.6555786133, 814.001220703, 349.241516113, 543.884887695, 4155.54882812, 2452.4453125, 524.075439453, 35.8815574646, 13.3088788986, 9.69777297974, 68.7027359009, 29.5780715942, 9.59894561768, 1.65782177448, 1.99142956734, 3.1127512455, 7.96420621872, 3.96950936317, 5.49372243881, 5.16513490677, 0.345544755459, 0.0381698943675, 0.0101030487567, 0.00200237473473, 0.000289479474304],
        "mean": [0.000777249748353, 0.00897712819278, 0.285705387592, 2.4289662838, 8.00699520111, 8.24467849731, 11.2774534225, 15.8360424042, 7.02127742767, 5.84582042694, 3.03776884079, 2.21698141098, 2.23055100441, 1.01274895668, 1.58335578442, 3.53013682365, 33.1893386841, 18.1725273132, 19.657579422, 109.598754883, 72.1705245972, 13.1258583069, 1.39861905575, 0.826474368572, 0.882409274578, 1.60941076279, 0.919604718685, 0.349114358425, 0.153063222766, 0.161065712571, 0.232973992825, 0.237218439579, 0.172420054674, 0.111931301653, 0.0745706185699, 0.0165619105101, 0.00302657671273, 0.001371289487, 0.000556687649805, 0.00010137600475],
        "median": [0.000507677614223, 0.00132632080931, 0.0180841665715, 0.413913697004, 2.52207970619, 4.15778827667, 5.03556489944, 8.39367866516, 4.59351491928, 3.58641910553, 1.82477152348, 1.75285816193, 1.41189587116, 0.774080455303, 1.1337428093, 1.71343994141, 1.4832597971, 1.67434871197, 1.0953207016, 1.00903499126, 0.723474383354, 0.434597820044, 0.358967155218, 0.303528815508, 0.261643320322, 0.233531802893, 0.140807807446, 0.108156435192, 0.0712474733591, 0.0714409276843, 0.0779111236334, 0.059820689261, 0.0486947447062, 0.0317515879869, 0.0249697957188, 0.00836598686874, 0.00184455956332, 0.00104874593671, 0.000507621851284, 9.62366830208e-05],
        "min": [4.62137650175e-05, 9.75446746452e-05, 0.000518441083841, 0.00363209308125, 0.0417791195214, 0.0505485199392, 0.0352487079799, 0.0932104364038, 0.273886620998, 0.215922608972, 0.129499211907, 0.162812873721, 0.122957654297, 0.105961300433, 0.0588769651949, 0.0346825532615, 0.0534537956119, 0.0365079008043, 0.0217194259167, 0.0174743570387, 0.00737901683897, 0.0321391709149, 0.0250260327011, 0.0200894381851, 0.0196199938655, 0.00690860161558, 0.0125948749483, 0.017313176766, 0.0114548085257, 0.00659995526075, 0.00746294436976, 0.00867997761816, 0.00688050221652, 0.00336410175078, 0.00222644559108, 0.000619421189185, 0.000144328456372, 4.11841865571e-05, 2.42395090027e-05, 3.50844925379e-06],
        "var": [7.70426083818e-07, 0.00046317113447, 0.573240935802, 27.3998165131, 169.946594238, 168.408706665, 496.21472168, 666.319885254, 86.8805007935, 44.2385902405, 12.3745632172, 3.0285718441, 7.05699205399, 0.646302759647, 2.63554501534, 28.8772964478, 11972.6533203, 2628.6081543, 4749.72314453, 208090.625, 70877.7421875, 3867.42431641, 15.3640985489, 2.11332821846, 2.26450705528, 41.7607269287, 9.21576404572, 0.788334906101, 0.0504921860993, 0.0630969628692, 0.157823681831, 0.445538312197, 0.189414680004, 0.178453162313, 0.148180022836, 0.00103000132367, 2.05850301427e-05, 1.51067706611e-06, 5.63380773144e-08, 7.50765005719e-10]
    },
    "gfcc": {
        "mean": [-90.9984436035, 83.9825592041, -96.0832214355, -11.5540914536, -57.583316803, -16.1854553223, -59.2068138123, -21.8295707703, -28.0297088623, -4.67586517334, -11.2882461548, -11.0850820541, -6.56632757187],
        "cov": [[1612.82568359, -282.130065918, -685.913391113, 467.348388672, 290.531555176, 38.6849021912, -395.846496582, -39.4167785645, 153.814147949, 85.3444595337, -102.33744812, -77.6375427246, 141.430023193], [-282.130065918, 977.815551758, 530.717102051, -161.113876343, 78.9289703369, -24.4355010986, 167.963470459, -208.592208862, -112.630996704, -85.4364852905, -7.55436182022, -103.192565918, -183.478469849], [-685.913391113, 530.717102051, 759.648986816, -211.829498291, -258.280700684, -21.6910514832, 254.534576416, 4.78698205948, -182.555297852, -142.769104004, 33.8755912781, -1.00259017944, -161.558914185], [467.348388672, -161.113876343, -211.829498291, 380.363922119, 160.070358276, 13.9029760361, -130.111312866, 30.7707710266, 118.211547852, -0.3612383008, -70.225692749, -41.4892730713, 91.2973709106], [290.531555176, 78.9289703369, -258.280700684, 160.070358276, 358.128967285, 76.2838592529, -109.671524048, -130.544570923, 109.081420898, 83.2602233887, -41.3564796448, -85.6613082886, 25.2825946808], [38.6849021912, -24.4355010986, -21.6910514832, 13.9029760361, 76.2838592529, 162.956176758, 11.1137590408, -52.6307792664, -15.8788394928, 61.0918502808, 75.2670135498, -45.9658737183, -65.9216690063], [-395.846496582, 167.963470459, 254.534576416, -130.111312866, -109.671524048, 11.1137590408, 177.27041626, 16.4065532684, -83.1772613525, -35.8076972961, 56.0104560852, 14.8919830322, -82.8122024536], [-39.4167785645, -208.592208862, 4.78698205948, 30.7707710266, -130.544570923, -52.6307792664, 16.4065532684, 157.60206604, 25.3213768005, -42.0093002319, -31.315196991, 46.1568069458, 53.8773612976], [153.814147949, -112.630996704, -182.555297852, 118.211547852, 109.081420898, -15.8788394928, -83.1772613525, 25.3213768005, 144.273193359, 36.3833503723, -60.6835327148, 1.18454277515, 96.9831085205], [85.3444595337, -85.4364852905, -142.769104004, -0.3612383008, 83.2602233887, 61.0918502808, -35.8076972961, -42.0093002319, 36.3833503723, 116.076782227, 70.47706604, -10.3171482086, -6.77187013626], [-102.33744812, -7.55436182022, 33.8755912781, -70.225692749, -41.3564796448, 75.2670135498, 56.0104560852, -31.315196991, -60.6835327148, 70.47706604, 156.677856445, 16.8212108612, -78.2717437744], [-77.6375427246, -103.192565918, -1.00259017944, -41.4892730713, -85.6613082886, -45.9658737183, 14.8919830322, 46.1568069458, 1.18454277515, -10.3171482086, 16.8212108612, 92.7205429077, 52.0719528198], [141.430023193, -183.478469849, -161.558914185, 91.2973709106, 25.2825946808, -65.9216690063, -82.8122024536, 53.8773612976, 96.9831085205, -6.77187013626, -78.2717437744, 52.0719528198, 152.850662231]],
        "icov": [[0.00419483752921, -0.00524854753166, 0.00545506179333, -0.00467636529356, 0.00443337485194, -0.00509658176452, 0.0075349076651, -0.00458045350388, 0.00641259551048, -0.00512626999989, 0.00453158188611, -0.00337599869817, 0.000317608733894], [-0.00524854753166, 0.0128823593259, -0.0108806183562, 0.00692101567984, -0.00896400492638, 0.0116628631949, -0.011267002672, 0.0126501293853, -0.0119547741488, 0.0108847171068, -0.00818137824535, 0.00772620458156, 0.00188095867634], [0.00545506179333, -0.0108806183562, 0.0139270238578, -0.00716207083315, 0.0108080813661, -0.0102073103189, 0.00668501760811, -0.00740556232631, 0.00981932226568, -0.00663927197456, 0.00851811654866, -0.00590696884319, 0.000782102055382], [-0.00467636529356, 0.00692101567984, -0.00716207083315, 0.0116995684803, -0.00910433288664, 0.00600017001852, -0.00509880809113, 0.00228076940402, -0.0098528880626, 0.0125822545961, -0.0107729621232, 0.00832254160196, -0.00293897278607], [0.00443337485194, -0.00896400492638, 0.0108080813661, -0.00910433288664, 0.0206101369113, -0.0108161577955, 0.00472214631736, 0.00324783101678, 0.00272856443189, -0.011681618169, 0.0124442931265, -0.00273064128123, 0.000393158406951], [-0.00509658176452, 0.0116628631949, -0.0102073103189, 0.00600017001852, -0.0108161577955, 0.0224665291607, -0.0111354067922, 0.0100973220542, -0.0102831739932, 0.00830085109919, -0.0131498975679, 0.0111877927557, 0.00257643754594], [0.0075349076651, -0.011267002672, 0.00668501760811, -0.00509880809113, 0.00472214631736, -0.0111354067922, 0.0309622362256, -0.0165945831686, 0.0124143874273, -0.00602353084832, 0.00307839154266, -0.00957870762795, 0.00335127487779], [-0.00458045350388, 0.0126501293853, -0.00740556232631, 0.00228076940402, 0.00324783101678, 0.0100973220542, -0.0165945831686, 0.0320787727833, -0.018570844084, 0.0108931697905, -0.00317469309084, 0.00673286663368, 0.00209933938459], [0.00641259551048, -0.0119547741488, 0.00981932226568, -0.0098528880626, 0.00272856443189, -0.0102831739932, 0.0124143874273, -0.018570844084, 0.0377120859921, -0.0235772877932, 0.0157586596906, -0.00802251696587, -0.00980424601585], [-0.00512626999989, 0.0108847171068, -0.00663927197456, 0.0125822545961, -0.011681618169, 0.00830085109919, -0.00602353084832, 0.0108931697905, -0.0235772877932, 0.04533726722, -0.0303604379296, 0.0140437828377, -0.00167774781585], [0.00453158188611, -0.00818137824535, 0.00851811654866, -0.0107729621232, 0.0124442931265, -0.0131498975679, 0.00307839154266, -0.00317469309084, 0.0157586596906, -0.0303604379296, 0.0380794852972, -0.0211058594286, 0.0118275433779], [-0.00337599869817, 0.00772620458156, -0.00590696884319, 0.00832254160196, -0.00273064128123, 0.0111877927557, -0.00957870762795, 0.00673286663368, -0.00802251696587, 0.0140437828377, -0.0211058594286, 0.0375953577459, -0.0190056227148], [0.000317608733894, 0.00188095867634, 0.000782102055382, -0.00293897278607, 0.000393158406951, 0.00257643754594, 0.00335127487779, 0.00209933938459, -0.00980424601585, -0.00167774781585, 0.0118275433779, -0.0190056227148, 0.0318880006671]]
    },
    "melbands": {
        "dmean": [6.37288394501e-06, 6.26963883406e-05, 0.00037890690146, 0.000504921772517, 0.000271853554295, 0.000321261759382, 7.41536932765e-05, 4.09259519074e-05, 1.34320116558e-05, 7.36044330552e-06, 9.01208659343e-06, 2.39334190155e-06, 2.77601907328e-06, 4.40715393779e-06, 9.23221796256e-06, 7.01811950421e-05, 1.06407787825e-05, 1.56173318828e-05, 3.98745687562e-05, 0.000164082652191, 4.02089754061e-05, 7.59929662308e-06, 1.83880479199e-06, 6.14456610037e-07, 6.20301761955e-07, 5.97924440626e-07, 4.58022554994e-07, 1.11502640721e-06, 4.7214064125e-07, 3.31224271122e-07, 1.05481561263e-07, 6.07574008882e-08, 5.88867052898e-08, 8.15777028151e-08, 1.29855848741e-07, 1.56791728045e-07, 1.98241707494e-07, 1.65050408896e-07, 1.17674474609e-07, 1.19885783079e-07],
        "dmean2": [1.07486421257e-05, 0.000102431695268, 0.000619521480985, 0.000848596391734, 0.000462729251012, 0.000585538218729, 0.000125524704345, 6.68552020215e-05, 2.29404449783e-05, 1.25033129734e-05, 1.57048907568e-05, 3.9613505578e-06, 4.67175550511e-06, 7.44980479794e-06, 1.45317471834e-05, 0.000113873058581, 1.44299719977e-05, 1.81907817023e-05, 4.94901687489e-05, 0.000226598334848, 6.65859042783e-05, 1.21053799376e-05, 2.74611420537e-06, 1.02434080418e-06, 1.08122992515e-06, 1.02450724171e-06, 7.32192063424e-07, 1.62998298947e-06, 7.16465649475e-07, 4.763077186e-07, 1.61033383961e-07, 9.40842213026e-08, 9.890459296e-08, 1.49441035546e-07, 2.33658781212e-07, 2.78096706552e-07, 3.74113199086e-07, 3.11412804876e-07, 2.20326072053e-07, 2.28298773663e-07],
        "dvar": [5.46247491684e-11, 3.97543118424e-08, 5.35510480404e-07, 5.8689204252e-07, 2.91090174187e-07, 3.71072985672e-07, 1.81007884237e-08, 2.52024556779e-09, 4.64694310809e-10, 5.80965414665e-11, 1.76982553612e-10, 8.24639575375e-12, 1.16231928596e-11, 2.88119129249e-11, 9.23353116189e-10, 6.85582790538e-08, 6.89722889913e-10, 4.43326131361e-09, 2.6963832056e-08, 5.00866576658e-07, 6.2477866436e-08, 2.09464556811e-09, 9.0520320406e-11, 8.81757394964e-13, 2.06306131033e-12, 1.05348455653e-12, 6.8511071382e-13, 2.66165960799e-11, 2.36142984507e-12, 1.68085380683e-12, 2.28732929542e-14, 7.04699563677e-15, 8.43201817234e-15, 3.06023686481e-14, 5.27898952579e-14, 9.52927922118e-14, 4.35047668463e-13, 1.76491132364e-13, 8.22489252812e-14, 3.69486125723e-13],
        "dvar2": [1.42239164891e-10, 1.26049314986e-07, 1.5191710645e-06, 1.55726536377e-06, 7.09217488293e-07, 1.21253606267e-06, 4.88665747866e-08, 6.4087850582e-09, 1.28240007502e-09, 1.40155442807e-10, 4.99888463956e-10, 2.13292127016e-11, 3.1907400333e-11, 6.69976921164e-11, 2.17437645667e-09, 1.22162830962e-07, 9.53405576709e-10, 4.81350381776e-09, 2.98775155727e-08, 8.90948058441e-07, 1.72481477989e-07, 3.73688768818e-09, 2.09157219322e-10, 2.13888759135e-12, 5.78340413754e-12, 2.86049330923e-12, 1.65995895415e-12, 5.38783254123e-11, 5.24459989326e-12, 3.15736759654e-12, 4.36162912699e-14, 1.44523556669e-14, 2.03853098545e-14, 8.92986246471e-14, 1.4888089405e-13, 2.60651011408e-13, 1.267234798e-12, 5.07896242424e-13, 2.36658349168e-13, 1.10080553613e-12],
        "max": [5.41952540516e-05, 0.00197441317141, 0.00639512017369, 0.00551559170708, 0.00562901375815, 0.00531302485615, 0.00130527571309, 0.000431203952758, 0.000209153091419, 5.721366324e-05, 8.03777438705e-05, 2.19167723117e-05, 2.58557138295e-05, 3.93159534724e-05, 0.000307816808345, 0.00301970238797, 0.000287481962005, 0.000970590568613, 0.00242589879781, 0.00761418789625, 0.00300759309903, 0.000571132753976, 0.00011287585221, 8.50232845551e-06, 1.30292200993e-05, 8.57817303768e-06, 7.26722282707e-06, 6.44571555313e-05, 1.87778587133e-05, 1.77072215592e-05, 1.64070547726e-06, 1.13359544684e-06, 7.73416502398e-07, 1.47026901232e-06, 1.65897654369e-06, 2.50298239735e-06, 6.12427629676e-06, 3.20536082654e-06, 2.20516744776e-06, 5.86714304518e-06],
        "mean": [9.5493878689e-06, 0.000100228266092, 0.000589536270127, 0.000617476762272, 0.000372961192625, 0.00035550861503, 0.000102647834865, 5.88374568906e-05, 2.19664671022e-05, 1.37287597681e-05, 1.07827745524e-05, 3.85645125789e-06, 4.27994882557e-06, 6.17778732703e-06, 1.32190216391e-05, 0.00011667945364, 1.89063448488e-05, 2.22043672693e-05, 6.58801145619e-05, 0.000218217435759, 5.21414149262e-05, 1.4925344658e-05, 1.87259206541e-06, 6.8175359047e-07, 6.34928710497e-07, 6.70090344101e-07, 5.69611131596e-07, 1.26901409203e-06, 5.57573457627e-07, 3.94408829152e-07, 1.3907701657e-07, 8.32773281445e-08, 7.75579849233e-08, 9.43875733128e-08, 1.34876231073e-07, 1.39222876783e-07, 1.48727764326e-07, 1.24645552546e-07, 9.84385337688e-08, 9.37702822057e-08],
        "median": [5.62603281651e-06, 3.3926874039e-06, 0.000120932410937, 0.000259788124822, 0.000186327379197, 0.000186381643289, 6.44401443424e-05, 3.48919784301e-05, 1.44889381772e-05, 1.06170900835e-05, 6.78549304212e-06, 2.78605443782e-06, 3.10024802275e-06, 4.57641817775e-06, 2.95954828289e-06, 2.9780562727e-06, 1.9434544356e-06, 1.26729025851e-06, 1.13143005365e-06, 1.25174540244e-06, 6.56317126868e-07, 4.14580171082e-07, 3.38758383123e-07, 2.53053173083e-07, 2.28350970133e-07, 1.87769103377e-07, 1.77559243753e-07, 1.45753702441e-07, 9.32292820721e-08, 7.12047025786e-08, 5.48995977567e-08, 3.90815948492e-08, 3.67819765756e-08, 3.8715892714e-08, 4.2712095194e-08, 4.19614494263e-08, 3.64354200144e-08, 3.68097481385e-08, 3.07000433963e-08, 2.51546534713e-08],
        "min": [2.02600801913e-07, 1.47538173678e-07, 1.00545173609e-06, 4.03279000238e-06, 1.38306927511e-06, 2.17079127651e-06, 4.14374108004e-06, 2.0215557015e-06, 7.08014567863e-07, 9.55956124926e-07, 5.77544142288e-07, 3.78679516189e-07, 2.59333319264e-07, 9.12116675522e-08, 8.62566338355e-08, 1.24519800693e-07, 5.97068279262e-08, 3.22115631946e-08, 3.11556505039e-08, 1.3168917512e-08, 7.85917819712e-09, 2.96521278642e-08, 2.37944348669e-08, 2.16600621883e-08, 1.52905776929e-08, 9.51572332042e-09, 5.32994093305e-09, 4.69013938798e-09, 7.76405784109e-09, 7.37922700722e-09, 8.68749427951e-09, 4.8531032526e-09, 4.17483203563e-09, 2.80638379202e-09, 3.76678910285e-09, 3.49607054417e-09, 5.09504083368e-09, 4.21956203311e-09, 3.64804875197e-09, 2.32243890785e-09],
        "var": [1.01238267769e-10, 7.63995373632e-08, 1.18561683848e-06, 7.55529583785e-07, 4.21441541221e-07, 3.28853275278e-07, 1.74954362109e-08, 4.29498703269e-09, 5.99535920909e-10, 1.19736442983e-10, 1.71388167547e-10, 1.08368071461e-11, 1.5786795482e-11, 4.30684723995e-11, 1.44084943976e-09, 1.69611965362e-07, 2.24874119326e-09, 1.12872138303e-08, 5.99481495556e-08, 8.3607619672e-07, 7.03295839344e-08, 5.6188809161e-09, 9.4131820394e-11, 1.36914210438e-12, 1.59416414531e-12, 1.31816324349e-12, 1.16070217673e-12, 3.50989341757e-11, 3.40152277005e-12, 2.63363723191e-12, 5.4955091042e-14, 1.77646373496e-14, 1.41792807151e-14, 2.62500948306e-14, 5.50262418096e-14, 7.65511379329e-14, 2.44807077171e-13, 1.05285897188e-13, 5.27591140806e-14, 1.93251745986e-13]
    },
    "mfcc": {
        "mean": [-751.49395752, 141.56590271, 7.10132360458, 3.20117282867, 4.49609470367, -7.43418931961, -16.5774040222, -24.5899467468, -18.4403247833, -7.39635372162, -14.4576406479, -5.40964508057, -4.87142467499],
        "cov": [[2145.39379883, -778.699645996, -688.692993164, 268.455932617, 517.733703613, 108.724349976, -278.79006958, -179.220977783, 172.61932373, 158.880310059, -253.659378052, 27.0785446167, 130.696609497], [-778.699645996, 1085.42944336, 395.946044922, -68.3295440674, -174.937454224, 84.9720840454, 131.347122192, -23.5818920135, -145.433044434, -145.631057739, 107.020332336, -10.7826786041, -140.501312256], [-688.692993164, 395.946044922, 613.735778809, -63.4898872375, -273.856719971, -114.244300842, 162.803756714, 132.906890869, -116.425697327, -134.433731079, 103.94291687, 13.7201595306, -99.4661102295], [268.455932617, -68.3295440674, -63.4898872375, 203.331878662, 127.054916382, 13.7185144424, -75.6163482666, -5.63061332703, 97.6789093018, 14.7347049713, -96.9484710693, -6.85710430145, 31.9296894073], [517.733703613, -174.937454224, -273.856719971, 127.054916382, 320.082672119, 167.985183716, -94.9830093384, -103.850502014, 90.0227355957, 97.301864624, -78.6230239868, 6.70594501495, 38.8467407227], [108.724349976, 84.9720840454, -114.244300842, 13.7185144424, 167.985183716, 226.875671387, 35.0249443054, -94.6033782959, -28.453245163, 46.6196937561, 46.7709846497, 21.5144958496, -21.5099716187], [-278.79006958, 131.347122192, 162.803756714, -75.6163482666, -94.9830093384, 35.0249443054, 186.255233765, 28.968536377, -135.738769531, -28.8467254639, 147.56413269, 33.0571327209, -75.2632675171], [-179.220977783, -23.5818920135, 132.906890869, -5.63061332703, -103.850502014, -94.6033782959, 28.968536377, 118.280250549, 19.9056186676, -45.4952430725, -1.97161972523, 4.475669384, -7.43404006958], [172.61932373, -145.433044434, -116.425697327, 97.6789093018, 90.0227355957, -28.453245163, -135.738769531, 19.9056186676, 193.842575073, 38.1632995605, -148.217803955, -28.3159561157, 81.63306427], [158.880310059, -145.631057739, -134.433731079, 14.7347049713, 97.301864624, 46.6196937561, -28.8467254639, -45.4952430725, 38.1632995605, 102.641983032, -7.77922725677, -24.1127719879, 35.3947372437], [-253.659378052, 107.020332336, 103.94291687, -96.9484710693, -78.6230239868, 46.7709846497, 147.56413269, -1.97161972523, -148.217803955, -7.77922725677, 195.554519653, 50.3616905212, -70.8661193848], [27.0785446167, -10.7826786041, 13.7201595306, -6.85710430145, 6.70594501495, 21.5144958496, 33.0571327209, 4.475669384, -28.3159561157, -24.1127719879, 50.3616905212, 97.708732605, 0.477684438229], [130.696609497, -140.501312256, -99.4661102295, 31.9296894073, 38.8467407227, -21.5099716187, -75.2632675171, -7.43404006958, 81.63306427, 35.3947372437, -70.8661193848, 0.477684438229, 102.702453613]],
