{
"lowlevel": {
    "average_loudness": 0.989313423634,
    "barkbands_crest": {
        "dmean": 3.25732040405,
        "dmean2": 4.90375328064,
        "dvar": 9.98014545441,
        "dvar2": 23.0002212524,
        "max": 26.6112060547,
        "mean": 16.1681518555,
        "median": 16.4286575317,
        "min": 4.81796646118,
        "var": 45.9260940552
    },
    "barkbands_flatness_db": {
        "dmean": 0.0445965789258,
        "dmean2": 0.0609515085816,
        "dvar": 0.00128614145797,
        "dvar2": 0.00257438933477,
        "max": 0.416893780231,
        "mean": 0.213876321912,
        "median": 0.201503157616,
        "min": 0.0405546426773,
        "var": 0.00935371220112
    },
    "barkbands_kurtosis": {
        "dmean": 15.4594163895,
        "dmean2": 23.0432872772,
        "dvar": 1096.8795166,
        "dvar2": 2652.38891602,
        "max": 306.253936768,
        "mean": 20.1500988007,
        "median": 3.48297548294,
        "min": -1.59441208839,
        "var": 1487.01464844
    },
    "barkbands_skewness": {
        "dmean": 1.34550583363,
        "dmean2": 1.85188293457,
        "dvar": 2.10638666153,
        "dvar2": 5.03426170349,
        "max": 1.60616588593,
        "mean": -2.45827555656,
        "median": -1.95431351662,
        "min": -15.5667200089,
        "var": 8.10692119598
    },
    "barkbands_spread": {
        "dmean": 5.95496463776,
        "dmean2": 8.96551609039,
        "dvar": 44.1757164001,
        "dvar2": 116.213928223,
        "max": 53.4858589172,
        "mean": 13.9180679321,
        "median": 12.7201623917,
        "min": 0.396067798138,
        "var": 135.708572388
    },
    "dissonance": {
        "dmean": 0.00918585807085,
        "dmean2": 0.0156385879964,
        "dvar": 0.000101323174022,
        "dvar2": 0.000301135005429,
        "max": 0.499999642372,
        "mean": 0.488086819649,
        "median": 0.492568075657,
        "min": 0.442564934492,
        "var": 0.000141307391459
    },
    "dynamic_complexity": 7.15068817139,
    "erbbands_crest": {
        "dmean": 4.43270969391,
        "dmean2": 7.21654939651,
        "dvar": 17.808637619,
        "dvar2": 34.0706100464,
        "max": 35.0764961243,
        "mean": 22.190776825,
        "median": 22.4223937988,
        "min": 4.23810720444,
        "var": 67.2806167603
    },
    "erbbands_flatness_db": {
        "dmean": 0.0479254871607,
        "dmean2": 0.0641344115138,
        "dvar": 0.00144143449143,
        "dvar2": 0.00276643643156,
        "max": 0.523612499237,
        "mean": 0.30165964365,
        "median": 0.297751128674,
        "min": 0.10598833859,
        "var": 0.0115113565698
    },
    "erbbands_kurtosis": {
        "dmean": 17.0771274567,
        "dmean2": 24.9451065063,
        "dvar": 485.681152344,
        "dvar2": 1025.04724121,
        "max": 197.428421021,
        "mean": 30.5961723328,
        "median": 15.1103048325,
        "min": -1.07470226288,
        "var": 1461.37109375
    },
    "erbbands_skewness": {
        "dmean": 1.38951802254,
        "dmean2": 2.23200321198,
        "dvar": 2.00722312927,
        "dvar2": 5.50870084763,
        "max": 6.04455137253,
        "mean": -1.79060924053,
        "median": -1.78404986858,
        "min": -6.7370390892,
        "var": 3.52972769737
    },
    "erbbands_spread": {
        "dmean": 5.9416103363,
        "dmean2": 9.15989303589,
        "dvar": 66.5617523193,
        "dvar2": 146.386688232,
        "max": 63.6927452087,
        "mean": 10.7577810287,
        "median": 5.69216012955,
        "min": 0.292374223471,
        "var": 175.939926147
    },
    "hfc": {
        "dmean": 9.02423763275,
        "dmean2": 12.8921422958,
        "dvar": 277.765533447,
        "dvar2": 643.705078125,
        "max": 143.506958008,
        "mean": 14.9525308609,
        "median": 3.8943259716,
        "min": 0.0953413769603,
        "var": 562.078613281
    },
    "melbands_crest": {
        "dmean": 4.41436004639,
        "dmean2": 6.75353240967,
        "dvar": 12.723991394,
        "dvar2": 30.4384174347,
        "max": 35.2665672302,
        "mean": 18.47356987,
        "median": 16.7950744629,
        "min": 6.26597118378,
        "var": 74.5575408936
    },
    "melbands_flatness_db": {
        "dmean": 0.0454517453909,
        "dmean2": 0.0672133266926,
        "dvar": 0.00128152419347,
        "dvar2": 0.00295157637447,
        "max": 0.442647665739,
        "mean": 0.242075055838,
        "median": 0.233347296715,
        "min": 0.0730442032218,
        "var": 0.00684049772099
    },
    "melbands_kurtosis": {
        "dmean": 7.64790964127,
        "dmean2": 11.1125764847,
        "dvar": 136.59413147,
        "dvar2": 316.514953613,
        "max": 90.8796081543,
        "mean": 8.13348579407,
        "median": 1.71390223503,
        "min": -1.82490468025,
        "var": 232.541488647
    },
    "melbands_skewness": {
        "dmean": 1.10485911369,
        "dmean2": 1.42248618603,
        "dvar": 0.833997786045,
        "dvar2": 1.78804421425,
        "max": 2.84536361694,
        "mean": -1.30434036255,
        "median": -1.00728356838,
        "min": -8.86641407013,
        "var": 5.44116258621
    },
    "melbands_spread": {
        "dmean": 11.7558841705,
        "dmean2": 17.5774345398,
        "dvar": 140.464157104,
        "dvar2": 289.026062012,
        "max": 85.9537811279,
        "mean": 32.1154823303,
        "median": 31.8648509979,
        "min": 2.42970395088,
        "var": 431.522979736
    },
    "pitch_salience": {
        "dmean": 0.0913037955761,
        "dmean2": 0.128015428782,
        "dvar": 0.00659434776753,
        "dvar2": 0.0136195868254,
        "max": 0.796876251698,
        "mean": 0.467579483986,
        "median": 0.486298143864,
        "min": 0.0727567151189,
        "var": 0.0353217609227
    },
    "silence_rate_20dB": {
        "dmean": 0,
        "dmean2": 0,
        "dvar": 0,
        "dvar2": 0,
        "max": 1,
        "mean": 1,
        "median": 1,
        "min": 1,
        "var": 0
    },
    "silence_rate_30dB": {
        "dmean": 0,
        "dmean2": 0,
        "dvar": 0,
        "dvar2": 0,
        "max": 1,
        "mean": 1,
        "median": 1,
        "min": 1,
        "var": 0
    },
    "silence_rate_60dB": {
        "dmean": 0.121212124825,
        "dmean2": 0.224489793181,
        "dvar": 0.106519699097,
        "dvar2": 0.174094215035,
        "max": 1,
        "mean": 0.550000011921,
        "median": 1,
        "min": 0,
        "var": 0.247499898076
    },
    "spectral_centroid": {
        "dmean": 196.824493408,
        "dmean2": 314.349395752,
        "dvar": 67426,
        "dvar2": 187594.546875,
        "max": 3424.54663086,
        "mean": 1924.3380127,
        "median": 2001.36254883,
        "min": 716.169494629,
        "var": 256196.375
    },
    "spectral_complexity": {
        "dmean": 1.06060600281,
        "dmean2": 1.77551019192,
        "dvar": 0.925619900227,
        "dvar2": 2.15368533134,
        "max": 11,
        "mean": 4.19000005722,
        "median": 4,
        "min": 0,
        "var": 6.31390190125
    },
    "spectral_decrease": {
        "dmean": 8.85125750472e-10,
        "dmean2": 1.28310817527e-09,
        "dvar": 2.1666238387e-18,
        "dvar2": 4.98276685158e-18,
        "max": -2.35932766379e-11,
        "mean": -1.57857060756e-09,
        "median": -5.32494381922e-10,
        "min": -1.15525855549e-08,
        "var": 5.21141694369e-18
    },
    "spectral_energy": {
        "dmean": 0.00415713805705,
        "dmean2": 0.00600450672209,
        "dvar": 4.97275941598e-05,
        "dvar2": 0.000114655274956,
        "max": 0.0566185116768,
        "mean": 0.00731412274763,
        "median": 0.00229455996305,
        "min": 9.97254974209e-05,
        "var": 0.000115320130135
    },
    "spectral_energyband_high": {
        "dmean": 5.42971683899e-05,
        "dmean2": 6.2097045884e-05,
        "dvar": 1.37106361819e-08,
        "dvar2": 1.65036322386e-08,
        "max": 0.00168327090796,
        "mean": 0.000121521858091,
        "median": 1.08847907541e-05,
        "min": 1.35610400775e-06,
        "var": 8.94055034451e-08
    },
    "spectral_energyband_low": {
        "dmean": 1.64868615684e-05,
        "dmean2": 2.8621583624e-05,
        "dvar": 8.31621660424e-10,
        "dvar2": 1.95658023117e-09,
        "max": 0.000202417082619,
        "mean": 2.7974941986e-05,
        "median": 1.26364866446e-05,
        "min": 8.26244956897e-07,
        "var": 1.69261138439e-09
    },
    "spectral_energyband_middle_high": {
        "dmean": 0.00417077494785,
        "dmean2": 0.00599271897227,
        "dvar": 5.01923786942e-05,
        "dvar2": 0.000115793416626,
        "max": 0.0563710145652,
        "mean": 0.00686779851094,
        "median": 0.00185962952673,
        "min": 2.61987588601e-05,
        "var": 0.000109779379272
    },
    "spectral_energyband_middle_low": {
        "dmean": 0.000131591543322,
        "dmean2": 0.000205650430871,
        "dvar": 3.59683589579e-08,
        "dvar2": 8.28453678992e-08,
        "max": 0.00160876335576,
        "mean": 0.000306467642076,
        "median": 0.000138564573717,
        "min": 2.73776895483e-05,
        "var": 1.26576125581e-07
    },
    "spectral_entropy": {
        "dmean": 0.429525882006,
        "dmean2": 0.609284520149,
        "dvar": 0.10726082325,
        "dvar2": 0.249123319983,
        "max": 8.36312103271,
        "mean": 6.66566944122,
        "median": 6.78442144394,
        "min": 4.77757358551,
        "var": 0.734331190586
    },
    "spectral_flux": {
        "dmean": 0.0155305918306,
        "dmean2": 0.0222882218659,
        "dvar": 0.000284301408101,
        "dvar2": 0.000613811949734,
        "max": 0.182815656066,
        "mean": 0.0360435694456,
        "median": 0.0257674977183,
        "min": 0.00545566435903,
        "var": 0.000920623540878
    },
    "spectral_kurtosis": {
        "dmean": 5.64687395096,
        "dmean2": 9.19110774994,
        "dvar": 36.4657096863,
        "dvar2": 89.849647522,
        "max": 51.7563285828,
        "mean": 14.0811462402,
        "median": 11.9129295349,
        "min": 1.09881830215,
        "var": 80.4867248535
    },
    "spectral_rms": {
        "dmean": 0.000629820744507,
        "dmean2": 0.000821287278086,
        "dvar": 5.48156151581e-07,
        "dvar2": 1.08669007659e-06,
        "max": 0.00743219815195,
        "mean": 0.0020805792883,
        "median": 0.00149557949044,
        "min": 0.000311918527586,
        "var": 2.80691756416e-06
    },
    "spectral_rolloff": {
        "dmean": 289.066925049,
        "dmean2": 543.163879395,
        "dvar": 751095.125,
        "dvar2": 2386786,
        "max": 7019.82421875,
        "mean": 2165.16381836,
        "median": 2045.65429688,
        "min": 1119.7265625,
        "var": 522866.40625
    },
    "spectral_skewness": {
        "dmean": 0.494769006968,
        "dmean2": 0.77297949791,
        "dvar": 0.146954223514,
        "dvar2": 0.372101128101,
        "max": 4.6418800354,
        "mean": 2.53891944885,
        "median": 2.47850799561,
        "min": 1.02405321598,
        "var": 0.502021074295
    },
    "spectral_spread": {
        "dmean": 826373.25,
        "dmean2": 1270529,
        "dvar": 842131308544,
        "dvar2": 1.53744323379e+12,
        "max": 10622658,
        "mean": 3400395,
        "median": 3155278,
        "min": 1012237.3125,
        "var": 2.2312035287e+12
    },
    "spectral_strongpeak": {
        "dmean": 1.51417922974,
        "dmean2": 2.01225948334,
        "dvar": 3.36960601807,
        "dvar2": 4.35778474808,
        "max": 17.4564228058,
        "mean": 3.8504421711,
        "median": 1.90812003613,
        "min": 0.0213587880135,
        "var": 17.3424320221
    },
    "zerocrossingrate": {
        "dmean": 0.00611091405153,
        "dmean2": 0.00774274533615,
        "dvar": 9.01191742742e-05,
        "dvar2": 0.00013984949328,
        "max": 0.13818359375,
        "mean": 0.088798828423,
        "median": 0.09228515625,
        "min": 0.04541015625,
        "var": 0.000292706623441
    },
    "barkbands": {
        "dmean": [4.16529655922e-06, 7.97706945832e-07, 9.35978823691e-06, 1.98017187358e-05, 6.1685226683e-05, 7.26440775907e-05, 4.4769658416e-05, 8.35115042719e-06, 5.06832429892e-06, 3.19103901347e-06, 1.91466847355e-06, 5.18945762451e-06, 2.05746018764e-05, 0.000109098757093, 0.000784554169513, 0.00199099630117, 0.00148550607264, 7.91739585111e-05, 3.12617739837e-05, 4.47756647191e-05, 5.98708538746e-06, 1.4803151771e-06, 3.09798042508e-06, 2.6031282232e-06, 1.50075175043e-06, 2.92393991685e-07, 9.38078983381e-08],
        "dmean2": [7.44951694287e-06, 1.29360125811e-06, 1.5120259377e-05, 3.32748422807e-05, 8.44396854518e-05, 0.000124334314023, 7.57775196689e-05, 1.33077955979e-05, 8.48858690006e-06, 5.61064734939e-06, 2.99250427815e-06, 8.07680316939e-06, 2.91073010885e-05, 0.000151397151058, 0.000933010596782, 0.00300654349849, 0.00223424029537, 0.000109370303107, 4.8302954383e-05, 4.70171835332e-05, 9.53875769483e-06, 2.24881932809e-06, 4.55314375358e-06, 4.74191119793e-06, 2.68541884907e-06, 5.11828886829e-07, 1.64231835242e-07],
        "dvar": [3.03491363984e-11, 4.65280721937e-12, 2.6153204602e-10, 5.0686449482e-10, 1.14523626138e-08, 1.11838813766e-08, 8.36840907681e-09, 1.27616528456e-10, 5.3891224816e-11, 1.90489915508e-11, 8.0065520186e-12, 1.64290969717e-10, 2.07052375245e-09, 7.05902252207e-08, 3.0895710097e-06, 2.14722767851e-05, 3.47389541275e-05, 1.45454961853e-07, 1.70404312883e-08, 1.49993422127e-08, 3.15093257042e-10, 6.66201989408e-12, 4.11118916688e-11, 2.6139465592e-11, 5.80006745757e-12, 3.36317941812e-13, 1.22668463386e-14],
        "dvar2": [9.1834310989e-11, 1.28454104992e-11, 6.16958539812e-10, 1.33649491474e-09, 2.24097203017e-08, 3.08303960139e-08, 2.22264588956e-08, 3.57835622244e-10, 1.25790405869e-10, 5.37933447786e-11, 1.90261729982e-11, 3.82298886992e-10, 4.75604489125e-09, 1.19280969102e-07, 4.60281216874e-06, 4.97850451211e-05, 8.17290128907e-05, 3.40469910043e-07, 3.24163593746e-08, 1.71949743333e-08, 7.17082393464e-10, 9.06662245281e-12, 5.43594613767e-11, 7.41606359655e-11, 1.5933296349e-11, 8.86655061438e-13, 3.33033703696e-14],
        "max": [3.60503181582e-05, 1.7293898054e-05, 0.000120139782666, 0.000166504236404, 0.000921520870179, 0.000627710716799, 0.000714602589142, 6.44283863949e-05, 4.83266558149e-05, 2.49034910667e-05, 2.50392840826e-05, 0.000118841177027, 0.000331376882968, 0.00294656259939, 0.0217713564634, 0.0455426909029, 0.0558031387627, 0.00316481967457, 0.00183002732228, 0.00172278087121, 0.000177647569217, 3.65461637557e-05, 9.10487797228e-05, 3.07078153128e-05, 1.33557950903e-05, 4.03051944886e-06, 2.06417030313e-06],
        "mean": [3.90742388845e-06, 9.15606960916e-07, 1.40077872857e-05, 2.26612264669e-05, 0.000107160500193, 9.0015681053e-05, 6.22422885499e-05, 1.30627995532e-05, 9.79579635896e-06, 4.20378955823e-06, 3.22813161802e-06, 7.46830755816e-06, 2.96699363389e-05, 0.000191195955267, 0.00167231087107, 0.00333232013509, 0.00148235098459, 7.20382522559e-05, 6.82043610141e-05, 0.000107104584458, 7.23136508896e-06, 2.95749623547e-06, 3.94451353714e-06, 2.67014024757e-06, 1.86603824659e-06, 5.5209045513e-07, 7.22418860732e-07],
        "median": [2.39716155193e-06, 3.6164976791e-07, 3.57728231393e-06, 1.16735955089e-05, 2.44843722612e-05, 4.47768325103e-05, 1.33086259666e-05, 4.55883309769e-06, 5.28168402525e-06, 2.75506181424e-06, 1.81964128387e-06, 3.71378223463e-06, 4.51138930657e-06, 6.85943450662e-06, 7.66396406107e-05, 3.14950375468e-05, 9.53933158598e-06, 2.00273689188e-06, 5.12427868671e-06, 2.04041703e-06, 1.49150957895e-06, 9.79316268968e-07, 1.35648610922e-06, 1.20302388495e-06, 8.29713144412e-07, 2.37488933408e-07, 5.90691058733e-07],
        "min": [3.61496503842e-08, 4.90184319801e-08, 7.08888237e-09, 2.22519133786e-07, 2.7324867915e-06, 4.54733162769e-06, 2.34585428416e-07, 2.65404054289e-07, 5.48176785742e-07, 2.69099132311e-07, 5.11871363074e-08, 1.20483804267e-07, 2.69944308684e-07, 2.32063541716e-07, 2.82684936792e-07, 4.71402501034e-07, 2.5661233849e-07, 1.3420847722e-07, 1.9134533602e-07, 1.51732791664e-07, 2.39057925455e-07, 9.60615338386e-08, 9.23129306329e-08, 8.57323740888e-08, 6.75102000969e-08, 4.47834409556e-08, 4.16135492287e-07],
        "var": [2.61879389701e-11, 3.94067200746e-12, 6.17015771809e-10, 8.7520463099e-10, 2.91297208577e-08, 1.31560637939e-08, 1.29587691688e-08, 2.74732625538e-10, 1.27063956579e-10, 2.10464631833e-11, 1.70129951793e-11, 1.9259679962e-10, 4.50034187693e-09, 2.0917168797e-07, 1.67184534803e-05, 6.68383727316e-05, 4.23231831519e-05, 1.12690798915e-07, 6.00322707101e-08, 9.54511705231e-08, 4.80323669727e-10, 3.11256229124e-11, 1.20540355475e-10, 1.70879855405e-11, 6.2387889993e-12, 6.94024048301e-13, 1.25322915565e-13]
    },
    "erbbands": {
        "dmean": [2.1773374101e-05, 0.000324073713273, 0.0069396244362, 0.0410728938878, 0.120019100606, 0.282584041357, 0.346576780081, 0.65963768959, 0.848183631897, 0.335610240698, 0.137805551291, 0.127183660865, 0.114920653403, 0.0815357044339, 0.0918985828757, 0.319329738617, 0.771567523479, 4.14795732498, 49.4336967468, 101.379241943, 53.6025619507, 90.0747451782, 10.6302700043, 2.57475543022, 1.79127407074, 3.0571782589, 0.45010098815, 0.245897680521, 0.0461372025311, 0.0947832167149, 0.0819948911667, 0.0646364167333, 0.0370887331665, 0.0201245173812, 0.00904139783233, 0.00248216022737, 0.00023583645816, 7.97646716819e-05, 1.60820600286e-05, 6.6135016823e-06],
        "dmean2": [3.72880094801e-05, 0.000506872602273, 0.0109723899513, 0.0678152963519, 0.187530711293, 0.405128628016, 0.586121201515, 1.10414159298, 1.48421394825, 0.532839775085, 0.234094560146, 0.218101114035, 0.198041468859, 0.135005071759, 0.147607177496, 0.454242736101, 1.08350801468, 5.43085384369, 62.0209007263, 151.12538147, 80.0920791626, 133.627838135, 15.0248498917, 3.29249572754, 3.05294704437, 3.17246413231, 0.595690727234, 0.385491520166, 0.0725395604968, 0.10346313566, 0.141259178519, 0.114539556205, 0.0676003471017, 0.0359378419816, 0.016408290714, 0.00434899656102, 0.000386957952287, 0.000136115864734, 2.71183143923e-05, 9.7525307865e-06],
        "dvar": [5.96152738286e-10, 6.94541654411e-07, 0.00015653972514, 0.00325593235902, 0.0354906991124, 0.266047209501, 0.290574580431, 0.924682021141, 3.3772354126, 0.222060352564, 0.0421910434961, 0.0411614999175, 0.021038653329, 0.0155991083011, 0.0123091936111, 0.577535927296, 2.47403669357, 79.4036865234, 14840.0771484, 53363.1914062, 9955.07714844, 165326.265625, 1815.33044434, 129.727142334, 76.7543258667, 69.9530334473, 0.712527632713, 0.795415639877, 0.00440917536616, 0.0901444479823, 0.0190827213228, 0.0157010834664, 0.00458723353222, 0.0010617156513, 0.000242900307057, 2.33625323744e-05, 1.7173196909e-07, 1.64263145308e-08, 3.39487660206e-10, 9.9485364391e-11],
        "dvar2": [1.56545498786e-09, 1.82031897111e-06, 0.00036360041122, 0.00807703286409, 0.0811336562037, 0.522946894169, 0.828467905521, 2.5840075016, 9.36507701874, 0.558174312115, 0.12387675792, 0.0977861732244, 0.0625205263495, 0.0317324995995, 0.0291042197496, 1.31306290627, 5.64580631256, 117.473960876, 22734.890625, 122470.875, 24021.5019531, 382291.09375, 4112.72412109, 264.286193848, 177.661453247, 80.2549667358, 1.04069566727, 1.84201729298, 0.00833648070693, 0.0414213240147, 0.047256283462, 0.0441106334329, 0.0130472742021, 0.0029173437506, 0.000674989831168, 6.39884674456e-05, 4.21297244202e-07, 4.51916655209e-08, 8.97680096923e-10, 2.43742581674e-10],
        "max": [0.000169340957655, 0.00722789112478, 0.101964816451, 0.416678458452, 1.48822128773, 4.01392698288, 4.08436918259, 6.44808673859, 12.2073755264, 3.99995112419, 1.22320818901, 1.43930971622, 0.828806102276, 1.1279399395, 1.00224781036, 5.66859865189, 12.0120754242, 106.170928955, 1503.5045166, 2223.74853516, 648.370788574, 3811.39526367, 398.906616211, 118.522171021, 100.375068665, 117.757415771, 10.9713087082, 8.87974834442, 0.911978423595, 5.12092018127, 1.02770543098, 0.684830546379, 0.40324562788, 0.180393457413, 0.0796224921942, 0.0280980691314, 0.00434114970267, 0.00146905623842, 0.000359890254913, 9.43441409618e-05],
        "mean": [3.25857545249e-05, 0.00043240483501, 0.0107404161245, 0.0558010302484, 0.163090750575, 0.426261812449, 0.54865449667, 0.802364110947, 1.01660203934, 0.602140009403, 0.234519869089, 0.225709497929, 0.164560064673, 0.123583756387, 0.170489162207, 0.420210748911, 1.28769302368, 9.46290302277, 109.01587677, 167.786361694, 78.6217498779, 83.656867981, 9.87069225311, 3.40068125725, 3.57932901382, 7.27008342743, 0.938424289227, 0.302907377481, 0.0920803248882, 0.170673713088, 0.0906426012516, 0.0629159510136, 0.0401284471154, 0.024851128459, 0.0113915475085, 0.0037594253663, 0.000635650823824, 0.00028253934579, 9.97263196041e-05, 2.19063840632e-05],
        "median": [2.52511417784e-05, 0.000142589386087, 0.00334955519065, 0.0295307897031, 0.0838797986507, 0.065454185009, 0.244454115629, 0.357968568802, 0.247400522232, 0.172715812922, 0.0903954356909, 0.122950866818, 0.107954218984, 0.074604421854, 0.125826299191, 0.176914826035, 0.313549697399, 0.976168274879, 6.50689125061, 9.70502471924, 2.9316906929, 2.47353839874, 0.281697064638, 0.368454664946, 0.497107923031, 0.188262909651, 0.0946572870016, 0.0527288764715, 0.0369100570679, 0.0352498367429, 0.0386760309339, 0.0274805724621, 0.0163884013891, 0.0109501443803, 0.00479420181364, 0.00143950537313, 0.000295579549856, 0.000156879803399, 6.94905102137e-05, 1.45284329847e-05],
        "min": [4.27013128501e-06, 1.7212374587e-05, 0.000129287029267, 0.0021696309559, 0.0088785039261, 0.0124860368669, 0.0238141864538, 0.0312967933714, 0.0153533956036, 0.00540792243555, 0.00834272336215, 0.0113469911739, 0.011176051572, 0.00414446881041, 0.00225844164379, 0.0070792613551, 0.0149509962648, 0.0173867214471, 0.0143171157688, 0.0155508061871, 0.0302104111761, 0.0204269941896, 0.0137890856713, 0.0123244365677, 0.0112868584692, 0.0110409837216, 0.00862550269812, 0.00726252421737, 0.00408294890076, 0.00264609511942, 0.00253328518011, 0.00212288671173, 0.00147138512693, 0.000854689569678, 0.000316816673148, 0.000118359610497, 7.58649766794e-05, 8.4437248006e-05, 4.52419226349e-05, 8.27637450129e-06],
        "var": [7.48880124579e-10, 8.97579809589e-07, 0.000385183957405, 0.00593164376915, 0.0490374192595, 0.55875235796, 0.657281398773, 1.28272044659, 4.01139211655, 0.742284953594, 0.082676269114, 0.0777659490705, 0.0279006864876, 0.0248458702117, 0.0291418153793, 0.712886989117, 5.61229896545, 408.806030273, 77873.296875, 164500.796875, 20787.8886719, 180081.921875, 1949.02233887, 178.97593689, 168.026306152, 436.432067871, 4.16976833344, 1.15404367447, 0.0215330198407, 0.350503265858, 0.0255202539265, 0.0104687251151, 0.00335596641526, 0.00112519378308, 0.000254049635259, 3.45204971381e-05, 7.47524268263e-07, 9.42800113535e-08, 4.95622920482e-09, 2.64107097303e-10]
    },
    "gfcc": {
        "mean": [-170.935668945, 45.7141265869, -144.265563965, 12.1291599274, -33.5694694519, -20.3118743896, -71.7269363403, -18.2899932861, -13.5100288391, -1.70895147324, -17.9179401398, -16.530008316, -1.19955015182],
        "cov": [[1828.91149902, -556.121154785, -618.950744629, 99.7685470581, -244.45123291, -427.699707031, -473.935058594, 86.3083877563, 148.958251953, 240.212142944, -292.318664551, -115.394836426, 472.675109863], [-556.121154785, 515.479980469, 229.580322266, -344.627532959, 73.6643447876, 145.670913696, 103.122207642, -205.340774536, -76.8569107056, 74.0675430298, 107.656242371, -77.7040939331, -168.96647644], [-618.950744629, 229.580322266, 545.461914062, -99.9455566406, -183.070037842, 294.793029785, 232.780105591, -55.5300483704, -223.442901611, -78.6948471069, 197.405349731, 85.8261260986, -245.55632019], [99.7685470581, -344.627532959, -99.9455566406, 859.391418457, 249.324707031, -217.823760986, 39.3083610535, 313.664978027, 196.889862061, -343.98324585, -146.252197266, 242.78112793, 75.5153121948], [-244.45123291, 73.6643447876, -183.070037842, 249.324707031, 445.123657227, -70.8332366943, 5.70125341415, 33.3536376953, 189.889404297, -78.2479019165, -105.298652649, 19.6624469757, 24.4749298096], [-427.699707031, 145.670913696, 294.793029785, -217.823760986, -70.8332366943, 399.965362549, 151.45324707, -117.332336426, -174.092803955, 53.427822113, 184.908004761, -51.1740531921, -207.569900513], [-473.935058594, 103.122207642, 232.780105591, 39.3083610535, 5.70125341415, 151.45324707, 201.987686157, 2.66545152664, -78.4263687134, -94.5096740723, 86.9558944702, 73.7545166016, -127.196411133], [86.3083877563, -205.340774536, -55.5300483704, 313.664978027, 33.3536376953, -117.332336426, 2.66545152664, 222.134628296, 95.061050415, -177.111312866, -73.1282424927, 153.71496582, 61.2530326843], [148.958251953, -76.8569107056, -223.442901611, 196.889862061, 189.889404297, -174.092803955, -78.4263687134, 95.061050415, 225.339447021, -27.8095207214, -153.501296997, 46.1729469299, 148.921768188], [240.212142944, 74.0675430298, -78.6948471069, -343.98324585, -78.2479019165, 53.427822113, -94.5096740723, -177.111312866, -27.8095207214, 303.066802979, 22.64686203, -209.227386475, 53.8631591797], [-292.318664551, 107.656242371, 197.405349731, -146.252197266, -105.298652649, 184.908004761, 86.9558944702, -73.1282424927, -153.501296997, 22.64686203, 199.933395386, -46.2312393188, -195.259674072], [-115.394836426, -77.7040939331, 85.8261260986, 242.78112793, 19.6624469757, -51.1740531921, 73.7545166016, 153.71496582, 46.1729469299, -209.227386475, -46.2312393188, 264.776977539, 48.9684143066], [472.675109863, -168.96647644, -245.55632019, 75.5153121948, 24.4749298096, -207.569900513, -127.196411133, 61.2530326843, 148.921768188, 53.8631591797, -195.259674072, 48.9684143066, 305.147369385]],
        "icov": [[0.00792488735169, -0.0050241407007, 0.0105113703758, -0.00861363764852, 0.0100646428764, -0.00418250542134, 0.010726865381, -0.00331528508104, 0.0100024463609, -0.0105877211317, 0.00952553190291, -0.0047559607774, 0.000862971355673], [-0.0050241407007, 0.0160555522889, -0.0160429161042, 0.0123981675133, -0.0128657491878, 0.00848073977977, -0.0076743341051, 0.0103057436645, -0.0132283419371, 0.0116110304371, -0.00856308452785, 0.00502584222704, 0.000348104047589], [0.0105113703758, -0.0160429161042, 0.029429955408, -0.0173887722194, 0.0211556833237, -0.0116592841223, 0.0100808637217, -0.00776821328327, 0.0200010016561, -0.0199998728931, 0.0172197259963, -0.0132144857198, 0.00586244510487], [-0.00861363764852, 0.0123981675133, -0.0173887722194, 0.016789028421, -0.0160262603313, 0.00841948855668, -0.0122584085912, 0.00461508985609, -0.0149422623217, 0.0167933609337, -0.0123541383073, 0.00772753125057, -0.00178094382863], [0.0100646428764, -0.0128657491878, 0.0211556833237, -0.0160262603313, 0.023307390511, -0.0100191785023, 0.0114932479337, -0.00279312068596, 0.0095699634403, -0.0139158545062, 0.0155135411769, -0.00746839260682, 0.0038541178219], [-0.00418250542134, 0.00848073977977, -0.0116592841223, 0.00841948855668, -0.0100191785023, 0.011802950874, -0.00826413463801, 0.00413373205811, -0.00634135119617, 0.00489825708792, -0.00785688962787, 0.00307688186876, 0.000975350965746], [0.010726865381, -0.0076743341051, 0.0100808637217, -0.0122584085912, 0.0114932479337, -0.00826413463801, 0.0285843666643, -0.00497081270441, 0.0146611360833, -0.0118292216212, 0.0111740948632, -0.00706033594906, -0.000134051239002], [-0.00331528508104, 0.0103057436645, -0.00776821328327, 0.00461508985609, -0.00279312068596, 0.00413373205811, -0.00497081270441, 0.025232585147, -0.0159710142761, 0.0147626334801, -0.00718541769311, 0.000840560765937, -0.000196697452338], [0.0100024463609, -0.0132283419371, 0.0200010016561, -0.0149422623217, 0.0095699634403, -0.00634135119617, 0.0146611360833, -0.0159710142761, 0.03676398471, -0.0240483637899, 0.0204374585301, -0.0113450530916, 0.00241139600985], [-0.0105877211317, 0.0116110304371, -0.0199998728931, 0.0167933609337, -0.0139158545062, 0.00489825708792, -0.0118292216212, 0.0147626334801, -0.0240483637899, 0.0392460413277, -0.0228105653077, 0.0203808713704, -0.0139243779704], [0.00952553190291, -0.00856308452785, 0.0172197259963, -0.0123541383073, 0.0155135411769, -0.00785688962787, 0.0111740948632, -0.00718541769311, 0.0204374585301, -0.0228105653077, 0.037302441895, -0.0124179245904, 0.0168432872742], [-0.0047559607774, 0.00502584222704, -0.0132144857198, 0.00772753125057, -0.00746839260682, 0.00307688186876, -0.00706033594906, 0.000840560765937, -0.0113450530916, 0.0203808713704, -0.0124179245904, 0.0211802721024, -0.0122217703611], [0.000862971355673, 0.000348104047589, 0.00586244510487, -0.00178094382863, 0.0038541178219, 0.000975350965746, -0.000134051239002, -0.000196697452338, 0.00241139600985, -0.0139243779704, 0.0168432872742, -0.0122217703611, 0.0216494761407]]
    },
    "melbands": {
        "dmean": [2.95978622944e-07, 2.64546520157e-06, 8.78684386407e-06, 1.44617342812e-05, 1.12204270408e-05, 1.52026723299e-05, 1.14894100989e-05, 3.23417134496e-06, 1.0335998013e-06, 7.31284728772e-07, 5.81359870466e-07, 3.39585653819e-07, 2.60558863374e-07, 5.30023555712e-07, 1.45921603689e-06, 1.99298187908e-06, 2.92466802421e-06, 8.35149621707e-05, 5.33393431397e-05, 0.000189667771338, 4.835393338e-05, 9.5305396826e-05, 3.31087430823e-05, 4.37616654381e-06, 1.57042097726e-06, 1.68647454757e-06, 5.85700547617e-07, 2.6586221793e-06, 1.72445965063e-07, 1.7174278355e-07, 1.13176255923e-07, 1.51779318003e-08, 4.7975579065e-08, 5.2140631368e-08, 4.29740580898e-08, 5.35420774384e-08, 3.4343326405e-08, 2.57116496982e-08, 2.36088126826e-08, 1.56995589862e-08],
        "dmean2": [4.94089022141e-07, 4.12012423112e-06, 1.41096579682e-05, 2.1237459805e-05, 1.85479966603e-05, 2.56374169112e-05, 2.00315935217e-05, 5.24866891283e-06, 1.74162414623e-06, 1.26822965285e-06, 1.0070513099e-06, 5.70462930227e-07, 4.17000137531e-07, 8.16915644464e-07, 1.97585427486e-06, 2.87750640382e-06, 3.83675842386e-06, 0.000105646409793, 7.62107883929e-05, 0.000286372349365, 7.3005532613e-05, 0.000139710318763, 5.0162721891e-05, 5.79375546295e-06, 1.91295066543e-06, 3.07811592393e-06, 8.91793433766e-07, 2.68470034825e-06, 2.9208365504e-07, 2.56871686588e-07, 1.81391058618e-07, 2.52718468374e-08, 6.80730778413e-08, 5.14456175438e-08, 7.58431966119e-08, 9.77675540526e-08, 6.07904482308e-08, 4.70707597344e-08, 4.18131698154e-08, 2.79144387605e-08],
        "dvar": [1.60725220025e-13, 2.28585518569e-11, 8.87086654133e-11, 6.20659523776e-10, 2.86095369617e-10, 4.73841577087e-10, 5.9683136211e-10, 2.05373357209e-11, 2.54445965166e-12, 1.29708201645e-12, 5.49203369414e-13, 2.69011321465e-13, 1.18911025232e-13, 1.40324264795e-12, 1.89829627711e-11, 2.12803698274e-11, 7.88438064836e-11, 4.95226863961e-08, 9.47245037963e-09, 2.09544367635e-07, 1.76566210541e-08, 1.66814174918e-07, 2.8224288684e-08, 6.09602091028e-10, 5.10411678201e-11, 7.5076035666e-11, 4.44737129068e-12, 5.5684810929e-11, 9.8192924603e-14, 2.9704361258e-13, 1.84569319463e-13, 4.10428729331e-16, 1.19772745731e-14, 3.6434217595e-14, 5.47861164394e-15, 8.97585228799e-15, 4.77562808431e-15, 2.43121135169e-15, 1.7906124039e-15, 6.8600372541e-16],
        "dvar2": [4.32455585014e-13, 5.45496807447e-11, 2.30728033901e-10, 1.22493926114e-09, 7.2778150173e-10, 1.33053046358e-09, 1.64583435769e-09, 5.52746008686e-11, 7.48708300219e-12, 2.91926769216e-12, 1.62719284661e-12, 5.31710580513e-13, 2.86102061096e-13, 3.02733511003e-12, 3.6388024538e-11, 5.40583480757e-11, 9.5297540692e-11, 7.51152384737e-08, 1.89461335509e-08, 4.93604943586e-07, 4.38527472113e-08, 3.79644461646e-07, 6.66361543722e-08, 1.39319855652e-09, 9.11964739836e-11, 1.66715627414e-10, 1.05784443705e-11, 6.52401188628e-11, 2.50163117218e-13, 6.31974778498e-13, 4.4983577952e-13, 1.03500575776e-15, 1.45018020623e-14, 1.64675012586e-14, 1.33486869832e-14, 2.46135289206e-14, 1.35105710731e-14, 6.975479798e-15, 5.15863605427e-15, 1.9406551849e-15],
        "max": [2.8845520319e-06, 3.83985425287e-05, 6.79280274198e-05, 0.000161355594173, 0.000165500212461, 0.00013315193064, 0.000168173064594, 3.70439520339e-05, 9.64292485151e-06, 8.11356221675e-06, 4.28948169429e-06, 4.38624329036e-06, 2.78029847323e-06, 1.16803394121e-05, 4.21413133154e-05, 4.08658343076e-05, 0.000101903911855, 0.00275502796285, 0.000781294773333, 0.00445260060951, 0.00082983658649, 0.00385007169098, 0.00156034983229, 0.000210779195186, 7.38243761589e-05, 9.73112037173e-05, 2.14155261347e-05, 0.000104343140265, 1.97226495402e-06, 5.61744673178e-06, 4.11610426454e-06, 1.8187958517e-07, 1.66094230281e-06, 3.17442209052e-06, 5.53693951133e-07, 4.74094633773e-07, 3.89825743241e-07, 3.2663751881e-07, 1.90971505276e-07, 1.65162518329e-07],
        "mean": [4.29463369755e-07, 3.89793558497e-06, 1.14673293865e-05, 2.16565513256e-05, 1.93927116925e-05, 1.81799932761e-05, 1.47759647007e-05, 5.56245322514e-06, 1.7168007389e-06, 1.37635538522e-06, 7.97175289335e-07, 4.9212991371e-07, 4.80312394302e-07, 7.27003850898e-07, 1.74948422682e-06, 2.98368127005e-06, 5.16567479281e-06, 0.000185569762834, 9.77730742306e-05, 0.000311590003548, 4.703902232e-05, 9.1954410891e-05, 2.78642819467e-05, 3.99348391511e-06, 2.06154345506e-06, 3.57127350981e-06, 9.94685251499e-07, 6.36911954643e-06, 2.10961118796e-07, 2.02356218892e-07, 1.29030283347e-07, 2.76321490134e-08, 9.91810580331e-08, 8.89378526381e-08, 4.85188778043e-08, 4.82976219018e-08, 3.31867617831e-08, 2.64041180031e-08, 2.75943872197e-08, 1.89937683359e-08],
        "median": [3.11593737479e-07, 1.24376128952e-06, 7.39493043511e-06, 4.98174858876e-06, 7.23717994333e-06, 7.99324061518e-06, 3.48562707586e-06, 1.59199976224e-06, 6.59308057038e-07, 7.59682563967e-07, 5.14391786055e-07, 2.85456280835e-07, 3.00842685874e-07, 3.93068489757e-07, 2.86399995275e-07, 3.82282166811e-07, 6.48078753329e-07, 1.90215405382e-06, 1.1936386727e-05, 2.07613857128e-06, 2.33008904615e-06, 5.06210881213e-07, 1.13793994672e-07, 1.0487065083e-07, 2.36871542825e-07, 1.84383168289e-07, 9.42570892448e-08, 7.25249691413e-08, 5.46205747298e-08, 3.75906310524e-08, 1.92312477054e-08, 1.47586494137e-08, 1.68564895375e-08, 1.58244404247e-08, 1.89472348922e-08, 1.79442238846e-08, 1.37067823758e-08, 1.15583134175e-08, 1.06833546454e-08, 8.1979827371e-09],
        "min": [4.30029949428e-08, 1.69746972034e-08, 4.13430797153e-07, 5.747248224e-07, 8.73585804584e-07, 8.05385241165e-07, 1.7616457626e-07, 6.03051120152e-08, 4.86515610021e-08, 6.89918877583e-08, 5.30854009639e-08, 1.59394755173e-08, 7.67766117349e-09, 8.96356500135e-09, 1.33340147812e-08, 3.15255945793e-08, 1.83991364366e-08, 1.98007175101e-08, 2.09384563021e-08, 2.75421516704e-08, 1.85135267117e-08, 1.43920004803e-08, 8.58827409189e-09, 5.85381831897e-09, 6.55905774138e-09, 6.17212547738e-09, 4.65114879944e-09, 4.46344650129e-09, 4.50350468029e-09, 5.04250774469e-09, 1.926900417e-09, 2.3792767756e-09, 1.27233645841e-09, 1.1798501065e-09, 1.00238106704e-09, 1.24705556992e-09, 1.21605125969e-09, 9.63505497609e-10, 7.33725191715e-10, 6.44657049964e-10],
        "var": [1.75806987241e-13, 5.34121323559e-11, 1.59694160673e-10, 1.20036491857e-09, 8.50330084123e-10, 6.36444119628e-10, 7.78174191751e-10, 5.91929769089e-11, 4.47572794798e-12, 2.69146011901e-12, 6.88143281507e-13, 4.1483198712e-13, 2.86003046333e-13, 1.65730970614e-12, 2.77747998212e-11, 5.19816065192e-11, 2.73882166946e-10, 2.59258399637e-07, 3.24731637136e-08, 6.28427301308e-07, 1.7257272944e-08, 1.96255314222e-07, 2.74281042323e-08, 4.82948236957e-10, 7.63164184625e-11, 1.77440007132e-10, 8.19060270996e-12, 3.50829809648e-10, 1.39002145298e-13, 4.7739644269e-13, 2.4954045991e-13, 1.19872303866e-15, 5.7869202865e-14, 1.31676814634e-13, 7.90184500406e-15, 6.36017897149e-15, 3.13240216609e-15, 1.64041768637e-15, 1.54219299295e-15, 7.15213074261e-16]
    },
    "mfcc": {
        "mean": [-825.485290527, 98.2031478882, -32.5449943542, 15.2530794144, 24.8611183167, -5.4756770134, -29.7669792175, -26.3389816284, -7.4807600975, 3.87802672386, -19.4837150574, -13.7878417969, 2.39939761162],
        "cov": [[1804.36694336, -667.918701172, -252.670639038, 130.034790039, 21.9127235413, -396.575286865, -456.899261475, -227.477752686, 283.377197266, 194.749343872, -495.556213379, -176.925323486, 355.880767822], [-667.918701172, 806.039611816, 117.807220459, -444.651397705, -168.644515991, 250.28314209, 117.883895874, -313.117095947, -187.15234375, 102.624687195, 131.817825317, -12.6649923325, -185.994903564], [-252.670639038, 117.807220459, 475.668395996, -263.104919434, -253.843429565, 82.1093673706, 280.960632324, -23.9585895538, -307.554656982, -4.33573913574, 163.666275024, 11.634021759, -82.6696929932], [130.034790039, -444.651397705, -263.104919434, 739.828430176, 361.118560791, -158.793701172, -193.434646606, 446.035919189, 309.986877441, -253.301055908, -98.0464782715, 132.887207031, 159.959396362], [21.9127235413, -168.644515991, -253.843429565, 361.118560791, 308.204467773, -9.5129327774, -141.099151611, 199.784561157, 219.633407593, -111.917961121, -57.0512084961, 112.505378723, 31.8567962646], [-396.575286865, 250.28314209, 82.1093673706, -158.793701172, -9.5129327774, 278.840209961, 164.707565308, -83.7932662964, -85.3499832153, 38.7258491516, 90.5116882324, 74.9845352173, -98.1205596924], [-456.899261475, 117.883895874, 280.960632324, -193.434646606, -141.099151611, 164.707565308, 348.515380859, 57.1109466553, -296.608337402, -26.6924419403, 262.154144287, 0.178872779012, -170.539825439], [-227.477752686, -313.117095947, -23.9585895538, 446.035919189, 199.784561157, -83.7932662964, 57.1109466553, 562.873291016, 116.059776306, -386.053833008, 90.9152145386, 267.983154297, -31.8377571106], [283.377197266, -187.15234375, -307.554656982, 309.986877441, 219.633407593, -85.3499832153, -296.608337402, 116.059776306, 507.863311768, -127.014961243, -361.026519775, 225.523101807, 226.958892822], [194.749343872, 102.624687195, -4.33573913574, -253.301055908, -111.917961121, 38.7258491516, -26.6924419403, -386.053833008, -127.014961243, 437.016876221, -9.24952125549, -378.422027588, 55.9011154175], [-495.556213379, 131.817825317, 163.666275024, -98.0464782715, -57.0512084961, 90.5116882324, 262.154144287, 90.9152145386, -361.026519775, -9.24952125549, 471.2081604, -94.5941772461, -349.944671631], [-176.925323486, -12.6649923325, 11.634021759, 132.887207031, 112.505378723, 74.9845352173, 0.178872779012, 267.983154297, 225.523101807, -378.422027588, -94.5941772461, 531.208740234, -12.5805130005], [355.880767822, -185.994903564, -82.6696929932, 159.959396362, 31.8567962646, -98.1205596924, -170.539825439, -31.8377571106, 226.958892822, 55.9011154175, -349.944671631, -12.5805130005, 450.621337891]],
