{
"lowlevel": {
    "average_loudness": 0.97251611948,
    "barkbands_crest": {
        "dmean": 3.44954419136,
        "dmean2": 6.17978286743,
        "dvar": 7.08000087738,
        "dvar2": 22.481552124,
        "max": 25.7873191833,
        "mean": 14.9748544693,
        "median": 14.5495119095,
        "min": 4.59704065323,
        "var": 19.4765663147
    },
    "barkbands_flatness_db": {
        "dmean": 0.0245696548373,
        "dmean2": 0.0430241525173,
        "dvar": 0.000348310015397,
        "dvar2": 0.000961961050052,
        "max": 0.36372500658,
        "mean": 0.184990540147,
        "median": 0.180587515235,
        "min": 0.0774719044566,
        "var": 0.00137735076714
    },
    "barkbands_kurtosis": {
        "dmean": 14.0879011154,
        "dmean2": 23.7465419769,
        "dvar": 608.645690918,
        "dvar2": 1443.18261719,
        "max": 350.068450928,
        "mean": 28.9981193542,
        "median": 22.320192337,
        "min": 1.31923007965,
        "var": 922.616516113
    },
    "barkbands_skewness": {
        "dmean": 1.04879832268,
        "dmean2": 1.79335212708,
        "dvar": 0.904318928719,
        "dvar2": 2.35461354256,
        "max": 16.3384494781,
        "mean": 4.60368490219,
        "median": 4.41024160385,
        "min": 1.32497322559,
        "var": 2.35917210579
    },
    "barkbands_spread": {
        "dmean": 4.31459712982,
        "dmean2": 7.76877498627,
        "dvar": 14.3860025406,
        "dvar2": 44.2156829834,
        "max": 32.3094406128,
        "mean": 11.8079423904,
        "median": 11.6711053848,
        "min": 0.80995953083,
        "var": 30.9130802155
    },
    "dissonance": {
        "dmean": 0.0266662277281,
        "dmean2": 0.0434061437845,
        "dvar": 0.000463662290713,
        "dvar2": 0.00114902551286,
        "max": 0.5,
        "mean": 0.446834951639,
        "median": 0.451126009226,
        "min": 0.215873688459,
        "var": 0.00120882643387
    },
    "dynamic_complexity": 2.6505150795,
    "erbbands_crest": {
        "dmean": 3.30653071404,
        "dmean2": 5.74910640717,
        "dvar": 5.68367195129,
        "dvar2": 18.6260166168,
        "max": 24.0690822601,
        "mean": 10.9324417114,
        "median": 9.93493938446,
        "min": 4.21442461014,
        "var": 15.9253587723
    },
    "erbbands_flatness_db": {
        "dmean": 0.018413990736,
        "dmean2": 0.0306446291506,
        "dvar": 0.000198870955501,
        "dvar2": 0.000506420852616,
        "max": 0.331021845341,
        "mean": 0.180229231715,
        "median": 0.173993691802,
        "min": 0.127897277474,
        "var": 0.000968538457528
    },
    "erbbands_kurtosis": {
        "dmean": 2.05349159241,
        "dmean2": 3.51102042198,
        "dvar": 6.42813110352,
        "dvar2": 14.0054159164,
        "max": 32.8746566772,
        "mean": 2.90181231499,
        "median": 2.03498125076,
        "min": -0.625730037689,
        "var": 11.5166501999
    },
    "erbbands_skewness": {
        "dmean": 0.484690517187,
        "dmean2": 0.8284278512,
        "dvar": 0.125083088875,
        "dvar2": 0.332942426205,
        "max": 5.02496671677,
        "mean": 1.52416908741,
        "median": 1.440076828,
        "min": 0.488544732332,
        "var": 0.336527824402
    },
    "erbbands_spread": {
        "dmean": 4.17362689972,
        "dmean2": 7.19799804688,
        "dvar": 12.1299629211,
        "dvar2": 32.1813964844,
        "max": 41.2675361633,
        "mean": 20.2061023712,
        "median": 20.6606235504,
        "min": 3.32801175117,
        "var": 32.5450019836
    },
    "hfc": {
        "dmean": 4.25062990189,
        "dmean2": 6.01862335205,
        "dvar": 79.4529495239,
        "dvar2": 129.316482544,
        "max": 99.1043624878,
        "mean": 15.0543317795,
        "median": 11.7200860977,
        "min": 1.31977546215,
        "var": 162.191436768
    },
    "melbands_crest": {
        "dmean": 3.7011013031,
        "dmean2": 6.77323007584,
        "dvar": 7.52448177338,
        "dvar2": 23.0667362213,
        "max": 26.9276809692,
        "mean": 15.5543165207,
        "median": 14.816119194,
        "min": 6.67447042465,
        "var": 17.6147994995
    },
    "melbands_flatness_db": {
        "dmean": 0.0271100942045,
        "dmean2": 0.0480925068259,
        "dvar": 0.000499278481584,
        "dvar2": 0.0013675277587,
        "max": 0.477784365416,
        "mean": 0.296701282263,
        "median": 0.292634099722,
        "min": 0.134067982435,
        "var": 0.00153262657113
    },
    "melbands_kurtosis": {
        "dmean": 10.2382822037,
        "dmean2": 17.2948951721,
        "dvar": 161.541641235,
        "dvar2": 387.864929199,
        "max": 161.924499512,
        "mean": 21.0785923004,
        "median": 17.1922683716,
        "min": 3.76561117172,
        "var": 290.09664917
    },
    "melbands_skewness": {
        "dmean": 0.788259744644,
        "dmean2": 1.36396086216,
        "dvar": 0.460373550653,
        "dvar2": 1.2326464653,
        "max": 9.45973587036,
        "mean": 3.27091121674,
        "median": 3.08814144135,
        "min": 1.01427805424,
        "var": 1.24881660938
    },
    "melbands_spread": {
        "dmean": 1.96322238445,
        "dmean2": 3.53422307968,
        "dvar": 5.17905282974,
        "dvar2": 16.9621620178,
        "max": 25.2787513733,
        "mean": 5.20098114014,
        "median": 4.79058456421,
        "min": 0.587005972862,
        "var": 6.27348613739
    },
    "pitch_salience": {
        "dmean": 0.0929185897112,
        "dmean2": 0.16223064065,
        "dvar": 0.00512368930504,
        "dvar2": 0.0151903415099,
        "max": 0.899265289307,
        "mean": 0.627876996994,
        "median": 0.663326442242,
        "min": 0.120192401111,
        "var": 0.0181441605091
    },
    "silence_rate_20dB": {
        "dmean": 0,
        "dmean2": 0,
        "dvar": 0,
        "dvar2": 0,
        "max": 1,
        "mean": 1,
        "median": 1,
        "min": 1,
        "var": 0
    },
    "silence_rate_30dB": {
        "dmean": 0.0222222227603,
        "dmean2": 0.0391061455011,
        "dvar": 0.0217284038663,
        "dvar2": 0.0375768467784,
        "max": 1,
        "mean": 0.966850817204,
        "median": 1,
        "min": 0,
        "var": 0.0320503041148
    },
    "silence_rate_60dB": {
        "dmean": 0,
        "dmean2": 0,
        "dvar": 0,
        "dvar2": 0,
        "max": 0,
        "mean": 0,
        "median": 0,
        "min": 0,
        "var": 0
    },
    "spectral_centroid": {
        "dmean": 66.5307998657,
        "dmean2": 120.328994751,
        "dvar": 14445.3193359,
        "dvar2": 44211.1640625,
        "max": 1596.58276367,
        "mean": 413.18145752,
        "median": 400.844970703,
        "min": 275.04309082,
        "var": 11973.1035156
    },
    "spectral_complexity": {
        "dmean": 2.33888888359,
        "dmean2": 3.99441337585,
        "dvar": 5.84626579285,
        "dvar2": 16.0614204407,
        "max": 31,
        "mean": 11.5027627945,
        "median": 11,
        "min": 2,
        "var": 7.50965976715
    },
    "spectral_decrease": {
        "dmean": 3.03571479066e-09,
        "dmean2": 4.26611546089e-09,
        "dvar": 3.92305724888e-17,
        "dvar2": 4.87501772597e-17,
        "max": -8.46944903099e-10,
        "mean": -6.8063235048e-09,
        "median": -4.01624822288e-09,
        "min": -8.76436203612e-08,
        "var": 1.09809079967e-16
    },
    "spectral_energy": {
        "dmean": 0.0118067860603,
        "dmean2": 0.0165877919644,
        "dvar": 0.000593565055169,
        "dvar2": 0.000739456620067,
        "max": 0.339775800705,
        "mean": 0.0270541124046,
        "median": 0.0161418952048,
        "min": 0.0033162701875,
        "var": 0.00165330874734
    },
    "spectral_energyband_high": {
        "dmean": 8.58355415403e-05,
        "dmean2": 0.000155691843247,
        "dvar": 8.10074070046e-08,
        "dvar2": 2.39681213543e-07,
        "max": 0.00301111536101,
        "mean": 0.000257929088548,
        "median": 0.000245154718868,
        "min": 7.23827133697e-06,
        "var": 4.49886030651e-08
    },
    "spectral_energyband_low": {
        "dmean": 0.000870550691616,
        "dmean2": 0.00149035581853,
        "dvar": 6.2076122731e-07,
        "dvar2": 1.61172488333e-06,
        "max": 0.00560068758205,
        "mean": 0.00120892573614,
        "median": 0.000928883557208,
        "min": 0.000108704691229,
        "var": 9.18152636586e-07
    },
    "spectral_energyband_middle_high": {
        "dmean": 0.000573775731027,
        "dmean2": 0.000958444667049,
        "dvar": 2.89599256575e-06,
        "dvar2": 8.14318991615e-06,
        "max": 0.0161475744098,
        "mean": 0.00112487713341,
        "median": 0.000817688123789,
        "min": 4.80986964249e-05,
        "var": 2.12743657357e-06
    },
    "spectral_energyband_middle_low": {
        "dmean": 0.0114607270807,
        "dmean2": 0.0160735659301,
        "dvar": 0.000572976772673,
        "dvar2": 0.000717443122994,
        "max": 0.336711883545,
        "mean": 0.0248420443386,
        "median": 0.0143622122705,
        "min": 0.00317681650631,
        "var": 0.00158893654589
    },
    "spectral_entropy": {
        "dmean": 0.211864873767,
        "dmean2": 0.361655622721,
        "dvar": 0.0302342250943,
        "dvar2": 0.0814956873655,
        "max": 7.95845746994,
        "mean": 6.83344078064,
        "median": 6.86894178391,
        "min": 5.16217803955,
        "var": 0.103251747787
    },
    "spectral_flux": {
        "dmean": 0.0206808615476,
        "dmean2": 0.033549323678,
        "dvar": 0.000688857457135,
        "dvar2": 0.00172507099342,
        "max": 0.291166186333,
        "mean": 0.0824486538768,
        "median": 0.073030911386,
        "min": 0.0391996093094,
        "var": 0.00140724447556
    },
    "spectral_kurtosis": {
        "dmean": 3.25942111015,
        "dmean2": 5.65291786194,
        "dvar": 14.7703914642,
        "dvar2": 33.1617889404,
        "max": 47.1459503174,
        "mean": 21.953458786,
        "median": 21.5098056793,
        "min": 4.11545944214,
        "var": 30.5069618225
    },
    "spectral_rms": {
        "dmean": 0.000961240148172,
        "dmean2": 0.00148264609743,
        "dvar": 1.37812958201e-06,
        "dvar2": 1.75236857558e-06,
        "max": 0.0182068273425,
        "mean": 0.00461620790884,
        "median": 0.00396839901805,
        "min": 0.00179871777073,
        "var": 5.08487164552e-06
    },
    "spectral_rolloff": {
        "dmean": 134.582519531,
        "dmean2": 237.947860718,
        "dvar": 20581.5449219,
        "dvar2": 68123.34375,
        "max": 1421.19140625,
        "mean": 474.206359863,
        "median": 430.6640625,
        "min": 258.3984375,
        "var": 25391.9609375
    },
    "spectral_skewness": {
        "dmean": 0.311125218868,
        "dmean2": 0.534502565861,
        "dvar": 0.114941842854,
        "dvar2": 0.27561250329,
        "max": 6.07728672028,
        "mean": 3.57938957214,
        "median": 3.54794502258,
        "min": 1.32630348206,
        "var": 0.245206192136
    },
    "spectral_spread": {
        "dmean": 322698.8125,
        "dmean2": 530484.5,
        "dvar": 101191663616,
        "dvar2": 200003321856,
        "max": 5569525.5,
        "mean": 3499561.75,
        "median": 3520243.25,
        "min": 1722073.625,
        "var": 228756258816
    },
    "spectral_strongpeak": {
        "dmean": 0.417238026857,
        "dmean2": 0.663400769234,
        "dvar": 0.285458505154,
        "dvar2": 0.462936669588,
        "max": 6.16581201553,
        "mean": 0.837028026581,
        "median": 0.64850538969,
        "min": 0.0401083081961,
        "var": 0.743817329407
    },
    "zerocrossingrate": {
        "dmean": 0.0141167538241,
        "dmean2": 0.0200468096882,
        "dvar": 0.000136723188916,
        "dvar2": 0.000221339636482,
        "max": 0.16455078125,
        "mean": 0.0801455676556,
        "median": 0.07763671875,
        "min": 0.0087890625,
        "var": 0.000817027059384
    },
    "barkbands": {
        "dmean": [5.19887316841e-06, 0.000109012944449, 0.000555352598894, 0.000919988728128, 0.00830929074436, 0.00372860627249, 0.000820300832856, 0.000695864961017, 0.0003602206707, 0.000297564838547, 0.000204245297937, 0.000110939297883, 5.96979953116e-05, 3.28998430632e-05, 2.51057590503e-05, 3.26411391143e-05, 2.07098746614e-05, 2.13347339013e-05, 1.11595973067e-05, 2.01374696189e-05, 1.50013156599e-05, 5.28182317794e-06, 4.28960811405e-06, 2.69641418527e-06, 1.42689066251e-06, 1.07959749585e-06, 6.07681213296e-05],
        "dmean2": [5.84318922847e-06, 0.000179794660653, 0.000968311156612, 0.00165006914176, 0.0119895031676, 0.00587834790349, 0.00123056082521, 0.00105143431574, 0.000638042693026, 0.000495744345244, 0.000345162348822, 0.000193820567802, 0.00010288595513, 5.30578690814e-05, 4.29693136539e-05, 5.94658085902e-05, 3.63822946383e-05, 3.98981319449e-05, 2.04441530514e-05, 3.86860483559e-05, 2.92872155114e-05, 9.72827274381e-06, 8.09711036709e-06, 5.25927725903e-06, 2.69627525995e-06, 1.99119290301e-06, 0.000103414909972],
        "dvar": [2.9745494956e-09, 1.53364769773e-08, 3.28561839069e-07, 7.67356596043e-07, 0.000381852383725, 0.000101673103927, 1.72313446001e-06, 3.42401904163e-06, 4.43674224471e-07, 4.38710287654e-07, 4.42800740075e-07, 2.81087491061e-08, 9.05017483177e-09, 2.15707629536e-09, 1.25113253091e-09, 9.3656247202e-09, 3.70833452834e-09, 1.32574440315e-08, 3.58364760089e-09, 1.72421916744e-08, 1.33113129408e-08, 7.46628536774e-10, 4.56626736423e-10, 3.40842881696e-10, 5.10657037489e-11, 2.616049391e-11, 2.16637019435e-09],
        "dvar2": [2.9972746507e-09, 2.68279674032e-08, 7.97695918209e-07, 2.45061505666e-06, 0.000432139699114, 0.000214760992094, 2.74165722658e-06, 5.79136121814e-06, 1.23883762626e-06, 1.09035090645e-06, 1.27295095353e-06, 7.72046675479e-08, 2.47617837346e-08, 5.7616831306e-09, 3.55411877706e-09, 2.73631570735e-08, 1.05588879862e-08, 3.93446413227e-08, 1.0358939484e-08, 5.13543589875e-08, 3.99544468621e-08, 2.20128448802e-09, 1.34130118123e-09, 1.01709662914e-09, 1.4827021555e-10, 7.83668061e-11, 6.08849548556e-09],
        "max": [0.000738231930882, 0.00153015716933, 0.00417653750628, 0.00430199690163, 0.3244972229, 0.12082914263, 0.0166759081185, 0.0226660128683, 0.00566151970997, 0.00722000095993, 0.00647538201883, 0.00142054946627, 0.000764000345953, 0.000409244152252, 0.000334357318934, 0.00097105797613, 0.000653051538393, 0.00111492665019, 0.000607451191172, 0.0012720489176, 0.00111611944158, 0.000268242700258, 0.000200293856324, 0.000178507194505, 6.6178603447e-05, 5.29898716195e-05, 0.00042773221503],
        "mean": [8.45746035338e-06, 0.00012447219342, 0.000657443946693, 0.00105285854079, 0.0163292363286, 0.00468888273463, 0.00124431261793, 0.000906867790036, 0.000533407670446, 0.000404664460802, 0.00023804436205, 0.000165408360772, 9.46928630583e-05, 6.20372520643e-05, 4.98178123962e-05, 6.65479674353e-05, 3.90913992305e-05, 2.41907200689e-05, 1.31563165269e-05, 1.78808240889e-05, 1.39825160659e-05, 6.40815005681e-06, 4.22434004577e-06, 2.75596835309e-06, 2.23271376854e-06, 3.60096623808e-06, 0.000264963891823],
        "median": [4.2614983613e-06, 8.89684306458e-05, 0.000409640138969, 0.000739069539122, 0.00870155822486, 0.0021432612557, 0.000876642065123, 0.000442733406089, 0.000354156974936, 0.000264373840764, 0.00013982814562, 0.000117624294944, 7.28164377506e-05, 4.92307844979e-05, 4.2145846237e-05, 5.22159971297e-05, 3.10242612613e-05, 1.47060436575e-05, 7.79630681791e-06, 8.196689123e-06, 6.83435291648e-06, 3.59347018275e-06, 1.96805694941e-06, 1.36868209211e-06, 1.55732072926e-06, 3.22641858475e-06, 0.000259390391875],
        "min": [1.43506781569e-06, 3.1525612485e-06, 3.00922511087e-05, 3.58397192031e-05, 0.000320456922054, 0.000301773834508, 7.06724094925e-05, 1.84238015208e-05, 5.07456534251e-05, 1.69714476215e-05, 1.59917490237e-05, 1.91497997548e-06, 4.32226806879e-06, 2.34063759308e-06, 4.32550223195e-07, 2.71015579756e-07, 2.74004082712e-06, 5.89220121583e-07, 2.75585705367e-07, 1.11988669005e-07, 2.94650391197e-07, 1.82523478998e-07, 1.48491466234e-07, 1.65224093962e-07, 9.90342812202e-08, 1.82078295552e-07, 7.70603946876e-06],
        "var": [2.96009305956e-09, 2.15982538521e-08, 4.21944605478e-07, 7.75839566813e-07, 0.00126670964528, 0.000108211905172, 2.81119650936e-06, 4.82144969283e-06, 4.68724778102e-07, 4.61175602595e-07, 2.73333256473e-07, 2.91703550204e-08, 9.0222034288e-09, 2.83746115493e-09, 1.33382160872e-09, 5.77382675004e-09, 2.46852294161e-09, 7.06898806158e-09, 2.01386440857e-09, 8.99853791481e-09, 6.76628841845e-09, 4.09209721663e-10, 2.46765330392e-10, 1.76771042248e-10, 2.82713227828e-11, 1.40167166068e-11, 3.06219583024e-09]
    },
    "erbbands": {
        "dmean": [0.00116267730482, 0.0366181321442, 0.470634996891, 1.74675309658, 5.66111803055, 40.1719818115, 35.9897079468, 34.8551597595, 20.5647315979, 14.394701004, 8.95143508911, 8.72939491272, 8.82280158997, 7.71033859253, 5.9285235405, 4.49336576462, 2.5071978569, 1.65195918083, 1.41626024246, 1.44337570667, 1.64742362499, 1.2280421257, 1.25909745693, 0.521127164364, 0.728132128716, 0.944642782211, 0.723277211189, 0.541666448116, 0.18848605454, 0.14513041079, 0.115129627287, 0.0791783630848, 0.0316291712224, 0.0187343508005, 0.00816718395799, 0.00465641450137, 0.00230088178068, 0.000945938809309, 0.000870279211085, 0.0016505458625],
        "dmean2": [0.00183325342368, 0.0604939907789, 0.828729271889, 3.07517242432, 9.57720851898, 62.0431442261, 51.6140937805, 54.2934989929, 30.4690246582, 20.386472702, 13.8134899139, 15.0019016266, 15.0222167969, 13.4281435013, 9.97815322876, 7.67021179199, 4.36003637314, 2.79788303375, 2.43049550056, 2.45798420906, 2.99442458153, 2.2075881958, 2.35835647583, 0.915613114834, 1.37505614758, 1.81707835197, 1.40380632877, 1.05400192738, 0.34921848774, 0.265306204557, 0.220233261585, 0.153881311417, 0.0611314512789, 0.035300757736, 0.015214827843, 0.00879589281976, 0.0041630952619, 0.00161478924565, 0.00143419660162, 0.00281149358489],
        "dvar": [1.08799349618e-05, 0.00125524867326, 0.240215212107, 2.43937182426, 26.2497692108, 5530.12695312, 10844.6191406, 9823.44042969, 3294.07495117, 1347.54260254, 640.433044434, 261.101379395, 394.419403076, 642.943603516, 210.809524536, 61.6329421997, 15.6990585327, 7.38473796844, 4.1732635498, 6.02645874023, 26.9690914154, 18.3773593903, 49.0506439209, 4.37373781204, 19.1919250488, 42.0475463867, 29.52110672, 18.088640213, 0.944864928722, 0.471203446388, 0.297378122807, 0.306058943272, 0.0344016104937, 0.0076824077405, 0.00165676767938, 0.000597664853558, 9.56036965363e-05, 3.64862921742e-06, 6.45957811685e-07, 1.71376223079e-06],
        "dvar2": [1.13916948976e-05, 0.00291504897177, 0.594844043255, 7.59879112244, 73.9957122803, 8014.04541016, 11406.5859375, 20828.2949219, 6508.60546875, 2165.99365234, 1007.26293945, 708.325744629, 1033.43444824, 1841.20703125, 604.762023926, 171.027618408, 42.3020553589, 16.924654007, 11.4470281601, 16.8976593018, 78.0430679321, 53.5483703613, 145.391098022, 12.6649599075, 56.1571083069, 125.519119263, 88.5512542725, 54.2621536255, 2.78387355804, 1.38670551777, 0.864296853542, 0.913639366627, 0.102135241032, 0.021491702646, 0.00488730100915, 0.00178125698585, 0.00028465516516, 1.02885633169e-05, 1.44208695474e-06, 4.57870555692e-06],
        "max": [0.0462246611714, 0.366660058498, 3.38669753075, 7.26777124405, 35.0816726685, 1219.09619141, 1605.53625488, 1165.43334961, 712.475097656, 493.67300415, 289.323486328, 125.074569702, 203.370132446, 244.004714966, 140.636169434, 69.0685424805, 34.7705612183, 28.0463886261, 16.7722702026, 24.5977840424, 53.5935020447, 44.6000442505, 68.3464736938, 21.1242790222, 43.5684165955, 62.8812408447, 52.5919952393, 41.1068458557, 9.5803232193, 6.67563009262, 4.99233055115, 5.35384845734, 1.76918685436, 0.729630529881, 0.402504533529, 0.247061833739, 0.102307058871, 0.0234223324805, 0.00942668225616, 0.0115351844579],
        "mean": [0.00158022006508, 0.0455341115594, 0.578575909138, 2.33616304398, 9.86927604675, 77.4029769897, 59.6125488281, 42.5730209351, 28.6056842804, 20.7049980164, 13.8152666092, 12.9583911896, 13.1606054306, 10.1151857376, 8.64920520782, 6.92428016663, 4.39650344849, 3.46643137932, 2.80401039124, 3.09866309166, 3.37284827232, 2.25969958305, 1.48116457462, 0.749475538731, 0.713282048702, 0.827448666096, 0.716762661934, 0.468354195356, 0.235421538353, 0.164242848754, 0.113157697022, 0.0717168524861, 0.0376436412334, 0.0247315745801, 0.0158081762493, 0.0113508217037, 0.00717603322119, 0.00471392599866, 0.0061485148035, 0.00693356385455],
        "median": [0.00108113221359, 0.0344582870603, 0.393998652697, 1.58765721321, 8.17715358734, 42.7042274475, 26.7567901611, 16.5754566193, 14.9828491211, 10.5510616302, 7.52230930328, 8.01147937775, 8.51071929932, 6.26116228104, 6.32052373886, 4.90710306168, 3.46257424355, 2.69420289993, 2.28450608253, 2.5689637661, 2.76378726959, 1.79792141914, 0.883478224277, 0.521328151226, 0.358173310757, 0.366456031799, 0.356048256159, 0.207544475794, 0.132680639625, 0.0902253985405, 0.0526977851987, 0.0318939425051, 0.0215369481593, 0.0147156743333, 0.012423556298, 0.00956870988011, 0.00646405899897, 0.00463189696893, 0.00625888071954, 0.00682145450264],
        "min": [0.000103945327282, 0.00173098151572, 0.0489420108497, 0.252519488335, 0.763501465321, 1.31827533245, 2.55861520767, 2.16590070724, 1.32838237286, 0.889459013939, 1.28994619846, 1.25971734524, 0.364166855812, 0.764993071556, 0.497492492199, 0.0939892008901, 0.201938211918, 0.146346062422, 0.046920504421, 0.0149788856506, 0.0494904741645, 0.144950777292, 0.0506721138954, 0.0172325130552, 0.00905814487487, 0.00646515283734, 0.00704458961263, 0.0129003319889, 0.00744193047285, 0.00559619441628, 0.00366058573127, 0.00330638163723, 0.00289484276436, 0.00106584117748, 0.000753346015699, 0.000550679804292, 0.000323159591062, 0.00017052477051, 0.000177967362106, 0.000189931626664],
        "var": [1.19277301565e-05, 0.00192341592629, 0.302444428205, 2.7584233284, 45.8153038025, 19452.1152344, 30620.1796875, 10429.4824219, 3748.79760742, 2028.68884277, 968.516601562, 305.736328125, 390.34475708, 422.218933105, 138.217880249, 60.3628921509, 14.8542966843, 12.5123538971, 4.53679847717, 5.82392692566, 16.5759468079, 11.0767774582, 26.11485672, 2.57787632942, 10.4816236496, 21.7764701843, 15.0077953339, 9.20157718658, 0.522454321384, 0.25963434577, 0.163982480764, 0.157653436065, 0.0182714313269, 0.00467036431655, 0.000881815387402, 0.000315724289976, 5.24619426869e-05, 2.55116788139e-06, 8.3074377244e-07, 2.35832567341e-06]
    },
    "gfcc": {
        "mean": [-39.0630836487, 108.18901062, -77.3915939331, -28.7414207458, -41.1730422974, -37.0445251465, -32.5890808105, -31.0107898712, -20.9359035492, -19.7165355682, -16.1552391052, -6.68269824982, -1.39686405659],
        "cov": [[512.307739258, 43.8002510071, -80.6182785034, 31.766664505, -76.1938552856, -4.96720123291, -21.1432590485, -5.89276456833, 1.44909536839, -1.42981874943, 7.51724433899, 18.8374099731, 1.53851282597], [43.8002510071, 157.009628296, 41.0840835571, -28.1812286377, 0.529773950577, -22.4044780731, -9.48624801636, 1.70561873913, 26.1235332489, 10.7124042511, 7.95026111603, 17.9133644104, -15.2853145599], [-80.6182785034, 41.0840835571, 70.0651550293, 18.0458583832, 22.4080982208, 8.43128967285, 4.60369682312, 6.0927939415, 7.47480106354, 4.90514469147, 1.26294386387, -6.23751020432, -4.9000120163], [31.766664505, -28.1812286377, 18.0458583832, 70.9281005859, 13.2702636719, 20.8186683655, 9.52123451233, 4.54018306732, -5.07720088959, 1.71514236927, -2.31922745705, -7.9340968132, 4.81495714188], [-76.1938552856, 0.529773950577, 22.4080982208, 13.2702636719, 70.6131591797, 19.83959198, 21.6493740082, 3.52545428276, -2.36324667931, 0.878689229488, -10.4397602081, -9.09473323822, 1.03653001785], [-4.96720123291, -22.4044780731, 8.43128967285, 20.8186683655, 19.83959198, 43.4902305603, 20.334777832, 9.02390003204, -2.83168196678, -3.21469759941, -3.11878871918, -6.14806365967, 0.585887372494], [-21.1432590485, -9.48624801636, 4.60369682312, 9.52123451233, 21.6493740082, 20.334777832, 37.1563682556, 18.8760814667, 2.61201262474, 1.20790052414, -6.19257211685, -5.57657432556, 0.168415680528], [-5.89276456833, 1.70561873913, 6.0927939415, 4.54018306732, 3.52545428276, 9.02390003204, 18.8760814667, 36.9041786194, 19.0522346497, 7.48423099518, 2.07913184166, -4.68578147888, -7.18787050247], [1.44909536839, 26.1235332489, 7.47480106354, -5.07720088959, -2.36324667931, -2.83168196678, 2.61201262474, 19.0522346497, 39.5167007446, 20.6239032745, 8.87162685394, 5.86937475204, -12.853518486], [-1.42981874943, 10.7124042511, 4.90514469147, 1.71514236927, 0.878689229488, -3.21469759941, 1.20790052414, 7.48423099518, 20.6239032745, 29.098400116, 13.8561534882, 3.938341856, -4.16222381592], [7.51724433899, 7.95026111603, 1.26294386387, -2.31922745705, -10.4397602081, -3.11878871918, -6.19257211685, 2.07913184166, 8.87162685394, 13.8561534882, 23.7481040955, 14.0083932877, 0.614676356316], [18.8374099731, 17.9133644104, -6.23751020432, -7.9340968132, -9.09473323822, -6.14806365967, -5.57657432556, -4.68578147888, 5.86937475204, 3.938341856, 14.0083932877, 29.6165084839, 9.34723567963], [1.53851282597, -15.2853145599, -4.9000120163, 4.81495714188, 1.03653001785, 0.585887372494, 0.168415680528, -7.18787050247, -12.853518486, -4.16222381592, 0.614676356316, 9.34723567963, 29.1307811737]],
        "icov": [[0.00526237301528, -0.00645387172699, 0.0106807705015, -0.00721936346963, 0.00452350219712, -0.00381210143678, 0.00176247116178, -0.000345582695445, 0.000448756996775, 2.45109204116e-05, -0.000243017755565, 0.00219642627053, -0.00135238328949], [-0.00645387172699, 0.0201901290566, -0.0222091972828, 0.013049014844, -0.00562527636066, 0.00920805428177, -0.0022616086062, 0.00094039546093, -0.00326031842269, -0.00105670723133, 0.0055354940705, -0.0137395728379, 0.00800465792418], [0.0106807705015, -0.0222091972828, 0.0464745275676, -0.021796207875, 0.00291920127347, -0.0106647117063, 0.00573164504021, -0.00099825381767, -0.00248203938827, 0.00451319571584, -0.0108435899019, 0.0173444375396, -0.00675323186442], [-0.00721936346963, 0.013049014844, -0.021796207875, 0.029768852517, -0.00554529437795, -0.00146368797868, -0.000821293273475, -0.00147158035543, 0.00292211957276, -0.0063770157285, 0.00432828906924, -0.0041271080263, 0.000121097684314], [0.00452350219712, -0.00562527636066, 0.00291920127347, -0.00554529437795, 0.0258539859205, -0.00845395028591, -0.00874025840312, 0.0048490059562, 0.00209323433228, -0.00715604284778, 0.00988308805972, 0.00147468096111, -0.00206644553691], [-0.00381210143678, 0.00920805428177, -0.0106647117063, -0.00146368797868, -0.00845395028591, 0.042327195406, -0.0193412005901, 0.00226809456944, -0.00403365585953, 0.0117655154318, -0.0103609049693, 9.51192632783e-05, 0.00369131262414], [0.00176247116178, -0.0022616086062, 0.00573164504021, -0.000821293273475, -0.00874025840312, -0.0193412005901, 0.0609599724412, -0.0331924185157, 0.0145893506706, -0.0153015377, 0.0216432604939, -0.0100112706423, -0.00101574033033], [-0.000345582695445, 0.00094039546093, -0.00099825381767, -0.00147158035543, 0.0048490059562, 0.00226809456944, -0.0331924185157, 0.0616276077926, -0.0368527173996, 0.0181599408388, -0.0207125749439, 0.0204637385905, -0.00402813591063], [0.000448756996775, -0.00326031842269, -0.00248203938827, 0.00292211957276, 0.00209323433228, -0.00403365585953, 0.0145893506706, -0.0368527173996, 0.0775776132941, -0.0500290431082, 0.0261248890311, -0.0301059633493, 0.0243848264217], [2.45109204116e-05, -0.00105670723133, 0.00451319571584, -0.0063770157285, -0.00715604284778, 0.0117655154318, -0.0153015377, 0.0181599408388, -0.0500290431082, 0.0893604457378, -0.0581300146878, 0.0293023753911, -0.0116376448423], [-0.000243017755565, 0.0055354940705, -0.0108435899019, 0.00432828906924, 0.00988308805972, -0.0103609049693, 0.0216432604939, -0.0207125749439, 0.0261248890311, -0.0581300146878, 0.108452677727, -0.0557411685586, 0.013817768544], [0.00219642627053, -0.0137395728379, 0.0173444375396, -0.0041271080263, 0.00147468096111, 9.51192632783e-05, -0.0100112706423, 0.0204637385905, -0.0301059633493, 0.0293023753911, -0.0557411685586, 0.0840816944838, -0.0335732065141], [-0.00135238328949, 0.00800465792418, -0.00675323186442, 0.000121097684314, -0.00206644553691, 0.00369131262414, -0.00101574033033, -0.00402813591063, 0.0243848264217, -0.0116376448423, 0.013817768544, -0.0335732065141, 0.0560325682163]]
    },
    "melbands": {
        "dmean": [1.92962870642e-05, 0.000174973538378, 0.000385075429222, 0.00138076930307, 0.00156208046246, 0.000747306621633, 0.000293291173875, 0.000160591487656, 6.51834052405e-05, 5.70929514652e-05, 4.5566514018e-05, 3.47065142705e-05, 2.54646674875e-05, 1.26302875287e-05, 9.91946126305e-06, 5.03502997162e-06, 3.11776602757e-06, 2.55721556641e-06, 1.88654826161e-06, 2.52492827713e-06, 1.89843899534e-06, 1.46880790908e-06, 1.00576335171e-06, 1.14235524507e-06, 3.25201341411e-07, 5.36819641184e-07, 5.82962002227e-07, 6.40428652332e-07, 5.18058357102e-07, 3.71682176592e-07, 2.87966315682e-07, 1.13993920081e-07, 7.40699874768e-08, 8.44341911943e-08, 6.69788988716e-08, 6.86410572825e-08, 4.15641210338e-08, 2.59731773866e-08, 1.40892399969e-08, 1.65803371033e-08],
        "dmean2": [3.10970899591e-05, 0.000307528069243, 0.000675304851029, 0.00224910420366, 0.00222670659423, 0.00116147659719, 0.00043070258107, 0.000232839403907, 0.000101337573142, 0.000100319528428, 7.76042506914e-05, 6.0056518123e-05, 4.27220256825e-05, 2.19340781769e-05, 1.71987085196e-05, 8.72857981449e-06, 5.19947980138e-06, 4.39959239884e-06, 3.239958005e-06, 4.53836355518e-06, 3.38821564583e-06, 2.59887383436e-06, 1.87700766219e-06, 2.13664588955e-06, 5.62123034342e-07, 1.01238549632e-06, 1.09633992906e-06, 1.23854329104e-06, 9.98027303467e-07, 7.22355935068e-07, 5.55943699965e-07, 2.10485453067e-07, 1.32989001145e-07, 1.55240655886e-07, 1.26585874227e-07, 1.34337014401e-07, 7.99314676669e-08, 5.03563448717e-08, 2.68685713678e-08, 3.09565884038e-08],
        "dvar": [1.02168740135e-09, 3.27559348534e-08, 1.35512038923e-07, 4.30837235399e-06, 2.01006114366e-05, 4.68776897833e-06, 7.08422646767e-07, 1.61372113894e-07, 3.42822481514e-08, 1.21556897881e-08, 1.07669002603e-08, 1.05622071089e-08, 4.78815698202e-09, 3.49680867595e-10, 2.2762305929e-10, 5.37788216737e-11, 2.44259629884e-11, 1.27486918591e-11, 6.13682542283e-12, 3.49643924924e-11, 2.96272693878e-11, 1.93109261221e-11, 2.04620279054e-11, 3.9668060503e-11, 7.11042119281e-13, 1.14645636734e-11, 9.20325447795e-12, 2.13595512805e-11, 1.39655309886e-11, 8.12329457173e-12, 4.7326036319e-12, 3.23058691343e-13, 8.5269261812e-14, 1.64249554712e-13, 7.5752033498e-14, 2.21157022817e-13, 7.65031348817e-14, 2.1627105895e-14, 5.5980509128e-15, 5.24877814755e-15],
        "dvar2": [1.25452803701e-09, 7.9691766075e-08, 4.18664541257e-07, 7.54334860176e-06, 2.11728456634e-05, 9.86015948001e-06, 1.37595952765e-06, 2.66523272785e-07, 5.35091047027e-08, 3.49711797298e-08, 2.79826828375e-08, 2.98742470761e-08, 1.37024054325e-08, 9.60566737263e-10, 6.39739095032e-10, 1.33165672933e-10, 5.84134754456e-11, 3.39341540978e-11, 1.67239000426e-11, 1.00583506801e-10, 8.50303716327e-11, 5.60330185029e-11, 6.01807978451e-11, 1.17398549215e-10, 1.97491719159e-12, 3.35199021317e-11, 2.68703618383e-11, 6.39732503083e-11, 4.18265040658e-11, 2.44250748099e-11, 1.41827782157e-11, 9.50396879251e-13, 2.4835271643e-13, 4.84404942373e-13, 2.16192000283e-13, 6.59148788069e-13, 2.28572748836e-13, 6.39746027963e-14, 1.6603048553e-14, 1.39871126563e-14],
        "max": [0.000445714482339, 0.0012570975814, 0.00187241146341, 0.032262634486, 0.071553312242, 0.0257536601275, 0.0104544926435, 0.00522473128513, 0.0021023878362, 0.000899934209883, 0.00109339086339, 0.000954113435, 0.000665114843287, 0.000147170489072, 0.000114034883154, 6.41558290226e-05, 4.83554504171e-05, 2.54847836914e-05, 2.38866450673e-05, 5.85786547163e-05, 5.70720221731e-05, 4.60279916297e-05, 4.54608925793e-05, 5.96175304963e-05, 8.78935043147e-06, 3.38315949193e-05, 2.86213326035e-05, 4.47551865363e-05, 3.61998827429e-05, 2.75285456155e-05, 2.10437610804e-05, 5.60059652344e-06, 2.83578469862e-06, 3.90658397009e-06, 2.37041149376e-06, 4.53645861853e-06, 2.6732977858e-06, 1.39311600833e-06, 7.04332990153e-07, 5.30809359134e-07],
        "mean": [2.30394052778e-05, 0.000217198830796, 0.000523397000507, 0.00280081457458, 0.00280633429065, 0.000914778443985, 0.000412839843193, 0.000223110371735, 0.000102128411527, 8.06623502285e-05, 6.67665080982e-05, 4.3982428906e-05, 3.18521560985e-05, 1.91233193618e-05, 1.48756607814e-05, 7.92717492004e-06, 6.1612886384e-06, 4.63265496364e-06, 3.70842258235e-06, 4.76264676763e-06, 3.67432130588e-06, 2.52694576375e-06, 1.46328511619e-06, 1.14655972538e-06, 5.2334104339e-07, 5.30717386482e-07, 5.12420058385e-07, 5.54997996005e-07, 5.101837246e-07, 3.25912111521e-07, 2.43531104616e-07, 1.3809655286e-07, 1.00521987179e-07, 8.70470913128e-08, 6.63047430294e-08, 5.68748603769e-08, 3.86375980099e-08, 2.87123036458e-08, 1.94030267409e-08, 2.10963655434e-08],
        "median": [1.67122216226e-05, 0.000142365010106, 0.000426593556767, 0.00173786981031, 0.0013152131578, 0.000360986858141, 0.000218691100599, 0.000109275977593, 5.72537574044e-05, 4.86258068122e-05, 4.38074057456e-05, 2.58433119598e-05, 2.08909987123e-05, 1.33836374516e-05, 1.16882220027e-05, 5.70431575397e-06, 4.68647340313e-06, 3.58962893188e-06, 3.08504877466e-06, 3.72213116862e-06, 2.98771919915e-06, 1.97672875402e-06, 1.06892343865e-06, 5.60697856145e-07, 4.00047497351e-07, 2.82237039073e-07, 2.19933511403e-07, 2.44615165457e-07, 2.51773599302e-07, 1.56272520258e-07, 1.05437912623e-07, 7.62070939686e-08, 6.33586978438e-08, 4.49105357347e-08, 3.10825605254e-08, 2.3049722131e-08, 1.81376034192e-08, 1.51840300333e-08, 1.29001760385e-08, 1.21036896061e-08],
        "min": [1.00845090856e-06, 9.72797806753e-06, 4.85577766085e-05, 9.00812883629e-05, 0.000126285318402, 4.91331375088e-05, 2.07344237424e-05, 6.65609331918e-06, 1.10524033516e-05, 5.59572663406e-06, 1.6772461322e-06, 3.12608767672e-06, 2.24028099183e-06, 3.20520030073e-07, 3.0905241033e-07, 3.9531278162e-07, 2.68743207243e-07, 8.47555341466e-08, 2.33899069002e-08, 9.15674736035e-09, 7.69270087631e-08, 1.74907796691e-07, 6.47012043942e-08, 3.08315684094e-08, 1.21923262597e-08, 8.27731838626e-09, 4.45947545558e-09, 4.01681576889e-09, 3.12030579153e-09, 6.06479932941e-09, 8.67827409934e-09, 4.43325509636e-09, 2.81269807445e-09, 3.27273808054e-09, 2.0682171531e-09, 1.73867709119e-09, 2.34403518817e-09, 2.48223774868e-09, 1.04981978666e-09, 7.98563382087e-10],
        "var": [1.27190036281e-09, 4.26623927297e-08, 1.40184525321e-07, 1.55561374413e-05, 5.97472899244e-05, 4.99224643136e-06, 8.10641154203e-07, 2.40808788021e-07, 5.22557073168e-08, 1.25094397063e-08, 1.07450635056e-08, 7.449943773e-09, 3.06662872873e-09, 3.46136813656e-10, 2.09969402976e-10, 6.97344959555e-11, 3.94892799016e-11, 1.43981588804e-11, 6.8120314077e-12, 2.44107546676e-11, 1.94003459131e-11, 1.22337513384e-11, 1.12524798507e-11, 2.12519064846e-11, 5.01724584188e-13, 6.22372379327e-12, 5.1318818986e-12, 1.09361972603e-11, 7.1195003018e-12, 4.12069597194e-12, 2.41327856136e-12, 1.79522182168e-13, 5.01613351821e-14, 8.93610611397e-14, 4.38896694595e-14, 1.13658994055e-13, 3.95891747661e-14, 1.16327845794e-14, 2.97974099449e-15, 3.5370905796e-15]
    },
    "mfcc": {
        "mean": [-711.252624512, 181.777099609, 1.93942260742, 12.971786499, -7.60048151016, -5.32127666473, -17.0117816925, -12.3778362274, -9.65972900391, -17.3962593079, -18.0728435516, -9.04079151154, -7.09075880051],
        "cov": [[613.662475586, -38.4052619934, -25.971654892, -1.7441161871, -53.7240867615, -9.85346794128, -40.119644165, 0.205072358251, -32.9964179993, -0.103948973119, -4.49101686478, -26.5779895782, 0.641917586327], [-38.4052619934, 179.503189087, 16.3260478973, -4.29921770096, 3.96376776695, -14.0046577454, -31.6238250732, -1.03185474873, 1.6482872963, -17.599905014, 32.7432518005, 21.1854934692, 7.44394874573], [-25.971654892, 16.3260478973, 66.0116882324, 13.3088474274, 7.61732721329, -0.223835587502, -3.24674892426, 2.63693881035, -3.50941443443, 8.46067142487, 9.96556282043, 5.24863815308, 2.37030267715], [-1.7441161871, -4.29921770096, 13.3088474274, 48.5986747742, 15.6674003601, 10.2123355865, 7.95695400238, -0.228337049484, 9.3378944397, 7.29504108429, -2.62833547592, 8.48180294037, 6.2769536972], [-53.7240867615, 3.96376776695, 7.61732721329, 15.6674003601, 40.1966972351, 18.7057418823, 14.0501718521, 2.66672897339, 8.22577095032, 6.50915718079, 0.980741202831, 1.88052165508, 2.05776429176], [-9.85346794128, -14.0046577454, -0.223835587502, 10.2123355865, 18.7057418823, 41.1583786011, 20.9106235504, 5.00686836243, 7.47247171402, 2.36009883881, -7.60253477097, -0.835543513298, 1.87538361549], [-40.119644165, -31.6238250732, -3.24674892426, 7.95695400238, 14.0501718521, 20.9106235504, 52.9321136475, 13.351606369, 15.8272953033, 10.1979990005, -10.4203004837, -7.54583215714, -11.3804121017], [0.205072358251, -1.03185474873, 2.63693881035, -0.228337049484, 2.66672897339, 5.00686836243, 13.351606369, 31.9535751343, 12.3477392197, 4.22484111786, 8.65745544434, 0.267727613449, -3.54753828049], [-32.9964179993, 1.6482872963, -3.50941443443, 9.3378944397, 8.22577095032, 7.47247171402, 15.8272953033, 12.3477392197, 33.1915130615, 14.1031761169, 0.763661682606, 5.74531793594, 3.07727622986], [-0.103948973119, -17.599905014, 8.46067142487, 7.29504108429, 6.50915718079, 2.36009883881, 10.1979990005, 4.22484111786, 14.1031761169, 37.4165992737, 10.3756246567, 3.03025388718, 7.25041627884], [-4.49101686478, 32.7432518005, 9.96556282043, -2.62833547592, 0.980741202831, -7.60253477097, -10.4203004837, 8.65745544434, 0.763661682606, 10.3756246567, 39.6623840332, 17.444234848, 10.3480625153], [-26.5779895782, 21.1854934692, 5.24863815308, 8.48180294037, 1.88052165508, -0.835543513298, -7.54583215714, 0.267727613449, 5.74531793594, 3.03025388718, 17.444234848, 32.2641372681, 15.6734352112], [0.641917586327, 7.44394874573, 2.37030267715, 6.2769536972, 2.05776429176, 1.87538361549, -11.3804121017, -3.54753828049, 3.07727622986, 7.25041627884, 10.3480625153, 15.6734352112, 36.1328544617]],
