{
"lowlevel": {
    "average_loudness": 0.99068403244,
    "barkbands_crest": {
        "dmean": 3.72221899033,
        "dmean2": 6.40149927139,
        "dvar": 8.51981449127,
        "dvar2": 22.5450744629,
        "max": 23.9282398224,
        "mean": 14.2059268951,
        "median": 14.2871227264,
        "min": 5.86280107498,
        "var": 21.8598670959
    },
    "barkbands_flatness_db": {
        "dmean": 0.024889331311,
        "dmean2": 0.0424707308412,
        "dvar": 0.000585521687753,
        "dvar2": 0.00164016534109,
        "max": 0.223782002926,
        "mean": 0.155542746186,
        "median": 0.158189073205,
        "min": 0.061715926975,
        "var": 0.000942083192058
    },
    "barkbands_kurtosis": {
        "dmean": 6.38417339325,
        "dmean2": 10.7508144379,
        "dvar": 20.9620304108,
        "dvar2": 58.3121528625,
        "max": 30.9297676086,
        "mean": 13.6938791275,
        "median": 12.0733413696,
        "min": -1.8275488615,
        "var": 73.2771759033
    },
    "barkbands_skewness": {
        "dmean": 0.834452450275,
        "dmean2": 1.35564947128,
        "dvar": 0.45591032505,
        "dvar2": 1.15023684502,
        "max": 5.2360200882,
        "mean": 3.20405054092,
        "median": 3.40339541435,
        "min": -3.32503151894,
        "var": 2.49270272255
    },
    "barkbands_spread": {
        "dmean": 11.7570981979,
        "dmean2": 21.2105922699,
        "dvar": 332.552062988,
        "dvar2": 1072.04870605,
        "max": 114.300628662,
        "mean": 25.4039936066,
        "median": 17.0133666992,
        "min": 8.40601444244,
        "var": 410.846252441
    },
    "dissonance": {
        "dmean": 0.0242682863027,
        "dmean2": 0.0393975526094,
        "dvar": 0.000788613513578,
        "dvar2": 0.0013197226217,
        "max": 0.497485071421,
        "mean": 0.455890834332,
        "median": 0.460051417351,
        "min": 0.250550180674,
        "var": 0.00107390899211
    },
    "dynamic_complexity": 3.98506712914,
    "erbbands_crest": {
        "dmean": 2.88062500954,
        "dmean2": 5.1281208992,
        "dvar": 5.5455904007,
        "dvar2": 15.5984830856,
        "max": 17.7038726807,
        "mean": 9.59821128845,
        "median": 9.46783351898,
        "min": 2.59327721596,
        "var": 13.0738544464
    },
    "erbbands_flatness_db": {
        "dmean": 0.0171800274402,
        "dmean2": 0.0281837396324,
        "dvar": 0.00026735762367,
        "dvar2": 0.000632195384242,
        "max": 0.194976240396,
        "mean": 0.144902616739,
        "median": 0.144773945212,
        "min": 0.0412003137171,
        "var": 0.000716894748621
    },
    "erbbands_kurtosis": {
        "dmean": 1.52295720577,
        "dmean2": 2.61011171341,
        "dvar": 4.95780181885,
        "dvar2": 11.1013412476,
        "max": 17.5864372253,
        "mean": 2.33430457115,
        "median": 1.31537342072,
        "min": -0.8427734375,
        "var": 9.2907333374
    },
    "erbbands_skewness": {
        "dmean": 0.421573907137,
        "dmean2": 0.713436424732,
        "dvar": 0.207213953137,
        "dvar2": 0.374795854092,
        "max": 3.30179858208,
        "mean": 1.22827386856,
        "median": 1.20581865311,
        "min": -0.779317140579,
        "var": 0.469030559063
    },
    "erbbands_spread": {
        "dmean": 5.0155916214,
        "dmean2": 8.13593387604,
        "dvar": 55.2772064209,
        "dvar2": 108.449142456,
        "max": 78.3888397217,
        "mean": 25.6965656281,
        "median": 24.4816932678,
        "min": 11.8005638123,
        "var": 86.637512207
    },
    "hfc": {
        "dmean": 5.66234445572,
        "dmean2": 9.57122993469,
        "dvar": 80.1703720093,
        "dvar2": 132.629898071,
        "max": 63.7267913818,
        "mean": 25.9905014038,
        "median": 23.8180828094,
        "min": 1.10658124617e-16,
        "var": 271.501678467
    },
    "melbands_crest": {
        "dmean": 3.66070961952,
        "dmean2": 5.99501752853,
        "dvar": 7.613093853,
        "dvar2": 19.9019908905,
        "max": 23.6785774231,
        "mean": 15.5337333679,
        "median": 15.6528987885,
        "min": 2.01586055756,
        "var": 17.7430610657
    },
    "melbands_flatness_db": {
        "dmean": 0.028846912086,
        "dmean2": 0.043572857976,
        "dvar": 0.00063772307476,
        "dvar2": 0.00116109708324,
        "max": 0.331525623798,
        "mean": 0.260979473591,
        "median": 0.274707108736,
        "min": 0.00483104586601,
        "var": 0.00307936780155
    },
    "melbands_kurtosis": {
        "dmean": 9.11854457855,
        "dmean2": 16.1200389862,
        "dvar": 85.0076065063,
        "dvar2": 241.790710449,
        "max": 51.645740509,
        "mean": 17.88920784,
        "median": 16.9157409668,
        "min": -1.25064051151,
        "var": 120.307853699
    },
    "melbands_skewness": {
        "dmean": 0.836257338524,
        "dmean2": 1.41749739647,
        "dvar": 0.470939040184,
        "dvar2": 1.31180763245,
        "max": 5.38413858414,
        "mean": 3.10641050339,
        "median": 3.1031191349,
        "min": 0.0245756413788,
        "var": 1.03781628609
    },
    "melbands_spread": {
        "dmean": 3.93476581573,
        "dmean2": 5.08420419693,
        "dvar": 99.5401306152,
        "dvar2": 108.516433716,
        "max": 130.506027222,
        "mean": 11.0883455276,
        "median": 5.89793252945,
        "min": 2.58949375153,
        "var": 481.992828369
    },
    "pitch_salience": {
        "dmean": 0.0901851430535,
        "dmean2": 0.160200163722,
        "dvar": 0.00537825189531,
        "dvar2": 0.0166119672358,
        "max": 0.809983074665,
        "mean": 0.648983716965,
        "median": 0.665857315063,
        "min": 0.421016007662,
        "var": 0.0113697461784
    },
    "silence_rate_20dB": {
        "dmean": 0,
        "dmean2": 0,
        "dvar": 0,
        "dvar2": 0,
        "max": 1,
        "mean": 1,
        "median": 1,
        "min": 1,
        "var": 0
    },
    "silence_rate_30dB": {
        "dmean": 0,
        "dmean2": 0,
        "dvar": 0,
        "dvar2": 0,
        "max": 1,
        "mean": 1,
        "median": 1,
        "min": 1,
        "var": 0
    },
    "silence_rate_60dB": {
        "dmean": 0.0166666675359,
        "dmean2": 0.0338983051479,
        "dvar": 0.0163888707757,
        "dvar2": 0.0327491797507,
        "max": 1,
        "mean": 0.0819672122598,
        "median": 0,
        "min": 0,
        "var": 0.0752485916018
    },
    "spectral_centroid": {
        "dmean": 237.812652588,
        "dmean2": 305.23147583,
        "dvar": 1050587.625,
        "dvar2": 1023934.5,
        "max": 11080.1943359,
        "mean": 691.187866211,
        "median": 415.585845947,
        "min": 272.573944092,
        "var": 2048445.75
    },
    "spectral_complexity": {
        "dmean": 2.23333334923,
        "dmean2": 3.59322023392,
        "dvar": 7.87888908386,
        "dvar2": 11.1565647125,
        "max": 24,
        "mean": 13.9508199692,
        "median": 15,
        "min": 0,
        "var": 45.9156112671
    },
    "spectral_decrease": {
        "dmean": 3.60244190034e-09,
        "dmean2": 6.22827656116e-09,
        "dvar": 2.21919538525e-17,
        "dvar2": 6.00602806408e-17,
        "max": 6.95372162629e-11,
        "mean": -7.52516537972e-09,
        "median": -6.77972211705e-09,
        "min": -2.52172327464e-08,
        "var": 4.71965500896e-17
    },
    "spectral_energy": {
        "dmean": 0.0140274651349,
        "dmean2": 0.0242438893765,
        "dvar": 0.000343034538673,
        "dvar2": 0.000913508236408,
        "max": 0.100955955684,
        "mean": 0.0307591427118,
        "median": 0.0279057361186,
        "min": 9.93545293769e-21,
        "var": 0.000748710473999
    },
    "spectral_energyband_high": {
        "dmean": 0.000141245254781,
        "dmean2": 0.000240991445025,
        "dvar": 3.46211805891e-08,
        "dvar2": 4.98259957737e-08,
        "max": 0.00136064831167,
        "mean": 0.000585561152548,
        "median": 0.000552825222258,
        "min": 7.16676552858e-21,
        "var": 1.07864671861e-07
    },
    "spectral_energyband_low": {
        "dmean": 0.00166181207169,
        "dmean2": 0.00314436969347,
        "dvar": 3.29628210238e-06,
        "dvar2": 1.04493810795e-05,
        "max": 0.00982253160328,
        "mean": 0.0020101966802,
        "median": 0.00142651854549,
        "min": 4.44266235427e-23,
        "var": 4.02285331802e-06
    },
    "spectral_energyband_middle_high": {
        "dmean": 0.000941928999964,
        "dmean2": 0.00168777804356,
        "dvar": 3.7621989577e-06,
        "dvar2": 1.0714862583e-05,
        "max": 0.0137267289683,
        "mean": 0.00202923035249,
        "median": 0.00194178300444,
        "min": 1.30855408872e-21,
        "var": 4.55952385892e-06
    },
    "spectral_energyband_middle_low": {
        "dmean": 0.0126723246649,
        "dmean2": 0.0217450093478,
        "dvar": 0.000280442705844,
        "dvar2": 0.000729783962015,
        "max": 0.0931196063757,
        "mean": 0.0266766138375,
        "median": 0.0244710538536,
        "min": 3.15245125059e-22,
        "var": 0.00059550878359
    },
    "spectral_entropy": {
        "dmean": 0.249848499894,
        "dmean2": 0.378892213106,
        "dvar": 0.0787867754698,
        "dvar2": 0.122424863279,
        "max": 9.79591274261,
        "mean": 7.17779970169,
        "median": 7.0802063942,
        "min": 6.60969495773,
        "var": 0.271488428116
    },
    "spectral_flux": {
        "dmean": 0.0209104064852,
        "dmean2": 0.0343026593328,
        "dvar": 0.00052134890575,
        "dvar2": 0.000879280501977,
        "max": 0.290581256151,
        "mean": 0.0875660330057,
        "median": 0.0862406790257,
        "min": 9.96767390848e-11,
        "var": 0.00258509838022
    },
    "spectral_kurtosis": {
        "dmean": 3.06652975082,
        "dmean2": 5.28689193726,
        "dvar": 10.9484682083,
        "dvar2": 19.9387626648,
        "max": 28.5855693817,
        "mean": 16.4801883698,
        "median": 16.9805221558,
        "min": -1.18312060833,
        "var": 28.0185527802
    },
    "spectral_rms": {
        "dmean": 0.00112386629917,
        "dmean2": 0.00190548726823,
        "dvar": 1.84402085779e-06,
        "dvar2": 3.95624783778e-06,
        "max": 0.00992439500988,
        "mean": 0.0047827293165,
        "median": 0.00521776871756,
        "min": 3.1133782618e-12,
        "var": 7.13441795597e-06
    },
    "spectral_rolloff": {
        "dmean": 1179.30163574,
        "dmean2": 2291.64379883,
        "dvar": 16327052,
        "dvar2": 42636100,
        "max": 20435.0097656,
        "mean": 2184.38452148,
        "median": 559.86328125,
        "min": 258.3984375,
        "var": 27588600
    },
    "spectral_skewness": {
        "dmean": 0.337004631758,
        "dmean2": 0.546682536602,
        "dvar": 0.14858238399,
        "dvar2": 0.24652582407,
        "max": 4.40926504135,
        "mean": 3.2546544075,
        "median": 3.349588871,
        "min": 0.0377098284662,
        "var": 0.416145533323
    },
    "spectral_spread": {
        "dmean": 1609034.375,
        "dmean2": 2141479.25,
        "dvar": 2.1242646102e+13,
        "dvar2": 2.81593029591e+13,
        "max": 40754080,
        "mean": 6091807.5,
        "median": 4437882,
        "min": 2731337.5,
        "var": 3.14021794284e+13
    },
    "spectral_strongpeak": {
        "dmean": 0.463275760412,
        "dmean2": 0.809548616409,
        "dvar": 0.492000669241,
        "dvar2": 1.45992672443,
        "max": 3.95438051224,
        "mean": 0.774487912655,
        "median": 0.654350936413,
        "min": 0,
        "var": 0.453606694937
    },
    "zerocrossingrate": {
        "dmean": 0.0366536453366,
        "dmean2": 0.047760527581,
        "dvar": 0.00538736255839,
        "dvar2": 0.011159944348,
        "max": 0.5107421875,
        "mean": 0.132884547114,
        "median": 0.10009765625,
        "min": 0.03466796875,
        "var": 0.00825465936214
    },
    "barkbands": {
        "dmean": [4.27693021265e-06, 0.000253873498878, 0.000813370977994, 0.00198263349012, 0.0101301381364, 0.0024430162739, 0.000706702412572, 0.000725358724594, 0.00063603266608, 0.000631294155028, 0.000205419361009, 0.000164994416991, 9.88727406366e-05, 6.06516368862e-05, 5.8096851717e-05, 0.000120613374747, 5.34134960617e-05, 1.55922880367e-05, 6.44832698526e-06, 4.07454172091e-06, 3.77354785996e-06, 3.05217417917e-06, 2.12858572013e-06, 2.42053965849e-06, 3.0576716199e-06, 2.34023741541e-06, 0.000145629644976],
        "dmean2": [7.10600806997e-06, 0.000441856303951, 0.00150748959277, 0.00364570156671, 0.0177749171853, 0.00428938819095, 0.00110802019481, 0.00133246160112, 0.0011862689862, 0.00118595652748, 0.000327693676809, 0.000254091486568, 0.000168018072145, 0.000108853855636, 0.00010075121827, 0.000226292322623, 0.000100677199953, 2.64583686658e-05, 1.13908863568e-05, 6.38866777081e-06, 6.07398351349e-06, 5.14723205924e-06, 3.77099854632e-06, 4.32379056292e-06, 5.55372480449e-06, 3.49662741428e-06, 0.000241822141106],
        "dvar": [2.39460742901e-11, 1.29885009414e-07, 1.47161176756e-06, 5.8033156165e-06, 0.000192499705008, 1.15662642202e-05, 5.65267612274e-07, 1.1858559219e-06, 1.26259988065e-06, 1.79858966476e-06, 4.50410979624e-08, 3.13838874888e-08, 1.03927391137e-08, 1.33058462026e-08, 1.10432099021e-08, 1.8404101354e-07, 2.12301305424e-08, 9.04456620709e-10, 6.7889471822e-11, 2.99814686966e-11, 3.64614206882e-11, 2.25636540702e-11, 1.06049249243e-11, 5.31299587658e-11, 7.07719716164e-11, 8.36263176762e-12, 3.98430302084e-08],
        "dvar2": [3.46278596075e-11, 4.19127275109e-07, 4.58651311419e-06, 1.78799018613e-05, 0.000509887177031, 3.54072981281e-05, 1.66617348896e-06, 3.49151173396e-06, 3.86010424336e-06, 5.28308646608e-06, 1.11138291459e-07, 7.06736145162e-08, 3.26505116277e-08, 4.02674302791e-08, 3.07645642295e-08, 5.48473849449e-07, 6.29551024645e-08, 2.4918573871e-09, 1.73864894704e-10, 6.92343821163e-11, 8.61657412088e-11, 6.21844867266e-11, 2.7754638865e-11, 1.53266704883e-10, 2.01510211295e-10, 1.34763537135e-11, 5.57501920184e-08],
        "max": [4.20089854742e-05, 0.0021225544624, 0.00691355857998, 0.011975842528, 0.0698520988226, 0.0156951993704, 0.00417033629492, 0.005645734258, 0.00624000560492, 0.00805879570544, 0.00150973873679, 0.00120694714133, 0.000643630861305, 0.000736699148547, 0.000680163269863, 0.00254917959683, 0.000905224063899, 0.000230989855481, 5.99595441599e-05, 4.29513711424e-05, 5.03542323713e-05, 3.80461569875e-05, 2.51468954957e-05, 4.86641001771e-05, 5.89404080529e-05, 2.32375532505e-05, 0.00150222238153],
        "mean": [2.55661361734e-05, 0.000320359366015, 0.000952933740336, 0.00188970391173, 0.0188126321882, 0.00319407554343, 0.0010183713166, 0.000877426471561, 0.000733098655473, 0.000701045210008, 0.000383033737307, 0.000341449311236, 0.000172369225766, 0.000113906200568, 0.000107398649561, 0.000143864119309, 8.01323767519e-05, 3.33775278705e-05, 1.7032632968e-05, 1.25143533296e-05, 1.25945816762e-05, 9.57215797825e-06, 6.03057105764e-06, 5.67155530007e-06, 7.84496933193e-06, 1.37658944368e-05, 0.00066082587],
        "median": [2.62070043391e-05, 0.000147601924255, 0.000701163429767, 0.000981950201094, 0.0142207359895, 0.00173906458076, 0.000680718570948, 0.000536149949767, 0.000479239126435, 0.000375715666451, 0.000292340351734, 0.000279083848, 0.000165249555721, 0.000100645193015, 8.3175204054e-05, 8.62735178089e-05, 3.679398651e-05, 2.78493025689e-05, 1.42032949952e-05, 1.33344783535e-05, 1.20190588859e-05, 9.97691495286e-06, 6.21713616056e-06, 5.1537795116e-06, 6.98565509083e-06, 1.3509306882e-05, 0.000585856556427],
        "min": [2.47485813475e-23, 1.93886391057e-23, 4.93798172688e-24, 8.12541562963e-24, 5.21844079024e-23, 4.44382671296e-23, 4.78548457983e-23, 2.97135125351e-23, 1.11232732406e-22, 3.82111158952e-23, 1.33491307439e-22, 1.4229861759e-22, 5.52046502304e-23, 1.07081418157e-22, 9.9948929127e-23, 1.17616131743e-22, 1.37388734694e-22, 1.58800653716e-22, 1.98913145274e-22, 3.70845960169e-22, 3.4716859671e-22, 7.11101737212e-22, 5.73702412849e-22, 7.07149405237e-22, 1.1705813319e-21, 1.33738040411e-21, 2.28119550251e-21],
        "var": [5.15475023777e-11, 1.71194983523e-07, 1.33008859393e-06, 6.10443248661e-06, 0.000353272422217, 1.30468533825e-05, 1.06582240278e-06, 1.01125669971e-06, 8.99361396023e-07, 1.26324846406e-06, 1.58015410534e-07, 1.09455697839e-07, 2.16783995199e-08, 1.48021053192e-08, 1.34828539444e-08, 1.05848343424e-07, 1.5580170043e-08, 1.36761613145e-09, 2.31402522144e-10, 1.1817245793e-10, 1.21053361779e-10, 6.32035257464e-11, 2.15846715501e-11, 3.67753778818e-11, 5.25205469393e-11, 2.68578406043e-11, 1.27010082451e-07]
    },
    "erbbands": {
        "dmean": [0.00209415424615, 0.0826032534242, 0.787966072559, 3.53821992874, 11.0242862701, 54.2544059753, 36.108959198, 17.1105003357, 11.2169780731, 12.6449298859, 13.2992773056, 14.5875263214, 19.0698661804, 11.6890964508, 7.17721128464, 6.71526575089, 4.05099439621, 2.79891991615, 2.93271517754, 5.69075155258, 4.56560707092, 2.70936441422, 1.06006121635, 0.405609965324, 0.284932553768, 0.194675251842, 0.200751200318, 0.131000518799, 0.121562793851, 0.0870990604162, 0.0614130236208, 0.0607353933156, 0.0349044464529, 0.0355158261955, 0.0224149003625, 0.0101231103763, 0.00538217276335, 0.00320696132258, 0.0032017303165, 0.00390138430521],
        "dmean2": [0.00351371522993, 0.146559357643, 1.45763742924, 6.40083217621, 18.8478183746, 96.6476745605, 60.7147102356, 29.8510799408, 18.8227729797, 21.6349849701, 24.6093578339, 27.3757896423, 36.5933647156, 21.8222694397, 10.8618936539, 10.6586008072, 7.36385059357, 5.04077672958, 5.17321062088, 10.9938116074, 8.46514511108, 5.0447435379, 1.90573787689, 0.707585930824, 0.491015732288, 0.312383174896, 0.324325889349, 0.199881851673, 0.201212331653, 0.158407211304, 0.108855552971, 0.108009167016, 0.0646630823612, 0.0654598027468, 0.0397339239717, 0.0172293689102, 0.0085502974689, 0.00512810563669, 0.00501670036465, 0.00663473783061],
        "dvar": [8.9782233772e-06, 0.0160989258438, 1.5289055109, 15.9326133728, 182.318496704, 5238.37792969, 2421.93139648, 469.018249512, 217.10458374, 239.129241943, 449.566864014, 637.001586914, 1457.7779541, 555.034973145, 76.0318069458, 48.5363578796, 22.6489505768, 17.0368423462, 19.9991073608, 381.388671875, 227.013839722, 66.8905334473, 6.12888336182, 0.298500955105, 0.111782580614, 0.061753500253, 0.0699714645743, 0.0402297452092, 0.0361427664757, 0.0132600134239, 0.0144358556718, 0.0336283259094, 0.0100308004767, 0.0110570937395, 0.00224002962932, 0.000131384833367, 3.95259085053e-05, 1.80960141734e-05, 2.13516468648e-05, 2.91893884423e-05],
        "dvar2": [2.66738170467e-05, 0.0534983538091, 5.06140708923, 50.2099723816, 575.564880371, 13831.9384766, 6719.23779297, 1321.42297363, 561.824523926, 603.485412598, 1330.44970703, 1899.9708252, 4354.19482422, 1596.96362305, 177.04196167, 109.32384491, 66.0961151123, 50.8254318237, 62.3915901184, 1144.60583496, 673.999816895, 198.361999512, 17.3331050873, 0.780822634697, 0.251458644867, 0.147043064237, 0.147768452764, 0.101217076182, 0.106876112521, 0.0325329303741, 0.0408585555851, 0.0960066467524, 0.028955006972, 0.0320449061692, 0.00626793270931, 0.000280673149973, 7.07370854798e-05, 2.47823918471e-05, 3.45677981386e-05, 4.07481020375e-05],
        "max": [0.0183072909713, 0.737567722797, 6.733045578, 22.4212055206, 64.73021698, 353.337188721, 233.025054932, 104.989570618, 80.310256958, 76.2364578247, 120.425338745, 140.037963867, 231.244445801, 153.253356934, 74.361289978, 48.231338501, 35.8407058716, 27.5782852173, 29.6319046021, 117.15045929, 90.0424728394, 51.395942688, 17.8181934357, 3.96904969215, 2.09781885147, 1.91827607155, 2.17392587662, 1.74816703796, 1.49202597141, 0.883254647255, 0.882879137993, 1.21964120865, 0.680341303349, 0.700284063816, 0.357759147882, 0.10628914088, 0.0507769323885, 0.0355976708233, 0.0336741656065, 0.0392569974065],
        "mean": [0.00304702250287, 0.106436006725, 0.924948453903, 3.88844347, 16.393989563, 98.402015686, 50.1117324829, 24.3792171478, 16.4771213531, 17.2352237701, 17.8708133698, 17.2136726379, 21.0636615753, 16.2739295959, 16.4065704346, 13.9598522186, 8.36091041565, 6.04800653458, 5.46920824051, 7.44540691376, 6.63640356064, 4.45201730728, 2.10720133781, 1.13173913956, 0.746748864651, 0.594080865383, 0.53745752573, 0.461065798998, 0.354785233736, 0.250494122505, 0.167792022228, 0.125208437443, 0.0921261161566, 0.0767895206809, 0.0617431551218, 0.0418484546244, 0.0277387816459, 0.0177727937698, 0.0169789697975, 0.0170242208987],
        "median": [0.00201702816412, 0.0478119663894, 0.674547016621, 2.35623002052, 10.7619085312, 64.1601867676, 36.3104820251, 15.00963974, 12.3844509125, 12.5244941711, 11.3723087311, 11.1345033646, 11.8506326675, 10.2468128204, 13.294793129, 12.1129903793, 8.26594352722, 5.639067173, 3.99020528793, 5.09172964096, 4.51342964172, 2.16741847992, 1.4445681572, 0.911801874638, 0.677097260952, 0.602792084217, 0.517261266708, 0.415151834488, 0.3479205966, 0.255458652973, 0.1569942981, 0.102539688349, 0.0818878561258, 0.0637606158853, 0.0545552149415, 0.041224155575, 0.0276977103204, 0.0173014160246, 0.0148772476241, 0.015233126469],
        "min": [1.28984195464e-21, 1.86741657644e-21, 6.27135624798e-21, 1.78797900525e-20, 1.26011040155e-19, 1.8372801976e-19, 1.1721102751e-19, 3.82343791282e-19, 6.87576926982e-19, 8.44314573268e-19, 8.0318849738e-19, 2.02539040053e-18, 2.45333994185e-18, 3.26565384405e-18, 5.31124689027e-18, 4.27203631208e-18, 2.48396382249e-18, 5.86348093902e-18, 4.4143084823e-18, 6.06367436369e-18, 6.14890788119e-18, 8.57947264565e-18, 8.87593831309e-18, 7.07535471674e-18, 1.27971210053e-17, 1.6955936971e-17, 1.47987078361e-17, 1.44914300909e-17, 2.35463644983e-17, 2.65065841759e-17, 1.39576818745e-17, 1.27936559457e-17, 1.39787551277e-17, 1.32152161372e-17, 7.92475422773e-18, 4.70165448349e-18, 2.93971490421e-18, 1.38458195519e-18, 3.06713272009e-19, 2.90972800434e-20],
        "var": [1.23088238979e-05, 0.0185394845903, 1.30102312565, 19.4790401459, 284.640899658, 9820.63671875, 3312.04663086, 703.414367676, 301.135192871, 319.119812012, 391.341583252, 475.718444824, 1029.60693359, 459.594787598, 274.977600098, 171.135360718, 51.5144691467, 29.272895813, 27.160823822, 226.878997803, 140.15171814, 48.8413047791, 6.75605630875, 1.08719551563, 0.419881075621, 0.255496352911, 0.21849052608, 0.161054298282, 0.0884473845363, 0.0409963391721, 0.0199382919818, 0.0233436133713, 0.00731062795967, 0.00737287709489, 0.00207783211954, 0.00033950919169, 0.000118816635222, 5.75191552343e-05, 6.96844581398e-05, 8.74698889675e-05]
    },
    "gfcc": {
        "mean": [-47.8419303894, 82.4546813965, -62.4662361145, -32.2054405212, -38.1128463745, -25.2433242798, -33.8620223999, -24.6542453766, -21.5020084381, -18.8524227142, -17.1700210571, -6.88503980637, -3.98886013031],
        "cov": [[28080.1171875, 3862.84155273, -2124.68139648, -835.515075684, -552.785461426, -678.346679688, -689.865966797, -920.200195312, -638.315673828, -710.93371582, -511.80368042, -95.3203277588, 41.5403938293], [3862.84155273, 992.747802734, -356.05166626, -154.349838257, -10.0943565369, -101.816444397, -63.9450454712, -158.516204834, -96.959236145, -143.386856079, -110.965507507, -22.6002883911, 0.408424973488], [-2124.68139648, -356.05166626, 364.769317627, 12.313914299, -23.4580364227, 32.5941467285, 14.2482976913, 64.2566223145, 35.852016449, 62.8763580322, 41.9164543152, -21.2907314301, -43.8978729248], [-835.515075684, -154.349838257, 12.313914299, 130.2293396, 63.3343925476, 28.1779670715, 35.0365829468, 31.0479774475, 15.1087026596, 12.3512210846, 14.2310266495, 26.9382591248, 28.2057819366], [-552.785461426, -10.0943565369, -23.4580364227, 63.3343925476, 85.5257415771, 39.4525375366, 41.4885978699, 25.2861461639, 24.1423587799, 6.5888133049, 1.81108939648, 19.9765739441, 20.8200187683], [-678.346679688, -101.816444397, 32.5941467285, 28.1779670715, 39.4525375366, 54.8545150757, 34.0429039001, 38.404586792, 24.9587039948, 22.138048172, 10.5232515335, 4.44264507294, 1.77304768562], [-689.865966797, -63.9450454712, 14.2482976913, 35.0365829468, 41.4885978699, 34.0429039001, 58.4616622925, 39.5502357483, 21.0840473175, 19.3816757202, 17.7106456757, 16.0251693726, 12.8186340332], [-920.200195312, -158.516204834, 64.2566223145, 31.0479774475, 25.2861461639, 38.404586792, 39.5502357483, 77.1742858887, 43.7767524719, 36.9384613037, 18.9749069214, 10.2962770462, 7.00113773346], [-638.315673828, -96.959236145, 35.852016449, 15.1087026596, 24.1423587799, 24.9587039948, 21.0840473175, 43.7767524719, 45.0381584167, 29.3312568665, 11.2685489655, 5.40134859085, 5.78696584702], [-710.93371582, -143.386856079, 62.8763580322, 12.3512210846, 6.5888133049, 22.138048172, 19.3816757202, 36.9384613037, 29.3312568665, 43.8389930725, 28.8951396942, 6.89855337143, -3.47487926483], [-511.80368042, -110.965507507, 41.9164543152, 14.2310266495, 1.81108939648, 10.5232515335, 17.7106456757, 18.9749069214, 11.2685489655, 28.8951396942, 40.4976043701, 17.766582489, 3.60456800461], [-95.3203277588, -22.6002883911, -21.2907314301, 26.9382591248, 19.9765739441, 4.44264507294, 16.0251693726, 10.2962770462, 5.40134859085, 6.89855337143, 17.766582489, 29.1572093964, 24.3753929138], [41.5403938293, 0.408424973488, -43.8978729248, 28.2057819366, 20.8200187683, 1.77304768562, 12.8186340332, 7.00113773346, 5.78696584702, -3.47487926483, 3.60456800461, 24.3753929138, 41.8221817017]],
        "icov": [[0.000203124247491, -0.000398554693675, 0.000689735403284, 0.000119804921269, 0.00107453460805, -0.000405702216085, 0.00113619852345, -0.00010650385957, 0.000717913208064, -0.000198614987312, 0.000753647822421, -0.0011125553865, 6.4797597588e-05], [-0.000398554693675, 0.00536673981696, 0.000291108037345, 0.00622949516401, -0.00872365199029, 0.00657364586368, -0.00464832084253, 0.0017011606833, 0.000886756286491, 0.00485675642267, 0.00378202018328, -0.00139972462784, 0.0024224712979], [0.000689735403284, 0.000291108037345, 0.00800612010062, 0.00104109209497, 0.00251354649663, 0.00037544593215, 0.00420506112278, -0.00327057344839, 0.00365863274783, -0.00116367510054, -0.000844544032589, 0.00156131980475, 0.00356469396502], [0.000119804921269, 0.00622949516401, 0.00104109209497, 0.0246245022863, -0.0223584193736, 0.0106130437925, 0.000413385219872, -0.00436499156058, 0.0140054849908, 0.00272698164918, 0.00607874570414, -0.00612942781299, -0.00307262502611], [0.00107453460805, -0.00872365199029, 0.00251354649663, -0.0223584193736, 0.061953060329, -0.0324578285217, -0.00910518039018, 0.0163968931884, -0.0281663630158, 0.0031884314958, 0.0150597775355, -0.0303200054914, 0.00785138644278], [-0.000405702216085, 0.00657364586368, 0.00037544593215, 0.0106130437925, -0.0324578285217, 0.0550386793911, -0.0116101428866, -0.012245462276, 0.010287258774, -0.00585676822811, 0.000464897108031, 0.0170586332679, 0.00111602840479], [0.00113619852345, -0.00464832084253, 0.00420506112278, 0.000413385219872, -0.00910518039018, -0.0116101428866, 0.0526879243553, -0.0222984552383, 0.0167076271027, -0.00188541784883, -0.0158186219633, 0.00246742973104, -0.0068826363422], [-0.00010650385957, 0.0017011606833, -0.00327057344839, -0.00436499156058, 0.0163968931884, -0.012245462276, -0.0222984552383, 0.0522485896945, -0.0352693237364, -0.00544692669064, 0.0179335679859, -0.0197757910937, 0.00445255171508], [0.000717913208064, 0.000886756286491, 0.00365863274783, 0.0140054849908, -0.0281663630158, 0.010287258774, 0.0167076271027, -0.0352693237364, 0.0895356684923, -0.0458261221647, 0.013478377834, 0.0148222688586, -0.0179554391652], [-0.000198614987312, 0.00485675642267, -0.00116367510054, 0.00272698164918, 0.0031884314958, -0.00585676822811, -0.00188541784883, -0.00544692669064, -0.0458261221647, 0.110772922635, -0.0532529130578, 0.00315574277192, 0.015535290353], [0.000753647822421, 0.00378202018328, -0.000844544032589, 0.00607874570414, 0.0150597775355, 0.000464897108031, -0.0158186219633, 0.0179335679859, 0.013478377834, -0.0532529130578, 0.11030202359, -0.0842557027936, 0.0218686833978], [-0.0011125553865, -0.00139972462784, 0.00156131980475, -0.00612942781299, -0.0303200054914, 0.0170586332679, 0.00246742973104, -0.0197757910937, 0.0148222688586, 0.00315574277192, -0.0842557027936, 0.162926673889, -0.0656697824597], [6.4797597588e-05, 0.0024224712979, 0.00356469396502, -0.00307262502611, 0.00785138644278, 0.00111602840479, -0.0068826363422, 0.00445255171508, -0.0179554391652, 0.015535290353, 0.0218686833978, -0.0656697824597, 0.0672099292278]]
    },
    "melbands": {
        "dmean": [4.19991156377e-05, 0.000286421010969, 0.000766307290178, 0.00231710192747, 0.00150682940148, 0.000379421544494, 0.000159536008141, 0.000145109457662, 0.000102533107565, 9.36312790145e-05, 9.85825390671e-05, 5.44445756532e-05, 2.84654324787e-05, 2.16316620936e-05, 1.31723145387e-05, 7.45294619264e-06, 5.52647361474e-06, 5.48932575839e-06, 4.54111705039e-06, 1.10150031105e-05, 4.48775062978e-06, 3.25583710037e-06, 1.7013140905e-06, 6.79304150708e-07, 3.54947701453e-07, 2.38546846276e-07, 2.0388630162e-07, 1.410164856e-07, 1.39338311556e-07, 1.30419650191e-07, 8.00594293082e-08, 7.77005340069e-08, 6.89352148697e-08, 4.50388810691e-08, 3.69307819881e-08, 4.2489865848e-08, 3.67092880538e-08, 1.98921821237e-08, 3.9387966666e-08, 3.04912042282e-08],
        "dmean2": [7.36980800866e-05, 0.000531207886524, 0.00136594788637, 0.00403490010649, 0.00250072893687, 0.000686738232616, 0.000263942492893, 0.000248515425483, 0.000188846664969, 0.000176854111487, 0.000188512160094, 0.000101556244772, 4.50924344477e-05, 3.52485221811e-05, 2.48914984695e-05, 1.25974102048e-05, 1.00370261862e-05, 9.82081110124e-06, 7.48014599594e-06, 2.09615809581e-05, 8.15232851892e-06, 5.97596772423e-06, 3.15333227263e-06, 1.15914826893e-06, 5.83324037962e-07, 3.91216445905e-07, 3.63031006145e-07, 2.41904416498e-07, 2.08512048516e-07, 2.15019809957e-07, 1.26966781977e-07, 1.30116987407e-07, 1.21213886928e-07, 7.9347316273e-08, 6.40992894319e-08, 7.79410385121e-08, 6.48437747941e-08, 3.4792090986e-08, 7.44426600363e-08, 5.52878631765e-08],
        "dvar": [3.61058516418e-09, 2.21579014692e-07, 8.57191480463e-07, 8.18439912109e-06, 4.50859306511e-06, 2.55348822975e-07, 4.10265101891e-08, 3.5006355148e-08, 2.74837947956e-08, 2.7364931654e-08, 3.97078210312e-08, 1.30467441295e-08, 1.08371212004e-09, 6.71765088001e-10, 1.8167858884e-10, 9.42736236298e-11, 7.62718568859e-11, 7.42879785465e-11, 8.67523622383e-11, 1.6030512473e-09, 1.46026593595e-10, 8.17687237364e-11, 2.15978016721e-11, 1.15637740269e-12, 1.86478463964e-13, 8.88844865223e-14, 6.88934654225e-14, 3.36497492468e-14, 3.12222917334e-14, 3.36950688976e-14, 1.15863265163e-14, 1.15800999771e-14, 1.13214525374e-14, 3.53442157879e-15, 3.84056808505e-15, 1.27262787033e-14, 9.55015671986e-15, 1.82804638973e-15, 1.42398317123e-14, 5.8150688007e-15],
        "dvar2": [1.11472280295e-08, 7.22467177638e-07, 2.82427254206e-06, 2.25870244321e-05, 1.21566108646e-05, 7.28318923393e-07, 1.02193133955e-07, 9.45474951664e-08, 8.1136136032e-08, 8.2302413773e-08, 1.18227518442e-07, 3.76873856567e-08, 2.60209565006e-09, 1.49154555373e-09, 4.69403405035e-10, 3.06817210527e-10, 2.28249447121e-10, 2.37100505895e-10, 2.42685593843e-10, 4.80412909454e-09, 4.29233620869e-10, 2.41926034761e-10, 6.24481785727e-11, 3.41148897326e-12, 5.17586678812e-13, 2.30138038617e-13, 1.89101284544e-13, 7.91623439977e-14, 7.23280823797e-14, 8.43381286575e-14, 3.15596378512e-14, 3.41156207559e-14, 3.2872271257e-14, 9.39990323941e-15, 1.05608897956e-14, 3.69357762962e-14, 2.70280691816e-14, 5.17761848613e-15, 4.19979060752e-14, 1.66856833932e-14],
        "max": [0.00035732681863, 0.00268043996766, 0.00496918614954, 0.0141703011468, 0.0104014324024, 0.00236174836755, 0.00111135782208, 0.000858213636093, 0.000956016301643, 0.000939136545639, 0.00120438670274, 0.000718857336324, 0.000255832506809, 0.000161810952704, 8.0590863945e-05, 6.92698231433e-05, 5.6075554312e-05, 5.38814892934e-05, 6.12429575995e-05, 0.000237132946495, 7.20721945981e-05, 5.69188887312e-05, 3.00864066958e-05, 8.17834825284e-06, 3.36294033332e-06, 1.97971235139e-06, 1.51549943439e-06, 1.41103316764e-06, 1.33798403112e-06, 1.33777905376e-06, 9.15925454592e-07, 8.43403256567e-07, 7.80101117925e-07, 4.29686764392e-07, 4.69020477567e-07, 7.59339172873e-07, 6.51817970265e-07, 3.13889131576e-07, 7.56692315917e-07, 5.26620283381e-07],
        "mean": [5.57341772947e-05, 0.000360451784218, 0.000892361917067, 0.00391948781908, 0.00261696823873, 0.000537390296813, 0.000243176313234, 0.000191337152501, 0.000142143355333, 0.000104749880848, 0.000108058513433, 7.11754400982e-05, 5.6095115724e-05, 4.18683594035e-05, 2.82196124317e-05, 1.40070724228e-05, 1.09115171654e-05, 8.72339023772e-06, 8.46595321491e-06, 1.14535014291e-05, 6.90323349772e-06, 5.10565041623e-06, 2.48986543738e-06, 1.46207651142e-06, 8.53686060509e-07, 5.90223919517e-07, 4.52543844176e-07, 3.82762095796e-07, 3.40016242717e-07, 3.03921780187e-07, 2.56451500036e-07, 2.04416096494e-07, 1.7358482296e-07, 1.23408270269e-07, 9.87137411812e-08, 8.35580706848e-08, 7.16723960181e-08, 6.06055863273e-08, 6.81401246538e-08, 6.30754612985e-08],
        "median": [2.84281450149e-05, 0.000265169423074, 0.000576074700803, 0.00272075203247, 0.00201489846222, 0.000320259656291, 0.000160110736033, 0.000137595561682, 8.7988722953e-05, 6.52110174997e-05, 6.15165699855e-05, 4.4640055421e-05, 4.16580187448e-05, 3.62774553651e-05, 2.7115620469e-05, 1.17263280117e-05, 9.07423509489e-06, 6.73844579069e-06, 7.08561265128e-06, 5.82188522458e-06, 4.58805106973e-06, 2.31407898355e-06, 1.51508936597e-06, 1.15347847895e-06, 6.49227672511e-07, 4.60135510139e-07, 3.62991045222e-07, 3.69115753074e-07, 2.85979666614e-07, 2.286490286e-07, 2.37071063225e-07, 1.85998345614e-07, 1.48116725995e-07, 1.02749496023e-07, 9.3743203422e-08, 6.61234764721e-08, 6.08680679193e-08, 5.67689397712e-08, 5.13925755286e-08, 5.40393685355e-08],
        "min": [9.67131084685e-24, 2.65476484561e-24, 5.4100869741e-24, 1.28384580081e-23, 4.71899472846e-24, 1.00650510462e-23, 9.90962730404e-24, 8.57225326761e-24, 7.41161326182e-24, 1.42897435593e-23, 1.15915505403e-23, 1.14290081174e-23, 1.92504732736e-23, 1.40897452317e-23, 1.02777886885e-23, 4.66705375987e-24, 1.20348209493e-23, 6.12720492429e-24, 8.22340004266e-24, 8.36404842004e-24, 7.13240698847e-24, 8.72796178853e-24, 8.21040434811e-24, 7.90517592008e-24, 4.93127562033e-24, 9.08141170598e-24, 8.89504883914e-24, 1.24305900989e-23, 1.04617021422e-23, 7.434416864e-24, 8.20441531612e-24, 1.05618291015e-23, 1.90974563461e-23, 1.26635139029e-23, 6.93769402895e-24, 9.05014757058e-24, 7.21189497986e-24, 1.06881288879e-23, 8.50355137138e-24, 1.22542717979e-23],
        "var": [4.76321515563e-09, 1.99178842308e-07, 1.01062232716e-06, 1.54632780323e-05, 7.46167143006e-06, 3.40517317454e-07, 6.41849595695e-08, 3.96630142063e-08, 2.43144544498e-08, 1.97127807411e-08, 2.80690528598e-08, 1.00783257295e-08, 3.66635832805e-09, 1.78126224881e-09, 5.63639745987e-10, 1.6037571271e-10, 1.07533766613e-10, 8.19272150121e-11, 9.53113837854e-11, 9.02300345551e-10, 1.02804618984e-10, 6.23331455896e-11, 1.62948769061e-11, 2.24416188757e-12, 6.50776904153e-13, 2.85815913038e-13, 1.66094284051e-13, 1.11256103885e-13, 9.13733268194e-14, 8.08137871943e-14, 4.91136435178e-14, 3.02021523567e-14, 2.31337301745e-14, 9.61916449407e-15, 6.44325892757e-15, 9.6906896502e-15, 6.70922388487e-15, 1.79190518794e-15, 8.73698645577e-15, 4.2121123111e-15]
    },
    "mfcc": {
        "mean": [-713.90411377, 161.350296021, 12.8988933563, 2.75228428841, 0.117825932801, -3.56443667412, -12.0978841782, -8.43790912628, -7.20511865616, -15.2608394623, -13.6619338989, -9.31296539307, -6.88252305984],
        "cov": [[11179.1943359, 3279.23706055, -875.072265625, 135.495025635, -109.35294342, 73.2454299927, -237.232070923, -62.0414505005, -118.228103638, -506.138092041, -439.851837158, -318.112701416, -239.038223267], [3279.23706055, 1236.3145752, -135.911743164, -21.1307888031, -48.5410118103, -24.5559406281, -93.0832366943, -38.0081634521, -36.201713562, -138.716506958, -114.019767761, -92.6551513672, -79.5280609131], [-875.072265625, -135.911743164, 270.837371826, -30.4229717255, 3.73135256767, -46.5328559875, -1.22780585289, -35.2116012573, -19.9343891144, 26.5261173248, 34.2125740051, 36.0040168762, 19.8031024933], [135.495025635, -21.1307888031, -30.4229717255, 69.7632064819, 11.8906345367, 16.2654323578, 7.2119884491, 10.0157833099, -0.359292984009, -15.8800754547, -15.9573583603, -15.8706817627, -1.0566599369], [-109.35294342, -48.5410118103, 3.73135256767, 11.8906345367, 38.1922225952, 14.7137594223, 0.376262396574, 8.60460090637, 15.2356681824, 8.3855381012, -0.374901086092, 5.58488464355, 9.53106021881], [73.2454299927, -24.5559406281, -46.5328559875, 16.2654323578, 14.7137594223, 40.8283042908, 14.0152015686, 12.5907001495, 6.59814405441, -1.46896481514, -3.97307729721, -5.48587656021, 4.61921787262], [-237.232070923, -93.0832366943, -1.22780585289, 7.2119884491, 0.376262396574, 14.0152015686, 37.3409576416, 19.7967472076, 6.83430671692, 8.20585918427, 14.7384386063, 13.8148012161, 9.30418491364], [-62.0414505005, -38.0081634521, -35.2116012573, 10.0157833099, 8.60460090637, 12.5907001495, 19.7967472076, 34.6608886719, 25.2823791504, 9.36874294281, 5.01942443848, 4.53595542908, 4.35235118866], [-118.228103638, -36.201713562, -19.9343891144, -0.359292984009, 15.2356681824, 6.59814405441, 6.83430671692, 25.2823791504, 44.6756134033, 23.2803153992, 4.82503080368, 3.18422245979, 6.77566385269], [-506.138092041, -138.716506958, 26.5261173248, -15.8800754547, 8.3855381012, -1.46896481514, 8.20585918427, 9.36874294281, 23.2803153992, 45.4973640442, 29.458820343, 13.5491275787, 14.317606926], [-439.851837158, -114.019767761, 34.2125740051, -15.9573583603, -0.374901086092, -3.97307729721, 14.7384386063, 5.01942443848, 4.82503080368, 29.458820343, 42.9731941223, 24.250831604, 14.4514484406], [-318.112701416, -92.6551513672, 36.0040168762, -15.8706817627, 5.58488464355, -5.48587656021, 13.8148012161, 4.53595542908, 3.18422245979, 13.5491275787, 24.250831604, 39.6623382568, 22.2616024017], [-239.038223267, -79.5280609131, 19.8031024933, -1.0566599369, 9.53106021881, 4.61921787262, 9.30418491364, 4.35235118866, 6.77566385269, 14.317606926, 14.4514484406, 22.2616024017, 30.6413784027]],
