{
"lowlevel": {
    "average_loudness": 0.93091905117,
    "barkbands_crest": {
        "dmean": 3.31951498985,
        "dmean2": 5.61477518082,
        "dvar": 7.38014936447,
        "dvar2": 22.6289844513,
        "max": 19.8695030212,
        "mean": 10.5557060242,
        "median": 10.0688247681,
        "min": 3.81986784935,
        "var": 11.2973957062
    },
    "barkbands_flatness_db": {
        "dmean": 0.021325185895,
        "dmean2": 0.0360722839832,
        "dvar": 0.00028797640698,
        "dvar2": 0.000715455389582,
        "max": 0.223712399602,
        "mean": 0.110961601138,
        "median": 0.109040737152,
        "min": 0.0586618222296,
        "var": 0.000622307066806
    },
    "barkbands_kurtosis": {
        "dmean": 2.89934563637,
        "dmean2": 4.94448471069,
        "dvar": 8.2520570755,
        "dvar2": 21.010345459,
        "max": 18.698759079,
        "mean": 3.90182471275,
        "median": 3.40817308426,
        "min": -1.81921708584,
        "var": 19.1245269775
    },
    "barkbands_skewness": {
        "dmean": 0.711438417435,
        "dmean2": 1.14427757263,
        "dvar": 0.398928374052,
        "dvar2": 0.820096611977,
        "max": 4.07464361191,
        "mean": 1.7108052969,
        "median": 1.96330940723,
        "min": -2.67380046844,
        "var": 1.60769534111
    },
    "barkbands_spread": {
        "dmean": 9.17495632172,
        "dmean2": 15.4666175842,
        "dvar": 69.5081558228,
        "dvar2": 176.492080688,
        "max": 64.9019393921,
        "mean": 33.4893798828,
        "median": 30.8842353821,
        "min": 11.8739423752,
        "var": 192.538330078
    },
    "dissonance": {
        "dmean": 0.0153664909303,
        "dmean2": 0.0256180819124,
        "dvar": 0.000186108300113,
        "dvar2": 0.000429276929935,
        "max": 0.499902963638,
        "mean": 0.475828260183,
        "median": 0.477493435144,
        "min": 0.389423370361,
        "var": 0.000293115066597
    },
    "dynamic_complexity": 3.39102578163,
    "erbbands_crest": {
        "dmean": 3.22045207024,
        "dmean2": 5.37802648544,
        "dvar": 11.0777873993,
        "dvar2": 23.3130836487,
        "max": 27.2076740265,
        "mean": 9.76483917236,
        "median": 7.9586186409,
        "min": 3.49702739716,
        "var": 28.6806125641
    },
    "erbbands_flatness_db": {
        "dmean": 0.0172772854567,
        "dmean2": 0.0255201049149,
        "dvar": 0.000289424060611,
        "dvar2": 0.000609852315392,
        "max": 0.312783449888,
        "mean": 0.144224360585,
        "median": 0.13429762423,
        "min": 0.0956792831421,
        "var": 0.00113810552284
    },
    "erbbands_kurtosis": {
        "dmean": 1.825704813,
        "dmean2": 2.8866443634,
        "dvar": 19.4725131989,
        "dvar2": 47.5232658386,
        "max": 39.2151260376,
        "mean": 0.588742315769,
        "median": -0.416146755219,
        "min": -1.75474333763,
        "var": 21.7137737274
    },
    "erbbands_skewness": {
        "dmean": 0.583027303219,
        "dmean2": 0.903761088848,
        "dvar": 0.403868764639,
        "dvar2": 0.791179776192,
        "max": 1.76928663254,
        "mean": 0.0477477796376,
        "median": 0.446282595396,
        "min": -6.07522916794,
        "var": 1.60810041428
    },
    "erbbands_spread": {
        "dmean": 10.2092571259,
        "dmean2": 16.7130718231,
        "dvar": 127.215957642,
        "dvar2": 281.552642822,
        "max": 86.0625076294,
        "mean": 49.5954017639,
        "median": 49.099899292,
        "min": 7.3256020546,
        "var": 325.690032959
    },
    "hfc": {
        "dmean": 8.74466228485,
        "dmean2": 12.7209157944,
        "dvar": 506.937652588,
        "dvar2": 1208.98742676,
        "max": 236.177597046,
        "mean": 16.5698261261,
        "median": 9.32964420319,
        "min": 1.19102168083,
        "var": 656.217529297
    },
    "melbands_crest": {
        "dmean": 3.48219776154,
        "dmean2": 6.22535324097,
        "dvar": 7.90103960037,
        "dvar2": 22.5817260742,
        "max": 21.9651260376,
        "mean": 12.9508581161,
        "median": 13.1361265182,
        "min": 6.14237833023,
        "var": 11.6537094116
    },
    "melbands_flatness_db": {
        "dmean": 0.0272076074034,
        "dmean2": 0.0463156998158,
        "dvar": 0.000482292816741,
        "dvar2": 0.00117949524429,
        "max": 0.258533775806,
        "mean": 0.189411565661,
        "median": 0.195652708411,
        "min": 0.100170664489,
        "var": 0.00114743551239
    },
    "melbands_kurtosis": {
        "dmean": 6.82037353516,
        "dmean2": 11.7844991684,
        "dvar": 41.9294281006,
        "dvar2": 110.149986267,
        "max": 45.6067504883,
        "mean": 13.0024595261,
        "median": 12.5211381912,
        "min": -1.85471725464,
        "var": 88.5891494751
    },
    "melbands_skewness": {
        "dmean": 0.842562675476,
        "dmean2": 1.4105527401,
        "dvar": 0.496507495642,
        "dvar2": 1.20159649849,
        "max": 6.22745084763,
        "mean": 2.96571564674,
        "median": 3.08753538132,
        "min": -0.670861005783,
        "var": 1.4495857954
    },
    "melbands_spread": {
        "dmean": 13.8519487381,
        "dmean2": 21.7519207001,
        "dvar": 454.338378906,
        "dvar2": 912.905395508,
        "max": 176.819610596,
        "mean": 31.0659065247,
        "median": 16.2243671417,
        "min": 5.5052614212,
        "var": 1197.6229248
    },
    "pitch_salience": {
        "dmean": 0.0781671255827,
        "dmean2": 0.136528491974,
        "dvar": 0.00374160683714,
        "dvar2": 0.0113229807466,
        "max": 0.821903407574,
        "mean": 0.689317345619,
        "median": 0.701654672623,
        "min": 0.456595599651,
        "var": 0.00581508874893
    },
    "silence_rate_20dB": {
        "dmean": 0,
        "dmean2": 0,
        "dvar": 0,
        "dvar2": 0,
        "max": 1,
        "mean": 1,
        "median": 1,
        "min": 1,
        "var": 0
    },
    "silence_rate_30dB": {
        "dmean": 0,
        "dmean2": 0,
        "dvar": 0,
        "dvar2": 0,
        "max": 1,
        "mean": 1,
        "median": 1,
        "min": 1,
        "var": 0
    },
    "silence_rate_60dB": {
        "dmean": 0.0647058859468,
        "dmean2": 0.130177512765,
        "dvar": 0.0605189837515,
        "dvar2": 0.172403082252,
        "max": 1,
        "mean": 0.239766076207,
        "median": 0,
        "min": 0,
        "var": 0.182278230786
    },
    "spectral_centroid": {
        "dmean": 443.916900635,
        "dmean2": 706.80645752,
        "dvar": 253805.765625,
        "dvar2": 530307.6875,
        "max": 4727.58935547,
        "mean": 1624.48449707,
        "median": 1217.15136719,
        "min": 506.561584473,
        "var": 1099994.75
    },
    "spectral_complexity": {
        "dmean": 2.32352948189,
        "dmean2": 3.68639063835,
        "dvar": 3.33650684357,
        "dvar2": 10.2625904083,
        "max": 27,
        "mean": 10.76608181,
        "median": 10,
        "min": 2,
        "var": 25.500837326
    },
    "spectral_decrease": {
        "dmean": 9.03962016352e-10,
        "dmean2": 1.46418421831e-09,
        "dvar": 1.5197380974e-18,
        "dvar2": 3.1264035714e-18,
        "max": -1.09063744147e-10,
        "mean": -2.23553708878e-09,
        "median": -1.5075447557e-09,
        "min": -1.35559634629e-08,
        "var": 5.39081380699e-18
    },
    "spectral_energy": {
        "dmean": 0.00410832418129,
        "dmean2": 0.00647018104792,
        "dvar": 3.81504396501e-05,
        "dvar2": 8.30798016977e-05,
        "max": 0.0585699304938,
        "mean": 0.00994036439806,
        "median": 0.00668925791979,
        "min": 0.000595958670601,
        "var": 0.000106110339402
    },
    "spectral_energyband_high": {
        "dmean": 0.00166646018624,
        "dmean2": 0.00255726301111,
        "dvar": 2.6879075449e-05,
        "dvar2": 6.69188375468e-05,
        "max": 0.0524525493383,
        "mean": 0.00190977868624,
        "median": 0.000396509160055,
        "min": 3.93105874537e-05,
        "var": 2.90853204206e-05
    },
    "spectral_energyband_low": {
        "dmean": 0.000336204015184,
        "dmean2": 0.000592251133639,
        "dvar": 1.84565948302e-07,
        "dvar2": 5.88775208143e-07,
        "max": 0.00261831702664,
        "mean": 0.000496108084917,
        "median": 0.000278615043499,
        "min": 2.17849919864e-05,
        "var": 3.0047965538e-07
    },
    "spectral_energyband_middle_high": {
        "dmean": 0.000567287788726,
        "dmean2": 0.000804705661722,
        "dvar": 3.38801874022e-06,
        "dvar2": 7.27728001948e-06,
        "max": 0.0259554218501,
        "mean": 0.00148798082955,
        "median": 0.00060611765366,
        "min": 5.46373194084e-05,
        "var": 1.17604022307e-05
    },
    "spectral_energyband_middle_low": {
        "dmean": 0.00253387563862,
        "dmean2": 0.00431823916733,
        "dvar": 9.72599445959e-06,
        "dvar2": 1.88146095752e-05,
        "max": 0.0341343991458,
        "mean": 0.00617677904665,
        "median": 0.00385948270559,
        "min": 0.000366098014638,
        "var": 3.69231565855e-05
    },
    "spectral_entropy": {
        "dmean": 0.161248087883,
        "dmean2": 0.267087131739,
        "dvar": 0.0193640477955,
        "dvar2": 0.0469618700445,
        "max": 8.05533790588,
        "mean": 7.54344081879,
        "median": 7.55773115158,
        "min": 6.48646354675,
        "var": 0.0412330962718
    },
    "spectral_flux": {
        "dmean": 0.01428694278,
        "dmean2": 0.0204397831112,
        "dvar": 0.000272058940027,
        "dvar2": 0.000642391794827,
        "max": 0.219258651137,
        "mean": 0.0614265874028,
        "median": 0.0536649487913,
        "min": 0.0170666333288,
        "var": 0.00123286899179
    },
    "spectral_kurtosis": {
        "dmean": 1.1780756712,
        "dmean2": 1.89733457565,
        "dvar": 2.23870491982,
        "dvar2": 3.74089312553,
        "max": 14.6940937042,
        "mean": 7.17895030975,
        "median": 7.03032875061,
        "min": 1.03645277023,
        "var": 10.2454900742
    },
    "spectral_rms": {
        "dmean": 0.000565332826227,
        "dmean2": 0.000892529904377,
        "dvar": 3.50612623379e-07,
        "dvar2": 7.52670416659e-07,
        "max": 0.00755919283256,
        "mean": 0.00279777287506,
        "median": 0.00255462434143,
        "min": 0.000762511044741,
        "var": 1.87038995136e-06
    },
    "spectral_rolloff": {
        "dmean": 925.294494629,
        "dmean2": 1671.68994141,
        "dvar": 1504689.25,
        "dvar2": 3422002.25,
        "max": 6459.9609375,
        "mean": 2240.83862305,
        "median": 1184.32617188,
        "min": 409.130859375,
        "var": 3299240
    },
    "spectral_skewness": {
        "dmean": 0.220578432083,
        "dmean2": 0.331810086966,
        "dvar": 0.092089228332,
        "dvar2": 0.159488976002,
        "max": 3.19687604904,
        "mean": 1.58057034016,
        "median": 1.59713089466,
        "min": -0.159257873893,
        "var": 0.525431096554
    },
    "spectral_spread": {
        "dmean": 326419.625,
        "dmean2": 506579.96875,
        "dvar": 151223615488,
        "dvar2": 351966265344,
        "max": 7467888,
        "mean": 4562637,
        "median": 4528033,
        "min": 2465700.25,
        "var": 366713372672
    },
    "spectral_strongpeak": {
        "dmean": 0.790509939194,
        "dmean2": 1.30209374428,
        "dvar": 3.33026003838,
        "dvar2": 7.89708662033,
        "max": 11.2193460464,
        "mean": 0.88385784626,
        "median": 0.304555237293,
        "min": 0.0164125766605,
        "var": 3.49005508423
    },
    "zerocrossingrate": {
        "dmean": 0.0183277800679,
        "dmean2": 0.0243822801858,
        "dvar": 0.000282341323327,
        "dvar2": 0.000483750365674,
        "max": 0.2607421875,
        "mean": 0.134420111775,
        "median": 0.13037109375,
        "min": 0.0419921875,
        "var": 0.0016031145351
    },
    "barkbands": {
        "dmean": [1.00837030459e-06, 5.09629644512e-05, 0.000192141495063, 0.000400176475523, 0.00181968952529, 0.00109184405301, 0.000304648798192, 0.000522421149071, 0.000105686922325, 0.00022206005815, 0.000108746658952, 0.000296109676128, 3.36863195116e-05, 1.47632417793e-05, 1.65694564203e-05, 1.93265605049e-05, 4.01004435844e-05, 6.25523389317e-05, 0.000100089106127, 0.000783667783253, 0.000922494975384, 0.000316194840707, 5.04368035763e-05, 7.73440569901e-06, 1.80477559297e-06, 5.6882294075e-07, 2.87268358079e-05],
        "dmean2": [1.6765983446e-06, 8.6770633061e-05, 0.000333129253704, 0.000700969598256, 0.00322776404209, 0.00190257653594, 0.00050757516874, 0.000841794651933, 0.000177496884135, 0.000385198945878, 0.000188372549019, 0.000365703657735, 5.59005202376e-05, 2.48502565228e-05, 2.94849069178e-05, 3.27795714838e-05, 6.60838049953e-05, 0.000102724392491, 0.000168920319993, 0.0013146919664, 0.00160849024542, 0.000532852543984, 8.85482077138e-05, 1.25098949866e-05, 3.04452009914e-06, 8.65714639531e-07, 4.67692552775e-05],
        "dvar": [9.60960694699e-13, 4.93145657643e-09, 5.1190763628e-08, 3.88958909525e-07, 3.16035448122e-06, 1.67139000951e-06, 1.49121930804e-07, 4.76111290482e-06, 2.09984634125e-08, 9.014639204e-07, 9.63175992297e-08, 1.98594352696e-06, 6.36502450746e-09, 3.00285296628e-10, 3.89666077183e-10, 5.87463910851e-10, 7.43938333159e-09, 2.21281517554e-08, 8.82732820173e-08, 1.02633866845e-05, 7.15864234735e-06, 1.64087362009e-06, 5.60159492125e-08, 5.71509228831e-10, 2.83936919115e-11, 4.66803245364e-13, 8.26581192381e-10],
        "dvar2": [2.06759891326e-12, 1.41677372056e-08, 1.36472337431e-07, 1.10590360691e-06, 9.99428357318e-06, 4.54779865322e-06, 4.52529349104e-07, 8.33680041978e-06, 6.74689530911e-08, 2.69152565124e-06, 2.50671689628e-07, 3.32491254085e-06, 1.5056775382e-08, 9.76942193809e-10, 1.15237563936e-09, 1.46511947019e-09, 1.2832328089e-08, 5.85650852258e-08, 2.22694552576e-07, 2.58557192865e-05, 1.99920814339e-05, 4.41394240625e-06, 1.56898508408e-07, 1.32394306629e-09, 6.56351362149e-11, 9.63706978802e-13, 2.24096829982e-09],
        "max": [1.20641652757e-05, 0.000591057760175, 0.00212310068309, 0.0043467907235, 0.0116051267833, 0.0145783312619, 0.00322203827091, 0.0226208157837, 0.00145693833474, 0.0108256191015, 0.00414918363094, 0.0199359934777, 0.000833924568724, 0.000137256109156, 0.000152179127326, 0.000298704311717, 0.00125780107919, 0.00114251871128, 0.00353628024459, 0.0312225352973, 0.0201824810356, 0.0129630016163, 0.0023435477633, 0.00021917547565, 3.92541078327e-05, 9.38706398301e-06, 0.000381394434953],
        "mean": [4.74207990919e-06, 6.71623492963e-05, 0.000277719052974, 0.000400722317863, 0.00267609162256, 0.001606903621, 0.000468121317681, 0.000755783403292, 0.000202857147087, 0.000273902434856, 0.00017640243459, 0.000543971953448, 6.27526678727e-05, 3.31387491315e-05, 3.49873771484e-05, 4.33355526184e-05, 7.52036794438e-05, 0.000101617260952, 0.000150163832586, 0.000645736057777, 0.00079663953511, 0.000298165425193, 4.64679469587e-05, 9.36067408475e-06, 3.18322304338e-06, 3.56422219738e-06, 0.0001579355594],
        "median": [4.62677235191e-06, 3.75986637664e-05, 0.00013821120956, 0.000195412168978, 0.00199088966474, 0.000822614762001, 0.00026778577012, 0.000178616159246, 0.000119741409435, 8.74192628544e-05, 5.90857962379e-05, 5.99069935561e-05, 3.47640525433e-05, 2.61938675976e-05, 2.92076601909e-05, 3.23897802446e-05, 4.34270186815e-05, 4.98033878102e-05, 4.0709041059e-05, 3.56607197318e-05, 8.028272714e-05, 3.90323511965e-05, 8.59178453538e-06, 2.82330256596e-06, 1.89212096302e-06, 3.38141080647e-06, 0.000137487411848],
        "min": [6.94942627888e-07, 1.34253889428e-06, 3.66431163457e-06, 2.19512503463e-06, 8.91662784852e-05, 4.36000445916e-05, 3.05514113279e-05, 9.20415004657e-06, 2.06273416552e-05, 6.97530185789e-06, 3.28315854858e-06, 4.99883390148e-06, 1.48967035329e-06, 2.88132059723e-06, 3.97543817598e-06, 4.04721868108e-06, 2.3868151402e-06, 2.12323266169e-06, 1.30457885916e-06, 1.61658920206e-06, 1.82613359812e-06, 1.12213967896e-06, 4.61839817945e-07, 3.19787488934e-07, 6.26108658253e-07, 7.93999959114e-07, 3.98573865823e-05],
        "var": [1.18195188879e-12, 6.61123111811e-09, 1.22551654158e-07, 3.71763348994e-07, 5.25945142726e-06, 4.13713223679e-06, 2.84463339995e-07, 6.55842859487e-06, 4.93188281325e-08, 8.17792169983e-07, 2.1381111992e-07, 4.7226803872e-06, 1.04421404856e-08, 6.48958109473e-10, 7.80031761405e-10, 1.7118301221e-09, 1.54041934763e-08, 2.50470524321e-08, 1.22419649529e-07, 8.91477520781e-06, 6.09269955021e-06, 1.21894004224e-06, 3.76938515956e-08, 6.18568529731e-10, 2.86607335087e-11, 1.84751129326e-12, 5.30716803837e-09]
    },
    "erbbands": {
        "dmean": [0.000470430415589, 0.0162911843508, 0.171276509762, 0.736631393433, 2.15466189384, 8.73587417603, 9.94873428345, 8.96336364746, 5.4268155098, 10.3891468048, 6.59781551361, 2.52842783928, 4.62648916245, 6.55483675003, 4.08736562729, 14.2114686966, 2.3871819973, 0.747947990894, 0.71646052599, 0.877295017242, 1.21108233929, 2.0287322998, 3.04042243958, 4.06005001068, 4.72105979919, 24.4255695343, 69.3808441162, 13.6521539688, 13.2972812653, 5.01198673248, 0.771515011787, 0.0927816107869, 0.179917141795, 0.0327330492437, 0.00687838112935, 0.00250198692083, 0.00130038405769, 0.000684402475599, 0.000560644897632, 0.000769143924117],
        "dmean2": [0.00080786680337, 0.0279995556921, 0.298974633217, 1.32329022884, 3.79557800293, 15.2526597977, 17.743686676, 16.1415233612, 9.39367103577, 16.2204627991, 10.2501764297, 4.36700391769, 8.1175327301, 10.8544082642, 6.87471532822, 17.2837924957, 3.34891533852, 1.26728785038, 1.24316728115, 1.54298722744, 1.96245086193, 3.39922237396, 4.8874502182, 6.30311584473, 8.08323669434, 39.9729919434, 119.326705933, 24.0541820526, 22.8847026825, 8.22257423401, 1.29991042614, 0.149485811591, 0.304491579533, 0.0525358468294, 0.0110099203885, 0.00365405529737, 0.0020754605066, 0.0011427255813, 0.000935626740102, 0.00126161496155],
        "dvar": [3.67800993217e-07, 0.000487612007419, 0.0422117821872, 1.21789133549, 7.21078395844, 80.3391799927, 104.31161499, 215.924194336, 90.3695220947, 1218.99694824, 581.925720215, 14.283408165, 216.70866394, 746.167114258, 182.698745728, 5027.48535156, 60.3960647583, 0.648304998875, 0.623364984989, 1.24257683754, 4.10691976547, 13.5957565308, 63.2923355103, 83.495513916, 280.200744629, 8936.67871094, 64086.4179688, 2426.57910156, 3098.54956055, 264.062103271, 13.1105365753, 0.0826949104667, 0.336207389832, 0.00856769829988, 0.000237068583374, 9.57236352406e-06, 2.01714124159e-06, 3.92960686213e-07, 2.88702267426e-07, 5.93529080106e-07],
        "dvar2": [1.04536434264e-06, 0.00141365500167, 0.115831270814, 3.56142091751, 20.9854755402, 257.658203125, 292.302337646, 547.757446289, 290.897216797, 2107.58422852, 1290.26257324, 45.0697593689, 602.2421875, 2152.9440918, 581.184509277, 8190.68847656, 120.065414429, 1.87736392021, 1.92201566696, 3.66402029991, 5.65248298645, 29.6400318146, 174.148925781, 176.293701172, 769.866149902, 18704.9042969, 169096.734375, 7029.56152344, 8461.22558594, 653.593200684, 34.7395401001, 0.161152690649, 0.836489498615, 0.0176444984972, 0.000633429852314, 1.76983521669e-05, 4.94508276461e-06, 8.64220567109e-07, 8.54073846313e-07, 1.59088619966e-06],
        "max": [0.00458373967558, 0.185658365488, 1.75533103943, 7.45288515091, 25.9210147858, 47.3264732361, 71.4750900269, 165.171432495, 84.3802490234, 408.591552734, 271.002655029, 37.5844917297, 178.578704834, 333.237609863, 160.215454102, 978.57989502, 100.483802795, 7.93501281738, 6.31840991974, 9.05492305756, 44.4110984802, 41.7123680115, 74.4378204346, 92.8577575684, 190.068252563, 991.371948242, 2175.01367188, 347.223388672, 557.556335449, 135.950180054, 37.7518539429, 3.07126951218, 4.3527674675, 0.784837007523, 0.134628459811, 0.0365939512849, 0.0194667093456, 0.00874689500779, 0.00936289131641, 0.00973426830024],
        "mean": [0.000752317602746, 0.0237295813859, 0.258858263493, 0.855448067188, 2.85682272911, 11.5618314743, 14.9755945206, 12.0603551865, 7.98726844788, 14.0819139481, 9.84854793549, 4.87494373322, 7.17540740967, 9.02694511414, 7.70912647247, 25.4062252045, 4.52462530136, 1.91367793083, 1.7343890667, 2.07438921928, 3.04609584808, 3.96581673622, 5.2637963295, 6.91395950317, 6.53053236008, 24.5146903992, 58.8630027771, 12.8782577515, 12.1333093643, 5.29776716232, 0.814473986626, 0.14682456851, 0.19796743989, 0.0485176965594, 0.0175887402147, 0.0113461436704, 0.00689807115123, 0.004213207867, 0.00398757588118, 0.00407057534903],
        "median": [0.000498741632327, 0.0138183943927, 0.135029092431, 0.45693218708, 1.7594846487, 8.42561340332, 9.95170879364, 6.82381343842, 4.68182849884, 4.02138519287, 3.35596060753, 2.89881682396, 3.05218052864, 2.47291731834, 2.65508890152, 2.166690588, 1.61946356297, 1.38949728012, 1.45580077171, 1.62094128132, 1.9860240221, 2.37614631653, 2.76593613625, 2.51452302933, 1.68275809288, 2.39612650871, 4.76213884354, 1.62822234631, 1.55308377743, 0.759308516979, 0.195153713226, 0.0611761361361, 0.0436745770276, 0.0208469145, 0.0137115875259, 0.0103008197621, 0.00645991973579, 0.00388616835698, 0.00365985929966, 0.00356976827607],
        "min": [1.80266124516e-05, 0.000472531741252, 0.00512578012422, 0.0201637241989, 0.0809703022242, 0.295580238104, 0.498627394438, 0.354763925076, 0.32826000452, 0.352691113949, 0.268090158701, 0.437429785728, 0.171613693237, 0.356284976006, 0.376821726561, 0.152344927192, 0.0886412858963, 0.156643792987, 0.182803764939, 0.317623496056, 0.298303335905, 0.145878151059, 0.162639826536, 0.0759030804038, 0.0805612578988, 0.0848255455494, 0.0753182694316, 0.0688737034798, 0.04405207932, 0.0217798296362, 0.0117523297668, 0.00674804253504, 0.00523429131135, 0.00545339658856, 0.0052217268385, 0.00330978329293, 0.00133198406547, 0.000816979678348, 0.00117701326963, 0.00105752539821],
        "var": [5.2320586974e-07, 0.000747102021705, 0.096367418766, 1.24806582928, 11.0403747559, 112.988304138, 202.720046997, 363.4815979, 118.823944092, 1729.22949219, 712.134399414, 31.5577106476, 272.915771484, 938.870605469, 384.982177734, 11506.2207031, 137.770355225, 2.68171572685, 1.62650978565, 2.90402889252, 20.621383667, 26.3455524445, 65.4187088013, 144.318252563, 310.390808105, 10526.4208984, 49511.8671875, 1818.74584961, 2201.85522461, 242.725219727, 10.027349472, 0.115511924028, 0.314607352018, 0.0102968839929, 0.000231875863392, 2.79080231849e-05, 7.00171995049e-06, 2.5192071007e-06, 2.75644697467e-06, 3.5627381294e-06]
    },
    "gfcc": {
        "mean": [-41.2308502197, 64.341583252, -98.941078186, 6.77941560745, -57.5012626648, -39.7970352173, -17.8300704956, -31.2748603821, -21.5750312805, -13.3469324112, -15.3487272263, -2.42879939079, -3.96097636223],
        "cov": [[2073.89624023, 73.6524963379, -332.812805176, 395.715576172, -304.800170898, 24.5615234375, 210.598114014, -3.1570327282, -28.988740921, -68.1246871948, 90.658164978, 15.4366006851, -12.2985448837], [73.6524963379, 374.930938721, 69.6013946533, -285.194091797, 152.960357666, 0.213607296348, -30.2754192352, 16.7181949615, -10.3802242279, -11.4823932648, 25.1909980774, 12.2347192764, -21.8443660736], [-332.812805176, 69.6013946533, 116.211303711, -101.099494934, 78.4857635498, 3.60575819016, -55.1073570251, 7.15465307236, 23.8451938629, 5.35497999191, -17.3845176697, -3.91182923317, -12.4635896683], [395.715576172, -285.194091797, -101.099494934, 436.235015869, -176.91708374, -35.431098938, 101.946289062, -19.7757472992, -7.29549789429, 23.4911499023, -7.64812803268, -29.4959526062, 31.5981712341], [-304.800170898, 152.960357666, 78.4857635498, -176.91708374, 166.782974243, 10.7181625366, -39.9631958008, 12.2939767838, -7.90572786331, 11.5736160278, 0.935555875301, -1.11771547794, 1.97693395615], [24.5615234375, 0.213607296348, 3.60575819016, -35.431098938, 10.7181625366, 79.869972229, 2.46557021141, -4.17999982834, 22.5296039581, -11.8878221512, -10.8087434769, 21.2142353058, -8.2662820816], [210.598114014, -30.2754192352, -55.1073570251, 101.946289062, -39.9631958008, 2.46557021141, 88.2883529663, -2.71592307091, -15.1949663162, 30.2946453094, -0.92682415247, -12.8880720139, 27.3876552582], [-3.1570327282, 16.7181949615, 7.15465307236, -19.7757472992, 12.2939767838, -4.17999982834, -2.71592307091, 48.371421814, 14.6459341049, -12.2869253159, 27.0760288239, -6.70847511292, -23.3358211517], [-28.988740921, -10.3802242279, 23.8451938629, -7.29549789429, -7.90572786331, 22.5296039581, -15.1949663162, 14.6459341049, 62.6776237488, -4.66074228287, -3.24140977859, 23.3113365173, -32.045753479], [-68.1246871948, -11.4823932648, 5.35497999191, 23.4911499023, 11.5736160278, -11.8878221512, 30.2946453094, -12.2869253159, -4.66074228287, 65.5458679199, -9.48601055145, -18.7088356018, 43.0767364502], [90.658164978, 25.1909980774, -17.3845176697, -7.64812803268, 0.935555875301, -10.8087434769, -0.92682415247, 27.0760288239, -3.24140977859, -9.48601055145, 50.8433151245, 1.3355987072, -21.6313800812], [15.4366006851, 12.2347192764, -3.91182923317, -29.4959526062, -1.11771547794, 21.2142353058, -12.8880720139, -6.70847511292, 23.3113365173, -18.7088356018, 1.3355987072, 54.4237823486, -8.90260219574], [-12.2985448837, -21.8443660736, -12.4635896683, 31.5981712341, 1.97693395615, -8.2662820816, 27.3876552582, -23.3358211517, -32.045753479, 43.0767364502, -21.6313800812, -8.90260219574, 88.0813369751]],
        "icov": [[0.00788959208876, -0.0189074929804, 0.0183705575764, -0.0126710329205, 0.0114883184433, -0.0109151117504, 0.00597202498466, -0.00120212952606, -0.00460694776848, 0.00413797795773, -0.0034348629415, 0.00505937635899, -0.00393206486478], [-0.0189074929804, 0.0546282492578, -0.0479242578149, 0.0370337478817, -0.0317730344832, 0.0314734019339, -0.02608377859, 0.0117462715134, 0.0056179985404, -0.000955520779826, -0.000107024236058, -0.00948632508516, 0.00725655583665], [0.0183705575764, -0.0479242578149, 0.0675694569945, -0.0325734168291, 0.0203690342605, -0.0267958790064, 0.0305979400873, -0.0103549864143, -0.0155366482213, 0.000512801576406, 0.00517747085541, 0.0152570400387, -0.00639288825914], [-0.0126710329205, 0.0370337478817, -0.0325734168291, 0.0307719055563, -0.0173542965204, 0.0237754639238, -0.0232449248433, 0.011735893786, -0.000559920736123, 0.00257470761426, -0.00197995337658, -0.00249095796607, 0.0025238187518], [0.0114883184433, -0.0317730344832, 0.0203690342605, -0.0173542965204, 0.034358676523, -0.0210193358362, 0.0140701094642, -0.0116266841069, 0.00547466846183, -0.00470205489546, -0.000936894735787, 0.00229944637977, -0.00307312817313], [-0.0109151117504, 0.0314734019339, -0.0267958790064, 0.0237754639238, -0.0210193358362, 0.0370088554919, -0.023023603484, 0.0139837143943, -0.00905480608344, 0.00928902532905, 0.000166097903275, -0.00445296010002, 0.000522777729202], [0.00597202498466, -0.02608377859, 0.0305979400873, -0.0232449248433, 0.0140701094642, -0.023023603484, 0.050808865577, -0.0276780202985, 0.0163069069386, -0.0291219111532, 0.017820360139, -0.00488103646785, 0.00548390392214], [-0.00120212952606, 0.0117462715134, -0.0103549864143, 0.011735893786, -0.0116266841069, 0.0139837143943, -0.0276780202985, 0.0651300996542, -0.0376992449164, 0.0348156169057, -0.0397316217422, 0.0260051824152, -0.0133670624346], [-0.00460694776848, 0.0056179985404, -0.0155366482213, -0.000559920736123, 0.00547466846183, -0.00905480608344, 0.0163069069386, -0.0376992449164, 0.0637434795499, -0.040020275861, 0.0281704477966, -0.0355592481792, 0.0288090072572], [0.00413797795773, -0.000955520779826, 0.000512801576406, 0.00257470761426, -0.00470205489546, 0.00928902532905, -0.0291219111532, 0.0348156169057, -0.040020275861, 0.0618937462568, -0.0278940033168, 0.0283354334533, -0.0300701651722], [-0.0034348629415, -0.000107024236058, 0.00517747085541, -0.00197995337658, -0.000936894735787, 0.000166097903275, 0.017820360139, -0.0397316217422, 0.0281704477966, -0.0278940033168, 0.0545511208475, -0.020160805434, 0.0201559904963], [0.00505937635899, -0.00948632508516, 0.0152570400387, -0.00249095796607, 0.00229944637977, -0.00445296010002, -0.00488103646785, 0.0260051824152, -0.0355592481792, 0.0283354334533, -0.020160805434, 0.0452004149556, -0.0178333017975], [-0.00393206486478, 0.00725655583665, -0.00639288825914, 0.0025238187518, -0.00307312817313, 0.000522777729202, 0.00548390392214, -0.0133670624346, 0.0288090072572, -0.0300701651722, 0.0201559904963, -0.0178333017975, 0.03400009498]]
    },
    "melbands": {
        "dmean": [8.54961763253e-06, 6.34582393104e-05, 0.000164015567861, 0.00031700686668, 0.000358670891728, 0.000196371198399, 7.73469000706e-05, 0.00012635315943, 4.35848123743e-05, 1.59560695465e-05, 2.4426906748e-05, 2.81576285488e-05, 1.37991410156e-05, 3.16242003464e-05, 2.09392146644e-05, 2.37674134951e-06, 1.5080505591e-06, 1.25526310057e-06, 1.38240659453e-06, 1.12879672542e-06, 1.74815295395e-06, 2.21748769036e-06, 3.22332107316e-06, 2.99338512377e-06, 3.40593874171e-06, 4.68629332318e-06, 1.62187893693e-06, 1.96494875127e-05, 6.83942998876e-05, 8.51050845085e-06, 7.16473323337e-06, 7.9759674918e-06, 5.90544186707e-06, 2.06379650081e-06, 5.60692171803e-07, 2.64304240716e-08, 5.28837027503e-08, 1.83874831805e-07, 5.78020866726e-08, 2.12600035354e-08],
        "dmean2": [1.48142062244e-05, 0.000111692621431, 0.000284758454654, 0.000561545195524, 0.000631812261418, 0.000354641466402, 0.000133992332849, 0.000198797890334, 6.8510613346e-05, 2.71921999229e-05, 4.32172673754e-05, 4.69616534247e-05, 2.41445432039e-05, 4.06733524869e-05, 2.74306821666e-05, 4.01690022045e-06, 2.60784531747e-06, 2.06634376809e-06, 2.42804844675e-06, 1.9671008431e-06, 2.816364713e-06, 3.72240720026e-06, 5.70231850361e-06, 4.74826947539e-06, 5.40814835404e-06, 8.13845235825e-06, 3.00968531519e-06, 3.31733572239e-05, 0.000118466203276, 1.59373794304e-05, 1.2770399735e-05, 1.39408575706e-05, 1.02007034002e-05, 3.47875470652e-06, 9.91486558632e-07, 4.31188489358e-08, 9.0864936908e-08, 3.12340517894e-07, 9.05610590962e-08, 3.59977256892e-08],
        "dvar": [1.38389716353e-10, 5.8009672621e-09, 6.02334395694e-08, 1.08741723182e-07, 1.28453308434e-07, 8.74235865922e-08, 1.76814722863e-08, 2.08173702276e-07, 2.28609735586e-08, 5.41144740129e-10, 6.70047262119e-09, 1.48761456487e-08, 1.9231225501e-09, 2.26326690722e-08, 9.20701204166e-09, 1.97085247428e-11, 2.71641628462e-12, 1.89278800966e-12, 2.88316549454e-12, 1.8801310335e-12, 1.31225343092e-11, 1.90369855296e-11, 7.98592164619e-11, 4.47747706966e-11, 6.3762085889e-11, 3.4295916107e-10, 6.19983578365e-11, 6.62405108542e-09, 7.11207519544e-08, 1.04338104823e-09, 7.83577092101e-10, 1.08007081057e-09, 6.40879294078e-10, 5.84564965878e-11, 9.36562633003e-12, 3.20189931359e-15, 5.06583707274e-14, 4.02587604096e-13, 3.62849873303e-14, 4.16229787995e-15],
        "dvar2": [3.94648758117e-10, 1.56957096209e-08, 1.72075658611e-07, 3.50280657813e-07, 3.69172198589e-07, 2.23193126203e-07, 5.65757005688e-08, 3.56950977221e-07, 5.32800932262e-08, 1.74650971463e-09, 1.87326385515e-08, 4.31539213253e-08, 5.81125014776e-09, 4.08221190185e-08, 1.50863286308e-08, 5.67775930438e-11, 7.96809927067e-12, 6.08351693673e-12, 8.71723093016e-12, 5.29172582489e-12, 1.7305998648e-11, 3.41025194195e-11, 2.34776059704e-10, 1.08597270065e-10, 1.36772829173e-10, 9.38495170466e-10, 1.81429496426e-10, 1.40479690103e-08, 1.88506930954e-07, 3.05353098362e-09, 2.13223505519e-09, 2.98269098309e-09, 1.72363578965e-09, 1.5965377631e-10, 2.51545260316e-11, 8.24299429983e-15, 9.63221405306e-14, 1.08149155863e-12, 8.57425160603e-14, 1.07298161174e-14],
        "max": [9.81628836598e-05, 0.000637399847619, 0.0019314091187, 0.00176021375228, 0.0028577260673, 0.0034309362527, 0.00121020607185, 0.00517180748284, 0.0016993166646, 0.000241521149292, 0.000975170580205, 0.00146854284685, 0.000556813494768, 0.00216781580821, 0.00125477230176, 4.54685505247e-05, 1.30140106194e-05, 1.18825573736e-05, 1.30719336084e-05, 1.10638284241e-05, 7.48302627471e-05, 6.40440412099e-05, 8.83610409801e-05, 6.74429902574e-05, 8.24121234473e-05, 0.000211819366086, 7.47352387407e-05, 0.000842555193231, 0.00230564340018, 0.000253657373833, 0.000228993769269, 0.000320777209708, 0.000254021928413, 6.81541059748e-05, 3.19437858707e-05, 4.40874543983e-07, 2.5401163839e-06, 4.98773533764e-06, 1.57042438786e-06, 6.62728723455e-07],
        "mean": [1.20349504868e-05, 9.85639053397e-05, 0.000198956593522, 0.000472889078083, 0.0005657527945, 0.000274900754448, 0.000114875634608, 0.000169847466168, 6.68150751153e-05, 2.93303346552e-05, 3.6356774217e-05, 3.75607196474e-05, 2.25110961765e-05, 6.01256251684e-05, 3.49031761289e-05, 4.75145861856e-06, 3.26926488015e-06, 2.69023053079e-06, 2.69950783149e-06, 2.76404148281e-06, 3.96057566832e-06, 4.21909044235e-06, 4.25309144703e-06, 4.97344581163e-06, 5.54141752218e-06, 6.22393736194e-06, 1.99928626898e-06, 1.90990285773e-05, 5.62852656003e-05, 6.58487488181e-06, 6.60947671349e-06, 7.01813996784e-06, 5.35807976121e-06, 2.05869264391e-06, 5.14359271619e-07, 5.51202461452e-08, 8.17635879002e-08, 1.74089535676e-07, 6.76762610397e-08, 2.98143483235e-08],
        "median": [7.10916719981e-06, 5.18535125593e-05, 0.000109980057459, 0.000326031266013, 0.000420606113039, 0.000152421387611, 6.78874494042e-05, 4.23337951361e-05, 2.54925162153e-05, 1.78082755156e-05, 1.48516783156e-05, 9.89322143141e-06, 8.30704175314e-06, 7.02208808434e-06, 4.47561114925e-06, 2.89535364573e-06, 2.42709757003e-06, 2.17993874685e-06, 2.04144703275e-06, 2.1068492515e-06, 2.12119698517e-06, 2.41566567638e-06, 2.35924085246e-06, 2.36366918216e-06, 1.74784543105e-06, 1.30792079744e-06, 6.43379166831e-07, 1.0362134617e-06, 3.55906354343e-06, 9.44274745507e-07, 8.10706808352e-07, 8.95586595107e-07, 6.19632373855e-07, 3.035638656e-07, 9.70748530449e-08, 3.61636942614e-08, 2.92548687497e-08, 3.38194077187e-08, 1.90605007333e-08, 1.64426694482e-08],
        "min": [3.50050811448e-07, 1.43238719374e-06, 3.15063402923e-06, 1.29031659526e-05, 2.21354239329e-05, 7.71777740738e-06, 5.4290189837e-06, 3.04472746393e-06, 1.63088418503e-06, 2.37227914113e-06, 7.1416911851e-07, 1.27296323171e-06, 8.99865028714e-07, 5.40393557458e-07, 3.18782610975e-07, 1.31890303123e-07, 3.11934570618e-07, 1.56294248654e-07, 4.02821711987e-07, 3.69079742768e-07, 3.38377986964e-07, 1.05177392129e-07, 1.71972303065e-07, 1.0486233748e-07, 4.7372829215e-08, 5.0813717678e-08, 5.64007045512e-08, 5.64004025705e-08, 4.42707737136e-08, 4.37625580219e-08, 3.72856945319e-08, 2.8547129105e-08, 1.49710359665e-08, 1.12342526393e-08, 8.04642130703e-09, 4.17550616305e-09, 3.62448759894e-09, 2.49898413074e-09, 3.75509712214e-09, 3.80941900247e-09],
        "var": [1.82208206856e-10, 1.35549296232e-08, 6.79622118582e-08, 1.77943164203e-07, 2.50088362463e-07, 1.67450394883e-07, 2.40601885082e-08, 2.93747376645e-07, 2.74082534446e-08, 1.15693554736e-09, 7.63539453885e-09, 1.72405236754e-08, 3.17782533621e-09, 5.28680708101e-08, 1.9977825616e-08, 3.34271395286e-11, 6.81300805702e-12, 4.22269424288e-12, 5.34669487504e-12, 5.24127529572e-12, 5.31366547984e-11, 4.23652224413e-11, 6.26688562155e-11, 6.11833916864e-11, 1.04495669062e-10, 3.59683505202e-10, 4.03426562989e-11, 7.63393259717e-09, 5.24986418782e-08, 6.19557960491e-10, 5.79826908709e-10, 7.42539696397e-10, 4.74459749267e-10, 4.32513087845e-11, 6.80618799168e-12, 4.11400895514e-15, 7.13716805383e-14, 3.21380698746e-13, 3.58838867366e-14, 3.67036824924e-15]
    },
    "mfcc": {
        "mean": [-701.707885742, 123.875228882, -4.49156427383, 36.7829284668, -27.6946754456, 0.962405979633, -14.7271175385, -9.90845108032, -7.39909124374, -21.520822525, -8.40253067017, -7.3276553154, -5.03330898285],
        "cov": [[2491.69702148, -318.504974365, -9.29553699493, 241.637298584, -338.136688232, 36.8216323853, 89.0337524414, 120.460823059, 6.36546897888, -123.885131836, 59.868434906, 75.0835800171, -18.6333827972], [-318.504974365, 639.612548828, -81.2405471802, -247.114639282, 150.670639038, -53.6363220215, 16.2040061951, 13.5727682114, -66.3264007568, 63.3425559998, -88.3556747437, 16.3666725159, 97.4959869385], [-9.29553699493, -81.2405471802, 68.7764282227, 29.3358802795, -4.62262058258, 8.02555561066, -33.38879776, 6.21776390076, 12.499083519, -7.703353405, 38.0037193298, -24.4574966431, -13.654750824], [241.637298584, -247.114639282, 29.3358802795, 224.286621094, -82.5270309448, 15.0815963745, 23.8483963013, -37.2115707397, 26.4271965027, 3.67158842087, 16.6224040985, -0.0750752389431, -53.617980957], [-338.136688232, 150.670639038, -4.62262058258, -82.5270309448, 128.813735962, -19.3158054352, -19.3878002167, 16.5962505341, -30.1076202393, 26.5960025787, -1.35842597485, -18.8761081696, 20.7328605652], [36.8216323853, -53.6363220215, 8.02555561066, 15.0815963745, -19.3158054352, 82.3495483398, 5.70701742172, -22.242603302, 56.334903717, -37.8335113525, 1.12816929817, 22.3464450836, -21.3222179413], [89.0337524414, 16.2040061951, -33.38879776, 23.8483963013, -19.3878002167, 5.70701742172, 82.0979919434, -30.2964096069, 14.2785301208, 25.5596046448, -54.5912742615, 34.5231781006, 2.303378582], [120.460823059, 13.5727682114, 6.21776390076, -37.2115707397, 16.5962505341, -22.242603302, -30.2964096069, 110.974693298, -56.8527984619, -4.31789445877, 70.7462844849, -54.6178016663, 40.8852310181], [6.36546897888, -66.3264007568, 12.499083519, 26.4271965027, -30.1076202393, 56.334903717, 14.2785301208, -56.8527984619, 118.254272461, -45.6682853699, -23.6700363159, 63.329826355, -57.0787506104], [-123.885131836, 63.3425559998, -7.703353405, 3.67158842087, 26.5960025787, -37.8335113525, 25.5596046448, -4.31789445877, -45.6682853699, 114.183273315, -16.5300884247, -25.4541130066, 50.5830535889], [59.868434906, -88.3556747437, 38.0037193298, 16.6224040985, -1.35842597485, 1.12816929817, -54.5912742615, 70.7462844849, -23.6700363159, -16.5300884247, 121.778862, -56.0517272949, 11.4917583466], [75.0835800171, 16.3666725159, -24.4574966431, -0.0750752389431, -18.8761081696, 22.3464450836, 34.5231781006, -54.6178016663, 63.329826355, -25.4541130066, -56.0517272949, 102.397209167, -30.2464103699], [-18.6333827972, 97.4959869385, -13.654750824, -53.617980957, 20.7328605652, -21.3222179413, 2.303378582, 40.8852310181, -57.0787506104, 50.5830535889, 11.4917583466, -30.2464103699, 93.4335479736]],
