{
"lowlevel": {
    "average_loudness": 0.954225897789,
    "barkbands_crest": {
        "dmean": 3.96890830994,
        "dmean2": 6.72016620636,
        "dvar": 11.2200107574,
        "dvar2": 28.5187759399,
        "max": 23.9403419495,
        "mean": 11.0748023987,
        "median": 10.1844625473,
        "min": 3.38663053513,
        "var": 20.8410511017
    },
    "barkbands_flatness_db": {
        "dmean": 0.0313733257353,
        "dmean2": 0.0511480420828,
        "dvar": 0.000753650791012,
        "dvar2": 0.00186293385923,
        "max": 0.311777889729,
        "mean": 0.184624955058,
        "median": 0.178502574563,
        "min": 0.0907625928521,
        "var": 0.00178242719267
    },
    "barkbands_kurtosis": {
        "dmean": 2.81992030144,
        "dmean2": 4.87099456787,
        "dvar": 12.9932098389,
        "dvar2": 33.9093284607,
        "max": 36.0057907104,
        "mean": 2.73648190498,
        "median": 0.608174800873,
        "min": -1.70607984066,
        "var": 34.552116394
    },
    "barkbands_skewness": {
        "dmean": 0.671065509319,
        "dmean2": 1.11054420471,
        "dvar": 0.432418316603,
        "dvar2": 0.998426556587,
        "max": 4.85269117355,
        "mean": 0.601206302643,
        "median": 0.309191823006,
        "min": -2.38960719109,
        "var": 1.8173763752
    },
    "barkbands_spread": {
        "dmean": 8.05868816376,
        "dmean2": 13.427195549,
        "dvar": 61.9914970398,
        "dvar2": 155.102478027,
        "max": 54.7084159851,
        "mean": 18.5970001221,
        "median": 16.6918411255,
        "min": 2.29773592949,
        "var": 110.717712402
    },
    "dissonance": {
        "dmean": 0.025425164029,
        "dmean2": 0.0448536761105,
        "dvar": 0.000891823379789,
        "dvar2": 0.00252787093632,
        "max": 0.499962627888,
        "mean": 0.469147235155,
        "median": 0.480956882238,
        "min": 0.282509505749,
        "var": 0.00110335845966
    },
    "dynamic_complexity": 7.5449461937,
    "erbbands_crest": {
        "dmean": 4.63858985901,
        "dmean2": 7.8878903389,
        "dvar": 18.7391891479,
        "dvar2": 43.656955719,
        "max": 32.8352508545,
        "mean": 13.8068304062,
        "median": 12.2848110199,
        "min": 4.2854924202,
        "var": 50.0189743042
    },
    "erbbands_flatness_db": {
        "dmean": 0.0311178993434,
        "dmean2": 0.0504365824163,
        "dvar": 0.000816418207251,
        "dvar2": 0.00200227065943,
        "max": 0.395184785128,
        "mean": 0.255957245827,
        "median": 0.247573539615,
        "min": 0.141605377197,
        "var": 0.00214087846689
    },
    "erbbands_kurtosis": {
        "dmean": 2.34915924072,
        "dmean2": 3.93247747421,
        "dvar": 9.98995113373,
        "dvar2": 24.0482196808,
        "max": 23.2322883606,
        "mean": 1.86255574226,
        "median": 0.549563884735,
        "min": -1.6486531496,
        "var": 16.0035686493
    },
    "erbbands_skewness": {
        "dmean": 0.665264308453,
        "dmean2": 1.13345515728,
        "dvar": 0.366101175547,
        "dvar2": 0.95344465971,
        "max": 3.57144379616,
        "mean": 0.288112521172,
        "median": 0.162692159414,
        "min": -2.66472601891,
        "var": 0.961707115173
    },
    "erbbands_spread": {
        "dmean": 9.9476890564,
        "dmean2": 16.2742271423,
        "dvar": 93.6234359741,
        "dvar2": 242.958511353,
        "max": 86.2578430176,
        "mean": 26.731338501,
        "median": 24.3617553711,
        "min": 3.09829926491,
        "var": 242.680175781
    },
    "hfc": {
        "dmean": 20.3259449005,
        "dmean2": 37.7486228943,
        "dvar": 1792.25378418,
        "dvar2": 5170.33496094,
        "max": 248.479812622,
        "mean": 19.2839832306,
        "median": 2.45461773872,
        "min": 0.00245880521834,
        "var": 1631.33276367
    },
    "melbands_crest": {
        "dmean": 3.94921183586,
        "dmean2": 6.54402303696,
        "dvar": 10.639541626,
        "dvar2": 25.7586288452,
        "max": 32.4422607422,
        "mean": 12.606710434,
        "median": 11.5041894913,
        "min": 4.18231773376,
        "var": 23.9773769379
    },
    "melbands_flatness_db": {
        "dmean": 0.0385897681117,
        "dmean2": 0.0628431066871,
        "dvar": 0.00109529448673,
        "dvar2": 0.00265977275558,
        "max": 0.355297714472,
        "mean": 0.178801625967,
        "median": 0.173755332828,
        "min": 0.0650769099593,
        "var": 0.0032307934016
    },
    "melbands_kurtosis": {
        "dmean": 4.32254886627,
        "dmean2": 7.55055332184,
        "dvar": 30.7332191467,
        "dvar2": 74.0158538818,
        "max": 38.9544143677,
        "mean": 4.75700378418,
        "median": 1.85411119461,
        "min": -1.5977165699,
        "var": 55.899105072
    },
    "melbands_skewness": {
        "dmean": 0.783650994301,
        "dmean2": 1.26084053516,
        "dvar": 0.476917713881,
        "dvar2": 1.14511394501,
        "max": 5.76284790039,
        "mean": 1.20392215252,
        "median": 1.06480073929,
        "min": -2.07623171806,
        "var": 1.99976742268
    },
    "melbands_spread": {
        "dmean": 18.4963035583,
        "dmean2": 32.1300201416,
        "dvar": 490.330566406,
        "dvar2": 1339.98632812,
        "max": 140.655609131,
        "mean": 35.692363739,
        "median": 30.4224300385,
        "min": 3.70688152313,
        "var": 684.600402832
    },
    "pitch_salience": {
        "dmean": 0.110777549446,
        "dmean2": 0.189269244671,
        "dvar": 0.00989276729524,
        "dvar2": 0.0269953776151,
        "max": 0.891505777836,
        "mean": 0.570490479469,
        "median": 0.595992326736,
        "min": 0.179302200675,
        "var": 0.0208903178573
    },
    "silence_rate_20dB": {
        "dmean": 0,
        "dmean2": 0,
        "dvar": 0,
        "dvar2": 0,
        "max": 1,
        "mean": 1,
        "median": 1,
        "min": 1,
        "var": 0
    },
    "silence_rate_30dB": {
        "dmean": 0,
        "dmean2": 0,
        "dvar": 0,
        "dvar2": 0,
        "max": 1,
        "mean": 1,
        "median": 1,
        "min": 1,
        "var": 0
    },
    "silence_rate_60dB": {
        "dmean": 0.113333337009,
        "dmean2": 0.227424755692,
        "dvar": 0.100488692522,
        "dvar2": 0.182392150164,
        "max": 1,
        "mean": 0.568106293678,
        "median": 1,
        "min": 0,
        "var": 0.245361685753
    },
    "spectral_centroid": {
        "dmean": 450.026397705,
        "dmean2": 751.511535645,
        "dvar": 244618.5,
        "dvar2": 597103.1875,
        "max": 4040.0625,
        "mean": 2067.16308594,
        "median": 2112.17382812,
        "min": 355.610076904,
        "var": 734499.1875
    },
    "spectral_complexity": {
        "dmean": 3.55333328247,
        "dmean2": 5.85284280777,
        "dvar": 22.6405029297,
        "dvar2": 52.4599838257,
        "max": 45,
        "mean": 6.72757482529,
        "median": 4,
        "min": 0,
        "var": 54.4506988525
    },
    "spectral_decrease": {
        "dmean": 1.48160639313e-09,
        "dmean2": 2.5833615247e-09,
        "dvar": 9.42276342781e-18,
        "dvar2": 2.63299711889e-17,
        "max": -4.96116765291e-13,
        "mean": -1.72597935943e-09,
        "median": -3.56336654628e-10,
        "min": -2.05155767929e-08,
        "var": 1.02192093175e-17
    },
    "spectral_energy": {
        "dmean": 0.00732037704438,
        "dmean2": 0.0130169475451,
        "dvar": 0.000213558421819,
        "dvar2": 0.000595887249801,
        "max": 0.0820916965604,
        "mean": 0.00826335418969,
        "median": 0.00169298320543,
        "min": 2.09548238672e-06,
        "var": 0.000231592828641
    },
    "spectral_energyband_high": {
        "dmean": 0.00220398395322,
        "dmean2": 0.00413333671167,
        "dvar": 2.31546164287e-05,
        "dvar2": 6.95187845849e-05,
        "max": 0.0275175813586,
        "mean": 0.00151925289538,
        "median": 8.40692955535e-05,
        "min": 2.88520638492e-08,
        "var": 1.59006722242e-05
    },
    "spectral_energyband_low": {
        "dmean": 2.20884248847e-06,
        "dmean2": 3.54696612703e-06,
        "dvar": 1.05574108483e-11,
        "dvar2": 2.56387411302e-11,
        "max": 2.41597845161e-05,
        "mean": 3.05152593683e-06,
        "median": 1.16441947284e-06,
        "min": 1.76257994866e-08,
        "var": 1.63327493891e-11
    },
    "spectral_energyband_middle_high": {
        "dmean": 0.00308355502784,
        "dmean2": 0.00517714442685,
        "dvar": 3.27502893924e-05,
        "dvar2": 9.36351279961e-05,
        "max": 0.052202809602,
        "mean": 0.00390531728044,
        "median": 0.000642188009806,
        "min": 1.79980219173e-07,
        "var": 4.96327375004e-05
    },
    "spectral_energyband_middle_low": {
        "dmean": 0.00308952108026,
        "dmean2": 0.00522025628015,
        "dvar": 6.47584747639e-05,
        "dvar2": 0.000180541712325,
        "max": 0.0704822167754,
        "mean": 0.00299014523625,
        "median": 0.000422077253461,
        "min": 1.64530479196e-06,
        "var": 5.90517556702e-05
    },
    "spectral_entropy": {
        "dmean": 0.33250105381,
        "dmean2": 0.547648668289,
        "dvar": 0.11471118778,
        "dvar2": 0.283815264702,
        "max": 8.67212295532,
        "mean": 7.42763376236,
        "median": 7.46851444244,
        "min": 6.01280879974,
        "var": 0.209946662188
    },
    "spectral_flux": {
        "dmean": 0.0261901747435,
        "dmean2": 0.0414370410144,
        "dvar": 0.00170197861735,
        "dvar2": 0.00346667435952,
        "max": 0.276613682508,
        "mean": 0.0557486377656,
        "median": 0.03108789213,
        "min": 0.000777836656198,
        "var": 0.00346592022106
    },
    "spectral_kurtosis": {
        "dmean": 2.46882414818,
        "dmean2": 4.23359298706,
        "dvar": 9.08114242554,
        "dvar2": 24.4374370575,
        "max": 37.5891609192,
        "mean": 4.60139322281,
        "median": 2.78980922699,
        "min": -0.0798263549805,
        "var": 32.6794013977
    },
    "spectral_rms": {
        "dmean": 0.000952389615122,
        "dmean2": 0.0015816912055,
        "dvar": 2.05656874641e-06,
        "dvar2": 5.35397475687e-06,
        "max": 0.00894927140325,
        "mean": 0.00203022081405,
        "median": 0.00128518126439,
        "min": 4.52147432952e-05,
        "var": 3.94001426685e-06
    },
    "spectral_rolloff": {
        "dmean": 1303.90722656,
        "dmean2": 2328.53808594,
        "dvar": 2872643.25,
        "dvar2": 7291004,
        "max": 8893.21289062,
        "mean": 2834.51220703,
        "median": 2433.25195312,
        "min": 344.53125,
        "var": 3603403.75
    },
    "spectral_skewness": {
        "dmean": 0.345787286758,
        "dmean2": 0.583409368992,
        "dvar": 0.134541317821,
        "dvar2": 0.380177438259,
        "max": 4.77349996567,
        "mean": 1.25652658939,
        "median": 1.06087195873,
        "min": 0.301084458828,
        "var": 0.539383351803
    },
    "spectral_spread": {
        "dmean": 636617.3125,
        "dmean2": 984944.9375,
        "dvar": 1.08126201446e+12,
        "dvar2": 1.55260957491e+12,
        "max": 20393570,
        "mean": 3827394,
        "median": 3666668,
        "min": 2046086.25,
        "var": 1.93509077811e+12
    },
    "spectral_strongpeak": {
        "dmean": 0.866087257862,
        "dmean2": 1.4086971283,
        "dvar": 1.88544428349,
        "dvar2": 4.89251995087,
        "max": 9.40926837921,
        "mean": 1.39689528942,
        "median": 0.456480056047,
        "min": 0.0017501238035,
        "var": 3.99164533615
    },
    "zerocrossingrate": {
        "dmean": 0.0124967452139,
        "dmean2": 0.0152347013354,
        "dvar": 0.000125044505694,
        "dvar2": 0.000196372348,
        "max": 0.18212890625,
        "mean": 0.0894803777337,
        "median": 0.09033203125,
        "min": 0.01611328125,
        "var": 0.000912553165108
    },
    "barkbands": {
        "dmean": [5.81737724659e-09, 4.53984938531e-08, 1.29770694457e-06, 1.41148757393e-06, 4.43387361884e-05, 0.00145881401841, 0.000145451558637, 0.00112883280963, 0.000295449310215, 0.000677211210132, 0.000103384823888, 0.000107104446215, 0.000168297585333, 0.000125554492115, 0.000928748922888, 0.000562511675525, 0.000173132575583, 0.000402614939958, 0.000520919449627, 0.000551415374503, 0.000500779075082, 0.000500875874422, 0.000511882011779, 0.000543024390936, 6.29960122751e-05, 7.80795744504e-06, 2.70248051493e-06],
        "dmean2": [1.08335314053e-08, 7.97645824946e-08, 1.9991928184e-06, 2.44868965638e-06, 8.38960622787e-05, 0.00244826986454, 0.000270871125394, 0.00202771695331, 0.000502193171997, 0.00115228700452, 0.00018082727911, 0.000184399250429, 0.000260017026449, 0.000182832663995, 0.00168800994288, 0.000889976858161, 0.000310150935547, 0.00076429231558, 0.000846652197652, 0.0009605033556, 0.000933946575969, 0.000948192260694, 0.000983280246146, 0.00102125178091, 0.000121463759569, 1.47128093886e-05, 5.16365116709e-06],
        "dvar": [1.56920860587e-16, 2.50874175966e-15, 3.39855552554e-12, 5.0056291577e-12, 9.98059856983e-09, 1.23557965708e-05, 2.04808259241e-07, 1.09050051833e-05, 1.30476962568e-06, 4.36681193605e-06, 7.3217719887e-08, 2.39779382127e-07, 1.246531383e-06, 4.13907145003e-07, 5.65239861317e-06, 2.83516646959e-06, 4.51802634416e-07, 8.81456344359e-06, 5.62809009352e-06, 2.28656426771e-06, 1.82845315067e-06, 2.55173995356e-06, 1.64389632573e-06, 1.89340357792e-06, 4.96478946843e-08, 3.2702135444e-10, 5.53774213985e-11],
        "dvar2": [4.51639555663e-16, 7.58377312094e-15, 7.46634351567e-12, 1.29568925034e-11, 2.83230665588e-08, 3.32137315127e-05, 5.91368348068e-07, 3.11977055389e-05, 3.52868437403e-06, 1.19128580991e-05, 2.2423971302e-07, 6.47315687274e-07, 2.85167016045e-06, 8.12108396531e-07, 1.60422969202e-05, 6.62224147163e-06, 1.24821622194e-06, 2.6582778446e-05, 1.28654392029e-05, 6.30278100289e-06, 5.45444345335e-06, 7.77355580794e-06, 4.73403815704e-06, 5.50407730771e-06, 1.46628011066e-07, 9.7797991927e-10, 1.67523883654e-10],
        "max": [1.09621382194e-07, 3.12953034154e-07, 1.44547448144e-05, 1.66003337654e-05, 0.000594789162278, 0.0263701379299, 0.00362972333096, 0.0318545214832, 0.014415265061, 0.0221293903887, 0.00259183393791, 0.00644432753325, 0.0177434012294, 0.0103828711435, 0.0158112607896, 0.0145200788975, 0.00567888282239, 0.0395640283823, 0.0355550087988, 0.0108391586691, 0.00972739327699, 0.0145714879036, 0.00836005620658, 0.0094406735152, 0.00208674767055, 0.000116872593935, 5.1837432693e-05],
        "mean": [4.85828000052e-09, 4.91742433439e-08, 1.94978360923e-06, 1.55727104811e-06, 3.55610100087e-05, 0.00144150236156, 0.000106363870145, 0.00090897094924, 0.000304739107378, 0.000648828048725, 0.000111627690785, 0.000101389174233, 0.000156921116286, 0.000121889555885, 0.000952495378442, 0.000663839397021, 0.000135814480018, 0.000268820498604, 0.000390488101402, 0.000522280926816, 0.000364358711522, 0.000339760037605, 0.000313405267661, 0.000327097048284, 3.71299174731e-05, 4.86596854898e-06, 1.62199023634e-06],
        "median": [1.51987067376e-09, 3.09458378922e-08, 7.16764816389e-07, 6.73057172662e-07, 5.24975166627e-06, 0.000161757518072, 1.19282703963e-05, 7.10068270564e-05, 4.19853749918e-05, 7.18738447176e-05, 2.68677831627e-05, 8.0917698142e-06, 7.49222544982e-06, 7.12523478796e-06, 2.06125259865e-05, 2.37008716795e-05, 1.20544436868e-05, 1.12794468805e-05, 1.28550409499e-05, 3.78422373615e-05, 1.24859325297e-05, 1.66156060004e-05, 8.34021739138e-06, 3.00039414469e-06, 3.07339291794e-07, 2.55676511074e-08, 6.54572502867e-08],
        "min": [6.68273353321e-11, 1.10464326575e-09, 4.18221812737e-09, 1.15476304074e-08, 4.0374054322e-08, 3.15780425808e-07, 3.23113482636e-08, 9.23620930848e-08, 1.00647874035e-07, 4.05822291327e-08, 5.39271383104e-09, 6.13663253546e-09, 5.29770005642e-09, 4.28188684509e-09, 3.64346375292e-09, 6.05134831133e-09, 3.45751627329e-09, 1.39656253229e-09, 1.55015533743e-09, 9.24564869109e-10, 1.26930388422e-09, 4.91010787584e-10, 2.59973542693e-10, 2.32069766182e-10, 2.85674817135e-10, 5.86534265601e-10, 3.01083225018e-09],
        "var": [1.0453717999e-16, 2.65298829421e-15, 6.39589379722e-12, 5.57527548434e-12, 7.30034033225e-09, 1.25461438074e-05, 1.32843737788e-07, 8.14067243482e-06, 1.25126621242e-06, 4.25413554694e-06, 7.36955598768e-08, 2.01957192303e-07, 1.25898691294e-06, 5.82134589422e-07, 5.512396001e-06, 4.81291681353e-06, 3.02956038922e-07, 5.44820204595e-06, 5.37294863534e-06, 1.87110981642e-06, 1.32706315981e-06, 1.52308166435e-06, 9.76135424935e-07, 1.13827320547e-06, 2.70548845549e-08, 2.09654127392e-10, 3.22425107446e-11]
    },
    "erbbands": {
        "dmean": [9.71767804003e-07, 2.44521161221e-05, 0.000871526775882, 0.00417047133669, 0.0106291538104, 0.175248682499, 3.39740300179, 15.0999727249, 4.90266132355, 8.80051898956, 22.1064281464, 8.77627372742, 17.8339443207, 11.8752269745, 4.09142208099, 4.32990503311, 8.06683921814, 4.25341367722, 9.90284633636, 68.4881973267, 14.5461893082, 8.94671535492, 18.13463974, 19.1269359589, 28.5326919556, 27.6266403198, 21.2250270844, 18.4521656036, 19.9838523865, 13.7357225418, 14.803940773, 17.5142230988, 4.14613437653, 1.18476164341, 0.221112564206, 0.0381217338145, 0.015395315364, 0.00502186780795, 0.000320579361869, 2.55585873674e-05],
        "dmean2": [1.58834245667e-06, 3.82425205316e-05, 0.00133949040901, 0.0068732239306, 0.0164054706693, 0.30697542429, 5.83329629898, 25.6697463989, 8.18427753448, 15.5467166901, 39.7017745972, 15.1596288681, 30.0566768646, 20.5280361176, 7.03224611282, 7.60372304916, 12.7020616531, 7.06401777267, 18.0438671112, 119.066459656, 25.5777282715, 16.2525043488, 33.523109436, 33.5592880249, 49.3542327881, 46.6947937012, 40.1884307861, 33.9721488953, 37.2349281311, 26.0205821991, 28.292804718, 32.9227333069, 7.93232727051, 2.28391218185, 0.422890633345, 0.072191119194, 0.0289023183286, 0.00957206543535, 0.000618592544924, 4.77282992506e-05],
        "dvar": [2.33380610844e-12, 7.36059269091e-10, 1.46520062572e-06, 3.84435188607e-05, 0.000354854040779, 0.149105742574, 60.2219085693, 1390.796875, 177.266357422, 733.5234375, 4123.33398438, 933.38885498, 2938.52050781, 1219.43481445, 144.399185181, 395.074645996, 2696.37744141, 418.656433105, 1128.08740234, 27637.5136719, 3242.76000977, 1147.88977051, 18614.7636719, 6350.86767578, 10760.7353516, 5555.77490234, 4488.34863281, 1767.15869141, 4500.95703125, 1184.68676758, 1260.39770508, 2077.3359375, 131.838317871, 16.5702533722, 0.369261860847, 0.0073928819038, 0.00135093624704, 0.000191884581, 6.06533092196e-07, 2.74660583166e-09],
        "dvar2": [6.09507409821e-12, 1.85109438888e-09, 3.25029145642e-06, 9.60108009167e-05, 0.000811220263131, 0.407761782408, 162.227630615, 3750.43969727, 493.462646484, 2153.71264648, 11641.2871094, 2539.89892578, 8249.90429688, 3099.49780273, 391.088745117, 1073.58325195, 6455.765625, 725.711975098, 2756.42724609, 79489.359375, 9095.1796875, 3176.79296875, 54728.1445312, 18636.6035156, 24394.2617188, 15558.8056641, 13569.3457031, 5188.01953125, 13304.2441406, 3438.90136719, 3667.47607422, 6072.34277344, 381.958831787, 49.045539856, 1.08110439777, 0.0226606372744, 0.00390813266858, 0.000572793825995, 1.80873723821e-06, 7.95791432751e-09],
        "max": [1.26424783957e-05, 0.000267127470579, 0.0101533643901, 0.0413263775408, 0.194525331259, 2.60527634621, 47.618888855, 284.038238525, 111.522819519, 243.913513184, 646.217346191, 335.984405518, 572.183044434, 354.367919922, 125.631515503, 284.4815979, 825.936523438, 344.066894531, 422.010467529, 1182.80456543, 699.25390625, 308.226257324, 1830.19519043, 834.878540039, 1340.26074219, 569.117492676, 459.531982422, 284.517852783, 575.929748535, 199.7315979, 218.433792114, 359.106811523, 108.242935181, 38.3290481567, 3.88709282875, 0.470420509577, 0.227438598871, 0.101709969342, 0.00456687808037, 0.000267709983746],
        "mean": [1.46966226566e-06, 4.05267965107e-05, 0.00134400872048, 0.00533887976781, 0.0147206112742, 0.156654059887, 3.02617645264, 14.9123868942, 4.71587944031, 7.23167181015, 18.3764629364, 8.98535442352, 16.7220287323, 12.6021108627, 4.65500164032, 3.95996832848, 7.53615808487, 6.05478096008, 12.2816314697, 91.2075042725, 15.0411520004, 7.5066204071, 13.2905759811, 15.8222675323, 22.6310577393, 26.9556274414, 15.3457145691, 13.5413427353, 13.605099678, 8.80227088928, 9.0187625885, 10.5649385452, 2.45646762848, 0.698570072651, 0.134033963084, 0.023843197152, 0.0095873568207, 0.00299068074673, 0.000191846978851, 2.22753224079e-05],
        "median": [7.72993701048e-07, 2.62583143922e-05, 0.000527012103703, 0.00242956797592, 0.00423199823126, 0.0267122481018, 0.41302293539, 1.45714950562, 0.513037860394, 0.611864864826, 1.67276918888, 1.23037719727, 1.82097709179, 2.1933054924, 0.800285339355, 0.428121864796, 0.504962086678, 0.506715536118, 0.790695428848, 1.55257284641, 1.61035788059, 1.04453074932, 0.859606683254, 0.735945761204, 1.07556176186, 1.88844442368, 1.01987695694, 0.669221758842, 0.62186819315, 0.409205049276, 0.220545127988, 0.112085483968, 0.0272972006351, 0.0064447876066, 0.0010474951705, 0.000184832300874, 5.22885748069e-05, 8.63653713168e-06, 2.7630776458e-06, 3.98089332521e-06],
        "min": [7.24205193592e-08, 1.60413060257e-06, 4.72820465802e-06, 2.20911715587e-05, 8.91959134606e-05, 0.000156781359692, 0.000588021648582, 0.00154363864567, 0.00164460262749, 0.00170730240643, 0.00160269998014, 0.00167649844661, 0.00345029495656, 0.00103374151513, 0.000205394433578, 0.000225993266213, 0.000302566360915, 0.000296113692457, 0.000174576169229, 0.000277284882031, 0.000331791030476, 0.00023050152231, 0.000106606996269, 7.85490701674e-05, 7.29768871679e-05, 4.89731210109e-05, 5.93089207541e-05, 3.27486268361e-05, 2.21637819777e-05, 1.01879186332e-05, 7.58315445637e-06, 5.21257788932e-06, 3.43512579093e-06, 2.44742682298e-06, 2.09618769986e-06, 1.5124157926e-06, 1.17550996492e-06, 7.89473745044e-07, 2.20452690769e-07, 6.28360723454e-08],
        "var": [3.47381780459e-12, 1.53452250906e-09, 2.8063143418e-06, 5.45440561837e-05, 0.000622828607447, 0.128575637937, 54.1283950806, 1381.88208008, 162.157531738, 554.528991699, 3052.93334961, 889.332519531, 2484.67114258, 1634.56005859, 184.747436523, 318.931427002, 2643.23535156, 1045.27380371, 1531.89001465, 49285.4179688, 2437.4440918, 798.252685547, 11571.5791016, 6178.34033203, 10312.2949219, 4851.87646484, 2995.11938477, 1404.2487793, 2712.10961914, 739.51385498, 755.219055176, 1242.59191895, 75.3916473389, 9.00370597839, 0.218031436205, 0.00468673137948, 0.000867915397976, 0.000113430076453, 3.61181378139e-07, 2.08655048795e-09]
    },
    "gfcc": {
        "mean": [-169.260101318, 43.2866859436, -188.03604126, 1.82156848907, -107.666183472, -25.2222080231, -42.2270622253, -15.7522258759, -11.69602108, -13.6782503128, -12.3500185013, -7.69526529312, 1.62034869194],
        "cov": [[16190.5585938, -4605.82861328, -1472.36474609, 826.383789062, -2787.98901367, 240.336273193, -1524.16845703, 657.081848145, -41.3676452637, 868.405395508, -213.829498291, 52.5658454895, 146.707077026], [-4605.82861328, 2198.93530273, 319.080352783, -304.242828369, 682.989013672, -297.733581543, 494.773498535, -239.068328857, 128.117095947, -316.393737793, 126.657157898, -43.1710205078, -46.2366485596], [-1472.36474609, 319.080352783, 992.760803223, -290.244232178, 139.521377563, -88.4145812988, 77.225769043, 32.2516746521, -94.8089523315, -32.3015937805, -49.0550842285, 36.8238067627, -47.3529510498], [826.383789062, -304.242828369, -290.244232178, 375.68850708, -66.218421936, 20.4782924652, -154.811126709, -0.0652193203568, 59.7547988892, 74.5834884644, -26.8733406067, -69.1268844604, 57.7150917053], [-2787.98901367, 682.989013672, 139.521377563, -66.218421936, 831.841430664, 27.5181045532, 191.843933105, -216.208770752, -0.574651539326, -81.2271194458, 13.3554611206, -19.0113220215, -59.8800010681], [240.336273193, -297.733581543, -88.4145812988, 20.4782924652, 27.5181045532, 222.732162476, 14.6944160461, 3.71761465073, -71.7563400269, 15.1139974594, -23.9209156036, 14.0665721893, 5.00324726105], [-1524.16845703, 494.773498535, 77.225769043, -154.811126709, 191.843933105, 14.6944160461, 303.078430176, -27.5194263458, -59.2645492554, -153.667892456, 74.456741333, 36.4680595398, -53.8156166077], [657.081848145, -239.068328857, 32.2516746521, -0.0652193203568, -216.208770752, 3.71761465073, -27.5194263458, 169.865631104, -6.42870044708, -6.43615293503, -32.3562660217, 13.5460186005, 16.0310058594], [-41.3676452637, 128.117095947, -94.8089523315, 59.7547988892, -0.574651539326, -71.7563400269, -59.2645492554, -6.42870044708, 161.352157593, 27.4886131287, -62.6136016846, -72.6681900024, 67.8092880249], [868.405395508, -316.393737793, -32.3015937805, 74.5834884644, -81.2271194458, 15.1139974594, -153.667892456, -6.43615293503, 27.4886131287, 158.870758057, -58.2356719971, -49.2726478577, 39.8479537964], [-213.829498291, 126.657157898, -49.0550842285, -26.8733406067, 13.3554611206, -23.9209156036, 74.456741333, -32.3562660217, -62.6136016846, -58.2356719971, 160.302185059, 55.2477455139, -108.461982727], [52.5658454895, -43.1710205078, 36.8238067627, -69.1268844604, -19.0113220215, 14.0665721893, 36.4680595398, 13.5460186005, -72.6681900024, -49.2726478577, 55.2477455139, 135.403396606, -63.6295394897], [146.707077026, -46.2366485596, -47.3529510498, 57.7150917053, -59.8800010681, 5.00324726105, -53.8156166077, 16.0310058594, 67.8092880249, 39.8479537964, -108.461982727, -63.6295394897, 172.179016113]],
        "icov": [[0.000604767818004, 0.000266995280981, 0.00072514580097, 0.000150189778651, 0.00129745074082, 0.000146621401655, 0.00136745523196, -0.000149584462633, 0.00086681911489, -0.000884629262146, 0.000764861761127, -0.000222830261919, 0.000856603437569], [0.000266995280981, 0.00227024243213, -0.000114691843919, 0.000508325349074, -1.95947850443e-05, 0.00200533005409, -0.00152976589743, 0.00173433555756, -0.00161114078946, 0.00156912149396, -0.000564592075534, 0.000712691457011, -0.00034539742046], [0.00072514580097, -0.000114691843919, 0.0027983780019, 0.00129605364054, 0.0012044897303, 0.0012567845406, 0.00242869229987, -0.00114460254554, 0.00352483871393, -0.00139395380393, 0.00284344376996, 0.000103966762254, 0.00169858371373], [0.000150189778651, 0.000508325349074, 0.00129605364054, 0.00497456034645, -0.000374126335373, 0.000288005714538, 0.00273469113745, -0.000383387407055, 0.000398302334361, 0.00094509543851, -0.00099620630499, 0.00211093015969, -0.000773590640165], [0.00129745074082, -1.95947850443e-05, 0.0012044897303, -0.000374126335373, 0.00557415233925, -0.000764476135373, 0.00208644010127, 0.00258031813428, 0.0017397972988, -0.00166209659074, 0.00367138767615, -0.000487046403578, 0.00355079793371], [0.000146621401655, 0.00200533005409, 0.0012567845406, 0.000288005714538, -0.000764476135373, 0.00924032926559, -0.00247116480023, 0.00116943242028, 0.00387294660322, 0.000473900348879, 0.00325414934196, 0.000766447687056, -5.4762178479e-05], [0.00136745523196, -0.00152976589743, 0.00242869229987, 0.00273469113745, 0.00208644010127, -0.00247116480023, 0.0149694066495, -0.00262365257367, 0.00583189865574, 0.0035465771798, 0.00027677975595, 0.00151586846914, 0.0015127689112], [-0.000149584462633, 0.00173433555756, -0.00114460254554, -0.000383387407055, 0.00258031813428, 0.00116943242028, -0.00262365257367, 0.0125983832404, -0.00165344483685, 0.00479301577434, 0.00347839901224, 0.000394464819692, 0.00115613883827], [0.00086681911489, -0.00161114078946, 0.00352483871393, 0.000398302334361, 0.0017397972988, 0.00387294660322, 0.00583189865574, -0.00165344483685, 0.0173857491463, -0.000972529349383, 0.00702827377245, 0.00352356676012, 0.00124148721807], [-0.000884629262146, 0.00156912149396, -0.00139395380393, 0.00094509543851, -0.00166209659074, 0.000473900348879, 0.0035465771798, 0.00479301577434, -0.000972529349383, 0.0186294056475, 0.000726181548089, 0.00553539814427, -0.000879979517777], [0.000764861761127, -0.000564592075534, 0.00284344376996, -0.00099620630499, 0.00367138767615, 0.00325414934196, 0.00027677975595, 0.00347839901224, 0.00702827377245, 0.000726181548089, 0.0194167885929, -0.00112688262016, 0.0101364357397], [-0.000222830261919, 0.000712691457011, 0.000103966762254, 0.00211093015969, -0.000487046403578, 0.000766447687056, 0.00151586846914, 0.000394464819692, 0.00352356676012, 0.00553539814427, -0.00112688262016, 0.0131974900141, 0.00144622707739], [0.000856603437569, -0.00034539742046, 0.00169858371373, -0.000773590640165, 0.00355079793371, -5.4762178479e-05, 0.0015127689112, 0.00115613883827, 0.00124148721807, -0.000879979517777, 0.0101364357397, 0.00144622707739, 0.0139478957281]]
    },
    "melbands": {
        "dmean": [8.09289435466e-09, 3.29852468894e-07, 6.32349724583e-07, 3.15495367431e-06, 9.78586031124e-05, 0.000315149663948, 6.68854554533e-05, 0.000145468307892, 0.000156348280143, 4.63872493128e-05, 9.38497832976e-05, 5.70612355659e-05, 1.34286037792e-05, 1.18412981465e-05, 9.59704721026e-06, 1.82354051503e-05, 9.07259163796e-06, 9.12572613743e-06, 7.15130227036e-05, 6.51665613987e-05, 1.16097926366e-05, 1.00203342299e-05, 7.05413731339e-06, 2.75458987744e-05, 1.31945480462e-05, 2.73724763247e-05, 2.21394784603e-05, 1.61505558935e-05, 1.25011083583e-05, 1.45373196574e-05, 1.0176538126e-05, 1.20329823403e-05, 8.70008898346e-06, 7.89490877651e-06, 8.97042718861e-06, 9.11000461201e-06, 1.14195781862e-05, 3.06738115796e-06, 1.35359414344e-06, 8.23091170332e-07],
        "dmean2": [1.42297409411e-08, 5.06082074025e-07, 1.03904540083e-06, 5.09719529873e-06, 0.000168302314705, 0.000532843696419, 0.000111216300866, 0.000258976651821, 0.000280252192169, 7.95393643784e-05, 0.000159266695846, 9.9755867268e-05, 2.3116623197e-05, 2.04125826713e-05, 1.64143511938e-05, 2.72173692792e-05, 1.4621333321e-05, 1.66141071531e-05, 0.000130793225253, 0.000110238179332, 2.14427418541e-05, 1.86330580618e-05, 1.12446959974e-05, 5.32328231202e-05, 2.34138769883e-05, 4.60448936792e-05, 3.92838774133e-05, 2.7295351174e-05, 2.35532079387e-05, 2.71509397862e-05, 1.82870116987e-05, 2.24359573622e-05, 1.60167019203e-05, 1.52168049681e-05, 1.7238635337e-05, 1.71743231476e-05, 2.16474563786e-05, 5.89605770074e-06, 2.58411387222e-06, 1.59994146998e-06],
        "dvar": [8.82378771875e-17, 2.11635152762e-13, 8.93006588815e-13, 3.88632528936e-11, 4.9526100554e-08, 5.96978850353e-07, 3.39725474419e-08, 1.90060532645e-07, 2.03107063612e-07, 2.7249988932e-08, 8.40652916168e-08, 3.02030294108e-08, 1.31386723723e-09, 2.75615841261e-09, 1.18687071282e-09, 1.68336669049e-08, 2.54014986822e-09, 2.64993871291e-09, 3.50725208875e-08, 2.38919373174e-08, 5.96498761496e-09, 1.85027737576e-09, 6.45109077269e-10, 5.16084455171e-08, 2.80822831655e-09, 1.9936965856e-08, 4.92803575725e-09, 1.78588965838e-09, 1.85011928e-09, 2.08673811564e-09, 6.89337698034e-10, 2.58144394749e-09, 4.82811068903e-10, 5.1966370096e-10, 5.28892096785e-10, 5.17990650373e-10, 9.58729762246e-10, 1.24034643667e-10, 1.65187481749e-11, 9.54853123653e-12],
        "dvar2": [2.74368265297e-16, 4.65256685175e-13, 2.0940074761e-12, 1.05609285206e-10, 1.33378065925e-07, 1.60850311204e-06, 9.42706606111e-08, 5.55130554858e-07, 5.70869758576e-07, 7.41571639651e-08, 2.36042993151e-07, 7.79344944135e-08, 3.82574327773e-09, 7.30289650974e-09, 2.27198837521e-09, 3.82190066262e-08, 4.67437732965e-09, 5.57485435593e-09, 1.01027765709e-07, 6.36944008647e-08, 1.68617564356e-08, 5.31106181256e-09, 1.38614630885e-09, 1.56054554168e-07, 7.14177161854e-09, 4.81316249079e-08, 1.37173197245e-08, 5.02375652189e-09, 5.57510748678e-09, 6.01500094177e-09, 1.90072202422e-09, 7.62634400076e-09, 1.50783541208e-09, 1.48547896206e-09, 1.53151136217e-09, 1.53065216058e-09, 2.77578537933e-09, 3.63871321962e-10, 4.90220711247e-11, 2.82256752693e-11],
        "max": [6.96366200259e-08, 3.79028165298e-06, 7.25951394998e-06, 4.98531044286e-05, 0.00135599984787, 0.00587882101536, 0.00154433434363, 0.00394157413393, 0.00454596476629, 0.00183211732656, 0.00305135408416, 0.00175251415931, 0.000376074807718, 0.000690207933076, 0.000483469222672, 0.0020897500217, 0.000766308046877, 0.000674298207741, 0.00130142236594, 0.00141343288124, 0.000957295880653, 0.000410638953326, 0.000300229527056, 0.00295379781164, 0.000652868417092, 0.00203458010219, 0.000505633361172, 0.000306858215481, 0.000341277831467, 0.000372472713934, 0.000240938039497, 0.000509179953951, 0.000170242710738, 0.000147366255987, 0.000148872335558, 0.000135946000228, 0.000247075979132, 0.00012384763977, 3.94635353587e-05, 2.63821730186e-05],
        "mean": [9.04524277701e-09, 5.07470076627e-07, 8.79380820606e-07, 3.21012475979e-06, 8.67713824846e-05, 0.000312316988129, 6.49123248877e-05, 0.000115638678835, 0.0001329480001, 4.89272533741e-05, 8.72095115483e-05, 5.78535218665e-05, 1.50765008584e-05, 1.18617435874e-05, 1.08188733066e-05, 1.69821814779e-05, 1.05159297163e-05, 1.15603470476e-05, 8.72635791893e-05, 9.01867097127e-05, 7.8718394434e-06, 7.05204502083e-06, 7.49072887629e-06, 1.72439158632e-05, 1.11239396574e-05, 1.91119270312e-05, 1.90538266907e-05, 1.56192236318e-05, 8.93975175131e-06, 9.01369003259e-06, 7.76394608692e-06, 7.83984614827e-06, 5.91754223933e-06, 4.91936179969e-06, 5.37324331162e-06, 5.70359452468e-06, 6.68790926284e-06, 1.75893762844e-06, 8.48242734719e-07, 4.61808753016e-07],
        "median": [5.95389959557e-09, 2.01356655793e-07, 4.25039075935e-07, 7.43434270589e-07, 1.23156050904e-05, 3.23680505971e-05, 6.97368932379e-06, 8.71504380484e-06, 1.3203668459e-05, 6.92684488968e-06, 8.83742268343e-06, 9.23716652323e-06, 3.15397755912e-06, 9.95868958853e-07, 1.01426758192e-06, 7.14305031124e-07, 6.35445928765e-07, 6.13021313711e-07, 1.59448563863e-06, 1.73261946657e-06, 5.45223031168e-07, 5.67216204672e-07, 6.99031659224e-07, 4.58050635643e-07, 4.57159643474e-07, 5.09787867031e-07, 8.15161286027e-07, 1.02947331015e-06, 3.2744489431e-07, 2.04042862606e-07, 3.67989713368e-07, 3.80190670057e-07, 2.06185163165e-07, 1.61551056976e-07, 1.15810649959e-07, 1.04531238776e-07, 4.64017979596e-08, 1.53844617046e-08, 1.01594643809e-08, 3.04479197411e-09],
        "min": [3.08764069867e-10, 2.34168084923e-09, 5.60461765886e-09, 9.04963837201e-09, 1.70093592544e-08, 4.06685387588e-08, 1.87380759797e-08, 2.43425617441e-08, 1.12265361452e-08, 1.1472256034e-08, 1.74462577718e-08, 4.2683869772e-09, 6.57724097408e-10, 6.23157414559e-10, 5.09022157757e-10, 6.22437656972e-10, 3.98588356765e-10, 2.81548062642e-10, 3.04122005357e-10, 4.84640771958e-10, 3.0024099873e-10, 2.25996305003e-10, 1.01906448557e-10, 4.27556740012e-11, 6.15750297972e-11, 5.43742481596e-11, 3.18032301883e-11, 2.77552703043e-11, 3.96899769994e-11, 2.91736808322e-11, 1.58632100511e-11, 1.25837673615e-11, 6.37338836221e-12, 5.33591443599e-12, 4.43127218946e-12, 3.51197933582e-12, 2.66793553395e-12, 2.22776831704e-12, 2.10813267884e-12, 1.81696855912e-12],
        "var": [8.55644294478e-17, 4.04452729988e-13, 1.35324444792e-12, 4.20744515617e-11, 4.41396323936e-08, 5.99210068231e-07, 3.14740447038e-08, 1.43483134707e-07, 1.52347425342e-07, 2.70763695909e-08, 7.06142486706e-08, 3.77138569263e-08, 1.54875157143e-09, 2.58255639096e-09, 1.85681081621e-09, 1.76697945165e-08, 4.16264578362e-09, 4.1174068599e-09, 4.27029860361e-08, 5.55991626072e-08, 3.61751628652e-09, 1.07862319076e-09, 7.58665519296e-10, 2.96108186859e-08, 3.07677572309e-09, 1.68256999444e-08, 3.622322442e-09, 1.56777291149e-09, 1.25574628473e-09, 1.30496258244e-09, 5.36798661077e-10, 1.44320755346e-09, 3.19978155083e-10, 3.07362246765e-10, 3.07459113724e-10, 3.20981768942e-10, 5.64629065725e-10, 6.67956176481e-11, 9.52919253921e-12, 5.08087148743e-12]
    },
    "mfcc": {
        "mean": [-785.72253418, 66.5257415771, -34.3602333069, -7.25296449661, -47.8106651306, -24.7150688171, -34.6487464905, -12.8124198914, -14.490644455, -3.36825346947, -20.9861335754, -12.1049032211, -4.14428901672],
        "cov": [[14406.0878906, -3237.97949219, -566.760986328, -368.717956543, -1398.00891113, -629.721008301, -1348.41809082, -701.194396973, -538.472106934, 609.805847168, -374.814575195, -268.859161377, -13.7983493805], [-3237.97949219, 1535.5246582, -35.9720420837, 100.280715942, 133.474121094, 17.0417404175, 196.401138306, 176.691101074, 89.5278091431, -170.362640381, 107.630134583, 79.9984970093, -22.6751766205], [-566.760986328, -35.9720420837, 746.517150879, -29.4934043884, 20.2070426941, -121.186561584, 42.8090057373, -37.0696716309, 16.4684944153, 19.3035621643, -11.8809309006, -40.3987617493, -80.9657516479], [-368.717956543, 100.280715942, -29.4934043884, 250.078796387, 66.5837783813, -5.10502147675, -69.4180374146, -15.9993801117, 17.5857810974, 23.0379047394, -8.99028491974, 3.85677814484, 41.2221298218], [-1398.00891113, 133.474121094, 20.2070426941, 66.5837783813, 381.744018555, 166.078643799, 134.787780762, 10.0301761627, 46.6533927917, -78.9299545288, 49.0115737915, 33.9338378906, 48.9959793091], [-629.721008301, 17.0417404175, -121.186561584, -5.10502147675, 166.078643799, 259.159851074, 108.748535156, -9.99082183838, 14.7609033585, -8.80970954895, 4.42131567001, -36.7751808167, 53.8130378723], [-1348.41809082, 196.401138306, 42.8090057373, -69.4180374146, 134.787780762, 108.748535156, 355.137207031, 144.29536438, -1.12417471409, -146.493331909, 86.6256942749, 101.726585388, -70.833984375], [-701.194396973, 176.691101074, -37.0696716309, -15.9993801117, 10.0301761627, -9.99082183838, 144.29536438, 222.994979858, 19.7475605011, -132.808898926, 41.6423072815, 130.520645142, -50.3236465454], [-538.472106934, 89.5278091431, 16.4684944153, 17.5857810974, 46.6533927917, 14.7609033585, -1.12417471409, 19.7475605011, 249.915725708, 21.2596340179, -98.3899459839, -6.52095460892, 44.554977417], [609.805847168, -170.362640381, 19.3035621643, 23.0379047394, -78.9299545288, -8.80970954895, -146.493331909, -132.808898926, 21.2596340179, 333.407623291, -91.2078781128, -240.29598999, 64.5194854736], [-374.814575195, 107.630134583, -11.8809309006, -8.99028491974, 49.0115737915, 4.42131567001, 86.6256942749, 41.6423072815, -98.3899459839, -91.2078781128, 184.293777466, 67.9878692627, -79.3045043945], [-268.859161377, 79.9984970093, -40.3987617493, 3.85677814484, 33.9338378906, -36.7751808167, 101.726585388, 130.520645142, -6.52095460892, -240.29598999, 67.9878692627, 321.416503906, -76.7812957764], [-13.7983493805, -22.6751766205, -80.9657516479, 41.2221298218, 48.9959793091, 53.8130378723, -70.833984375, -50.3236465454, 44.554977417, 64.5194854736, -79.3045043945, -76.7812957764, 160.948196411]],
