{
"lowlevel": {
    "average_loudness": 0.952674746513,
    "barkbands_crest": {
        "dmean": 3.47826051712,
        "dmean2": 5.77643537521,
        "dvar": 10.5716943741,
        "dvar2": 24.7745800018,
        "max": 25.6766376495,
        "mean": 10.9943637848,
        "median": 9.29827785492,
        "min": 3.025192976,
        "var": 31.7218151093
    },
    "barkbands_flatness_db": {
        "dmean": 0.0338486246765,
        "dmean2": 0.0536073222756,
        "dvar": 0.000883712840732,
        "dvar2": 0.00206636334769,
        "max": 0.401429116726,
        "mean": 0.179285436869,
        "median": 0.168002396822,
        "min": 0.073190189898,
        "var": 0.00326161086559
    },
    "barkbands_kurtosis": {
        "dmean": 3.04193782806,
        "dmean2": 5.17869281769,
        "dvar": 23.3748188019,
        "dvar2": 55.119430542,
        "max": 39.2008323669,
        "mean": 2.66694021225,
        "median": 0.110360622406,
        "min": -1.67384231091,
        "var": 46.6661643982
    },
    "barkbands_skewness": {
        "dmean": 0.795546591282,
        "dmean2": 1.33204615116,
        "dvar": 0.622118473053,
        "dvar2": 1.37368762493,
        "max": 4.7328710556,
        "mean": 0.551381766796,
        "median": 0.495915979147,
        "min": -3.48672366142,
        "var": 1.71317362785
    },
    "barkbands_spread": {
        "dmean": 8.41136264801,
        "dmean2": 14.1227617264,
        "dvar": 70.4301757812,
        "dvar2": 186.233734131,
        "max": 57.1774940491,
        "mean": 20.4053077698,
        "median": 19.2740879059,
        "min": 1.17700481415,
        "var": 124.316581726
    },
    "dissonance": {
        "dmean": 0.0226635504514,
        "dmean2": 0.0395050905645,
        "dvar": 0.000896431796718,
        "dvar2": 0.00246148859151,
        "max": 0.5,
        "mean": 0.473579883575,
        "median": 0.482453852892,
        "min": 0.234999209642,
        "var": 0.00101510889363
    },
    "dynamic_complexity": 6.0129981041,
    "erbbands_crest": {
        "dmean": 4.10507011414,
        "dmean2": 6.72402667999,
        "dvar": 14.5960264206,
        "dvar2": 33.3951797485,
        "max": 31.2746200562,
        "mean": 12.6463823318,
        "median": 11.1309785843,
        "min": 3.40490484238,
        "var": 37.7903442383
    },
    "erbbands_flatness_db": {
        "dmean": 0.0319473072886,
        "dmean2": 0.0507074296474,
        "dvar": 0.000750694249291,
        "dvar2": 0.00178235594649,
        "max": 0.44172513485,
        "mean": 0.244544237852,
        "median": 0.237824127078,
        "min": 0.103469826281,
        "var": 0.00307173561305
    },
    "erbbands_kurtosis": {
        "dmean": 2.49701714516,
        "dmean2": 4.12996816635,
        "dvar": 14.1886291504,
        "dvar2": 32.4873123169,
        "max": 39.698261261,
        "mean": 1.98463916779,
        "median": -0.0419263839722,
        "min": -1.80064201355,
        "var": 30.0183639526
    },
    "erbbands_skewness": {
        "dmean": 0.773996829987,
        "dmean2": 1.28131711483,
        "dvar": 0.52047675848,
        "dvar2": 1.14398241043,
        "max": 5.18069124222,
        "mean": 0.364014446735,
        "median": 0.125550717115,
        "min": -3.19258475304,
        "var": 1.67880260944
    },
    "erbbands_spread": {
        "dmean": 11.3655462265,
        "dmean2": 18.7256126404,
        "dvar": 132.269180298,
        "dvar2": 341.903778076,
        "max": 98.7395095825,
        "mean": 29.2697143555,
        "median": 27.3628540039,
        "min": 1.98896276951,
        "var": 246.671676636
    },
    "hfc": {
        "dmean": 24.0786552429,
        "dmean2": 41.3813591003,
        "dvar": 1188.34130859,
        "dvar2": 3252.43139648,
        "max": 237.527023315,
        "mean": 23.4261779785,
        "median": 6.15278959274,
        "min": 0.00267035211436,
        "var": 1382.54577637
    },
    "melbands_crest": {
        "dmean": 4.01890420914,
        "dmean2": 6.81695270538,
        "dvar": 13.1567182541,
        "dvar2": 31.6118507385,
        "max": 31.1732578278,
        "mean": 12.3969573975,
        "median": 10.6590538025,
        "min": 2.97257423401,
        "var": 36.1117630005
    },
    "melbands_flatness_db": {
        "dmean": 0.0435679256916,
        "dmean2": 0.0696908459067,
        "dvar": 0.0014528100146,
        "dvar2": 0.00359840458259,
        "max": 0.385270386934,
        "mean": 0.161239564419,
        "median": 0.15696246922,
        "min": 0.0352785587311,
        "var": 0.00468358676881
    },
    "melbands_kurtosis": {
        "dmean": 4.41902399063,
        "dmean2": 7.37256669998,
        "dvar": 69.0499954224,
        "dvar2": 176.577209473,
        "max": 94.2874679565,
        "mean": 5.43658161163,
        "median": 2.03688001633,
        "min": -1.82688057423,
        "var": 114.812110901
    },
    "melbands_skewness": {
        "dmean": 0.688853025436,
        "dmean2": 1.08060061932,
        "dvar": 0.520540356636,
        "dvar2": 1.25721800327,
        "max": 8.76453495026,
        "mean": 1.2745090723,
        "median": 1.19340574741,
        "min": -1.90862166882,
        "var": 1.64322590828
    },
    "melbands_spread": {
        "dmean": 23.6005363464,
        "dmean2": 40.9789276123,
        "dvar": 779.4140625,
        "dvar2": 1825.29174805,
        "max": 212.020095825,
        "mean": 42.5493164062,
        "median": 34.8501396179,
        "min": 2.28859090805,
        "var": 1152.05358887
    },
    "pitch_salience": {
        "dmean": 0.121937714517,
        "dmean2": 0.201605245471,
        "dvar": 0.0102086029947,
        "dvar2": 0.0260458625853,
        "max": 0.924983739853,
        "mean": 0.583356320858,
        "median": 0.603743135929,
        "min": 0.161096706986,
        "var": 0.0260821785778
    },
    "silence_rate_20dB": {
        "dmean": 0,
        "dmean2": 0,
        "dvar": 0,
        "dvar2": 0,
        "max": 1,
        "mean": 1,
        "median": 1,
        "min": 1,
        "var": 0
    },
    "silence_rate_30dB": {
        "dmean": 0,
        "dmean2": 0,
        "dvar": 0,
        "dvar2": 0,
        "max": 1,
        "mean": 1,
        "median": 1,
        "min": 1,
        "var": 0
    },
    "silence_rate_60dB": {
        "dmean": 0.17619048059,
        "dmean2": 0.350835323334,
        "dvar": 0.145147949457,
        "dvar2": 0.28025585413,
        "max": 1,
        "mean": 0.37054631114,
        "median": 0,
        "min": 0,
        "var": 0.233242318034
    },
    "spectral_centroid": {
        "dmean": 625.025085449,
        "dmean2": 1038.7442627,
        "dvar": 428803.28125,
        "dvar2": 976612.4375,
        "max": 5051.04443359,
        "mean": 2234.42407227,
        "median": 2166.3984375,
        "min": 493.953399658,
        "var": 937813.6875
    },
    "spectral_complexity": {
        "dmean": 4.32142877579,
        "dmean2": 6.63007164001,
        "dvar": 21.1752643585,
        "dvar2": 51.3881607056,
        "max": 56,
        "mean": 9.77909755707,
        "median": 8,
        "min": 0,
        "var": 74.6329116821
    },
    "spectral_decrease": {
        "dmean": 1.57084956154e-09,
        "dmean2": 2.5253077407e-09,
        "dvar": 5.00709795571e-18,
        "dvar2": 1.23891786882e-17,
        "max": -7.11003142213e-13,
        "mean": -2.10989625771e-09,
        "median": -8.74105565707e-10,
        "min": -1.62980509089e-08,
        "var": 7.9338432883e-18
    },
    "spectral_energy": {
        "dmean": 0.00799750164151,
        "dmean2": 0.0129250157624,
        "dvar": 0.000119193013234,
        "dvar2": 0.000303965731291,
        "max": 0.0761265382171,
        "mean": 0.0100880544633,
        "median": 0.00410331599414,
        "min": 2.92569734484e-06,
        "var": 0.000181703595445
    },
    "spectral_energyband_high": {
        "dmean": 0.00277244276367,
        "dmean2": 0.00505495630205,
        "dvar": 1.91846665984e-05,
        "dvar2": 5.25603172719e-05,
        "max": 0.0250008497387,
        "mean": 0.00213073031045,
        "median": 0.000196678738575,
        "min": 3.97716988232e-08,
        "var": 1.76597604877e-05
    },
    "spectral_energyband_low": {
        "dmean": 3.843257673e-06,
        "dmean2": 5.78024310016e-06,
        "dvar": 1.7441709188e-10,
        "dvar2": 3.33667704577e-10,
        "max": 0.000168729820871,
        "mean": 6.62000456941e-06,
        "median": 1.78624202363e-06,
        "min": 3.58935352551e-08,
        "var": 3.69923564003e-10
    },
    "spectral_energyband_middle_high": {
        "dmean": 0.00414314540103,
        "dmean2": 0.00639407429844,
        "dvar": 4.6624114475e-05,
        "dvar2": 0.000112340720079,
        "max": 0.0586469694972,
        "mean": 0.00533717870712,
        "median": 0.00184082775377,
        "min": 2.82486325887e-07,
        "var": 7.5650481449e-05
    },
    "spectral_energyband_middle_low": {
        "dmean": 0.00223371549509,
        "dmean2": 0.00366092496552,
        "dvar": 1.40938909681e-05,
        "dvar2": 3.64517909475e-05,
        "max": 0.0345276817679,
        "mean": 0.00295154866762,
        "median": 0.000751703511924,
        "min": 8.28346287562e-07,
        "var": 2.52840709436e-05
    },
    "spectral_entropy": {
        "dmean": 0.358400940895,
        "dmean2": 0.586213052273,
        "dvar": 0.113019861281,
        "dvar2": 0.291101396084,
        "max": 8.55899810791,
        "mean": 7.58462285995,
        "median": 7.60714960098,
        "min": 5.93456125259,
        "var": 0.265364617109
    },
    "spectral_flux": {
        "dmean": 0.0286450982094,
        "dmean2": 0.0450452975929,
        "dvar": 0.00113733357284,
        "dvar2": 0.00233415677212,
        "max": 0.252725183964,
        "mean": 0.0658598095179,
        "median": 0.0534924976528,
        "min": 0.000705964048393,
        "var": 0.00259826192632
    },
    "spectral_kurtosis": {
        "dmean": 2.06933259964,
        "dmean2": 3.53587245941,
        "dvar": 5.12757205963,
        "dvar2": 14.3537902832,
        "max": 23.4463214874,
        "mean": 3.27038145065,
        "median": 2.32822799683,
        "min": -0.63725399971,
        "var": 10.947930336
    },
    "spectral_rms": {
        "dmean": 0.00111504341476,
        "dmean2": 0.00172400812153,
        "dvar": 1.46559682435e-06,
        "dvar2": 3.66094400306e-06,
        "max": 0.00861799251288,
        "mean": 0.00250737858005,
        "median": 0.00200080871582,
        "min": 5.34260107088e-05,
        "var": 3.55505653715e-06
    },
    "spectral_rolloff": {
        "dmean": 1593.76501465,
        "dmean2": 2798.34155273,
        "dvar": 3478425,
        "dvar2": 8277675.5,
        "max": 8699.4140625,
        "mean": 3429.76196289,
        "median": 2993.11523438,
        "min": 366.064453125,
        "var": 5166684
    },
    "spectral_skewness": {
        "dmean": 0.358065128326,
        "dmean2": 0.595679759979,
        "dvar": 0.110967181623,
        "dvar2": 0.311107903719,
        "max": 4.03914070129,
        "mean": 1.14132249355,
        "median": 1.06351685524,
        "min": 0.121301397681,
        "var": 0.278272479773
    },
    "spectral_spread": {
        "dmean": 763609.875,
        "dmean2": 1217234.75,
        "dvar": 1.0963917865e+12,
        "dvar2": 1.6239909929e+12,
        "max": 22712480,
        "mean": 4273377,
        "median": 3999671.75,
        "min": 1972003.625,
        "var": 2.03889062707e+12
    },
    "spectral_strongpeak": {
        "dmean": 0.984445989132,
        "dmean2": 1.64481949806,
        "dvar": 2.79508686066,
        "dvar2": 6.98689556122,
        "max": 15.0446414948,
        "mean": 1.4520277977,
        "median": 0.693121910095,
        "min": 0.00232679559849,
        "var": 4.72761821747
    },
    "zerocrossingrate": {
        "dmean": 0.0161655973643,
        "dmean2": 0.0199834052473,
        "dvar": 0.000240238863626,
        "dvar2": 0.000302516506054,
        "max": 0.23046875,
        "mean": 0.0975750610232,
        "median": 0.09033203125,
        "min": 0.00927734375,
        "var": 0.00155703362543
    },
    "barkbands": {
        "dmean": [1.36250397631e-08, 4.54557884666e-08, 1.84028908734e-06, 4.97218434248e-06, 2.40393346758e-05, 0.000790268939454, 6.25459797448e-05, 0.000839418265969, 0.000368032167898, 0.00128083943855, 0.000604141037911, 0.000592855736613, 0.000299296516459, 0.000692496716511, 0.000188084697584, 0.00015164638171, 0.000162961543538, 0.000577797763981, 0.000540203298442, 0.000284264009679, 0.00101868831553, 0.000445522629889, 0.000674047740176, 0.000479165493743, 7.56853405619e-05, 1.14779777505e-05, 2.09599420486e-06],
        "dmean2": [2.54429579627e-08, 7.94312313701e-08, 2.64661184701e-06, 7.39363304092e-06, 4.25298094342e-05, 0.00126114801969, 0.000108844105853, 0.0014771547867, 0.000656477932353, 0.00210539624095, 0.00105225865263, 0.00104148872197, 0.00051216292195, 0.000983315869235, 0.000267156370683, 0.000254400860285, 0.000286760070594, 0.00103569985367, 0.000913369411137, 0.000516273023095, 0.00181180343498, 0.00080980657367, 0.00125772540923, 0.000890601833817, 0.000140013929922, 2.1286896299e-05, 3.79975244869e-06],
        "dvar": [5.15289190034e-15, 5.7799736846e-15, 4.30499837167e-11, 2.0148728519e-10, 1.95424187943e-09, 2.45101955443e-06, 1.38808511352e-08, 2.67986933977e-06, 2.08669530366e-06, 1.21898601719e-05, 1.81927987342e-06, 5.650624189e-06, 3.56490568265e-06, 1.04788014141e-05, 7.14022689863e-07, 1.2791286963e-07, 2.7401338798e-07, 2.66047368314e-06, 4.09726726502e-06, 2.99067067999e-07, 4.81378901895e-06, 7.33825231691e-07, 1.99990881811e-06, 9.41699056511e-07, 1.98982128552e-08, 6.60206944669e-10, 1.47669810407e-11],
        "dvar2": [1.48094850863e-14, 1.64923074654e-14, 7.5354320006e-11, 4.52625381619e-10, 5.13856779349e-09, 5.30991837877e-06, 3.77650621886e-08, 7.34996092433e-06, 6.33580020803e-06, 2.74093872576e-05, 5.11747884957e-06, 1.64120301633e-05, 9.32800048759e-06, 2.07898410736e-05, 1.25727660816e-06, 3.65389496437e-07, 7.60693922075e-07, 7.44212184145e-06, 1.08470640043e-05, 8.3917603888e-07, 1.16554811029e-05, 2.23816437028e-06, 6.01386500421e-06, 2.66902452495e-06, 5.50055894166e-08, 1.94730409575e-09, 4.08452403844e-11],
        "max": [1.02667490864e-06, 8.90699368483e-07, 0.000100754885352, 0.00020232659881, 0.000513903505635, 0.0221913531423, 0.00111432839185, 0.0115301199257, 0.0220589730889, 0.0496434569359, 0.0167116373777, 0.0266561638564, 0.0314759723842, 0.0556705221534, 0.0169456638396, 0.00359252933413, 0.00667616724968, 0.0159831307828, 0.0284979715943, 0.00334624038078, 0.0225675702095, 0.00631005689502, 0.00919607188553, 0.00621728086844, 0.000767629710026, 0.000298732018564, 2.66091792582e-05],
        "mean": [9.86920145607e-09, 5.3862038385e-08, 2.73644286608e-06, 1.17748941193e-05, 3.30185757775e-05, 0.00117331952788, 6.64033868816e-05, 0.000743132433854, 0.000433673383668, 0.00140751537401, 0.000648991146591, 0.00054142443696, 0.000242850830546, 0.000938322511502, 0.00021811624174, 0.000180868417374, 0.00015787348093, 0.000472572748549, 0.000582779583056, 0.000227258860832, 0.00081340916222, 0.000342570856446, 0.000462338008219, 0.00032708994695, 5.05395364598e-05, 7.91370257502e-06, 1.47903006109e-06],
        "median": [1.60663726767e-09, 2.9519561906e-08, 8.08332003999e-07, 1.12995121526e-06, 1.04049177025e-05, 0.000296623911709, 1.98633933906e-05, 0.000117355913972, 8.12065700302e-05, 0.000349571404513, 0.000122538971482, 3.66476342606e-05, 2.85924470518e-05, 1.93017331185e-05, 1.93893320102e-05, 2.3611866709e-05, 1.97042572836e-05, 8.49061470944e-05, 3.65926098311e-05, 3.11033873004e-05, 5.59939871891e-05, 3.74699775421e-05, 2.54845490417e-05, 1.06941170088e-05, 1.38909524594e-06, 2.26435304285e-07, 5.37193329819e-08],
        "min": [3.77525372075e-11, 1.25074905988e-09, 8.25070323174e-09, 6.63699140091e-09, 8.48456664926e-08, 1.8965093318e-07, 2.31081855873e-08, 8.93633398391e-08, 9.75326557295e-08, 4.33315072712e-08, 1.34412401209e-08, 2.5403732451e-08, 8.58416182581e-09, 1.49654422188e-08, 3.06513641135e-08, 1.23349721548e-08, 1.52562513733e-08, 9.53962242534e-09, 8.20671708368e-09, 3.75323061519e-09, 7.30074534161e-09, 4.39526370855e-09, 1.39948630462e-09, 4.16958217953e-10, 2.57566079576e-10, 3.78028081061e-10, 4.62164306825e-09],
        "var": [2.99524275621e-15, 7.02212801999e-15, 8.84192302708e-11, 7.82661324639e-10, 4.53745485629e-09, 7.19447416486e-06, 1.47959307029e-08, 2.3108636924e-06, 2.52832478509e-06, 1.58629627549e-05, 2.5011102025e-06, 5.49051856069e-06, 2.58653494711e-06, 2.01030979952e-05, 1.15099840059e-06, 1.69820850715e-07, 2.74693860547e-07, 1.92615380001e-06, 5.09493293066e-06, 2.48982502171e-07, 5.24482265973e-06, 6.35202354715e-07, 1.39100723118e-06, 6.31523903394e-07, 1.38338558386e-08, 4.31001789813e-10, 1.18098551771e-11]
    },
    "erbbands": {
        "dmean": [1.33007279146e-06, 3.04812601826e-05, 0.00123790418729, 0.00984764005989, 0.0258240103722, 0.0862532183528, 1.79233062267, 8.58268451691, 2.16468572617, 5.44639348984, 18.3080635071, 10.1421899796, 33.6608161926, 30.8042106628, 27.6990032196, 12.5180826187, 15.9888324738, 22.524017334, 25.9819793701, 9.74262046814, 6.80787992477, 9.06731796265, 24.2112789154, 33.6841697693, 18.3699798584, 13.4020271301, 23.6418151855, 49.8425331116, 13.8268852234, 24.2244930267, 16.2491226196, 14.1384801865, 4.78710746765, 1.42290019989, 0.245096459985, 0.0561575815082, 0.0235462374985, 0.00430317735299, 0.000317226629704, 2.75785369013e-05],
        "dmean2": [2.25519670494e-06, 4.6790628403e-05, 0.00182476267219, 0.014303942211, 0.03839116171, 0.144827306271, 2.89420223236, 13.8596897125, 3.41865944862, 9.43623256683, 32.5568351746, 17.6601524353, 56.350315094, 52.4971313477, 45.6975135803, 21.6614780426, 27.0806102753, 33.3024024963, 35.6782684326, 16.3340091705, 11.7037725449, 16.0721740723, 42.7747612, 58.8105201721, 29.4780731201, 24.1509075165, 42.9947052002, 88.9630661011, 24.8276062012, 46.0617408752, 30.2636604309, 26.3930568695, 8.75544548035, 2.63738417625, 0.451777607203, 0.104868561029, 0.0433939211071, 0.00794545374811, 0.000578944047447, 4.8187586799e-05],
        "dvar": [1.95664630331e-11, 6.29123420026e-09, 1.81629275176e-05, 0.000949129462242, 0.00597713002935, 0.0243982262909, 14.3906793594, 299.358917236, 16.0282115936, 98.1462631226, 1301.82397461, 1273.55639648, 8652.69824219, 5178.36914062, 5947.92480469, 1614.40039062, 10443.5820312, 10002.6259766, 11327.7480469, 578.372802734, 318.512359619, 776.149108887, 3799.46362305, 7136.1328125, 4051.69580078, 608.088928223, 2339.10839844, 13492.4570312, 510.642150879, 3507.24975586, 1112.52880859, 872.405212402, 77.5716781616, 6.88567018509, 0.211004659534, 0.0118931755424, 0.0047443783842, 5.95679521211e-05, 3.59920846904e-07, 1.64733315877e-09],
        "dvar2": [5.36177630073e-11, 1.05018749252e-08, 3.14314784191e-05, 0.00204168446362, 0.0120195792988, 0.0622750148177, 33.3301925659, 636.310119629, 43.760925293, 264.934661865, 3562.14257812, 3643.69897461, 18703.6152344, 13553.7060547, 15345.9697266, 4660.93310547, 27565.625, 18250.5449219, 23791.2460938, 1589.94763184, 956.278259277, 2176.38964844, 10384.9130859, 19938.1796875, 9089.79785156, 1703.84936523, 6863.47119141, 31868.1328125, 1498.05102539, 10737.9677734, 3236.52734375, 2508.92480469, 215.859848022, 19.2234325409, 0.583403289318, 0.0346271321177, 0.014136181213, 0.000165638979524, 1.01593786894e-06, 4.69435024186e-09],
        "max": [7.61941846577e-05, 0.00147285289131, 0.0687564909458, 0.433690398932, 1.45187568665, 1.95486712456, 44.2144699097, 259.61239624, 50.0807113647, 82.5187911987, 253.135498047, 587.744506836, 1208.85693359, 720.156188965, 893.059326172, 399.619812012, 1690.33288574, 1448.92602539, 1455.88549805, 238.375335693, 166.213943481, 343.545318604, 590.979370117, 1008.43847656, 966.316467285, 134.814941406, 355.906463623, 1260.28527832, 188.531616211, 459.40612793, 218.138473511, 171.714141846, 56.5814170837, 13.7014064789, 3.49642753601, 0.738647937775, 0.910508215427, 0.044334538281, 0.00430041784421, 0.000247178279096],
        "mean": [2.10743473872e-06, 5.32552730874e-05, 0.00207029329613, 0.0206793807447, 0.0544160716236, 0.144688442349, 2.49442625046, 12.6515426636, 2.90937709808, 5.34923028946, 16.0534038544, 12.1447143555, 38.4676780701, 33.3105621338, 30.9990196228, 12.6635217667, 13.444688797, 29.5319290161, 33.7304153442, 11.3157892227, 8.60071277618, 9.10193729401, 21.9017314911, 32.9312286377, 19.0060348511, 10.9207363129, 17.998374939, 39.9757919312, 11.5605840683, 16.3577823639, 11.4746837616, 9.47637081146, 3.34282183647, 0.942909300327, 0.170970007777, 0.0386857204139, 0.0159035567194, 0.00293796882033, 0.000232560225413, 2.65008420683e-05],
        "median": [8.91299237082e-07, 2.32085221796e-05, 0.000668645196129, 0.00380996102467, 0.00915668252856, 0.0436313897371, 0.638305544853, 2.86252403259, 1.06123101711, 1.134532094, 2.50655150414, 2.55078816414, 7.96231937408, 9.66615104675, 4.00411558151, 1.88866102695, 1.71307468414, 1.30844569206, 1.37450885773, 2.03462576866, 1.49108576775, 1.88200759888, 5.18459272385, 4.18790960312, 1.98079907894, 1.57326173782, 2.10326647758, 2.19600272179, 1.51007509232, 1.17793655396, 0.572560787201, 0.358185082674, 0.126480251551, 0.0254880283028, 0.00686639267951, 0.00151760561857, 0.000376202689949, 6.64635081193e-05, 9.00400391401e-06, 7.94405332272e-06],
        "min": [6.14738624449e-08, 1.47004857354e-06, 1.04995206129e-05, 3.19558275805e-05, 4.02326768381e-05, 0.000333200732712, 0.0011402645614, 0.00156131549738, 0.000764187658206, 0.000973043264821, 0.00235344399698, 0.00255543366075, 0.00156722008251, 0.000675356888678, 0.000642520724796, 0.00116479641292, 0.000466864003101, 0.000832180085126, 0.00191298208665, 0.000776148051955, 0.000801810179837, 0.0011456462089, 0.000509044446517, 0.000384129030863, 0.000434626592323, 0.000217961875023, 0.000286754075205, 0.000286739319563, 0.000161301708431, 6.94127957104e-05, 3.68029286619e-05, 1.27882804009e-05, 5.84591361985e-06, 3.53881387127e-06, 1.76990454293e-06, 8.62912088451e-07, 8.8161613121e-07, 5.57888142794e-07, 6.66905464186e-07, 1.03246840411e-07],
        "var": [2.59368238692e-11, 1.78333046108e-08, 4.17310984631e-05, 0.00271290913224, 0.0215522348881, 0.0936914086342, 34.2026824951, 936.169433594, 21.1349029541, 101.14250946, 1117.39379883, 1526.13305664, 13217.3886719, 5542.43115234, 8057.69873047, 1639.52893066, 7421.03466797, 17943.1933594, 20558.3964844, 750.387451172, 411.785827637, 760.182250977, 3130.11938477, 7620.08789062, 5792.66650391, 513.733703613, 1830.69165039, 14674.9023438, 513.556213379, 2338.22143555, 804.0078125, 561.958007812, 57.702331543, 4.75580358505, 0.146954640746, 0.00790538545698, 0.0028871668037, 4.31285188824e-05, 3.20373317209e-07, 1.564753771e-09]
    },
    "gfcc": {
        "mean": [-121.329956055, 24.3240585327, -189.871414185, -2.92646694183, -114.653167725, -16.1487445831, -43.6961669922, -10.5736980438, -23.0608577728, -16.5982475281, -12.3952865601, -1.08404135704, -6.38139629364],
        "cov": [[13153.1308594, -3779.25415039, -829.760986328, -323.788421631, -2181.21313477, 363.908843994, -730.475769043, 560.472900391, -480.436248779, 526.301879883, 168.958312988, 645.111755371, 6.86018753052], [-3779.25415039, 2444.25952148, -8.72663211823, -52.5890426636, 652.810668945, -249.701019287, 244.556213379, -250.050003052, 250.494918823, -312.070220947, -11.5287971497, -273.40222168, 33.5901298523], [-829.760986328, -8.72663211823, 698.905822754, 80.7442932129, 144.061721802, 26.2160892487, -52.8498840332, 16.755241394, 22.7954063416, -37.2461700439, -137.82661438, -16.5165462494, -52.0478477478], [-323.788421631, -52.5890426636, 80.7442932129, 270.335327148, 104.357345581, 31.5516872406, -50.2596435547, -89.6157455444, 12.0857505798, 24.4867916107, -26.0403347015, -26.6992912292, -51.3985023499], [-2181.21313477, 652.810668945, 144.061721802, 104.357345581, 543.693847656, -62.7168006897, 83.5660171509, -190.092819214, 100.540565491, -33.9182052612, -44.1751022339, -175.787796021, -58.3662261963], [363.908843994, -249.701019287, 26.2160892487, 31.5516872406, -62.7168006897, 161.613128662, -12.0950756073, 40.3070793152, -51.6916465759, -31.7865333557, -30.5254249573, 15.8128089905, -13.7307920456], [-730.475769043, 244.556213379, -52.8498840332, -50.2596435547, 83.5660171509, -12.0950756073, 167.974029541, 25.4096336365, 8.72823905945, -100.100296021, -3.06744122505, -14.1346187592, 29.9455661774], [560.472900391, -250.050003052, 16.755241394, -89.6157455444, -190.092819214, 40.3070793152, 25.4096336365, 218.277236938, -48.5930557251, -69.329826355, -16.7088260651, 102.00226593, 59.5450973511], [-480.436248779, 250.494918823, 22.7954063416, 12.0857505798, 100.540565491, -51.6916465759, 8.72823905945, -48.5930557251, 85.2441558838, -6.40895223618, -18.1697978973, -57.6581535339, -9.00667476654], [526.301879883, -312.070220947, -37.2461700439, 24.4867916107, -33.9182052612, -31.7865333557, -100.100296021, -69.329826355, -6.40895223618, 215.740310669, 54.5852088928, -8.37296867371, -47.1335716248], [168.958312988, -11.5287971497, -137.82661438, -26.0403347015, -44.1751022339, -30.5254249573, -3.06744122505, -16.7088260651, -18.1697978973, 54.5852088928, 125.891906738, 22.0342559814, -1.49176359177], [645.111755371, -273.40222168, -16.5165462494, -26.6992912292, -175.787796021, 15.8128089905, -14.1346187592, 102.00226593, -57.6581535339, -8.37296867371, 22.0342559814, 171.238800049, 37.1076202393], [6.86018753052, 33.5901298523, -52.0478477478, -51.3985023499, -58.3662261963, -13.7307920456, 29.9455661774, 59.5450973511, -9.00667476654, -47.1335716248, -1.49176359177, 37.1076202393, 111.712600708]],
        "icov": [[0.000451851374237, 0.000254750106251, 0.000458604394225, 0.000383120001061, 0.00125820597168, 2.85420173896e-05, 0.00115098792594, 0.000191793820704, 0.000323334592395, 0.000116668401461, 0.000504719093442, -6.51195341561e-06, 0.00061990582617], [0.000254750106251, 0.00158168259077, 0.000294090452371, 0.000793884508312, -5.80944906687e-05, 0.0012706622947, 0.000812340818811, 0.00129880441818, -0.00147510832176, 0.00278581050225, -0.000746997073293, 0.000550199940335, 9.05549022718e-05], [0.000458604394225, 0.000294090452371, 0.00271859066561, 0.000306069734506, 0.000200405920623, 0.000337790697813, 0.00248819030821, -0.000844527909067, 0.000568861258216, 0.000412863533711, 0.00256953178905, -0.000542764551938, 0.00165489921346], [0.000383120001061, 0.000793884508312, 0.000306069734506, 0.00582600804046, -0.000199139554752, -0.000874289427884, 0.00262678880244, 0.0025935403537, -0.000558394240215, 0.00153467885684, 0.000698066956829, -0.00116594368592, 0.00126194150653], [0.00125820597168, -5.80944906687e-05, 0.000200405920623, -0.000199139554752, 0.00880648009479, 0.000228641802096, 0.000166506390087, 0.00276315840892, 0.000469484919449, -0.000660441350192, 0.00204325909726, 0.00192881573457, 0.00219948962331], [2.85420173896e-05, 0.0012706622947, 0.000337790697813, -0.000874289427884, 0.000228641802096, 0.011204876937, 0.00102370860986, 7.09833238943e-06, 0.00545856170356, 0.00441120378673, 0.00155217526481, 0.00250073662028, 0.00208108639345], [0.00115098792594, 0.000812340818811, 0.00248819030821, 0.00262678880244, 0.000166506390087, 0.00102370860986, 0.014289714396, -0.00114961608779, 0.00209060846828, 0.00522217992693, 0.000322759151459, 0.000172673986526, 0.00136684498284], [0.000191793820704, 0.00129880441818, -0.000844527909067, 0.0025935403537, 0.00276315840892, 7.09833238943e-06, -0.00114961608779, 0.0121208084747, -0.000532026810106, 0.0041209035553, 0.000572843302507, -0.00246910005808, -0.00178684096318], [0.000323334592395, -0.00147510832176, 0.000568861258216, -0.000558394240215, 0.000469484919449, 0.00545856170356, 0.00209060846828, -0.000532026810106, 0.0237541887909, -0.00112514267676, 0.00464992551133, 0.00393218407407, 0.00126756285317], [0.000116668401461, 0.00278581050225, 0.000412863533711, 0.00153467885684, -0.000660441350192, 0.00441120378673, 0.00522217992693, 0.0041209035553, -0.00112514267676, 0.0140638574958, -0.00413880450651, 0.00160623306874, 0.00190866808407], [0.000504719093442, -0.000746997073293, 0.00256953178905, 0.000698066956829, 0.00204325909726, 0.00155217526481, 0.000322759151459, 0.000572843302507, 0.00464992551133, -0.00413880450651, 0.0141733326018, -0.00200517848134, 0.00206240429543], [-6.51195341561e-06, 0.000550199940335, -0.000542764551938, -0.00116594368592, 0.00192881573457, 0.00250073662028, 0.000172673986526, -0.00246910005808, 0.00393218407407, 0.00160623306874, -0.00200517848134, 0.011681098491, -0.00128161848988], [0.00061990582617, 9.05549022718e-05, 0.00165489921346, 0.00126194150653, 0.00219948962331, 0.00208108639345, 0.00136684498284, -0.00178684096318, 0.00126756285317, 0.00190866808407, 0.00206240429543, -0.00128161848988, 0.0135896243155]]
    },
    "melbands": {
        "dmean": [1.03524753214e-08, 4.59433181277e-07, 1.93198184206e-06, 2.95527047456e-06, 5.35714207217e-05, 0.000175691966433, 2.89714680548e-05, 9.30332826101e-05, 0.000129391410155, 6.20580685791e-05, 0.000176079396624, 0.000135787515319, 8.69460200192e-05, 7.01977260178e-05, 2.01744333026e-05, 3.42325947713e-05, 4.95669737575e-05, 5.60365733691e-05, 1.17138888527e-05, 1.27745079226e-05, 7.08710467734e-06, 9.70895780483e-06, 9.07611138246e-06, 3.68975124729e-05, 2.72315992333e-05, 2.23231036216e-05, 6.77429125062e-06, 8.87645637704e-06, 1.13565938591e-05, 2.81148641079e-05, 2.75856909866e-05, 7.37355367164e-06, 8.36712661112e-06, 1.53341188707e-05, 1.09657321445e-05, 6.04960723649e-06, 1.00334264062e-05, 3.97789835915e-06, 1.32228944949e-06, 1.10783400942e-06],
        "dmean2": [1.85950366216e-08, 6.72487260545e-07, 2.61598029283e-06, 4.79868731418e-06, 8.57717168401e-05, 0.000281874090433, 4.5721513743e-05, 0.000162623822689, 0.000229757235502, 0.000109436135972, 0.000294484052574, 0.000232990889344, 0.000144582430949, 0.000120768709166, 3.44670515915e-05, 5.92303986195e-05, 7.17935399734e-05, 7.91180500528e-05, 1.85079807125e-05, 2.25273888645e-05, 1.23677345982e-05, 1.76020766958e-05, 1.47818009282e-05, 6.6502194386e-05, 4.7726520279e-05, 3.55719312211e-05, 1.18196130643e-05, 1.62582018675e-05, 2.11023489101e-05, 5.01023932884e-05, 4.91080572829e-05, 1.31928045448e-05, 1.57361464517e-05, 2.90388707072e-05, 2.04016032512e-05, 1.11406261567e-05, 1.88971789612e-05, 7.26067037249e-06, 2.40841222876e-06, 2.06935965252e-06],
        "dvar": [7.83493141293e-16, 2.60735183444e-12, 2.92714463779e-11, 7.2509991067e-11, 1.37378632914e-08, 1.22698651239e-07, 2.91338686509e-09, 3.05070919637e-08, 6.4573377756e-08, 5.46169545146e-08, 2.42472765422e-07, 1.08731590842e-07, 3.9592986667e-08, 7.32626048716e-08, 6.49891074289e-09, 4.7188692065e-08, 5.56400152618e-08, 5.98791629614e-08, 1.53706092298e-09, 9.56125956186e-10, 4.99257690745e-10, 1.2500835922e-09, 3.91384064047e-10, 1.27096120295e-08, 5.61055202297e-09, 9.57171497618e-09, 2.60676230601e-10, 3.12008835435e-10, 7.47446993188e-10, 3.92476673383e-09, 4.27826751803e-09, 1.688322121e-10, 3.85209197873e-10, 1.40620837197e-09, 5.76876546532e-10, 1.45679884822e-10, 4.85577356102e-10, 5.90432633341e-11, 6.12213361603e-12, 4.81418377385e-12],
        "dvar2": [2.35218974222e-15, 4.59007354695e-12, 6.04588878961e-11, 1.7735539426e-10, 3.16024220126e-08, 2.63500425035e-07, 8.05268740578e-09, 8.2993572903e-08, 1.73888238919e-07, 1.64271568792e-07, 5.22090545019e-07, 2.82588445089e-07, 1.01842246636e-07, 2.0883732077e-07, 1.64215503418e-08, 1.24598031448e-07, 1.05573256803e-07, 1.2706060204e-07, 3.29243832198e-09, 2.76210121442e-09, 1.48523804366e-09, 3.53174733903e-09, 8.58839388496e-10, 3.55439588873e-08, 1.58170436748e-08, 2.30642402954e-08, 6.81729284135e-10, 8.9408958015e-10, 2.30906804788e-09, 1.01049018042e-08, 9.91582016496e-09, 4.93149465708e-10, 1.19619392169e-09, 4.32258140393e-09, 1.67619029767e-09, 4.28109325767e-10, 1.37985523008e-09, 1.63643126827e-10, 1.66409507701e-11, 1.36496300374e-11],
        "max": [4.12146448525e-07, 2.54308924923e-05, 8.44178721309e-05, 0.000141166936373, 0.00144387490582, 0.00513588963076, 0.000701056793332, 0.00120381603483, 0.00179084960837, 0.00362833240069, 0.00659843580797, 0.00369263463654, 0.0019133441383, 0.00315527128987, 0.0012287653517, 0.0035429475829, 0.0037663213443, 0.00376974744722, 0.000549520656932, 0.000350378686562, 0.000243699832936, 0.000395084003685, 0.000236478081206, 0.00107486639172, 0.000930204871111, 0.00127201224677, 0.000156804817379, 9.96631060843e-05, 0.000201914677746, 0.000637041928712, 0.000783871102612, 8.43384041218e-05, 0.000164606128237, 0.000275682396023, 0.000180364950211, 8.47352785058e-05, 0.000136944785481, 4.91331629746e-05, 1.58746443049e-05, 1.3331127775e-05],
        "mean": [1.13572209415e-08, 6.95531753081e-07, 4.71537669e-06, 5.25113000549e-06, 7.51060579205e-05, 0.000259764114162, 3.77404649043e-05, 8.66310147103e-05, 0.00011607772467, 7.29070816305e-05, 0.000199324727873, 0.000142058852362, 9.95571826934e-05, 6.84222541167e-05, 1.86202669283e-05, 2.77076378552e-05, 6.48555724183e-05, 7.16684371582e-05, 1.40995289257e-05, 1.41340597111e-05, 8.81734104041e-06, 8.84179917193e-06, 1.01775731309e-05, 2.91747510346e-05, 2.65092694463e-05, 2.32898491959e-05, 6.23825280854e-06, 6.83189000483e-06, 8.22395304567e-06, 2.13117655221e-05, 2.21167592827e-05, 5.97441885475e-06, 6.0559141275e-06, 1.02067124317e-05, 7.7778895502e-06, 4.03091144108e-06, 6.61150534143e-06, 2.7516184673e-06, 9.42648512137e-07, 6.98064241078e-07],
        "median": [5.59901991437e-09, 2.13717910924e-07, 6.21459378181e-07, 1.3535167227e-06, 1.77761467057e-05, 6.29217829555e-05, 1.40537022162e-05, 1.6981135559e-05, 1.92717852769e-05, 1.34687334139e-05, 4.01993602281e-05, 3.87878317269e-05, 1.46711345224e-05, 4.85209011458e-06, 2.77049048236e-06, 2.70606642516e-06, 1.87933699181e-06, 1.53799339841e-06, 1.59136129696e-06, 1.84548355264e-06, 7.7332941828e-07, 1.14265014872e-06, 1.96377686734e-06, 4.06387152907e-06, 2.58936802311e-06, 1.17749232231e-06, 6.8191934588e-07, 8.80363131728e-07, 7.82163624535e-07, 1.01494072169e-06, 1.3182540215e-06, 7.47990839045e-07, 4.81173344724e-07, 6.10304425663e-07, 3.16282978474e-07, 2.28447547101e-07, 1.85715705925e-07, 8.34156494989e-08, 3.21604503029e-08, 1.44345815301e-08],
        "min": [2.99636454537e-10, 3.05696690184e-09, 4.9607655761e-09, 1.09385052127e-08, 3.59615270895e-08, 3.48166011577e-08, 1.09333564424e-08, 1.24196670725e-08, 2.01707415215e-08, 1.33671242963e-08, 7.2475958568e-09, 2.70518807355e-09, 1.84937565262e-09, 2.81672685176e-09, 2.23906804209e-09, 6.09793493478e-10, 1.24501065013e-09, 3.09890846317e-09, 1.75778525069e-09, 5.50543999278e-10, 7.75199404668e-10, 5.90129722866e-10, 4.72260064388e-10, 3.6499714362e-10, 2.06990175e-10, 4.20280726887e-10, 1.66310090699e-10, 1.15236098441e-10, 1.5522437502e-10, 1.28320951087e-10, 1.66043234717e-10, 1.00644104162e-10, 4.7399230374e-11, 2.93883389846e-11, 2.10084952906e-11, 1.06604577596e-11, 6.82002197772e-12, 3.87820765085e-12, 3.00563502038e-12, 2.43812890884e-12],
        "var": [5.88307845246e-16, 5.45676177854e-12, 1.3014339606e-10, 2.16064874325e-10, 3.42060602065e-08, 3.73509180918e-07, 3.4102101143e-09, 2.88173875873e-08, 5.79795198519e-08, 6.51713847333e-08, 3.64184671753e-07, 1.10659200914e-07, 5.9478260539e-08, 7.91574734649e-08, 5.54980061906e-09, 3.3480599626e-08, 9.997683037e-08, 1.10643021856e-07, 2.43557285451e-09, 1.15767551101e-09, 6.13055883836e-10, 1.06677100487e-09, 6.18964546284e-10, 8.98092888946e-09, 5.97873572872e-09, 1.27938903915e-08, 2.55544613248e-10, 2.44608583388e-10, 5.15176623583e-10, 3.95967969524e-09, 4.53499016118e-09, 1.53942816827e-10, 3.06147690532e-10, 9.27451060395e-10, 4.28628937899e-10, 9.68861171846e-11, 3.08510161862e-10, 4.46932421627e-11, 4.99620223665e-12, 3.06417760089e-12]
    },
    "mfcc": {
        "mean": [-741.59588623, 54.0146331787, -35.3015136719, -17.0883960724, -52.4485397339, -25.3597393036, -29.3579673767, -6.56690454483, -19.427614212, -13.8849210739, -13.7674446106, -10.3326301575, -17.1429252625],
        "cov": [[12421.2216797, -2627.83056641, -451.418151855, -812.658203125, -1452.26074219, -571.229370117, -508.959686279, -148.074676514, -443.718353271, -237.165649414, -328.803497314, 314.488739014, 329.462524414], [-2627.83056641, 1664.70593262, -172.706878662, 166.833892822, 184.82875061, 39.0656852722, -23.4204120636, 63.2565994263, 15.1218910217, 92.9407577515, 58.0740127563, -274.018890381, -92.2689819336], [-451.418151855, -172.706878662, 491.184051514, -8.98911762238, 181.001022339, -22.7718372345, 10.4743232727, 34.4576148987, 94.7665100098, -16.1457691193, -46.8349990845, 49.5156593323, 0.603888750076], [-812.658203125, 166.833892822, -8.98911762238, 243.404403687, 162.905166626, 135.547348022, -28.6538505554, -45.362449646, -4.80885314941, 17.038936615, 34.3708229065, -12.3115978241, 5.97963380814], [-1452.26074219, 184.82875061, 181.001022339, 162.905166626, 395.974121094, 154.909667969, 31.2890949249, -43.63438797, 35.9001083374, 59.4412574768, 63.4883880615, -47.4692192078, -52.116973877], [-571.229370117, 39.0656852722, -22.7718372345, 135.547348022, 154.909667969, 219.421676636, 9.42283725739, -63.4908714294, -49.8731918335, 43.1511383057, 57.3318901062, -21.0511074066, -38.1446647644], [-508.959686279, -23.4204120636, 10.4743232727, -28.6538505554, 31.2890949249, 9.42283725739, 152.335296631, 46.5988807678, 30.9433574677, 6.15359115601, 24.5704936981, 4.71752405167, -54.209197998], [-148.074676514, 63.2565994263, 34.4576148987, -45.362449646, -43.63438797, -63.4908714294, 46.5988807678, 225.112121582, 105.350799561, -74.8414306641, -112.291481018, 18.5615215302, 64.591178894], [-443.718353271, 15.1218910217, 94.7665100098, -4.80885314941, 35.9001083374, -49.8731918335, 30.9433574677, 105.350799561, 181.443664551, -36.8017311096, -69.5319137573, 0.569444060326, 23.754732132], [-237.165649414, 92.9407577515, -16.1457691193, 17.038936615, 59.4412574768, 43.1511383057, 6.15359115601, -74.8414306641, -36.8017311096, 146.755447388, 49.0417976379, -97.0438537598, -58.3234519958], [-328.803497314, 58.0740127563, -46.8349990845, 34.3708229065, 63.4883880615, 57.3318901062, 24.5704936981, -112.291481018, -69.5319137573, 49.0417976379, 227.040237427, -9.05024242401, -143.636077881], [314.488739014, -274.018890381, 49.5156593323, -12.3115978241, -47.4692192078, -21.0511074066, 4.71752405167, 18.5615215302, 0.569444060326, -97.0438537598, -9.05024242401, 214.569641113, 58.6360054016], [329.462524414, -92.2689819336, 0.603888750076, 5.97963380814, -52.116973877, -38.1446647644, -54.209197998, 64.591178894, 23.754732132, -58.3234519958, -143.636077881, 58.6360054016, 269.151885986]],
