{
"lowlevel": {
    "average_loudness": 0.959351956844,
    "barkbands_crest": {
        "dmean": 3.10569643974,
        "dmean2": 5.24380683899,
        "dvar": 8.20434379578,
        "dvar2": 19.0732212067,
        "max": 26.0906448364,
        "mean": 11.1773548126,
        "median": 9.52514266968,
        "min": 4.01202058792,
        "var": 27.4428024292
    },
    "barkbands_flatness_db": {
        "dmean": 0.0380265526474,
        "dmean2": 0.0586461164057,
        "dvar": 0.00153236754704,
        "dvar2": 0.00288939522579,
        "max": 0.368353247643,
        "mean": 0.190518721938,
        "median": 0.1740629673,
        "min": 0.0648393854499,
        "var": 0.00377784715965
    },
    "barkbands_kurtosis": {
        "dmean": 5.87620782852,
        "dmean2": 9.64489459991,
        "dvar": 153.467727661,
        "dvar2": 402.318969727,
        "max": 132.703796387,
        "mean": 8.75006389618,
        "median": 5.87374401093,
        "min": -1.36190545559,
        "var": 195.25982666
    },
    "barkbands_skewness": {
        "dmean": 0.612240970135,
        "dmean2": 1.00868046284,
        "dvar": 0.261177033186,
        "dvar2": 0.783982336521,
        "max": 3.85014820099,
        "mean": 1.38889765739,
        "median": 1.38799977303,
        "min": -0.420036375523,
        "var": 0.897321283817
    },
    "barkbands_spread": {
        "dmean": 4.21368551254,
        "dmean2": 6.89496421814,
        "dvar": 20.9191055298,
        "dvar2": 47.5584144592,
        "max": 36.6119155884,
        "mean": 10.9022531509,
        "median": 9.27424240112,
        "min": 0.478489339352,
        "var": 43.9504318237
    },
    "dissonance": {
        "dmean": 0.0513210967183,
        "dmean2": 0.0911281257868,
        "dvar": 0.00211661728099,
        "dvar2": 0.00650244764984,
        "max": 0.499864578247,
        "mean": 0.44312748313,
        "median": 0.459598124027,
        "min": 0.247208505869,
        "var": 0.00266816141084
    },
    "dynamic_complexity": 6.22715711594,
    "erbbands_crest": {
        "dmean": 3.50769329071,
        "dmean2": 5.95269966125,
        "dvar": 13.2403860092,
        "dvar2": 30.2767276764,
        "max": 32.2531929016,
        "mean": 13.6311006546,
        "median": 11.9000530243,
        "min": 4.51244258881,
        "var": 45.2747917175
    },
    "erbbands_flatness_db": {
        "dmean": 0.0381490811706,
        "dmean2": 0.0572991110384,
        "dvar": 0.00138779205736,
        "dvar2": 0.00262260646559,
        "max": 0.438799887896,
        "mean": 0.254211604595,
        "median": 0.241571828723,
        "min": 0.138758152723,
        "var": 0.00417432608083
    },
    "erbbands_kurtosis": {
        "dmean": 4.14304208755,
        "dmean2": 6.75217247009,
        "dvar": 56.8323860168,
        "dvar2": 141.873901367,
        "max": 76.6641082764,
        "mean": 5.14318704605,
        "median": 2.06712865829,
        "min": -1.39532589912,
        "var": 95.9800567627
    },
    "erbbands_skewness": {
        "dmean": 0.624082744122,
        "dmean2": 0.988630533218,
        "dvar": 0.389354199171,
        "dvar2": 1.01998972893,
        "max": 5.3792424202,
        "mean": 0.913782835007,
        "median": 0.822268009186,
        "min": -0.642940878868,
        "var": 0.905084729195
    },
    "erbbands_spread": {
        "dmean": 6.03614330292,
        "dmean2": 10.4414634705,
        "dvar": 55.5500411987,
        "dvar2": 126.725975037,
        "max": 50.4151077271,
        "mean": 15.4644432068,
        "median": 13.2649230957,
        "min": 0.831825375557,
        "var": 100.430351257
    },
    "hfc": {
        "dmean": 6.16891527176,
        "dmean2": 9.8492937088,
        "dvar": 763.140136719,
        "dvar2": 2005.10632324,
        "max": 243.114257812,
        "mean": 5.15232372284,
        "median": 0.333255857229,
        "min": 0.034210935235,
        "var": 581.060546875
    },
    "melbands_crest": {
        "dmean": 3.6024017334,
        "dmean2": 5.63587188721,
        "dvar": 13.2430877686,
        "dvar2": 29.2685050964,
        "max": 31.610824585,
        "mean": 12.8440580368,
        "median": 10.9030799866,
        "min": 4.38079166412,
        "var": 39.6315612793
    },
    "melbands_flatness_db": {
        "dmean": 0.0376536548138,
        "dmean2": 0.0574971660972,
        "dvar": 0.00148107530549,
        "dvar2": 0.00309751764871,
        "max": 0.418938934803,
        "mean": 0.2466109097,
        "median": 0.245628714561,
        "min": 0.0698352307081,
        "var": 0.00415480835363
    },
    "melbands_kurtosis": {
        "dmean": 4.25581026077,
        "dmean2": 6.97850179672,
        "dvar": 35.7872085571,
        "dvar2": 85.6708145142,
        "max": 51.3910179138,
        "mean": 4.6995306015,
        "median": 2.78045868874,
        "min": -0.705806732178,
        "var": 46.7379608154
    },
    "melbands_skewness": {
        "dmean": 0.667798936367,
        "dmean2": 1.14592909813,
        "dvar": 0.355316072702,
        "dvar2": 0.798775136471,
        "max": 3.90005636215,
        "mean": 0.780596792698,
        "median": 0.729049086571,
        "min": -1.72260904312,
        "var": 1.09092223644
    },
    "melbands_spread": {
        "dmean": 6.12631607056,
        "dmean2": 10.3403263092,
        "dvar": 57.6327514648,
        "dvar2": 149.510513306,
        "max": 65.2220916748,
        "mean": 15.938709259,
        "median": 12.1835327148,
        "min": 0.965926229954,
        "var": 136.315383911
    },
    "pitch_salience": {
        "dmean": 0.100963428617,
        "dmean2": 0.159438356757,
        "dvar": 0.00721553340554,
        "dvar2": 0.0176485534757,
        "max": 0.881598412991,
        "mean": 0.566160023212,
        "median": 0.5968105793,
        "min": 0.179048776627,
        "var": 0.0228834617883
    },
    "silence_rate_20dB": {
        "dmean": 0,
        "dmean2": 0,
        "dvar": 0,
        "dvar2": 0,
        "max": 1,
        "mean": 1,
        "median": 1,
        "min": 1,
        "var": 0
    },
    "silence_rate_30dB": {
        "dmean": 0.0155038759112,
        "dmean2": 0.03125,
        "dvar": 0.01526350528,
        "dvar2": 0.0458984375,
        "max": 1,
        "mean": 0.992307662964,
        "median": 1,
        "min": 0,
        "var": 0.00763313611969
    },
    "silence_rate_60dB": {
        "dmean": 0.0542635656893,
        "dmean2": 0.1015625,
        "dvar": 0.0513190291822,
        "dvar2": 0.106872558594,
        "max": 1,
        "mean": 0.853846132755,
        "median": 1,
        "min": 0,
        "var": 0.124792978168
    },
    "spectral_centroid": {
        "dmean": 227.585998535,
        "dmean2": 389.017211914,
        "dvar": 102997.34375,
        "dvar2": 267704.90625,
        "max": 3427.4753418,
        "mean": 1136.02929688,
        "median": 872.036132812,
        "min": 538.333679199,
        "var": 373338.03125
    },
    "spectral_complexity": {
        "dmean": 1.86821711063,
        "dmean2": 2.84375,
        "dvar": 6.82759475708,
        "dvar2": 15.5068359375,
        "max": 20,
        "mean": 2.74615383148,
        "median": 1,
        "min": 0,
        "var": 15.0047950745
    },
    "spectral_decrease": {
        "dmean": 1.44765188725e-09,
        "dmean2": 2.43104514297e-09,
        "dvar": 4.45701987051e-17,
        "dvar2": 1.22247765415e-16,
        "max": -7.13423374196e-12,
        "mean": -1.11588271956e-09,
        "median": -9.07155323082e-11,
        "min": -5.88907198562e-08,
        "var": 3.04276204571e-17
    },
    "spectral_energy": {
        "dmean": 0.00602046353742,
        "dmean2": 0.0100664356723,
        "dvar": 0.000766294891946,
        "dvar2": 0.00209419778548,
        "max": 0.244318127632,
        "mean": 0.00467892223969,
        "median": 0.000373456103262,
        "min": 3.00293213513e-05,
        "var": 0.000528160773683
    },
    "spectral_energyband_high": {
        "dmean": 8.65878828336e-05,
        "dmean2": 0.000155564499437,
        "dvar": 1.71218275113e-07,
        "dvar2": 4.83986411837e-07,
        "max": 0.00359718734398,
        "mean": 6.06228095421e-05,
        "median": 2.0102174858e-06,
        "min": 8.32736418488e-07,
        "var": 1.06391446764e-07
    },
    "spectral_energyband_low": {
        "dmean": 3.11779899675e-06,
        "dmean2": 5.33354250365e-06,
        "dvar": 1.6612822229e-11,
        "dvar2": 4.5441157781e-11,
        "max": 3.15806901199e-05,
        "mean": 4.12440476794e-06,
        "median": 2.76126775134e-06,
        "min": 2.65498528051e-07,
        "var": 1.98070344848e-11
    },
    "spectral_energyband_middle_high": {
        "dmean": 0.00297446385957,
        "dmean2": 0.00471569644287,
        "dvar": 0.000143889410538,
        "dvar2": 0.000373433809727,
        "max": 0.0972917750478,
        "mean": 0.00240795058198,
        "median": 0.000157231930643,
        "min": 6.48349305266e-06,
        "var": 0.0001138114676
    },
    "spectral_energyband_middle_low": {
        "dmean": 0.00366003718227,
        "dmean2": 0.00659213541076,
        "dvar": 0.000324592750985,
        "dvar2": 0.00093347101938,
        "max": 0.153965115547,
        "mean": 0.00235487543978,
        "median": 0.000132516404847,
        "min": 2.04214211408e-05,
        "var": 0.000194912398001
    },
    "spectral_entropy": {
        "dmean": 0.308042377234,
        "dmean2": 0.462267845869,
        "dvar": 0.110472880304,
        "dvar2": 0.213180884719,
        "max": 8.13712692261,
        "mean": 6.93350076675,
        "median": 6.99263763428,
        "min": 5.56326913834,
        "var": 0.220872268081
    },
    "spectral_flux": {
        "dmean": 0.0187624450773,
        "dmean2": 0.0268292166293,
        "dvar": 0.00188630516641,
        "dvar2": 0.00399040849879,
        "max": 0.429884165525,
        "mean": 0.0320450738072,
        "median": 0.0147697944194,
        "min": 0.00371736381203,
        "var": 0.00326229562052
    },
    "spectral_kurtosis": {
        "dmean": 4.6962351799,
        "dmean2": 7.52060222626,
        "dvar": 17.8859500885,
        "dvar2": 47.9305114746,
        "max": 40.3213005066,
        "mean": 14.134185791,
        "median": 14.1169090271,
        "min": 0.497123003006,
        "var": 49.158531189
    },
    "spectral_rms": {
        "dmean": 0.000713693210855,
        "dmean2": 0.00107056461275,
        "dvar": 2.49761410487e-06,
        "dvar2": 5.9098233578e-06,
        "max": 0.0154388844967,
        "mean": 0.00114127376582,
        "median": 0.000603606575169,
        "min": 0.000171163366758,
        "var": 3.26229678649e-06
    },
    "spectral_rolloff": {
        "dmean": 338.521911621,
        "dmean2": 610.836303711,
        "dvar": 474202.78125,
        "dvar2": 1193950,
        "max": 5318.70117188,
        "mean": 1345.82507324,
        "median": 1001.29394531,
        "min": 581.396484375,
        "var": 826191.4375
    },
    "spectral_skewness": {
        "dmean": 0.460117816925,
        "dmean2": 0.760618209839,
        "dvar": 0.185537993908,
        "dvar2": 0.460848420858,
        "max": 4.86000108719,
        "mean": 2.52869915962,
        "median": 2.68852710724,
        "min": 0.462984621525,
        "var": 0.613288760185
    },
    "spectral_spread": {
        "dmean": 604006.4375,
        "dmean2": 891786.1875,
        "dvar": 1.53469203251e+12,
        "dvar2": 1.82897737728e+12,
        "max": 15265124,
        "mean": 3049332.75,
        "median": 2970394.75,
        "min": 1233420.5,
        "var": 1.68992374784e+12
    },
    "spectral_strongpeak": {
        "dmean": 0.416259020567,
        "dmean2": 0.591200470924,
        "dvar": 1.09862542152,
        "dvar2": 2.22786998749,
        "max": 8.77253055573,
        "mean": 0.61165112257,
        "median": 0.25415033102,
        "min": 0.00532740820199,
        "var": 1.69951224327
    },
    "zerocrossingrate": {
        "dmean": 0.0100040882826,
        "dmean2": 0.0130996704102,
        "dvar": 7.95287487563e-05,
        "dvar2": 0.000141893222462,
        "max": 0.1298828125,
        "mean": 0.0667668282986,
        "median": 0.064697265625,
        "min": 0.0361328125,
        "var": 0.000426441110903
    },
    "barkbands": {
        "dmean": [5.77397329948e-08, 4.27005943493e-07, 2.13068778976e-06, 2.39261430579e-06, 2.7516780392e-05, 0.00125056598336, 5.47907984583e-05, 0.00191359990276, 0.000150257430505, 0.000741445575841, 0.000130512489704, 4.27096201747e-05, 0.00159313157201, 5.20839785167e-05, 4.36045502283e-06, 6.71999259794e-06, 4.26638962381e-06, 0.000569167081267, 9.81076573225e-06, 2.08642813959e-05, 1.74961405719e-05, 2.31505509873e-05, 1.62168234965e-05, 1.01194082163e-05, 6.94718607974e-07, 3.46202142509e-07, 2.12076884054e-07],
        "dmean2": [6.16826341115e-08, 6.94096343068e-07, 3.66308404409e-06, 4.16108923673e-06, 5.15477549925e-05, 0.0020836321637, 9.70409455476e-05, 0.00372071308084, 0.000245093135163, 0.00125044118613, 0.000239062253968, 6.87745559844e-05, 0.00253700837493, 9.05115375645e-05, 7.44644421502e-06, 1.15438306239e-05, 7.66235370975e-06, 0.000948418863118, 1.58214661496e-05, 3.69005065295e-05, 3.12797928927e-05, 4.26736442023e-05, 2.84342986561e-05, 1.85165226867e-05, 1.31738761411e-06, 6.55664223359e-07, 3.62259896747e-07],
        "dvar": [3.49672846017e-13, 1.18465588901e-12, 5.62264687934e-12, 1.11790949761e-11, 1.12509104255e-08, 3.37239798682e-05, 4.46317898195e-08, 0.000109575827082, 2.51036084364e-07, 7.86609780334e-06, 1.78218996894e-07, 2.23973781743e-08, 5.6073316955e-05, 4.79710315915e-08, 1.85700135824e-10, 3.38580191661e-10, 2.27494356686e-10, 1.17967347251e-05, 9.90971971149e-10, 6.48596731878e-09, 4.75219508189e-09, 1.39048808023e-08, 8.68742322524e-09, 3.50830187124e-09, 1.3676927646e-11, 4.36556997149e-12, 1.49336719748e-13],
        "dvar2": [3.53538270707e-13, 1.47633945e-12, 1.51082132915e-11, 3.16721787685e-11, 3.29794289655e-08, 9.19477461139e-05, 1.27201914779e-07, 0.000324090098729, 6.26950566129e-07, 2.19399116759e-05, 5.11405119141e-07, 5.14381675032e-08, 0.000149353174493, 1.37867914418e-07, 5.25083754255e-10, 9.30290511292e-10, 6.73935962592e-10, 3.1863557524e-05, 2.18514850658e-09, 1.81575536828e-08, 1.34097648541e-08, 3.96507395806e-08, 2.36317205804e-08, 1.00632204791e-08, 3.99196405099e-11, 1.2884481676e-11, 3.81656403529e-13],
        "max": [6.77058960719e-06, 1.2103759218e-05, 1.92478582903e-05, 2.36460291489e-05, 0.000921053462662, 0.0520917363465, 0.00185919739306, 0.0854210481048, 0.00377584947273, 0.0236258041114, 0.00345058063976, 0.00156188628171, 0.0598993077874, 0.00168907828629, 8.71992015163e-05, 0.000130476808408, 0.000102714067907, 0.0313652567565, 0.000271415425232, 0.000649241730571, 0.000536749023013, 0.0010089824209, 0.000855776306707, 0.000511594116688, 3.0606155633e-05, 1.72434956767e-05, 3.5638290683e-06],
        "mean": [6.82104541738e-08, 4.36714145735e-07, 2.46348190558e-06, 2.63124456978e-06, 2.75761321973e-05, 0.000887060014065, 4.77855792269e-05, 0.00104836316314, 0.000134951988002, 0.00051239237655, 9.28475274122e-05, 6.97143113939e-05, 0.00128335633781, 3.71565474779e-05, 3.48447474607e-06, 5.42305360796e-06, 3.49693232238e-06, 0.000447363127023, 1.09238608275e-05, 1.55554043886e-05, 1.22076489788e-05, 1.49263123603e-05, 1.0899389963e-05, 6.19878983343e-06, 4.31077609164e-07, 2.04624143407e-07, 8.95860409855e-07],
        "median": [1.43431977406e-08, 2.65439723535e-07, 1.64122661772e-06, 1.65777692018e-06, 1.41961409099e-05, 3.26613080688e-05, 4.45796922577e-06, 3.06348665617e-05, 1.16221181088e-05, 2.90875013889e-05, 7.95791311248e-06, 7.83851646702e-06, 3.32627951138e-06, 4.75380090847e-07, 4.77673211208e-07, 1.1003628515e-06, 4.93786615152e-07, 8.03110651759e-07, 3.99195556611e-07, 3.11196458824e-07, 3.97968619836e-07, 1.47984025034e-07, 7.70414771978e-08, 2.11049737686e-08, 7.46961603681e-09, 1.19835572576e-08, 8.51429149407e-07],
        "min": [7.49258699528e-09, 1.81906099073e-08, 3.49075293116e-08, 2.21425011659e-07, 2.31743820223e-06, 3.27190491589e-06, 4.04926908004e-07, 5.90998809002e-07, 6.7333246534e-07, 1.24887401398e-06, 3.54217263521e-07, 1.66351568964e-07, 1.08172706348e-07, 4.6571511092e-08, 6.2613487728e-08, 8.87859314957e-08, 8.55400159594e-08, 8.75024568359e-08, 4.30628475101e-08, 5.0181721889e-08, 6.86890047064e-08, 4.00912902876e-08, 1.95984473095e-08, 5.79730086159e-09, 4.73269334833e-09, 6.62343335733e-09, 5.8318317997e-07],
        "var": [3.48303281833e-13, 1.1728116308e-12, 7.09252231598e-12, 1.06637016925e-11, 6.8011050125e-09, 2.39913151745e-05, 3.76341873221e-08, 5.83506480325e-05, 2.20351651592e-07, 4.90567799716e-06, 1.10843927814e-07, 4.07911464606e-08, 4.33231143688e-05, 3.04078291435e-08, 1.40925188186e-10, 2.2253690557e-10, 1.3980995528e-10, 8.23967002361e-06, 1.47897361025e-09, 4.29453361761e-09, 2.99927660485e-09, 8.23404722183e-09, 6.0041260852e-09, 2.05036476686e-09, 7.58084220398e-12, 2.3239765147e-12, 1.07018811402e-13]
    },
    "erbbands": {
        "dmean": [5.78614481128e-06, 0.000140297517646, 0.0017882832326, 0.005089817103, 0.0128270797431, 0.124581962824, 2.4429962635, 13.4492778778, 3.44358229637, 12.7456531525, 37.7866592407, 6.22998332977, 21.8384399414, 11.2840652466, 4.06315946579, 3.50472760201, 75.241065979, 17.9641838074, 0.738817214966, 0.277027845383, 0.406398624182, 2.41928291321, 38.1797027588, 4.45783662796, 0.418461501598, 0.98742377758, 1.09222054482, 0.749796688557, 1.03409254551, 0.195858046412, 0.636342287064, 0.311595976353, 0.0940758734941, 0.015106103383, 0.00389188015833, 0.0023602147121, 0.000393987924326, 0.000130853222799, 1.36102362376e-05, 9.83774043561e-06],
        "dmean2": [7.96702261141e-06, 0.000242640584474, 0.00310702202842, 0.00852812733501, 0.0232567116618, 0.218049779534, 4.11797952652, 22.5995407104, 5.51343297958, 24.2999343872, 73.6058120728, 10.8957986832, 36.2331123352, 19.572675705, 7.10676765442, 5.49411439896, 128.086715698, 26.5611343384, 1.08452534676, 0.468131959438, 0.71244597435, 4.01102638245, 63.6622619629, 7.59018611908, 0.687522232533, 1.78956747055, 1.83835554123, 1.40876889229, 1.91670310497, 0.349090218544, 1.11809098721, 0.561509907246, 0.176826402545, 0.0284734163433, 0.00740904640406, 0.00453410902992, 0.000730235828087, 0.000239424523897, 2.30503374041e-05, 1.75597051566e-05],
        "dvar": [1.25347277002e-09, 6.03258243359e-08, 3.98239399146e-06, 5.58008505323e-05, 0.000325565430103, 0.204758197069, 133.81149292, 3938.16894531, 233.36730957, 4627.55224609, 42826.3398438, 647.291748047, 7004.52929688, 1670.14331055, 122.257324219, 180.04536438, 135113.359375, 6067.63085938, 9.58374500275, 0.512920260429, 1.41515028477, 160.475662231, 55031.53125, 565.705749512, 1.91830766201, 17.0304813385, 18.2970333099, 9.36412906647, 26.0958518982, 0.835505306721, 13.9779882431, 3.31968021393, 0.310012757778, 0.00663252081722, 0.000487984332722, 0.000221790774958, 4.72305100629e-06, 5.17549267443e-07, 2.4356554551e-09, 1.0940771622e-09],
        "dvar2": [1.36561861819e-09, 1.04976940918e-07, 1.13051773951e-05, 0.000171878447873, 0.000951680762228, 0.583953082561, 368.134857178, 10775.0576172, 637.279052734, 13622.4150391, 126782.804688, 1823.52111816, 19382.4277344, 4722.54589844, 340.24520874, 439.835388184, 376880.96875, 12779.2685547, 22.8402900696, 1.34143984318, 3.88896799088, 435.899597168, 148459.484375, 1540.27893066, 4.89235115051, 48.2001342773, 51.3935699463, 26.6887397766, 74.2035217285, 2.29584598541, 38.1083946228, 9.44603252411, 0.898643016815, 0.0192397665232, 0.00143945647869, 0.00065853697015, 1.3776589185e-05, 1.48156163959e-06, 6.19029361104e-09, 3.08245806657e-09],
        "max": [0.00041479151696, 0.0024976071436, 0.0162859130651, 0.0576589033008, 0.168115437031, 4.13484573364, 102.84954071, 560.540649414, 140.349380493, 563.90435791, 1683.85070801, 214.143585205, 693.737121582, 354.298828125, 81.7207183838, 131.076675415, 3036.75537109, 604.973449707, 28.3483486176, 4.96248531342, 8.95448112488, 112.025802612, 2145.88037109, 213.797805786, 8.87484550476, 34.2792510986, 34.371181488, 24.4148979187, 43.4293251038, 8.17522525787, 34.2526321411, 15.8887748718, 4.73705101013, 0.682184636593, 0.181909397244, 0.122522242367, 0.0178514476866, 0.00601974502206, 0.000366000836948, 0.000317954982165],
        "mean": [6.75567434882e-06, 0.000158763636136, 0.00209917966276, 0.00662077497691, 0.0187604371458, 0.128476902843, 1.71991598606, 9.41107368469, 2.73631501198, 7.37318181992, 20.5355472565, 4.51197528839, 15.2403659821, 8.42648696899, 3.52415132523, 3.80829334259, 57.3813095093, 16.7793903351, 0.738377809525, 0.244926914573, 0.371359437704, 2.06380176544, 29.718629837, 3.37489819527, 0.425681114197, 0.713245868683, 0.860455691814, 0.44559276104, 0.686221003532, 0.135181769729, 0.425879538059, 0.195264011621, 0.0548712126911, 0.00926532782614, 0.00233900104649, 0.00132444733754, 0.00025129961432, 9.32055700105e-05, 2.948916881e-05, 2.81583434116e-05],
        "median": [2.66767210633e-06, 0.000109047505248, 0.00145614147186, 0.00481418333948, 0.0134301576763, 0.0616928301752, 0.147418290377, 0.312465429306, 0.147802919149, 0.228986889124, 0.578525900841, 0.343726634979, 0.835209488869, 1.05808389187, 0.604466438293, 0.329927772284, 0.193449884653, 0.146097958088, 0.0395460054278, 0.036562550813, 0.0624465271831, 0.044150583446, 0.0537042543292, 0.0367067493498, 0.015339102596, 0.0180949643254, 0.0261413753033, 0.0113083999604, 0.00591802457348, 0.00338374031708, 0.00198213499971, 0.000615279481281, 0.000272714416496, 9.72791240201e-05, 5.32132580702e-05, 3.48110916093e-05, 2.46036597673e-05, 1.74203614733e-05, 2.16782391362e-05, 2.28966528084e-05],
        "min": [4.90049899327e-07, 7.61368301028e-06, 4.90471211378e-05, 0.000666941341478, 0.00234757596627, 0.00672334898263, 0.0108582237735, 0.0217506065965, 0.0109741892666, 0.0129282549024, 0.0164943039417, 0.0237792134285, 0.0415827296674, 0.0278913788497, 0.0251617413014, 0.0176585800946, 0.0100561026484, 0.00488774990663, 0.00554968602955, 0.00582807417959, 0.0097966697067, 0.00595890916884, 0.0054685967043, 0.00255244248547, 0.00264461687766, 0.00291515304707, 0.00298272422515, 0.0024871150963, 0.00148694554809, 0.000915457261726, 0.000525890907738, 0.000155480884132, 7.84628282418e-05, 4.31966400356e-05, 3.1078900065e-05, 1.75480527105e-05, 1.39143248816e-05, 9.60818306339e-06, 1.32384657263e-05, 1.61045682034e-05],
        "var": [1.30064781168e-09, 6.00918141913e-08, 4.70675286124e-06, 5.53004683752e-05, 0.00038466512342, 0.139043569565, 90.6704559326, 2767.48632812, 183.59286499, 2556.74707031, 22652.7148438, 417.411712646, 4446.13720703, 1063.21472168, 88.0324249268, 200.693511963, 96397.5390625, 6046.70507812, 9.37468910217, 0.453906983137, 0.983430862427, 116.357833862, 38245.5976562, 397.852539062, 1.99402868748, 10.7881650925, 12.1834802628, 5.47613096237, 15.6254043579, 0.563877046108, 9.60335922241, 1.99495661259, 0.174174651504, 0.00372743746266, 0.00026255400735, 0.000116052498925, 2.59395665125e-06, 2.94833625958e-07, 2.00855510002e-09, 8.09889044717e-10]
    },
    "gfcc": {
        "mean": [-240.529647827, 94.4205932617, -145.469833374, -30.9836444855, -72.9170227051, -31.5377025604, -15.3774089813, -22.8889102936, -18.280046463, -22.2579154968, -6.52469873428, -2.52927422523, -7.04420614243],
        "cov": [[5766.43554688, -919.37298584, -1857.23291016, 396.683349609, -1011.90509033, 239.774963379, -569.623779297, 184.841018677, -124.131835938, 282.8074646, 817.631774902, 73.4083023071, -555.653198242], [-919.37298584, 725.895080566, 299.318206787, -417.079986572, 179.620223999, -226.652908325, 95.6314239502, 37.7876777649, 147.781860352, -88.5367736816, -199.127960205, -33.4148178101, 113.481330872], [-1857.23291016, 299.318206787, 887.746948242, -112.279830933, 249.079574585, -59.1924705505, 156.436721802, -25.9369182587, 80.0512084961, -47.1666069031, -349.58505249, 4.64370918274, 218.439987183], [396.683349609, -417.079986572, -112.279830933, 360.246612549, -35.7230644226, 152.694625854, -28.4204673767, -47.220413208, -91.9239578247, 49.7588996887, 154.342147827, 19.216884613, -90.0536117554], [-1011.90509033, 179.620223999, 249.079574585, -35.7230644226, 384.164855957, -31.8499126434, 71.7256698608, -44.1643562317, -1.40855228901, -41.9841308594, -98.6769485474, -18.1799278259, 19.0169048309], [239.774963379, -226.652908325, -59.1924705505, 152.694625854, -31.8499126434, 163.78086853, -0.174520745873, -28.8071575165, -30.9872741699, 2.76933646202, 33.9611854553, -4.55966091156, -17.4334869385], [-569.623779297, 95.6314239502, 156.436721802, -28.4204673767, 71.7256698608, -0.174520745873, 157.043304443, 15.6902923584, 5.45526027679, -61.853717804, -113.904983521, -20.4777107239, 105.588218689], [184.841018677, 37.7876777649, -25.9369182587, -47.220413208, -44.1643562317, -28.8071575165, 15.6902923584, 117.281524658, 44.4755249023, -6.2000002861, -48.7788543701, -8.01310062408, 29.3406276703], [-124.131835938, 147.781860352, 80.0512084961, -91.9239578247, -1.40855228901, -30.9872741699, 5.45526027679, 44.4755249023, 116.381187439, -6.61998987198, -94.3590011597, -20.2486400604, 50.8387565613], [282.8074646, -88.5367736816, -47.1666069031, 49.7588996887, -41.9841308594, 2.76933646202, -61.853717804, -6.2000002861, -6.61998987198, 85.5914764404, 68.3133163452, 9.50323009491, -64.9886322021], [817.631774902, -199.127960205, -349.58505249, 154.342147827, -98.6769485474, 33.9611854553, -113.904983521, -48.7788543701, -94.3590011597, 68.3133163452, 317.782012939, 30.5226383209, -205.762588501], [73.4083023071, -33.4148178101, 4.64370918274, 19.216884613, -18.1799278259, -4.55966091156, -20.4777107239, -8.01310062408, -20.2486400604, 9.50323009491, 30.5226383209, 48.9717292786, -2.67182683945], [-555.653198242, 113.481330872, 218.439987183, -90.0536117554, 19.0169048309, -17.4334869385, 105.588218689, 29.3406276703, 50.8387565613, -64.9886322021, -205.762588501, -2.67182683945, 198.017379761]],
        "icov": [[0.00394143722951, -0.00541162537411, 0.0064742686227, -0.004758275114, 0.00617148680612, -0.00619490630925, 0.00664323428646, -0.00621369294822, 0.00492440676317, -0.0053476030007, 0.0051838690415, -0.0048437314108, 0.00339756626636], [-0.00541162537411, 0.0184265114367, -0.0109939258546, 0.0156209841371, -0.0108586661518, 0.013862753287, -0.0135153150186, 0.0103252585977, -0.0157138332725, 0.0123550174758, -0.012711388059, 0.00772726908326, -0.00358860008419], [0.0064742686227, -0.0109939258546, 0.0141116194427, -0.010380201973, 0.00989055726677, -0.0100746415555, 0.00997532252222, -0.00843053497374, 0.00890423823148, -0.0113519206643, 0.0137785477564, -0.0112983267754, 0.00642665708438], [-0.004758275114, 0.0156209841371, -0.010380201973, 0.0205104406923, -0.0100428042933, 0.00566336372867, -0.012293888256, 0.00768586294726, -0.0109418090433, 0.0074779400602, -0.0148692457005, 0.00667652394623, -0.0047435243614], [0.00617148680612, -0.0108586661518, 0.00989055726677, -0.0100428042933, 0.0146504733711, -0.00946293026209, 0.00961284898221, -0.00816033314914, 0.0099830776453, -0.0073372782208, 0.0125165805221, -0.00812835339457, 0.00983138475567], [-0.00619490630925, 0.013862753287, -0.0100746415555, 0.00566336372867, -0.00946293026209, 0.0246957521886, -0.0128746693954, 0.0136908367276, -0.01280241739, 0.0133407060057, -0.00680451467633, 0.00931617897004, -0.00299891876057], [0.00664323428646, -0.0135153150186, 0.00997532252222, -0.012293888256, 0.00961284898221, -0.0128746693954, 0.0283207520843, -0.0145392054692, 0.0156744867563, -0.00606045592576, 0.00734569644555, -0.000586128327996, -0.00360009842552], [-0.00621369294822, 0.0103252585977, -0.00843053497374, 0.00768586294726, -0.00816033314914, 0.0136908367276, -0.0145392054692, 0.0232425890863, -0.0133488969877, 0.00891672354192, -0.00351352477446, 0.00497053703293, -0.00149048201274], [0.00492440676317, -0.0157138332725, 0.00890423823148, -0.0109418090433, 0.0099830776453, -0.01280241739, 0.0156744867563, -0.0133488969877, 0.0290893241763, -0.0124091282487, 0.0131515255198, -0.00144053983968, 0.00166454841383], [-0.0053476030007, 0.0123550174758, -0.0113519206643, 0.0074779400602, -0.0073372782208, 0.0133407060057, -0.00606045592576, 0.00891672354192, -0.0124091282487, 0.0304080657661, -0.00899928156286, 0.0066921566613, 0.00153147394303], [0.0051838690415, -0.012711388059, 0.0137785477564, -0.0148692457005, 0.0125165805221, -0.00680451467633, 0.00734569644555, -0.00351352477446, 0.0131515255198, -0.00899928156286, 0.0328511111438, -0.017483368516, 0.0222419854254], [-0.0048437314108, 0.00772726908326, -0.0112983267754, 0.00667652394623, -0.00812835339457, 0.00931617897004, -0.000586128327996, 0.00497053703293, -0.00144053983968, 0.0066921566613, -0.017483368516, 0.0379288010299, -0.0164327975363], [0.00339756626636, -0.00358860008419, 0.00642665708438, -0.0047435243614, 0.00983138475567, -0.00299891876057, -0.00360009842552, -0.00149048201274, 0.00166454841383, 0.00153147394303, 0.0222419854254, -0.0164327975363, 0.0312916003168]]
    },
    "melbands": {
        "dmean": [8.08930380458e-08, 6.85031636749e-07, 9.46705313254e-07, 2.51358119385e-06, 7.1235379437e-05, 0.000276767503237, 4.42671735073e-05, 0.000229957266129, 0.000254442740697, 2.76333303191e-05, 0.000113383510325, 5.17163716722e-05, 1.60102408699e-05, 5.75222566113e-06, 3.57849130523e-05, 0.00019800386508, 1.20985660033e-05, 6.40342250335e-07, 3.66800037455e-07, 2.89836236789e-07, 4.87727675136e-07, 1.73076315946e-07, 2.06173208426e-05, 3.08506569127e-05, 7.85818826898e-07, 4.16647282009e-07, 5.58095791803e-08, 8.88363729246e-07, 8.03283001005e-07, 3.8851339923e-07, 4.67531947379e-07, 8.36900028389e-07, 8.54883808188e-08, 9.38510140713e-08, 5.11565986017e-07, 1.36832312592e-07, 1.81190003445e-07, 7.41008747696e-08, 2.11458122124e-08, 1.14500116055e-08],
        "dmean2": [1.22583287521e-07, 1.17509148367e-06, 1.57682279678e-06, 4.40425810666e-06, 0.000120575052279, 0.000462877971586, 6.98476651451e-05, 0.000444031204097, 0.000493137456942, 4.65714983875e-05, 0.000188550373423, 9.0377550805e-05, 2.90050484182e-05, 9.36640662985e-06, 6.8933921284e-05, 0.000312661839416, 1.78680093086e-05, 1.18892342016e-06, 6.22363245384e-07, 5.13019074333e-07, 8.48046624924e-07, 3.04662762574e-07, 3.36902230629e-05, 5.1136881666e-05, 1.41504415296e-06, 6.58776173168e-07, 1.02892009579e-07, 1.61348100391e-06, 1.35578648042e-06, 7.07638946551e-07, 8.85443057541e-07, 1.54085739723e-06, 1.61230332196e-07, 1.63356617122e-07, 8.87265571237e-07, 2.50035725458e-07, 3.29674918476e-07, 1.39778421726e-07, 4.0167620341e-08, 2.14302922075e-08],
        "dvar": [1.12642181823e-13, 5.8516348234e-13, 1.45235364533e-12, 2.6590825028e-11, 1.14328265965e-07, 1.65848928191e-06, 3.67299861637e-08, 1.55461634677e-06, 1.92054062609e-06, 9.36842514676e-09, 1.87292542364e-07, 3.53396139019e-08, 2.13794026926e-09, 3.80092901597e-10, 3.58505651832e-08, 8.50051321777e-07, 4.19401757767e-09, 8.35640844715e-12, 1.22615470294e-12, 4.39161809132e-13, 2.29533276067e-12, 2.36162353779e-13, 1.32941320174e-08, 3.56697285042e-08, 1.24480790259e-11, 2.05947260114e-12, 3.74064521762e-14, 1.39675935748e-11, 8.85938978429e-12, 2.63623172771e-12, 3.93285274139e-12, 1.95384299018e-11, 1.25646834517e-13, 2.02845295357e-13, 8.89382057584e-12, 6.96358064527e-13, 1.10806145075e-12, 1.86220152796e-13, 1.68405447329e-14, 3.40297180625e-15],
        "dvar2": [1.17798823539e-13, 1.65949524088e-12, 4.17563423075e-12, 7.54096438071e-11, 3.1473032891e-07, 4.5300776037e-06, 9.9333071546e-08, 4.59202510683e-06, 5.67365259485e-06, 2.5096438705e-08, 5.18197566635e-07, 9.98136115982e-08, 6.04153305162e-09, 8.20029710802e-10, 1.05192192734e-07, 2.25284088629e-06, 6.6896808093e-09, 2.54572404823e-11, 3.30174039151e-12, 1.23249630987e-12, 6.30834403811e-12, 6.88510067102e-13, 3.60464191829e-08, 9.61329718052e-08, 3.6254277358e-11, 4.31833648701e-12, 1.044280561e-13, 3.95112831342e-11, 2.45130287596e-11, 7.49826849916e-12, 1.1212234266e-11, 5.57160012571e-11, 3.68508880095e-13, 5.49536219481e-13, 2.39422284082e-11, 1.99663592951e-12, 3.17234389799e-12, 5.39975616304e-13, 4.92477898197e-14, 9.85726122038e-15],
        "max": [3.87152522308e-06, 6.22179686616e-06, 9.33625688049e-06, 5.16840154887e-05, 0.00300175580196, 0.011533039622, 0.00177829293534, 0.0102389678359, 0.0113136293367, 0.000763886375353, 0.00358247105032, 0.00161790626589, 0.000349734647898, 0.000201656410354, 0.00152753328439, 0.00747165549546, 0.000573238881771, 2.09552908927e-05, 8.1870421127e-06, 4.10591064792e-06, 1.08811473183e-05, 3.12837369165e-06, 0.00103395374026, 0.00173679343425, 2.88041992462e-05, 1.3603123989e-05, 1.5204243482e-06, 3.10268696921e-05, 2.32460242842e-05, 1.29889067466e-05, 1.59089358931e-05, 3.80712481274e-05, 2.80325730273e-06, 4.09013273384e-06, 2.75464954029e-05, 7.23005996406e-06, 9.10003473109e-06, 3.65039431927e-06, 1.08980600544e-06, 4.81366441818e-07],
        "mean": [8.65881943923e-08, 7.99630072379e-07, 1.34830941079e-06, 3.54260214408e-06, 5.04177805851e-05, 0.000195307817194, 3.63690232916e-05, 0.000128806263092, 0.000139369381941, 2.25959229283e-05, 7.87780372775e-05, 3.78218610422e-05, 1.21544171634e-05, 1.00404395198e-05, 2.31798221648e-05, 0.000162093390827, 1.21179973576e-05, 4.26129702191e-07, 2.95817358165e-07, 2.29050371559e-07, 4.46796860842e-07, 1.6454204399e-07, 1.65252222359e-05, 2.2921094569e-05, 6.09833534782e-07, 4.91735818287e-07, 4.07109794764e-08, 6.30683643976e-07, 6.64437379783e-07, 2.49919423823e-07, 2.64542421746e-07, 5.41688507383e-07, 6.41299635618e-08, 6.49978133538e-08, 3.47831530689e-07, 8.54896384794e-08, 1.11436982309e-07, 4.2399658895e-08, 1.24683099401e-08, 7.06991487576e-09],
        "median": [4.46788774866e-08, 5.53606525955e-07, 9.558060583e-07, 2.36098412643e-06, 4.91033824801e-06, 6.65035167913e-06, 2.02705950869e-06, 3.85964085581e-06, 3.98904649046e-06, 1.69027612174e-06, 4.38266670244e-06, 4.4505832193e-06, 1.31937213155e-06, 1.19836704471e-06, 3.82444909519e-07, 4.11250596244e-07, 8.03947699524e-08, 3.19805479876e-08, 4.03749709221e-08, 4.08841387411e-08, 6.68171651341e-08, 3.11582368795e-08, 3.5018874911e-08, 3.40920465192e-08, 2.02618259948e-08, 1.21051719759e-08, 4.73675942914e-09, 1.02233403965e-08, 1.49185357401e-08, 8.25132318027e-09, 5.1311142002e-09, 3.53672868769e-09, 2.03961203482e-09, 1.60702451346e-09, 1.35589095507e-09, 4.28288238208e-10, 3.14536702239e-10, 2.1281934548e-10, 1.03248576355e-10, 6.97040966613e-11],
        "min": [3.406972926e-09, 1.17346745654e-08, 1.82429388929e-07, 2.90160187433e-07, 6.31883608548e-07, 5.73052091113e-07, 1.46865986039e-07, 1.39799638532e-07, 1.14442258337e-07, 7.33477207859e-08, 1.93156040496e-07, 1.00779196543e-07, 7.75204753722e-08, 3.53434046474e-08, 1.91541591477e-08, 9.57344159502e-09, 6.63367138998e-09, 6.40360520165e-09, 5.08364816909e-09, 5.26436583215e-09, 1.11954694404e-08, 5.56264678764e-09, 3.46039152888e-09, 3.19996096287e-09, 1.81331893945e-09, 1.18337295518e-09, 1.47324175082e-09, 1.57652080279e-09, 1.8798500534e-09, 1.3850987024e-09, 1.28157995327e-09, 5.84051862429e-10, 6.01295124802e-10, 4.00564831304e-10, 2.91875384972e-10, 1.33884667242e-10, 7.21626577938e-11, 5.84723658381e-11, 4.01426669683e-11, 3.25279976565e-11],
        "var": [1.13724364669e-13, 6.97590368717e-13, 1.70942535301e-12, 2.4150265121e-11, 7.68935279893e-08, 1.17483273243e-06, 3.03415781389e-08, 8.39839287892e-07, 1.02335968677e-06, 7.04065428181e-09, 1.18714353903e-07, 2.23182858861e-08, 1.3768869378e-09, 8.03765332069e-10, 2.1370578196e-08, 6.72982253036e-07, 4.61175853061e-09, 4.69250376403e-12, 1.00639949933e-12, 3.05281245162e-13, 1.57249191966e-12, 1.71465001485e-13, 9.33391408608e-09, 2.50288909598e-08, 7.536637113e-12, 3.33592376812e-12, 2.38888651292e-14, 8.84103814464e-12, 6.24716858105e-12, 1.58087074247e-12, 2.27769257448e-12, 1.1575233827e-11, 8.00895740244e-14, 1.41106337769e-13, 6.31536923451e-12, 4.07745614616e-13, 6.52358971964e-13, 1.04097781014e-13, 9.22839262012e-15, 1.92472694209e-15]
    },
    "mfcc": {
        "mean": [-881.288024902, 138.890396118, -16.4095439911, -14.1332798004, -37.3700332642, -22.3129367828, -9.3763256073, -2.60646820068, -11.4207410812, -19.4385890961, -9.80722332001, 1.58239305019, -12.2915458679],
        "cov": [[6089.90234375, -1067.01037598, -1060.22790527, -105.652511597, -892.681335449, -100.921600342, -211.530151367, -0.740975558758, -1049.65307617, -179.354415894, 661.819885254, 713.102294922, -446.156860352], [-1067.01037598, 916.367675781, 154.618789673, -170.542266846, 67.5718078613, -215.14163208, -118.835975647, -36.653011322, 274.65447998, 79.5443115234, -55.1046524048, -227.94354248, -32.6025619507], [-1060.22790527, 154.618789673, 407.605102539, 7.32241535187, 156.524536133, 42.2408790588, -34.7026519775, -23.2147712708, 261.974273682, 54.4511413574, -156.561447144, -136.624252319, 105.000167847], [-105.652511597, -170.542266846, 7.32241535187, 142.503570557, 49.8384742737, 73.7389526367, 76.1531524658, 10.5426836014, -34.5097770691, -29.4934310913, 16.6705474854, 51.3589706421, 49.1958656311], [-892.681335449, 67.5718078613, 156.524536133, 49.8384742737, 279.569702148, 59.2964668274, 59.9721183777, 12.8140029907, 102.477516174, 19.2969741821, -49.1512107849, -67.028427124, 62.7250061035], [-100.921600342, -215.14163208, 42.2408790588, 73.7389526367, 59.2964668274, 160.241577148, 77.392791748, 15.8037099838, -34.8632392883, -31.0752506256, -35.0255355835, 53.7681999207, 57.415561676], [-211.530151367, -118.835975647, -34.7026519775, 76.1531524658, 59.9721183777, 77.392791748, 152.060760498, 37.7828140259, -55.3815612793, -34.1667671204, -11.0031318665, 27.5502624512, 47.7792663574], [-0.740975558758, -36.653011322, -23.2147712708, 10.5426836014, 12.8140029907, 15.8037099838, 37.7828140259, 70.9474334717, 18.7049808502, 17.9763011932, -27.3667545319, -18.9611854553, 20.3413696289], [-1049.65307617, 274.65447998, 261.974273682, -34.5097770691, 102.477516174, -34.8632392883, -55.3815612793, 18.7049808502, 497.426361084, 152.067199707, -222.260757446, -311.078948975, 42.9958152771], [-179.354415894, 79.5443115234, 54.4511413574, -29.4934310913, 19.2969741821, -31.0752506256, -34.1667671204, 17.9763011932, 152.067199707, 121.884056091, -35.6965446472, -117.380249023, -41.7643203735], [661.819885254, -55.1046524048, -156.561447144, 16.6705474854, -49.1512107849, -35.0255355835, -11.0031318665, -27.3667545319, -222.260757446, -35.6965446472, 245.730072021, 160.41734314, -119.269714355], [713.102294922, -227.94354248, -136.624252319, 51.3589706421, -67.028427124, 53.7681999207, 27.5502624512, -18.9611854553, -311.078948975, -117.380249023, 160.41734314, 284.149871826, 0.24292370677], [-446.156860352, -32.6025619507, 105.000167847, 49.1958656311, 62.7250061035, 57.415561676, 47.7792663574, 20.3413696289, 42.9958152771, -41.7643203735, -119.269714355, 0.24292370677, 168.80909729]],
