{
"lowlevel": {
    "average_loudness": 0.907199501991,
    "barkbands_crest": {
        "dmean": 4.01983261108,
        "dmean2": 6.78867721558,
        "dvar": 6.983710289,
        "dvar2": 20.227432251,
        "max": 21.148979187,
        "mean": 13.0071325302,
        "median": 13.1212739944,
        "min": 5.60503149033,
        "var": 13.716211319
    },
    "barkbands_flatness_db": {
        "dmean": 0.025522692129,
        "dmean2": 0.040588978678,
        "dvar": 0.000548340030946,
        "dvar2": 0.00117505260278,
        "max": 0.366356164217,
        "mean": 0.204955667257,
        "median": 0.191363558173,
        "min": 0.11351583153,
        "var": 0.00299500790425
    },
    "barkbands_kurtosis": {
        "dmean": 10.6648836136,
        "dmean2": 18.1967887878,
        "dvar": 108.411308289,
        "dvar2": 260.049530029,
        "max": 70.8985824585,
        "mean": 27.7331390381,
        "median": 25.1081447601,
        "min": 4.98106813431,
        "var": 236.112167358
    },
    "barkbands_skewness": {
        "dmean": 0.825844824314,
        "dmean2": 1.416629076,
        "dvar": 0.594926953316,
        "dvar2": 1.5099401474,
        "max": 6.46820116043,
        "mean": 4.06580400467,
        "median": 4.17314720154,
        "min": 0.865345358849,
        "var": 1.22462415695
    },
    "barkbands_spread": {
        "dmean": 2.84915041924,
        "dmean2": 4.7511677742,
        "dvar": 7.36600637436,
        "dvar2": 21.3426513672,
        "max": 21.5625724792,
        "mean": 8.58680534363,
        "median": 7.89730119705,
        "min": 1.21170711517,
        "var": 25.0111160278
    },
    "dissonance": {
        "dmean": 0.0366850756109,
        "dmean2": 0.0625170022249,
        "dvar": 0.00138151797,
        "dvar2": 0.00349256955087,
        "max": 0.49745747447,
        "mean": 0.425403833389,
        "median": 0.439628660679,
        "min": 0.234091371298,
        "var": 0.00306293158792
    },
    "dynamic_complexity": 4.00916385651,
    "erbbands_crest": {
        "dmean": 2.94571018219,
        "dmean2": 5.33289146423,
        "dvar": 6.803794384,
        "dvar2": 13.385424614,
        "max": 22.531747818,
        "mean": 10.4984483719,
        "median": 9.42539596558,
        "min": 5.28115940094,
        "var": 14.1060934067
    },
    "erbbands_flatness_db": {
        "dmean": 0.0218850765377,
        "dmean2": 0.0343852229416,
        "dvar": 0.00045935169328,
        "dvar2": 0.000890884490218,
        "max": 0.359179466963,
        "mean": 0.20829077065,
        "median": 0.192280292511,
        "min": 0.121026553214,
        "var": 0.0028493150603
    },
    "erbbands_kurtosis": {
        "dmean": 2.0309073925,
        "dmean2": 3.16611337662,
        "dvar": 3.25881409645,
        "dvar2": 7.35355901718,
        "max": 13.0310516357,
        "mean": 3.18737483025,
        "median": 2.45065331459,
        "min": -0.748361349106,
        "var": 8.36584758759
    },
    "erbbands_skewness": {
        "dmean": 0.471820920706,
        "dmean2": 0.784842371941,
        "dvar": 0.145711615682,
        "dvar2": 0.325588017702,
        "max": 2.83331894875,
        "mean": 1.37917053699,
        "median": 1.34441399574,
        "min": -0.089025080204,
        "var": 0.380264371634
    },
    "erbbands_spread": {
        "dmean": 4.13444519043,
        "dmean2": 6.77255725861,
        "dvar": 18.5270385742,
        "dvar2": 48.3354187012,
        "max": 55.9072380066,
        "mean": 16.8928985596,
        "median": 16.8370704651,
        "min": 4.25210428238,
        "var": 72.8773117065
    },
    "hfc": {
        "dmean": 2.88656902313,
        "dmean2": 4.58168458939,
        "dvar": 44.9632644653,
        "dvar2": 105.808036804,
        "max": 58.9406471252,
        "mean": 6.56018543243,
        "median": 2.95770001411,
        "min": 0.454142004251,
        "var": 77.6932373047
    },
    "melbands_crest": {
        "dmean": 3.66924762726,
        "dmean2": 6.24774599075,
        "dvar": 8.16468715668,
        "dvar2": 23.1611385345,
        "max": 23.6891021729,
        "mean": 13.9261436462,
        "median": 13.8796377182,
        "min": 6.18850231171,
        "var": 12.6562595367
    },
    "melbands_flatness_db": {
        "dmean": 0.0280281156301,
        "dmean2": 0.0441686175764,
        "dvar": 0.00063274189597,
        "dvar2": 0.00138043309562,
        "max": 0.484010964632,
        "mean": 0.314986944199,
        "median": 0.303051769733,
        "min": 0.211499467492,
        "var": 0.00340128014795
    },
    "melbands_kurtosis": {
        "dmean": 5.28529548645,
        "dmean2": 9.01468849182,
        "dvar": 23.3269557953,
        "dvar2": 70.2231216431,
        "max": 33.5883369446,
        "mean": 12.2872428894,
        "median": 11.2160654068,
        "min": -0.38575720787,
        "var": 50.7129898071
    },
    "melbands_skewness": {
        "dmean": 0.620676934719,
        "dmean2": 1.10722184181,
        "dvar": 0.272380322218,
        "dvar2": 0.741524040699,
        "max": 4.2658162117,
        "mean": 2.35209512711,
        "median": 2.41099262238,
        "min": 0.290259480476,
        "var": 0.723988354206
    },
    "melbands_spread": {
        "dmean": 1.69596338272,
        "dmean2": 2.80306386948,
        "dvar": 2.64443659782,
        "dvar2": 6.96167039871,
        "max": 14.5745925903,
        "mean": 5.65751647949,
        "median": 5.16104364395,
        "min": 1.84539282322,
        "var": 7.18107748032
    },
    "pitch_salience": {
        "dmean": 0.0906866788864,
        "dmean2": 0.153923913836,
        "dvar": 0.0052979006432,
        "dvar2": 0.0165220312774,
        "max": 0.834418356419,
        "mean": 0.669388413429,
        "median": 0.691046595573,
        "min": 0.433157771826,
        "var": 0.00733929080889
    },
    "silence_rate_20dB": {
        "dmean": 0,
        "dmean2": 0,
        "dvar": 0,
        "dvar2": 0,
        "max": 1,
        "mean": 1,
        "median": 1,
        "min": 1,
        "var": 0
    },
    "silence_rate_30dB": {
        "dmean": 0.0202020201832,
        "dmean2": 0.0408163256943,
        "dvar": 0.019793946296,
        "dvar2": 0.0595586113632,
        "max": 1,
        "mean": 0.990000009537,
        "median": 1,
        "min": 0,
        "var": 0.00990001577884
    },
    "silence_rate_60dB": {
        "dmean": 0.0707070678473,
        "dmean2": 0.142857149243,
        "dvar": 0.0657076090574,
        "dvar2": 0.163265362382,
        "max": 1,
        "mean": 0.170000001788,
        "median": 0,
        "min": 0,
        "var": 0.141100019217
    },
    "spectral_centroid": {
        "dmean": 58.4718208313,
        "dmean2": 97.0257263184,
        "dvar": 3513.76855469,
        "dvar2": 8887.83203125,
        "max": 748.892028809,
        "mean": 426.680419922,
        "median": 396.388122559,
        "min": 305.707641602,
        "var": 7810.99267578
    },
    "spectral_complexity": {
        "dmean": 1.54545450211,
        "dmean2": 2.45918369293,
        "dvar": 1.86409413815,
        "dvar2": 3.51363825798,
        "max": 14,
        "mean": 7.59999990463,
        "median": 7,
        "min": 2,
        "var": 4.99999666214
    },
    "spectral_decrease": {
        "dmean": 1.96194260838e-09,
        "dmean2": 3.0078848301e-09,
        "dvar": 1.9186068842e-17,
        "dvar2": 4.27794982628e-17,
        "max": -1.04567181303e-10,
        "mean": -3.88137433305e-09,
        "median": -1.34128241847e-09,
        "min": -3.88690679642e-08,
        "var": 3.89388424304e-17
    },
    "spectral_energy": {
        "dmean": 0.00766312656924,
        "dmean2": 0.0117525812238,
        "dvar": 0.00029330686084,
        "dvar2": 0.000655257375911,
        "max": 0.152046129107,
        "mean": 0.0152442064136,
        "median": 0.00534266233444,
        "min": 0.000435852678493,
        "var": 0.000592658529058
    },
    "spectral_energyband_high": {
        "dmean": 1.18943216876e-05,
        "dmean2": 1.74876386154e-05,
        "dvar": 8.95680266066e-11,
        "dvar2": 2.0802665146e-10,
        "max": 0.00014940139954,
        "mean": 4.66257479275e-05,
        "median": 4.26786391472e-05,
        "min": 1.19451369756e-05,
        "var": 3.24664323204e-10
    },
    "spectral_energyband_low": {
        "dmean": 0.000535254250281,
        "dmean2": 0.000843365036417,
        "dvar": 7.65862239405e-07,
        "dvar2": 1.58248917614e-06,
        "max": 0.0103282667696,
        "mean": 0.000875463651028,
        "median": 0.000383358361432,
        "min": 1.03723705251e-05,
        "var": 2.22041671805e-06
    },
    "spectral_energyband_middle_high": {
        "dmean": 0.000338459794875,
        "dmean2": 0.000562045257539,
        "dvar": 8.86605448613e-07,
        "dvar2": 2.28396834245e-06,
        "max": 0.00655803596601,
        "mean": 0.000515151536092,
        "median": 0.000248654861934,
        "min": 6.61573940306e-05,
        "var": 8.39122151319e-07
    },
    "spectral_energyband_middle_low": {
        "dmean": 0.0073734712787,
        "dmean2": 0.0113487709314,
        "dvar": 0.000274990074104,
        "dvar2": 0.00060984789161,
        "max": 0.146285906434,
        "mean": 0.0140463253483,
        "median": 0.00469608418643,
        "min": 0.000355322554242,
        "var": 0.000541686371434
    },
    "spectral_entropy": {
        "dmean": 0.232849732041,
        "dmean2": 0.357641726732,
        "dvar": 0.041719250381,
        "dvar2": 0.0915975943208,
        "max": 7.55566501617,
        "mean": 6.6402759552,
        "median": 6.74469852448,
        "min": 5.19987392426,
        "var": 0.251259565353
    },
    "spectral_flux": {
        "dmean": 0.0222423728555,
        "dmean2": 0.0383447743952,
        "dvar": 0.00167704571504,
        "dvar2": 0.00444222614169,
        "max": 0.352483838797,
        "mean": 0.0586189217865,
        "median": 0.0451729185879,
        "min": 0.0208770856261,
        "var": 0.00199167360552
    },
    "spectral_kurtosis": {
        "dmean": 5.31808614731,
        "dmean2": 8.15435600281,
        "dvar": 54.0219116211,
        "dvar2": 109.085830688,
        "max": 85.7496185303,
        "mean": 27.7868385315,
        "median": 22.8585357666,
        "min": 5.13529968262,
        "var": 211.279449463
    },
    "spectral_rms": {
        "dmean": 0.00078704522457,
        "dmean2": 0.00120306701865,
        "dvar": 1.42556689298e-06,
        "dvar2": 2.98180475511e-06,
        "max": 0.0121793961152,
        "mean": 0.00318882800639,
        "median": 0.00228304509073,
        "min": 0.000652090588119,
        "var": 4.70377290185e-06
    },
    "spectral_rolloff": {
        "dmean": 116.36630249,
        "dmean2": 194.677734375,
        "dvar": 14546.5869141,
        "dvar2": 37178.703125,
        "max": 1141.25976562,
        "mean": 527.99432373,
        "median": 462.963867188,
        "min": 279.931640625,
        "var": 28446.5175781
    },
    "spectral_skewness": {
        "dmean": 0.408093571663,
        "dmean2": 0.601999878883,
        "dvar": 0.238187342882,
        "dvar2": 0.490874528885,
        "max": 7.59062290192,
        "mean": 3.94807887077,
        "median": 3.68409633636,
        "min": 1.60639154911,
        "var": 1.10151910782
    },
    "spectral_spread": {
        "dmean": 381997.53125,
        "dmean2": 567759.5,
        "dvar": 138617700352,
        "dvar2": 291397959680,
        "max": 5691193,
        "mean": 2973528,
        "median": 3199430.5,
        "min": 1152955.375,
        "var": 683627905024
    },
    "spectral_strongpeak": {
        "dmean": 0.285480082035,
        "dmean2": 0.459948003292,
        "dvar": 0.152746289968,
        "dvar2": 0.3491332829,
        "max": 3.64262604713,
        "mean": 0.573259532452,
        "median": 0.359302699566,
        "min": 0.0356434248388,
        "var": 0.398330658674
    },
    "zerocrossingrate": {
        "dmean": 0.0105646308511,
        "dmean2": 0.0137765062973,
        "dvar": 6.85993072693e-05,
        "dvar2": 0.000129316540551,
        "max": 0.11669921875,
        "mean": 0.0597851574421,
        "median": 0.060302734375,
        "min": 0.01806640625,
        "var": 0.000532123318408
    },
    "barkbands": {
        "dmean": [3.75602525082e-07, 2.84079142148e-05, 0.000385975406971, 0.000306098139845, 0.00345758534968, 0.0045980187133, 0.000581401865929, 0.000608118250966, 0.000593790900894, 8.03281436674e-05, 0.000199150570552, 4.63582400698e-05, 6.23702435405e-05, 1.83869960892e-05, 6.65706693326e-06, 7.26196094547e-06, 3.84406666853e-06, 4.08975711252e-06, 2.43079875872e-06, 8.32285763863e-07, 1.73802470727e-06, 1.74889248683e-06, 3.52540212134e-07, 1.54252646212e-07, 1.33819284542e-07, 1.96803881636e-07, 1.01121768239e-05],
        "dmean2": [5.2315482435e-07, 5.22924929101e-05, 0.000599312479608, 0.000493338971864, 0.00582605041564, 0.00792006310076, 0.000932791561354, 0.00107056810521, 0.000946864718571, 0.000128284824314, 0.00032793279388, 7.6020412962e-05, 0.000115535200166, 3.3577412978e-05, 1.14120466606e-05, 1.22678038679e-05, 6.52679045743e-06, 7.00533246345e-06, 3.98681913794e-06, 1.43985130308e-06, 3.04474883706e-06, 2.75937873084e-06, 5.57215628305e-07, 2.74738653161e-07, 2.39845746819e-07, 3.40911213925e-07, 1.6951960788e-05],
        "dvar": [2.2775414367e-12, 6.20389961625e-10, 3.96060187313e-07, 1.08306380753e-07, 3.51883572876e-05, 0.000201422953978, 7.76392766966e-07, 1.42504461564e-06, 1.29306272356e-06, 2.33332482225e-08, 3.71567381308e-07, 5.4814952577e-09, 3.61657086501e-08, 3.70591912713e-09, 4.08123465578e-11, 4.77915172714e-11, 1.54381975953e-11, 6.4158227342e-11, 3.77455497413e-11, 9.74083660954e-13, 2.07812465153e-11, 2.51482740882e-11, 6.02962178884e-13, 1.42162310027e-13, 1.28502501066e-13, 2.05824872662e-13, 5.46684190972e-11],
        "dvar2": [2.3537183487e-12, 1.74710768075e-09, 8.41106441385e-07, 2.30965582659e-07, 7.10590538802e-05, 0.000507568183821, 2.00162298825e-06, 3.94850530938e-06, 3.05714183924e-06, 4.08367064608e-08, 9.67984419731e-07, 1.16603393607e-08, 1.02994050621e-07, 1.03373993809e-08, 1.01739741631e-10, 1.19888043937e-10, 4.34482935741e-11, 1.70594816051e-10, 9.8025788875e-11, 1.94126529088e-12, 5.29032477548e-11, 4.62930041523e-11, 1.0044998687e-12, 3.98892914142e-13, 3.55350568849e-13, 6.01658913663e-13, 1.71185024489e-10],
        "max": [1.56438763952e-05, 0.000119929587527, 0.00778410118073, 0.00290717347525, 0.0443579554558, 0.114986717701, 0.00725349318236, 0.00726380478591, 0.00748016359285, 0.00129973446019, 0.00456438586116, 0.000637920456938, 0.00160895253066, 0.000475957844174, 3.93250302295e-05, 4.9832611694e-05, 2.37746244238e-05, 5.87171525694e-05, 4.18116578658e-05, 6.87743704475e-06, 4.27580598625e-05, 4.34570247307e-05, 7.74559794081e-06, 3.16185855809e-06, 3.04836521536e-06, 4.00657791033e-06, 6.794276851e-05],
        "mean": [9.13674057301e-07, 3.19652463077e-05, 0.000601781066507, 0.000413237314206, 0.00559109635651, 0.00574827147648, 0.000717697141226, 0.000778957677539, 0.00076294480823, 0.000134077839903, 0.000182600822882, 7.35652865842e-05, 8.26940886327e-05, 2.037692866e-05, 1.15663306133e-05, 1.34994552354e-05, 7.76527394919e-06, 5.58131023354e-06, 3.34872288477e-06, 1.94704102796e-06, 3.22058690472e-06, 2.99979797092e-06, 7.8276059412e-07, 3.89381199284e-07, 3.89425224512e-07, 7.16642659881e-07, 4.59712246084e-05],
        "median": [7.39483766665e-07, 2.37674230448e-05, 0.000200713300728, 0.000280776410364, 0.00246270839125, 0.00103875878267, 0.000386556261219, 0.000203061790671, 0.000172191677848, 8.02382201073e-05, 4.6828216e-05, 4.77355570183e-05, 3.41615304933e-05, 1.19316046039e-05, 1.04882510641e-05, 1.14827798825e-05, 6.60797968521e-06, 3.53589257429e-06, 2.02537853511e-06, 1.63277582033e-06, 1.53225914801e-06, 9.84951384453e-07, 5.2407892781e-07, 3.41052668773e-07, 3.57012140739e-07, 6.80620985349e-07, 4.57046626252e-05],
        "min": [7.04349005787e-08, 2.54238420894e-06, 2.34396065935e-06, 8.31445504446e-06, 0.000155484100105, 6.39505451545e-05, 3.83713158953e-05, 5.9205094658e-06, 1.54726112669e-05, 9.45085685089e-06, 5.52403116671e-06, 2.19356661546e-06, 4.90326374347e-06, 2.12190889215e-06, 2.3816915018e-06, 2.53940197581e-06, 1.84665509551e-06, 9.30791543396e-07, 3.77925459816e-07, 4.9602715535e-07, 5.18169372299e-07, 2.18759183213e-07, 2.03724880521e-07, 1.09730635245e-07, 1.27121040805e-07, 3.02674862951e-07, 1.10229411803e-05],
        "var": [2.25416040001e-12, 7.42137962195e-10, 1.26410827761e-06, 2.37387396851e-07, 7.04297635821e-05, 0.000243916656473, 1.00431532246e-06, 2.00687259166e-06, 1.88795411304e-06, 4.03630018297e-08, 3.19862891729e-07, 8.67360316903e-09, 3.35865735224e-08, 2.36411334953e-09, 4.5685472766e-11, 6.62312843458e-11, 1.92217266409e-11, 5.07745616385e-11, 3.24337987023e-11, 1.47869954129e-12, 4.30258398354e-11, 5.66701338633e-11, 1.29562072876e-12, 9.90799984917e-14, 8.45569206559e-14, 1.27568122081e-13, 9.26955665004e-11]
    },
    "erbbands": {
        "dmean": [0.000302822445519, 0.0118052922189, 0.276437789202, 0.870241343975, 1.71049928665, 18.9909076691, 15.2868938446, 50.1463279724, 19.0131568909, 12.7834863663, 11.0300540924, 13.386756897, 2.88051748276, 5.38578462601, 4.76952266693, 2.28943753242, 2.57469749451, 1.13438022137, 0.426270723343, 0.336627602577, 0.37433513999, 0.219462707639, 0.228277444839, 0.111821569502, 0.109418347478, 0.0378680564463, 0.0440088026226, 0.08129055053, 0.0675222575665, 0.0272011589259, 0.00908681750298, 0.0039198808372, 0.00219406140968, 0.0012964947382, 0.0011341732461, 0.000972257112153, 0.000345992739312, 0.000136300121085, 0.000156234280439, 0.000286464317469],
        "dmean2": [0.000515194784384, 0.0215177480131, 0.44912314415, 1.34918785095, 2.9750418663, 31.1348609924, 26.0428962708, 88.3870697021, 31.4883441925, 21.8433437347, 20.5460090637, 22.2683258057, 4.295399189, 9.08105182648, 7.71013593674, 4.01040410995, 4.72986984253, 2.00378847122, 0.761369824409, 0.58272844553, 0.63349378109, 0.369290888309, 0.398589193821, 0.191340014338, 0.178492695093, 0.0634845644236, 0.0777506604791, 0.136806383729, 0.106261320412, 0.0452987030149, 0.0137346815318, 0.00648034457117, 0.00391737325117, 0.00225717411377, 0.00203291256912, 0.0018057692796, 0.000598037440795, 0.000220365895075, 0.000261216220679, 0.000484051386593],
        "dvar": [8.9262115921e-08, 0.000175700479303, 0.199307143688, 1.54205000401, 4.41677379608, 1051.69604492, 951.070800781, 25724.0683594, 1787.29467773, 627.257629395, 642.934753418, 679.288024902, 22.8073654175, 233.129257202, 244.73348999, 18.3057365417, 54.6057052612, 17.0272121429, 0.537553369999, 0.0942869931459, 0.13821695745, 0.0547024123371, 0.192460641265, 0.0389743335545, 0.0808742791414, 0.00190129631665, 0.00676181772724, 0.0677580758929, 0.0361531153321, 0.00532677490264, 0.00030935369432, 4.37964445155e-05, 3.92184047087e-05, 6.20211403657e-06, 9.83609879768e-06, 9.27552628127e-06, 3.93990234215e-07, 1.42519711588e-08, 1.37187399218e-08, 4.03233535451e-08],
        "dvar2": [2.55422150985e-07, 0.000502391834743, 0.45693513751, 3.02839636803, 12.3465948105, 2089.71459961, 2455.70532227, 65799.3984375, 3377.70092773, 1824.76391602, 1686.71289062, 1452.32727051, 39.8876152039, 579.477294922, 643.451477051, 42.4944648743, 153.4402771, 48.6998596191, 1.4521998167, 0.266835689545, 0.339189022779, 0.154832839966, 0.515508472919, 0.0824157074094, 0.203848093748, 0.00408827373758, 0.0160264130682, 0.148318916559, 0.0604952387512, 0.010426021181, 0.000482065341203, 0.000114150418085, 0.000113406807941, 1.67012040038e-05, 2.74924332189e-05, 2.69611027761e-05, 1.11242002276e-06, 3.32445146967e-08, 3.82529705689e-08, 1.20475590393e-07],
        "max": [0.00202845176682, 0.131786286831, 5.38085651398, 13.8109302521, 14.4864492416, 256.214782715, 250.454360962, 1295.10375977, 276.123077393, 208.99130249, 160.6978302, 172.408676147, 46.7948455811, 110.071838379, 123.993736267, 35.3314971924, 62.5250968933, 33.5165557861, 5.73466157913, 2.05894303322, 2.5402598381, 1.34056043625, 3.14506626129, 1.41195619106, 2.29420423508, 0.343538403511, 0.668959677219, 2.70743966103, 1.70020222664, 0.569893419743, 0.183935835958, 0.0545996129513, 0.052545119077, 0.0223323702812, 0.0264601428062, 0.0243181493133, 0.00596805708483, 0.00149960827548, 0.00159778795205, 0.00181405141484],
        "mean": [0.000449493905762, 0.0174256972969, 0.433250129223, 1.35897409916, 2.82429528236, 28.8061141968, 22.0634040833, 61.3419380188, 26.9127101898, 15.285779953, 14.7795591354, 19.0546588898, 5.0976896286, 5.91846513748, 5.2447719574, 3.57109093666, 3.61945152283, 1.41918838024, 0.700617015362, 0.64023244381, 0.712535858154, 0.450732648373, 0.331261217594, 0.196913704276, 0.150585144758, 0.0923633128405, 0.0932673662901, 0.158710837364, 0.11592938751, 0.0488020814955, 0.019904224202, 0.00968455895782, 0.00570568814874, 0.00370744080283, 0.00315395439975, 0.0023428092245, 0.00140586635098, 0.000871429801919, 0.00108746951446, 0.00120945135131],
        "median": [0.000347056426108, 0.0132570946589, 0.176757305861, 0.696282744408, 2.06799030304, 11.6970844269, 9.13572311401, 7.80920696259, 7.23480892181, 4.13638544083, 4.0732960701, 4.29658889771, 2.97703647614, 2.19859671593, 1.67411696911, 1.96761798859, 1.56694316864, 0.749476313591, 0.551472663879, 0.582100331783, 0.566134393215, 0.384953171015, 0.219086915255, 0.133918106556, 0.0898596197367, 0.0809097141027, 0.0650386363268, 0.0509474165738, 0.0366210751235, 0.0231979228556, 0.0139201171696, 0.00835427176207, 0.00496912654489, 0.00339329172857, 0.00281877117231, 0.00208823708817, 0.00134454155341, 0.000882848340552, 0.00109606143087, 0.00119949202053],
        "min": [2.64776335825e-05, 0.000922525417991, 0.00541283376515, 0.0252621173859, 0.274079561234, 0.678427755833, 0.195918574929, 0.651036441326, 0.574630916119, 0.51502519846, 0.203865706921, 0.293700695038, 0.58873540163, 0.390715003014, 0.16649928689, 0.108116686344, 0.22894513607, 0.154920354486, 0.119598001242, 0.164450645447, 0.139146655798, 0.116049103439, 0.0598877072334, 0.02772590518, 0.0178907271475, 0.0233332123607, 0.0215700268745, 0.0179905239493, 0.00934171676636, 0.00676861964166, 0.00465678004548, 0.00258235982619, 0.00203702226281, 0.00103800930083, 0.00113678351045, 0.000680426252075, 0.000604531436693, 0.000336156052072, 0.000411897461163, 0.000272585981293],
        "var": [1.35656861744e-07, 0.000328218069626, 0.580987155437, 4.29148054123, 7.01308059692, 2192.17871094, 1140.26074219, 30337.2773438, 3072.1027832, 868.785705566, 711.275634766, 1168.06091309, 48.2857208252, 226.359802246, 204.334350586, 29.0748291016, 51.7376174927, 12.0294895172, 0.399179458618, 0.105499647558, 0.188339859247, 0.0661127343774, 0.150726392865, 0.0408251918852, 0.0711376741529, 0.0029302642215, 0.00799817312509, 0.18073707819, 0.0860880687833, 0.00915711000562, 0.000678456504829, 4.47628881375e-05, 2.46815798164e-05, 4.74286025565e-06, 6.31680950391e-06, 5.24821962244e-06, 2.7762581567e-07, 2.30271783863e-08, 2.77210325805e-08, 7.01852016505e-08]
    },
    "gfcc": {
        "mean": [-105.367736816, 123.571174622, -78.2060623169, -32.3544769287, -48.6242637634, -36.358959198, -31.083147049, -30.0402107239, -19.42137146, -17.4080696106, -14.3016967773, -6.07736873627, -6.33044815063],
        "cov": [[667.077392578, 372.58001709, -7.56054210663, -113.962867737, -192.780151367, -74.7862014771, -5.24663543701, 10.4648990631, 11.3264074326, 13.6050405502, 20.1093425751, 14.8981351852, -73.5620803833], [372.58001709, 440.458679199, 104.161949158, -181.98008728, -103.725273132, -83.0583496094, -62.4633140564, -2.252171278, -20.8992729187, 15.5550336838, 49.9311752319, 7.46821117401, -36.0926094055], [-7.56054210663, 104.161949158, 114.533576965, 11.9419908524, -0.222090229392, -15.7925806046, -20.5264320374, -9.07920837402, 3.14561796188, -0.539422392845, 7.02090167999, 2.36372351646, -1.77071321011], [-113.962867737, -181.98008728, 11.9419908524, 230.715026855, 60.107673645, 39.650680542, 57.1817436218, -14.7478113174, 36.6845436096, -9.87829017639, -32.8582267761, 5.30774211884, -1.98108863831], [-192.780151367, -103.725273132, -0.222090229392, 60.107673645, 150.173980713, 70.6007156372, 5.33509635925, -12.2616128922, -22.1648540497, 1.08252000809, 16.8434906006, -3.26605415344, 20.9491329193], [-74.7862014771, -83.0583496094, -15.7925806046, 39.650680542, 70.6007156372, 76.4627685547, 29.252746582, -5.76755237579, -9.45122432709, -4.22661781311, -0.519257128239, 2.28210258484, 5.60069036484], [-5.24663543701, -62.4633140564, -20.5264320374, 57.1817436218, 5.33509635925, 29.252746582, 55.9231376648, 16.0682640076, 19.6043682098, -9.6417016983, -22.9654140472, -2.6077299118, -2.52357149124], [10.4648990631, -2.252171278, -9.07920837402, -14.7478113174, -12.2616128922, -5.76755237579, 16.0682640076, 43.0147476196, 21.8635005951, -4.83061552048, -18.5169239044, -13.4707355499, 1.21421194077], [11.3264074326, -20.8992729187, 3.14561796188, 36.6845436096, -22.1648540497, -9.45122432709, 19.6043682098, 21.8635005951, 43.6822814941, 1.76948177814, -21.5718078613, -7.15960884094, -3.7174384594], [13.6050405502, 15.5550336838, -0.539422392845, -9.87829017639, 1.08252000809, -4.22661781311, -9.6417016983, -4.83061552048, 1.76948177814, 26.3583145142, 21.7479057312, 3.79242658615, -6.80868577957], [20.1093425751, 49.9311752319, 7.02090167999, -32.8582267761, 16.8434906006, -0.519257128239, -22.9654140472, -18.5169239044, -21.5718078613, 21.7479057312, 50.3159332275, 15.8044052124, -4.90709400177], [14.8981351852, 7.46821117401, 2.36372351646, 5.30774211884, -3.26605415344, 2.28210258484, -2.6077299118, -13.4707355499, -7.15960884094, 3.79242658615, 15.8044052124, 22.5951309204, 4.27086305618], [-73.5620803833, -36.0926094055, -1.77071321011, -1.98108863831, 20.9491329193, 5.60069036484, -2.52357149124, 1.21421194077, -3.7174384594, -6.80868577957, -4.90709400177, 4.27086305618, 33.2280769348]],
        "icov": [[0.0124017503113, -0.0173966977745, 0.0169848538935, -0.0128835150972, 0.014836801216, -0.0135849034414, 0.00746291829273, -0.00691384496167, 0.00229018228129, -0.000285726797301, -0.00153684127145, 0.000481073511764, 0.00236020889133], [-0.0173966977745, 0.0331646502018, -0.0321108400822, 0.0261819008738, -0.0218801070005, 0.0252329129726, -0.0157409477979, 0.0116913570091, -0.00456488784403, 0.0030831748154, -0.000660506077111, -0.00547722959891, 0.00600617006421], [0.0169848538935, -0.0321108400822, 0.0416167750955, -0.0270813107491, 0.0213765799999, -0.0240232683718, 0.0213528554887, -0.0106644080952, 0.000111966706754, 0.00279515329748, -0.00349769089371, 0.00596295669675, -0.004788255319], [-0.0128835150972, 0.0261819008738, -0.0270813107491, 0.03691778332, -0.030756123364, 0.0292958188802, -0.0272993631661, 0.0255622658879, -0.0183020867407, 0.00183875195216, 0.0136419627815, -0.0198005586863, 0.0150089012459], [0.014836801216, -0.0218801070005, 0.0213765799999, -0.030756123364, 0.0488761179149, -0.0428209416568, 0.024790123105, -0.020427133888, 0.0151171218604, 0.00198936206289, -0.0260842684656, 0.0306661929935, -0.0182771086693], [-0.0135849034414, 0.0252329129726, -0.0240232683718, 0.0292958188802, -0.0428209416568, 0.0627485737205, -0.0400492660701, 0.0211499128491, -0.00271073263139, -0.00189813924953, 0.0155449938029, -0.0225223004818, 0.0149041246623], [0.00746291829273, -0.0157409477979, 0.0213528554887, -0.0272993631661, 0.024790123105, -0.0400492660701, 0.0635313913226, -0.0288791246712, 0.000331065413775, 0.00716093182564, -0.00302827940322, 0.00388855440542, -0.00350708584301], [-0.00691384496167, 0.0116913570091, -0.0106644080952, 0.0255622658879, -0.020427133888, 0.0211499128491, -0.0288791246712, 0.0630309432745, -0.0333524905145, 0.00717077637091, 0.00639443844557, 0.00857573281974, 0.000745979545172], [0.00229018228129, -0.00456488784403, 0.000111966706754, -0.0183020867407, 0.0151171218604, -0.00271073263139, 0.000331065413775, -0.0333524905145, 0.0683510228992, -0.0321029014885, 0.0157700292766, 0.00403501931578, -0.00592450611293], [-0.000285726797301, 0.0030831748154, 0.00279515329748, 0.00183875195216, 0.00198936206289, -0.00189813924953, 0.00716093182564, 0.00717077637091, -0.0321029014885, 0.0844546407461, -0.0509343072772, 0.0140365799889, 0.00671028578654], [-0.00153684127145, -0.000660506077111, -0.00349769089371, 0.0136419627815, -0.0260842684656, 0.0155449938029, -0.00302827940322, 0.00639443844557, 0.0157700292766, -0.0509343072772, 0.0889437422156, -0.0562263280153, 0.0215580463409], [0.000481073511764, -0.00547722959891, 0.00596295669675, -0.0198005586863, 0.0306661929935, -0.0225223004818, 0.00388855440542, 0.00857573281974, 0.00403501931578, 0.0140365799889, -0.0562263280153, 0.1078857705, -0.0401455312967], [0.00236020889133, 0.00600617006421, -0.004788255319, 0.0150089012459, -0.0182771086693, 0.0149041246623, -0.00350708584301, 0.000745979545172, -0.00592450611293, 0.00671028578654, 0.0215580463409, -0.0401455312967, 0.0602569691837]]
    },
    "melbands": {
        "dmean": [4.92022263643e-06, 0.000104940787423, 0.000149582498125, 0.000669092114549, 0.000624318083283, 0.00103396386839, 0.000267347117187, 0.000139168419992, 0.000101403624285, 7.63193529565e-05, 1.20923168652e-05, 2.12091672438e-05, 2.31295089179e-05, 5.36771312909e-06, 8.60805812408e-06, 3.47279069501e-06, 2.17965384763e-06, 7.66595348978e-07, 5.21281378951e-07, 5.02850070916e-07, 4.23887598799e-07, 2.45293847456e-07, 2.24584923103e-07, 2.01395536692e-07, 9.046360816e-08, 1.10944171183e-07, 4.13724805526e-08, 2.46999132258e-08, 2.84985066656e-08, 3.46857689237e-08, 5.60944926065e-08, 4.10392040351e-08, 3.32723111285e-08, 1.01950616838e-08, 6.58063648018e-09, 2.60786925388e-09, 2.45736542226e-09, 1.83517401275e-09, 1.16872889144e-09, 1.11762543664e-09],
        "dmean2": [8.81745563674e-06, 0.000169177481439, 0.000235862054978, 0.00110054470133, 0.00108523922972, 0.0017993489746, 0.000439128489234, 0.000242058114964, 0.000187820376595, 0.000125953112729, 1.83460288099e-05, 3.56188684236e-05, 3.78969671146e-05, 8.78720220499e-06, 1.53720393428e-05, 6.1977657424e-06, 3.91323237636e-06, 1.36646610827e-06, 8.81608798409e-07, 8.43712314236e-07, 7.19881484201e-07, 4.15530763576e-07, 3.94338826482e-07, 3.41541067428e-07, 1.51386274183e-07, 1.89452194377e-07, 6.88748116318e-08, 4.03694535578e-08, 5.03960428944e-08, 6.46290345685e-08, 8.8364089379e-08, 6.66092603296e-08, 5.43244098594e-08, 1.6416205284e-08, 9.94857884962e-09, 4.27441282369e-09, 4.26724433567e-09, 3.32532668068e-09, 1.98753968839e-09, 1.94297355982e-09],
        "dvar": [2.04388329178e-11, 2.85207182316e-08, 3.35709415822e-08, 1.25418830521e-06, 1.39827636758e-06, 1.05141125459e-05, 3.54157776883e-07, 7.18093531304e-08, 5.6487166944e-08, 2.09136583607e-08, 3.59860502508e-10, 3.33831184918e-09, 5.60654500603e-09, 8.65775715009e-11, 4.74276007356e-10, 8.97458010685e-11, 6.77348455103e-11, 1.73817915356e-12, 2.59775274208e-13, 1.88996604825e-13, 1.59274693044e-13, 6.94949130252e-14, 1.8764194842e-13, 1.50224315409e-13, 2.35162502535e-14, 1.01767335878e-13, 3.0322282381e-15, 5.74299984941e-16, 3.11215532579e-15, 5.61465995835e-15, 3.77651740175e-14, 1.50504659598e-14, 9.21629021337e-15, 6.40925955446e-16, 1.82000195901e-16, 1.22156527393e-17, 1.75581922857e-17, 2.42581865026e-17, 7.38626378486e-18, 3.6565858122e-18],
        "dvar2": [5.75686338877e-11, 6.45026432267e-08, 6.90353090249e-08, 2.62932803707e-06, 3.08196308652e-06, 2.6569046895e-05, 6.59509623802e-07, 2.02571087016e-07, 1.43465854308e-07, 4.39597869217e-08, 6.14342798855e-10, 8.31966762149e-09, 1.47954333229e-08, 1.61628974094e-10, 1.36169020504e-09, 2.48171344586e-10, 1.92686741562e-10, 4.6765070115e-12, 7.23545518205e-13, 5.00145389513e-13, 4.12924631554e-13, 2.09729559024e-13, 5.30482287871e-13, 3.94914407165e-13, 5.62192064007e-14, 2.72185485956e-13, 7.01480245554e-15, 1.33075345228e-15, 8.20400198514e-15, 1.30610811812e-14, 7.97221582369e-14, 2.32534108478e-14, 2.29273387385e-14, 1.06745971925e-15, 2.94941954432e-16, 3.23949371951e-17, 4.62789255488e-17, 7.03291654629e-17, 2.09770654151e-17, 9.62497930908e-18],
        "max": [2.43115282501e-05, 0.00205265055411, 0.00201750569977, 0.00890818797052, 0.00887580495328, 0.026172677055, 0.00397879490629, 0.00220492272638, 0.00136250490323, 0.000983727397397, 0.000203727220651, 0.000417361035943, 0.000583044835366, 8.06498937891e-05, 0.000178973714355, 8.35637256387e-05, 6.56954507576e-05, 1.0167776054e-05, 2.88297519546e-06, 3.07985578729e-06, 2.49531149166e-06, 1.54497990934e-06, 3.33931780006e-06, 2.29665783991e-06, 1.18731679777e-06, 2.26230076805e-06, 4.01463864819e-07, 1.71176750996e-07, 4.7795157343e-07, 6.23500852726e-07, 2.14670126297e-06, 1.16809042083e-06, 5.78987283006e-07, 2.41248557131e-07, 1.41874835435e-07, 3.14234114285e-08, 3.44054562618e-08, 4.05459488206e-08, 2.35382291436e-08, 1.76929813023e-08],
        "mean": [5.68093537368e-06, 0.000166028548847, 0.000236056017457, 0.00101227080449, 0.00102470535785, 0.00128131464589, 0.000380334531656, 0.000168414451764, 0.000130296160933, 0.000108184663986, 2.10962825804e-05, 2.33869741351e-05, 2.21770878852e-05, 8.4393986981e-06, 1.14957674668e-05, 5.09988149133e-06, 2.45852606895e-06, 1.13118392164e-06, 8.58810892623e-07, 9.12156906452e-07, 7.90679450802e-07, 4.77652690734e-07, 3.44550898035e-07, 2.60051876921e-07, 1.44283362147e-07, 1.33371472089e-07, 7.29675235789e-08, 5.7948472687e-08, 5.31504511514e-08, 6.67035138235e-08, 1.06644037601e-07, 7.19939805549e-08, 4.40113794298e-08, 2.0121909472e-08, 1.26200641049e-08, 6.81994416496e-09, 5.36838529186e-09, 4.10937239792e-09, 3.28662563831e-09, 2.99572811002e-09],
        "median": [3.9646379264e-06, 7.00732125551e-05, 0.000165920006111, 0.000455421104562, 0.000431586871855, 0.000180847768206, 9.81228222372e-05, 4.2608811782e-05, 2.89678755507e-05, 2.70039345196e-05, 1.28993397084e-05, 9.27318978938e-06, 6.11845462117e-06, 5.26131316292e-06, 5.73729585085e-06, 2.22742687583e-06, 1.23479958347e-06, 8.02850422588e-07, 7.746745041e-07, 8.13179781289e-07, 6.68999689424e-07, 4.06608563708e-07, 2.41516659116e-07, 1.55900849563e-07, 1.03226739157e-07, 6.77595579646e-08, 5.74384557694e-08, 4.95378316145e-08, 3.99133242013e-08, 3.57033123066e-08, 2.70937512425e-08, 2.19919602529e-08, 1.60861137743e-08, 1.1478209494e-08, 8.25518409187e-09, 5.957421223e-09, 4.59360771643e-09, 3.55042262257e-09, 2.89879609205e-09, 2.72996025785e-09],
        "min": [3.9359426296e-07, 1.7365292706e-06, 8.86357702257e-06, 3.83972437703e-05, 1.14873027997e-05, 1.57251452038e-05, 7.68652898842e-06, 5.28754117113e-06, 1.59883063588e-06, 2.10386633626e-06, 2.98902318718e-06, 1.478905574e-06, 6.00519740601e-07, 2.85888461349e-07, 4.09432402648e-07, 4.53740597095e-07, 2.73393425232e-07, 1.55910043986e-07, 1.6657612889e-07, 1.77291127557e-07, 1.28171762981e-07, 1.15706896509e-07, 7.43693888694e-08, 3.5494640116e-08, 2.0458703176e-08, 1.21804992759e-08, 1.25298340592e-08, 1.47700349729e-08, 1.66410458746e-08, 1.09354472144e-08, 7.71082309114e-09, 5.38485167567e-09, 3.56354989961e-09, 3.95905486172e-09, 2.67967359413e-09, 2.15436357642e-09, 1.29757316003e-09, 1.65283742248e-09, 8.57026616341e-10, 7.92759524693e-10],
        "var": [2.4285750494e-11, 8.50896171301e-08, 9.35412955982e-08, 2.507848194e-06, 2.31073909163e-06, 1.26863769765e-05, 6.2844162585e-07, 1.0680771112e-07, 6.12872028682e-08, 3.68422945485e-08, 7.66699037591e-10, 3.25143978408e-09, 4.63022153951e-09, 1.53753773602e-10, 4.47968662165e-10, 9.78320549572e-11, 4.52492279757e-11, 1.30745110918e-12, 2.70976844479e-13, 2.69236347626e-13, 2.29478653961e-13, 7.84787341991e-14, 1.42106663351e-13, 1.20416494159e-13, 2.23599503306e-14, 8.7210735866e-14, 3.04085908031e-15, 1.14911337773e-15, 2.55445189266e-15, 1.04044250225e-14, 1.0609160848e-13, 3.8405693556e-14, 1.01389335567e-14, 1.33045127327e-15, 3.78356885575e-16, 1.41681414377e-17, 1.54891174431e-17, 1.49710409906e-17, 5.41850119645e-18, 2.92014670604e-18]
    },
    "mfcc": {
        "mean": [-776.750610352, 194.734725952, 5.42505455017, 9.52800273895, -14.1989555359, -6.50888776779, -19.0177021027, -12.1368598938, -12.766254425, -18.3791332245, -12.0290250778, -6.85431814194, -7.55656051636],
        "cov": [[673.681396484, 263.222503662, 49.9283561707, -49.3788833618, -180.186035156, -88.1977462769, -88.8720703125, -13.5265741348, -58.2181282043, -49.9204559326, 90.3017196655, 2.61870002747, -44.2524604797], [263.222503662, 498.401000977, 87.010848999, -143.518753052, -55.2332649231, -141.353363037, -41.9233283997, -89.3462142944, -107.009185791, -44.4753990173, -8.0311460495, 9.91097545624, -21.3140354156], [49.9283561707, 87.010848999, 120.055938721, 32.8664093018, -29.2473316193, -19.5825042725, -45.0105209351, -2.50426292419, -6.1183257103, -14.5847015381, 10.8867177963, -4.64499139786, -7.1853723526], [-49.3788833618, -143.518753052, 32.8664093018, 137.422790527, 25.8762187958, 53.8863601685, -10.2506437302, 32.2723388672, 35.9183998108, 8.00321102142, 19.727268219, -3.25588750839, 9.09347057343], [-180.186035156, -55.2332649231, -29.2473316193, 25.8762187958, 118.934844971, 56.7050933838, 53.7679138184, -1.50129926205, 0.253752797842, 11.5892782211, -31.9730033875, 8.0580291748, 28.7269268036], [-88.1977462769, -141.353363037, -19.5825042725, 53.8863601685, 56.7050933838, 112.24269104, 48.912109375, 34.6948013306, 16.4030246735, -2.56173825264, -0.354675292969, 6.31236553192, 18.1614151001], [-88.8720703125, -41.9233283997, -45.0105209351, -10.2506437302, 53.7679138184, 48.912109375, 70.327545166, 10.6704740524, -2.16465616226, 2.09316134453, -18.1355171204, 9.80542755127, 15.8746423721], [-13.5265741348, -89.3462142944, -2.50426292419, 32.2723388672, -1.50129926205, 34.6948013306, 10.6704740524, 56.242275238, 44.107624054, 10.6700944901, 8.5588350296, -7.04048299789, -2.63676118851], [-58.2181282043, -107.009185791, -6.1183257103, 35.9183998108, 0.253752797842, 16.4030246735, -2.16465616226, 44.107624054, 81.0461807251, 31.474937439, -2.01101493835, -4.66659450531, -5.46227264404], [-49.9204559326, -44.4753990173, -14.5847015381, 8.00321102142, 11.5892782211, -2.56173825264, 2.09316134453, 10.6700944901, 31.474937439, 39.0136756897, 0.383537143469, -1.30134904385, 5.67598962784], [90.3017196655, -8.0311460495, 10.8867177963, 19.727268219, -31.9730033875, -0.354675292969, -18.1355171204, 8.5588350296, -2.01101493835, 0.383537143469, 46.2421264648, 9.30969429016, -8.62311267853], [2.61870002747, 9.91097545624, -4.64499139786, -3.25588750839, 8.0580291748, 6.31236553192, 9.80542755127, -7.04048299789, -4.66659450531, -1.30134904385, 9.30969429016, 29.0400371552, 10.3411951065], [-44.2524604797, -21.3140354156, -7.1853723526, 9.09347057343, 28.7269268036, 18.1614151001, 15.8746423721, -2.63676118851, -5.46227264404, 5.67598962784, -8.62311267853, 10.3411951065, 34.5729293823]],
