{
"lowlevel": {
    "average_loudness": 0.99068403244,
    "barkbands_crest": {
        "dmean": 3.38481378555,
        "dmean2": 5.64248466492,
        "dvar": 6.48630237579,
        "dvar2": 20.6157436371,
        "max": 23.082233429,
        "mean": 14.7505950928,
        "median": 15.2269744873,
        "min": 5.46787405014,
        "var": 22.590297699
    },
    "barkbands_flatness_db": {
        "dmean": 0.0188059471548,
        "dmean2": 0.0297884885222,
        "dvar": 0.000273723184364,
        "dvar2": 0.000777066277806,
        "max": 0.22882591188,
        "mean": 0.14858700335,
        "median": 0.143807470798,
        "min": 0.0902238190174,
        "var": 0.0010020788759
    },
    "barkbands_kurtosis": {
        "dmean": 6.0676279068,
        "dmean2": 9.60914516449,
        "dvar": 33.4536247253,
        "dvar2": 106.782104492,
        "max": 40.2467460632,
        "mean": 15.3150529861,
        "median": 13.4215297699,
        "min": 3.73944854736,
        "var": 68.2313995361
    },
    "barkbands_skewness": {
        "dmean": 0.658795535564,
        "dmean2": 1.05700945854,
        "dvar": 0.328667908907,
        "dvar2": 1.06532049179,
        "max": 5.94390153885,
        "mean": 3.44509482384,
        "median": 3.33890128136,
        "min": 1.99552810192,
        "var": 0.88579750061
    },
    "barkbands_spread": {
        "dmean": 4.35830783844,
        "dmean2": 7.21333265305,
        "dvar": 14.7187252045,
        "dvar2": 43.8389663696,
        "max": 33.1650390625,
        "mean": 15.2214736938,
        "median": 14.9721021652,
        "min": 3.95346426964,
        "var": 36.2214775085
    },
    "dissonance": {
        "dmean": 0.0229649078101,
        "dmean2": 0.0370118990541,
        "dvar": 0.000578472972848,
        "dvar2": 0.00106152275112,
        "max": 0.496488332748,
        "mean": 0.455661773682,
        "median": 0.461133092642,
        "min": 0.330985665321,
        "var": 0.000822666916065
    },
    "dynamic_complexity": 1.32787263393,
    "erbbands_crest": {
        "dmean": 2.81304788589,
        "dmean2": 4.45928430557,
        "dvar": 6.07055664062,
        "dvar2": 13.0489549637,
        "max": 29.1030101776,
        "mean": 10.7315216064,
        "median": 9.28222751617,
        "min": 4.45430278778,
        "var": 30.1072673798
    },
    "erbbands_flatness_db": {
        "dmean": 0.0155367227271,
        "dmean2": 0.0242642965168,
        "dvar": 0.000260329514276,
        "dvar2": 0.00048418296501,
        "max": 0.276815444231,
        "mean": 0.158207058907,
        "median": 0.151956126094,
        "min": 0.113844618201,
        "var": 0.0011674411362
    },
    "erbbands_kurtosis": {
        "dmean": 1.31440031528,
        "dmean2": 1.82870101929,
        "dvar": 2.84198355675,
        "dvar2": 3.95926094055,
        "max": 16.067117691,
        "mean": 1.64433979988,
        "median": 0.858826160431,
        "min": -0.676553964615,
        "var": 8.28153038025
    },
    "erbbands_skewness": {
        "dmean": 0.315652370453,
        "dmean2": 0.498331516981,
        "dvar": 0.0724926143885,
        "dvar2": 0.19340467453,
        "max": 2.76529884338,
        "mean": 1.17076277733,
        "median": 1.09739339352,
        "min": 0.322744220495,
        "var": 0.188739001751
    },
    "erbbands_spread": {
        "dmean": 5.01772403717,
        "dmean2": 7.85202980042,
        "dvar": 18.7606315613,
        "dvar2": 43.2169342041,
        "max": 43.0665893555,
        "mean": 29.383934021,
        "median": 31.0957984924,
        "min": 5.05427694321,
        "var": 74.1575927734
    },
    "hfc": {
        "dmean": 3.63753461838,
        "dmean2": 5.79972553253,
        "dvar": 19.5953464508,
        "dvar2": 34.541934967,
        "max": 54.4236335754,
        "mean": 18.2546977997,
        "median": 15.9952144623,
        "min": 8.9444103241,
        "var": 72.9908676147
    },
    "melbands_crest": {
        "dmean": 3.43980360031,
        "dmean2": 5.83135938644,
        "dvar": 5.64483547211,
        "dvar2": 15.7807474136,
        "max": 24.7607975006,
        "mean": 15.468870163,
        "median": 15.7868127823,
        "min": 6.37990140915,
        "var": 20.599149704
    },
    "melbands_flatness_db": {
        "dmean": 0.0198722518981,
        "dmean2": 0.0317384377122,
        "dvar": 0.000291936739814,
        "dvar2": 0.00086425349582,
        "max": 0.305024713278,
        "mean": 0.243574544787,
        "median": 0.241518512368,
        "min": 0.183516055346,
        "var": 0.00100260169711
    },
    "melbands_kurtosis": {
        "dmean": 7.7882194519,
        "dmean2": 12.8986654282,
        "dvar": 70.9429626465,
        "dvar2": 235.663909912,
        "max": 64.4654388428,
        "mean": 19.3569374084,
        "median": 15.9578609467,
        "min": 0.831434488297,
        "var": 190.622879028
    },
    "melbands_skewness": {
        "dmean": 0.771182656288,
        "dmean2": 1.22353816032,
        "dvar": 0.44696649909,
        "dvar2": 1.38350224495,
        "max": 6.67766952515,
        "mean": 3.24988627434,
        "median": 3.11988282204,
        "min": -0.214472591877,
        "var": 2.01820278168
    },
    "melbands_spread": {
        "dmean": 2.25725030899,
        "dmean2": 3.62961578369,
        "dvar": 3.45173978806,
        "dvar2": 8.90032672882,
        "max": 16.1779785156,
        "mean": 8.30240821838,
        "median": 7.73007202148,
        "min": 2.93569922447,
        "var": 10.6327171326
    },
    "pitch_salience": {
        "dmean": 0.0774122402072,
        "dmean2": 0.139143019915,
        "dvar": 0.00432814704254,
        "dvar2": 0.0111585278064,
        "max": 0.829791486263,
        "mean": 0.605493783951,
        "median": 0.624059677124,
        "min": 0.347432523966,
        "var": 0.0129446424544
    },
    "silence_rate_20dB": {
        "dmean": 0,
        "dmean2": 0,
        "dvar": 0,
        "dvar2": 0,
        "max": 1,
        "mean": 1,
        "median": 1,
        "min": 1,
        "var": 0
    },
    "silence_rate_30dB": {
        "dmean": 0,
        "dmean2": 0,
        "dvar": 0,
        "dvar2": 0,
        "max": 1,
        "mean": 1,
        "median": 1,
        "min": 1,
        "var": 0
    },
    "silence_rate_60dB": {
        "dmean": 0,
        "dmean2": 0,
        "dvar": 0,
        "dvar2": 0,
        "max": 0,
        "mean": 0,
        "median": 0,
        "min": 0,
        "var": 0
    },
    "spectral_centroid": {
        "dmean": 88.933265686,
        "dmean2": 150.767410278,
        "dvar": 6378.32470703,
        "dvar2": 15783.96875,
        "max": 908.575744629,
        "mean": 584.812683105,
        "median": 575.044799805,
        "min": 367.770446777,
        "var": 18003.4375
    },
    "spectral_complexity": {
        "dmean": 2.46250009537,
        "dmean2": 4.37974691391,
        "dvar": 5.87359380722,
        "dvar2": 14.0583248138,
        "max": 26,
        "mean": 14.4320983887,
        "median": 14,
        "min": 9,
        "var": 8.44291782379
    },
    "spectral_decrease": {
        "dmean": 1.70717195935e-09,
        "dmean2": 2.736432414e-09,
        "dvar": 3.27548426525e-18,
        "dvar2": 6.63438142347e-18,
        "max": -1.71588032671e-09,
        "mean": -5.82093084844e-09,
        "median": -4.76488315471e-09,
        "min": -2.06399803915e-08,
        "var": 1.22200028822e-17
    },
    "spectral_energy": {
        "dmean": 0.00667939335108,
        "dmean2": 0.0107103940099,
        "dvar": 5.14495986863e-05,
        "dvar2": 0.000101671663288,
        "max": 0.0828364416957,
        "mean": 0.0236252937466,
        "median": 0.0194798484445,
        "min": 0.00728741846979,
        "var": 0.000193448067876
    },
    "spectral_energyband_high": {
        "dmean": 8.93458345672e-05,
        "dmean2": 0.00014914876374,
        "dvar": 6.39906483357e-09,
        "dvar2": 1.95510398981e-08,
        "max": 0.000871145690326,
        "mean": 0.000385452673072,
        "median": 0.000376809039153,
        "min": 0.000239891247475,
        "var": 7.8780164614e-09
    },
    "spectral_energyband_low": {
        "dmean": 0.000818673870526,
        "dmean2": 0.00139469571877,
        "dvar": 4.64195721861e-07,
        "dvar2": 1.41917894325e-06,
        "max": 0.00347423483618,
        "mean": 0.00116037856787,
        "median": 0.000935809395742,
        "min": 0.000101479206933,
        "var": 6.84199051193e-07
    },
    "spectral_energyband_middle_high": {
        "dmean": 0.000687651336193,
        "dmean2": 0.00106981699355,
        "dvar": 2.05095466299e-06,
        "dvar2": 5.77099262955e-06,
        "max": 0.0110318772495,
        "mean": 0.00182519748341,
        "median": 0.00148803612683,
        "min": 0.000834047736134,
        "var": 1.8258564296e-06
    },
    "spectral_energyband_middle_low": {
        "dmean": 0.00651863962412,
        "dmean2": 0.0104864602908,
        "dvar": 5.08951998199e-05,
        "dvar2": 0.000102954312752,
        "max": 0.0784820392728,
        "mean": 0.0206151846796,
        "median": 0.0171419531107,
        "min": 0.00493296189234,
        "var": 0.000185096418136
    },
    "spectral_entropy": {
        "dmean": 0.14000633359,
        "dmean2": 0.222253531218,
        "dvar": 0.0128257153556,
        "dvar2": 0.0337183661759,
        "max": 7.68454885483,
        "mean": 7.29726219177,
        "median": 7.31657028198,
        "min": 6.69757890701,
        "var": 0.0469894893467
    },
    "spectral_flux": {
        "dmean": 0.0166616030037,
        "dmean2": 0.024015692994,
        "dvar": 0.000433208275354,
        "dvar2": 0.000585640256759,
        "max": 0.279093593359,
        "mean": 0.0789271295071,
        "median": 0.069719851017,
        "min": 0.0431272238493,
        "var": 0.00105366611388
    },
    "spectral_kurtosis": {
        "dmean": 1.17819452286,
        "dmean2": 1.97907483578,
        "dvar": 1.392141819,
        "dvar2": 2.72524333,
        "max": 17.2247753143,
        "mean": 12.0943222046,
        "median": 11.6209030151,
        "min": 8.08108329773,
        "var": 2.75394296646
    },
    "spectral_rms": {
        "dmean": 0.00067064963514,
        "dmean2": 0.00107581191696,
        "dvar": 3.87598390716e-07,
        "dvar2": 8.89160446604e-07,
        "max": 0.00898977462202,
        "mean": 0.00463874591514,
        "median": 0.00435944134369,
        "min": 0.00266639771871,
        "var": 1.53110329393e-06
    },
    "spectral_rolloff": {
        "dmean": 175.22644043,
        "dmean2": 298.466552734,
        "dvar": 25708.0136719,
        "dvar2": 73340.3203125,
        "max": 1162.79296875,
        "mean": 626.323791504,
        "median": 624.462890625,
        "min": 279.931640625,
        "var": 47091.4296875
    },
    "spectral_skewness": {
        "dmean": 0.158971861005,
        "dmean2": 0.259115874767,
        "dvar": 0.0266261100769,
        "dvar2": 0.0501096397638,
        "max": 3.01521706581,
        "mean": 2.47552847862,
        "median": 2.44259881973,
        "min": 1.88309085369,
        "var": 0.0417873710394
    },
    "spectral_spread": {
        "dmean": 203940.84375,
        "dmean2": 329271.90625,
        "dvar": 49837793280,
        "dvar2": 97000071168,
        "max": 5450687,
        "mean": 4032249.75,
        "median": 4074072,
        "min": 2454323.75,
        "var": 157399842816
    },
    "spectral_strongpeak": {
        "dmean": 0.479346424341,
        "dmean2": 0.665955543518,
        "dvar": 0.442405790091,
        "dvar2": 0.618659317493,
        "max": 5.79733085632,
        "mean": 1.11473953724,
        "median": 0.822969079018,
        "min": 0.0624648369849,
        "var": 1.32561981678
    },
    "zerocrossingrate": {
        "dmean": 0.0109924320132,
        "dmean2": 0.0145742679015,
        "dvar": 9.99092444545e-05,
        "dvar2": 0.000140667485539,
        "max": 0.1298828125,
        "mean": 0.0847198143601,
        "median": 0.08251953125,
        "min": 0.013671875,
        "var": 0.00052277330542
    },
    "barkbands": {
        "dmean": [3.85314115192e-06, 0.000127587598399, 0.000548117503058, 0.000848811469041, 0.00447919871658, 0.00121759320609, 0.000486856617499, 0.00184015219565, 0.00144178431947, 0.000528084521648, 0.000191548344446, 0.000150836218381, 0.000104576916783, 4.71708299301e-05, 4.8323541705e-05, 5.59029576834e-05, 7.11077809683e-05, 2.74780850305e-05, 1.3629303794e-05, 1.54715271492e-05, 1.90215178009e-05, 7.01333328834e-06, 2.31241142501e-06, 8.4248785015e-07, 4.94823950703e-07, 6.68773054713e-07, 8.64044995978e-05],
        "dmean2": [4.50564994026e-06, 0.000228227276239, 0.000949566776399, 0.0015531622339, 0.00800364930183, 0.00195731176063, 0.000729491177481, 0.00285185989924, 0.00164836377371, 0.000909743597731, 0.000343327206792, 0.000233772341744, 0.000165323071997, 8.28507545521e-05, 8.32282094052e-05, 7.9310266301e-05, 0.000110788249003, 4.50220541097e-05, 2.29411361943e-05, 2.47452499025e-05, 3.43059255101e-05, 1.19633568829e-05, 4.00807130063e-06, 1.50251526065e-06, 8.52154812492e-07, 1.21176731227e-06, 0.000147780534462],
        "dvar": [5.75594683028e-10, 1.55366386423e-08, 2.87295364387e-07, 6.28886027698e-07, 2.08161836781e-05, 1.14360625503e-06, 8.74139800544e-07, 2.88119281322e-05, 1.46976253745e-05, 7.30328792997e-07, 1.6654784929e-07, 3.93542869404e-08, 2.58128665109e-08, 2.19528351053e-09, 1.7218135806e-09, 1.29541009031e-08, 3.14955101999e-08, 8.66750227146e-10, 2.53537885131e-10, 1.04362951614e-09, 1.60307289665e-09, 4.52423862263e-11, 3.91199486e-12, 1.37061369199e-12, 1.24475747093e-13, 2.43810397219e-13, 4.37190328384e-09],
        "dvar2": [5.72163094681e-10, 4.20286347946e-08, 8.11825032088e-07, 1.95879897547e-06, 6.69041473884e-05, 2.58824388766e-06, 8.8300328116e-07, 5.49825745111e-05, 1.1043851373e-05, 2.08069150176e-06, 4.42898624442e-07, 8.82983712813e-08, 5.64962334693e-08, 6.07254158069e-09, 4.74244021831e-09, 1.47403129702e-08, 3.05286107505e-08, 1.86967974436e-09, 6.70215272169e-10, 2.34160535406e-09, 4.64212357443e-09, 1.16491760682e-10, 8.25540937693e-12, 3.78326363293e-12, 3.83998388642e-13, 6.41895770478e-13, 1.25018768671e-08],
        "max": [0.000223217255552, 0.000627199478913, 0.00274191610515, 0.00353224761784, 0.0334201715887, 0.00791717786342, 0.0104675861076, 0.0615021400154, 0.0437690354884, 0.00575917586684, 0.00319327437319, 0.00159144366626, 0.00134298217017, 0.000328334863298, 0.000300393847283, 0.00119676708709, 0.00178765447345, 0.000312908930937, 0.000109484040877, 0.000243741800659, 0.000306842819555, 5.99194900133e-05, 1.75243185367e-05, 9.27550718188e-06, 3.55137672159e-06, 5.91539810557e-06, 0.000613177195191],
        "mean": [8.34054480947e-06, 0.000133120440296, 0.000671980902553, 0.000876256439369, 0.0111291809008, 0.00223603309132, 0.000825596274808, 0.00270183198154, 0.00261952378787, 0.000670622277539, 0.000251270394074, 0.000270058371825, 0.000160165713169, 9.07295470824e-05, 9.39181918511e-05, 0.000154226232553, 0.00012971428805, 5.631141903e-05, 3.28546266246e-05, 3.56915406883e-05, 4.51225459983e-05, 2.65423623205e-05, 9.86621853372e-06, 3.63136905435e-06, 2.51864457823e-06, 4.51147343483e-06, 0.000340432277881],
        "median": [5.6041390053e-06, 9.26322609303e-05, 0.000421706849011, 0.000575820857193, 0.0104291755706, 0.00202979706228, 0.000583929067943, 0.000505549483933, 0.000560898100957, 0.000440171716036, 0.000174898828845, 0.000203448711545, 0.000115513219498, 7.88131146692e-05, 8.68499409989e-05, 0.000126397091663, 9.6019153716e-05, 4.67723184556e-05, 2.88635255856e-05, 2.9619106499e-05, 3.99646014557e-05, 2.531627797e-05, 9.60501074587e-06, 3.50847744812e-06, 2.48810692938e-06, 4.50309062217e-06, 0.000325296685332],
        "min": [2.88194996756e-06, 6.89325474923e-07, 3.83800725103e-05, 6.83822436258e-05, 0.000976226874627, 0.000355806172593, 0.000106836967461, 8.52441444295e-05, 0.00012863453594, 5.04637719132e-05, 2.04762527574e-05, 2.64472164417e-05, 2.53901507676e-05, 2.87278980977e-05, 1.75585046236e-05, 3.5470999137e-05, 4.37066519225e-05, 2.00786907953e-05, 9.83315840131e-06, 1.82271487574e-05, 1.96817254619e-05, 1.46186894199e-05, 5.3631101764e-06, 1.96379846784e-06, 1.6860381038e-06, 2.92629761134e-06, 0.000148195627844],
        "var": [5.78514569582e-10, 1.66046252303e-08, 3.92922515857e-07, 5.90287015712e-07, 5.46064075024e-05, 1.9295500806e-06, 1.3912333543e-06, 8.40440479806e-05, 5.80200867262e-05, 5.70723443616e-07, 1.31845709461e-07, 4.5883417954e-08, 3.45312614058e-08, 2.87958745737e-09, 2.56073939831e-09, 1.86400814783e-08, 3.73608415316e-08, 1.69113367754e-09, 2.9461771911e-10, 9.51861256482e-10, 1.05850350707e-09, 5.87941362262e-11, 5.97517998621e-12, 1.00662826599e-12, 1.80280351194e-13, 3.53174737719e-13, 6.04824990091e-09]
    },
    "erbbands": {
        "dmean": [0.00116081314627, 0.0434783212841, 0.483462244272, 1.68378794193, 5.4401807785, 23.7599716187, 16.3394126892, 12.3790645599, 6.29339122772, 21.9334716797, 24.3332939148, 41.3366966248, 20.9849510193, 8.16064929962, 7.02198314667, 6.05426836014, 4.82267332077, 2.6480717659, 1.94533383846, 2.85997033119, 3.41519856453, 3.70302724838, 1.75474572182, 0.768537461758, 0.689576745033, 0.756583631039, 0.963381886482, 0.551804482937, 0.285288393497, 0.157918691635, 0.0604778900743, 0.0219078157097, 0.0137696294114, 0.00584610551596, 0.00416860822588, 0.00232765590772, 0.00173535756767, 0.000933012459427, 0.00108565972187, 0.0023043891415],
        "dmean2": [0.00194141594693, 0.0776528418064, 0.850367486477, 2.98821163177, 9.5557308197, 40.8281021118, 28.9453010559, 20.9848117828, 10.483496666, 34.3068313599, 40.2908439636, 45.7192649841, 30.7507038116, 14.1219835281, 12.5218648911, 9.25200462341, 7.61332368851, 4.48273658752, 3.26680707932, 4.26819372177, 5.01112127304, 5.85502290726, 2.70173978806, 1.27064633369, 1.18192923069, 1.24253356457, 1.75833690166, 0.943390548229, 0.491388827562, 0.280216783285, 0.100802972913, 0.0372963771224, 0.0235106032342, 0.0100684836507, 0.00745361158624, 0.00408854102716, 0.00296986429021, 0.00164896831848, 0.00173632823862, 0.0039380104281],
        "dvar": [4.38915640188e-06, 0.001652962761, 0.210825204849, 2.08364605904, 18.0368671417, 517.414916992, 244.374221802, 180.617156982, 44.1332778931, 4375.43017578, 4797.99853516, 12768.1669922, 782.298950195, 294.829528809, 200.536651611, 65.5589675903, 73.3268051147, 7.18296432495, 3.11607217789, 13.62799263, 30.8159122467, 92.6187744141, 7.67001819611, 0.678223252296, 0.870826244354, 2.90158319473, 4.34051513672, 0.884376883507, 0.0813029035926, 0.025829160586, 0.00238806894049, 0.000403404992539, 0.00032275862759, 2.10211765079e-05, 8.94581262401e-06, 2.7880455491e-06, 1.42743510878e-06, 5.94082621319e-07, 5.23574328781e-07, 2.8170004498e-06],
        "dvar2": [5.71665123061e-06, 0.00504713691771, 0.620802164078, 6.56768035889, 53.3386001587, 1730.37792969, 756.572265625, 452.906158447, 83.6658477783, 6073.54882812, 10541.3671875, 9608.72851562, 1591.76794434, 898.467773438, 544.620544434, 138.613739014, 179.634674072, 18.0202236176, 8.29462432861, 15.1147289276, 39.4774208069, 92.858001709, 7.671833992, 1.05520784855, 2.40069127083, 6.91490936279, 11.9562311172, 2.47667431831, 0.220226943493, 0.0698436424136, 0.00597235606983, 0.00110423879232, 0.000906826171558, 5.27532647538e-05, 2.75624570349e-05, 7.79352376412e-06, 4.07133802582e-06, 1.55296368121e-06, 1.34661422635e-06, 8.02998783911e-06],
        "max": [0.0183961745352, 0.215791478753, 2.52999258041, 6.90496778488, 24.9038524628, 184.428421021, 91.3847503662, 85.6942062378, 54.7583007812, 861.288757324, 643.402832031, 1300.87365723, 231.118652344, 128.040084839, 110.321510315, 69.1105117798, 71.1974029541, 22.3851642609, 14.3933200836, 44.5758628845, 59.3136672974, 96.1992645264, 33.9043922424, 9.72296333313, 6.35868597031, 12.2836084366, 16.7187328339, 7.50961971283, 2.2600915432, 1.34561765194, 0.431363552809, 0.203875720501, 0.142489016056, 0.0470031909645, 0.0265604425222, 0.0200886521488, 0.0125761665404, 0.00807649083436, 0.0103470617905, 0.0158360842615],
        "mean": [0.0014937693486, 0.0494658052921, 0.609084010124, 2.01220202446, 8.64638996124, 58.6928062439, 31.5039157867, 18.0244808197, 12.3829288483, 40.2747688293, 38.7475166321, 75.3097076416, 32.2119178772, 13.1557750702, 10.3048601151, 11.4257192612, 7.76625585556, 5.37285423279, 4.66740942001, 6.43950653076, 8.50506782532, 7.10779714584, 3.70400094986, 1.88667142391, 1.64729464054, 1.71964800358, 2.02073550224, 1.50964963436, 0.988019108772, 0.609048545361, 0.233217760921, 0.0921612232924, 0.055123347789, 0.0282788518816, 0.0186501629651, 0.01341899205, 0.0089474953711, 0.00614823680371, 0.00811914540827, 0.00882542878389],
        "median": [0.00103311229032, 0.034223433584, 0.407290875912, 1.71357560158, 7.55465364456, 50.7378768921, 27.1317176819, 12.4993686676, 9.15662574768, 10.684510231, 10.302772522, 13.287530899, 15.7403764725, 9.69895839691, 8.27019405365, 8.86362361908, 5.74838542938, 4.47614955902, 4.35385942459, 5.42166090012, 7.28233957291, 5.39493846893, 2.96443653107, 1.65830290318, 1.39216041565, 1.42128288746, 1.6748098135, 1.29970264435, 0.939757108688, 0.58450627327, 0.224756881595, 0.0904668718576, 0.0529877878726, 0.027390960604, 0.0182227175683, 0.0133484760299, 0.00888282526284, 0.0061944569461, 0.00811988301575, 0.00868425611407],
        "min": [8.14093873487e-05, 0.00194714416284, 0.0488576069474, 0.178831547499, 2.44365525246, 2.55479645729, 5.66765737534, 3.33722901344, 2.39498758316, 1.8959980011, 2.25525784492, 3.35482907295, 3.10157060623, 2.19521021843, 2.20090818405, 1.37592673302, 1.92829525471, 1.43685424328, 1.62394440174, 1.47158527374, 2.41571784019, 2.20541024208, 1.16556704044, 0.853849828243, 0.698253750801, 0.839241445065, 1.03061938286, 0.703776299953, 0.495326817036, 0.343636929989, 0.108549557626, 0.0520590655506, 0.0280665736645, 0.0186358038336, 0.0121891116723, 0.00732408137992, 0.00573873659596, 0.00403518136591, 0.00454160058871, 0.00360922235996],
        "var": [4.45356772616e-06, 0.00184546259698, 0.291914641857, 2.29918313026, 25.8761177063, 1877.81652832, 347.384033203, 207.803604126, 102.959754944, 17793.2382812, 11603.9394531, 51133.46875, 2002.51135254, 213.700805664, 151.255310059, 83.3845748901, 83.1342544556, 10.8729467392, 4.8148150444, 26.029291153, 46.7047843933, 108.322555542, 14.7236013412, 1.18797922134, 0.868123114109, 2.33843493462, 3.21002578735, 0.672843337059, 0.0903872549534, 0.0277423392981, 0.00361655559391, 0.000488045916427, 0.000260785629507, 2.94419169222e-05, 1.24424132082e-05, 4.50152765552e-06, 2.48611650022e-06, 8.13859969639e-07, 1.15396551337e-06, 4.14043688579e-06]
    },
    "gfcc": {
        "mean": [-5.93218994141, 90.3998794556, -96.0675125122, -14.7051610947, -47.95936203, -35.8031196594, -24.6154155731, -31.4615345001, -16.8660297394, -22.1778411865, -21.4635696411, -7.1721777916, -2.33608222008],
        "cov": [[115.753395081, 51.4646720886, -65.2637634277, -38.5249481201, -25.8871059418, -15.7567958832, 26.4113674164, 44.1746940613, 34.2931251526, 9.92885780334, -9.41572761536, -20.7100372314, -11.9773378372], [51.4646720886, 47.6816978455, -9.93315029144, -9.00851154327, 4.73791694641, 0.67555552721, 14.6582489014, 28.7758750916, 22.1171245575, 0.658925414085, -11.4987649918, -11.2166728973, -9.28851509094], [-65.2637634277, -9.93315029144, 89.6631011963, 62.3860282898, 43.5788612366, 27.3194847107, -11.968996048, -37.8605270386, -30.4754085541, -13.7030534744, 4.9418387413, 19.1330718994, 12.4464654922], [-38.5249481201, -9.00851154327, 62.3860282898, 87.7720108032, 66.8686218262, 30.4337882996, -4.17063045502, -26.0697288513, -20.1319599152, -2.61121797562, 9.08086204529, 20.2698459625, 17.0245666504], [-25.8871059418, 4.73791694641, 43.5788612366, 66.8686218262, 76.3208770752, 35.7892684937, 4.77714443207, -2.52668714523, -0.774498343468, -2.16025018692, -0.588392138481, 8.06752109528, 6.02085828781], [-15.7567958832, 0.67555552721, 27.3194847107, 30.4337882996, 35.7892684937, 45.7749595642, 25.778263092, 1.57568776608, -0.29096236825, 1.64985084534, 1.95005011559, 5.40168762207, -1.97444570065], [26.4113674164, 14.6582489014, -11.968996048, -4.17063045502, 4.77714443207, 25.778263092, 43.5975875854, 31.3620147705, 19.1375045776, 7.71476221085, -2.45807790756, -6.49886465073, -7.13972759247], [44.1746940613, 28.7758750916, -37.8605270386, -26.0697288513, -2.52668714523, 1.57568776608, 31.3620147705, 67.6603317261, 46.5703353882, 15.513461113, -6.35250997543, -17.5732288361, -20.9113941193], [34.2931251526, 22.1171245575, -30.4754085541, -20.1319599152, -0.774498343468, -0.29096236825, 19.1375045776, 46.5703353882, 47.6716423035, 23.0173206329, 0.644253611565, -12.8421192169, -20.2739696503], [9.92885780334, 0.658925414085, -13.7030534744, -2.61121797562, -2.16025018692, 1.64985084534, 7.71476221085, 15.513461113, 23.0173206329, 37.0168991089, 26.9137115479, 7.52326345444, -11.8542404175], [-9.41572761536, -11.4987649918, 4.9418387413, 9.08086204529, -0.588392138481, 1.95005011559, -2.45807790756, -6.35250997543, 0.644253611565, 26.9137115479, 43.3270072937, 24.6235485077, -1.57197868824], [-20.7100372314, -11.2166728973, 19.1330718994, 20.2698459625, 8.06752109528, 5.40168762207, -6.49886465073, -17.5732288361, -12.8421192169, 7.52326345444, 24.6235485077, 29.3811283112, 13.2556858063], [-11.9773378372, -9.28851509094, 12.4464654922, 17.0245666504, 6.02085828781, -1.97444570065, -7.13972759247, -20.9113941193, -20.2739696503, -11.8542404175, -1.57197868824, 13.2556858063, 36.1356620789]],
        "icov": [[0.0621466785669, -0.068133495748, 0.0495514087379, -0.0344319157302, 0.0248117111623, 0.00497507490218, -0.0200800597668, 0.0148286176845, -0.00301461201161, 0.0112552717328, -0.0207211542875, 0.0207330528647, -0.00351458997466], [-0.068133495748, 0.108420602977, -0.0604107268155, 0.0438419133425, -0.0371843539178, 0.0099502755329, 0.00766960298643, -0.0190513804555, -0.00724926171824, -0.00831921864301, 0.030238347128, -0.0287238638848, 0.0077240630053], [0.0495514087379, -0.0604107268155, 0.0734117031097, -0.0504259541631, 0.0312915369868, -0.0191763192415, 0.00120458437596, 0.0148096261546, -0.00285376352258, 0.0221576169133, -0.0194809772074, 0.0111116152257, 0.00265794084407], [-0.0344319157302, 0.0438419133425, -0.0504259541631, 0.0948334932327, -0.0780305042863, 0.0262854006141, -0.0140999089926, 0.00192781118676, 0.0223967265338, -0.0312522165477, 0.0184123292565, -0.0214636027813, -0.00369827169925], [0.0248117111623, -0.0371843539178, 0.0312915369868, -0.0780305042863, 0.0989607349038, -0.0613719597459, 0.0418194867671, -0.0143986828625, -0.025516808033, 0.0251123737544, -0.0143312271684, 0.0201443731785, -0.00935248937458], [0.00497507490218, 0.0099502755329, -0.0191763192415, 0.0262854006141, -0.0613719597459, 0.123861685395, -0.0993951708078, 0.0333365015686, 0.00726472912356, -0.0115490639582, 0.0145182674751, -0.0234367307276, 0.0245904307812], [-0.0200800597668, 0.00766960298643, 0.00120458437596, -0.0140999089926, 0.0418194867671, -0.0993951708078, 0.120394699275, -0.0529006421566, 0.00484588509426, -0.00142698199488, -0.00342712691054, 0.0142383594066, -0.0208019390702], [0.0148286176845, -0.0190513804555, 0.0148096261546, 0.00192781118676, -0.0143986828625, 0.0333365015686, -0.0529006421566, 0.0804980993271, -0.0538563281298, 0.0190294906497, -0.00710966158658, -0.000629424292129, 0.0103086885065], [-0.00301461201161, -0.00724926171824, -0.00285376352258, 0.0223967265338, -0.025516808033, 0.00726472912356, 0.00484588509426, -0.0538563281298, 0.123515620828, -0.073857203126, 0.0277279820293, 0.00235854205675, 0.00741931097582], [0.0112552717328, -0.00831921864301, 0.0221576169133, -0.0312522165477, 0.0251123737544, -0.0115490639582, -0.00142698199488, 0.0190294906497, -0.073857203126, 0.125810116529, -0.0795746892691, 0.0184853170067, 0.00419059349224], [-0.0207211542875, 0.030238347128, -0.0194809772074, 0.0184123292565, -0.0143312271684, 0.0145182674751, -0.00342712691054, -0.00710966158658, 0.0277279820293, -0.0795746892691, 0.123230397701, -0.0887465402484, 0.024697849527], [0.0207330528647, -0.0287238638848, 0.0111116152257, -0.0214636027813, 0.0201443731785, -0.0234367307276, 0.0142383594066, -0.000629424292129, 0.00235854205675, 0.0184853170067, -0.0887465402484, 0.136933624744, -0.0431192442775], [-0.00351458997466, 0.0077240630053, 0.00265794084407, -0.00369827169925, -0.00935248937458, 0.0245904307812, -0.0208019390702, 0.0103086885065, 0.00741931097582, 0.00419059349224, 0.024697849527, -0.0431192442775, 0.0565074831247]]
    },
    "melbands": {
        "dmean": [2.11664337257e-05, 0.000187036057469, 0.000351419148501, 0.000975150614977, 0.000690363987815, 0.000251971971011, 9.43632767303e-05, 0.000309611466946, 0.000168574420968, 0.000274609046755, 9.76127048489e-05, 3.85205858038e-05, 2.76084083453e-05, 2.02434821404e-05, 9.70416294876e-06, 1.11073604785e-05, 5.02964030602e-06, 3.44594946e-06, 3.54616463483e-06, 4.28842895417e-06, 4.37077551396e-06, 4.5186634452e-06, 2.36181585933e-06, 1.21071866488e-06, 6.4065108063e-07, 5.90551167079e-07, 4.83345900193e-07, 5.47065724277e-07, 7.14102498023e-07, 4.48376056283e-07, 3.23319738982e-07, 2.17480533138e-07, 1.41856901337e-07, 8.8180584612e-08, 4.43393695093e-08, 2.09419592778e-08, 1.46507108667e-08, 1.33508040179e-08, 7.05454539229e-09, 5.46446887739e-09],
        "dmean2": [3.74213050236e-05, 0.000324171356624, 0.00061216665199, 0.00171894265804, 0.00122423330322, 0.000420834869146, 0.000149687562953, 0.000479387002997, 0.000279709114693, 0.000302960455883, 0.000151319429278, 6.75159099046e-05, 4.9099286116e-05, 3.24731772707e-05, 1.70070306922e-05, 1.73094558704e-05, 8.93332889973e-06, 5.64390711588e-06, 6.19022421233e-06, 6.0963066062e-06, 6.75402270645e-06, 7.3669007179e-06, 3.49479205397e-06, 1.96917221729e-06, 1.0767337244e-06, 1.01670764252e-06, 8.02474687589e-07, 8.96182086763e-07, 1.29325621856e-06, 7.74626471411e-07, 5.28163354829e-07, 3.87594809581e-07, 2.54698107938e-07, 1.52108171392e-07, 7.37146521601e-08, 3.68148711516e-08, 2.40937758633e-08, 2.31200374401e-08, 1.20087761957e-08, 9.823388325e-09],
        "dvar": [6.07952077569e-10, 2.94851183469e-08, 7.651345868e-08, 8.35061086946e-07, 4.94387109029e-07, 7.06599863065e-08, 1.03440811472e-08, 8.76031833741e-07, 2.16805958075e-07, 5.82795223636e-07, 1.67840745746e-08, 6.08835071247e-09, 3.67288732761e-09, 7.34469318697e-10, 8.95065549456e-11, 3.69373392983e-10, 2.6460163921e-11, 8.05384144792e-12, 1.21732025501e-11, 7.44694722554e-11, 3.32036897976e-11, 9.90738394102e-11, 3.97243939132e-11, 2.1693048833e-12, 3.86526802319e-13, 6.93529110009e-13, 6.79386885291e-13, 1.40821241387e-12, 3.02592434616e-12, 2.82572034348e-13, 2.63561687665e-13, 3.50033248372e-14, 2.04051236492e-14, 5.36455018726e-15, 1.24624201051e-15, 4.2045834058e-16, 1.7479075438e-16, 3.89373343147e-16, 3.38504144225e-17, 2.02478742722e-17],
        "dvar2": [1.22736165675e-09, 8.98340672961e-08, 2.4537837362e-07, 2.63907236331e-06, 1.61792831932e-06, 1.79017376922e-07, 1.6689011062e-08, 1.36496100822e-06, 4.90411707688e-07, 4.38040359541e-07, 4.12820639895e-08, 1.85303097311e-08, 9.790817046e-09, 1.70809666411e-09, 2.4682048072e-10, 7.55947027198e-10, 7.43533498659e-11, 2.29987383304e-11, 3.00259157815e-11, 7.04710942379e-11, 4.93776200483e-11, 1.03421021747e-10, 3.48873915867e-11, 4.32330516872e-12, 7.12866668907e-13, 2.0340706116e-12, 1.36669083169e-12, 3.37978690174e-12, 8.22124920224e-12, 8.65123998915e-13, 7.32198156272e-13, 8.96787188238e-14, 5.77978691383e-14, 1.40733270578e-14, 3.12955168846e-15, 1.12163615831e-15, 5.74765270727e-16, 1.13378462248e-15, 8.72165605939e-17, 5.01669424343e-17],
        "max": [0.00017648137873, 0.000955239345785, 0.00148773111869, 0.00687562953681, 0.00480155739933, 0.00179126951844, 0.00104302912951, 0.0118191819638, 0.00425677374005, 0.00867939647287, 0.000790750025772, 0.000568944960833, 0.000469337304821, 0.000204594660318, 7.05408019712e-05, 0.000157829228556, 3.70597517758e-05, 2.20902220462e-05, 2.67547238764e-05, 9.54280330916e-05, 5.95310011704e-05, 9.99133771984e-05, 6.60192963551e-05, 1.59297851496e-05, 6.74875718687e-06, 5.98584074396e-06, 6.70852659823e-06, 8.96520032256e-06, 1.36870594361e-05, 4.33763216279e-06, 4.03999638365e-06, 1.19030107726e-06, 1.10351754756e-06, 6.117422231e-07, 2.58734161207e-07, 1.73809311832e-07, 1.06031315283e-07, 1.46164609305e-07, 5.83525796571e-08, 4.02577455816e-08],
        "mean": [2.37695840042e-05, 0.000229315992328, 0.000457062502392, 0.002265175106, 0.0016279873671, 0.000392284389818, 0.000178349771886, 0.000529431563336, 0.000263556197751, 0.00049184897216, 0.000144767996971, 5.66242269997e-05, 3.52279457729e-05, 3.3009393519e-05, 1.99327096198e-05, 1.61921670951e-05, 9.10520702746e-06, 7.35526145945e-06, 7.19998297427e-06, 1.04273121906e-05, 9.7162082966e-06, 8.01613805379e-06, 4.49299704997e-06, 2.43776639763e-06, 1.39348310313e-06, 1.2617201719e-06, 1.06178413262e-06, 1.14366366688e-06, 1.3026515262e-06, 1.09087375222e-06, 8.00581062776e-07, 5.82115660563e-07, 4.50166766086e-07, 2.86042364905e-07, 1.43988870605e-07, 7.35792866635e-08, 4.83588316058e-08, 4.09699936199e-08, 2.90452586427e-08, 2.15752571364e-08],
        "median": [1.72846885107e-05, 0.000155260655447, 0.000363360799383, 0.00193664198741, 0.00141272740439, 0.000316606252454, 0.000139307463542, 0.000114670780022, 8.1711797975e-05, 8.09284974821e-05, 7.86011005403e-05, 4.33230197814e-05, 2.61173354374e-05, 2.62589346676e-05, 1.75741115527e-05, 1.06716342998e-05, 7.52733512854e-06, 6.54356563246e-06, 6.52174639981e-06, 8.20705008664e-06, 8.52076755109e-06, 6.09679773333e-06, 3.40194264936e-06, 2.08628921428e-06, 1.24166103888e-06, 1.043211455e-06, 9.02906322153e-07, 9.72950829237e-07, 1.03757224679e-06, 9.87929638541e-07, 6.82061056523e-07, 5.32476747139e-07, 4.16893755073e-07, 2.78893935501e-07, 1.39387950071e-07, 6.95477311297e-08, 4.70517598217e-08, 3.82071867477e-08, 2.88894845824e-08, 2.13255617609e-08],
        "min": [4.00185967919e-07, 2.10734997381e-05, 3.88901753468e-05, 0.000240770415985, 0.000221786147449, 6.59258148517e-05, 3.36609591614e-05, 1.80681090569e-05, 1.42137751027e-05, 2.10675898416e-05, 1.5036230252e-05, 7.27213591745e-06, 3.93707705371e-06, 3.45463058693e-06, 2.87685224976e-06, 2.81308234662e-06, 2.38880670622e-06, 2.49894878834e-06, 1.64975654116e-06, 2.21034133574e-06, 2.84025168185e-06, 2.45996398007e-06, 9.19343847272e-07, 6.98117219144e-07, 4.85246971493e-07, 2.66165955054e-07, 5.14566977472e-07, 5.18078536516e-07, 4.57703407619e-07, 3.85945696735e-07, 3.34477874731e-07, 2.40194168555e-07, 2.07392588436e-07, 1.59942359801e-07, 5.3094371566e-08, 3.58015732616e-08, 2.87938206611e-08, 1.89426980768e-08, 1.68852221094e-08, 1.27568968722e-08],
        "var": [6.38575303746e-10, 4.15221315109e-08, 9.79303891313e-08, 2.40361055148e-06, 1.04318849026e-06, 8.69752270205e-08, 2.26491891908e-08, 3.2567506878e-06, 4.96868096889e-07, 2.29583383771e-06, 2.84537993167e-08, 4.32426627839e-09, 2.77749268029e-09, 8.07825861759e-10, 1.26352706076e-10, 5.09877640109e-10, 3.41612224619e-11, 1.3800872771e-11, 1.77164463655e-11, 1.11955077153e-10, 5.20370413426e-11, 1.20015705707e-10, 5.04003436208e-11, 4.30039901259e-12, 6.09657181509e-13, 6.41177649169e-13, 6.58129692237e-13, 1.14047996307e-12, 2.23366962947e-12, 2.673292089e-13, 2.12791617009e-13, 4.0317114881e-14, 2.30746276036e-14, 7.04904206837e-15, 1.80431337358e-15, 5.18513495063e-16, 1.82773854619e-16, 2.85153297586e-16, 4.85153274489e-17, 2.39343849974e-17]
    },
    "mfcc": {
        "mean": [-668.136230469, 154.704177856, -7.90283346176, 20.9215545654, -17.6573486328, -0.285534381866, -19.8692016602, -6.89395093918, -4.51619958878, -16.7349185944, -15.5353975296, -10.0359277725, -9.66592597961],
        "cov": [[152.800872803, 46.8664665222, -61.3365898132, -30.9362335205, -50.6996536255, -49.2253952026, -16.5096702576, 6.80205440521, 35.6095542908, 32.4688339233, 22.3162250519, 30.0174446106, 3.91392588615], [46.8664665222, 47.3801879883, -13.0561676025, -11.6654720306, -8.27245521545, -21.5186767578, -10.1905918121, 13.8251829147, 21.8562507629, 17.4519824982, 17.9421062469, 14.150103569, -0.887548446655], [-61.3365898132, -13.0561676025, 58.9640083313, 23.479637146, 21.6446266174, 35.3665390015, 16.762336731, -0.945110797882, -21.580286026, -22.9529094696, -18.3236198425, -16.5812129974, 2.52601313591], [-30.9362335205, -11.6654720306, 23.479637146, 53.7656745911, 49.7189941406, 33.3502616882, 17.2117881775, 3.29889249802, -1.69711589813, -11.8704538345, -13.3337879181, -8.51324272156, 3.24053883553], [-50.6996536255, -8.27245521545, 21.6446266174, 49.7189941406, 74.3788375854, 42.6566352844, 16.8917655945, 10.4129676819, -0.806839585304, -7.31142902374, -4.88374662399, -6.42188024521, -0.44132488966], [-49.2253952026, -21.5186767578, 35.3665390015, 33.3502616882, 42.6566352844, 69.5688095093, 34.0346755981, 7.37132358551, -8.4271774292, -15.3113632202, -14.1611356735, -12.2854537964, 4.39337968826], [-16.5096702576, -10.1905918121, 16.762336731, 17.2117881775, 16.8917655945, 34.0346755981, 36.2109298706, 14.8965377808, 1.88776838779, -4.7396364212, -5.13916683197, -3.15331029892, 5.23976612091], [6.80205440521, 13.8251829147, -0.945110797882, 3.29889249802, 10.4129676819, 7.37132358551, 14.8965377808, 34.6927452087, 23.3780784607, 12.9414081573, 12.9346599579, 6.86852502823, -3.85563993454], [35.6095542908, 21.8562507629, -21.580286026, -1.69711589813, -0.806839585304, -8.4271774292, 1.88776838779, 23.3780784607, 47.2863883972, 27.6651649475, 14.6669721603, 7.76270914078, -7.97791433334], [32.4688339233, 17.4519824982, -22.9529094696, -11.8704538345, -7.31142902374, -15.3113632202, -4.7396364212, 12.9414081573, 27.6651649475, 41.7193412781, 30.5325279236, 15.1350126266, -4.01321697235], [22.3162250519, 17.9421062469, -18.3236198425, -13.3337879181, -4.88374662399, -14.1611356735, -5.13916683197, 12.9346599579, 14.6669721603, 30.5325279236, 58.0350875854, 37.0897445679, 12.6423540115], [30.0174446106, 14.150103569, -16.5812129974, -8.51324272156, -6.42188024521, -12.2854537964, -3.15331029892, 6.86852502823, 7.76270914078, 15.1350126266, 37.0897445679, 46.8739700317, 24.4527359009], [3.91392588615, -0.887548446655, 2.52601313591, 3.24053883553, -0.44132488966, 4.39337968826, 5.23976612091, -3.85563993454, -7.97791433334, -4.01321697235, 12.6423540115, 24.4527359009, 36.0374717712]],
