{
"lowlevel": {
    "average_loudness": 0.925975263119,
    "barkbands_crest": {
        "dmean": 3.38746452332,
        "dmean2": 5.7123913765,
        "dvar": 7.7626042366,
        "dvar2": 23.9999675751,
        "max": 19.8695087433,
        "mean": 10.7036848068,
        "median": 10.2354478836,
        "min": 3.81986927986,
        "var": 11.8643007278
    },
    "barkbands_flatness_db": {
        "dmean": 0.0218016058207,
        "dmean2": 0.0363992378116,
        "dvar": 0.000298815546557,
        "dvar2": 0.000765812757891,
        "max": 0.223712295294,
        "mean": 0.113210313022,
        "median": 0.112314239144,
        "min": 0.0541567243636,
        "var": 0.000634972006083
    },
    "barkbands_kurtosis": {
        "dmean": 2.93179941177,
        "dmean2": 4.94733381271,
        "dvar": 8.8621263504,
        "dvar2": 22.60521698,
        "max": 18.6987552643,
        "mean": 3.8695101738,
        "median": 3.28547763824,
        "min": -1.81921708584,
        "var": 21.0142402649
    },
    "barkbands_skewness": {
        "dmean": 0.73450922966,
        "dmean2": 1.15767931938,
        "dvar": 0.427794128656,
        "dvar2": 0.887349665165,
        "max": 4.07464313507,
        "mean": 1.6389336586,
        "median": 1.8941231966,
        "min": -2.67380023003,
        "var": 1.76415061951
    },
    "barkbands_spread": {
        "dmean": 9.0620470047,
        "dmean2": 15.0837154388,
        "dvar": 73.7730865479,
        "dvar2": 188.643829346,
        "max": 64.9019393921,
        "mean": 32.7769584656,
        "median": 29.0451602936,
        "min": 11.8739414215,
        "var": 208.76210022
    },
    "dissonance": {
        "dmean": 0.0156634170562,
        "dmean2": 0.0255124494433,
        "dvar": 0.000219676541747,
        "dvar2": 0.000416539725848,
        "max": 0.499674499035,
        "mean": 0.475402325392,
        "median": 0.478230029345,
        "min": 0.370320767164,
        "var": 0.000361938087735
    },
    "dynamic_complexity": 3.40224003792,
    "erbbands_crest": {
        "dmean": 3.29754424095,
        "dmean2": 5.46883630753,
        "dvar": 11.9579668045,
        "dvar2": 24.9397888184,
        "max": 27.2076778412,
        "mean": 10.3019914627,
        "median": 8.61971378326,
        "min": 3.49702692032,
        "var": 29.8934745789
    },
    "erbbands_flatness_db": {
        "dmean": 0.0182616524398,
        "dmean2": 0.0270906612277,
        "dvar": 0.000300628918922,
        "dvar2": 0.000639472855255,
        "max": 0.312783449888,
        "mean": 0.149176105857,
        "median": 0.138044282794,
        "min": 0.10116764158,
        "var": 0.00114025501534
    },
    "erbbands_kurtosis": {
        "dmean": 1.99490869045,
        "dmean2": 3.15754294395,
        "dvar": 21.7916679382,
        "dvar2": 53.2241287231,
        "max": 39.2151145935,
        "mean": 0.674649238586,
        "median": -0.431569814682,
        "min": -1.75474333763,
        "var": 24.4432792664
    },
    "erbbands_skewness": {
        "dmean": 0.615999937057,
        "dmean2": 0.938650250435,
        "dvar": 0.440372765064,
        "dvar2": 0.864667117596,
        "max": 1.76928639412,
        "mean": -0.0557530075312,
        "median": 0.302651017904,
        "min": -6.0752286911,
        "var": 1.71430659294
    },
    "erbbands_spread": {
        "dmean": 11.1027698517,
        "dmean2": 18.1959590912,
        "dvar": 135.449264526,
        "dvar2": 296.894683838,
        "max": 86.0625076294,
        "mean": 50.4269790649,
        "median": 51.7133560181,
        "min": 7.32560348511,
        "var": 351.911773682
    },
    "hfc": {
        "dmean": 10.8478755951,
        "dmean2": 15.7218351364,
        "dvar": 681.339660645,
        "dvar2": 1630.17028809,
        "max": 259.977416992,
        "mean": 20.5392417908,
        "median": 12.1276025772,
        "min": 0.0726213827729,
        "var": 867.90802002
    },
    "melbands_crest": {
        "dmean": 3.56599855423,
        "dmean2": 6.30664587021,
        "dvar": 8.32820129395,
        "dvar2": 24.4592227936,
        "max": 21.9651184082,
        "mean": 12.9758272171,
        "median": 13.1335020065,
        "min": 6.14238071442,
        "var": 12.4401884079
    },
    "melbands_flatness_db": {
        "dmean": 0.0276677105576,
        "dmean2": 0.0463263764977,
        "dvar": 0.000497934874147,
        "dvar2": 0.00123944471125,
        "max": 0.258533865213,
        "mean": 0.189063414931,
        "median": 0.195708036423,
        "min": 0.100170649588,
        "var": 0.00122695998289
    },
    "melbands_kurtosis": {
        "dmean": 6.88736009598,
        "dmean2": 11.7840709686,
        "dvar": 46.7849082947,
        "dvar2": 122.487586975,
        "max": 45.6067504883,
        "mean": 12.7065734863,
        "median": 12.0240573883,
        "min": -1.85471725464,
        "var": 97.9020080566
    },
    "melbands_skewness": {
        "dmean": 0.879127681255,
        "dmean2": 1.46088337898,
        "dvar": 0.551300942898,
        "dvar2": 1.34044873714,
        "max": 6.22745037079,
        "mean": 2.92862939835,
        "median": 3.03937387466,
        "min": -0.670860648155,
        "var": 1.63592326641
    },
    "melbands_spread": {
        "dmean": 15.0693635941,
        "dmean2": 23.3956623077,
        "dvar": 501.452972412,
        "dvar2": 1012.89703369,
        "max": 176.819610596,
        "mean": 33.5796852112,
        "median": 17.3922576904,
        "min": 5.50526189804,
        "var": 1301.50683594
    },
    "pitch_salience": {
        "dmean": 0.0778338462114,
        "dmean2": 0.134126126766,
        "dvar": 0.00402587838471,
        "dvar2": 0.011788318865,
        "max": 0.821903347969,
        "mean": 0.682758152485,
        "median": 0.700361132622,
        "min": 0.456595569849,
        "var": 0.00590628013015
    },
    "silence_rate_20dB": {
        "dmean": 0,
        "dmean2": 0,
        "dvar": 0,
        "dvar2": 0,
        "max": 1,
        "mean": 1,
        "median": 1,
        "min": 1,
        "var": 0
    },
    "silence_rate_30dB": {
        "dmean": 0,
        "dmean2": 0,
        "dvar": 0,
        "dvar2": 0,
        "max": 1,
        "mean": 1,
        "median": 1,
        "min": 1,
        "var": 0
    },
    "silence_rate_60dB": {
        "dmean": 0.0466666668653,
        "dmean2": 0.0939597338438,
        "dvar": 0.044488877058,
        "dvar2": 0.0985541269183,
        "max": 1,
        "mean": 0.105960264802,
        "median": 0,
        "min": 0,
        "var": 0.0947326943278
    },
    "spectral_centroid": {
        "dmean": 470.474487305,
        "dmean2": 733.81048584,
        "dvar": 276241.3125,
        "dvar2": 584258.9375,
        "max": 4727.58544922,
        "mean": 1726.22436523,
        "median": 1307.22424316,
        "min": 506.561279297,
        "var": 1148964.5
    },
    "spectral_complexity": {
        "dmean": 2.24000000954,
        "dmean2": 3.61073827744,
        "dvar": 3.47573208809,
        "dvar2": 8.22432136536,
        "max": 28,
        "mean": 12.3377485275,
        "median": 12,
        "min": 0,
        "var": 24.2236671448
    },
    "spectral_decrease": {
        "dmean": 1.10764208916e-09,
        "dmean2": 1.78128201078e-09,
        "dvar": 1.80493146444e-18,
        "dvar2": 3.61620409546e-18,
        "max": -7.33355303567e-12,
        "mean": -2.81184076023e-09,
        "median": -1.8803070212e-09,
        "min": -1.49220156231e-08,
        "var": 7.09436167286e-18
    },
    "spectral_energy": {
        "dmean": 0.00504664005712,
        "dmean2": 0.00789615511894,
        "dvar": 4.71331441076e-05,
        "dvar2": 0.00010167533037,
        "max": 0.0644720569253,
        "mean": 0.0124755110592,
        "median": 0.00895742233843,
        "min": 3.42654566339e-05,
        "var": 0.000138408635394
    },
    "spectral_energyband_high": {
        "dmean": 0.00207869592123,
        "dmean2": 0.00318777444772,
        "dvar": 3.64051556971e-05,
        "dvar2": 9.07949797693e-05,
        "max": 0.0577383302152,
        "mean": 0.00236888905056,
        "median": 0.000509726232849,
        "min": 4.55968529423e-06,
        "var": 3.93040463678e-05
    },
    "spectral_energyband_low": {
        "dmean": 0.000410086475313,
        "dmean2": 0.000718336319551,
        "dvar": 2.41392285716e-07,
        "dvar2": 7.67072549479e-07,
        "max": 0.00288216769695,
        "mean": 0.000608450034633,
        "median": 0.000366924825357,
        "min": 4.29909596278e-06,
        "var": 3.8357751464e-07
    },
    "spectral_energyband_middle_high": {
        "dmean": 0.00068252888741,
        "dmean2": 0.000919996877201,
        "dvar": 2.91778405881e-06,
        "dvar2": 6.37921675661e-06,
        "max": 0.0285709667951,
        "mean": 0.00198931782506,
        "median": 0.000802221766207,
        "min": 5.42598354514e-06,
        "var": 1.84567834367e-05
    },
    "spectral_energyband_middle_low": {
        "dmean": 0.00311920675449,
        "dmean2": 0.00531465234235,
        "dvar": 1.26409822769e-05,
        "dvar2": 2.36342002609e-05,
        "max": 0.0375741496682,
        "mean": 0.00766833499074,
        "median": 0.00529157696292,
        "min": 2.06799923035e-05,
        "var": 4.6862380259e-05
    },
    "spectral_entropy": {
        "dmean": 0.167947083712,
        "dmean2": 0.274840950966,
        "dvar": 0.0231165941805,
        "dvar2": 0.0508977882564,
        "max": 8.57710456848,
        "mean": 7.53222322464,
        "median": 7.5250120163,
        "min": 6.48644447327,
        "var": 0.0494516938925
    },
    "spectral_flux": {
        "dmean": 0.0168124306947,
        "dmean2": 0.0241338368505,
        "dvar": 0.000320926832501,
        "dvar2": 0.000749213329982,
        "max": 0.230041027069,
        "mean": 0.070439696312,
        "median": 0.061237256974,
        "min": 0.0243250150234,
        "var": 0.00128437881358
    },
    "spectral_kurtosis": {
        "dmean": 1.27955722809,
        "dmean2": 2.04121661186,
        "dvar": 2.5638449192,
        "dvar2": 4.26150560379,
        "max": 13.701253891,
        "mean": 6.78121519089,
        "median": 6.30096340179,
        "min": 1.03643703461,
        "var": 9.5507183075
    },
    "spectral_rms": {
        "dmean": 0.000648688466754,
        "dmean2": 0.00101249304134,
        "dvar": 4.00222688768e-07,
        "dvar2": 8.46115653985e-07,
        "max": 0.00793092511594,
        "mean": 0.00319569651037,
        "median": 0.00295617128722,
        "min": 0.00018283794634,
        "var": 1.95875304598e-06
    },
    "spectral_rolloff": {
        "dmean": 887.167907715,
        "dmean2": 1558.48339844,
        "dvar": 1528582.125,
        "dvar2": 3331320.25,
        "max": 6459.9609375,
        "mean": 2325.44360352,
        "median": 1205.859375,
        "min": 409.130859375,
        "var": 3534481.25
    },
    "spectral_skewness": {
        "dmean": 0.240197569132,
        "dmean2": 0.368394583464,
        "dvar": 0.104454495013,
        "dvar2": 0.175132855773,
        "max": 2.69872784615,
        "mean": 1.48551106453,
        "median": 1.55076491833,
        "min": -0.159261330962,
        "var": 0.484870254993
    },
    "spectral_spread": {
        "dmean": 411953.8125,
        "dmean2": 582524.75,
        "dvar": 895320522752,
        "dvar2": 846793801728,
        "max": 17492450,
        "mean": 4551193,
        "median": 4457744,
        "min": 2465679,
        "var": 1.46450756403e+12
    },
    "spectral_strongpeak": {
        "dmean": 0.923362731934,
        "dmean2": 1.54556393623,
        "dvar": 4.0398182869,
        "dvar2": 9.61798381805,
        "max": 11.7710733414,
        "mean": 1.0428224802,
        "median": 0.373633235693,
        "min": 0.00914486311376,
        "var": 4.24568462372
    },
    "zerocrossingrate": {
        "dmean": 0.0173925776035,
        "dmean2": 0.0221201237291,
        "dvar": 0.000260542758042,
        "dvar2": 0.000358449324267,
        "max": 0.232421875,
        "mean": 0.126109138131,
        "median": 0.12158203125,
        "min": 0.03125,
        "var": 0.00137229589745
    },
    "barkbands": {
        "dmean": [1.23118832107e-06, 6.32849114481e-05, 0.000236804786255, 0.000482986069983, 0.00229571550153, 0.00133115740027, 0.000371423986508, 0.000651764858048, 0.000139340700116, 0.000265958777163, 0.000152201435412, 0.000353158102371, 4.31225998909e-05, 1.85242970474e-05, 2.04025200219e-05, 2.4268982088e-05, 7.26567959646e-05, 7.8243065218e-05, 0.000126846440253, 0.000977658899501, 0.00115083390847, 0.000394714239519, 6.29269925412e-05, 9.60818033491e-06, 2.20904325943e-06, 6.76525530707e-07, 3.43943065673e-05],
        "dmean2": [1.97289864445e-06, 0.000107414518425, 0.000406099483371, 0.000852032972034, 0.00405636709183, 0.00231702951714, 0.000625238055363, 0.00106689007953, 0.000229411700275, 0.000465610326501, 0.00025252829073, 0.000481221242808, 6.84683327563e-05, 3.1317176763e-05, 3.62153950846e-05, 4.01109136874e-05, 0.000121526296425, 0.000128179293824, 0.00021354832279, 0.00163989770226, 0.00200717709959, 0.000665114203002, 0.000110417931865, 1.55550551426e-05, 3.74823230231e-06, 1.04548928448e-06, 5.53569152544e-05],
        "dvar": [1.38970183017e-12, 6.40214681269e-09, 6.87459689175e-08, 5.16755392255e-07, 3.98431575377e-06, 1.9337728645e-06, 1.92562097823e-07, 6.49137973596e-06, 3.51439304325e-08, 1.20729157516e-06, 1.62609651966e-07, 1.77465278739e-06, 9.36606170399e-09, 4.07681333137e-10, 5.14925269091e-10, 8.01490762647e-10, 6.89410413202e-08, 2.965347079e-08, 1.19779286933e-07, 1.39818384923e-05, 9.67489631876e-06, 2.23485994866e-06, 7.64627756666e-08, 7.74440789275e-10, 3.84599435632e-11, 6.25982176251e-13, 1.18767018442e-09],
        "dvar2": [2.26385446847e-12, 1.8352936948e-08, 1.74221469251e-07, 1.46156639858e-06, 1.23663367049e-05, 5.53976406081e-06, 5.85982945722e-07, 1.13707283163e-05, 1.06144511847e-07, 3.62110290553e-06, 4.02863378213e-07, 3.6150570395e-06, 1.68650444721e-08, 1.31988520113e-09, 1.51762036271e-09, 1.85724025048e-09, 1.84025040539e-07, 7.85676661508e-08, 3.012464731e-07, 3.52206116077e-05, 2.70028667728e-05, 6.01410829404e-06, 2.14220278849e-07, 1.79235137843e-09, 8.87640308478e-11, 1.34499984934e-12, 3.0581455146e-09],
        "max": [1.77242782229e-05, 0.000650619273074, 0.00233704783022, 0.00478482060134, 0.0127745866776, 0.0160474069417, 0.00354672619142, 0.0249003395438, 0.00176161469426, 0.0119165275246, 0.00456730090082, 0.0219449605793, 0.00117407809012, 0.000162261960213, 0.000167514357599, 0.000328805064783, 0.00288333091885, 0.0012576514855, 0.00389263452962, 0.0343688614666, 0.0222162827849, 0.0142692970112, 0.00257971021347, 0.000241262052441, 4.3209791329e-05, 1.03330121419e-05, 0.000419828022132],
        "mean": [5.27316797161e-06, 8.45139002195e-05, 0.000342551531503, 0.000486582022859, 0.00331261497922, 0.00199834560044, 0.000575725338422, 0.000956341158599, 0.000256020517554, 0.000362733320799, 0.000237431333517, 0.000753374421038, 8.49207499414e-05, 4.12134031649e-05, 4.24516802013e-05, 5.32655394636e-05, 0.000107797059172, 0.000126180064399, 0.000190590755665, 0.000802881375421, 0.000993841909803, 0.000370985537302, 5.74462355871e-05, 1.15519851533e-05, 3.80839128411e-06, 4.11614882978e-06, 0.000185385288205],
        "median": [5.1233537306e-06, 5.36397637916e-05, 0.000187706347788, 0.000247556628892, 0.00251997122541, 0.00111965415999, 0.000370692607248, 0.000235425090068, 0.000161369214766, 0.00012433968368, 7.85052543506e-05, 7.97567336122e-05, 4.39299510617e-05, 3.42904568242e-05, 3.53627146978e-05, 4.07064180763e-05, 5.40823166375e-05, 6.8524685048e-05, 5.26017756783e-05, 5.31653422513e-05, 0.000118005751574, 5.56467966817e-05, 1.08277563413e-05, 3.42636030837e-06, 2.2982558221e-06, 3.89460092265e-06, 0.000161301053595],
        "min": [1.6605605424e-07, 1.18572052088e-06, 1.95694610738e-06, 1.98697716769e-06, 1.88028184311e-06, 5.81264430366e-06, 8.84578639671e-06, 7.13085853477e-07, 8.70919052431e-07, 1.1916515632e-06, 2.44135009098e-07, 4.5036850338e-07, 1.13685700853e-07, 4.94545645324e-07, 4.18034005634e-07, 3.20487373529e-07, 8.98271707683e-07, 4.08226298987e-07, 9.55000928116e-07, 1.19198284665e-06, 7.77904233473e-07, 1.03673846752e-06, 5.0393816764e-07, 1.95654017432e-08, 4.51079031905e-08, 8.73182415262e-08, 1.32834543365e-06],
        "var": [2.26801737113e-12, 8.59177795576e-09, 1.61612035754e-07, 4.89747662868e-07, 6.57824830341e-06, 5.37185678695e-06, 3.65683973769e-07, 8.92310526979e-06, 7.85716309792e-08, 1.16467924727e-06, 3.45847439576e-07, 7.11037046131e-06, 2.27835652566e-08, 9.18379094994e-10, 9.75676095472e-10, 2.21369389486e-09, 6.49440679013e-08, 3.26212585833e-08, 1.65707234601e-07, 1.21601979117e-05, 8.24386188469e-06, 1.65698577348e-06, 5.13816438286e-08, 8.35115199216e-10, 3.83104346857e-11, 1.99840556429e-12, 6.39414388104e-09]
    },
    "erbbands": {
        "dmean": [0.000591961317696, 0.0203808490187, 0.214295119047, 0.901464045048, 2.63951182365, 11.1055727005, 12.0094051361, 10.9730005264, 6.63972187042, 12.9525165558, 8.22654724121, 3.49696540833, 5.71002721786, 7.88458013535, 4.97224569321, 17.0605125427, 2.82071018219, 0.942764878273, 0.858047664165, 1.11906397343, 2.23686218262, 3.09755444527, 3.80841135979, 5.08054208755, 6.02642154694, 30.4613990784, 86.5445861816, 17.0553779602, 16.5995483398, 6.25441837311, 0.963439762592, 0.114834062755, 0.224183470011, 0.0404693856835, 0.00819726008922, 0.00295363320038, 0.00154598976951, 0.000807153410278, 0.000701940269209, 0.000913059921004],
        "dmean2": [0.00100548099726, 0.0348733738065, 0.366438955069, 1.61462879181, 4.64296865463, 19.3419361115, 21.578207016, 19.6236038208, 11.3475561142, 20.3802280426, 13.1064367294, 5.9777598381, 10.0080919266, 13.1394815445, 8.12422084808, 22.5026168823, 3.85047984123, 1.59268498421, 1.491527915, 1.96480667591, 3.62715506554, 5.22685337067, 6.10566091537, 7.88306379318, 10.3027257919, 49.848690033, 148.875671387, 30.0442276001, 28.5764007568, 10.262421608, 1.62115490437, 0.185278698802, 0.379678368568, 0.0651138871908, 0.0132418619469, 0.00431773113087, 0.00252831797116, 0.00133019452915, 0.00114797649439, 0.00148531550076],
        "dvar": [4.96637369451e-07, 0.000634636788163, 0.0572371222079, 1.60483980179, 9.34506225586, 103.324462891, 132.433013916, 268.313690186, 115.394989014, 1655.93444824, 792.218811035, 31.0688419342, 294.36114502, 965.645019531, 216.226745605, 4479.68066406, 52.567741394, 0.864099621773, 0.795939803123, 1.69622325897, 61.0944976807, 56.676776886, 85.1897125244, 111.579048157, 382.990631104, 12163.7734375, 87127.625, 3297.45239258, 4222.40478516, 358.030456543, 17.8949680328, 0.112120181322, 0.455875247717, 0.0115884458646, 0.000314609147608, 1.18485913845e-05, 2.78432526102e-06, 5.58516092042e-07, 5.40335634014e-07, 8.3634688508e-07],
        "dvar2": [1.35678783408e-06, 0.00184131169226, 0.154149368405, 4.70069074631, 27.0295810699, 325.244476318, 368.660736084, 681.24609375, 377.589416504, 2851.21142578, 1778.69714355, 90.6061096191, 817.802612305, 2779.52319336, 687.872924805, 8623.55371094, 110.261604309, 2.46967196465, 2.50819969177, 5.00604248047, 150.397201538, 150.850402832, 234.94720459, 234.9453125, 1048.82409668, 25417.8710938, 229801.15625, 9553.67382812, 11531.7832031, 885.867248535, 47.4393005371, 0.217739969492, 1.13288259506, 0.0237987656146, 0.000850648269989, 2.26977117563e-05, 7.0038568083e-06, 1.14292095077e-06, 1.38984000841e-06, 2.14358510675e-06],
        "max": [0.00504564726725, 0.20436732471, 1.93221735954, 8.20392131805, 28.5331039429, 52.0956192017, 78.677696228, 181.81590271, 92.8833236694, 449.765808105, 298.311950684, 53.3066444397, 196.574264526, 366.818328857, 176.360519409, 1077.19238281, 110.609657288, 12.3809499741, 6.95512533188, 9.9673948288, 97.642036438, 81.9431228638, 81.9389724731, 102.215080261, 209.221679688, 1091.27368164, 2394.19140625, 382.213378906, 613.741821289, 149.650039673, 41.5561790466, 3.3807656765, 4.79139518738, 0.86392557621, 0.148195281625, 0.0402815677226, 0.0214283950627, 0.00962832849473, 0.0103064011782, 0.0107152024284],
        "mean": [0.000945466454141, 0.0297806691378, 0.321142584085, 1.03560078144, 3.46600151062, 14.4191446304, 18.4230155945, 15.1095304489, 9.94112873077, 17.5234470367, 12.5915346146, 6.24671888351, 9.13793945312, 12.4777822495, 10.3115558624, 35.2822227478, 6.14913225174, 2.40481090546, 2.10162305832, 2.55862498283, 4.23354244232, 5.27631902695, 6.53899002075, 8.62508487701, 8.3699798584, 30.5078544617, 73.3463897705, 16.0720558167, 15.1118049622, 6.56771421432, 1.00564181805, 0.180314779282, 0.244934543967, 0.0589390099049, 0.020597204566, 0.0131638376042, 0.0079559981823, 0.0048860842362, 0.00469265179709, 0.00477918563411],
        "median": [0.000666844600346, 0.0190010573715, 0.173025175929, 0.590798020363, 2.16101956367, 11.0325994492, 12.5950775146, 9.03540039062, 6.30338430405, 5.56778097153, 4.34219455719, 3.7122232914, 3.87844443321, 3.03171014786, 3.43206429482, 2.93513822556, 1.98789536953, 1.79133915901, 1.72852087021, 1.92692124844, 2.45244550705, 3.03074622154, 3.80942559242, 3.68468523026, 2.09870910645, 3.13114261627, 8.18078517914, 2.14192175865, 2.20651912689, 1.0545283556, 0.259978562593, 0.081768155098, 0.0553532168269, 0.0265296194702, 0.0161519348621, 0.0120164714754, 0.0075911693275, 0.00466502504423, 0.00431427825242, 0.00412411848083],
        "min": [1.98431607714e-05, 0.000321222411003, 0.00185884709936, 0.00507048051804, 0.00671359663829, 0.00562239764258, 0.010828149505, 0.0634715557098, 0.13759072125, 0.069403231144, 0.0130179105327, 0.0187915973365, 0.0427969917655, 0.0148366000503, 0.0128003563732, 0.0192802194506, 0.00735384784639, 0.0173499193043, 0.0217688251287, 0.0236811302602, 0.0226041898131, 0.0486088916659, 0.0276292804629, 0.0274093039334, 0.0536123588681, 0.0379157103598, 0.0741406604648, 0.0129518005997, 0.0295333508402, 0.0387970171869, 0.01328949444, 0.00122685008682, 0.000243785427301, 0.000341011415003, 0.000453884917079, 0.000257188308751, 0.000189590587979, 7.35353896744e-05, 4.37854214397e-05, 3.46242923115e-05],
        "var": [7.07147535195e-07, 0.000964430393651, 0.126686960459, 1.618719697, 14.0131864548, 144.924118042, 249.864776611, 486.745178223, 158.852172852, 2341.89770508, 978.920959473, 56.0567703247, 377.603363037, 1426.48132324, 606.846008301, 17241.3398438, 226.840103149, 4.18647813797, 1.9947552681, 3.75743818283, 77.4639968872, 65.9452667236, 85.1219711304, 189.777862549, 426.63381958, 14338.1113281, 67314.796875, 2465.19824219, 2995.0612793, 328.407836914, 13.656791687, 0.155348673463, 0.425395727158, 0.0138362934813, 0.000294126657536, 3.21544139297e-05, 7.53066660764e-06, 2.81866959995e-06, 3.28424084728e-06, 4.29940519098e-06]
    },
    "gfcc": {
        "mean": [-25.9270820618, 64.8897781372, -101.004837036, 9.68606472015, -58.9762382507, -40.1899223328, -16.4986724854, -31.5455589294, -21.5753383636, -13.3253688812, -15.0160827637, -1.84859073162, -3.57940340042],
        "cov": [[1803.41796875, 120.120285034, -236.104812622, 130.078186035, -207.799865723, 60.9967765808, 129.324081421, 11.8864488602, -47.4389915466, -97.7178573608, 81.9868621826, -29.9474449158, -24.349899292], [120.120285034, 429.869445801, 61.0024681091, -335.569122314, 176.828796387, 3.26080155373, -27.7700710297, 19.9306259155, -15.1020832062, -16.8089084625, 33.5566978455, 16.2988185883, -25.5658817291], [-236.104812622, 61.0024681091, 106.589866638, -57.9552230835, 61.1324806213, -5.98448896408, -45.0673484802, 0.0923445150256, 25.137090683, 8.57666301727, -16.7853870392, -0.752809643745, -12.3064956665], [130.078186035, -335.569122314, -57.9552230835, 410.400115967, -158.908874512, -27.8301792145, 76.9344177246, -11.8118543625, -3.81703400612, 29.8385677338, -19.70936203, -47.4833831787, 27.5728912354], [-207.799865723, 176.828796387, 61.1324806213, -158.908874512, 164.656295776, 3.59246754646, -25.6661472321, 8.81893920898, -10.3388652802, 12.967581749, 4.98013830185, 5.17839384079, 6.13942146301], [60.9967765808, 3.26080155373, -5.98448896408, -27.8301792145, 3.59246754646, 86.2842483521, 10.0379333496, -6.10585355759, 26.1208934784, -12.0920267105, -10.3608789444, 26.6164665222, -7.94415616989], [129.324081421, -27.7700710297, -45.0673484802, 76.9344177246, -25.6661472321, 10.0379333496, 84.1550750732, 1.54359674454, -15.9084568024, 33.1804733276, -4.57708883286, -17.257390976, 28.8764419556], [11.8864488602, 19.9306259155, 0.0923445150256, -11.8118543625, 8.81893920898, -6.10585355759, 1.54359674454, 51.2049560547, 15.0516796112, -13.7286052704, 31.3775882721, -5.13696241379, -26.4679355621], [-47.4389915466, -15.1020832062, 25.137090683, -3.81703400612, -10.3388652802, 26.1208934784, -15.9084568024, 15.0516796112, 67.6696777344, -6.68378686905, -4.85375404358, 27.2082214355, -36.9635353088], [-97.7178573608, -16.8089084625, 8.57666301727, 29.8385677338, 12.967581749, -12.0920267105, 33.1804733276, -13.7286052704, -6.68378686905, 73.2228164673, -12.5933666229, -21.3603687286, 48.3423347473], [81.9868621826, 33.5566978455, -16.7853870392, -19.70936203, 4.98013830185, -10.3608789444, -4.57708883286, 31.3775882721, -4.85375404358, -12.5933666229, 54.8736381531, 0.0190364457667, -24.8061885834], [-29.9474449158, 16.2988185883, -0.752809643745, -47.4833831787, 5.17839384079, 26.6164665222, -17.257390976, -5.13696241379, 27.2082214355, -21.3603687286, 0.0190364457667, 58.5689849854, -12.9149589539], [-24.349899292, -25.5658817291, -12.3064956665, 27.5728912354, 6.13942146301, -7.94415616989, 28.8764419556, -26.4679355621, -36.9635353088, 48.3423347473, -24.8061885834, -12.9149589539, 96.4862213135]],
        "icov": [[0.00260720518418, -0.00571613898501, 0.00445867795497, -0.00331585621461, 0.0040727625601, -0.00270105013624, 0.000325088825775, 0.00281235645525, -0.00310481991619, 0.00438985647634, -0.0032425345853, 0.00391964614391, -0.0028455927968], [-0.00571613898501, 0.0250111930072, -0.0152666466311, 0.0173950083554, -0.0142810987309, 0.0109911346808, -0.0150230638683, 0.00317504885606, 0.00141452334356, 4.89969170303e-05, -0.002542730188, -0.00342537276447, 0.00485231913626], [0.00445867795497, -0.0152666466311, 0.0323146767914, -0.0109900543466, 0.00170187908225, -0.00566935213283, 0.0187352430075, -0.00168633647263, -0.00979478657246, -0.00291677610949, 0.0077433665283, 0.00900795776397, -0.0013969046995], [-0.00331585621461, 0.0173950083554, -0.0109900543466, 0.0177448168397, -0.00522733898833, 0.00947445258498, -0.0162289217114, 0.00603307131678, -0.00346407713369, 0.0036883209832, -0.0042006932199, 0.00279847206548, 0.0010438922327], [0.0040727625601, -0.0142810987309, 0.00170187908225, -0.00522733898833, 0.0230910312384, -0.00877629220486, 0.00632331473753, -0.00596871972084, 0.00654218532145, -0.00289365649223, 0.000168559301528, 0.000435056048445, -0.00270932354033], [-0.00270105013624, 0.0109911346808, -0.00566935213283, 0.00947445258498, -0.00877629220486, 0.0238366182894, -0.0155678624287, 0.0101192565635, -0.0126853948459, 0.00908262468874, -0.00253628473729, -0.0017200257862, -0.00153657793999], [0.000325088825775, -0.0150230638683, 0.0187352430075, -0.0162289217114, 0.00632331473753, -0.0155678624287, 0.0485036075115, -0.0277477856725, 0.0196133069694, -0.0310515556484, 0.0227926932275, -0.009088777937, 0.0070315618068], [0.00281235645525, 0.00317504885606, -0.00168633647263, 0.00603307131678, -0.00596871972084, 0.0101192565635, -0.0277477856725, 0.0664036050439, -0.0410388596356, 0.0361341945827, -0.0440132282674, 0.0281654074788, -0.0140267647803], [-0.00310481991619, 0.00141452334356, -0.00979478657246, -0.00346407713369, 0.00654218532145, -0.0126853948459, 0.0196133069694, -0.0410388596356, 0.0635936111212, -0.038423679769, 0.0309558901936, -0.0350229851902, 0.0276281163096], [0.00438985647634, 4.89969170303e-05, -0.00291677610949, 0.0036883209832, -0.00289365649223, 0.00908262468874, -0.0310515556484, 0.0361341945827, -0.038423679769, 0.0599328577518, -0.0301120094955, 0.0286948401481, -0.0288166888058], [-0.0032425345853, -0.002542730188, 0.0077433665283, -0.0042006932199, 0.000168559301528, -0.00253628473729, 0.0227926932275, -0.0440132282674, 0.0309558901936, -0.0301120094955, 0.0571043752134, -0.0211508236825, 0.0203776825219], [0.00391964614391, -0.00342537276447, 0.00900795776397, 0.00279847206548, 0.000435056048445, -0.0017200257862, -0.009088777937, 0.0281654074788, -0.0350229851902, 0.0286948401481, -0.0211508236825, 0.0460868664086, -0.0163551736623], [-0.0028455927968, 0.00485231913626, -0.0013969046995, 0.0010438922327, -0.00270932354033, -0.00153657793999, 0.0070315618068, -0.0140267647803, 0.0276281163096, -0.0288166888058, 0.0203776825219, -0.0163551736623, 0.0326209850609]]
    },
    "melbands": {
        "dmean": [1.06541292553e-05, 7.91562051745e-05, 0.00019983657694, 0.00040100721526, 0.000441922893515, 0.000240474240854, 9.4813069154e-05, 0.000157237067469, 5.46202936675e-05, 2.19973262574e-05, 3.03378292301e-05, 3.37782548741e-05, 1.84752116184e-05, 3.76194184355e-05, 2.51216242759e-05, 3.02132889374e-06, 1.87747104974e-06, 1.49620973389e-06, 1.70368366526e-06, 1.49302866248e-06, 3.48009939444e-06, 3.72085651179e-06, 4.03456260756e-06, 3.73606962967e-06, 4.24606014349e-06, 5.95569736106e-06, 2.04367029255e-06, 2.45096598519e-05, 8.53026576806e-05, 1.06353454612e-05, 8.94835193321e-06, 9.95673417492e-06, 7.36850688554e-06, 2.57415240412e-06, 7.00087753103e-07, 3.25572955262e-08, 6.53290257446e-08, 2.28910167266e-07, 7.20653332564e-08, 2.60739216884e-08],
        "dmean2": [1.81196737685e-05, 0.000136431699502, 0.000347523309756, 0.000707130180672, 0.000782380055171, 0.000431770109572, 0.000162429976626, 0.000249818287557, 8.77037819009e-05, 3.69134468201e-05, 5.35576036782e-05, 5.67961251363e-05, 3.04800905724e-05, 5.28295422555e-05, 3.44356376445e-05, 4.96598931932e-06, 3.28044461639e-06, 2.48281457971e-06, 2.9921695841e-06, 2.52484005614e-06, 5.67327788303e-06, 6.3154725467e-06, 7.12393421054e-06, 5.91730304222e-06, 6.73716658639e-06, 1.0316434782e-05, 3.78412619284e-06, 4.13805100834e-05, 0.000147819388076, 1.99095138669e-05, 1.59493520187e-05, 1.74139149749e-05, 1.27242137751e-05, 4.34090270574e-06, 1.23575773614e-06, 5.3028905711e-08, 1.12416913112e-07, 3.8908868305e-07, 1.13243686428e-07, 4.42271570478e-08],
        "dvar": [1.79339348927e-10, 7.79903341908e-09, 7.9504502537e-08, 1.40124598147e-07, 1.59145955081e-07, 1.06167206582e-07, 2.24805827287e-08, 2.83163586801e-07, 3.11747818671e-08, 1.15420240032e-09, 9.10551456457e-09, 1.93870537402e-08, 2.89900325967e-09, 1.97650535938e-08, 8.21443890686e-09, 2.75799539456e-11, 3.85560377028e-12, 2.43549191231e-12, 3.73537312193e-12, 3.48274122215e-12, 1.999186372e-10, 1.3589954162e-10, 1.0776370768e-10, 5.98444349631e-11, 8.54777429393e-11, 4.68551364374e-10, 8.47610523436e-11, 9.02604035957e-09, 9.6814218864e-08, 1.41927081199e-09, 1.06648967435e-09, 1.47144740836e-09, 8.73699557147e-10, 7.95051524616e-11, 1.28037060121e-11, 4.28356165778e-15, 6.9108198439e-14, 5.46863661126e-13, 4.92306831423e-14, 5.64546104092e-15],
        "dvar2": [5.13440290284e-10, 2.07142143438e-08, 2.26656410973e-07, 4.37366168171e-07, 4.57857566971e-07, 2.73734514167e-07, 7.29171105718e-08, 4.83702024212e-07, 7.37575760468e-08, 3.37146821572e-09, 2.54427128255e-08, 5.62873196941e-08, 8.15341483218e-09, 4.20734309614e-08, 1.54913166739e-08, 7.76460146179e-11, 1.10650247645e-11, 7.94396319559e-12, 1.1270444647e-11, 8.3223471517e-12, 5.06573616388e-10, 3.65260016677e-10, 3.1670777112e-10, 1.45223472137e-10, 1.82789658409e-10, 1.27971822028e-09, 2.47827341981e-10, 1.91067357491e-08, 2.56509451901e-07, 4.149386168e-09, 2.90019785965e-09, 4.06310274315e-09, 2.34995511939e-09, 2.17209625286e-10, 3.43951672699e-11, 1.10575721282e-14, 1.31032825649e-13, 1.46899181187e-12, 1.16332087735e-13, 1.45565830711e-14],
        "max": [0.000108054860902, 0.00070163118653, 0.00212603923865, 0.00193759228569, 0.00314570218325, 0.00377667555586, 0.00133215961978, 0.00569297606125, 0.00187055882998, 0.000328551599523, 0.00107343948912, 0.00161652930547, 0.000612924050074, 0.00238626892678, 0.0013812170364, 5.00504647789e-05, 1.84607652045e-05, 1.30799735416e-05, 1.43892075357e-05, 1.62204669323e-05, 0.000170827639522, 0.000132292378112, 9.7265241493e-05, 7.42392730899e-05, 9.07168869162e-05, 0.000233164610108, 8.22664005682e-05, 0.000927460263483, 0.00253798440099, 0.000279218627838, 0.000252069730777, 0.00035310225212, 0.00027961996966, 7.50220715418e-05, 3.51628004864e-05, 4.85301825393e-07, 2.79608730125e-06, 5.4903534874e-06, 1.72867760284e-06, 7.29512919406e-07],
        "mean": [1.51253634613e-05, 0.000122384983115, 0.000241338522756, 0.000584995199461, 0.000699672847986, 0.000343711755704, 0.000143042547279, 0.000212045793887, 8.52992161526e-05, 3.76557036361e-05, 4.61836825707e-05, 5.18394008395e-05, 3.00028677884e-05, 8.37198895169e-05, 4.81636379845e-05, 6.12350504525e-06, 4.09035465054e-06, 3.2473428746e-06, 3.29977137881e-06, 3.39512985192e-06, 5.77672199142e-06, 5.85860379942e-06, 5.24970710103e-06, 6.18183184997e-06, 6.8930407906e-06, 7.96420590632e-06, 2.51927735917e-06, 2.37602507696e-05, 7.00940290699e-05, 8.26321775094e-06, 8.23847221909e-06, 8.74417037267e-06, 6.65812694933e-06, 2.547953045e-06, 6.34827870272e-07, 6.69162929512e-08, 1.0044020371e-07, 2.1568939701e-07, 8.31040907201e-08, 3.588418096e-08],
        "median": [1.00006909634e-05, 7.49652244849e-05, 0.000149857442011, 0.000444331759354, 0.000545987742953, 0.000206729455385, 8.7453830929e-05, 6.2641207478e-05, 3.25763830915e-05, 2.36743035202e-05, 2.00898157345e-05, 1.28814717755e-05, 1.13454289021e-05, 9.1915617304e-06, 5.86986243434e-06, 3.6428475596e-06, 3.23950598613e-06, 2.6626644285e-06, 2.63077049567e-06, 2.52405720857e-06, 2.69927068075e-06, 2.92240974886e-06, 3.06096808345e-06, 3.15754186886e-06, 2.68898020295e-06, 1.5949004819e-06, 7.78137177804e-07, 1.52345660354e-06, 5.90672561884e-06, 1.28877934458e-06, 1.04448724869e-06, 1.25696431041e-06, 7.48213437873e-07, 3.65895402865e-07, 1.20856569197e-07, 4.78638284562e-08, 3.97123720575e-08, 4.22373460651e-08, 2.2727872917e-08, 1.99905461074e-08],
        "min": [2.79639579048e-07, 7.99973236099e-07, 9.46383636347e-07, 4.35547178768e-07, 3.40404398003e-07, 1.43895010751e-06, 2.04375896828e-06, 5.90848515003e-07, 9.09655852865e-08, 1.22073274156e-07, 2.18027054188e-07, 6.60786696471e-08, 3.94177845919e-08, 5.08758937201e-08, 3.5769033957e-08, 7.54837792272e-09, 3.79919846694e-08, 3.89683343371e-08, 3.35171961297e-08, 2.02890007017e-08, 2.93205371094e-08, 4.51247395006e-08, 5.46151674996e-08, 9.90684423385e-09, 2.07055368406e-08, 4.44868852867e-08, 2.24933973669e-08, 2.60822812237e-08, 7.58885789764e-08, 3.65103192124e-09, 6.50465725727e-09, 1.25923227401e-08, 2.90331332309e-08, 1.66689222425e-08, 8.87996431942e-09, 1.75335956865e-09, 3.25756005504e-10, 1.33873787056e-10, 1.2904412261e-10, 3.51685180977e-10],
        "var": [2.38758179893e-10, 1.77476344732e-08, 8.83695960852e-08, 2.23055280912e-07, 3.05217156438e-07, 2.22733589794e-07, 3.22622604187e-08, 3.98410577418e-07, 3.79227351743e-08, 2.07812700381e-09, 1.05103170611e-08, 2.58705714629e-08, 5.09030062545e-09, 8.12269860262e-08, 2.99661380154e-08, 5.87901324844e-11, 1.03164395429e-11, 5.17435486819e-12, 6.74877384879e-12, 7.09963381487e-12, 2.31387908833e-10, 1.44912790101e-10, 8.31330074225e-11, 7.9721673707e-11, 1.38114950032e-10, 4.92767271432e-10, 5.5182261538e-11, 1.04111137489e-08, 7.14718311201e-08, 8.41926528494e-10, 7.87731102569e-10, 1.01005037667e-09, 6.4610150563e-10, 5.86642887046e-11, 9.29868248373e-12, 5.23178327849e-15, 9.69513504851e-14, 4.36007458436e-13, 4.85779222837e-14, 4.93641187836e-15]
    },
    "mfcc": {
        "mean": [-685.253112793, 122.546707153, -4.78845357895, 38.708694458, -29.4124641418, 1.38445794582, -14.5660734177, -9.57398414612, -7.05986070633, -22.6146869659, -8.01532745361, -6.75549507141, -5.60315418243],
        "cov": [[2054.01464844, -115.969116211, -28.3433551788, 45.8888778687, -238.437576294, -0.565901696682, 100.039749146, 103.734893799, -14.2474088669, -72.4376754761, 17.0964374542, 50.2543640137, 27.4883270264], [-115.969116211, 710.073730469, -112.617614746, -252.906829834, 134.875335693, -52.6735992432, 27.4870834351, 26.2546367645, -79.0903015137, 56.4267654419, -96.7721252441, 23.6522369385, 109.098495483], [-28.3433551788, -112.617614746, 79.5804901123, 40.1319351196, -5.23101949692, 10.2440071106, -40.1968917847, 5.11487627029, 11.9669351578, -4.67810058594, 45.3959274292, -29.0252151489, -17.2088298798], [45.8888778687, -252.906829834, 40.1319351196, 211.220275879, -55.8605728149, 7.84857273102, 21.9792556763, -50.3593292236, 29.1826725006, 20.7158565521, 10.4639692307, -4.9878821373, -54.8282814026], [-238.437576294, 134.875335693, -5.23101949692, -55.8605728149, 114.705757141, -16.0695114136, -21.5444259644, 21.765537262, -33.8698196411, 20.9540958405, 5.77924442291, -19.4284744263, 14.8246889114], [-0.565901696682, -52.6735992432, 10.2440071106, 7.84857273102, -16.0695114136, 89.0588302612, 5.27907896042, -26.4729366302, 64.8592681885, -39.7469024658, -0.111115798354, 24.8615226746, -22.7005977631], [100.039749146, 27.4870834351, -40.1968917847, 21.9792556763, -21.5444259644, 5.27907896042, 91.4215164185, -35.0468330383, 17.5730285645, 28.2604484558, -61.9596481323, 41.1735839844, 4.35689592361], [103.734893799, 26.2546367645, 5.11487627029, -50.3593292236, 21.765537262, -26.4729366302, -35.0468330383, 124.568008423, -63.7856178284, -4.21764612198, 78.439453125, -60.5066680908, 48.74949646], [-14.2474088669, -79.0903015137, 11.9669351578, 29.1826725006, -33.8698196411, 64.8592681885, 17.5730285645, -63.7856178284, 128.632034302, -47.012172699, -26.9790630341, 67.6209564209, -60.4807739258], [-72.4376754761, 56.4267654419, -4.67810058594, 20.7158565521, 20.9540958405, -39.7469024658, 28.2604484558, -4.21764612198, -47.012172699, 116.629898071, -17.2370986938, -23.6558094025, 48.6882514954], [17.0964374542, -96.7721252441, 45.3959274292, 10.4639692307, 5.77924442291, -0.111115798354, -61.9596481323, 78.439453125, -26.9790630341, -17.2370986938, 134.115386963, -65.1723175049, 12.8460359573], [50.2543640137, 23.6522369385, -29.0252151489, -4.9878821373, -19.4284744263, 24.8615226746, 41.1735839844, -60.5066680908, 67.6209564209, -23.6558094025, -65.1723175049, 109.845977783, -29.3830051422], [27.4883270264, 109.098495483, -17.2088298798, -54.8282814026, 14.8246889114, -22.7005977631, 4.35689592361, 48.74949646, -60.4807739258, 48.6882514954, 12.8460359573, -29.3830051422, 101.171630859]],
