{
"lowlevel": {
    "average_loudness": 0.98521900177,
    "barkbands_crest": {
        "dmean": 2.23478531837,
        "dmean2": 3.99831056595,
        "dvar": 4.56501626968,
        "dvar2": 12.0818901062,
        "max": 19.3730125427,
        "mean": 7.01817464828,
        "median": 5.91005849838,
        "min": 2.91201090813,
        "var": 12.8862094879
    },
    "barkbands_flatness_db": {
        "dmean": 0.0208337716758,
        "dmean2": 0.0347902439535,
        "dvar": 0.000447625556262,
        "dvar2": 0.00117435888387,
        "max": 0.245124310255,
        "mean": 0.142317309976,
        "median": 0.140976086259,
        "min": 0.0652573779225,
        "var": 0.00129611848388
    },
    "barkbands_kurtosis": {
        "dmean": 3.33102273941,
        "dmean2": 5.19555854797,
        "dvar": 43.4095535278,
        "dvar2": 105.293540955,
        "max": 54.1462364197,
        "mean": 4.96870565414,
        "median": -0.113868951797,
        "min": -1.44678032398,
        "var": 140.91468811
    },
    "barkbands_skewness": {
        "dmean": 0.524325847626,
        "dmean2": 0.914666056633,
        "dvar": 0.341241508722,
        "dvar2": 0.805996358395,
        "max": 6.32820606232,
        "mean": 1.37067782879,
        "median": 0.819599032402,
        "min": -0.213495105505,
        "var": 2.33611917496
    },
    "barkbands_spread": {
        "dmean": 4.69826745987,
        "dmean2": 8.32956790924,
        "dvar": 25.613653183,
        "dvar2": 65.5492935181,
        "max": 40.839805603,
        "mean": 17.9570865631,
        "median": 18.0342903137,
        "min": 2.65699911118,
        "var": 46.1825904846
    },
    "dissonance": {
        "dmean": 0.0182982366532,
        "dmean2": 0.0305228177458,
        "dvar": 0.000382262427593,
        "dvar2": 0.000890578085091,
        "max": 0.499837636948,
        "mean": 0.470304369926,
        "median": 0.476690948009,
        "min": 0.334701895714,
        "var": 0.000714355148375
    },
    "dynamic_complexity": 10.3989238739,
    "erbbands_crest": {
        "dmean": 1.67006742954,
        "dmean2": 2.89677667618,
        "dvar": 3.1470143795,
        "dvar2": 9.02367019653,
        "max": 18.5983409882,
        "mean": 6.58330583572,
        "median": 6.10599184036,
        "min": 3.62881565094,
        "var": 6.08346700668
    },
    "erbbands_flatness_db": {
        "dmean": 0.01734255068,
        "dmean2": 0.0282353274524,
        "dvar": 0.000465822464321,
        "dvar2": 0.00110716116615,
        "max": 0.256985843182,
        "mean": 0.201364636421,
        "median": 0.208303943276,
        "min": 0.121205754578,
        "var": 0.000832821708173
    },
    "erbbands_kurtosis": {
        "dmean": 1.12522625923,
        "dmean2": 1.70654392242,
        "dvar": 5.65226554871,
        "dvar2": 14.6106681824,
        "max": 18.9813690186,
        "mean": 0.429522365332,
        "median": -0.533628940582,
        "min": -1.41091406345,
        "var": 8.897397995
    },
    "erbbands_skewness": {
        "dmean": 0.31360694766,
        "dmean2": 0.525276124477,
        "dvar": 0.13069973886,
        "dvar2": 0.321698576212,
        "max": 3.48441505432,
        "mean": 0.414436012506,
        "median": 0.147442132235,
        "min": -0.550084292889,
        "var": 0.596060752869
    },
    "erbbands_spread": {
        "dmean": 6.16661834717,
        "dmean2": 10.1281118393,
        "dvar": 48.2153778076,
        "dvar2": 119.214614868,
        "max": 54.252281189,
        "mean": 28.4563465118,
        "median": 28.5294647217,
        "min": 6.40127468109,
        "var": 58.0856208801
    },
    "hfc": {
        "dmean": 18.6669788361,
        "dmean2": 33.8909797668,
        "dvar": 1964.74255371,
        "dvar2": 5293.10595703,
        "max": 191.518478394,
        "mean": 14.024107933,
        "median": 1.56402695179,
        "min": 0.000783618888818,
        "var": 1449.06054688
    },
    "melbands_crest": {
        "dmean": 2.75454759598,
        "dmean2": 4.61054849625,
        "dvar": 6.15953588486,
        "dvar2": 16.9655704498,
        "max": 18.9836273193,
        "mean": 9.08894824982,
        "median": 8.24754619598,
        "min": 3.68170952797,
        "var": 13.2467260361
    },
    "melbands_flatness_db": {
        "dmean": 0.0284786149859,
        "dmean2": 0.0477507673204,
        "dvar": 0.00088522065198,
        "dvar2": 0.00222707539797,
        "max": 0.345831215382,
        "mean": 0.180565476418,
        "median": 0.166081815958,
        "min": 0.0555998794734,
        "var": 0.00541542796418
    },
    "melbands_kurtosis": {
        "dmean": 3.60168409348,
        "dmean2": 6.08715820312,
        "dvar": 53.4351806641,
        "dvar2": 124.995574951,
        "max": 64.0495834351,
        "mean": 6.5970826149,
        "median": 2.26606655121,
        "min": -0.529802322388,
        "var": 137.601547241
    },
    "melbands_skewness": {
        "dmean": 0.556577026844,
        "dmean2": 0.901219427586,
        "dvar": 0.486485570669,
        "dvar2": 1.22588145733,
        "max": 6.17919969559,
        "mean": 1.74971914291,
        "median": 1.48819839954,
        "min": 0.0326731540263,
        "var": 1.20469689369
    },
    "melbands_spread": {
        "dmean": 8.0290927887,
        "dmean2": 14.9248638153,
        "dvar": 101.139030457,
        "dvar2": 279.323913574,
        "max": 71.8025741577,
        "mean": 25.5480499268,
        "median": 24.5255355835,
        "min": 2.82483935356,
        "var": 220.300598145
    },
    "pitch_salience": {
        "dmean": 0.0654060840607,
        "dmean2": 0.112304180861,
        "dvar": 0.00410200236365,
        "dvar2": 0.0112968422472,
        "max": 0.936554968357,
        "mean": 0.730017066002,
        "median": 0.738606035709,
        "min": 0.480441123247,
        "var": 0.00536240497604
    },
    "silence_rate_20dB": {
        "dmean": 0,
        "dmean2": 0,
        "dvar": 0,
        "dvar2": 0,
        "max": 1,
        "mean": 1,
        "median": 1,
        "min": 1,
        "var": 0
    },
    "silence_rate_30dB": {
        "dmean": 0,
        "dmean2": 0,
        "dvar": 0,
        "dvar2": 0,
        "max": 1,
        "mean": 1,
        "median": 1,
        "min": 1,
        "var": 0
    },
    "silence_rate_60dB": {
        "dmean": 0.0833333358169,
        "dmean2": 0.168067231774,
        "dvar": 0.0763889998198,
        "dvar2": 0.139820560813,
        "max": 1,
        "mean": 0.661157011986,
        "median": 1,
        "min": 0,
        "var": 0.224028483033
    },
    "spectral_centroid": {
        "dmean": 340.928527832,
        "dmean2": 620.22052002,
        "dvar": 164046.828125,
        "dvar2": 446264.09375,
        "max": 3136.64477539,
        "mean": 1410.36572266,
        "median": 1415.52197266,
        "min": 335.680267334,
        "var": 484621.1875
    },
    "spectral_complexity": {
        "dmean": 4.40000009537,
        "dmean2": 7.32773113251,
        "dvar": 60.5399742126,
        "dvar2": 119.027023315,
        "max": 46,
        "mean": 10.6033058167,
        "median": 5,
        "min": 0,
        "var": 156.834320068
    },
    "spectral_decrease": {
        "dmean": 1.54006007946e-09,
        "dmean2": 2.69273270348e-09,
        "dvar": 1.3236461444e-17,
        "dvar2": 3.22141684528e-17,
        "max": -4.36083352588e-13,
        "mean": -1.5673896625e-09,
        "median": -3.31649929741e-10,
        "min": -1.66803904023e-08,
        "var": 1.21438236836e-17
    },
    "spectral_energy": {
        "dmean": 0.00738709745929,
        "dmean2": 0.0131925912574,
        "dvar": 0.000301928870613,
        "dvar2": 0.000739617156796,
        "max": 0.0777681395411,
        "mean": 0.00718771759421,
        "median": 0.0013887292007,
        "min": 1.71695705831e-06,
        "var": 0.000268675881671
    },
    "spectral_energyband_high": {
        "dmean": 0.00146677542944,
        "dmean2": 0.00283641344868,
        "dvar": 1.37305551107e-05,
        "dvar2": 3.95271054003e-05,
        "max": 0.0161854252219,
        "mean": 0.000856180908158,
        "median": 2.32177899306e-05,
        "min": 3.80557496626e-09,
        "var": 8.38982123241e-06
    },
    "spectral_energyband_low": {
        "dmean": 4.89861267852e-05,
        "dmean2": 7.29738821974e-05,
        "dvar": 8.09149547365e-09,
        "dvar2": 1.77236731957e-08,
        "max": 0.000745023484342,
        "mean": 6.43524763291e-05,
        "median": 2.88472147076e-05,
        "min": 1.05664021532e-07,
        "var": 1.14284466335e-08
    },
    "spectral_energyband_middle_high": {
        "dmean": 0.00420900154859,
        "dmean2": 0.00746082514524,
        "dvar": 9.73868009169e-05,
        "dvar2": 0.000243985967245,
        "max": 0.0475264489651,
        "mean": 0.00379192689434,
        "median": 0.000529933080543,
        "min": 7.11476033644e-08,
        "var": 8.31322977319e-05
    },
    "spectral_energyband_middle_low": {
        "dmean": 0.00243474775925,
        "dmean2": 0.00422243215144,
        "dvar": 4.53524153272e-05,
        "dvar2": 0.000122716490296,
        "max": 0.0415228642523,
        "mean": 0.0025749632623,
        "median": 0.000649647088721,
        "min": 1.50071355165e-06,
        "var": 3.62807841157e-05
    },
    "spectral_entropy": {
        "dmean": 0.180281788111,
        "dmean2": 0.305987179279,
        "dvar": 0.0435005910695,
        "dvar2": 0.0971793085337,
        "max": 8.35877513885,
        "mean": 7.57599925995,
        "median": 7.62855625153,
        "min": 6.34462070465,
        "var": 0.178076207638
    },
    "spectral_flux": {
        "dmean": 0.0236469469965,
        "dmean2": 0.040134601295,
        "dvar": 0.0024404337164,
        "dvar2": 0.0050588301383,
        "max": 0.268677711487,
        "mean": 0.046168923378,
        "median": 0.023122575134,
        "min": 0.00102525018156,
        "var": 0.00390844373032
    },
    "spectral_kurtosis": {
        "dmean": 2.73130679131,
        "dmean2": 4.49223947525,
        "dvar": 8.22857284546,
        "dvar2": 20.5169467926,
        "max": 30.9386901855,
        "mean": 7.23672866821,
        "median": 5.21700382233,
        "min": 1.4093542099,
        "var": 31.755689621
    },
    "spectral_rms": {
        "dmean": 0.000825898721814,
        "dmean2": 0.00140852597542,
        "dvar": 2.89929744213e-06,
        "dvar2": 6.6068578235e-06,
        "max": 0.00871041696519,
        "mean": 0.0017164797755,
        "median": 0.00116398360115,
        "min": 4.0927741793e-05,
        "var": 4.0661057028e-06
    },
    "spectral_rolloff": {
        "dmean": 696.599243164,
        "dmean2": 1300.31591797,
        "dvar": 1226404.75,
        "dvar2": 3524544.25,
        "max": 6072.36328125,
        "mean": 1905.06604004,
        "median": 1851.85546875,
        "min": 301.46484375,
        "var": 1604719.75
    },
    "spectral_skewness": {
        "dmean": 0.290827453136,
        "dmean2": 0.472164154053,
        "dvar": 0.0840499699116,
        "dvar2": 0.185732901096,
        "max": 4.24651527405,
        "mean": 1.69400978088,
        "median": 1.41596162319,
        "min": 0.83476537466,
        "var": 0.539622664452
    },
    "spectral_spread": {
        "dmean": 552187.4375,
        "dmean2": 884589.0625,
        "dvar": 775887781888,
        "dvar2": 1.33213926195e+12,
        "max": 10109093,
        "mean": 3317531,
        "median": 3013949,
        "min": 2036221.25,
        "var": 1.24660390298e+12
    },
    "spectral_strongpeak": {
        "dmean": 0.207759216428,
        "dmean2": 0.357157289982,
        "dvar": 0.143663540483,
        "dvar2": 0.400000989437,
        "max": 3.07141470909,
        "mean": 0.283140599728,
        "median": 0.154016673565,
        "min": 0.000413022760767,
        "var": 0.142395243049
    },
    "zerocrossingrate": {
        "dmean": 0.0090047204867,
        "dmean2": 0.0131384581327,
        "dvar": 9.2322799901e-05,
        "dvar2": 0.000149802901433,
        "max": 0.115234375,
        "mean": 0.0681212842464,
        "median": 0.0693359375,
        "min": 0.01416015625,
        "var": 0.000427419960033
    },
    "barkbands": {
        "dmean": [3.10454666419e-08, 3.19861698017e-07, 3.07778464048e-05, 3.50410227838e-05, 0.000167996375239, 0.000532291072886, 0.000679211574607, 0.000425789068686, 0.000660132267512, 0.000472917367006, 0.000591848045588, 0.000343560124747, 0.000969004584476, 0.000385559833376, 0.000249027943937, 0.000233736864175, 0.000314819422783, 0.000307306065224, 0.000531907193363, 0.00036417748197, 0.000132791799842, 0.000648588349577, 0.000269450596534, 9.18251971598e-05, 0.000159568488016, 5.2553772548e-05, 9.45933697949e-06],
        "dmean2": [6.06787011748e-08, 5.75667797875e-07, 4.51316882391e-05, 5.71243690501e-05, 0.000280110893073, 0.000909068621695, 0.00119423086289, 0.000775218300987, 0.00112378760241, 0.000748040620238, 0.00097357085906, 0.000626153312624, 0.00174264155794, 0.000666558160447, 0.000458508468, 0.00039411848411, 0.00055901973974, 0.000566700065974, 0.000980015960522, 0.000697774987202, 0.000245817296673, 0.00127896061167, 0.000532517267857, 0.000173303211341, 0.000308520538965, 0.000104670645669, 1.8614142391e-05],
        "dvar": [1.82003104401e-14, 3.0402506142e-13, 3.28733884558e-09, 7.77782371841e-09, 2.20989306854e-07, 1.64519201462e-06, 3.91313733417e-06, 1.57590955041e-06, 3.85794055546e-06, 1.23442987388e-06, 3.20529920828e-06, 8.40014990899e-07, 5.81642234465e-06, 7.0859726975e-07, 3.20538248388e-07, 3.21336131037e-07, 7.81264930083e-07, 6.87600618221e-07, 2.01948341783e-06, 9.68448262029e-07, 1.10365782291e-07, 3.11004259856e-06, 7.31159957468e-07, 6.64796431238e-08, 1.98655612849e-07, 2.31190409039e-08, 8.31488322639e-10],
        "dvar2": [5.41656597233e-14, 8.55860033452e-13, 6.99185287445e-09, 2.00698337949e-08, 5.59548709589e-07, 4.74722219224e-06, 1.04017681224e-05, 4.24566724178e-06, 1.06438747025e-05, 3.02407283925e-06, 7.93691378931e-06, 2.31709373111e-06, 1.61737189046e-05, 1.66493521192e-06, 8.08630090887e-07, 8.14749967049e-07, 1.99214150598e-06, 1.73678142801e-06, 5.60564421903e-06, 2.65233484242e-06, 3.04400970208e-07, 9.28815279622e-06, 2.15247928281e-06, 1.84059047115e-07, 5.64263245906e-07, 6.71579698519e-08, 2.41881248364e-09],
        "max": [9.9339490589e-07, 3.13977898259e-06, 0.000429570733104, 0.000720473530237, 0.00448770448565, 0.00988727156073, 0.0114703699946, 0.00929450709373, 0.0139097403735, 0.00642737420276, 0.0143371485174, 0.00503310002387, 0.0134627176449, 0.00474866852164, 0.00265658390708, 0.0036939480342, 0.00518273608759, 0.00452785659581, 0.00901110190898, 0.00566072529182, 0.00182557781227, 0.00815538968891, 0.00549863884225, 0.00125375657808, 0.0021707888227, 0.000721649266779, 0.000188642268768],
        "mean": [1.89432540765e-08, 3.13017352482e-07, 4.0314560465e-05, 3.43134524883e-05, 0.000182582094567, 0.00057873519836, 0.00058251444716, 0.000409329280956, 0.000603462627623, 0.000465280027129, 0.000500674883369, 0.000244490394834, 0.000746510864701, 0.000430294603575, 0.000223253169679, 0.000237151325564, 0.000277758663287, 0.000250621582381, 0.000359811034286, 0.000237857559114, 9.07938519958e-05, 0.000362906052032, 0.000149334606249, 5.50723998458e-05, 8.96315614227e-05, 2.92043478112e-05, 5.32083868166e-06],
        "median": [2.61202881546e-09, 9.93860780341e-08, 1.80442675628e-05, 8.39980384626e-06, 8.02026770543e-05, 0.000172660598764, 8.83941174834e-05, 4.41659831267e-05, 6.33869713056e-05, 4.98450935993e-05, 3.75519011868e-05, 1.66117897606e-05, 7.16914873919e-05, 8.12246798887e-05, 4.05512691941e-05, 6.00662133365e-05, 4.21240001742e-05, 2.37306885538e-05, 2.91244796244e-05, 1.22527262647e-05, 5.86645228395e-06, 7.58450096328e-06, 1.34160006837e-06, 2.74414730939e-07, 7.77398483365e-08, 6.00464833411e-09, 1.06225328977e-07],
        "min": [9.22203771681e-11, 6.96857771487e-09, 4.97022156765e-08, 1.21228779904e-07, 2.98592908621e-07, 4.55194481219e-07, 1.95595930563e-08, 7.71690125134e-08, 6.03375411856e-08, 1.16115614901e-08, 6.18402751229e-09, 4.46957404421e-09, 7.16463643968e-09, 8.80610606657e-09, 6.62026611309e-09, 4.52816051322e-09, 4.67056615605e-09, 1.24854526717e-09, 1.96105021111e-09, 8.85434781051e-10, 1.59605731409e-10, 1.33526828483e-10, 1.2302073249e-10, 5.05466328515e-11, 6.57828791439e-11, 7.50466216948e-11, 3.46259798611e-09],
        "var": [9.40575200191e-15, 2.62448428875e-13, 4.44277237222e-09, 6.79747547139e-09, 2.04720876695e-07, 1.44081741382e-06, 3.16139539791e-06, 1.16848843845e-06, 2.89714876089e-06, 1.18710670449e-06, 2.66331176135e-06, 5.95057713326e-07, 4.19366324422e-06, 7.52148764604e-07, 2.64137099748e-07, 2.8466277513e-07, 6.14210478034e-07, 5.37069126949e-07, 1.33719788664e-06, 6.2092982489e-07, 7.61912701819e-08, 1.7785956743e-06, 4.11291182445e-07, 4.16308019169e-08, 1.1620504381e-07, 1.27838353237e-08, 4.58712651197e-10]
    },
    "erbbands": {
        "dmean": [8.81278992892e-06, 0.000402421690524, 0.019515581429, 0.0968072861433, 0.0950528606772, 0.611633837223, 2.28657531738, 4.82642698288, 11.2579469681, 7.3037109375, 11.4471578598, 14.7895088196, 14.5584669113, 23.6773014069, 15.6853532791, 16.6587162018, 42.4973678589, 26.8984127045, 16.9770069122, 13.0633182526, 11.6043539047, 18.9299983978, 18.364276886, 21.306306839, 27.0886249542, 16.7248897552, 4.89050292969, 11.4514713287, 22.3268241882, 12.0689849854, 7.95748281479, 1.54084742069, 2.05624938011, 2.77531313896, 0.550052046776, 0.177376851439, 0.113325439394, 0.025140138343, 0.0011708609527, 8.65183683345e-05],
        "dmean2": [1.43593379107e-05, 0.000647401611786, 0.0293455999345, 0.142934367061, 0.154048159719, 1.00392663479, 4.08733415604, 8.13664913177, 20.1963157654, 12.6491699219, 19.8117103577, 25.8881645203, 24.4120235443, 37.2191848755, 28.2295436859, 30.5881900787, 77.3867340088, 46.0630645752, 29.1422901154, 21.8077754974, 20.120262146, 33.3924674988, 33.1071853638, 39.4328155518, 49.0674438477, 32.104434967, 9.0389919281, 22.1689338684, 44.0307502747, 23.6793003082, 15.6871442795, 2.93882155418, 3.9516055584, 5.47355890274, 1.05196154118, 0.34782782197, 0.223268270493, 0.0501799471676, 0.00232437835075, 0.000168864673469],
        "dvar": [2.3335725019e-10, 5.54703660782e-07, 0.00134397053625, 0.0355019830167, 0.0733640193939, 2.12047529221, 42.7395591736, 125.97051239, 1049.11193848, 379.872253418, 893.823608398, 1806.2989502, 1508.46716309, 4084.29394531, 1772.71118164, 2061.74682617, 11881.1503906, 3339.67089844, 1443.96594238, 1126.82104492, 696.859680176, 2822.77172852, 2488.51342773, 3040.57739258, 5021.94335938, 2288.39453125, 160.794509888, 1271.22766113, 3490.02880859, 1139.15087891, 635.475769043, 16.3263454437, 35.5687408447, 63.5589027405, 2.25895357132, 0.250791013241, 0.122466124594, 0.00539533607662, 1.23314775919e-05, 5.58143007368e-08],
        "dvar2": [5.48652123733e-10, 1.20666334169e-06, 0.00285127526149, 0.0855638682842, 0.174041762948, 4.94263124466, 120.478439331, 356.607055664, 2928.1315918, 961.997314453, 2315.28930664, 4892.90722656, 4000.05493164, 10045.7451172, 4669.79199219, 5719.57421875, 33231.6757812, 8720.38085938, 3531.70581055, 2893.1862793, 1615.77978516, 7130.1953125, 6555.89453125, 8489.17871094, 13455.2197266, 6339.22119141, 440.601074219, 3723.19921875, 10308.4570312, 3334.35644531, 1862.05517578, 45.1797981262, 99.8902587891, 180.002319336, 6.346575737, 0.718447685242, 0.359108835459, 0.015827331692, 3.5583267163e-05, 1.58483473456e-07],
        "max": [8.97648715181e-05, 0.00469880877063, 0.270751029253, 1.37051713467, 2.64947962761, 14.9596424103, 51.9734992981, 89.5887451172, 206.032516479, 123.96333313, 171.210174561, 292.351196289, 266.163909912, 474.386566162, 285.423492432, 262.374816895, 608.911315918, 282.462341309, 201.637283325, 213.715316772, 152.420227051, 305.752593994, 274.775817871, 269.831512451, 478.200256348, 302.619506836, 75.1566085815, 237.189926147, 251.611541748, 162.624633789, 163.380859375, 21.5723705292, 29.2009754181, 39.8278083801, 6.76892709732, 2.51795578003, 1.7870401144, 0.368754893541, 0.0216269250959, 0.00124570843764],
        "mean": [1.24121834233e-05, 0.000566105009057, 0.0264470912516, 0.112400770187, 0.1121385023, 0.714605271816, 2.04403662682, 5.62737846375, 9.46908950806, 7.02195644379, 10.4342222214, 13.448636055, 14.1414642334, 20.5252971649, 12.7400903702, 11.8003416061, 32.4023857117, 25.7726898193, 16.788646698, 12.1625862122, 12.42329216, 16.8198795319, 14.266740799, 15.6384878159, 18.3848590851, 10.833319664, 3.4043264389, 6.81813287735, 12.5361175537, 6.97891998291, 4.376912117, 0.937148809433, 1.17226600647, 1.57896864414, 0.309784770012, 0.0987902656198, 0.062412917614, 0.0137650407851, 0.000665849132929, 5.51960256416e-05],
        "median": [5.71764576307e-06, 0.000302689266391, 0.0124478675425, 0.0448663905263, 0.0320693925023, 0.348703861237, 0.617116093636, 1.85265696049, 1.90011048317, 0.969252824783, 1.10481655598, 1.44920051098, 1.54508280754, 1.70252943039, 0.937050938606, 0.812104821205, 2.90944623947, 4.02659416199, 2.48747324944, 2.88722467422, 2.90252614021, 2.65663695335, 1.53567397594, 1.89470934868, 0.960826039314, 0.623220920563, 0.331244856119, 0.191803842783, 0.218598917127, 0.182391986251, 0.0253481324762, 0.00629455363378, 0.00422901986167, 0.00165302644018, 0.000202593932045, 3.46883061866e-05, 1.04959390228e-05, 2.78698439615e-06, 2.98760119222e-06, 4.58570912087e-06],
        "min": [1.81146162959e-07, 5.06120977661e-06, 7.3939714639e-05, 0.000291357602691, 0.000534157792572, 0.0010349014774, 0.00267566763796, 0.00387074798346, 0.000719066476449, 0.000854196201544, 0.00198495551012, 0.00134621653706, 0.000586199981626, 0.000230581848882, 0.000268331437837, 0.000145411046105, 0.000263083784375, 0.000378370226827, 0.000336014578352, 0.000313741562422, 0.000341372564435, 0.000261385110207, 0.00011172395898, 8.61116568558e-05, 9.2064976343e-05, 3.92146903323e-05, 1.17365107144e-05, 5.20086859979e-06, 3.65757841791e-06, 6.45176214675e-06, 2.74095805253e-06, 1.58437876507e-06, 7.06715582055e-07, 7.77635818849e-07, 3.98146880798e-07, 1.93528919112e-07, 1.53232193156e-07, 1.06696091962e-07, 1.19565797263e-07, 9.01150869481e-08],
        "var": [3.09165693047e-10, 7.34540321901e-07, 0.00183650583494, 0.0432913824916, 0.0808116719127, 2.43802666664, 31.2900657654, 123.921562195, 776.056213379, 340.195465088, 718.712646484, 1352.24682617, 1268.30981445, 3568.54443359, 1306.82641602, 1429.12890625, 8304.69335938, 3097.76782227, 1397.5423584, 927.473571777, 706.810974121, 2261.54223633, 1840.89489746, 2015.36437988, 3574.71386719, 1423.80102539, 108.413009644, 734.54876709, 2008.55847168, 660.286682129, 359.968536377, 10.4996051788, 21.2358417511, 36.812461853, 1.37246179581, 0.141595855355, 0.0669901296496, 0.00295815453865, 6.87877081873e-06, 3.34279484093e-08]
    },
    "gfcc": {
        "mean": [-185.044403076, 94.9036941528, -163.392944336, 0.758338987827, -70.5628890991, -26.1574401855, -40.3028335571, -21.3900871277, -16.3894939423, -13.0278587341, -15.1097335815, -7.75405550003, -12.7969579697],
        "cov": [[27253.375, -5083.33740234, -5785.95458984, 401.510314941, -2605.24755859, 1973.63146973, -1681.28039551, 1384.05078125, -996.2734375, 901.196105957, -55.6690483093, 34.5285453796, -545.942687988], [-5083.33740234, 2229.4621582, 373.085845947, 180.881332397, 731.697937012, -486.684387207, 303.75567627, -368.759155273, 397.40020752, -220.028564453, 90.3429489136, -216.234115601, 186.009140015], [-5785.95458984, 373.085845947, 2018.89758301, -365.72088623, 475.421386719, -393.523986816, 365.796417236, -186.99017334, 59.0487213135, -155.684341431, -91.0091934204, 137.470153809, 41.9276542664], [401.510314941, 180.881332397, -365.72088623, 257.843902588, -20.3830738068, 81.4524383545, -22.9262084961, -57.5377006531, 60.4552078247, -12.8884124756, 37.3119621277, -41.7542648315, 10.5557756424], [-2605.24755859, 731.697937012, 475.421386719, -20.3830738068, 477.368164062, -218.635681152, 202.795593262, -163.145843506, 127.269088745, -78.5114364624, -6.40335845947, -49.8887405396, 49.8948783875], [1973.63146973, -486.684387207, -393.523986816, 81.4524383545, -218.635681152, 266.804992676, -104.486557007, 109.920394897, -84.4950866699, 69.7661209106, -22.2358379364, 20.7396850586, -61.444568634], [-1681.28039551, 303.75567627, 365.796417236, -22.9262084961, 202.795593262, -104.486557007, 165.045013428, -101.755615234, 70.0607910156, -54.3817405701, -3.25500702858, -8.01508331299, 19.0618610382], [1384.05078125, -368.759155273, -186.99017334, -57.5377006531, -163.145843506, 109.920394897, -101.755615234, 167.072692871, -81.2787780762, 64.4007873535, -14.9565830231, 10.7271537781, -32.9627227783], [-996.2734375, 397.40020752, 59.0487213135, 60.4552078247, 127.269088745, -84.4950866699, 70.0607910156, -81.2787780762, 104.986785889, -35.2464637756, 21.4487228394, -43.7928543091, 31.031671524], [901.196105957, -220.028564453, -155.684341431, -12.8884124756, -78.5114364624, 69.7661209106, -54.3817405701, 64.4007873535, -35.2464637756, 67.1774520874, -2.47752428055, 1.09590899944, -26.5093250275], [-55.6690483093, 90.3429489136, -91.0091934204, 37.3119621277, -6.40335845947, -22.2358379364, -3.25500702858, -14.9565830231, 21.4487228394, -2.47752428055, 44.1355667114, -17.714515686, 18.3906040192], [34.5285453796, -216.234115601, 137.470153809, -41.7542648315, -49.8887405396, 20.7396850586, -8.01508331299, 10.7271537781, -43.7928543091, 1.09590899944, -17.714515686, 76.3968276978, -15.5043344498], [-545.942687988, 186.009140015, 41.9276542664, 10.5557756424, 49.8948783875, -61.444568634, 19.0618610382, -32.9627227783, 31.031671524, -26.5093250275, 18.3906040192, -15.5043344498, 51.2455291748]],
        "icov": [[0.000552303157747, 0.000383643695386, 0.00118016032502, 0.000115474111226, 0.000142493430758, -9.52364862314e-05, 0.00102363387123, -0.000373022281565, 0.00100708811078, -0.000915935786907, 0.00120960560162, 0.000160602023243, 0.00115926004946], [0.000383643695386, 0.00358008500189, 0.00102755974513, 0.00016686237359, -0.00270552653819, 0.000800105044618, 0.00276778964326, -0.000397606549086, -0.00595331983641, 0.00412971619517, -0.000168665486854, 0.00289122131653, -0.000797946471721], [0.00118016032502, 0.00102755974513, 0.00446543097496, 0.00135771755595, -6.65681436658e-05, 0.0013332554372, -0.000654513947666, -0.00130746560171, 0.00161987589672, -0.000706841354258, 0.00483114784583, -0.002729694359, 0.0020695226267], [0.000115474111226, 0.00016686237359, 0.00135771755595, 0.0136989215389, -0.00146124477033, -0.00959377363324, 0.00516441883519, 0.00607936317101, -0.00958578940481, 0.00603429879993, -0.00664715562016, -0.000360083591659, -0.00019633845659], [0.000142493430758, -0.00270552653819, -6.65681436658e-05, -0.00146124477033, 0.00910646282136, 0.0028345095925, -0.00691178767011, 0.00115727086086, 0.00593121862039, -0.00668614404276, 0.00636902311817, 0.000962024962064, 0.000496507214848], [-9.52364862314e-05, 0.000800105044618, 0.0013332554372, -0.00959377363324, 0.0028345095925, 0.0180154088885, -0.00716893468052, -0.00561469886452, 0.00686129182577, -0.00508974399418, 0.0104292239994, -0.00110240874346, 0.0039986516349], [0.00102363387123, 0.00276778964326, -0.000654513947666, 0.00516441883519, -0.00691178767011, -0.00716893468052, 0.0274546872824, 0.00548871932551, -0.0111296055838, 0.00721460347995, -0.00561277195811, 0.00425685662776, 0.00555642601103], [-0.000373022281565, -0.000397606549086, -0.00130746560171, 0.00607936317101, 0.00115727086086, -0.00561469886452, 0.00548871932551, 0.0186393074691, 0.00157717987895, -0.00438543269411, -0.00165755522903, 0.00519874412566, -0.00168038369156], [0.00100708811078, -0.00595331983641, 0.00161987589672, -0.00958578940481, 0.00593121862039, 0.00686129182577, -0.0111296055838, 0.00157717987895, 0.0480871573091, -0.0152200693265, 0.00533153582364, 0.00482007721439, 0.00314615224488], [-0.000915935786907, 0.00412971619517, -0.000706841354258, 0.00603429879993, -0.00668614404276, -0.00508974399418, 0.00721460347995, -0.00438543269411, -0.0152200693265, 0.0414529591799, -0.0115722976625, 0.00418889103457, 0.00557073857635], [0.00120960560162, -0.000168665486854, 0.00483114784583, -0.00664715562016, 0.00636902311817, 0.0104292239994, -0.00561277195811, -0.00165755522903, 0.00533153582364, -0.0115722976625, 0.0449889339507, -0.000180563511094, -0.00717424042523], [0.000160602023243, 0.00289122131653, -0.002729694359, -0.000360083591659, 0.000962024962064, -0.00110240874346, 0.00425685662776, 0.00519874412566, 0.00482007721439, 0.00418889103457, -0.000180563511094, 0.0294756237417, 0.00125690526329], [0.00115926004946, -0.000797946471721, 0.0020695226267, -0.00019633845659, 0.000496507214848, 0.0039986516349, 0.00555642601103, -0.00168038369156, 0.00314615224488, 0.00557073857635, -0.00717424042523, 0.00125690526329, 0.0382024683058]]
    },
    "melbands": {
        "dmean": [6.06418169014e-08, 7.61883029554e-06, 1.564458762e-05, 1.8879365598e-05, 7.10291496944e-05, 0.000116206960229, 0.000162015465321, 8.25066526886e-05, 0.000105446692032, 9.01912208064e-05, 6.97839204804e-05, 9.24740525079e-05, 6.6128995968e-05, 2.91330907203e-05, 6.79421937093e-05, 0.000101743076812, 4.28684470535e-05, 3.00316496578e-05, 1.62366923178e-05, 1.78522786882e-05, 1.17489862532e-05, 2.11997958104e-05, 1.56925998454e-05, 1.58079419634e-05, 1.66797162819e-05, 2.42132191488e-05, 1.62441883731e-05, 9.55033920036e-06, 3.08363155455e-06, 2.31691615227e-06, 9.02960255189e-06, 1.23215831991e-05, 1.30895659822e-05, 4.84517340738e-06, 5.91171283304e-06, 1.42692215377e-06, 7.61084379519e-07, 1.12030807031e-06, 1.96812197828e-06, 2.83258577838e-06],
        "dmean2": [1.10562098143e-07, 1.13877931653e-05, 2.34367071243e-05, 3.04544264509e-05, 0.000126100087073, 0.000198531008209, 0.000286749273073, 0.00014099132386, 0.000181291456101, 0.000154867346282, 0.000118170421047, 0.000146198188304, 0.000116003982839, 5.34981118108e-05, 0.000128860090626, 0.000178350368515, 7.38997914596e-05, 5.06717478856e-05, 2.81540014839e-05, 3.03604210785e-05, 2.07524208236e-05, 3.71040587197e-05, 2.8266606023e-05, 2.92163185804e-05, 3.13889104291e-05, 4.43333301519e-05, 3.07726877509e-05, 1.83437496162e-05, 5.7287556956e-06, 4.2210203901e-06, 1.76085832209e-05, 2.43349149969e-05, 2.58156833297e-05, 9.50687717705e-06, 1.1698902199e-05, 2.76994023807e-06, 1.43176441725e-06, 2.13972703023e-06, 3.81135873795e-06, 5.51242646907e-06],
        "dvar": [1.34060751595e-14, 2.03737374194e-10, 1.18341003663e-09, 1.63064639569e-09, 4.0725936401e-08, 7.82727198612e-08, 2.21246054366e-07, 5.25136343299e-08, 7.64991980873e-08, 6.87751864348e-08, 3.40851649128e-08, 6.0627961318e-08, 3.95303665357e-08, 5.67510261007e-09, 3.97805415275e-08, 5.7996555114e-08, 8.33602875616e-09, 4.47158576833e-09, 1.37572908621e-09, 2.18632423277e-09, 7.38129835032e-10, 3.632836032e-09, 1.47530632155e-09, 1.99313388016e-09, 1.98742511337e-09, 4.89303708662e-09, 1.59817081791e-09, 9.2680080277e-10, 6.92993093465e-11, 3.58148441459e-11, 9.69457070177e-10, 1.20212217958e-09, 1.46751188979e-09, 2.07557068754e-10, 3.75753789195e-10, 1.75688422144e-11, 4.78146949118e-12, 1.08674146071e-11, 3.51874120119e-11, 6.82989845235e-11],
        "dvar2": [3.82412573558e-14, 4.3219336443e-10, 2.89801849185e-09, 3.4488008005e-09, 1.12526478802e-07, 2.2595405369e-07, 6.06782577961e-07, 1.39509580777e-07, 2.01887857543e-07, 1.86924339118e-07, 9.02778367617e-08, 1.49749126876e-07, 1.02233506993e-07, 1.55610404562e-08, 1.13693822357e-07, 1.57369129283e-07, 2.13458086762e-08, 1.07485904621e-08, 3.45930106782e-09, 5.6528768333e-09, 1.67194935674e-09, 9.19775278163e-09, 3.74237085765e-09, 5.1967181669e-09, 5.64660762592e-09, 1.35100979293e-08, 4.20169943283e-09, 2.63865218564e-09, 1.88597110151e-10, 9.92877655093e-11, 2.86790147186e-09, 3.56732732243e-09, 4.29871382934e-09, 6.0913735167e-10, 1.10907705242e-09, 5.02785105216e-11, 1.3464773567e-11, 3.02664178442e-11, 1.00669049485e-10, 1.95586075113e-10],
        "max": [6.68467464493e-07, 0.000103785350802, 0.000278687191894, 0.000439777999418, 0.00169091648422, 0.00218420708552, 0.00288004125468, 0.00156013830565, 0.00154079904314, 0.00183951621875, 0.00125579768792, 0.00179264263716, 0.00151072151493, 0.000429793493822, 0.00113693496678, 0.00128121301532, 0.000451203930425, 0.000365804793546, 0.000230154037126, 0.000275105354376, 0.000157762449817, 0.000346983870259, 0.000192680512555, 0.000226646501687, 0.000224454110139, 0.000506417301949, 0.000176385830855, 0.000209287143662, 5.16382133355e-05, 2.81619322777e-05, 0.0002148354979, 0.000197561705136, 0.000232127335039, 8.82750755409e-05, 0.000126918239403, 2.48391661444e-05, 1.14075073725e-05, 1.78780046554e-05, 3.23626045429e-05, 4.3215102778e-05],
        "mean": [5.75990171114e-08, 1.00981542346e-05, 1.82065305125e-05, 2.34014514717e-05, 6.80319644744e-05, 0.000129082269268, 0.000139275987749, 7.92741557234e-05, 9.31472022785e-05, 8.29128839541e-05, 6.75873743603e-05, 7.97311513452e-05, 5.53031350137e-05, 2.14178980968e-05, 4.72308274766e-05, 8.075239748e-05, 4.36851842096e-05, 3.00883930322e-05, 1.54101562657e-05, 1.75129553099e-05, 1.26572758745e-05, 1.81859431905e-05, 1.35939717438e-05, 1.20015456559e-05, 1.22230921988e-05, 1.57160193339e-05, 1.11464460133e-05, 5.98352062298e-06, 2.17859474105e-06, 1.60285401307e-06, 5.21145557286e-06, 6.8878903221e-06, 7.35162848287e-06, 2.81350503428e-06, 3.20461617775e-06, 8.24659878162e-07, 4.76030436403e-07, 6.60983062062e-07, 1.08042752345e-06, 1.57935664902e-06],
        "median": [2.16653450735e-08, 4.74388207294e-06, 6.56800511933e-06, 1.10158289317e-05, 2.35633124248e-05, 4.24655991083e-05, 2.75746169791e-05, 1.04667606138e-05, 9.38714765653e-06, 8.54444533616e-06, 7.48554202801e-06, 6.69712426316e-06, 4.16553757532e-06, 1.92543143385e-06, 3.00535498354e-06, 8.01200621936e-06, 7.67669916968e-06, 4.312791134e-06, 3.41955887961e-06, 4.01361148761e-06, 2.46265040005e-06, 2.37192034547e-06, 1.99428495762e-06, 1.25346002733e-06, 1.47716934862e-06, 7.81731728239e-07, 4.4919568154e-07, 2.61602139062e-07, 2.11791430615e-07, 1.35872738838e-07, 1.39308269809e-07, 1.08463986237e-07, 1.33340009256e-07, 7.63953025285e-08, 1.38426825558e-08, 5.18909404335e-09, 3.36862338024e-09, 2.93423663145e-09, 2.55432186513e-09, 8.50064685309e-10],
        "min": [1.5612975357e-09, 2.6403499831e-08, 5.72085667727e-08, 5.21150660404e-08, 8.59338129544e-08, 8.72355698789e-08, 8.51476134045e-09, 1.16693206209e-08, 1.67009943652e-08, 8.17007883569e-09, 2.45434939039e-09, 9.3826824088e-10, 9.12956710231e-10, 6.05500982687e-10, 2.75239830927e-10, 3.43969880356e-10, 8.00542743207e-10, 4.19117102135e-10, 4.85971429764e-10, 2.98423258327e-10, 4.14019152295e-10, 2.54155890778e-10, 1.90120308385e-10, 5.40003250449e-11, 7.43742498144e-11, 5.65467048186e-11, 6.34225449936e-11, 2.0114507282e-11, 8.4352750479e-12, 3.03092360238e-12, 3.16829093343e-12, 1.87442379326e-12, 2.61769555684e-12, 3.63982628759e-12, 1.29328177941e-12, 1.69045257393e-12, 7.23042882077e-13, 5.20841778994e-13, 4.14871533395e-13, 7.83019862057e-13],
        "var": [1.01717611656e-14, 2.73299244347e-10, 1.31591715302e-09, 2.32225771946e-09, 3.16138368817e-08, 7.08168172991e-08, 1.67647996818e-07, 4.29600532925e-08, 5.95542672954e-08, 5.23460172985e-08, 2.87731634074e-08, 5.27102663739e-08, 2.99068858567e-08, 4.0636849441e-09, 2.54047485271e-08, 4.48733672442e-08, 8.14504996782e-09, 4.47156534022e-09, 1.18514387193e-09, 1.80480053125e-09, 7.58674290058e-10, 2.89271029352e-09, 1.21313126211e-09, 1.45490552939e-09, 1.26005350598e-09, 3.22554427612e-09, 1.14288711828e-09, 5.37826394531e-10, 4.64143896928e-11, 2.37093070871e-11, 5.39721489723e-10, 6.81264433755e-10, 8.19513734651e-10, 1.20080848043e-10, 2.09169029319e-10, 1.05635587083e-11, 2.89701465941e-12, 6.64233425207e-12, 2.00017797464e-11, 3.91299735669e-11]
    },
    "mfcc": {
        "mean": [-799.406433105, 111.115562439, -32.3667602539, 2.15115046501, -19.2242336273, -14.9405164719, -25.2075805664, -15.057091713, -16.2288093567, -13.0153179169, -4.39800024033, -16.6418552399, -7.35562801361],
        "cov": [[25390.0058594, -2122.53198242, -5577.17773438, -1167.91760254, -1559.48022461, -56.8667144775, -685.391479492, -139.795501709, -447.404785156, -120.939788818, 744.032897949, -438.06072998, 125.213905334], [-2122.53198242, 1131.26867676, -100.298072815, 249.767349243, 260.732971191, -4.51140499115, -88.4723587036, -83.2048797607, 32.3687896729, 47.8004417419, -120.735679626, -27.9524421692, -22.169593811], [-5577.17773438, -100.298072815, 1864.5682373, 89.1489715576, 287.035430908, -63.0325393677, 257.731689453, 93.8417663574, 118.646903992, 7.46994638443, -160.660354614, 142.375076294, -6.54397296906], [-1167.91760254, 249.767349243, 89.1489715576, 188.3540802, 80.3372039795, 62.5266456604, -7.19723796844, -14.5791826248, 13.1757249832, 2.96568369865, -32.5262985229, 4.72646522522, 3.38147640228], [-1559.48022461, 260.732971191, 287.035430908, 80.3372039795, 227.040527344, 10.4173345566, 41.168006897, 0.0771625339985, 38.0307655334, 26.749830246, -68.2461395264, 14.5135831833, -9.03996753693], [-56.8667144775, -4.51140499115, -63.0325393677, 62.5266456604, 10.4173345566, 165.90536499, 3.4353852272, 34.328830719, 7.17546367645, -2.69072437286, 23.6540737152, 6.68059778214, -2.76302647591], [-685.391479492, -88.4723587036, 257.731689453, -7.19723796844, 41.168006897, 3.4353852272, 86.7996139526, 25.457988739, 21.064201355, 3.43943691254, -12.562921524, 20.7088127136, 0.651767134666], [-139.795501709, -83.2048797607, 93.8417663574, -14.5791826248, 0.0771625339985, 34.328830719, 25.457988739, 62.701259613, 10.6897363663, -7.63066530228, 5.96557378769, 16.1021156311, -4.17703104019], [-447.404785156, 32.3687896729, 118.646903992, 13.1757249832, 38.0307655334, 7.17546367645, 21.064201355, 10.6897363663, 42.3454933167, 19.7477455139, -12.2148866653, 13.6639223099, 1.53535664082], [-120.939788818, 47.8004417419, 7.46994638443, 2.96568369865, 26.749830246, -2.69072437286, 3.43943691254, -7.63066530228, 19.7477455139, 40.4489173889, 5.32576704025, 2.04785513878, -0.839752554893], [744.032897949, -120.735679626, -160.660354614, -32.5262985229, -68.2461395264, 23.6540737152, -12.562921524, 5.96557378769, -12.2148866653, 5.32576704025, 61.2448692322, 0.377090573311, 5.75279855728], [-438.06072998, -27.9524421692, 142.375076294, 4.72646522522, 14.5135831833, 6.68059778214, 20.7088127136, 16.1021156311, 13.6639223099, 2.04785513878, 0.377090573311, 35.6746063232, 5.28341770172], [125.213905334, -22.169593811, -6.54397296906, 3.38147640228, -9.03996753693, -2.76302647591, 0.651767134666, -4.17703104019, 1.53535664082, -0.839752554893, 5.75279855728, 5.28341770172, 31.5863876343]],
