{
"lowlevel": {
    "average_loudness": 0.99068403244,
    "barkbands_crest": {
        "dmean": 3.60158967972,
        "dmean2": 6.10173606873,
        "dvar": 10.7330665588,
        "dvar2": 26.1872272491,
        "max": 24.8503551483,
        "mean": 11.818154335,
        "median": 10.6702661514,
        "min": 5.00256967545,
        "var": 23.6513195038
    },
    "barkbands_flatness_db": {
        "dmean": 0.0295945126563,
        "dmean2": 0.0457494519651,
        "dvar": 0.00072487356374,
        "dvar2": 0.00140563910827,
        "max": 0.378798544407,
        "mean": 0.214676678181,
        "median": 0.216941252351,
        "min": 0.114560000598,
        "var": 0.00452087540179
    },
    "barkbands_kurtosis": {
        "dmean": 4.05924224854,
        "dmean2": 6.15319347382,
        "dvar": 31.924156189,
        "dvar2": 69.2695922852,
        "max": 45.2626419067,
        "mean": 6.78407716751,
        "median": 4.99027776718,
        "min": -0.807394504547,
        "var": 56.7892723083
    },
    "barkbands_skewness": {
        "dmean": 0.576752543449,
        "dmean2": 0.89842993021,
        "dvar": 0.29323258996,
        "dvar2": 0.672946751118,
        "max": 3.8060541153,
        "mean": 1.44990599155,
        "median": 1.39264631271,
        "min": -0.191650241613,
        "var": 0.820304572582
    },
    "barkbands_spread": {
        "dmean": 2.3901746273,
        "dmean2": 4.11830615997,
        "dvar": 4.54203701019,
        "dvar2": 10.052441597,
        "max": 17.5873832703,
        "mean": 8.30602073669,
        "median": 7.93712997437,
        "min": 0.811595857143,
        "var": 17.0717010498
    },
    "dissonance": {
        "dmean": 0.0377213917673,
        "dmean2": 0.0619071610272,
        "dvar": 0.00123565702233,
        "dvar2": 0.00347039685585,
        "max": 0.499999970198,
        "mean": 0.446391314268,
        "median": 0.460264116526,
        "min": 0.245251819491,
        "var": 0.00220315507613
    },
    "dynamic_complexity": 13.2577772141,
    "erbbands_crest": {
        "dmean": 3.7064743042,
        "dmean2": 5.51918888092,
        "dvar": 11.081788063,
        "dvar2": 33.1106262207,
        "max": 30.5550365448,
        "mean": 12.9335422516,
        "median": 11.2907333374,
        "min": 5.11299419403,
        "var": 38.1920928955
    },
    "erbbands_flatness_db": {
        "dmean": 0.0261121150106,
        "dmean2": 0.0386941991746,
        "dvar": 0.00065612338949,
        "dvar2": 0.00119551073294,
        "max": 0.471187531948,
        "mean": 0.284831434488,
        "median": 0.294978708029,
        "min": 0.138760656118,
        "var": 0.00660384492949
    },
    "erbbands_kurtosis": {
        "dmean": 2.4569246769,
        "dmean2": 3.82203388214,
        "dvar": 15.9696931839,
        "dvar2": 37.6200523376,
        "max": 27.6372528076,
        "mean": 3.29701519012,
        "median": 1.85087299347,
        "min": -1.29811263084,
        "var": 26.8970355988
    },
    "erbbands_skewness": {
        "dmean": 0.494985252619,
        "dmean2": 0.779081583023,
        "dvar": 0.168614819646,
        "dvar2": 0.387552499771,
        "max": 3.44127011299,
        "mean": 0.957687199116,
        "median": 0.874629437923,
        "min": -0.716765463352,
        "var": 0.6269287467
    },
    "erbbands_spread": {
        "dmean": 4.32402944565,
        "dmean2": 6.57187652588,
        "dvar": 17.9082298279,
        "dvar2": 41.97498703,
        "max": 34.4966545105,
        "mean": 12.950922966,
        "median": 11.897816658,
        "min": 1.26981377602,
        "var": 46.6973495483
    },
    "hfc": {
        "dmean": 6.34815740585,
        "dmean2": 9.8376493454,
        "dvar": 253.941543579,
        "dvar2": 498.641387939,
        "max": 102.953582764,
        "mean": 9.34715175629,
        "median": 0.395520240068,
        "min": 0.00155335722957,
        "var": 443.233642578
    },
    "melbands_crest": {
        "dmean": 4.13507699966,
        "dmean2": 6.58044958115,
        "dvar": 16.6861438751,
        "dvar2": 37.4528160095,
        "max": 31.3104553223,
        "mean": 13.2031421661,
        "median": 11.3226003647,
        "min": 5.35368585587,
        "var": 40.4512748718
    },
    "melbands_flatness_db": {
        "dmean": 0.0306387022138,
        "dmean2": 0.0452791601419,
        "dvar": 0.000712532259058,
        "dvar2": 0.00145740597509,
        "max": 0.386620819569,
        "mean": 0.264612436295,
        "median": 0.261203974485,
        "min": 0.163107335567,
        "var": 0.00232078507543
    },
    "melbands_kurtosis": {
        "dmean": 3.18367385864,
        "dmean2": 4.95944595337,
        "dvar": 12.3296108246,
        "dvar2": 26.4558753967,
        "max": 26.9981384277,
        "mean": 4.8965139389,
        "median": 4.12571716309,
        "min": -1.09276926517,
        "var": 24.9414920807
    },
    "melbands_skewness": {
        "dmean": 0.647727251053,
        "dmean2": 0.971705675125,
        "dvar": 0.322494029999,
        "dvar2": 0.756303071976,
        "max": 3.09291958809,
        "mean": 1.04388773441,
        "median": 0.982400119305,
        "min": -1.22661709785,
        "var": 0.790801882744
    },
    "melbands_spread": {
        "dmean": 3.30042266846,
        "dmean2": 5.30753660202,
        "dvar": 5.27456378937,
        "dvar2": 16.2153911591,
        "max": 19.6281967163,
        "mean": 11.1157226562,
        "median": 10.9425840378,
        "min": 1.91100144386,
        "var": 15.9114780426
    },
    "pitch_salience": {
        "dmean": 0.0925306156278,
        "dmean2": 0.149069994688,
        "dvar": 0.0100668687373,
        "dvar2": 0.0234664212912,
        "max": 0.843981921673,
        "mean": 0.591915845871,
        "median": 0.620946705341,
        "min": 0.18009634316,
        "var": 0.0190611593425
    },
    "silence_rate_20dB": {
        "dmean": 0,
        "dmean2": 0,
        "dvar": 0,
        "dvar2": 0,
        "max": 1,
        "mean": 1,
        "median": 1,
        "min": 1,
        "var": 0
    },
    "silence_rate_30dB": {
        "dmean": 0,
        "dmean2": 0,
        "dvar": 0,
        "dvar2": 0,
        "max": 1,
        "mean": 1,
        "median": 1,
        "min": 1,
        "var": 0
    },
    "silence_rate_60dB": {
        "dmean": 0.0833333358169,
        "dmean2": 0.169491529465,
        "dvar": 0.0763889849186,
        "dvar2": 0.14076423645,
        "max": 1,
        "mean": 0.672131121159,
        "median": 1,
        "min": 0,
        "var": 0.220370978117
    },
    "spectral_centroid": {
        "dmean": 137.369430542,
        "dmean2": 219.037185669,
        "dvar": 11844.9873047,
        "dvar2": 34545.765625,
        "max": 1904.30810547,
        "mean": 1006.96801758,
        "median": 954.459899902,
        "min": 523.943725586,
        "var": 119033.8125
    },
    "spectral_complexity": {
        "dmean": 1.76666665077,
        "dmean2": 2.35593223572,
        "dvar": 6.54556083679,
        "dvar2": 16.1953449249,
        "max": 23,
        "mean": 4.63934421539,
        "median": 3,
        "min": 0,
        "var": 30.2306175232
    },
    "spectral_decrease": {
        "dmean": 1.52056023328e-09,
        "dmean2": 2.33200436739e-09,
        "dvar": 1.13985877185e-17,
        "dvar2": 2.43070381352e-17,
        "max": -7.03904491119e-13,
        "mean": -1.95047178408e-09,
        "median": -1.02437690275e-10,
        "min": -2.1376024506e-08,
        "var": 1.77404102485e-17
    },
    "spectral_energy": {
        "dmean": 0.00631457054988,
        "dmean2": 0.00969240814447,
        "dvar": 0.000200665730517,
        "dvar2": 0.000423988647526,
        "max": 0.0900162160397,
        "mean": 0.00820932816714,
        "median": 0.000422498880653,
        "min": 2.79759387922e-06,
        "var": 0.000316676771035
    },
    "spectral_energyband_high": {
        "dmean": 7.94839215814e-05,
        "dmean2": 0.000127829654957,
        "dvar": 6.56459420156e-08,
        "dvar2": 1.69949444739e-07,
        "max": 0.00143291126005,
        "mean": 7.67624442233e-05,
        "median": 5.42095733636e-07,
        "min": 7.2262680284e-09,
        "var": 7.27842675019e-08
    },
    "spectral_energyband_low": {
        "dmean": 1.23612460357e-06,
        "dmean2": 2.12066333916e-06,
        "dvar": 1.91417064491e-12,
        "dvar2": 4.89108970339e-12,
        "max": 7.1215636126e-06,
        "mean": 1.42232750022e-06,
        "median": 8.4292213387e-07,
        "min": 9.2080078673e-08,
        "var": 2.19202520718e-12
    },
    "spectral_energyband_middle_high": {
        "dmean": 0.00427481951192,
        "dmean2": 0.00647791475058,
        "dvar": 0.000132057743031,
        "dvar2": 0.000250743032666,
        "max": 0.0705661103129,
        "mean": 0.00675744423643,
        "median": 0.000235365951085,
        "min": 1.26338761675e-07,
        "var": 0.000237193875364
    },
    "spectral_energyband_middle_low": {
        "dmean": 0.00219039828517,
        "dmean2": 0.00395731581375,
        "dvar": 2.11815404327e-05,
        "dvar2": 5.89619448874e-05,
        "max": 0.0207241103053,
        "mean": 0.0015270129079,
        "median": 0.000169336577528,
        "min": 2.54362953456e-06,
        "var": 1.43239431054e-05
    },
    "spectral_entropy": {
        "dmean": 0.241027012467,
        "dmean2": 0.363467693329,
        "dvar": 0.0679019242525,
        "dvar2": 0.114639863372,
        "max": 7.83152198792,
        "mean": 6.97447347641,
        "median": 6.97394418716,
        "min": 6.10607433319,
        "var": 0.144244894385
    },
    "spectral_flux": {
        "dmean": 0.0210023727268,
        "dmean2": 0.0295691639185,
        "dvar": 0.00119943753816,
        "dvar2": 0.00234491401352,
        "max": 0.23760548234,
        "mean": 0.0436768010259,
        "median": 0.0159962084144,
        "min": 0.00237233447842,
        "var": 0.00344221270643
    },
    "spectral_kurtosis": {
        "dmean": 7.43219232559,
        "dmean2": 12.5203876495,
        "dvar": 55.0641822815,
        "dvar2": 180.269958496,
        "max": 40.5239906311,
        "mean": 16.9961166382,
        "median": 15.4844875336,
        "min": 0.998789787292,
        "var": 77.2930679321
    },
    "spectral_rms": {
        "dmean": 0.000729539955501,
        "dmean2": 0.00107817223761,
        "dvar": 1.48419098878e-06,
        "dvar2": 3.35056688527e-06,
        "max": 0.0093712694943,
        "mean": 0.0017221251037,
        "median": 0.000642023398541,
        "min": 5.22432746948e-05,
        "var": 5.04338458995e-06
    },
    "spectral_rolloff": {
        "dmean": 173.342285156,
        "dmean2": 317.158538818,
        "dvar": 53190.515625,
        "dvar2": 136413.234375,
        "max": 2110.25390625,
        "mean": 1097.48730469,
        "median": 1141.25976562,
        "min": 538.330078125,
        "var": 66890.8671875
    },
    "spectral_skewness": {
        "dmean": 0.633126378059,
        "dmean2": 1.06057989597,
        "dvar": 0.331294834614,
        "dvar2": 1.10425627232,
        "max": 4.55218267441,
        "mean": 2.72208452225,
        "median": 2.78130531311,
        "min": 0.961127519608,
        "var": 0.551337122917
    },
    "spectral_spread": {
        "dmean": 642989.4375,
        "dmean2": 760844.0625,
        "dvar": 2.95575853466e+12,
        "dvar2": 1.81613336986e+12,
        "max": 20151316,
        "mean": 2884875.5,
        "median": 2352717.75,
        "min": 1481691.625,
        "var": 5.91198683136e+12
    },
    "spectral_strongpeak": {
        "dmean": 0.532435357571,
        "dmean2": 0.930180609226,
        "dvar": 0.820904195309,
        "dvar2": 1.78773152828,
        "max": 6.51939105988,
        "mean": 1.13177287579,
        "median": 0.204282790422,
        "min": 0.00406974973157,
        "var": 3.43352794647
    },
    "zerocrossingrate": {
        "dmean": 0.00658365897834,
        "dmean2": 0.0080607784912,
        "dvar": 5.4935549997e-05,
        "dvar2": 4.80261696794e-05,
        "max": 0.12060546875,
        "mean": 0.0600105673075,
        "median": 0.0546875,
        "min": 0.009765625,
        "var": 0.000381537800422
    },
    "barkbands": {
        "dmean": [8.12389977511e-09, 8.2827973813e-08, 7.12657197255e-07, 1.06264531041e-06, 1.87306832231e-05, 0.000599506834988, 4.09395070164e-05, 0.00117232301272, 0.000129239619127, 0.00099930842407, 0.00217858119868, 0.00221576332115, 6.87209831085e-05, 1.35869604492e-05, 0.0001000621196, 0.0001596006623, 4.90736929351e-05, 0.00011374623864, 0.000226825854043, 1.48514918692e-05, 3.46180750057e-05, 1.63310432981e-05, 1.57555041369e-05, 4.16747207055e-06, 4.13008706346e-07, 1.59391873922e-07, 8.56362945001e-08],
        "dmean2": [1.20080834165e-08, 1.3978730351e-07, 1.19041328617e-06, 1.9179328774e-06, 3.56731725333e-05, 0.00104215880856, 7.04322519596e-05, 0.0022280565463, 0.000225583571591, 0.00181160459761, 0.00286146695726, 0.00305705145001, 0.000123327743495, 2.45774244831e-05, 0.000143078155816, 0.000292269483907, 8.34269958432e-05, 0.000156688300194, 0.000365427986253, 2.69223182841e-05, 6.09162889305e-05, 2.52628651651e-05, 2.79549822153e-05, 6.01268448008e-06, 6.37561754502e-07, 2.44927662152e-07, 1.4008324456e-07],
        "dvar": [4.99218402162e-16, 8.79740700996e-15, 5.85199586272e-13, 1.96012628871e-12, 2.29020069575e-09, 2.00534941541e-06, 8.45242364989e-09, 6.5015015025e-06, 9.68016280467e-08, 9.05166325538e-06, 4.80306189274e-05, 4.37791313743e-05, 2.35878907517e-08, 1.01552843912e-09, 1.65204909308e-07, 2.51868897294e-07, 2.5640039425e-08, 2.02063191068e-07, 5.70837642044e-07, 2.31237229364e-09, 1.22423040594e-08, 3.21949400472e-09, 3.48097639602e-09, 2.29159996534e-10, 2.29816469674e-12, 3.78869678686e-13, 1.34119925317e-14],
        "dvar2": [7.56424032941e-16, 2.3135927378e-14, 1.54072815704e-12, 5.8866214854e-12, 6.77808209559e-09, 5.55817177883e-06, 2.17152962279e-08, 1.83477040991e-05, 2.69899459227e-07, 2.61911682173e-05, 9.8575008451e-05, 9.92566274363e-05, 6.5839479646e-08, 2.88488966049e-09, 4.00438665338e-07, 5.41697261269e-07, 6.76980533854e-08, 4.48438271405e-07, 1.00048976037e-06, 5.6317341901e-09, 2.93978246191e-08, 7.30162019735e-09, 9.70619229435e-09, 5.24107479638e-10, 4.81153918791e-12, 8.08732475519e-13, 3.2296085565e-14],
        "max": [1.71066460553e-07, 5.35216429398e-07, 4.38247843704e-06, 8.64523281052e-06, 0.000216908112634, 0.0071349805221, 0.000436878908658, 0.00973454490304, 0.00168347533327, 0.0167178995907, 0.0454945191741, 0.056781232357, 0.000745113007724, 0.000154399487656, 0.00257169734687, 0.00344968819991, 0.00108977721538, 0.00309262028895, 0.00519213452935, 0.000252290366916, 0.000599399616476, 0.000328647147398, 0.000329990667524, 9.20132297324e-05, 8.84938344825e-06, 3.5069704154e-06, 8.70591520652e-07],
        "mean": [1.1202810235e-08, 1.07940714145e-07, 7.83563450568e-07, 1.0943919051e-06, 1.45469912241e-05, 0.000450362043921, 3.40378028341e-05, 0.000687874737196, 0.00012673222227, 0.000870367279276, 0.00205874093808, 0.00313187227584, 5.95780475123e-05, 1.14326103358e-05, 9.00787781575e-05, 0.000217300388613, 3.81596146326e-05, 9.41165562836e-05, 0.000242377893301, 1.68049336935e-05, 3.4897835576e-05, 1.3350692825e-05, 1.02716639958e-05, 3.67567758985e-06, 3.20884197436e-07, 1.26439459791e-07, 2.92105397648e-07],
        "median": [5.00073760179e-09, 7.91348071516e-08, 4.53953930446e-07, 6.88144041305e-07, 6.55385292703e-06, 3.21983461617e-05, 4.22295352109e-06, 4.71369421575e-05, 1.21419134302e-05, 5.4704152717e-05, 1.54975514306e-05, 3.41411177942e-05, 7.28678423911e-06, 1.29536283566e-06, 7.03086357134e-07, 2.07358630178e-06, 1.67165160292e-06, 2.10108555621e-06, 2.41114491928e-07, 1.79251841814e-07, 8.82963888671e-08, 6.32963832459e-08, 3.23089608401e-08, 8.33361379904e-09, 2.89057666691e-09, 4.29755120379e-09, 2.75214205203e-07],
        "min": [8.43825065378e-10, 8.38290326044e-09, 2.4750988814e-08, 3.62341872062e-08, 5.97949920689e-08, 2.64139373485e-07, 2.80199685676e-07, 6.35602873444e-07, 1.34383910222e-07, 1.04238218057e-07, 2.20463078904e-08, 8.13129830135e-09, 9.00697649797e-09, 1.94851823565e-09, 2.31942598461e-09, 1.40612188559e-09, 1.50156509449e-09, 8.80087114297e-10, 1.3029980428e-09, 7.62434115842e-10, 6.88943124771e-10, 9.92956938894e-10, 3.93274940391e-10, 3.58854307381e-10, 1.85046963863e-10, 2.61483029673e-10, 4.58873472553e-09],
        "var": [5.82729815651e-16, 9.76508116583e-15, 6.80487133656e-13, 1.76438269377e-12, 1.29097477153e-09, 1.44580633332e-06, 6.71919320183e-09, 3.82445932701e-06, 8.78487824707e-08, 6.53179131405e-06, 5.14631537953e-05, 7.82046408858e-05, 1.67880518376e-08, 7.46854078582e-10, 1.16946438311e-07, 3.81643047831e-07, 2.11237498604e-08, 1.65825639442e-07, 8.00386374067e-07, 2.98922664399e-09, 1.50739385418e-08, 3.09564462952e-09, 2.15743845011e-09, 2.50253595624e-10, 2.08549215223e-12, 3.34251615101e-13, 1.25003504523e-14]
    },
    "erbbands": {
        "dmean": [8.52164134812e-07, 3.28166388499e-05, 0.000579310581088, 0.00234525324777, 0.0084752459079, 0.0821125805378, 1.27501916885, 6.34648227692, 1.73202085495, 7.71789264679, 23.4819965363, 4.82149648666, 25.844045639, 35.4569854736, 90.3625946045, 56.0952339172, 5.40664148331, 1.11330211163, 1.67612338066, 5.55503034592, 10.5080099106, 2.76291632652, 3.06202149391, 13.3962583542, 4.27707719803, 0.826658606529, 2.22604751587, 0.900641381741, 0.372834384441, 0.88354408741, 0.256077200174, 0.135111019015, 0.0351141914725, 0.00972088798881, 0.00175113684963, 0.000730651430786, 0.000363214581739, 4.51668092865e-05, 5.66059452467e-06, 8.7937223725e-06],
        "dmean2": [1.3289176195e-06, 5.5557986343e-05, 0.000966503226664, 0.00411442760378, 0.015534135513, 0.156791612506, 2.26676750183, 11.1037988663, 3.00144171715, 14.5704193115, 44.4709625244, 8.45416641235, 46.073890686, 60.3477935791, 126.471008301, 74.165687561, 8.49363517761, 2.01747083664, 2.77618408203, 7.47916603088, 18.5741500854, 4.9921245575, 4.79263401031, 22.2401123047, 5.6962890625, 1.27035808563, 3.92022180557, 1.32352626324, 0.615362465382, 1.40882360935, 0.408464878798, 0.213947057724, 0.0432879365981, 0.0142275784165, 0.0027758483775, 0.00124712986872, 0.00050005572848, 7.283679588e-05, 7.73615374783e-06, 1.33905532493e-05],
        "dvar": [7.19548877946e-13, 1.46329837136e-09, 4.03147510042e-07, 7.82896313467e-06, 0.000130099768285, 0.0403660871089, 10.9159097672, 221.612686157, 17.089422226, 301.902648926, 2527.2097168, 114.713363647, 5427.10302734, 9329.51464844, 70144.28125, 21171.1972656, 133.273345947, 5.07569408417, 25.6051521301, 417.083984375, 1115.67797852, 56.9591751099, 69.1797637939, 1557.93603516, 220.745742798, 5.29812908173, 48.1145248413, 8.05666828156, 1.67330670357, 10.1178531647, 0.597703039646, 0.262672930956, 0.0145545313135, 0.00122707604896, 4.41609845439e-05, 8.91853142093e-06, 2.07036850952e-06, 3.06964196284e-08, 1.71252970138e-10, 3.03759989384e-10],
        "dvar2": [1.48203346297e-12, 3.92968768637e-09, 1.10941277853e-06, 2.16302869376e-05, 0.000362172315363, 0.116389833391, 30.6890792847, 614.78326416, 46.534576416, 860.195068359, 7079.09472656, 316.108184814, 15505.2919922, 26141.84375, 117621.828125, 41487.1875, 309.208770752, 13.6777257919, 65.7216262817, 905.947937012, 2369.28710938, 150.992889404, 171.787307739, 3169.26928711, 369.158843994, 11.5677843094, 127.20954895, 16.5880832672, 4.31917619705, 24.7239780426, 1.27798140049, 0.679918110371, 0.0224143881351, 0.00252488232218, 0.0001022600336, 2.41101315623e-05, 3.03015099234e-06, 7.39048218179e-08, 3.16500103903e-10, 6.48177400642e-10],
        "max": [7.89891146269e-06, 0.000196352659259, 0.00375877018087, 0.0178079772741, 0.0635407343507, 0.97467893362, 16.3135738373, 74.5368423462, 20.774936676, 70.5129928589, 181.818054199, 53.2688446045, 398.019348145, 599.841796875, 1553.55285645, 1293.73205566, 78.9158554077, 10.9477701187, 29.8640842438, 151.31451416, 233.321044922, 45.6465034485, 56.4482383728, 224.770278931, 118.785224915, 15.6103515625, 35.7794532776, 19.3385982513, 7.05769395828, 16.4939002991, 4.66586637497, 2.75940847397, 1.059856534, 0.226035788655, 0.0339897051454, 0.0166078992188, 0.0110236611217, 0.000916776596569, 0.000101926882053, 0.000124648271594],
        "mean": [1.34587844514e-06, 4.28029015893e-05, 0.00064135401044, 0.00270953821018, 0.00926172826439, 0.0684833452106, 0.909151911736, 4.73775625229, 1.49467551708, 4.9567399025, 13.6344747543, 4.11004734039, 20.1696720123, 35.8554344177, 127.857879639, 101.498748779, 7.38648557663, 1.21388816833, 1.40690934658, 6.98529863358, 13.4047622681, 2.77539157867, 3.1675350666, 15.3305835724, 4.56837701797, 1.02710533142, 1.93045020103, 0.809326589108, 0.282032102346, 0.690956234932, 0.196339681745, 0.105791322887, 0.0362534299493, 0.00821213144809, 0.00132454209961, 0.000505919218995, 0.000322039268212, 3.81397912861e-05, 1.34123620228e-05, 1.74205579242e-05],
        "median": [9.63223669714e-07, 3.35946824634e-05, 0.000411393673858, 0.00178694399074, 0.00616418337449, 0.0300294607878, 0.0756351947784, 0.268851399422, 0.104508280754, 0.313638061285, 1.02292311192, 0.413691580296, 1.17515063286, 1.2828540802, 0.921158015728, 1.42953228951, 1.55320441723, 0.293126285076, 0.0805940255523, 0.0771542266011, 0.132583260536, 0.130683511496, 0.141859829426, 0.0436614565551, 0.00884510949254, 0.00738595519215, 0.00830447301269, 0.00308115943335, 0.00232361280359, 0.00173558585811, 0.000665257684886, 0.000267251714831, 0.000114394664706, 4.18772397097e-05, 1.96172914002e-05, 1.34135407279e-05, 8.603866263e-06, 6.24226458967e-06, 7.62535728427e-06, 8.4363609858e-06],
        "min": [2.36219946714e-07, 4.98919962411e-06, 4.84811971546e-05, 0.000163592994795, 0.000263803813141, 0.000127624371089, 0.000763798365369, 0.00262332172133, 0.0048213894479, 0.00715222675353, 0.0132499281317, 0.00513924285769, 0.00471980310977, 0.00211873836815, 0.000644398794975, 0.000307766109472, 0.000439672381617, 0.000109937405796, 0.000143404889968, 6.77652933518e-05, 0.00010475320596, 9.26105858525e-05, 4.8432728363e-05, 7.94176667114e-05, 3.91211469832e-05, 3.89825981983e-05, 1.33047551572e-05, 3.88524531445e-05, 3.33418574883e-05, 3.16076584568e-05, 7.6594433267e-06, 7.2338730206e-06, 5.6949897953e-06, 2.33548598771e-06, 1.11072472464e-06, 8.599650414e-07, 4.85406417283e-07, 1.6353430965e-07, 1.47465172518e-07, 1.30719172375e-07],
        "var": [1.5904058669e-12, 1.45055556455e-09, 4.24509948971e-07, 8.8140295702e-06, 0.000108266671305, 0.0241079609841, 7.21022701263, 159.763000488, 13.1910800934, 183.07649231, 1490.46240234, 93.6027755737, 3733.60864258, 10134.3701172, 114035.554688, 62366.3515625, 214.11932373, 4.41601657867, 19.9800205231, 467.866088867, 1632.90368652, 53.0163879395, 70.7810745239, 2120.01879883, 328.241821289, 9.73894691467, 46.2026824951, 9.50335121155, 1.28811085224, 8.61000919342, 0.58569419384, 0.214457601309, 0.0252511315048, 0.00131735461764, 3.56973796443e-05, 5.77807441005e-06, 2.41067527895e-06, 2.32841053105e-08, 2.96291907675e-10, 5.00927854752e-10]
    },
    "gfcc": {
        "mean": [-260.00692749, 102.243766785, -172.847991943, -43.4953460693, -70.5585784912, -31.5139560699, -18.2032756805, -22.5629577637, -17.2935504913, -25.024389267, -4.95994949341, 2.92815208435, -6.1268620491],
        "cov": [[13235.6777344, -1445.20666504, -5392.13232422, -52.0286483765, -1852.25817871, 63.9045677185, -179.151046753, 474.758972168, -261.137664795, -289.589050293, 705.880004883, 556.609191895, 475.320892334], [-1445.20666504, 654.67779541, 363.731506348, -207.223526001, 312.919769287, -148.182220459, 2.10550642014, -98.2923965454, 95.7764892578, 50.2977294922, 39.4612388611, -50.6199684143, -146.021514893], [-5392.13232422, 363.731506348, 2766.91259766, 207.466079712, 552.57208252, -12.0782108307, -48.8008956909, -176.168304443, 104.486190796, 198.775375366, -354.232879639, -277.792114258, -208.186462402], [-52.0286483765, -207.223526001, 207.466079712, 202.353775024, -51.660949707, 54.6403617859, 12.054567337, 42.2651634216, -21.7014598846, -13.5622720718, -52.0714797974, -35.6508216858, 42.9032974243], [-1852.25817871, 312.919769287, 552.57208252, -51.660949707, 481.631713867, 10.0734491348, 87.9664230347, -103.316871643, -14.6996192932, -23.513130188, -83.1930847168, -67.5796203613, -64.3406677246], [63.9045677185, -148.182220459, -12.0782108307, 54.6403617859, 10.0734491348, 142.233734131, 67.2704772949, 26.7608985901, -17.2320995331, -16.2722225189, -54.779045105, -9.66402339935, 29.2922687531], [-179.151046753, 2.10550642014, -48.8008956909, 12.054567337, 87.9664230347, 67.2704772949, 114.346656799, 17.0611228943, 0.776401519775, -30.1877365112, -45.1878089905, -14.9133739471, 26.9131584167], [474.758972168, -98.2923965454, -176.168304443, 42.2651634216, -103.316871643, 26.7608985901, 17.0611228943, 88.6010055542, 13.9092817307, 2.34621286392, 18.1063194275, 10.99979496, 24.141412735], [-261.137664795, 95.7764892578, 104.486190796, -21.7014598846, -14.6996192932, -17.2320995331, 0.776401519775, 13.9092817307, 72.6157150269, 43.708984375, -8.60759544373, -18.4704875946, -33.2134475708], [-289.589050293, 50.2977294922, 198.775375366, -13.5622720718, -23.513130188, -16.2722225189, -30.1877365112, 2.34621286392, 43.708984375, 73.9600753784, -4.42692422867, -16.2646541595, -38.2018890381], [705.880004883, 39.4612388611, -354.232879639, -52.0714797974, -83.1930847168, -54.779045105, -45.1878089905, 18.1063194275, -8.60759544373, -4.42692422867, 130.336608887, 48.6672515869, -7.25867557526], [556.609191895, -50.6199684143, -277.792114258, -35.6508216858, -67.5796203613, -9.66402339935, -14.9133739471, 10.99979496, -18.4704875946, -16.2646541595, 48.6672515869, 60.0505943298, 30.0345993042], [475.320892334, -146.021514893, -208.186462402, 42.9032974243, -64.3406677246, 29.2922687531, 26.9131584167, 24.141412735, -33.2134475708, -38.2018890381, -7.25867557526, 30.0345993042, 83.5980377197]],
        "icov": [[0.00174945639446, -0.00104401027784, 0.00351193011738, -0.00254823942669, 0.00307931378484, -0.00130226067267, 0.00289948051795, -0.000231850950513, 0.00434263516217, -0.00235019763932, 0.00199018488638, 0.000254092738032, 0.000975666625891], [-0.00104401027784, 0.0120603069663, -0.00303086661734, 0.00811736192554, -0.0067849624902, 0.00742099620402, -0.00565066142008, 0.00284230313264, -0.0145954312757, 0.00476490147412, -0.00936669297516, 0.00567263318226, 0.00199154159054], [0.00351193011738, -0.00303086661734, 0.00944138411433, -0.0087036266923, 0.00425855489448, -0.00239445595071, 0.00872674863786, 0.000715160917025, 0.00925057195127, -0.00973107758909, 0.00866917427629, 0.00137603573967, 0.00330415507779], [-0.00254823942669, 0.00811736192554, -0.0087036266923, 0.0224843733013, -0.00391026912257, 0.00266847154126, -0.0052599767223, -0.00543863838539, -0.00924643035978, 0.0124486759305, -0.0116279814392, 0.0138117065653, -0.00918396748602], [0.00307931378484, -0.0067849624902, 0.00425855489448, -0.00391026912257, 0.0154438037425, -0.00423421245068, -0.00205744430423, 0.00138287839945, 0.0168524645269, -0.000113610905828, 0.00460596056655, -0.00182090804446, 0.0045828577131], [-0.00130226067267, 0.00742099620402, -0.00239445595071, 0.00266847154126, -0.00423421245068, 0.018912082538, -0.0127354133874, -8.80891675479e-05, -0.00348519952968, -0.000611435098108, 0.000522436748724, -0.000638812896796, 0.00588494027033], [0.00289948051795, -0.00565066142008, 0.00872674863786, -0.0052599767223, -0.00205744430423, -0.0127354133874, 0.0351554304361, -0.00769855407998, 0.000880076317117, -0.00161949801259, 0.0107894577086, 0.00764350686222, -0.0103393411264], [-0.000231850950513, 0.00284230313264, 0.000715160917025, -0.00543863838539, 0.00138287839945, -8.80891675479e-05, -0.00769855407998, 0.0253328420222, -0.0100532351062, -0.00307179801166, -0.0057559129782, -0.000308437389322, 0.00132626562845], [0.00434263516217, -0.0145954312757, 0.00925057195127, -0.00924643035978, 0.0168524645269, -0.00348519952968, 0.000880076317117, -0.0100532351062, 0.0560857914388, -0.0224040597677, 0.0176353659481, -0.00230423407629, 0.0088123716414], [-0.00235019763932, 0.00476490147412, -0.00973107758909, 0.0124486759305, -0.000113610905828, -0.000611435098108, -0.00161949801259, -0.00307179801166, -0.0224040597677, 0.0425292328, -0.0107212681323, 0.000396946707042, 0.0020585260354], [0.00199018488638, -0.00936669297516, 0.00866917427629, -0.0116279814392, 0.00460596056655, 0.000522436748724, 0.0107894577086, -0.0057559129782, 0.0176353659481, -0.0107212681323, 0.0330859534442, -0.0141912950203, 0.0115091400221], [0.000254092738032, 0.00567263318226, 0.00137603573967, 0.0138117065653, -0.00182090804446, -0.000638812896796, 0.00764350686222, -0.000308437389322, -0.00230423407629, 0.000396946707042, -0.0141912950203, 0.0544964894652, -0.0202925037593], [0.000975666625891, 0.00199154159054, 0.00330415507779, -0.00918396748602, 0.0045828577131, 0.00588494027033, -0.0103393411264, 0.00132626562845, 0.0088123716414, 0.0020585260354, 0.0115091400221, -0.0202925037593, 0.0399773791432]]
    },
    "melbands": {
        "dmean": [1.28268560218e-08, 2.11469867395e-07, 4.4357645379e-07, 2.03054923986e-06, 3.70698289771e-05, 0.000131123626488, 2.22776543524e-05, 0.000138829069328, 0.00015931816597, 2.23398037633e-05, 0.000136455273605, 0.000136961432872, 0.000306553120026, 0.00031441450119, 3.41331215168e-05, 7.50246681491e-06, 1.32074467274e-06, 1.4422695358e-06, 8.45245358505e-06, 5.66923017686e-06, 1.47322898556e-05, 3.12326073981e-06, 1.09397444703e-06, 5.01062231706e-06, 1.24883381432e-05, 7.3919704846e-06, 2.5674020776e-07, 5.65532616292e-07, 1.40174745411e-06, 7.65361221511e-07, 5.09486426381e-07, 2.13261742488e-07, 2.81465531771e-07, 5.58575209197e-07, 1.35517993272e-07, 9.45474027958e-08, 7.47761959019e-08, 2.17351168175e-08, 1.53510537615e-08, 6.47602060866e-09],
        "dmean2": [2.14151256728e-08, 3.58373142717e-07, 7.72462328769e-07, 3.84729491998e-06, 6.58600911265e-05, 0.000228566466831, 3.83302394766e-05, 0.000264471804257, 0.000299994339002, 3.91194444092e-05, 0.000245824747253, 0.000251425488386, 0.000363970757462, 0.000417072005803, 4.74049338663e-05, 1.36135240609e-05, 2.39172391048e-06, 2.6751988571e-06, 1.20795830298e-05, 7.19016952644e-06, 2.5121440558e-05, 5.62974355489e-06, 1.84649093171e-06, 7.15251189831e-06, 2.08429919439e-05, 9.4678489404e-06, 4.2173681436e-07, 9.48596152739e-07, 2.38610982706e-06, 1.36636310799e-06, 8.06967932476e-07, 3.99567824161e-07, 3.46930960404e-07, 9.5941015843e-07, 2.01072140271e-07, 1.76075090508e-07, 1.00773746681e-07, 2.42786821758e-08, 2.22346852041e-08, 1.00091064326e-08],
        "dvar": [1.94470572293e-16, 5.49707950329e-14, 2.17617102723e-13, 1.48454495225e-11, 9.1566754179e-09, 9.48525595845e-08, 2.86213475142e-09, 9.63596846759e-08, 1.1426757851e-07, 2.87783685771e-09, 1.5748196347e-07, 1.39774854802e-07, 8.40427446747e-07, 7.98114285772e-07, 7.30473059818e-09, 2.79596762409e-10, 7.42733218678e-12, 1.54080463666e-11, 1.13084597242e-09, 2.31021840547e-10, 2.04376204849e-09, 1.0226595959e-10, 6.81109118758e-12, 3.72352260136e-10, 1.37989342175e-09, 7.46080863756e-10, 6.13673445827e-13, 3.15082031646e-12, 1.96009770914e-11, 5.4253867024e-12, 3.2253119446e-12, 7.7262572425e-13, 1.16276530505e-12, 4.70651035506e-12, 1.5912945061e-13, 1.79917509385e-13, 7.08863984221e-14, 5.57776108558e-15, 2.94583744198e-15, 6.38137575923e-16],
        "dvar2": [5.01851457018e-16, 1.45609083601e-13, 6.37920651633e-13, 4.23520211956e-11, 2.57362717804e-08, 2.62782776872e-07, 7.75404718212e-09, 2.74206399808e-07, 3.1858084526e-07, 8.12710876374e-09, 4.51250969036e-07, 4.06435106015e-07, 1.61036405188e-06, 1.71455496911e-06, 1.46345078278e-08, 7.70420005569e-10, 2.0420946184e-11, 4.39610466085e-11, 2.77105893787e-09, 3.41441375173e-10, 4.53271065126e-09, 2.86388607273e-10, 1.72983346397e-11, 8.85684192653e-10, 2.84002488193e-09, 1.27529475868e-09, 1.62948506684e-12, 6.42170821727e-12, 5.17151807489e-11, 1.31587110999e-11, 7.7069245083e-12, 2.25563187919e-12, 1.11657688304e-12, 1.30061343639e-11, 2.0567674354e-13, 5.30682377382e-13, 1.32662137569e-13, 5.89738092141e-15, 6.06903765389e-15, 1.2619336135e-15],
        "max": [7.4550726481e-08, 1.37770575748e-06, 3.17356079904e-06, 1.99895239348e-05, 0.000473861320643, 0.0015476589324, 0.000271255907137, 0.00124641798902, 0.00120946753304, 0.000289194576908, 0.00214666360989, 0.00200872472487, 0.0060479445383, 0.00783559959382, 0.000656340853311, 7.91321799625e-05, 1.31748311105e-05, 2.10115686059e-05, 0.000213961466216, 0.000117745461466, 0.000328304595314, 6.62445600028e-05, 1.59313876793e-05, 0.000134519359563, 0.000215147301788, 0.000216159183765, 4.31440503235e-06, 1.28093142848e-05, 2.46923627856e-05, 1.27730199893e-05, 9.7451147667e-06, 5.13725353812e-06, 1.01324903881e-05, 1.20628965306e-05, 3.28870669364e-06, 2.43573640546e-06, 1.99610258278e-06, 7.62248191677e-07, 3.89296900494e-07, 1.51649558688e-07],
        "mean": [1.87525923678e-08, 2.41324443095e-07, 5.46333410512e-07, 1.89409036011e-06, 2.63899964921e-05, 9.85828810371e-05, 1.99143560167e-05, 8.4682724264e-05, 9.37676450121e-05, 2.10248254007e-05, 0.000105007362436, 0.000132431319798, 0.000340390834026, 0.000467843085062, 5.2307437727e-05, 6.75234059599e-06, 1.24932773815e-06, 1.10052042146e-06, 7.73562805989e-06, 9.57648535405e-06, 1.73620337591e-05, 2.48121682489e-06, 1.05104277281e-06, 4.58028716821e-06, 1.41682066896e-05, 7.34996501706e-06, 2.1876412859e-07, 6.97214034062e-07, 1.21434925404e-06, 7.51426853185e-07, 4.19616156933e-07, 1.30743714521e-07, 2.83808645918e-07, 3.9134155827e-07, 1.11296046157e-07, 5.83102135465e-08, 7.00171440826e-08, 2.44532962768e-08, 1.51361536638e-08, 4.92730034551e-09],
        "median": [1.33249864476e-08, 1.51278200633e-07, 4.1808033302e-07, 1.1189451925e-06, 2.41302154791e-06, 5.89938053963e-06, 1.41901205097e-06, 4.86849012304e-06, 7.75933585828e-06, 2.16268904296e-06, 6.56284601064e-06, 5.94880111748e-06, 1.93341952581e-06, 4.65082985102e-06, 1.54240240136e-06, 7.5304086522e-07, 3.20414528687e-07, 5.84188697417e-08, 7.03315308215e-08, 7.99978394639e-08, 1.73851233853e-07, 1.03299683474e-07, 1.49387673787e-07, 9.11655106961e-08, 1.51075383314e-08, 8.27887980392e-09, 2.82634071702e-09, 5.75627812083e-09, 5.36864153133e-09, 2.53682252982e-09, 1.63421975952e-09, 1.27774313352e-09, 8.9474005982e-10, 8.07250100099e-10, 4.33731578431e-10, 1.95214705512e-10, 1.00182279139e-10, 8.45923955883e-11, 4.62666502332e-11, 2.85879427769e-11],
        "min": [1.87223525572e-09, 1.21518057838e-08, 3.23986633077e-08, 1.38158284813e-08, 2.13074784483e-08, 5.78383350103e-08, 6.40919282091e-08, 9.12487934102e-08, 8.50058725632e-08, 2.68097331002e-08, 2.2579706993e-08, 8.75781225318e-09, 2.51282572528e-09, 1.10333853165e-09, 8.74896100012e-10, 7.1461914164e-10, 1.4333260967e-10, 2.35687747097e-10, 1.6589773999e-10, 5.31687194272e-11, 1.29787403047e-10, 1.09817113736e-10, 4.8541538844e-11, 3.39053056464e-11, 7.18763451535e-11, 3.92662499737e-11, 2.69757636367e-11, 2.40792785017e-11, 7.28755684271e-12, 6.10905857151e-12, 3.09902936646e-11, 1.71939962268e-11, 2.06194609997e-11, 1.59690524693e-11, 4.17336694716e-12, 2.62793237692e-12, 5.11480181126e-12, 4.95945125245e-12, 2.2213086405e-12, 1.70900685097e-12],
        "var": [2.52373148997e-16, 5.76310781866e-14, 2.56541885174e-13, 9.49434714875e-12, 6.05034289336e-09, 6.86851322484e-08, 2.26547891558e-09, 5.70096894137e-08, 6.84883971758e-08, 2.46373654811e-09, 1.05742564926e-07, 1.37719254667e-07, 1.06111838249e-06, 1.55915802225e-06, 1.90003071054e-08, 2.0530541156e-10, 6.03456997914e-12, 1.11365881794e-11, 8.16388012748e-10, 6.38027630728e-10, 3.01246605439e-09, 7.70767755176e-11, 6.07254090762e-12, 3.22421589427e-10, 1.86347914877e-09, 1.06789210808e-09, 5.18501257554e-13, 5.64144130716e-12, 1.8426187659e-11, 6.54194320243e-12, 2.89976072668e-12, 4.33752534758e-13, 1.8635837231e-12, 3.09973617954e-12, 2.06683506573e-13, 9.88456481921e-14, 9.59441334432e-14, 1.20840752633e-14, 4.15429723025e-15, 5.60246649555e-16]
    },
    "mfcc": {
        "mean": [-882.003479004, 136.373016357, -36.8964080811, -30.9693927765, -34.6787452698, -25.1016101837, -14.1408023834, 0.634338259697, -11.9803371429, -23.6573410034, -14.4721126556, 1.1874550581, -1.96323978901],
        "cov": [[13397.1074219, -633.256530762, -4368.03417969, -341.849517822, -2381.79785156, -728.067321777, -521.561279297, 374.414520264, -256.148773193, -279.106781006, -901.444335938, -161.351425171, 1005.9397583], [-633.256530762, 699.703125, -114.394241333, -141.172805786, 175.732208252, -86.1273040771, 11.5852870941, -72.4011764526, -86.8674545288, -143.746444702, 133.92048645, 179.4427948, -60.7639350891], [-4368.03417969, -114.394241333, 1988.60900879, 198.922058105, 744.395812988, 277.164489746, 60.6624145508, -220.920669556, 22.7237148285, 213.196792603, 365.598144531, 0.771712005138, -459.109069824], [-341.849517822, -141.172805786, 198.922058105, 174.556732178, 42.4657707214, 38.1916770935, 3.33715820312, 13.9363269806, 36.7435112, 56.6338310242, -15.5215778351, -64.5122375488, 15.921210289], [-2381.79785156, 175.732208252, 744.395812988, 42.4657707214, 493.608520508, 129.608306885, 115.037185669, -60.2153396606, 24.6977119446, 33.3314590454, 158.017379761, 17.243024826, -170.786270142], [-728.067321777, -86.1273040771, 277.164489746, 38.1916770935, 129.608306885, 134.499771118, 74.7271347046, 20.6698951721, 55.260559082, 43.9717788696, 13.4329662323, -31.3263950348, -38.0800971985], [-521.561279297, 11.5852870941, 60.6624145508, 3.33715820312, 115.037185669, 74.7271347046, 129.761047363, 50.8981513977, 70.1244735718, 10.7044229507, -21.1915721893, -31.0809020996, 18.8725700378], [374.414520264, -72.4011764526, -220.920669556, 13.9363269806, -60.2153396606, 20.6698951721, 50.8981513977, 99.7997665405, 51.7409324646, 2.24956798553, -81.4124603271, -49.4122428894, 89.4642791748], [-256.148773193, -86.8674545288, 22.7237148285, 36.7435112, 24.6977119446, 55.260559082, 70.1244735718, 51.7409324646, 128.609146118, 54.0448875427, -38.6483573914, -30.4273700714, 31.8985958099], [-279.106781006, -143.746444702, 213.196792603, 56.6338310242, 33.3314590454, 43.9717788696, 10.7044229507, 2.24956798553, 54.0448875427, 98.7945022583, 22.6092357635, -30.5397911072, -21.5575027466], [-901.444335938, 133.92048645, 365.598144531, -15.5215778351, 158.017379761, 13.4329662323, -21.1915721893, -81.4124603271, -38.6483573914, 22.6092357635, 181.327606201, 104.029022217, -132.494781494], [-161.351425171, 179.4427948, 0.771712005138, -64.5122375488, 17.243024826, -31.3263950348, -31.0809020996, -49.4122428894, -30.4273700714, -30.5397911072, 104.029022217, 127.515182495, -41.3441314697], [1005.9397583, -60.7639350891, -459.109069824, 15.921210289, -170.786270142, -38.0800971985, 18.8725700378, 89.4642791748, 31.8985958099, -21.5575027466, -132.494781494, -41.3441314697, 204.757705688]],
